1704
4
	0 0
	2816 0
	2816 32
	0 32
4
	5888 0
	10592 0
	10592 32
	5888 32
4
	10624 0
	10656 0
	10656 32
	10624 32
4
	12896 0
	16384 0
	16384 32
	12896 32
4
	0 32
	2816 32
	2816 64
	0 64
4
	5888 32
	10656 32
	10656 64
	5888 64
4
	12832 32
	16384 32
	16384 64
	12832 64
4
	0 64
	2016 64
	2016 96
	0 96
4
	2048 64
	2816 64
	2816 96
	2048 96
4
	5888 64
	10656 64
	10656 96
	5888 96
4
	12832 64
	16384 64
	16384 96
	12832 96
4
	0 96
	2016 96
	2016 128
	0 128
4
	2048 96
	2816 96
	2816 128
	2048 128
4
	5824 96
	10688 96
	10688 128
	5824 128
4
	12800 96
	16384 96
	16384 128
	12800 128
4
	0 128
	2016 128
	2016 160
	0 160
4
	2048 128
	2560 128
	2560 160
	2048 160
4
	5696 128
	5856 128
	5856 160
	5696 160
4
	5952 128
	10688 128
	10688 160
	5952 160
4
	12832 128
	16384 128
	16384 160
	12832 160
4
	0 160
	1952 160
	1952 192
	0 192
4
	2048 160
	2560 160
	2560 192
	2048 192
4
	5632 160
	5856 160
	5856 192
	5632 192
4
	5952 160
	10624 160
	10624 192
	5952 192
4
	12896 160
	16384 160
	16384 192
	12896 192
4
	0 192
	1760 192
	1760 224
	0 224
4
	2048 192
	2560 192
	2560 224
	2048 224
4
	5664 192
	5824 192
	5824 224
	5664 224
4
	5888 192
	10496 192
	10496 224
	5888 224
4
	12864 192
	13024 192
	13024 224
	12864 224
4
	13056 192
	16384 192
	16384 224
	13056 224
4
	0 224
	1792 224
	1792 256
	0 256
4
	2016 224
	2560 224
	2560 256
	2016 256
4
	5888 224
	10496 224
	10496 256
	5888 256
4
	10592 224
	10624 224
	10624 256
	10592 256
4
	10976 224
	11008 224
	11008 256
	10976 256
4
	12192 224
	12224 224
	12224 256
	12192 256
4
	13056 224
	16384 224
	16384 256
	13056 256
4
	0 256
	1792 256
	1792 288
	0 288
4
	5728 256
	10624 256
	10624 288
	5728 288
4
	10784 256
	11008 256
	11008 288
	10784 288
4
	11872 256
	12224 256
	12224 288
	11872 288
4
	13056 256
	16384 256
	16384 288
	13056 288
4
	0 288
	1792 288
	1792 320
	0 320
4
	5664 288
	10624 288
	10624 320
	5664 320
4
	10656 288
	10688 288
	10688 320
	10656 320
4
	10720 288
	10976 288
	10976 320
	10720 320
4
	11872 288
	12224 288
	12224 320
	11872 320
4
	12256 288
	12288 288
	12288 320
	12256 320
4
	13056 288
	16384 288
	16384 320
	13056 320
4
	0 320
	1792 320
	1792 352
	0 352
4
	5664 320
	10688 320
	10688 352
	5664 352
4
	10720 320
	10752 320
	10752 352
	10720 352
4
	10784 320
	10912 320
	10912 352
	10784 352
4
	11776 320
	12288 320
	12288 352
	11776 352
4
	13056 320
	16384 320
	16384 352
	13056 352
4
	0 352
	1792 352
	1792 384
	0 384
4
	3136 352
	3168 352
	3168 384
	3136 384
4
	3712 352
	3744 352
	3744 384
	3712 384
4
	4192 352
	4224 352
	4224 384
	4192 384
4
	5632 352
	10752 352
	10752 384
	5632 384
4
	10880 352
	10912 352
	10912 384
	10880 384
4
	11360 352
	11392 352
	11392 384
	11360 384
4
	11776 352
	12288 352
	12288 384
	11776 384
4
	12416 352
	12448 352
	12448 384
	12416 384
4
	13024 352
	16384 352
	16384 384
	13024 384
4
	0 384
	1536 384
	1536 416
	0 416
4
	2976 384
	3168 384
	3168 416
	2976 416
4
	3392 384
	3776 384
	3776 416
	3392 416
4
	3904 384
	4224 384
	4224 416
	3904 416
4
	5664 384
	10912 384
	10912 416
	5664 416
4
	11072 384
	11392 384
	11392 416
	11072 416
4
	11616 384
	12448 384
	12448 416
	11616 416
4
	13312 384
	16384 384
	16384 416
	13312 416
4
	0 416
	1536 416
	1536 448
	0 448
4
	2976 416
	3168 416
	3168 448
	2976 448
4
	3392 416
	3776 416
	3776 448
	3392 448
4
	3904 416
	4224 416
	4224 448
	3904 448
4
	4320 416
	4352 416
	4352 448
	4320 448
4
	5728 416
	10912 416
	10912 448
	5728 448
4
	11072 416
	11392 416
	11392 448
	11072 448
4
	11616 416
	12448 416
	12448 448
	11616 448
4
	12512 416
	12544 416
	12544 448
	12512 448
4
	13312 416
	16384 416
	16384 448
	13312 448
4
	0 448
	1536 448
	1536 480
	0 480
4
	2816 448
	4352 448
	4352 480
	2816 480
4
	5696 448
	5856 448
	5856 480
	5696 480
4
	5920 448
	12544 448
	12544 480
	5920 480
4
	13312 448
	16384 448
	16384 480
	13312 480
4
	0 480
	1536 480
	1536 512
	0 512
4
	2816 480
	4352 480
	4352 512
	2816 512
4
	4480 480
	4512 480
	4512 512
	4480 512
4
	5920 480
	12544 480
	12544 512
	5920 512
4
	12608 480
	12640 480
	12640 512
	12608 512
4
	13280 480
	16384 480
	16384 512
	13280 512
4
	0 512
	1280 512
	1280 544
	0 544
4
	2688 512
	4512 512
	4512 544
	2688 544
4
	5792 512
	12640 512
	12640 544
	5792 544
4
	12672 512
	12704 512
	12704 544
	12672 544
4
	14464 512
	16384 512
	16384 544
	14464 544
4
	0 544
	1280 544
	1280 576
	0 576
4
	2592 544
	4512 544
	4512 576
	2592 576
4
	4576 544
	4608 544
	4608 576
	4576 576
4
	5792 544
	12704 544
	12704 576
	5792 576
4
	14400 544
	16384 544
	16384 576
	14400 576
4
	0 576
	1280 576
	1280 608
	0 608
4
	2592 576
	4608 576
	4608 608
	2592 608
4
	5632 576
	12704 576
	12704 608
	5632 608
4
	14400 576
	16384 576
	16384 608
	14400 608
4
	0 608
	1280 608
	1280 640
	0 640
4
	2560 608
	4608 608
	4608 640
	2560 640
4
	4672 608
	4704 608
	4704 640
	4672 640
4
	5216 608
	5248 608
	5248 640
	5216 640
4
	5632 608
	12736 608
	12736 640
	5632 640
4
	14400 608
	16384 608
	16384 640
	14400 640
4
	0 640
	1024 640
	1024 672
	0 672
4
	2592 640
	4704 640
	4704 672
	2592 672
4
	4960 640
	5248 640
	5248 672
	4960 672
4
	5504 640
	12736 640
	12736 672
	5504 672
4
	14400 640
	16384 640
	16384 672
	14400 672
4
	0 672
	1024 672
	1024 704
	0 704
4
	2656 672
	4704 672
	4704 704
	2656 704
4
	4832 672
	4864 672
	4864 704
	4832 704
4
	4928 672
	5248 672
	5248 704
	4928 704
4
	5504 672
	12672 672
	12672 704
	5504 704
4
	14368 672
	14592 672
	14592 704
	14368 704
4
	14624 672
	16384 672
	16384 704
	14624 704
4
	0 704
	1024 704
	1024 736
	0 736
4
	2624 704
	2784 704
	2784 736
	2624 736
4
	2816 704
	4864 704
	4864 736
	2816 736
4
	4928 704
	12544 704
	12544 736
	4928 736
4
	14400 704
	14560 704
	14560 736
	14400 736
4
	14624 704
	16384 704
	16384 736
	14624 736
4
	0 736
	1024 736
	1024 768
	0 768
4
	1920 736
	1952 736
	1952 768
	1920 768
4
	2816 736
	12544 736
	12544 768
	2816 768
4
	14624 736
	16384 736
	16384 768
	14624 768
4
	0 768
	256 768
	256 800
	0 800
4
	320 768
	448 768
	448 800
	320 800
4
	1632 768
	1984 768
	1984 800
	1632 800
4
	2816 768
	12544 768
	12544 800
	2816 800
4
	14592 768
	16384 768
	16384 800
	14592 800
4
	0 800
	480 800
	480 832
	0 832
4
	1600 800
	1984 800
	1984 832
	1600 832
4
	2016 800
	2048 800
	2048 832
	2016 832
4
	2816 800
	12544 800
	12544 832
	2816 832
4
	14592 800
	16384 800
	16384 832
	14592 832
4
	0 832
	256 832
	256 864
	0 864
4
	320 832
	480 832
	480 864
	320 864
4
	1536 832
	2048 832
	2048 864
	1536 864
4
	2816 832
	12544 832
	12544 864
	2816 864
4
	14592 832
	14848 832
	14848 864
	14592 864
4
	14912 832
	16384 832
	16384 864
	14912 864
4
	255 895
	257 895
	257 897
	255 897
4
	0 864
	256 864
	256 896
	0 896
4
	288 864
	480 864
	480 896
	288 896
4
	1504 864
	2048 864
	2048 896
	1504 896
4
	2176 864
	2208 864
	2208 896
	2176 896
4
	2784 864
	12544 864
	12544 896
	2784 896
4
	13952 864
	13984 864
	13984 896
	13952 896
4
	14560 864
	14848 864
	14848 896
	14560 896
4
	14912 864
	16384 864
	16384 896
	14912 896
4
	256 896
	480 896
	480 928
	256 928
4
	1408 896
	2208 896
	2208 928
	1408 928
4
	3072 896
	12288 896
	12288 928
	3072 928
4
	13696 896
	14016 896
	14016 928
	13696 928
4
	14880 896
	16384 896
	16384 928
	14880 928
4
	320 928
	416 928
	416 960
	320 960
4
	1312 928
	2208 928
	2208 960
	1312 960
4
	2272 928
	2304 928
	2304 960
	2272 960
4
	3072 928
	12288 928
	12288 960
	3072 960
4
	13696 928
	14016 928
	14016 960
	13696 960
4
	14944 928
	16384 928
	16384 960
	14944 960
4
	1280 960
	2304 960
	2304 992
	1280 992
4
	3072 960
	12288 960
	12288 992
	3072 992
4
	13632 960
	14016 960
	14016 992
	13632 992
4
	14048 960
	14080 960
	14080 992
	14048 992
4
	14912 960
	15072 960
	15072 992
	14912 992
4
	15104 960
	16384 960
	16384 992
	15104 992
4
	1280 992
	2304 992
	2304 1024
	1280 1024
4
	2432 992
	2464 992
	2464 1024
	2432 1024
4
	3040 992
	12288 992
	12288 1024
	3040 1024
4
	13568 992
	14080 992
	14080 1024
	13568 1024
4
	14176 992
	14208 992
	14208 1024
	14176 1024
4
	15104 992
	16384 992
	16384 1024
	15104 1024
4
	1184 1024
	2496 1024
	2496 1056
	1184 1056
4
	3840 1024
	11520 1024
	11520 1056
	3840 1056
4
	13440 1024
	14208 1024
	14208 1056
	13440 1056
4
	15104 1024
	16384 1024
	16384 1056
	15104 1056
4
	1184 1056
	2496 1056
	2496 1088
	1184 1088
4
	2528 1056
	2560 1056
	2560 1088
	2528 1088
4
	3840 1056
	11520 1056
	11520 1088
	3840 1088
4
	13344 1056
	14208 1056
	14208 1088
	13344 1088
4
	14304 1056
	14336 1056
	14336 1088
	14304 1088
4
	15104 1056
	16384 1056
	16384 1088
	15104 1088
4
	1024 1088
	2560 1088
	2560 1120
	1024 1120
4
	3840 1088
	11520 1088
	11520 1120
	3840 1120
4
	13344 1088
	14336 1088
	14336 1120
	13344 1120
4
	15104 1088
	16384 1088
	16384 1120
	15104 1120
4
	1024 1120
	2560 1120
	2560 1152
	1024 1152
4
	2656 1120
	2688 1120
	2688 1152
	2656 1152
4
	3808 1120
	11520 1120
	11520 1152
	3808 1152
4
	13312 1120
	14336 1120
	14336 1152
	13312 1152
4
	14400 1120
	14432 1120
	14432 1152
	14400 1152
4
	15072 1120
	16384 1120
	16384 1152
	15072 1152
4
	896 1152
	2688 1152
	2688 1184
	896 1184
4
	2720 1152
	2752 1152
	2752 1184
	2720 1184
4
	4608 1152
	10752 1152
	10752 1184
	4608 1184
4
	13376 1152
	14432 1152
	14432 1184
	13376 1184
4
	15360 1152
	16384 1152
	16384 1184
	15360 1184
4
	832 1184
	2784 1184
	2784 1216
	832 1216
4
	4608 1184
	10752 1184
	10752 1216
	4608 1216
4
	13344 1184
	14432 1184
	14432 1216
	13344 1216
4
	14560 1184
	14592 1184
	14592 1216
	14560 1216
4
	15360 1184
	16384 1184
	16384 1216
	15360 1216
4
	832 1216
	2784 1216
	2784 1248
	832 1248
4
	4608 1216
	10752 1216
	10752 1248
	4608 1248
4
	13376 1216
	13536 1216
	13536 1248
	13376 1248
4
	13568 1216
	14592 1216
	14592 1248
	13568 1248
4
	15360 1216
	16384 1216
	16384 1248
	15360 1248
4
	832 1248
	2784 1248
	2784 1280
	832 1280
4
	4576 1248
	10752 1248
	10752 1280
	4576 1280
4
	13568 1248
	14592 1248
	14592 1280
	13568 1280
4
	14720 1248
	14752 1248
	14752 1280
	14720 1280
4
	15328 1248
	16384 1248
	16384 1280
	15328 1280
4
	832 1280
	2784 1280
	2784 1312
	832 1312
4
	5216 1280
	10496 1280
	10496 1312
	5216 1312
4
	13440 1280
	14784 1280
	14784 1312
	13440 1312
4
	15616 1280
	16384 1280
	16384 1312
	15616 1312
4
	800 1312
	2720 1312
	2720 1344
	800 1344
4
	5152 1312
	10496 1312
	10496 1344
	5152 1344
4
	13440 1312
	14784 1312
	14784 1344
	13440 1344
4
	15616 1312
	16384 1312
	16384 1344
	15616 1344
4
	832 1344
	992 1344
	992 1376
	832 1376
4
	1024 1344
	2528 1344
	2528 1376
	1024 1376
4
	5152 1344
	10496 1344
	10496 1376
	5152 1376
4
	13376 1344
	14784 1344
	14784 1376
	13376 1376
4
	15616 1344
	16384 1344
	16384 1376
	15616 1376
4
	1024 1376
	2560 1376
	2560 1408
	1024 1408
4
	5120 1376
	10496 1376
	10496 1408
	5120 1408
4
	13312 1376
	14784 1376
	14784 1408
	13312 1408
4
	15584 1376
	16384 1376
	16384 1408
	15584 1408
4
	896 1408
	2560 1408
	2560 1440
	896 1440
4
	5152 1408
	10240 1408
	10240 1440
	5152 1440
4
	13152 1408
	14752 1408
	14752 1440
	13152 1440
4
	15872 1408
	16384 1408
	16384 1440
	15872 1440
4
	800 1440
	2560 1440
	2560 1472
	800 1472
4
	5216 1440
	10240 1440
	10240 1472
	5216 1472
4
	13088 1440
	14624 1440
	14624 1472
	13088 1472
4
	15872 1440
	16384 1440
	16384 1472
	15872 1472
4
	800 1472
	2560 1472
	2560 1504
	800 1504
4
	5184 1472
	5344 1472
	5344 1504
	5184 1504
4
	5376 1472
	10240 1472
	10240 1504
	5376 1504
4
	13088 1472
	14592 1472
	14592 1504
	13088 1504
4
	15872 1472
	16384 1472
	16384 1504
	15872 1504
4
	768 1504
	2560 1504
	2560 1536
	768 1536
4
	5376 1504
	10240 1504
	10240 1536
	5376 1536
4
	13088 1504
	14592 1504
	14592 1536
	13088 1536
4
	15840 1504
	16384 1504
	16384 1536
	15840 1536
4
	832 1536
	2496 1536
	2496 1568
	832 1568
4
	5376 1536
	9984 1536
	9984 1568
	5376 1568
4
	13056 1536
	14592 1536
	14592 1568
	13056 1568
4
	15904 1536
	16064 1536
	16064 1568
	15904 1568
4
	16128 1536
	16384 1536
	16384 1568
	16128 1568
4
	800 1568
	2496 1568
	2496 1600
	800 1600
4
	5376 1568
	9984 1568
	9984 1600
	5376 1600
4
	13152 1568
	14592 1568
	14592 1600
	13152 1600
4
	15968 1568
	16064 1568
	16064 1600
	15968 1600
4
	16128 1568
	16384 1568
	16384 1600
	16128 1600
4
	832 1600
	992 1600
	992 1632
	832 1632
4
	1024 1600
	2496 1600
	2496 1632
	1024 1632
4
	5376 1600
	9984 1600
	9984 1632
	5376 1632
4
	13312 1600
	14592 1600
	14592 1632
	13312 1632
4
	15904 1600
	16064 1600
	16064 1632
	15904 1632
4
	16128 1600
	16384 1600
	16384 1632
	16128 1632
4
	1024 1632
	2528 1632
	2528 1664
	1024 1664
4
	5344 1632
	9984 1632
	9984 1664
	5344 1664
4
	13312 1632
	14592 1632
	14592 1664
	13312 1664
4
	15936 1632
	16032 1632
	16032 1664
	15936 1664
4
	16096 1632
	16384 1632
	16384 1664
	16096 1664
4
	864 1664
	2528 1664
	2528 1696
	864 1696
4
	5472 1664
	9920 1664
	9920 1696
	5472 1696
4
	13312 1664
	14432 1664
	14432 1696
	13312 1696
4
	14464 1664
	14496 1664
	14496 1696
	14464 1696
4
	16224 1664
	16384 1664
	16384 1696
	16224 1696
4
	800 1696
	2464 1696
	2464 1728
	800 1728
4
	5408 1696
	9920 1696
	9920 1728
	5408 1728
4
	13312 1696
	14496 1696
	14496 1728
	13312 1728
4
	16160 1696
	16384 1696
	16384 1728
	16160 1728
4
	800 1728
	2304 1728
	2304 1760
	800 1760
4
	5408 1728
	9920 1728
	9920 1760
	5408 1760
4
	13312 1728
	14496 1728
	14496 1760
	13312 1760
4
	16160 1728
	16384 1728
	16384 1760
	16160 1760
4
	768 1760
	2304 1760
	2304 1792
	768 1792
4
	2400 1760
	2432 1760
	2432 1792
	2400 1792
4
	5408 1760
	9920 1760
	9920 1792
	5408 1792
4
	13280 1760
	14496 1760
	14496 1792
	13280 1792
4
	14528 1760
	14560 1760
	14560 1792
	14528 1792
4
	16128 1760
	16384 1760
	16384 1792
	16128 1792
4
	800 1792
	2432 1792
	2432 1824
	800 1824
4
	2464 1792
	2496 1792
	2496 1824
	2464 1824
4
	5376 1792
	9888 1792
	9888 1824
	5376 1824
4
	13440 1792
	14560 1792
	14560 1824
	13440 1824
4
	16160 1792
	16384 1792
	16384 1824
	16160 1824
4
	864 1824
	2528 1824
	2528 1856
	864 1856
4
	5472 1824
	9760 1824
	9760 1856
	5472 1856
4
	13376 1824
	14496 1824
	14496 1856
	13376 1856
4
	16224 1824
	16384 1824
	16384 1856
	16224 1856
4
	832 1856
	2528 1856
	2528 1888
	832 1888
4
	5632 1856
	9728 1856
	9728 1888
	5632 1888
4
	13376 1856
	14336 1856
	14336 1888
	13376 1888
4
	16192 1856
	16352 1856
	16352 1888
	16192 1888
4
	1056 1888
	2528 1888
	2528 1920
	1056 1920
4
	5632 1888
	9728 1888
	9728 1920
	5632 1920
4
	13376 1888
	14336 1888
	14336 1920
	13376 1920
4
	14400 1888
	14432 1888
	14432 1920
	14400 1920
4
	1024 1920
	2496 1920
	2496 1952
	1024 1952
4
	5472 1920
	9728 1920
	9728 1952
	5472 1952
4
	13376 1920
	14432 1920
	14432 1952
	13376 1952
4
	14464 1920
	14496 1920
	14496 1952
	14464 1952
4
	16256 1920
	16384 1920
	16384 1952
	16256 1952
4
	1024 1952
	2432 1952
	2432 1984
	1024 1984
4
	5408 1952
	9728 1952
	9728 1984
	5408 1984
4
	13344 1952
	14496 1952
	14496 1984
	13344 1984
4
	14752 1952
	14784 1952
	14784 1984
	14752 1984
4
	16192 1952
	16384 1952
	16384 1984
	16192 1984
4
	1024 1984
	2304 1984
	2304 2016
	1024 2016
4
	5408 1984
	9728 1984
	9728 2016
	5408 2016
4
	13376 1984
	13536 1984
	13536 2016
	13376 2016
4
	13568 1984
	14496 1984
	14496 2016
	13568 2016
4
	14688 1984
	14816 1984
	14816 2016
	14688 2016
4
	16192 1984
	16384 1984
	16384 2016
	16192 2016
4
	992 2016
	2304 2016
	2304 2048
	992 2048
4
	2400 2016
	2432 2016
	2432 2048
	2400 2048
4
	5376 2016
	9728 2016
	9728 2048
	5376 2048
4
	13568 2016
	14496 2016
	14496 2048
	13568 2048
4
	14528 2016
	14560 2016
	14560 2048
	14528 2048
4
	14624 2016
	14816 2016
	14816 2048
	14624 2048
4
	16192 2016
	16384 2016
	16384 2048
	16192 2048
4
	1152 2048
	2432 2048
	2432 2080
	1152 2080
4
	2464 2048
	2496 2048
	2496 2080
	2464 2080
4
	5440 2048
	9664 2048
	9664 2080
	5440 2080
4
	13440 2048
	14560 2048
	14560 2080
	13440 2080
4
	14624 2048
	14816 2048
	14816 2080
	14624 2080
4
	16160 2048
	16384 2048
	16384 2080
	16160 2080
4
	1056 2080
	2528 2080
	2528 2112
	1056 2112
4
	5408 2080
	9664 2080
	9664 2112
	5408 2112
4
	13376 2080
	14496 2080
	14496 2112
	13376 2112
4
	14592 2080
	14784 2080
	14784 2112
	14592 2112
4
	16224 2080
	16384 2080
	16384 2112
	16224 2112
4
	1056 2112
	2528 2112
	2528 2144
	1056 2144
4
	5440 2112
	5600 2112
	5600 2144
	5440 2144
4
	5632 2112
	9664 2112
	9664 2144
	5632 2144
4
	13376 2112
	14336 2112
	14336 2144
	13376 2144
4
	14624 2112
	14784 2112
	14784 2144
	14624 2144
4
	16192 2112
	16352 2112
	16352 2144
	16192 2144
4
	1056 2144
	2528 2144
	2528 2176
	1056 2176
4
	5504 2144
	5536 2144
	5536 2176
	5504 2176
4
	5632 2144
	9664 2144
	9664 2176
	5632 2176
4
	13376 2144
	14336 2144
	14336 2176
	13376 2176
4
	14464 2144
	14496 2144
	14496 2176
	14464 2176
4
	14912 2144
	14944 2144
	14944 2176
	14912 2176
4
	1024 2176
	2528 2176
	2528 2208
	1024 2208
4
	5440 2176
	5568 2176
	5568 2208
	5440 2208
4
	5632 2176
	9664 2176
	9664 2208
	5632 2208
4
	13344 2176
	14496 2176
	14496 2208
	13344 2208
4
	14656 2176
	14944 2176
	14944 2208
	14656 2208
4
	16256 2176
	16384 2176
	16384 2208
	16256 2208
4
	1120 2208
	2464 2208
	2464 2240
	1120 2240
4
	5376 2208
	5600 2208
	5600 2240
	5376 2240
4
	5632 2208
	9600 2208
	9600 2240
	5632 2240
4
	13408 2208
	14496 2208
	14496 2240
	13408 2240
4
	14656 2208
	14944 2208
	14944 2240
	14656 2240
4
	15072 2208
	15104 2208
	15104 2240
	15072 2240
4
	16160 2208
	16384 2208
	16384 2240
	16160 2240
4
	1280 2240
	2304 2240
	2304 2272
	1280 2272
4
	5440 2240
	5600 2240
	5600 2272
	5440 2272
4
	5632 2240
	9472 2240
	9472 2272
	5632 2272
4
	13376 2240
	13536 2240
	13536 2272
	13376 2272
4
	13568 2240
	15104 2240
	15104 2272
	13568 2272
4
	16160 2240
	16384 2240
	16384 2272
	16160 2272
4
	128 2272
	160 2272
	160 2304
	128 2304
4
	1280 2272
	2304 2272
	2304 2304
	1280 2304
4
	2368 2272
	2400 2272
	2400 2304
	2368 2304
4
	5408 2272
	9472 2272
	9472 2304
	5408 2304
4
	9600 2272
	9632 2272
	9632 2304
	9600 2304
4
	13568 2272
	15104 2272
	15104 2304
	13568 2304
4
	15168 2272
	15200 2272
	15200 2304
	15168 2304
4
	16128 2272
	16384 2272
	16384 2304
	16128 2304
4
	64 2304
	192 2304
	192 2336
	64 2336
4
	1120 2304
	2400 2304
	2400 2336
	1120 2336
4
	5376 2304
	5600 2304
	5600 2336
	5376 2336
4
	5728 2304
	9664 2304
	9664 2336
	5728 2336
4
	13440 2304
	15200 2304
	15200 2336
	13440 2336
4
	15232 2304
	15264 2304
	15264 2336
	15232 2336
4
	16192 2304
	16384 2304
	16384 2336
	16192 2336
4
	64 2336
	192 2336
	192 2368
	64 2368
4
	1120 2336
	2400 2336
	2400 2368
	1120 2368
4
	2528 2336
	2560 2336
	2560 2368
	2528 2368
4
	5440 2336
	5536 2336
	5536 2368
	5440 2368
4
	5664 2336
	9664 2336
	9664 2368
	5664 2368
4
	13344 2336
	15264 2336
	15264 2368
	13344 2368
4
	16160 2336
	16384 2336
	16384 2368
	16160 2368
4
	0 2368
	192 2368
	192 2400
	0 2400
4
	1024 2368
	2560 2368
	2560 2400
	1024 2400
4
	5664 2368
	9664 2368
	9664 2400
	5664 2400
4
	13344 2368
	15264 2368
	15264 2400
	13344 2400
4
	16192 2368
	16352 2368
	16352 2400
	16192 2400
4
	64 2400
	96 2400
	96 2432
	64 2432
4
	160 2400
	192 2400
	192 2432
	160 2432
4
	608 2400
	640 2400
	640 2432
	608 2432
4
	1024 2400
	2560 2400
	2560 2432
	1024 2432
4
	2624 2400
	2656 2400
	2656 2432
	2624 2432
4
	5632 2400
	9664 2400
	9664 2432
	5632 2432
4
	13344 2400
	15264 2400
	15264 2432
	13344 2432
4
	15296 2400
	15328 2400
	15328 2432
	15296 2432
4
	16000 2400
	16032 2400
	16032 2432
	16000 2432
4
	0 2432
	192 2432
	192 2464
	0 2464
4
	352 2432
	640 2432
	640 2464
	352 2464
4
	864 2432
	2656 2432
	2656 2464
	864 2464
4
	2688 2432
	2720 2432
	2720 2464
	2688 2464
4
	5664 2432
	9632 2432
	9632 2464
	5664 2464
4
	13312 2432
	15328 2432
	15328 2464
	13312 2464
4
	15712 2432
	16064 2432
	16064 2464
	15712 2464
4
	16224 2432
	16384 2432
	16384 2464
	16224 2464
4
	0 2464
	192 2464
	192 2496
	0 2496
4
	224 2464
	256 2464
	256 2496
	224 2496
4
	384 2464
	640 2464
	640 2496
	384 2496
4
	832 2464
	2720 2464
	2720 2496
	832 2496
4
	5728 2464
	9504 2464
	9504 2496
	5728 2496
4
	13408 2464
	15264 2464
	15264 2496
	13408 2496
4
	15680 2464
	16064 2464
	16064 2496
	15680 2496
4
	16192 2464
	16384 2464
	16384 2496
	16192 2496
4
	0 2496
	256 2496
	256 2528
	0 2528
4
	448 2496
	608 2496
	608 2528
	448 2528
4
	832 2496
	2720 2496
	2720 2528
	832 2528
4
	5696 2496
	5856 2496
	5856 2528
	5696 2528
4
	5888 2496
	9472 2496
	9472 2528
	5888 2528
4
	13568 2496
	15104 2496
	15104 2528
	13568 2528
4
	15616 2496
	16064 2496
	16064 2528
	15616 2528
4
	16192 2496
	16384 2496
	16384 2528
	16192 2528
4
	0 2528
	256 2528
	256 2560
	0 2560
4
	384 2528
	416 2528
	416 2560
	384 2560
4
	768 2528
	2720 2528
	2720 2560
	768 2560
4
	2752 2528
	2784 2528
	2784 2560
	2752 2560
4
	5888 2528
	9472 2528
	9472 2560
	5888 2560
4
	13568 2528
	15104 2528
	15104 2560
	13568 2560
4
	15200 2528
	15232 2528
	15232 2560
	15200 2560
4
	15616 2528
	16384 2528
	16384 2560
	15616 2560
4
	0 2560
	448 2560
	448 2592
	0 2592
4
	608 2560
	2784 2560
	2784 2592
	608 2592
4
	5760 2560
	9472 2560
	9472 2592
	5760 2592
4
	13440 2560
	15232 2560
	15232 2592
	13440 2592
4
	15424 2560
	16384 2560
	16384 2592
	15424 2592
4
	0 2592
	448 2592
	448 2624
	0 2624
4
	608 2592
	2720 2592
	2720 2624
	608 2624
4
	5664 2592
	9472 2592
	9472 2624
	5664 2624
4
	13440 2592
	15232 2592
	15232 2624
	13440 2624
4
	15424 2592
	16384 2592
	16384 2624
	15424 2624
4
	0 2624
	448 2624
	448 2656
	0 2656
4
	512 2624
	2560 2624
	2560 2656
	512 2656
4
	5664 2624
	9472 2624
	9472 2656
	5664 2656
4
	13312 2624
	16384 2624
	16384 2656
	13312 2656
4
	0 2656
	2560 2656
	2560 2688
	0 2688
4
	2688 2656
	2720 2656
	2720 2688
	2688 2688
4
	5632 2656
	9472 2656
	9472 2688
	5632 2688
4
	13312 2656
	16384 2656
	16384 2688
	13312 2688
4
	0 2688
	2752 2688
	2752 2720
	0 2720
4
	5664 2688
	9216 2688
	9216 2720
	5664 2720
4
	13152 2688
	16384 2688
	16384 2720
	13152 2720
4
	0 2720
	2752 2720
	2752 2752
	0 2752
4
	5728 2720
	5888 2720
	5888 2752
	5728 2752
4
	5920 2720
	9216 2720
	9216 2752
	5920 2752
4
	13088 2720
	16384 2720
	16384 2752
	13088 2752
4
	0 2752
	2752 2752
	2752 2784
	0 2784
4
	5696 2752
	5856 2752
	5856 2784
	5696 2784
4
	5920 2752
	9216 2752
	9216 2784
	5920 2784
4
	13088 2752
	16384 2752
	16384 2784
	13088 2784
4
	0 2784
	2752 2784
	2752 2816
	0 2816
4
	5920 2784
	9216 2784
	9216 2816
	5920 2816
4
	13056 2784
	16384 2784
	16384 2816
	13056 2816
4
	0 2816
	2720 2816
	2720 2848
	0 2848
4
	5888 2816
	8960 2816
	8960 2848
	5888 2848
4
	13120 2816
	16384 2816
	16384 2848
	13120 2848
4
	0 2848
	2592 2848
	2592 2880
	0 2880
4
	5888 2848
	8960 2848
	8960 2880
	5888 2880
4
	13088 2848
	16384 2848
	16384 2880
	13088 2880
4
	0 2880
	2560 2880
	2560 2912
	0 2912
4
	5888 2880
	8960 2880
	8960 2912
	5888 2912
4
	13120 2880
	13280 2880
	13280 2912
	13120 2912
4
	13312 2880
	16384 2880
	16384 2912
	13312 2912
4
	0 2912
	2560 2912
	2560 2944
	0 2944
4
	2624 2912
	2656 2912
	2656 2944
	2624 2944
4
	5856 2912
	8960 2912
	8960 2944
	5856 2944
4
	13312 2912
	16384 2912
	16384 2944
	13312 2944
4
	0 2944
	2656 2944
	2656 2976
	0 2976
4
	2688 2944
	2720 2944
	2720 2976
	2688 2976
4
	6144 2944
	8704 2944
	8704 2976
	6144 2976
4
	13120 2944
	16384 2944
	16384 2976
	13120 2976
4
	0 2976
	2720 2976
	2720 3008
	0 3008
4
	6144 2976
	8704 2976
	8704 3008
	6144 3008
4
	13120 2976
	16384 2976
	16384 3008
	13120 3008
4
	0 3008
	2720 3008
	2720 3040
	0 3040
4
	6144 3008
	8704 3008
	8704 3040
	6144 3040
4
	13056 3008
	16384 3008
	16384 3040
	13056 3040
4
	0 3040
	2720 3040
	2720 3072
	0 3072
4
	6112 3040
	8704 3040
	8704 3072
	6112 3072
4
	13056 3040
	16384 3040
	16384 3072
	13056 3072
4
	0 3072
	2720 3072
	2720 3104
	0 3104
4
	6240 3072
	8448 3072
	8448 3104
	6240 3104
4
	12896 3072
	16384 3072
	16384 3104
	12896 3104
4
	0 3104
	2592 3104
	2592 3136
	0 3136
4
	6176 3104
	8448 3104
	8448 3136
	6176 3136
4
	12832 3104
	16384 3104
	16384 3136
	12832 3136
4
	0 3136
	2560 3136
	2560 3168
	0 3168
4
	6176 3136
	8448 3136
	8448 3168
	6176 3168
4
	12832 3136
	16384 3136
	16384 3168
	12832 3168
4
	0 3168
	2560 3168
	2560 3200
	0 3200
4
	2624 3168
	2656 3168
	2656 3200
	2624 3200
4
	6176 3168
	8448 3168
	8448 3200
	6176 3200
4
	12800 3168
	16384 3168
	16384 3200
	12800 3200
4
	0 3200
	2656 3200
	2656 3232
	0 3232
4
	6144 3200
	8192 3200
	8192 3232
	6144 3232
4
	12832 3200
	16384 3200
	16384 3232
	12832 3232
4
	0 3232
	2656 3232
	2656 3264
	0 3264
4
	2784 3232
	2816 3232
	2816 3264
	2784 3264
4
	6240 3232
	8192 3232
	8192 3264
	6240 3264
4
	12896 3232
	16384 3232
	16384 3264
	12896 3264
4
	0 3264
	2816 3264
	2816 3296
	0 3296
4
	6400 3264
	8192 3264
	8192 3296
	6400 3296
4
	12864 3264
	13024 3264
	13024 3296
	12864 3296
4
	13088 3264
	16384 3264
	16384 3296
	13088 3296
4
	0 3296
	2816 3296
	2816 3328
	0 3328
4
	2912 3296
	2944 3296
	2944 3328
	2912 3328
4
	6400 3296
	8192 3296
	8192 3328
	6400 3328
4
	13088 3296
	16384 3296
	16384 3328
	13088 3328
4
	0 3328
	2944 3328
	2944 3360
	0 3360
4
	6208 3328
	8032 3328
	8032 3360
	6208 3360
4
	8064 3328
	8096 3328
	8096 3360
	8064 3360
4
	12928 3328
	16384 3328
	16384 3360
	12928 3360
4
	0 3360
	2944 3360
	2944 3392
	0 3392
4
	3040 3360
	3072 3360
	3072 3392
	3040 3392
4
	6208 3360
	8096 3360
	8096 3392
	6208 3392
4
	12928 3360
	16384 3360
	16384 3392
	12928 3392
4
	0 3392
	3072 3392
	3072 3424
	0 3424
4
	6144 3392
	8096 3392
	8096 3424
	6144 3424
4
	12864 3392
	16384 3392
	16384 3424
	12864 3424
4
	0 3424
	3072 3424
	3072 3456
	0 3456
4
	3136 3424
	3168 3424
	3168 3456
	3136 3456
4
	6144 3424
	8128 3424
	8128 3456
	6144 3456
4
	9344 3424
	9376 3424
	9376 3456
	9344 3456
4
	9824 3424
	9856 3424
	9856 3456
	9824 3456
4
	12800 3424
	16384 3424
	16384 3456
	12800 3456
4
	0 3456
	3168 3456
	3168 3488
	0 3488
4
	3200 3456
	3232 3456
	3232 3488
	3200 3488
4
	6016 3456
	8128 3456
	8128 3488
	6016 3488
4
	9088 3456
	9376 3456
	9376 3488
	9088 3488
4
	9568 3456
	9856 3456
	9856 3488
	9568 3488
4
	12672 3456
	16384 3456
	16384 3488
	12672 3488
4
	0 3488
	3232 3488
	3232 3520
	0 3520
4
	5952 3488
	8064 3488
	8064 3520
	5952 3520
4
	9088 3488
	9376 3488
	9376 3520
	9088 3520
4
	9568 3488
	9856 3488
	9856 3520
	9568 3520
4
	9952 3488
	9984 3488
	9984 3520
	9952 3520
4
	12608 3488
	16384 3488
	16384 3520
	12608 3520
4
	0 3520
	3232 3520
	3232 3552
	0 3552
4
	5952 3520
	7936 3520
	7936 3552
	5952 3552
4
	8960 3520
	9984 3520
	9984 3552
	8960 3552
4
	12608 3520
	16384 3520
	16384 3552
	12608 3552
4
	0 3552
	3232 3552
	3232 3584
	0 3584
4
	5952 3552
	7936 3552
	7936 3584
	5952 3584
4
	8960 3552
	9984 3552
	9984 3584
	8960 3584
4
	10144 3552
	10176 3552
	10176 3584
	10144 3584
4
	12608 3552
	16384 3552
	16384 3584
	12608 3584
4
	0 3584
	3232 3584
	3232 3616
	0 3616
4
	5888 3584
	7936 3584
	7936 3616
	5888 3616
4
	8832 3584
	10208 3584
	10208 3616
	8832 3616
4
	12544 3584
	16384 3584
	16384 3616
	12544 3616
4
	0 3616
	3104 3616
	3104 3648
	0 3648
4
	5984 3616
	7936 3616
	7936 3648
	5984 3648
4
	8768 3616
	10208 3616
	10208 3648
	8768 3648
4
	10240 3616
	10272 3616
	10272 3648
	10240 3648
4
	11680 3616
	11712 3616
	11712 3648
	11680 3648
4
	12640 3616
	16384 3616
	16384 3648
	12640 3648
4
	0 3648
	3072 3648
	3072 3680
	0 3680
4
	6176 3648
	7936 3648
	7936 3680
	6176 3680
4
	8768 3648
	10272 3648
	10272 3680
	8768 3680
4
	10304 3648
	10336 3648
	10336 3680
	10304 3680
4
	11616 3648
	11744 3648
	11744 3680
	11616 3680
4
	12800 3648
	16384 3648
	16384 3680
	12800 3680
4
	0 3680
	3072 3680
	3072 3712
	0 3712
4
	3200 3680
	3232 3680
	3232 3712
	3200 3712
4
	3488 3680
	3520 3680
	3520 3712
	3488 3712
4
	6176 3680
	7936 3680
	7936 3712
	6176 3712
4
	8768 3680
	10336 3680
	10336 3712
	8768 3712
4
	10368 3680
	10400 3680
	10400 3712
	10368 3712
4
	11328 3680
	11360 3680
	11360 3712
	11328 3712
4
	11552 3680
	11744 3680
	11744 3712
	11552 3712
4
	12384 3680
	12416 3680
	12416 3712
	12384 3712
4
	12800 3680
	16384 3680
	16384 3712
	12800 3712
4
	0 3712
	3264 3712
	3264 3744
	0 3744
4
	3360 3712
	3552 3712
	3552 3744
	3360 3744
4
	6016 3712
	7776 3712
	7776 3744
	6016 3744
4
	7808 3712
	7840 3712
	7840 3744
	7808 3744
4
	8704 3712
	10432 3712
	10432 3744
	8704 3744
4
	11104 3712
	11360 3712
	11360 3744
	11104 3744
4
	11552 3712
	11744 3712
	11744 3744
	11552 3744
4
	12128 3712
	12416 3712
	12416 3744
	12128 3744
4
	12640 3712
	16384 3712
	16384 3744
	12640 3744
4
	0 3744
	3264 3744
	3264 3776
	0 3776
4
	3296 3744
	3552 3744
	3552 3776
	3296 3776
4
	6016 3744
	7840 3744
	7840 3776
	6016 3776
4
	8800 3744
	10432 3744
	10432 3776
	8800 3776
4
	10464 3744
	10496 3744
	10496 3776
	10464 3776
4
	11072 3744
	11360 3744
	11360 3776
	11072 3776
4
	11488 3744
	11712 3744
	11712 3776
	11488 3776
4
	12096 3744
	12416 3744
	12416 3776
	12096 3776
4
	12448 3744
	12480 3744
	12480 3776
	12448 3776
4
	12640 3744
	16384 3744
	16384 3776
	12640 3776
4
	0 3776
	3264 3776
	3264 3808
	0 3808
4
	3296 3776
	3552 3776
	3552 3808
	3296 3808
4
	5952 3776
	7840 3776
	7840 3808
	5952 3808
4
	8960 3776
	10496 3776
	10496 3808
	8960 3808
4
	11072 3776
	11520 3776
	11520 3808
	11072 3808
4
	11552 3776
	11712 3776
	11712 3808
	11552 3808
4
	12096 3776
	12480 3776
	12480 3808
	12096 3808
4
	12544 3776
	16384 3776
	16384 3808
	12544 3808
4
	0 3808
	3328 3808
	3328 3840
	0 3840
4
	3456 3808
	3488 3808
	3488 3840
	3456 3840
4
	5888 3808
	7840 3808
	7840 3840
	5888 3840
4
	8960 3808
	10496 3808
	10496 3840
	8960 3840
4
	10624 3808
	10656 3808
	10656 3840
	10624 3840
4
	11008 3808
	11520 3808
	11520 3840
	11008 3840
4
	11648 3808
	11680 3808
	11680 3840
	11648 3840
4
	12032 3808
	16384 3808
	16384 3840
	12032 3840
4
	0 3840
	3488 3840
	3488 3872
	0 3872
4
	5760 3840
	7840 3840
	7840 3872
	5760 3872
4
	8800 3840
	10656 3840
	10656 3872
	8800 3872
4
	10816 3840
	11712 3840
	11712 3872
	10816 3872
4
	11872 3840
	16384 3840
	16384 3872
	11872 3872
4
	0 3872
	3488 3872
	3488 3904
	0 3904
4
	3552 3872
	3584 3872
	3584 3904
	3552 3904
4
	5696 3872
	7712 3872
	7712 3904
	5696 3904
4
	8768 3872
	10656 3872
	10656 3904
	8768 3904
4
	10816 3872
	11712 3872
	11712 3904
	10816 3904
4
	11872 3872
	16384 3872
	16384 3904
	11872 3904
4
	0 3904
	3584 3904
	3584 3936
	0 3936
4
	5696 3904
	7680 3904
	7680 3936
	5696 3936
4
	8768 3904
	11712 3904
	11712 3936
	8768 3936
4
	11776 3904
	16384 3904
	16384 3936
	11776 3936
4
	0 3936
	3584 3936
	3584 3968
	0 3968
4
	3680 3936
	3712 3936
	3712 3968
	3680 3968
4
	5696 3936
	7680 3936
	7680 3968
	5696 3968
4
	8704 3936
	16384 3936
	16384 3968
	8704 3968
4
	0 3968
	3712 3968
	3712 4000
	0 4000
4
	3744 3968
	3776 3968
	3776 4000
	3744 4000
4
	5664 3968
	7680 3968
	7680 4000
	5664 4000
4
	8576 3968
	16384 3968
	16384 4000
	8576 4000
4
	0 4000
	3808 4000
	3808 4032
	0 4032
4
	5728 4000
	7680 4000
	7680 4032
	5728 4032
4
	8512 4000
	16384 4000
	16384 4032
	8512 4032
4
	0 4032
	3808 4032
	3808 4064
	0 4064
4
	5696 4032
	5856 4032
	5856 4064
	5696 4064
4
	5888 4032
	7680 4032
	7680 4064
	5888 4064
4
	8512 4032
	16384 4032
	16384 4064
	8512 4064
4
	0 4064
	3808 4064
	3808 4096
	0 4096
4
	5888 4064
	7680 4064
	7680 4096
	5888 4096
4
	8512 4064
	16384 4064
	16384 4096
	8512 4096
4
	0 4096
	3776 4096
	3776 4128
	0 4128
4
	5728 4096
	7616 4096
	7616 4128
	5728 4128
4
	8480 4096
	16384 4096
	16384 4128
	8480 4128
4
	0 4128
	3712 4128
	3712 4160
	0 4160
4
	5696 4128
	7616 4128
	7616 4160
	5696 4160
4
	8544 4128
	16384 4128
	16384 4160
	8544 4160
4
	0 4160
	3584 4160
	3584 4192
	0 4192
4
	5632 4160
	7616 4160
	7616 4192
	5632 4192
4
	8512 4160
	8672 4160
	8672 4192
	8512 4192
4
	8704 4160
	16384 4160
	16384 4192
	8704 4192
4
	0 4192
	3584 4192
	3584 4224
	0 4224
4
	3712 4192
	3744 4192
	3744 4224
	3712 4224
4
	5632 4192
	7616 4192
	7616 4224
	5632 4224
4
	8704 4192
	16384 4192
	16384 4224
	8704 4224
4
	0 4224
	3744 4224
	3744 4256
	0 4256
4
	5440 4224
	7584 4224
	7584 4256
	5440 4256
4
	8576 4224
	16384 4224
	16384 4256
	8576 4256
4
	0 4256
	3744 4256
	3744 4288
	0 4288
4
	3808 4256
	3840 4256
	3840 4288
	3808 4288
4
	5440 4256
	7456 4256
	7456 4288
	5440 4288
4
	8512 4256
	16384 4256
	16384 4288
	8512 4288
4
	0 4288
	3840 4288
	3840 4320
	0 4320
4
	5376 4288
	7392 4288
	7392 4320
	5376 4320
4
	8512 4288
	16384 4288
	16384 4320
	8512 4320
4
	0 4320
	3840 4320
	3840 4352
	0 4352
4
	3936 4320
	3968 4320
	3968 4352
	3936 4352
4
	5376 4320
	7424 4320
	7424 4352
	5376 4352
4
	8512 4320
	16384 4320
	16384 4352
	8512 4352
4
	0 4352
	3968 4352
	3968 4384
	0 4384
4
	5248 4352
	7424 4352
	7424 4384
	5248 4384
4
	8448 4352
	16384 4352
	16384 4384
	8448 4384
4
	0 4384
	3968 4384
	3968 4416
	0 4416
4
	4064 4384
	4096 4384
	4096 4416
	4064 4416
4
	5152 4384
	7424 4384
	7424 4416
	5152 4416
4
	8544 4384
	16384 4384
	16384 4416
	8544 4416
4
	0 4416
	4096 4416
	4096 4448
	0 4448
4
	5152 4416
	7424 4416
	7424 4448
	5152 4448
4
	8704 4416
	16384 4416
	16384 4448
	8704 4448
4
	0 4448
	4096 4448
	4096 4480
	0 4480
4
	4224 4448
	4256 4448
	4256 4480
	4224 4480
4
	5120 4448
	7424 4448
	7424 4480
	5120 4480
4
	8704 4448
	16384 4448
	16384 4480
	8704 4480
4
	0 4480
	4256 4480
	4256 4512
	0 4512
4
	5152 4480
	7168 4480
	7168 4512
	5152 4512
4
	8576 4480
	16384 4480
	16384 4512
	8576 4512
4
	0 4512
	4256 4512
	4256 4544
	0 4544
4
	4320 4512
	4352 4512
	4352 4544
	4320 4544
4
	5216 4512
	7168 4512
	7168 4544
	5216 4544
4
	8480 4512
	16384 4512
	16384 4544
	8480 4544
4
	0 4544
	4352 4544
	4352 4576
	0 4576
4
	5184 4544
	5344 4544
	5344 4576
	5184 4576
4
	5408 4544
	7168 4544
	7168 4576
	5408 4576
4
	8480 4544
	16384 4544
	16384 4576
	8480 4576
4
	0 4576
	4352 4576
	4352 4608
	0 4608
4
	4416 4576
	4448 4576
	4448 4608
	4416 4608
4
	5408 4576
	7168 4576
	7168 4608
	5408 4608
4
	8448 4576
	16384 4576
	16384 4608
	8448 4608
4
	0 4608
	4448 4608
	4448 4640
	0 4640
4
	4480 4608
	4512 4608
	4512 4640
	4480 4640
4
	5248 4608
	6912 4608
	6912 4640
	5248 4640
4
	6976 4608
	7136 4608
	7136 4640
	6976 4640
4
	8480 4608
	16384 4608
	16384 4640
	8480 4640
4
	0 4640
	4512 4640
	4512 4672
	0 4672
4
	5184 4640
	7136 4640
	7136 4672
	5184 4672
4
	8544 4640
	16384 4640
	16384 4672
	8544 4672
4
	0 4672
	4512 4672
	4512 4704
	0 4704
4
	5184 4672
	6912 4672
	6912 4704
	5184 4704
4
	6944 4672
	7104 4672
	7104 4704
	6944 4704
4
	8512 4672
	8672 4672
	8672 4704
	8512 4704
4
	8704 4672
	16384 4672
	16384 4704
	8704 4704
4
	0 4704
	4512 4704
	4512 4736
	0 4736
4
	4544 4704
	4576 4704
	4576 4736
	4544 4736
4
	5184 4704
	6912 4704
	6912 4736
	5184 4736
4
	8704 4704
	16384 4704
	16384 4736
	8704 4736
4
	0 4736
	4576 4736
	4576 4768
	0 4768
4
	5120 4736
	6848 4736
	6848 4768
	5120 4768
4
	8704 4736
	9728 4736
	9728 4768
	8704 4768
4
	10752 4736
	16384 4736
	16384 4768
	10752 4768
4
	0 4768
	4512 4768
	4512 4800
	0 4800
4
	5216 4768
	6848 4768
	6848 4800
	5216 4800
4
	8704 4768
	9728 4768
	9728 4800
	8704 4800
4
	10752 4768
	16384 4768
	16384 4800
	10752 4800
4
	0 4800
	4352 4800
	4352 4832
	0 4832
4
	5376 4800
	6848 4800
	6848 4832
	5376 4832
4
	8704 4800
	9728 4800
	9728 4832
	8704 4832
4
	10752 4800
	16384 4800
	16384 4832
	10752 4832
4
	0 4832
	4352 4832
	4352 4864
	0 4864
4
	4416 4832
	4448 4832
	4448 4864
	4416 4864
4
	5376 4832
	6848 4832
	6848 4864
	5376 4864
4
	8672 4832
	9728 4832
	9728 4864
	8672 4864
4
	10720 4832
	16384 4832
	16384 4864
	10720 4864
4
	0 4864
	4448 4864
	4448 4896
	0 4896
4
	4480 4864
	4512 4864
	4512 4896
	4480 4896
4
	5376 4864
	6848 4864
	6848 4896
	5376 4896
4
	8736 4864
	8896 4864
	8896 4896
	8736 4896
4
	11520 4864
	16384 4864
	16384 4896
	11520 4896
4
	0 4896
	4512 4896
	4512 4928
	0 4928
4
	5376 4896
	6784 4896
	6784 4928
	5376 4928
4
	8800 4896
	8896 4896
	8896 4928
	8800 4928
4
	11520 4896
	16384 4896
	16384 4928
	11520 4928
4
	0 4928
	4512 4928
	4512 4960
	0 4960
4
	5376 4928
	6624 4928
	6624 4960
	5376 4960
4
	8736 4928
	8896 4928
	8896 4960
	8736 4960
4
	11520 4928
	16384 4928
	16384 4960
	11520 4960
4
	0 4960
	4544 4960
	4544 4992
	0 4992
4
	5344 4960
	6656 4960
	6656 4992
	5344 4992
4
	8768 4960
	8864 4960
	8864 4992
	8768 4992
4
	11488 4960
	16384 4960
	16384 4992
	11488 4992
4
	0 4992
	4544 4992
	4544 5024
	0 5024
4
	5632 4992
	6656 4992
	6656 5024
	5632 5024
4
	11616 4992
	16384 4992
	16384 5024
	11616 5024
4
	0 5024
	4480 5024
	4480 5056
	0 5056
4
	5632 5024
	6656 5024
	6656 5056
	5632 5056
4
	11552 5024
	16384 5024
	16384 5056
	11552 5056
4
	0 5056
	4352 5056
	4352 5088
	0 5088
4
	5632 5056
	6656 5056
	6656 5088
	5632 5088
4
	11552 5056
	16384 5056
	16384 5088
	11552 5088
4
	0 5088
	4352 5088
	4352 5120
	0 5120
4
	4512 5088
	4544 5088
	4544 5120
	4512 5120
4
	5600 5088
	6656 5088
	6656 5120
	5600 5120
4
	11520 5088
	16384 5088
	16384 5120
	11520 5120
4
	0 5120
	4544 5120
	4544 5152
	0 5152
4
	11552 5120
	16384 5120
	16384 5152
	11552 5152
4
	0 5152
	4544 5152
	4544 5184
	0 5184
4
	4576 5152
	4608 5152
	4608 5184
	4576 5184
4
	11616 5152
	16384 5152
	16384 5184
	11616 5184
4
	0 5184
	4608 5184
	4608 5216
	0 5216
4
	11584 5184
	16384 5184
	16384 5216
	11584 5216
4
	0 5216
	4608 5216
	4608 5248
	0 5248
4
	4736 5216
	4768 5216
	4768 5248
	4736 5248
4
	10368 5216
	10400 5216
	10400 5248
	10368 5248
4
	11808 5216
	16384 5216
	16384 5248
	11808 5248
4
	0 5248
	4768 5248
	4768 5280
	0 5280
4
	10080 5248
	10432 5248
	10432 5280
	10080 5280
4
	11776 5248
	16384 5248
	16384 5280
	11776 5280
4
	0 5280
	4768 5280
	4768 5312
	0 5312
4
	4832 5280
	4864 5280
	4864 5312
	4832 5312
4
	10080 5280
	10432 5280
	10432 5312
	10080 5312
4
	10464 5280
	10496 5280
	10496 5312
	10464 5312
4
	11776 5280
	16384 5280
	16384 5312
	11776 5312
4
	0 5312
	4864 5312
	4864 5344
	0 5344
4
	9984 5312
	10496 5312
	10496 5344
	9984 5344
4
	11776 5312
	16384 5312
	16384 5344
	11776 5344
4
	0 5344
	4864 5344
	4864 5376
	0 5376
4
	5024 5344
	5056 5344
	5056 5376
	5024 5376
4
	9984 5344
	10496 5344
	10496 5376
	9984 5376
4
	10592 5344
	10624 5344
	10624 5376
	10592 5376
4
	11744 5344
	16384 5344
	16384 5376
	11744 5376
4
	0 5376
	5056 5376
	5056 5408
	0 5408
4
	9856 5376
	10624 5376
	10624 5408
	9856 5408
4
	10688 5376
	10720 5376
	10720 5408
	10688 5408
4
	11872 5376
	16384 5376
	16384 5408
	11872 5408
4
	0 5408
	5056 5408
	5056 5440
	0 5440
4
	5088 5408
	5120 5408
	5120 5440
	5088 5440
4
	9760 5408
	10720 5408
	10720 5440
	9760 5440
4
	10752 5408
	10784 5408
	10784 5440
	10752 5440
4
	11808 5408
	16384 5408
	16384 5440
	11808 5440
4
	0 5440
	5120 5440
	5120 5472
	0 5472
4
	9760 5440
	10784 5440
	10784 5472
	9760 5472
4
	10816 5440
	10848 5440
	10848 5472
	10816 5472
4
	11808 5440
	16384 5440
	16384 5472
	11808 5472
4
	0 5472
	5120 5472
	5120 5504
	0 5504
4
	5216 5472
	5248 5472
	5248 5504
	5216 5504
4
	9760 5472
	10880 5472
	10880 5504
	9760 5504
4
	11808 5472
	16384 5472
	16384 5504
	11808 5504
4
	0 5504
	5280 5504
	5280 5536
	0 5536
4
	9728 5504
	10912 5504
	10912 5536
	9728 5536
4
	11776 5504
	16384 5504
	16384 5536
	11776 5536
4
	0 5536
	5280 5536
	5280 5568
	0 5568
4
	5472 5536
	5504 5536
	5504 5568
	5472 5568
4
	9824 5536
	10912 5536
	10912 5568
	9824 5568
4
	10944 5536
	10976 5536
	10976 5568
	10944 5568
4
	11872 5536
	16384 5536
	16384 5568
	11872 5568
4
	0 5568
	5536 5568
	5536 5600
	0 5600
4
	9984 5568
	11008 5568
	11008 5600
	9984 5600
4
	12032 5568
	16384 5568
	16384 5600
	12032 5600
4
	0 5600
	5568 5600
	5568 5632
	0 5632
4
	9984 5600
	11008 5600
	11008 5632
	9984 5632
4
	11136 5600
	11168 5600
	11168 5632
	11136 5632
4
	12032 5600
	16384 5600
	16384 5632
	12032 5632
4
	0 5632
	5568 5632
	5568 5664
	0 5664
4
	9856 5632
	11200 5632
	11200 5664
	9856 5664
4
	12032 5632
	16128 5632
	16128 5664
	12032 5664
4
	0 5664
	5600 5664
	5600 5696
	0 5696
4
	9856 5664
	11200 5664
	11200 5696
	9856 5696
4
	11232 5664
	11264 5664
	11264 5696
	11232 5696
4
	12032 5664
	16128 5664
	16128 5696
	12032 5696
4
	0 5696
	5632 5696
	5632 5728
	0 5728
4
	9728 5696
	11264 5696
	11264 5728
	9728 5728
4
	12032 5696
	16128 5696
	16128 5728
	12032 5728
4
	0 5728
	5632 5728
	5632 5760
	0 5760
4
	5760 5728
	5792 5728
	5792 5760
	5760 5760
4
	6208 5728
	6240 5728
	6240 5760
	6208 5760
4
	9728 5728
	11264 5728
	11264 5760
	9728 5760
4
	11360 5728
	11392 5728
	11392 5760
	11360 5760
4
	12000 5728
	16128 5728
	16128 5760
	12000 5760
4
	0 5760
	5792 5760
	5792 5792
	0 5792
4
	6048 5760
	6240 5760
	6240 5792
	6048 5792
4
	9600 5760
	11392 5760
	11392 5792
	9600 5792
4
	11424 5760
	11456 5760
	11456 5792
	11424 5792
4
	12288 5760
	15872 5760
	15872 5792
	12288 5792
4
	0 5792
	5792 5792
	5792 5824
	0 5824
4
	6048 5792
	6240 5792
	6240 5824
	6048 5824
4
	6368 5792
	6400 5792
	6400 5824
	6368 5824
4
	9504 5792
	11488 5792
	11488 5824
	9504 5824
4
	12288 5792
	15872 5792
	15872 5824
	12288 5824
4
	0 5824
	6400 5824
	6400 5856
	0 5856
4
	9504 5824
	11488 5824
	11488 5856
	9504 5856
4
	12288 5824
	15872 5824
	15872 5856
	12288 5856
4
	0 5856
	6400 5856
	6400 5888
	0 5888
4
	6464 5856
	6496 5856
	6496 5888
	6464 5888
4
	9472 5856
	11488 5856
	11488 5888
	9472 5888
4
	12256 5856
	15872 5856
	15872 5888
	12256 5888
4
	16032 5856
	16064 5856
	16064 5888
	16032 5888
4
	0 5888
	2816 5888
	2816 5920
	0 5920
4
	3328 5888
	6496 5888
	6496 5920
	3328 5920
4
	6528 5888
	6560 5888
	6560 5920
	6528 5920
4
	9536 5888
	11424 5888
	11424 5920
	9536 5920
4
	14080 5888
	15808 5888
	15808 5920
	14080 5920
4
	15904 5888
	16096 5888
	16096 5920
	15904 5920
4
	0 5920
	2816 5920
	2816 5952
	0 5952
4
	3328 5920
	6560 5920
	6560 5952
	3328 5952
4
	9504 5920
	11296 5920
	11296 5952
	9504 5952
4
	14080 5920
	15808 5920
	15808 5952
	14080 5952
4
	15840 5920
	16096 5920
	16096 5952
	15840 5952
4
	0 5952
	2816 5952
	2816 5984
	0 5984
4
	3328 5952
	6560 5952
	6560 5984
	3328 5984
4
	9536 5952
	9696 5952
	9696 5984
	9536 5984
4
	9728 5952
	11264 5952
	11264 5984
	9728 5984
4
	14080 5952
	15808 5952
	15808 5984
	14080 5984
4
	15872 5952
	16096 5952
	16096 5984
	15872 5984
4
	0 5984
	2816 5984
	2816 6016
	0 6016
4
	3296 5984
	6560 5984
	6560 6016
	3296 6016
4
	6592 5984
	6624 5984
	6624 6016
	6592 6016
4
	9728 5984
	11264 5984
	11264 6016
	9728 6016
4
	11392 5984
	11424 5984
	11424 6016
	11392 6016
4
	14048 5984
	15808 5984
	15808 6016
	14048 6016
4
	0 6016
	1120 6016
	1120 6048
	0 6048
4
	1152 6016
	1184 6016
	1184 6048
	1152 6048
4
	2048 6016
	2560 6016
	2560 6048
	2048 6048
4
	3584 6016
	6624 6016
	6624 6048
	3584 6048
4
	9728 6016
	11456 6016
	11456 6048
	9728 6048
4
	14688 6016
	15808 6016
	15808 6048
	14688 6048
4
	0 6048
	1184 6048
	1184 6080
	0 6080
4
	2048 6048
	2560 6048
	2560 6080
	2048 6080
4
	3584 6048
	6560 6048
	6560 6080
	3584 6080
4
	9728 6048
	11456 6048
	11456 6080
	9728 6080
4
	14624 6048
	15744 6048
	15744 6080
	14624 6080
4
	0 6080
	1184 6080
	1184 6112
	0 6112
4
	2048 6080
	2560 6080
	2560 6112
	2048 6112
4
	3584 6080
	6400 6080
	6400 6112
	3584 6112
4
	9728 6080
	11456 6080
	11456 6112
	9728 6112
4
	11488 6080
	11520 6080
	11520 6112
	11488 6112
4
	14624 6080
	15616 6080
	15616 6112
	14624 6112
4
	0 6112
	1216 6112
	1216 6144
	0 6144
4
	2016 6112
	2560 6112
	2560 6144
	2016 6144
4
	3552 6112
	6400 6112
	6400 6144
	3552 6144
4
	6528 6112
	6560 6112
	6560 6144
	6528 6144
4
	9536 6112
	9568 6112
	9568 6144
	9536 6144
4
	9696 6112
	11520 6112
	11520 6144
	9696 6144
4
	11616 6112
	11648 6112
	11648 6144
	11616 6144
4
	14624 6112
	15616 6112
	15616 6144
	14624 6144
4
	15744 6112
	15776 6112
	15776 6144
	15744 6144
4
	0 6144
	1216 6144
	1216 6176
	0 6176
4
	4352 6144
	6592 6144
	6592 6176
	4352 6176
4
	9280 6144
	9568 6144
	9568 6176
	9280 6176
4
	9856 6144
	11648 6144
	11648 6176
	9856 6176
4
	11680 6144
	11712 6144
	11712 6176
	11680 6176
4
	14592 6144
	15808 6144
	15808 6176
	14592 6176
4
	0 6176
	1152 6176
	1152 6208
	0 6208
4
	4352 6176
	6592 6176
	6592 6208
	4352 6208
4
	9312 6176
	9568 6176
	9568 6208
	9312 6208
4
	9760 6176
	11744 6176
	11744 6208
	9760 6208
4
	14688 6176
	15808 6176
	15808 6208
	14688 6208
4
	0 6208
	1024 6208
	1024 6240
	0 6240
4
	4352 6208
	6592 6208
	6592 6240
	4352 6240
4
	9376 6208
	9504 6208
	9504 6240
	9376 6240
4
	9760 6208
	11744 6208
	11744 6240
	9760 6240
4
	14848 6208
	15808 6208
	15808 6240
	14848 6240
4
	0 6240
	1024 6240
	1024 6272
	0 6272
4
	1088 6240
	1120 6240
	1120 6272
	1088 6272
4
	4320 6240
	6592 6240
	6592 6272
	4320 6272
4
	9760 6240
	11744 6240
	11744 6272
	9760 6272
4
	14848 6240
	15808 6240
	15808 6272
	14848 6272
4
	384 6272
	1120 6272
	1120 6304
	384 6304
4
	1152 6272
	1184 6272
	1184 6304
	1152 6304
4
	4608 6272
	6560 6272
	6560 6304
	4608 6304
4
	9728 6272
	11680 6272
	11680 6304
	9728 6304
4
	14848 6272
	15808 6272
	15808 6304
	14848 6304
4
	288 6304
	1184 6304
	1184 6336
	288 6336
4
	4608 6304
	6432 6304
	6432 6336
	4608 6336
4
	9824 6304
	11552 6304
	11552 6336
	9824 6336
4
	14848 6304
	15744 6304
	15744 6336
	14848 6336
4
	288 6336
	1184 6336
	1184 6368
	288 6368
4
	4608 6336
	6400 6336
	6400 6368
	4608 6368
4
	9984 6336
	11520 6336
	11520 6368
	9984 6368
4
	14848 6336
	15616 6336
	15616 6368
	14848 6368
4
	128 6368
	160 6368
	160 6400
	128 6400
4
	256 6368
	1184 6368
	1184 6400
	256 6400
4
	1216 6368
	1248 6368
	1248 6400
	1216 6400
4
	4576 6368
	6400 6368
	6400 6400
	4576 6400
4
	9984 6368
	11520 6368
	11520 6400
	9984 6400
4
	14816 6368
	15616 6368
	15616 6400
	14816 6400
4
	15680 6368
	15712 6368
	15712 6400
	15680 6400
4
	64 6400
	192 6400
	192 6432
	64 6432
4
	320 6400
	1248 6400
	1248 6432
	320 6432
4
	4864 6400
	6400 6400
	6400 6432
	4864 6432
4
	9856 6400
	11520 6400
	11520 6432
	9856 6432
4
	14976 6400
	15712 6400
	15712 6432
	14976 6432
4
	15744 6400
	15776 6400
	15776 6432
	15744 6432
4
	0 6432
	224 6432
	224 6464
	0 6464
4
	288 6432
	1184 6432
	1184 6464
	288 6464
4
	4864 6432
	6400 6432
	6400 6464
	4864 6464
4
	9792 6432
	11520 6432
	11520 6464
	9792 6464
4
	14880 6432
	15776 6432
	15776 6464
	14880 6464
4
	64 6464
	224 6464
	224 6496
	64 6496
4
	320 6464
	480 6464
	480 6496
	320 6496
4
	512 6464
	1024 6464
	1024 6496
	512 6496
4
	4864 6464
	6400 6464
	6400 6496
	4864 6496
4
	9792 6464
	11520 6464
	11520 6496
	9792 6496
4
	14880 6464
	15776 6464
	15776 6496
	14880 6496
4
	32 6496
	224 6496
	224 6528
	32 6528
4
	512 6496
	1024 6496
	1024 6528
	512 6528
4
	1152 6496
	1184 6496
	1184 6528
	1152 6528
4
	4832 6496
	6400 6496
	6400 6528
	4832 6528
4
	9792 6496
	11520 6496
	11520 6528
	9792 6528
4
	14848 6496
	15808 6496
	15808 6528
	14848 6528
4
	0 6528
	224 6528
	224 6560
	0 6560
4
	512 6528
	1216 6528
	1216 6560
	512 6560
4
	9792 6528
	11392 6528
	11392 6560
	9792 6560
4
	11424 6528
	11456 6528
	11456 6560
	11424 6560
4
	14880 6528
	15808 6528
	15808 6560
	14880 6560
4
	64 6560
	160 6560
	160 6592
	64 6592
4
	512 6560
	1216 6560
	1216 6592
	512 6592
4
	1248 6560
	1280 6560
	1280 6592
	1248 6592
4
	9760 6560
	9984 6560
	9984 6592
	9760 6592
4
	10016 6560
	11488 6560
	11488 6592
	10016 6592
4
	14944 6560
	15744 6560
	15744 6592
	14944 6592
4
	512 6592
	1280 6592
	1280 6624
	512 6624
4
	9792 6592
	9952 6592
	9952 6624
	9792 6624
4
	10016 6592
	11488 6592
	11488 6624
	10016 6624
4
	14912 6592
	15072 6592
	15072 6624
	14912 6624
4
	15104 6592
	15584 6592
	15584 6624
	15104 6624
4
	480 6624
	1280 6624
	1280 6656
	480 6656
4
	1376 6624
	1408 6624
	1408 6656
	1376 6656
4
	10016 6624
	11488 6624
	11488 6656
	10016 6656
4
	15104 6624
	15584 6624
	15584 6656
	15104 6656
4
	15680 6624
	15712 6624
	15712 6656
	15680 6656
4
	640 6656
	1408 6656
	1408 6688
	640 6688
4
	1440 6656
	1472 6656
	1472 6688
	1440 6688
4
	9984 6656
	11456 6656
	11456 6688
	9984 6688
4
	15104 6656
	15712 6656
	15712 6688
	15104 6688
4
	576 6688
	1504 6688
	1504 6720
	576 6720
4
	9984 6688
	11392 6688
	11392 6720
	9984 6720
4
	15104 6688
	15712 6688
	15712 6720
	15104 6720
4
	15840 6688
	15872 6688
	15872 6720
	15840 6720
4
	576 6720
	1504 6720
	1504 6752
	576 6752
4
	9984 6720
	11264 6720
	11264 6752
	9984 6752
4
	15104 6720
	15872 6720
	15872 6752
	15104 6752
4
	576 6752
	1504 6752
	1504 6784
	576 6784
4
	8832 6752
	8864 6752
	8864 6784
	8832 6784
4
	9952 6752
	11264 6752
	11264 6784
	9952 6784
4
	11392 6752
	11424 6752
	11424 6784
	11392 6784
4
	15072 6752
	15872 6752
	15872 6784
	15072 6784
4
	16000 6752
	16032 6752
	16032 6784
	16000 6784
4
	544 6784
	1504 6784
	1504 6816
	544 6816
4
	8544 6784
	8896 6784
	8896 6816
	8544 6816
4
	10112 6784
	11456 6784
	11456 6816
	10112 6816
4
	15200 6784
	16064 6784
	16064 6816
	15200 6816
4
	608 6816
	1440 6816
	1440 6848
	608 6848
4
	7840 6816
	7872 6816
	7872 6848
	7840 6848
4
	8512 6816
	8896 6816
	8896 6848
	8512 6848
4
	8928 6816
	8960 6816
	8960 6848
	8928 6848
4
	10016 6816
	11456 6816
	11456 6848
	10016 6848
4
	15136 6816
	16064 6816
	16064 6848
	15136 6848
4
	576 6848
	736 6848
	736 6880
	576 6880
4
	768 6848
	1248 6848
	1248 6880
	768 6880
4
	7776 6848
	7904 6848
	7904 6880
	7776 6880
4
	8512 6848
	8960 6848
	8960 6880
	8512 6880
4
	10016 6848
	11456 6848
	11456 6880
	10016 6880
4
	15136 6848
	16064 6848
	16064 6880
	15136 6880
4
	768 6880
	1280 6880
	1280 6912
	768 6912
4
	7040 6880
	7072 6880
	7072 6912
	7040 6912
4
	7712 6880
	7904 6880
	7904 6912
	7712 6912
4
	8448 6880
	8960 6880
	8960 6912
	8448 6912
4
	9056 6880
	9088 6880
	9088 6912
	9056 6912
4
	10016 6880
	11488 6880
	11488 6912
	10016 6912
4
	15104 6880
	16064 6880
	16064 6912
	15104 6912
4
	608 6912
	1280 6912
	1280 6944
	608 6944
4
	6752 6912
	7072 6912
	7072 6944
	6752 6944
4
	7712 6912
	7904 6912
	7904 6944
	7712 6944
4
	8256 6912
	9088 6912
	9088 6944
	8256 6944
4
	9120 6912
	9152 6912
	9152 6944
	9120 6944
4
	9984 6912
	11488 6912
	11488 6944
	9984 6944
4
	15136 6912
	16032 6912
	16032 6944
	15136 6944
4
	608 6944
	1280 6944
	1280 6976
	608 6976
4
	6752 6944
	7072 6944
	7072 6976
	6752 6976
4
	7136 6944
	7168 6944
	7168 6976
	7136 6976
4
	7680 6944
	7872 6944
	7872 6976
	7680 6976
4
	8256 6944
	9184 6944
	9184 6976
	8256 6976
4
	10080 6944
	11424 6944
	11424 6976
	10080 6976
4
	15200 6944
	15904 6944
	15904 6976
	15200 6976
4
	512 6976
	1280 6976
	1280 7008
	512 7008
4
	6656 6976
	7168 6976
	7168 7008
	6656 7008
4
	7712 6976
	7872 6976
	7872 7008
	7712 7008
4
	8192 6976
	9184 6976
	9184 7008
	8192 7008
4
	10240 6976
	11264 6976
	11264 7008
	10240 7008
4
	15168 6976
	15328 6976
	15328 7008
	15168 7008
4
	15360 6976
	15872 6976
	15872 7008
	15360 7008
4
	512 7008
	1280 7008
	1280 7040
	512 7040
4
	6656 7008
	7168 7008
	7168 7040
	6656 7040
4
	7328 7008
	7360 7008
	7360 7040
	7328 7040
4
	7808 7008
	7840 7008
	7840 7040
	7808 7040
4
	8192 7008
	9184 7008
	9184 7040
	8192 7040
4
	10240 7008
	11264 7008
	11264 7040
	10240 7040
4
	11392 7008
	11424 7008
	11424 7040
	11392 7040
4
	11648 7008
	11680 7008
	11680 7040
	11648 7040
4
	15360 7008
	15872 7008
	15872 7040
	15360 7040
4
	352 7040
	1120 7040
	1120 7072
	352 7072
4
	1152 7040
	1184 7040
	1184 7072
	1152 7072
4
	6496 7040
	7360 7040
	7360 7072
	6496 7072
4
	7488 7040
	7872 7040
	7872 7072
	7488 7072
4
	8096 7040
	9152 7040
	9152 7072
	8096 7072
4
	10080 7040
	11456 7040
	11456 7072
	10080 7072
4
	11616 7040
	11680 7040
	11680 7072
	11616 7072
4
	15360 7040
	15872 7040
	15872 7072
	15360 7072
4
	288 7072
	1184 7072
	1184 7104
	288 7104
4
	6464 7072
	7360 7072
	7360 7104
	6464 7104
4
	7488 7072
	7872 7072
	7872 7104
	7488 7104
4
	8096 7072
	9088 7072
	9088 7104
	8096 7104
4
	10016 7072
	11456 7072
	11456 7104
	10016 7104
4
	11488 7072
	11520 7072
	11520 7104
	11488 7104
4
	11584 7072
	11712 7072
	11712 7104
	11584 7104
4
	15360 7072
	15872 7072
	15872 7104
	15360 7104
4
	288 7104
	1184 7104
	1184 7136
	288 7136
4
	6464 7104
	7872 7104
	7872 7136
	6464 7136
4
	7936 7104
	8960 7104
	8960 7136
	7936 7136
4
	10016 7104
	11520 7104
	11520 7136
	10016 7136
4
	11584 7104
	11712 7104
	11712 7136
	11584 7136
4
	15360 7104
	15872 7104
	15872 7136
	15360 7136
4
	288 7136
	1184 7136
	1184 7168
	288 7168
4
	5984 7136
	6016 7136
	6016 7168
	5984 7168
4
	6400 7136
	8960 7136
	8960 7168
	6400 7168
4
	9088 7136
	9120 7136
	9120 7168
	9088 7168
4
	9984 7136
	11520 7136
	11520 7168
	9984 7168
4
	11679 7167
	11681 7167
	11681 7169
	11679 7169
4
	11584 7136
	11680 7136
	11680 7168
	11584 7168
4
	15328 7136
	15872 7136
	15872 7168
	15328 7168
4
	256 7168
	1184 7168
	1184 7200
	256 7200
4
	5728 7168
	6016 7168
	6016 7200
	5728 7200
4
	6240 7168
	9152 7168
	9152 7200
	6240 7200
4
	10048 7168
	11648 7168
	11648 7200
	10048 7200
4
	11680 7168
	11712 7168
	11712 7200
	11680 7200
4
	352 7200
	1056 7200
	1056 7232
	352 7232
4
	5696 7200
	6016 7200
	6016 7232
	5696 7232
4
	6208 7200
	9152 7200
	9152 7232
	6208 7232
4
	10016 7200
	11744 7200
	11744 7232
	10016 7232
4
	512 7232
	1024 7232
	1024 7264
	512 7264
4
	5696 7232
	9152 7232
	9152 7264
	5696 7264
4
	10048 7232
	10208 7232
	10208 7264
	10048 7264
4
	10240 7232
	11744 7232
	11744 7264
	10240 7264
4
	512 7264
	1024 7264
	1024 7296
	512 7296
4
	5632 7264
	9152 7264
	9152 7296
	5632 7296
4
	10240 7264
	11744 7264
	11744 7296
	10240 7296
4
	512 7296
	1024 7296
	1024 7328
	512 7328
4
	5504 7296
	9120 7296
	9120 7328
	5504 7328
4
	10080 7296
	11680 7296
	11680 7328
	10080 7328
4
	512 7328
	1024 7328
	1024 7360
	512 7360
4
	5440 7328
	8992 7328
	8992 7360
	5440 7360
4
	10016 7328
	11552 7328
	11552 7360
	10016 7360
4
	512 7360
	1024 7360
	1024 7392
	512 7392
4
	5440 7360
	8960 7360
	8960 7392
	5440 7392
4
	10016 7360
	11488 7360
	11488 7392
	10016 7392
4
	480 7392
	1024 7392
	1024 7424
	480 7424
4
	5440 7392
	8960 7392
	8960 7424
	5440 7424
4
	9056 7392
	9088 7392
	9088 7424
	9056 7424
4
	9984 7392
	11520 7392
	11520 7424
	9984 7424
4
	5408 7424
	9088 7424
	9088 7456
	5408 7456
4
	9120 7424
	9152 7424
	9152 7456
	9120 7456
4
	10016 7424
	11520 7424
	11520 7456
	10016 7456
4
	5472 7456
	9184 7456
	9184 7488
	5472 7488
4
	10080 7456
	11520 7456
	11520 7488
	10080 7488
4
	5440 7488
	5600 7488
	5600 7520
	5440 7520
4
	5632 7488
	9184 7488
	9184 7520
	5632 7520
4
	10048 7488
	10208 7488
	10208 7520
	10048 7520
4
	10240 7488
	11520 7488
	11520 7520
	10240 7520
4
	5632 7520
	9184 7520
	9184 7552
	5632 7552
4
	10240 7520
	11520 7520
	11520 7552
	10240 7552
4
	5472 7552
	9120 7552
	9120 7584
	5472 7584
4
	10144 7552
	11456 7552
	11456 7584
	10144 7584
4
	5440 7584
	8992 7584
	8992 7616
	5440 7616
4
	10144 7584
	11456 7584
	11456 7616
	10144 7616
4
	11488 7584
	11520 7584
	11520 7616
	11488 7616
4
	5440 7616
	8960 7616
	8960 7648
	5440 7648
4
	9984 7616
	11520 7616
	11520 7648
	9984 7648
4
	5376 7648
	8960 7648
	8960 7680
	5376 7680
4
	9984 7648
	11520 7648
	11520 7680
	9984 7680
4
	11584 7648
	11616 7648
	11616 7680
	11584 7680
4
	15744 7648
	15776 7648
	15776 7680
	15744 7680
4
	5216 7680
	8960 7680
	8960 7712
	5216 7712
4
	9824 7680
	11616 7680
	11616 7712
	9824 7712
4
	11648 7680
	11680 7680
	11680 7712
	11648 7712
4
	15520 7680
	15776 7680
	15776 7712
	15520 7712
4
	5152 7712
	8960 7712
	8960 7744
	5152 7744
4
	9760 7712
	11680 7712
	11680 7744
	9760 7744
4
	15520 7712
	15776 7712
	15776 7744
	15520 7744
4
	15840 7712
	15872 7712
	15872 7744
	15840 7744
4
	5152 7744
	8960 7744
	8960 7776
	5152 7776
4
	9760 7744
	11680 7744
	11680 7776
	9760 7776
4
	15360 7744
	15872 7744
	15872 7776
	15360 7776
4
	5120 7776
	8960 7776
	8960 7808
	5120 7808
4
	9728 7776
	11712 7776
	11712 7808
	9728 7808
4
	15360 7776
	15872 7776
	15872 7808
	15360 7808
4
	15936 7776
	15968 7776
	15968 7808
	15936 7808
4
	5152 7808
	8192 7808
	8192 7840
	5152 7840
4
	9792 7808
	11712 7808
	11712 7840
	9792 7840
4
	15232 7808
	15968 7808
	15968 7840
	15232 7840
4
	16000 7808
	16032 7808
	16032 7840
	16000 7840
4
	5216 7840
	8192 7840
	8192 7872
	5216 7872
4
	9760 7840
	11648 7840
	11648 7872
	9760 7872
4
	15136 7840
	16032 7840
	16032 7872
	15136 7872
4
	5184 7872
	5344 7872
	5344 7904
	5184 7904
4
	5376 7872
	8192 7872
	8192 7904
	5376 7904
4
	9792 7872
	9952 7872
	9952 7904
	9792 7904
4
	9984 7872
	11520 7872
	11520 7904
	9984 7904
4
	15136 7872
	16032 7872
	16032 7904
	15136 7904
4
	1408 7904
	1440 7904
	1440 7936
	1408 7936
4
	5376 7904
	8192 7904
	8192 7936
	5376 7936
4
	9984 7904
	11520 7904
	11520 7936
	9984 7936
4
	11616 7904
	11648 7904
	11648 7936
	11616 7936
4
	15136 7904
	16032 7904
	16032 7936
	15136 7936
4
	16064 7904
	16096 7904
	16096 7936
	16064 7936
4
	1120 7936
	1472 7936
	1472 7968
	1120 7968
4
	5216 7936
	7936 7936
	7936 7968
	5216 7968
4
	9856 7936
	11648 7936
	11648 7968
	9856 7968
4
	15104 7936
	16096 7936
	16096 7968
	15104 7968
4
	1120 7968
	1472 7968
	1472 8000
	1120 8000
4
	5216 7968
	7936 7968
	7936 8000
	5216 8000
4
	9856 7968
	11648 7968
	11648 8000
	9856 8000
4
	11680 7968
	11712 7968
	11712 8000
	11680 8000
4
	15200 7968
	16032 7968
	16032 8000
	15200 8000
4
	1024 8000
	1472 8000
	1472 8032
	1024 8032
4
	1504 8000
	1536 8000
	1536 8032
	1504 8032
4
	5120 8000
	7936 8000
	7936 8032
	5120 8032
4
	9792 8000
	11712 8000
	11712 8032
	9792 8032
4
	11744 8000
	11776 8000
	11776 8032
	11744 8032
4
	15360 8000
	15872 8000
	15872 8032
	15360 8032
4
	1024 8032
	1536 8032
	1536 8064
	1024 8064
4
	1664 8032
	1696 8032
	1696 8064
	1664 8064
4
	5120 8032
	7936 8032
	7936 8064
	5120 8064
4
	9728 8032
	11776 8032
	11776 8064
	9728 8064
4
	11904 8032
	11936 8032
	11936 8064
	11904 8064
4
	15360 8032
	15872 8032
	15872 8064
	15360 8064
4
	15936 8032
	15968 8032
	15968 8064
	15936 8064
4
	896 8064
	1728 8064
	1728 8096
	896 8096
4
	5024 8064
	7168 8064
	7168 8096
	5024 8096
4
	9600 8064
	11936 8064
	11936 8096
	9600 8096
4
	15232 8064
	15968 8064
	15968 8096
	15232 8096
4
	16000 8064
	16032 8064
	16032 8096
	16000 8096
4
	800 8096
	1728 8096
	1728 8128
	800 8128
4
	5024 8096
	7168 8096
	7168 8128
	5024 8128
4
	9536 8096
	11936 8096
	11936 8128
	9536 8128
4
	12000 8096
	12032 8096
	12032 8128
	12000 8128
4
	15136 8096
	16032 8096
	16032 8128
	15136 8128
4
	800 8128
	1728 8128
	1728 8160
	800 8160
4
	4864 8128
	7168 8128
	7168 8160
	4864 8160
4
	9536 8128
	12032 8128
	12032 8160
	9536 8160
4
	15104 8128
	16032 8128
	16032 8160
	15104 8160
4
	640 8160
	672 8160
	672 8192
	640 8192
4
	800 8160
	1760 8160
	1760 8192
	800 8192
4
	4864 8160
	7168 8160
	7168 8192
	4864 8192
4
	9536 8160
	12032 8160
	12032 8192
	9536 8192
4
	12128 8160
	12160 8160
	12160 8192
	12128 8192
4
	12704 8160
	12736 8160
	12736 8192
	12704 8192
4
	15008 8160
	16032 8160
	16032 8192
	15008 8192
4
	608 8192
	672 8192
	672 8224
	608 8224
4
	768 8192
	1760 8192
	1760 8224
	768 8224
4
	4704 8192
	6912 8192
	6912 8224
	4704 8224
4
	9536 8192
	12160 8192
	12160 8224
	9536 8224
4
	12576 8192
	12768 8192
	12768 8224
	12576 8224
4
	14944 8192
	16032 8192
	16032 8224
	14944 8224
4
	608 8224
	672 8224
	672 8256
	608 8256
4
	864 8224
	1696 8224
	1696 8256
	864 8256
4
	4704 8224
	6912 8224
	6912 8256
	4704 8256
4
	9504 8224
	12160 8224
	12160 8256
	9504 8256
4
	12256 8224
	12288 8224
	12288 8256
	12256 8256
4
	12512 8224
	12768 8224
	12768 8256
	12512 8256
4
	14912 8224
	15904 8224
	15904 8256
	14912 8256
4
	576 8256
	672 8256
	672 8288
	576 8288
4
	1024 8256
	1536 8256
	1536 8288
	1024 8288
4
	4608 8256
	6912 8256
	6912 8288
	4608 8288
4
	9536 8256
	9696 8256
	9696 8288
	9536 8288
4
	9728 8256
	12288 8256
	12288 8288
	9728 8288
4
	12544 8256
	12768 8256
	12768 8288
	12544 8288
4
	14880 8256
	15872 8256
	15872 8288
	14880 8288
4
	1024 8288
	1536 8288
	1536 8320
	1024 8320
4
	1664 8288
	1696 8288
	1696 8320
	1664 8320
4
	2176 8288
	2208 8288
	2208 8320
	2176 8320
4
	4224 8288
	4256 8288
	4256 8320
	4224 8320
4
	4608 8288
	6912 8288
	6912 8320
	4608 8320
4
	9728 8288
	12288 8288
	12288 8320
	9728 8320
4
	12448 8288
	12480 8288
	12480 8320
	12448 8320
4
	12928 8288
	12960 8288
	12960 8320
	12928 8320
4
	13440 8288
	13472 8288
	13472 8320
	13440 8320
4
	13888 8288
	13920 8288
	13920 8320
	13888 8320
4
	14432 8288
	14464 8288
	14464 8320
	14432 8320
4
	14848 8288
	15872 8288
	15872 8320
	14848 8320
4
	16000 8288
	16032 8288
	16032 8320
	16000 8320
4
	896 8320
	1728 8320
	1728 8352
	896 8352
4
	1888 8320
	2240 8320
	2240 8352
	1888 8352
4
	3936 8320
	4288 8320
	4288 8352
	3936 8352
4
	4448 8320
	6656 8320
	6656 8352
	4448 8352
4
	9600 8320
	12480 8320
	12480 8352
	9600 8352
4
	12640 8320
	12960 8320
	12960 8352
	12640 8352
4
	13184 8320
	13504 8320
	13504 8352
	13184 8352
4
	13696 8320
	13920 8320
	13920 8352
	13696 8352
4
	14208 8320
	14464 8320
	14464 8352
	14208 8352
4
	14688 8320
	16064 8320
	16064 8352
	14688 8352
4
	896 8352
	1728 8352
	1728 8384
	896 8384
4
	1888 8352
	2240 8352
	2240 8384
	1888 8384
4
	2272 8352
	2304 8352
	2304 8384
	2272 8384
4
	3904 8352
	4288 8352
	4288 8384
	3904 8384
4
	4416 8352
	6656 8352
	6656 8384
	4416 8384
4
	9504 8352
	12480 8352
	12480 8384
	9504 8384
4
	12640 8352
	12960 8352
	12960 8384
	12640 8384
4
	13024 8352
	13056 8352
	13056 8384
	13024 8384
4
	13184 8352
	13504 8352
	13504 8384
	13184 8384
4
	13696 8352
	13920 8352
	13920 8384
	13696 8384
4
	14048 8352
	14080 8352
	14080 8384
	14048 8384
4
	14208 8352
	14464 8352
	14464 8384
	14208 8384
4
	14560 8352
	14592 8352
	14592 8384
	14560 8384
4
	14656 8352
	16064 8352
	16064 8384
	14656 8384
4
	832 8384
	2304 8384
	2304 8416
	832 8416
4
	3840 8384
	4288 8384
	4288 8416
	3840 8416
4
	4416 8384
	6656 8384
	6656 8416
	4416 8416
4
	9504 8384
	13056 8384
	13056 8416
	9504 8416
4
	13120 8384
	14080 8384
	14080 8416
	13120 8416
4
	14144 8384
	14592 8384
	14592 8416
	14144 8416
4
	14656 8384
	16064 8384
	16064 8416
	14656 8416
4
	768 8416
	2304 8416
	2304 8448
	768 8448
4
	2368 8416
	2400 8416
	2400 8448
	2368 8448
4
	3840 8416
	6656 8416
	6656 8448
	3840 8448
4
	6784 8416
	6816 8416
	6816 8448
	6784 8448
4
	9472 8416
	16064 8416
	16064 8448
	9472 8448
4
	608 8448
	2400 8448
	2400 8480
	608 8480
4
	3680 8448
	6528 8448
	6528 8480
	3680 8480
4
	6560 8448
	6592 8448
	6592 8480
	6560 8480
4
	6688 8448
	6848 8448
	6848 8480
	6688 8480
4
	9536 8448
	16064 8448
	16064 8480
	9536 8480
4
	608 8480
	2400 8480
	2400 8512
	608 8512
4
	2528 8480
	2560 8480
	2560 8512
	2528 8512
4
	3680 8480
	6624 8480
	6624 8512
	3680 8512
4
	6752 8480
	6848 8480
	6848 8512
	6752 8512
4
	9504 8480
	16000 8480
	16000 8512
	9504 8512
4
	512 8512
	2560 8512
	2560 8544
	512 8544
4
	3584 8512
	6624 8512
	6624 8544
	3584 8544
4
	6688 8512
	6848 8512
	6848 8544
	6688 8544
4
	9536 8512
	9696 8512
	9696 8544
	9536 8544
4
	9728 8512
	15872 8512
	15872 8544
	9728 8544
4
	512 8544
	2560 8544
	2560 8576
	512 8576
4
	2624 8544
	2656 8544
	2656 8576
	2624 8576
4
	3200 8544
	3232 8544
	3232 8576
	3200 8576
4
	3584 8544
	6624 8544
	6624 8576
	3584 8576
4
	6720 8544
	6816 8544
	6816 8576
	6720 8576
4
	9728 8544
	15872 8544
	15872 8576
	9728 8576
4
	352 8576
	2656 8576
	2656 8608
	352 8608
4
	2944 8576
	3264 8576
	3264 8608
	2944 8608
4
	3456 8576
	6592 8576
	6592 8608
	3456 8608
4
	9568 8576
	15872 8576
	15872 8608
	9568 8608
4
	288 8608
	2656 8608
	2656 8640
	288 8640
4
	2784 8608
	2816 8608
	2816 8640
	2784 8640
4
	2944 8608
	3264 8608
	3264 8640
	2944 8640
4
	3456 8608
	6528 8608
	6528 8640
	3456 8640
4
	9504 8608
	15872 8608
	15872 8640
	9504 8640
4
	288 8640
	2816 8640
	2816 8672
	288 8672
4
	2880 8640
	3264 8640
	3264 8672
	2880 8672
4
	3328 8640
	6400 8640
	6400 8672
	3328 8672
4
	9504 8640
	15872 8640
	15872 8672
	9504 8672
4
	256 8672
	6400 8672
	6400 8704
	256 8704
4
	6528 8672
	6560 8672
	6560 8704
	6528 8704
4
	9504 8672
	15872 8672
	15872 8704
	9504 8704
4
	288 8704
	6592 8704
	6592 8736
	288 8736
4
	9472 8704
	15616 8704
	15616 8736
	9472 8736
4
	15712 8704
	15840 8704
	15840 8736
	15712 8736
4
	352 8736
	6592 8736
	6592 8768
	352 8768
4
	9568 8736
	15616 8736
	15616 8768
	9568 8768
4
	15712 8736
	15840 8736
	15840 8768
	15712 8768
4
	320 8768
	480 8768
	480 8800
	320 8800
4
	512 8768
	6592 8768
	6592 8800
	512 8800
4
	9728 8768
	15616 8768
	15616 8800
	9728 8800
4
	15680 8768
	15840 8768
	15840 8800
	15680 8800
4
	512 8800
	6624 8800
	6624 8832
	512 8832
4
	9728 8800
	15616 8800
	15616 8832
	9728 8832
4
	15712 8800
	15744 8800
	15744 8832
	15712 8832
4
	384 8832
	6624 8832
	6624 8864
	384 8864
4
	9568 8832
	15776 8832
	15776 8864
	9568 8864
4
	320 8864
	6560 8864
	6560 8896
	320 8896
4
	9504 8864
	15776 8864
	15776 8896
	9504 8896
4
	320 8896
	6400 8896
	6400 8928
	320 8928
4
	9504 8896
	15744 8896
	15744 8928
	9504 8928
4
	320 8928
	6400 8928
	6400 8960
	320 8960
4
	9472 8928
	15744 8928
	15744 8960
	9472 8960
4
	320 8960
	6400 8960
	6400 8992
	320 8992
4
	9536 8960
	15296 8960
	15296 8992
	9536 8992
4
	15392 8960
	15712 8960
	15712 8992
	15392 8992
4
	288 8992
	6400 8992
	6400 9024
	288 9024
4
	9504 8992
	15296 8992
	15296 9024
	9504 9024
4
	15424 8992
	15584 8992
	15584 9024
	15424 9024
4
	320 9024
	480 9024
	480 9056
	320 9056
4
	512 9024
	6400 9024
	6400 9056
	512 9056
4
	9536 9024
	9696 9024
	9696 9056
	9536 9056
4
	9728 9024
	15296 9024
	15296 9056
	9728 9056
4
	512 9056
	6400 9056
	6400 9088
	512 9088
4
	9728 9056
	15296 9056
	15296 9088
	9728 9088
4
	512 9088
	6336 9088
	6336 9120
	512 9120
4
	9728 9088
	15264 9088
	15264 9120
	9728 9120
4
	512 9120
	6336 9120
	6336 9152
	512 9152
4
	9728 9120
	15136 9120
	15136 9152
	9728 9152
4
	512 9152
	6336 9152
	6336 9184
	512 9184
4
	9728 9152
	15104 9152
	15104 9184
	9728 9184
4
	480 9184
	6368 9184
	6368 9216
	480 9216
4
	9696 9184
	15104 9184
	15104 9216
	9696 9216
4
	768 9216
	6368 9216
	6368 9248
	768 9248
4
	9888 9216
	15104 9216
	15104 9248
	9888 9248
4
	768 9248
	6304 9248
	6304 9280
	768 9280
4
	9888 9248
	15104 9248
	15104 9280
	9888 9280
4
	768 9280
	6144 9280
	6144 9312
	768 9312
4
	9728 9280
	15104 9280
	15104 9312
	9728 9312
4
	736 9312
	6144 9312
	6144 9344
	736 9344
4
	6272 9312
	6304 9312
	6304 9344
	6272 9344
4
	9728 9312
	15104 9312
	15104 9344
	9728 9344
4
	896 9344
	6336 9344
	6336 9376
	896 9376
4
	9568 9344
	15040 9344
	15040 9376
	9568 9376
4
	800 9376
	6336 9376
	6336 9408
	800 9408
4
	9504 9376
	15040 9376
	15040 9408
	9504 9408
4
	800 9408
	6336 9408
	6336 9440
	800 9440
4
	9504 9408
	15040 9408
	15040 9440
	9504 9440
4
	15072 9408
	15104 9408
	15104 9440
	15072 9440
4
	768 9440
	6336 9440
	6336 9472
	768 9472
4
	9504 9440
	15104 9440
	15104 9472
	9504 9472
4
	15200 9440
	15232 9440
	15232 9472
	15200 9472
4
	832 9472
	6304 9472
	6304 9504
	832 9504
4
	9472 9472
	15232 9472
	15232 9504
	9472 9504
4
	15264 9472
	15296 9472
	15296 9504
	15264 9504
4
	800 9504
	1024 9504
	1024 9536
	800 9536
4
	1056 9504
	6176 9504
	6176 9536
	1056 9536
4
	9568 9504
	15328 9504
	15328 9536
	9568 9536
4
	832 9536
	992 9536
	992 9568
	832 9568
4
	1056 9536
	6144 9536
	6144 9568
	1056 9568
4
	9728 9536
	15328 9536
	15328 9568
	9728 9568
4
	1056 9568
	6144 9568
	6144 9600
	1056 9600
4
	6240 9568
	6272 9568
	6272 9600
	6240 9600
4
	9728 9568
	15328 9568
	15328 9600
	9728 9600
4
	1024 9600
	6272 9600
	6272 9632
	1024 9632
4
	6304 9600
	6336 9600
	6336 9632
	6304 9632
4
	9728 9600
	15328 9600
	15328 9632
	9728 9632
4
	1024 9632
	6368 9632
	6368 9664
	1024 9664
4
	9728 9632
	15264 9632
	15264 9664
	9728 9664
4
	1024 9664
	6368 9664
	6368 9696
	1024 9696
4
	9728 9664
	15104 9664
	15104 9696
	9728 9696
4
	992 9696
	6368 9696
	6368 9728
	992 9728
4
	9696 9696
	15104 9696
	15104 9728
	9696 9728
4
	15232 9696
	15264 9696
	15264 9728
	15232 9728
4
	1120 9728
	6336 9728
	6336 9760
	1120 9760
4
	9856 9728
	15264 9728
	15264 9760
	9856 9760
4
	1056 9760
	6272 9760
	6272 9792
	1056 9792
4
	9632 9760
	9664 9760
	9664 9792
	9632 9792
4
	9760 9760
	15264 9760
	15264 9792
	9760 9792
4
	15328 9760
	15360 9760
	15360 9792
	15328 9792
4
	1056 9792
	6144 9792
	6144 9824
	1056 9824
4
	9568 9792
	9696 9792
	9696 9824
	9568 9824
4
	9760 9792
	15360 9792
	15360 9824
	9760 9824
4
	1056 9824
	6144 9824
	6144 9856
	1056 9856
4
	9504 9824
	9696 9824
	9696 9856
	9504 9856
4
	9760 9824
	15360 9824
	15360 9856
	9760 9856
4
	15456 9824
	15488 9824
	15488 9856
	15456 9856
4
	16288 9824
	16320 9824
	16320 9856
	16288 9856
4
	1024 9856
	6144 9856
	6144 9888
	1024 9888
4
	9504 9856
	9696 9856
	9696 9888
	9504 9888
4
	9728 9856
	15488 9856
	15488 9888
	9728 9888
4
	16160 9856
	16352 9856
	16352 9888
	16160 9888
4
	1120 9888
	6144 9888
	6144 9920
	1120 9920
4
	9472 9888
	9664 9888
	9664 9920
	9472 9920
4
	9824 9888
	15488 9888
	15488 9920
	9824 9920
4
	15584 9888
	15616 9888
	15616 9920
	15584 9920
4
	16096 9888
	16352 9888
	16352 9920
	16096 9920
4
	1280 9920
	6144 9920
	6144 9952
	1280 9952
4
	9504 9920
	9664 9920
	9664 9952
	9504 9952
4
	9984 9920
	15616 9920
	15616 9952
	9984 9952
4
	16128 9920
	16352 9920
	16352 9952
	16128 9952
4
	832 9952
	864 9952
	864 9984
	832 9984
4
	1280 9952
	6144 9952
	6144 9984
	1280 9984
4
	9984 9952
	15616 9952
	15616 9984
	9984 9984
4
	15712 9952
	15744 9952
	15744 9984
	15712 9984
4
	16288 9952
	16320 9952
	16320 9984
	16288 9984
4
	576 9984
	864 9984
	864 10016
	576 10016
4
	1152 9984
	5984 9984
	5984 10016
	1152 10016
4
	6016 9984
	6048 9984
	6048 10016
	6016 10016
4
	9792 9984
	15744 9984
	15744 10016
	9792 10016
4
	16032 9984
	16320 9984
	16320 10016
	16032 10016
4
	608 10016
	864 10016
	864 10048
	608 10048
4
	1088 10016
	6048 10016
	6048 10048
	1088 10048
4
	9792 10016
	15744 10016
	15744 10048
	9792 10048
4
	15776 10016
	15808 10016
	15808 10048
	15776 10048
4
	16032 10016
	16320 10016
	16320 10048
	16032 10048
4
	672 10048
	800 10048
	800 10080
	672 10080
4
	1088 10048
	6048 10048
	6048 10080
	1088 10080
4
	9728 10048
	15808 10048
	15808 10080
	9728 10080
4
	15872 10048
	16384 10048
	16384 10080
	15872 10080
4
	896 10080
	928 10080
	928 10112
	896 10112
4
	1088 10080
	6048 10080
	6048 10112
	1088 10112
4
	6080 10080
	6112 10080
	6112 10112
	6080 10112
4
	9728 10080
	16384 10080
	16384 10112
	9728 10112
4
	832 10112
	960 10112
	960 10144
	832 10144
4
	1024 10112
	6112 10112
	6112 10144
	1024 10144
4
	9600 10112
	16384 10112
	16384 10144
	9600 10144
4
	832 10144
	960 10144
	960 10176
	832 10176
4
	1120 10144
	6048 10144
	6048 10176
	1120 10176
4
	9600 10144
	16384 10144
	16384 10176
	9600 10176
4
	768 10176
	960 10176
	960 10208
	768 10208
4
	1280 10176
	5888 10176
	5888 10208
	1280 10208
4
	9536 10176
	16384 10176
	16384 10208
	9536 10208
4
	832 10208
	864 10208
	864 10240
	832 10240
4
	896 10208
	928 10208
	928 10240
	896 10240
4
	1280 10208
	5888 10208
	5888 10240
	1280 10240
4
	5952 10208
	5984 10208
	5984 10240
	5952 10240
4
	9472 10208
	16384 10208
	16384 10240
	9472 10240
4
	608 10240
	928 10240
	928 10272
	608 10272
4
	1120 10240
	5984 10240
	5984 10272
	1120 10272
4
	6016 10240
	6048 10240
	6048 10272
	6016 10272
4
	9312 10240
	16384 10240
	16384 10272
	9312 10272
4
	608 10272
	928 10272
	928 10304
	608 10304
4
	1120 10272
	6048 10272
	6048 10304
	1120 10304
4
	9280 10272
	16384 10272
	16384 10304
	9280 10304
4
	512 10304
	6048 10304
	6048 10336
	512 10336
4
	9280 10304
	16384 10304
	16384 10336
	9280 10336
4
	128 10336
	160 10336
	160 10368
	128 10368
4
	512 10336
	6080 10336
	6080 10368
	512 10368
4
	9216 10336
	16384 10336
	16384 10368
	9216 10368
4
	0 10368
	192 10368
	192 10400
	0 10400
4
	352 10368
	6080 10368
	6080 10400
	352 10400
4
	9120 10368
	16384 10368
	16384 10400
	9120 10400
4
	0 10400
	192 10400
	192 10432
	0 10432
4
	352 10400
	6016 10400
	6016 10432
	352 10432
4
	9120 10400
	16384 10400
	16384 10432
	9120 10432
4
	0 10432
	192 10432
	192 10464
	0 10464
4
	256 10432
	5888 10432
	5888 10464
	256 10464
4
	8960 10432
	16384 10432
	16384 10464
	8960 10464
4
	0 10464
	5888 10464
	5888 10496
	0 10496
4
	6016 10464
	6048 10464
	6048 10496
	6016 10496
4
	8960 10464
	16384 10464
	16384 10496
	8960 10496
4
	0 10496
	6080 10496
	6080 10528
	0 10528
4
	8832 10496
	16384 10496
	16384 10528
	8832 10528
4
	0 10528
	6080 10528
	6080 10560
	0 10560
4
	6112 10528
	6144 10528
	6144 10560
	6112 10560
4
	8768 10528
	16384 10528
	16384 10560
	8768 10560
4
	0 10560
	6144 10560
	6144 10592
	0 10592
4
	8768 10560
	16384 10560
	16384 10592
	8768 10592
4
	0 10592
	6144 10592
	6144 10624
	0 10624
4
	6240 10592
	6272 10592
	6272 10624
	6240 10624
4
	8768 10592
	16384 10592
	16384 10624
	8768 10624
4
	0 10624
	6272 10624
	6272 10656
	0 10656
4
	6304 10624
	6336 10624
	6336 10656
	6304 10656
4
	8736 10624
	16384 10624
	16384 10656
	8736 10656
4
	0 10656
	6368 10656
	6368 10688
	0 10688
4
	8800 10656
	16384 10656
	16384 10688
	8800 10688
4
	0 10688
	6368 10688
	6368 10720
	0 10720
4
	8768 10688
	8928 10688
	8928 10720
	8768 10720
4
	8960 10688
	16384 10688
	16384 10720
	8960 10720
4
	0 10720
	6368 10720
	6368 10752
	0 10752
4
	8960 10720
	16384 10720
	16384 10752
	8960 10752
4
	0 10752
	6368 10752
	6368 10784
	0 10784
4
	8800 10752
	16384 10752
	16384 10784
	8800 10784
4
	0 10784
	6304 10784
	6304 10816
	0 10816
4
	8768 10784
	16384 10784
	16384 10816
	8768 10816
4
	0 10816
	6144 10816
	6144 10848
	0 10848
4
	8768 10816
	16384 10816
	16384 10848
	8768 10848
4
	0 10848
	6144 10848
	6144 10880
	0 10880
4
	6272 10848
	6304 10848
	6304 10880
	6272 10880
4
	8704 10848
	16384 10848
	16384 10880
	8704 10880
4
	0 10880
	6336 10880
	6336 10912
	0 10912
4
	8576 10880
	16384 10880
	16384 10912
	8576 10912
4
	0 10912
	6368 10912
	6368 10944
	0 10944
4
	8480 10912
	16384 10912
	16384 10944
	8480 10944
4
	0 10944
	6368 10944
	6368 10976
	0 10976
4
	6400 10944
	6432 10944
	6432 10976
	6400 10976
4
	8480 10944
	16384 10944
	16384 10976
	8480 10976
4
	0 10976
	6432 10976
	6432 11008
	0 11008
4
	6496 10976
	6528 10976
	6528 11008
	6496 11008
4
	8480 10976
	16384 10976
	16384 11008
	8480 11008
4
	0 11008
	6528 11008
	6528 11040
	0 11040
4
	6592 11008
	6624 11008
	6624 11040
	6592 11040
4
	8288 11008
	16384 11008
	16384 11040
	8288 11040
4
	0 11040
	6656 11040
	6656 11072
	0 11072
4
	8256 11040
	16384 11040
	16384 11072
	8256 11072
4
	0 11072
	6656 11072
	6656 11104
	0 11104
4
	8192 11072
	16384 11072
	16384 11104
	8192 11104
4
	0 11104
	6656 11104
	6656 11136
	0 11136
4
	6784 11104
	6816 11104
	6816 11136
	6784 11136
4
	8192 11104
	16384 11104
	16384 11136
	8192 11136
4
	0 11136
	6848 11136
	6848 11168
	0 11168
4
	8032 11136
	16384 11136
	16384 11168
	8032 11168
4
	0 11168
	6848 11168
	6848 11200
	0 11200
4
	8032 11168
	16384 11168
	16384 11200
	8032 11200
4
	0 11200
	6848 11200
	6848 11232
	0 11232
4
	6880 11200
	6912 11200
	6912 11232
	6880 11232
4
	7936 11200
	16384 11200
	16384 11232
	7936 11232
4
	0 11232
	6912 11232
	6912 11264
	0 11264
4
	7040 11232
	7072 11232
	7072 11264
	7040 11264
4
	7936 11232
	16384 11232
	16384 11264
	7936 11264
4
	0 11264
	7104 11264
	7104 11296
	0 11296
4
	7808 11264
	10080 11264
	10080 11296
	7808 11296
4
	10112 11264
	10144 11264
	10144 11296
	10112 11296
4
	10496 11264
	16384 11264
	16384 11296
	10496 11296
4
	0 11296
	7104 11296
	7104 11328
	0 11328
4
	7712 11296
	10144 11296
	10144 11328
	7712 11328
4
	10496 11296
	16384 11296
	16384 11328
	10496 11328
4
	0 11328
	7104 11328
	7104 11360
	0 11360
4
	7712 11328
	10144 11328
	10144 11360
	7712 11360
4
	10496 11328
	16384 11328
	16384 11360
	10496 11360
4
	0 11360
	7104 11360
	7104 11392
	0 11392
4
	7712 11360
	10176 11360
	10176 11392
	7712 11392
4
	10464 11360
	16384 11360
	16384 11392
	10464 11392
4
	0 11392
	4800 11392
	4800 11424
	0 11424
4
	4960 11392
	5024 11392
	5024 11424
	4960 11424
4
	5632 11392
	7104 11392
	7104 11424
	5632 11424
4
	7680 11392
	10176 11392
	10176 11424
	7680 11424
4
	10752 11392
	16384 11392
	16384 11424
	10752 11424
4
	0 11424
	4800 11424
	4800 11456
	0 11456
4
	4960 11424
	5024 11424
	5024 11456
	4960 11456
4
	5632 11424
	7040 11424
	7040 11456
	5632 11456
4
	7776 11424
	10112 11424
	10112 11456
	7776 11456
4
	10752 11424
	16384 11424
	16384 11456
	10752 11456
4
	0 11456
	4800 11456
	4800 11488
	0 11488
4
	4928 11456
	5024 11456
	5024 11488
	4928 11488
4
	5632 11456
	6912 11456
	6912 11488
	5632 11488
4
	7936 11456
	9984 11456
	9984 11488
	7936 11488
4
	10752 11456
	16384 11456
	16384 11488
	10752 11488
4
	0 11488
	4800 11488
	4800 11520
	0 11520
4
	5600 11488
	6912 11488
	6912 11520
	5600 11520
4
	7936 11488
	9984 11488
	9984 11520
	7936 11520
4
	10720 11488
	16384 11488
	16384 11520
	10720 11520
4
	0 11520
	4800 11520
	4800 11552
	0 11552
4
	5888 11520
	6912 11520
	6912 11552
	5888 11552
4
	7776 11520
	9984 11520
	9984 11552
	7776 11552
4
	11008 11520
	16384 11520
	16384 11552
	11008 11552
4
	0 11552
	4736 11552
	4736 11584
	0 11584
4
	5888 11552
	6912 11552
	6912 11584
	5888 11584
4
	7712 11552
	9984 11552
	9984 11584
	7712 11584
4
	10144 11552
	10176 11552
	10176 11584
	10144 11584
4
	11008 11552
	16384 11552
	16384 11584
	11008 11584
4
	0 11584
	4608 11584
	4608 11616
	0 11616
4
	5888 11584
	6912 11584
	6912 11616
	5888 11616
4
	7712 11584
	9984 11584
	9984 11616
	7712 11616
4
	10080 11584
	10208 11584
	10208 11616
	10080 11616
4
	11008 11584
	16384 11584
	16384 11616
	11008 11616
4
	0 11616
	4608 11616
	4608 11648
	0 11648
4
	5856 11616
	6912 11616
	6912 11648
	5856 11648
4
	7680 11616
	9984 11616
	9984 11648
	7680 11648
4
	10016 11616
	10208 11616
	10208 11648
	10016 11648
4
	10976 11616
	16384 11616
	16384 11648
	10976 11648
4
	0 11648
	4608 11648
	4608 11680
	0 11680
4
	6144 11648
	6656 11648
	6656 11680
	6144 11680
4
	7712 11648
	9728 11648
	9728 11680
	7712 11680
4
	10016 11648
	10208 11648
	10208 11680
	10016 11680
4
	11136 11648
	16384 11648
	16384 11680
	11136 11680
4
	0 11680
	4608 11680
	4608 11712
	0 11712
4
	6144 11680
	6656 11680
	6656 11712
	6144 11712
4
	7776 11680
	9728 11680
	9728 11712
	7776 11712
4
	9984 11680
	10176 11680
	10176 11712
	9984 11712
4
	11040 11680
	16384 11680
	16384 11712
	11040 11712
4
	0 11712
	4608 11712
	4608 11744
	0 11744
4
	6144 11712
	6656 11712
	6656 11744
	6144 11744
4
	7744 11712
	7904 11712
	7904 11744
	7744 11744
4
	7936 11712
	9728 11712
	9728 11744
	7936 11744
4
	10016 11712
	10176 11712
	10176 11744
	10016 11744
4
	11040 11712
	16384 11712
	16384 11744
	11040 11744
4
	0 11744
	4608 11744
	4608 11776
	0 11776
4
	6112 11744
	6656 11744
	6656 11776
	6112 11776
4
	7936 11744
	9728 11744
	9728 11776
	7936 11776
4
	11040 11744
	16384 11744
	16384 11776
	11040 11776
4
	0 11776
	4352 11776
	4352 11808
	0 11808
4
	4704 11776
	4736 11776
	4736 11808
	4704 11808
4
	6208 11776
	6368 11776
	6368 11808
	6208 11808
4
	7936 11776
	9472 11776
	9472 11808
	7936 11808
4
	11008 11776
	16384 11776
	16384 11808
	11008 11808
4
	0 11808
	4352 11808
	4352 11840
	0 11840
4
	4640 11808
	4736 11808
	4736 11840
	4640 11840
4
	4800 11808
	4832 11808
	4832 11840
	4800 11840
4
	6144 11808
	6368 11808
	6368 11840
	6144 11840
4
	7936 11808
	9472 11808
	9472 11840
	7936 11840
4
	11104 11808
	16384 11808
	16384 11840
	11104 11840
4
	0 11840
	4352 11840
	4352 11872
	0 11872
4
	4640 11840
	4832 11840
	4832 11872
	4640 11872
4
	6176 11840
	6336 11840
	6336 11872
	6176 11872
4
	7936 11840
	9472 11840
	9472 11872
	7936 11872
4
	11264 11840
	16384 11840
	16384 11872
	11264 11872
4
	0 11872
	4352 11872
	4352 11904
	0 11904
4
	4640 11872
	4832 11872
	4832 11904
	4640 11904
4
	7904 11872
	9472 11872
	9472 11904
	7904 11904
4
	11264 11872
	16384 11872
	16384 11904
	11264 11904
4
	0 11904
	4288 11904
	4288 11936
	0 11936
4
	4640 11904
	4800 11904
	4800 11936
	4640 11936
4
	11264 11904
	16384 11904
	16384 11936
	11264 11936
4
	0 11936
	4288 11936
	4288 11968
	0 11968
4
	4320 11936
	4352 11936
	4352 11968
	4320 11968
4
	4640 11936
	4768 11936
	4768 11968
	4640 11968
4
	11264 11936
	16384 11936
	16384 11968
	11264 11968
4
	0 11968
	4352 11968
	4352 12000
	0 12000
4
	4608 11968
	4736 11968
	4736 12000
	4608 12000
4
	11264 11968
	16384 11968
	16384 12000
	11264 12000
4
	0 12000
	4352 12000
	4352 12032
	0 12032
4
	4448 12000
	4480 12000
	4480 12032
	4448 12032
4
	11136 12000
	11168 12000
	11168 12032
	11136 12032
4
	11232 12000
	16384 12000
	16384 12032
	11232 12032
4
	0 12032
	4480 12032
	4480 12064
	0 12064
4
	4512 12032
	4544 12032
	4544 12064
	4512 12064
4
	11040 12032
	11200 12032
	11200 12064
	11040 12064
4
	11392 12032
	16384 12032
	16384 12064
	11392 12064
4
	0 12064
	4576 12064
	4576 12096
	0 12096
4
	11104 12064
	11200 12064
	11200 12096
	11104 12096
4
	11392 12064
	16384 12064
	16384 12096
	11392 12096
4
	0 12096
	4576 12096
	4576 12128
	0 12128
4
	11040 12096
	11200 12096
	11200 12128
	11040 12128
4
	11264 12096
	16384 12096
	16384 12128
	11264 12128
4
	0 12128
	4576 12128
	4576 12160
	0 12160
4
	11104 12128
	11168 12128
	11168 12160
	11104 12160
4
	11264 12128
	16384 12128
	16384 12160
	11264 12160
4
	0 12160
	16384 12160
	16384 12192
	0 12192
4
	0 12192
	16384 12192
	16384 12224
	0 12224
4
	0 12224
	16384 12224
	16384 12256
	0 12256
4
	0 12256
	16384 12256
	16384 12288
	0 12288
4
	-32 -32
	16416 -32
	16416 0
	-32 0
4
	-32 12288
	16416 12288
	16416 12320
	-32 12320
4
	-32 0
	0 0
	0 12288
	-32 12288
4
	16384 0
	16416 0
	16416 12288
	16384 12288
