1.72092
1.5964
1.60231
1.59539
1.64422
1.65489
1.63798
1.75477
1.81065
1.74285
1.73759
1.84481
1.84147
1.84282
1.84341
1.70129
1.69578
1.74433
1.74582
1.66994
1.67064
1.63353
1.6309
1.69031
1.6965
1.93567
1.70046
1.71312
1.70978
1.6937
1.68631
1.75352
1.77883
1.77883
1.75352
1.70235
1.85787
1.85787
1.69771
1.69898
1.83033
1.97309
1.96054
1.7203
1.6951
1.72133
1.88203
1.71871
1.71871
1.74987
1.76693
1.83672
1.78771
1.75927
1.78876
1.76866
1.79042
1.73904
1.80234
1.78991
1.77693
1.82398
1.87166
1.84964
1.75713
1.73461
1.64276
