1047
4
	0 0
	16896 0
	16896 32
	0 32
4
	0 32
	8480 32
	8480 64
	0 64
4
	8512 32
	8768 32
	8768 64
	8512 64
4
	8864 32
	8992 32
	8992 64
	8864 64
4
	9376 32
	9504 32
	9504 64
	9376 64
4
	9536 32
	9792 32
	9792 64
	9536 64
4
	9888 32
	16896 32
	16896 64
	9888 64
4
	0 64
	8480 64
	8480 96
	0 96
4
	8608 64
	8768 64
	8768 96
	8608 96
4
	8864 64
	8992 64
	8992 96
	8864 96
4
	9376 64
	9504 64
	9504 96
	9376 96
4
	9632 64
	9792 64
	9792 96
	9632 96
4
	9888 64
	16896 64
	16896 96
	9888 96
4
	0 96
	8416 96
	8416 128
	0 128
4
	8608 96
	8704 96
	8704 128
	8608 128
4
	8928 96
	9024 96
	9024 128
	8928 128
4
	9152 96
	9248 96
	9248 128
	9152 128
4
	9344 96
	9440 96
	9440 128
	9344 128
4
	9632 96
	9728 96
	9728 128
	9632 128
4
	9952 96
	16896 96
	16896 128
	9952 128
4
	0 128
	8416 128
	8416 160
	0 160
4
	8640 128
	8672 128
	8672 160
	8640 160
4
	8928 128
	9024 128
	9024 160
	8928 160
4
	9152 128
	9248 128
	9248 160
	9152 160
4
	9344 128
	9472 128
	9472 160
	9344 160
4
	9664 128
	9696 128
	9696 160
	9664 160
4
	9952 128
	16896 128
	16896 160
	9952 160
4
	0 160
	8448 160
	8448 192
	0 192
4
	8928 160
	9024 160
	9024 192
	8928 192
4
	9152 160
	9248 160
	9248 192
	9152 192
4
	9344 160
	9472 160
	9472 192
	9344 192
4
	9952 160
	16896 160
	16896 192
	9952 192
4
	0 192
	8480 192
	8480 224
	0 224
4
	8928 192
	9024 192
	9024 224
	8928 224
4
	9152 192
	9248 192
	9248 224
	9152 224
4
	9344 192
	9472 192
	9472 224
	9344 224
4
	9952 192
	16896 192
	16896 224
	9952 224
4
	0 224
	8480 224
	8480 256
	0 256
4
	8928 224
	9024 224
	9024 256
	8928 256
4
	9152 224
	9248 224
	9248 256
	9152 256
4
	9344 224
	9472 224
	9472 256
	9344 256
4
	9952 224
	16896 224
	16896 256
	9952 256
4
	0 256
	8512 256
	8512 288
	0 288
4
	8928 256
	9024 256
	9024 288
	8928 288
4
	9152 256
	9280 256
	9280 288
	9152 288
4
	9344 256
	9472 256
	9472 288
	9344 288
4
	9952 256
	16896 256
	16896 288
	9952 288
4
	0 288
	8512 288
	8512 320
	0 320
4
	8928 288
	9024 288
	9024 320
	8928 320
4
	9152 288
	9280 288
	9280 320
	9152 320
4
	9408 288
	9472 288
	9472 320
	9408 320
4
	9952 288
	16896 288
	16896 320
	9952 320
4
	0 320
	8512 320
	8512 352
	0 352
4
	9184 320
	9280 320
	9280 352
	9184 352
4
	9952 320
	16896 320
	16896 352
	9952 352
4
	0 352
	8480 352
	8480 384
	0 384
4
	9952 352
	16896 352
	16896 384
	9952 384
4
	0 384
	8448 384
	8448 416
	0 416
4
	9952 384
	16896 384
	16896 416
	9952 416
4
	0 416
	8448 416
	8448 448
	0 448
4
	9952 416
	16896 416
	16896 448
	9952 448
4
	0 448
	8512 448
	8512 480
	0 480
4
	9952 448
	16896 448
	16896 480
	9952 480
4
	0 480
	8480 480
	8480 512
	0 512
4
	9888 480
	16896 480
	16896 512
	9888 512
4
	0 512
	8704 512
	8704 544
	0 544
4
	9664 512
	16896 512
	16896 544
	9664 544
4
	0 544
	8704 544
	8704 576
	0 576
4
	8928 544
	9440 544
	9440 576
	8928 576
4
	9664 544
	16896 544
	16896 576
	9664 576
4
	0 576
	8704 576
	8704 608
	0 608
4
	8928 576
	9440 576
	9440 608
	8928 608
4
	9632 576
	9888 576
	9888 608
	9632 608
4
	9920 576
	16896 576
	16896 608
	9920 608
4
	0 608
	8448 608
	8448 640
	0 640
4
	8928 608
	9440 608
	9440 640
	8928 640
4
	9632 608
	9888 608
	9888 640
	9632 640
4
	9920 608
	16896 608
	16896 640
	9920 640
4
	0 640
	8448 640
	8448 672
	0 672
4
	8928 640
	9440 640
	9440 672
	8928 672
4
	9632 640
	9728 640
	9728 672
	9632 672
4
	9920 640
	16896 640
	16896 672
	9920 672
4
	0 672
	8448 672
	8448 704
	0 704
4
	8640 672
	8704 672
	8704 704
	8640 704
4
	8928 672
	9440 672
	9440 704
	8928 704
4
	9920 672
	16896 672
	16896 704
	9920 704
4
	0 704
	8448 704
	8448 736
	0 736
4
	8640 704
	8736 704
	8736 736
	8640 736
4
	8928 704
	9440 704
	9440 736
	8928 736
4
	9920 704
	16896 704
	16896 736
	9920 736
4
	0 736
	8448 736
	8448 768
	0 768
4
	8480 736
	8736 736
	8736 768
	8480 768
4
	8928 736
	9440 736
	9440 768
	8928 768
4
	9664 736
	9888 736
	9888 768
	9664 768
4
	9920 736
	16896 736
	16896 768
	9920 768
4
	0 768
	8448 768
	8448 800
	0 800
4
	8480 768
	8736 768
	8736 800
	8480 800
4
	8928 768
	9440 768
	9440 800
	8928 800
4
	9664 768
	9888 768
	9888 800
	9664 800
4
	9920 768
	16896 768
	16896 800
	9920 800
4
	0 800
	8448 800
	8448 832
	0 832
4
	8480 800
	8704 800
	8704 832
	8480 832
4
	8928 800
	9440 800
	9440 832
	8928 832
4
	9664 800
	9888 800
	9888 832
	9664 832
4
	9920 800
	16896 800
	16896 832
	9920 832
4
	0 832
	8448 832
	8448 864
	0 864
4
	8928 832
	9440 832
	9440 864
	8928 864
4
	9920 832
	16896 832
	16896 864
	9920 864
4
	0 864
	8448 864
	8448 896
	0 896
4
	8928 864
	9440 864
	9440 896
	8928 896
4
	9920 864
	16896 864
	16896 896
	9920 896
4
	0 896
	8448 896
	8448 928
	0 928
4
	8928 896
	9440 896
	9440 928
	8928 928
4
	9920 896
	16896 896
	16896 928
	9920 928
4
	0 928
	8448 928
	8448 960
	0 960
4
	8512 928
	8704 928
	8704 960
	8512 960
4
	8928 928
	9440 928
	9440 960
	8928 960
4
	9632 928
	9888 928
	9888 960
	9632 960
4
	9920 928
	16896 928
	16896 960
	9920 960
4
	0 960
	8448 960
	8448 992
	0 992
4
	8480 960
	8704 960
	8704 992
	8480 992
4
	8928 960
	9440 960
	9440 992
	8928 992
4
	9632 960
	9888 960
	9888 992
	9632 992
4
	9920 960
	16896 960
	16896 992
	9920 992
4
	0 992
	8672 992
	8672 1024
	0 1024
4
	8928 992
	9440 992
	9440 1024
	8928 1024
4
	9632 992
	16896 992
	16896 1024
	9632 1024
4
	0 1024
	8672 1024
	8672 1056
	0 1056
4
	8928 1024
	9440 1024
	9440 1056
	8928 1056
4
	9888 1024
	16896 1024
	16896 1056
	9888 1056
4
	0 1056
	7456 1056
	7456 1088
	0 1088
4
	7840 1056
	7968 1056
	7968 1088
	7840 1088
4
	8352 1056
	8480 1056
	8480 1088
	8352 1088
4
	9888 1056
	10016 1056
	10016 1088
	9888 1088
4
	10400 1056
	10528 1056
	10528 1088
	10400 1088
4
	10848 1056
	16896 1056
	16896 1088
	10848 1088
4
	0 1088
	7520 1088
	7520 1120
	0 1120
4
	7840 1088
	7968 1088
	7968 1120
	7840 1120
4
	8352 1088
	8480 1088
	8480 1120
	8352 1120
4
	9888 1088
	10016 1088
	10016 1120
	9888 1120
4
	10400 1088
	10528 1088
	10528 1120
	10400 1120
4
	10848 1088
	16896 1088
	16896 1120
	10848 1120
4
	0 1120
	7520 1120
	7520 1152
	0 1152
4
	8352 1120
	8480 1120
	8480 1152
	8352 1152
4
	9120 1120
	9280 1120
	9280 1152
	9120 1152
4
	9888 1120
	10016 1120
	10016 1152
	9888 1152
4
	10848 1120
	16896 1120
	16896 1152
	10848 1152
4
	0 1152
	7520 1152
	7520 1184
	0 1184
4
	8352 1152
	8480 1152
	8480 1184
	8352 1184
4
	9056 1152
	9312 1152
	9312 1184
	9056 1184
4
	9888 1152
	10016 1152
	10016 1184
	9888 1184
4
	10880 1152
	10944 1152
	10944 1184
	10880 1184
4
	10976 1152
	16896 1152
	16896 1184
	10976 1184
4
	0 1184
	7520 1184
	7520 1216
	0 1216
4
	8352 1184
	8480 1184
	8480 1216
	8352 1216
4
	9056 1184
	9344 1184
	9344 1216
	9056 1216
4
	9888 1184
	10016 1184
	10016 1216
	9888 1216
4
	10976 1184
	16896 1184
	16896 1216
	10976 1216
4
	0 1216
	7552 1216
	7552 1248
	0 1248
4
	8352 1216
	8480 1216
	8480 1248
	8352 1248
4
	9024 1216
	9344 1216
	9344 1248
	9024 1248
4
	9888 1216
	10016 1216
	10016 1248
	9888 1248
4
	10976 1216
	16896 1216
	16896 1248
	10976 1248
4
	0 1248
	7584 1248
	7584 1280
	0 1280
4
	9024 1248
	9344 1248
	9344 1280
	9024 1280
4
	10976 1248
	16896 1248
	16896 1280
	10976 1280
4
	0 1280
	7584 1280
	7584 1312
	0 1312
4
	9024 1280
	9344 1280
	9344 1312
	9024 1312
4
	10976 1280
	16896 1280
	16896 1312
	10976 1312
4
	0 1312
	7584 1312
	7584 1344
	0 1344
4
	8992 1312
	9344 1312
	9344 1344
	8992 1344
4
	10976 1312
	16896 1312
	16896 1344
	10976 1344
4
	0 1344
	7584 1344
	7584 1376
	0 1376
4
	8992 1344
	9344 1344
	9344 1376
	8992 1376
4
	10976 1344
	16896 1344
	16896 1376
	10976 1376
4
	0 1376
	7552 1376
	7552 1408
	0 1408
4
	7808 1376
	7968 1376
	7968 1408
	7808 1408
4
	8352 1376
	8480 1376
	8480 1408
	8352 1408
4
	8992 1376
	9312 1376
	9312 1408
	8992 1408
4
	9888 1376
	10016 1376
	10016 1408
	9888 1408
4
	10976 1376
	16896 1376
	16896 1408
	10976 1408
4
	0 1408
	7520 1408
	7520 1440
	0 1440
4
	7776 1408
	8000 1408
	8000 1440
	7776 1440
4
	8352 1408
	8480 1408
	8480 1440
	8352 1440
4
	8992 1408
	9280 1408
	9280 1440
	8992 1440
4
	9888 1408
	10016 1408
	10016 1440
	9888 1440
4
	10976 1408
	16896 1408
	16896 1440
	10976 1440
4
	0 1440
	7520 1440
	7520 1472
	0 1472
4
	7744 1440
	8032 1440
	8032 1472
	7744 1472
4
	8352 1440
	8480 1440
	8480 1472
	8352 1472
4
	8992 1440
	9280 1440
	9280 1472
	8992 1472
4
	9888 1440
	10016 1440
	10016 1472
	9888 1472
4
	10976 1440
	16896 1440
	16896 1472
	10976 1472
4
	0 1472
	7520 1472
	7520 1504
	0 1504
4
	7744 1472
	8032 1472
	8032 1504
	7744 1504
4
	8352 1472
	8480 1472
	8480 1504
	8352 1504
4
	9120 1472
	9280 1472
	9280 1504
	9120 1504
4
	9888 1472
	10016 1472
	10016 1504
	9888 1504
4
	10976 1472
	16896 1472
	16896 1504
	10976 1504
4
	0 1504
	7456 1504
	7456 1536
	0 1536
4
	7744 1504
	8032 1504
	8032 1536
	7744 1536
4
	8352 1504
	8480 1504
	8480 1536
	8352 1536
4
	8864 1504
	8992 1504
	8992 1536
	8864 1536
4
	9888 1504
	10016 1504
	10016 1536
	9888 1536
4
	10400 1504
	10528 1504
	10528 1536
	10400 1536
4
	10912 1504
	16896 1504
	16896 1536
	10912 1536
4
	0 1536
	7456 1536
	7456 1568
	0 1568
4
	7744 1536
	8992 1536
	8992 1568
	7744 1568
4
	9888 1536
	10528 1536
	10528 1568
	9888 1568
4
	10912 1536
	16896 1536
	16896 1568
	10912 1568
4
	0 1568
	7456 1568
	7456 1600
	0 1600
4
	7776 1568
	8992 1568
	8992 1600
	7776 1600
4
	9888 1568
	10528 1568
	10528 1600
	9888 1600
4
	10912 1568
	16896 1568
	16896 1600
	10912 1600
4
	0 1600
	7456 1600
	7456 1632
	0 1632
4
	7776 1600
	8992 1600
	8992 1632
	7776 1632
4
	9888 1600
	10528 1600
	10528 1632
	9888 1632
4
	10944 1600
	16896 1600
	16896 1632
	10944 1632
4
	0 1632
	7424 1632
	7424 1664
	0 1664
4
	7840 1632
	8960 1632
	8960 1664
	7840 1664
4
	9952 1632
	10464 1632
	10464 1664
	9952 1664
4
	10976 1632
	16896 1632
	16896 1664
	10976 1664
4
	0 1664
	7424 1664
	7424 1696
	0 1696
4
	7904 1664
	8960 1664
	8960 1696
	7904 1696
4
	9952 1664
	10464 1664
	10464 1696
	9952 1696
4
	10976 1664
	16896 1664
	16896 1696
	10976 1696
4
	0 1696
	7424 1696
	7424 1728
	0 1728
4
	7904 1696
	8960 1696
	8960 1728
	7904 1728
4
	9952 1696
	10464 1696
	10464 1728
	9952 1728
4
	10976 1696
	16896 1696
	16896 1728
	10976 1728
4
	0 1728
	7424 1728
	7424 1760
	0 1760
4
	7904 1728
	8960 1728
	8960 1760
	7904 1760
4
	9952 1728
	10464 1728
	10464 1760
	9952 1760
4
	10976 1728
	16896 1728
	16896 1760
	10976 1760
4
	0 1760
	7488 1760
	7488 1792
	0 1792
4
	7808 1760
	8960 1760
	8960 1792
	7808 1792
4
	9952 1760
	10464 1760
	10464 1792
	9952 1792
4
	10976 1760
	16896 1760
	16896 1792
	10976 1792
4
	0 1792
	7488 1792
	7488 1824
	0 1824
4
	7808 1792
	8960 1792
	8960 1824
	7808 1824
4
	9952 1792
	10464 1792
	10464 1824
	9952 1824
4
	10976 1792
	16896 1792
	16896 1824
	10976 1824
4
	0 1824
	7488 1824
	7488 1856
	0 1856
4
	7808 1824
	8960 1824
	8960 1856
	7808 1856
4
	9952 1824
	10464 1824
	10464 1856
	9952 1856
4
	10976 1824
	16896 1824
	16896 1856
	10976 1856
4
	0 1856
	7456 1856
	7456 1888
	0 1888
4
	7840 1856
	8960 1856
	8960 1888
	7840 1888
4
	9952 1856
	10464 1856
	10464 1888
	9952 1888
4
	10976 1856
	16896 1856
	16896 1888
	10976 1888
4
	0 1888
	7424 1888
	7424 1920
	0 1920
4
	7904 1888
	8960 1888
	8960 1920
	7904 1920
4
	9952 1888
	10464 1888
	10464 1920
	9952 1920
4
	10976 1888
	16896 1888
	16896 1920
	10976 1920
4
	0 1920
	7424 1920
	7424 1952
	0 1952
4
	7904 1920
	8960 1920
	8960 1952
	7904 1952
4
	9952 1920
	10464 1920
	10464 1952
	9952 1952
4
	10976 1920
	16896 1920
	16896 1952
	10976 1952
4
	0 1952
	7424 1952
	7424 1984
	0 1984
4
	7904 1952
	8960 1952
	8960 1984
	7904 1984
4
	9952 1952
	10464 1952
	10464 1984
	9952 1984
4
	10976 1952
	16896 1952
	16896 1984
	10976 1984
4
	0 1984
	7424 1984
	7424 2016
	0 2016
4
	7904 1984
	8960 1984
	8960 2016
	7904 2016
4
	9952 1984
	10464 1984
	10464 2016
	9952 2016
4
	10976 1984
	16896 1984
	16896 2016
	10976 2016
4
	0 2016
	7456 2016
	7456 2048
	0 2048
4
	7840 2016
	8992 2016
	8992 2048
	7840 2048
4
	9888 2016
	10528 2016
	10528 2048
	9888 2048
4
	10912 2016
	16896 2016
	16896 2048
	10912 2048
4
	0 2048
	7456 2048
	7456 2080
	0 2080
4
	7840 2048
	8992 2048
	8992 2080
	7840 2080
4
	9888 2048
	10528 2048
	10528 2080
	9888 2080
4
	10912 2048
	16896 2048
	16896 2080
	10912 2080
4
	0 2080
	7456 2080
	7456 2112
	0 2112
4
	7840 2080
	8992 2080
	8992 2112
	7840 2112
4
	9888 2080
	10528 2080
	10528 2112
	9888 2112
4
	10912 2080
	16896 2080
	16896 2112
	10912 2112
4
	0 2112
	7456 2112
	7456 2144
	0 2144
4
	7872 2112
	8992 2112
	8992 2144
	7872 2144
4
	9920 2112
	10528 2112
	10528 2144
	9920 2144
4
	10848 2112
	16896 2112
	16896 2144
	10848 2144
4
	0 2144
	7424 2144
	7424 2176
	0 2176
4
	7904 2144
	8960 2144
	8960 2176
	7904 2176
4
	9952 2144
	10464 2144
	10464 2176
	9952 2176
4
	10848 2144
	12032 2144
	12032 2176
	10848 2176
4
	12160 2144
	16896 2144
	16896 2176
	12160 2176
4
	0 2176
	7424 2176
	7424 2208
	0 2208
4
	7904 2176
	8960 2176
	8960 2208
	7904 2208
4
	9952 2176
	10464 2176
	10464 2208
	9952 2208
4
	10848 2176
	12032 2176
	12032 2208
	10848 2208
4
	12320 2176
	16896 2176
	16896 2208
	12320 2208
4
	0 2208
	7424 2208
	7424 2240
	0 2240
4
	7904 2208
	8960 2208
	8960 2240
	7904 2240
4
	9952 2208
	10464 2208
	10464 2240
	9952 2240
4
	10816 2208
	12032 2208
	12032 2240
	10816 2240
4
	12352 2208
	16896 2208
	16896 2240
	12352 2240
4
	0 2240
	7456 2240
	7456 2272
	0 2272
4
	7904 2240
	8960 2240
	8960 2272
	7904 2272
4
	9536 2240
	10464 2240
	10464 2272
	9536 2272
4
	10784 2240
	12032 2240
	12032 2272
	10784 2272
4
	12352 2240
	16896 2240
	16896 2272
	12352 2272
4
	0 2272
	7488 2272
	7488 2304
	0 2304
4
	7840 2272
	8960 2272
	8960 2304
	7840 2304
4
	9536 2272
	10464 2272
	10464 2304
	9536 2304
4
	10752 2272
	12032 2272
	12032 2304
	10752 2304
4
	12352 2272
	16896 2272
	16896 2304
	12352 2304
4
	0 2304
	7488 2304
	7488 2336
	0 2336
4
	7840 2304
	8960 2304
	8960 2336
	7840 2336
4
	9536 2304
	10464 2304
	10464 2336
	9536 2336
4
	10752 2304
	12032 2304
	12032 2336
	10752 2336
4
	12352 2304
	16896 2304
	16896 2336
	12352 2336
4
	0 2336
	7488 2336
	7488 2368
	0 2368
4
	7840 2336
	8960 2336
	8960 2368
	7840 2368
4
	9536 2336
	10464 2336
	10464 2368
	9536 2368
4
	10784 2336
	12032 2336
	12032 2368
	10784 2368
4
	12352 2336
	16896 2336
	16896 2368
	12352 2368
4
	0 2368
	7488 2368
	7488 2400
	0 2400
4
	7904 2368
	8960 2368
	8960 2400
	7904 2400
4
	9504 2368
	10464 2368
	10464 2400
	9504 2400
4
	10784 2368
	12032 2368
	12032 2400
	10784 2400
4
	12352 2368
	16896 2368
	16896 2400
	12352 2400
4
	0 2400
	7424 2400
	7424 2432
	0 2432
4
	7904 2400
	8960 2400
	8960 2432
	7904 2432
4
	9504 2400
	10464 2400
	10464 2432
	9504 2432
4
	10816 2400
	12032 2400
	12032 2432
	10816 2432
4
	12352 2400
	16896 2400
	16896 2432
	12352 2432
4
	0 2432
	7424 2432
	7424 2464
	0 2464
4
	7904 2432
	8960 2432
	8960 2464
	7904 2464
4
	9504 2432
	10464 2432
	10464 2464
	9504 2464
4
	10816 2432
	12032 2432
	12032 2464
	10816 2464
4
	12352 2432
	16896 2432
	16896 2464
	12352 2464
4
	0 2464
	7424 2464
	7424 2496
	0 2496
4
	7904 2464
	8960 2464
	8960 2496
	7904 2496
4
	9504 2464
	10464 2464
	10464 2496
	9504 2496
4
	10816 2464
	12032 2464
	12032 2496
	10816 2496
4
	12352 2464
	16896 2464
	16896 2496
	12352 2496
4
	0 2496
	7424 2496
	7424 2528
	0 2528
4
	7904 2496
	8960 2496
	8960 2528
	7904 2528
4
	9472 2496
	10464 2496
	10464 2528
	9472 2528
4
	10848 2496
	12032 2496
	12032 2528
	10848 2528
4
	12352 2496
	16896 2496
	16896 2528
	12352 2528
4
	0 2528
	7456 2528
	7456 2560
	0 2560
4
	7840 2528
	9120 2528
	9120 2560
	7840 2560
4
	9248 2528
	10528 2528
	10528 2560
	9248 2560
4
	10880 2528
	12064 2528
	12064 2560
	10880 2560
4
	12352 2528
	16896 2528
	16896 2560
	12352 2560
4
	0 2560
	7456 2560
	7456 2592
	0 2592
4
	7840 2560
	9120 2560
	9120 2592
	7840 2592
4
	9248 2560
	10528 2560
	10528 2592
	9248 2592
4
	10912 2560
	12064 2560
	12064 2592
	10912 2592
4
	12320 2560
	16896 2560
	16896 2592
	12320 2592
4
	0 2592
	7456 2592
	7456 2624
	0 2624
4
	7840 2592
	9120 2592
	9120 2624
	7840 2624
4
	9248 2592
	10528 2592
	10528 2624
	9248 2624
4
	10912 2592
	12064 2592
	12064 2624
	10912 2624
4
	12320 2592
	16896 2592
	16896 2624
	12320 2624
4
	0 2624
	7456 2624
	7456 2656
	0 2656
4
	7872 2624
	9120 2624
	9120 2656
	7872 2656
4
	9248 2624
	10592 2624
	10592 2656
	9248 2656
4
	10944 2624
	12064 2624
	12064 2656
	10944 2656
4
	12320 2624
	16896 2624
	16896 2656
	12320 2656
4
	0 2656
	7424 2656
	7424 2688
	0 2688
4
	7904 2656
	8928 2656
	8928 2688
	7904 2688
4
	9440 2656
	10624 2656
	10624 2688
	9440 2688
4
	10976 2656
	11936 2656
	11936 2688
	10976 2688
4
	12320 2656
	16896 2656
	16896 2688
	12320 2688
4
	0 2688
	7424 2688
	7424 2720
	0 2720
4
	7904 2688
	8928 2688
	8928 2720
	7904 2720
4
	9440 2688
	10624 2688
	10624 2720
	9440 2720
4
	10976 2688
	11968 2688
	11968 2720
	10976 2720
4
	12320 2688
	16896 2688
	16896 2720
	12320 2720
4
	0 2720
	7424 2720
	7424 2752
	0 2752
4
	7904 2720
	8928 2720
	8928 2752
	7904 2752
4
	9440 2720
	10624 2720
	10624 2752
	9440 2752
4
	10976 2720
	11968 2720
	11968 2752
	10976 2752
4
	12320 2720
	16896 2720
	16896 2752
	12320 2752
4
	0 2752
	7424 2752
	7424 2784
	0 2784
4
	7904 2752
	8928 2752
	8928 2784
	7904 2784
4
	9440 2752
	10656 2752
	10656 2784
	9440 2784
4
	10976 2752
	11968 2752
	11968 2784
	10976 2784
4
	12320 2752
	16896 2752
	16896 2784
	12320 2784
4
	0 2784
	7520 2784
	7520 2816
	0 2816
4
	7840 2784
	8928 2784
	8928 2816
	7840 2816
4
	9440 2784
	10656 2784
	10656 2816
	9440 2816
4
	10976 2784
	11968 2784
	11968 2816
	10976 2816
4
	12320 2784
	16896 2784
	16896 2816
	12320 2816
4
	0 2816
	6336 2816
	6336 2848
	0 2848
4
	6400 2816
	7520 2816
	7520 2848
	6400 2848
4
	7808 2816
	8928 2816
	8928 2848
	7808 2848
4
	9440 2816
	10688 2816
	10688 2848
	9440 2848
4
	10976 2816
	11968 2816
	11968 2848
	10976 2848
4
	12320 2816
	16896 2816
	16896 2848
	12320 2848
4
	0 2848
	6336 2848
	6336 2880
	0 2880
4
	6432 2848
	7520 2848
	7520 2880
	6432 2880
4
	7808 2848
	8928 2848
	8928 2880
	7808 2880
4
	9440 2848
	10688 2848
	10688 2880
	9440 2880
4
	10976 2848
	11584 2848
	11584 2880
	10976 2880
4
	11712 2848
	11936 2848
	11936 2880
	11712 2880
4
	12320 2848
	16896 2848
	16896 2880
	12320 2880
4
	0 2880
	5568 2880
	5568 2912
	0 2912
4
	5600 2880
	6336 2880
	6336 2912
	5600 2912
4
	6464 2880
	7488 2880
	7488 2912
	6464 2912
4
	7904 2880
	8928 2880
	8928 2912
	7904 2912
4
	9440 2880
	10656 2880
	10656 2912
	9440 2912
4
	10976 2880
	11520 2880
	11520 2912
	10976 2912
4
	11744 2880
	11936 2880
	11936 2912
	11744 2912
4
	12320 2880
	16896 2880
	16896 2912
	12320 2912
4
	0 2912
	5536 2912
	5536 2944
	0 2944
4
	5632 2912
	5792 2912
	5792 2944
	5632 2944
4
	5856 2912
	6368 2912
	6368 2944
	5856 2944
4
	6496 2912
	7424 2912
	7424 2944
	6496 2944
4
	7904 2912
	8928 2912
	8928 2944
	7904 2944
4
	9440 2912
	10656 2912
	10656 2944
	9440 2944
4
	10976 2912
	11520 2912
	11520 2944
	10976 2944
4
	12352 2912
	12384 2912
	12384 2944
	12352 2944
4
	12448 2912
	16896 2912
	16896 2944
	12448 2944
4
	0 2944
	5536 2944
	5536 2976
	0 2976
4
	5632 2944
	5664 2944
	5664 2976
	5632 2976
4
	6112 2944
	6368 2944
	6368 2976
	6112 2976
4
	6496 2944
	7424 2944
	7424 2976
	6496 2976
4
	7904 2944
	8928 2944
	8928 2976
	7904 2976
4
	9440 2944
	10624 2944
	10624 2976
	9440 2976
4
	10976 2944
	11520 2944
	11520 2976
	10976 2976
4
	12352 2944
	12384 2944
	12384 2976
	12352 2976
4
	12448 2944
	16896 2944
	16896 2976
	12448 2976
4
	0 2976
	5536 2976
	5536 3008
	0 3008
4
	6144 2976
	6368 2976
	6368 3008
	6144 3008
4
	6528 2976
	7424 2976
	7424 3008
	6528 3008
4
	7904 2976
	8928 2976
	8928 3008
	7904 3008
4
	9440 2976
	10624 2976
	10624 3008
	9440 3008
4
	10656 2976
	10688 2976
	10688 3008
	10656 3008
4
	10976 2976
	11520 2976
	11520 3008
	10976 3008
4
	12480 2976
	16896 2976
	16896 3008
	12480 3008
4
	0 3008
	1536 3008
	1536 3040
	0 3040
4
	1728 3008
	1984 3008
	1984 3040
	1728 3040
4
	2176 3008
	5280 3008
	5280 3040
	2176 3040
4
	5312 3008
	5504 3008
	5504 3040
	5312 3040
4
	6144 3008
	6368 3008
	6368 3040
	6144 3040
4
	6528 3008
	7424 3008
	7424 3040
	6528 3040
4
	7904 3008
	8928 3008
	8928 3040
	7904 3040
4
	9440 3008
	10688 3008
	10688 3040
	9440 3040
4
	10976 3008
	11520 3008
	11520 3040
	10976 3040
4
	11584 3008
	11648 3008
	11648 3040
	11584 3040
4
	11968 3008
	12032 3008
	12032 3040
	11968 3040
4
	12416 3008
	12448 3008
	12448 3040
	12416 3040
4
	12480 3008
	14944 3008
	14944 3040
	12480 3040
4
	15136 3008
	15392 3008
	15392 3040
	15136 3040
4
	15584 3008
	16896 3008
	16896 3040
	15584 3040
4
	0 3040
	1376 3040
	1376 3072
	0 3072
4
	2240 3040
	2848 3040
	2848 3072
	2240 3072
4
	3232 3040
	5216 3040
	5216 3072
	3232 3072
4
	5344 3040
	5504 3040
	5504 3072
	5344 3072
4
	6176 3040
	6368 3040
	6368 3072
	6176 3072
4
	6528 3040
	7456 3040
	7456 3072
	6528 3072
4
	7840 3040
	8992 3040
	8992 3072
	7840 3072
4
	9376 3040
	10656 3040
	10656 3072
	9376 3072
4
	10912 3040
	11552 3040
	11552 3072
	10912 3072
4
	11584 3040
	11648 3040
	11648 3072
	11584 3072
4
	11936 3040
	12064 3040
	12064 3072
	11936 3072
4
	12352 3040
	14784 3040
	14784 3072
	12352 3072
4
	15648 3040
	16256 3040
	16256 3072
	15648 3072
4
	16640 3040
	16896 3040
	16896 3072
	16640 3072
4
	0 3072
	512 3072
	512 3104
	0 3104
4
	2304 3072
	2688 3072
	2688 3104
	2304 3104
4
	3392 3072
	5184 3072
	5184 3104
	3392 3104
4
	6208 3072
	6336 3072
	6336 3104
	6208 3104
4
	6528 3072
	7456 3072
	7456 3104
	6528 3104
4
	7840 3072
	8992 3072
	8992 3104
	7840 3104
4
	9376 3072
	10656 3072
	10656 3104
	9376 3104
4
	10912 3072
	11552 3072
	11552 3104
	10912 3104
4
	11584 3072
	11648 3072
	11648 3104
	11584 3104
4
	11936 3072
	12064 3072
	12064 3104
	11936 3104
4
	12448 3072
	14112 3072
	14112 3104
	12448 3104
4
	15712 3072
	16096 3072
	16096 3104
	15712 3104
4
	16864 3072
	16896 3072
	16896 3104
	16864 3104
4
	0 3104
	512 3104
	512 3136
	0 3136
4
	2400 3104
	2560 3104
	2560 3136
	2400 3136
4
	3392 3104
	5184 3104
	5184 3136
	3392 3136
4
	6528 3104
	6944 3104
	6944 3136
	6528 3136
4
	7328 3104
	7456 3104
	7456 3136
	7328 3136
4
	7840 3104
	8992 3104
	8992 3136
	7840 3136
4
	9376 3104
	10656 3104
	10656 3136
	9376 3136
4
	10912 3104
	11040 3104
	11040 3136
	10912 3136
4
	11424 3104
	11552 3104
	11552 3136
	11424 3136
4
	11936 3104
	12064 3104
	12064 3136
	11936 3136
4
	12448 3104
	12576 3104
	12576 3136
	12448 3136
4
	12640 3104
	12672 3104
	12672 3136
	12640 3136
4
	12960 3104
	14112 3104
	14112 3136
	12960 3136
4
	15808 3104
	15968 3104
	15968 3136
	15808 3136
4
	16864 3104
	16896 3104
	16896 3136
	16864 3136
4
	0 3136
	512 3136
	512 3168
	0 3168
4
	3424 3136
	3808 3136
	3808 3168
	3424 3168
4
	3904 3136
	4384 3136
	4384 3168
	3904 3168
4
	4768 3136
	5024 3136
	5024 3168
	4768 3168
4
	5056 3136
	5184 3136
	5184 3168
	5056 3168
4
	6528 3136
	6656 3136
	6656 3168
	6528 3168
4
	6816 3136
	6944 3136
	6944 3168
	6816 3168
4
	7360 3136
	7456 3136
	7456 3168
	7360 3168
4
	7872 3136
	9056 3136
	9056 3168
	7872 3168
4
	9408 3136
	10592 3136
	10592 3168
	9408 3168
4
	10944 3136
	11040 3136
	11040 3168
	10944 3168
4
	11424 3136
	11552 3136
	11552 3168
	11424 3168
4
	11904 3136
	12064 3136
	12064 3168
	11904 3168
4
	12448 3136
	12576 3136
	12576 3168
	12448 3168
4
	12960 3136
	13408 3136
	13408 3168
	12960 3168
4
	13472 3136
	14144 3136
	14144 3168
	13472 3168
4
	16864 3136
	16896 3136
	16896 3168
	16864 3168
4
	0 3168
	512 3168
	512 3200
	0 3200
4
	3456 3168
	3552 3168
	3552 3200
	3456 3200
4
	3680 3168
	3776 3168
	3776 3200
	3680 3200
4
	4000 3168
	4096 3168
	4096 3200
	4000 3200
4
	4256 3168
	4384 3168
	4384 3200
	4256 3200
4
	4800 3168
	4960 3168
	4960 3200
	4800 3200
4
	6816 3168
	6944 3168
	6944 3200
	6816 3200
4
	7904 3168
	9088 3168
	9088 3200
	7904 3200
4
	9440 3168
	10624 3168
	10624 3200
	9440 3200
4
	11392 3168
	11616 3168
	11616 3200
	11392 3200
4
	11904 3168
	12000 3168
	12000 3200
	11904 3200
4
	12992 3168
	13344 3168
	13344 3200
	12992 3200
4
	13504 3168
	14176 3168
	14176 3200
	13504 3200
4
	16864 3168
	16896 3168
	16896 3200
	16864 3200
4
	0 3200
	512 3200
	512 3232
	0 3232
4
	4256 3200
	4352 3200
	4352 3232
	4256 3232
4
	4800 3200
	4896 3200
	4896 3232
	4800 3232
4
	6816 3200
	6944 3200
	6944 3232
	6816 3232
4
	7904 3200
	9088 3200
	9088 3232
	7904 3232
4
	9440 3200
	10624 3200
	10624 3232
	9440 3232
4
	11392 3200
	11616 3200
	11616 3232
	11392 3232
4
	12736 3200
	12928 3200
	12928 3232
	12736 3232
4
	12960 3200
	13088 3200
	13088 3232
	12960 3232
4
	13536 3200
	13888 3200
	13888 3232
	13536 3232
4
	13952 3200
	14144 3200
	14144 3232
	13952 3232
4
	16864 3200
	16896 3200
	16896 3232
	16864 3232
4
	0 3232
	512 3232
	512 3264
	0 3264
4
	4704 3232
	4736 3232
	4736 3264
	4704 3264
4
	6816 3232
	6944 3232
	6944 3264
	6816 3264
4
	7904 3232
	9088 3232
	9088 3264
	7904 3264
4
	9440 3232
	10624 3232
	10624 3264
	9440 3264
4
	11392 3232
	11552 3232
	11552 3264
	11392 3264
4
	12736 3232
	13088 3232
	13088 3264
	12736 3264
4
	16864 3232
	16896 3232
	16896 3264
	16864 3264
4
	0 3264
	512 3264
	512 3296
	0 3296
4
	6816 3264
	6944 3264
	6944 3296
	6816 3296
4
	7904 3264
	9120 3264
	9120 3296
	7904 3296
4
	9440 3264
	10624 3264
	10624 3296
	9440 3296
4
	11392 3264
	11552 3264
	11552 3296
	11392 3296
4
	16864 3264
	16896 3264
	16896 3296
	16864 3296
4
	0 3296
	512 3296
	512 3328
	0 3328
4
	7904 3296
	9120 3296
	9120 3328
	7904 3328
4
	9344 3296
	10592 3296
	10592 3328
	9344 3328
4
	11392 3296
	11456 3296
	11456 3328
	11392 3328
4
	16864 3296
	16896 3296
	16896 3328
	16864 3328
4
	0 3328
	512 3328
	512 3360
	0 3360
4
	4640 3328
	4672 3328
	4672 3360
	4640 3360
4
	7904 3328
	9152 3328
	9152 3360
	7904 3360
4
	9344 3328
	10592 3328
	10592 3360
	9344 3360
4
	12640 3328
	12672 3328
	12672 3360
	12640 3360
4
	16864 3328
	16896 3328
	16896 3360
	16864 3360
4
	0 3360
	512 3360
	512 3392
	0 3392
4
	7904 3360
	9152 3360
	9152 3392
	7904 3392
4
	9344 3360
	10592 3360
	10592 3392
	9344 3392
4
	16864 3360
	16896 3360
	16896 3392
	16864 3392
4
	0 3392
	544 3392
	544 3424
	0 3424
4
	3968 3392
	4000 3392
	4000 3424
	3968 3424
4
	4096 3392
	4128 3392
	4128 3424
	4096 3424
4
	4192 3392
	4320 3392
	4320 3424
	4192 3424
4
	7904 3392
	9120 3392
	9120 3424
	7904 3424
4
	9376 3392
	10592 3392
	10592 3424
	9376 3424
4
	12864 3392
	12928 3392
	12928 3424
	12864 3424
4
	12960 3392
	12992 3392
	12992 3424
	12960 3424
4
	13856 3392
	13952 3392
	13952 3424
	13856 3424
4
	16864 3392
	16896 3392
	16896 3424
	16864 3424
4
	0 3424
	544 3424
	544 3456
	0 3456
4
	4256 3424
	4352 3424
	4352 3456
	4256 3456
4
	4704 3424
	4736 3424
	4736 3456
	4704 3456
4
	6816 3424
	6944 3424
	6944 3456
	6816 3456
4
	7904 3424
	9120 3424
	9120 3456
	7904 3456
4
	9440 3424
	10592 3424
	10592 3456
	9440 3456
4
	11424 3424
	11552 3424
	11552 3456
	11424 3456
4
	11872 3424
	11968 3424
	11968 3456
	11872 3456
4
	12800 3424
	12928 3424
	12928 3456
	12800 3456
4
	12960 3424
	13184 3424
	13184 3456
	12960 3456
4
	13824 3424
	14016 3424
	14016 3456
	13824 3456
4
	16864 3424
	16896 3424
	16896 3456
	16864 3456
4
	0 3456
	544 3456
	544 3488
	0 3488
4
	3456 3456
	3808 3456
	3808 3488
	3456 3488
4
	4256 3456
	4352 3456
	4352 3488
	4256 3488
4
	6816 3456
	6944 3456
	6944 3488
	6816 3488
4
	7904 3456
	9088 3456
	9088 3488
	7904 3488
4
	9440 3456
	10624 3456
	10624 3488
	9440 3488
4
	11424 3456
	11552 3456
	11552 3488
	11424 3488
4
	11872 3456
	11968 3456
	11968 3488
	11872 3488
4
	12800 3456
	12896 3456
	12896 3488
	12800 3488
4
	12992 3456
	13216 3456
	13216 3488
	12992 3488
4
	13792 3456
	14112 3456
	14112 3488
	13792 3488
4
	16864 3456
	16896 3456
	16896 3488
	16864 3488
4
	0 3488
	544 3488
	544 3520
	0 3520
4
	2496 3488
	3072 3488
	3072 3520
	2496 3520
4
	3424 3488
	3840 3488
	3840 3520
	3424 3520
4
	4000 3488
	4352 3488
	4352 3520
	4000 3520
4
	6816 3488
	6944 3488
	6944 3520
	6816 3520
4
	7904 3488
	9088 3488
	9088 3520
	7904 3520
4
	9440 3488
	10624 3488
	10624 3520
	9440 3520
4
	11424 3488
	11552 3488
	11552 3520
	11424 3520
4
	11584 3488
	11648 3488
	11648 3520
	11584 3520
4
	11904 3488
	11968 3488
	11968 3520
	11904 3520
4
	12992 3488
	13344 3488
	13344 3520
	12992 3520
4
	13568 3488
	13696 3488
	13696 3520
	13568 3520
4
	13792 3488
	14144 3488
	14144 3520
	13792 3520
4
	15904 3488
	16480 3488
	16480 3520
	15904 3520
4
	16864 3488
	16896 3488
	16896 3520
	16864 3520
4
	0 3520
	544 3520
	544 3552
	0 3552
4
	2240 3520
	3232 3520
	3232 3552
	2240 3552
4
	3424 3520
	3872 3520
	3872 3552
	3424 3552
4
	3936 3520
	4384 3520
	4384 3552
	3936 3552
4
	4768 3520
	4896 3520
	4896 3552
	4768 3552
4
	5088 3520
	5184 3520
	5184 3552
	5088 3552
4
	6560 3520
	6624 3520
	6624 3552
	6560 3552
4
	6816 3520
	6944 3520
	6944 3552
	6816 3552
4
	7904 3520
	9056 3520
	9056 3552
	7904 3552
4
	9440 3520
	10592 3520
	10592 3552
	9440 3552
4
	11424 3520
	11552 3520
	11552 3552
	11424 3552
4
	11584 3520
	11680 3520
	11680 3552
	11584 3552
4
	11936 3520
	12000 3520
	12000 3552
	11936 3552
4
	12992 3520
	13440 3520
	13440 3552
	12992 3552
4
	13536 3520
	14144 3520
	14144 3552
	13536 3552
4
	15648 3520
	16640 3520
	16640 3552
	15648 3552
4
	16864 3520
	16896 3520
	16896 3552
	16864 3552
4
	0 3552
	544 3552
	544 3584
	0 3584
4
	2112 3552
	3360 3552
	3360 3584
	2112 3584
4
	3392 3552
	5248 3552
	5248 3584
	3392 3584
4
	6240 3552
	6400 3552
	6400 3584
	6240 3584
4
	6528 3552
	6944 3552
	6944 3584
	6528 3584
4
	7328 3552
	7456 3552
	7456 3584
	7328 3584
4
	7840 3552
	9024 3552
	9024 3584
	7840 3584
4
	9376 3552
	10560 3552
	10560 3584
	9376 3584
4
	10912 3552
	11040 3552
	11040 3584
	10912 3584
4
	11424 3552
	11552 3552
	11552 3584
	11424 3584
4
	11936 3552
	12064 3552
	12064 3584
	11936 3584
4
	12448 3552
	12576 3552
	12576 3584
	12448 3584
4
	12896 3552
	14144 3552
	14144 3584
	12896 3584
4
	15520 3552
	16768 3552
	16768 3584
	15520 3584
4
	16864 3552
	16896 3552
	16896 3584
	16864 3584
4
	0 3584
	512 3584
	512 3616
	0 3616
4
	1120 3584
	1248 3584
	1248 3616
	1120 3616
4
	2016 3584
	5440 3584
	5440 3616
	2016 3616
4
	6208 3584
	6464 3584
	6464 3616
	6208 3616
4
	6528 3584
	7456 3584
	7456 3616
	6528 3616
4
	7840 3584
	8992 3584
	8992 3616
	7840 3616
4
	9376 3584
	10528 3584
	10528 3616
	9376 3616
4
	10912 3584
	11552 3584
	11552 3616
	10912 3616
4
	11936 3584
	12064 3584
	12064 3616
	11936 3616
4
	12448 3584
	14144 3584
	14144 3616
	12448 3616
4
	14528 3584
	14656 3584
	14656 3616
	14528 3616
4
	15424 3584
	16896 3584
	16896 3616
	15424 3616
4
	0 3616
	1568 3616
	1568 3648
	0 3648
4
	1920 3616
	5504 3616
	5504 3648
	1920 3648
4
	6208 3616
	6432 3616
	6432 3648
	6208 3648
4
	6528 3616
	7456 3616
	7456 3648
	6528 3648
4
	7840 3616
	8992 3616
	8992 3648
	7840 3648
4
	9376 3616
	10720 3616
	10720 3648
	9376 3648
4
	10912 3616
	11552 3616
	11552 3648
	10912 3648
4
	11936 3616
	12064 3616
	12064 3648
	11936 3648
4
	12416 3616
	14976 3616
	14976 3648
	12416 3648
4
	15328 3616
	16896 3616
	16896 3648
	15328 3648
4
	0 3648
	5504 3648
	5504 3680
	0 3680
4
	6208 3648
	6432 3648
	6432 3680
	6208 3680
4
	6528 3648
	7456 3648
	7456 3680
	6528 3680
4
	7872 3648
	8992 3648
	8992 3680
	7872 3680
4
	9408 3648
	10720 3648
	10720 3680
	9408 3680
4
	10944 3648
	11552 3648
	11552 3680
	10944 3680
4
	11936 3648
	12064 3648
	12064 3680
	11936 3680
4
	12384 3648
	16896 3648
	16896 3680
	12384 3680
4
	0 3680
	5568 3680
	5568 3712
	0 3712
4
	5728 3680
	5824 3680
	5824 3712
	5728 3712
4
	6208 3680
	6496 3680
	6496 3712
	6208 3712
4
	6528 3680
	7424 3680
	7424 3712
	6528 3712
4
	7904 3680
	8928 3680
	8928 3712
	7904 3712
4
	9440 3680
	10720 3680
	10720 3712
	9440 3712
4
	10976 3680
	11520 3680
	11520 3712
	10976 3712
4
	12192 3680
	16896 3680
	16896 3712
	12192 3712
4
	0 3712
	5632 3712
	5632 3744
	0 3744
4
	5696 3712
	5856 3712
	5856 3744
	5696 3744
4
	6176 3712
	6496 3712
	6496 3744
	6176 3744
4
	6528 3712
	7424 3712
	7424 3744
	6528 3744
4
	7904 3712
	8928 3712
	8928 3744
	7904 3744
4
	9440 3712
	10720 3712
	10720 3744
	9440 3744
4
	10976 3712
	11520 3712
	11520 3744
	10976 3744
4
	12128 3712
	16896 3712
	16896 3744
	12128 3744
4
	0 3744
	5888 3744
	5888 3776
	0 3776
4
	5984 3744
	7424 3744
	7424 3776
	5984 3776
4
	7904 3744
	8928 3744
	8928 3776
	7904 3776
4
	9440 3744
	10720 3744
	10720 3776
	9440 3776
4
	10976 3744
	11520 3744
	11520 3776
	10976 3776
4
	12128 3744
	16896 3744
	16896 3776
	12128 3776
4
	0 3776
	7424 3776
	7424 3808
	0 3808
4
	7904 3776
	8928 3776
	8928 3808
	7904 3808
4
	9440 3776
	10720 3776
	10720 3808
	9440 3808
4
	10976 3776
	11520 3776
	11520 3808
	10976 3808
4
	12096 3776
	16896 3776
	16896 3808
	12096 3808
4
	0 3808
	7488 3808
	7488 3840
	0 3840
4
	7808 3808
	8928 3808
	8928 3840
	7808 3840
4
	9440 3808
	10720 3808
	10720 3840
	9440 3840
4
	10976 3808
	11520 3808
	11520 3840
	10976 3840
4
	12096 3808
	16896 3808
	16896 3840
	12096 3840
4
	0 3840
	7488 3840
	7488 3872
	0 3872
4
	7808 3840
	8928 3840
	8928 3872
	7808 3872
4
	9440 3840
	10720 3840
	10720 3872
	9440 3872
4
	10976 3840
	11520 3840
	11520 3872
	10976 3872
4
	12096 3840
	16896 3840
	16896 3872
	12096 3872
4
	0 3872
	7488 3872
	7488 3904
	0 3904
4
	7808 3872
	8928 3872
	8928 3904
	7808 3904
4
	9440 3872
	10720 3872
	10720 3904
	9440 3904
4
	10976 3872
	11616 3872
	11616 3904
	10976 3904
4
	12064 3872
	16896 3872
	16896 3904
	12064 3904
4
	0 3904
	7456 3904
	7456 3936
	0 3936
4
	7840 3904
	8928 3904
	8928 3936
	7840 3936
4
	9440 3904
	10720 3904
	10720 3936
	9440 3936
4
	10976 3904
	11712 3904
	11712 3936
	10976 3936
4
	12064 3904
	16896 3904
	16896 3936
	12064 3936
4
	0 3936
	7424 3936
	7424 3968
	0 3968
4
	7904 3936
	8928 3936
	8928 3968
	7904 3968
4
	9440 3936
	10720 3936
	10720 3968
	9440 3968
4
	10976 3936
	11744 3936
	11744 3968
	10976 3968
4
	12064 3936
	16896 3936
	16896 3968
	12064 3968
4
	0 3968
	7424 3968
	7424 4000
	0 4000
4
	7904 3968
	8928 3968
	8928 4000
	7904 4000
4
	9440 3968
	10720 3968
	10720 4000
	9440 4000
4
	10976 3968
	11776 3968
	11776 4000
	10976 4000
4
	12064 3968
	16896 3968
	16896 4000
	12064 4000
4
	0 4000
	7424 4000
	7424 4032
	0 4032
4
	7904 4000
	8928 4000
	8928 4032
	7904 4032
4
	9440 4000
	10464 4000
	10464 4032
	9440 4032
4
	10976 4000
	11776 4000
	11776 4032
	10976 4032
4
	12032 4000
	16896 4000
	16896 4032
	12032 4032
4
	0 4032
	7424 4032
	7424 4064
	0 4064
4
	7904 4032
	8928 4032
	8928 4064
	7904 4064
4
	9440 4032
	10464 4032
	10464 4064
	9440 4064
4
	10976 4032
	11776 4032
	11776 4064
	10976 4064
4
	12000 4032
	16896 4032
	16896 4064
	12000 4064
4
	0 4064
	7456 4064
	7456 4096
	0 4096
4
	7840 4064
	9120 4064
	9120 4096
	7840 4096
4
	9248 4064
	10528 4064
	10528 4096
	9248 4096
4
	10912 4064
	11776 4064
	11776 4096
	10912 4096
4
	11936 4064
	16896 4064
	16896 4096
	11936 4096
4
	0 4096
	7456 4096
	7456 4128
	0 4128
4
	7808 4096
	9120 4096
	9120 4128
	7808 4128
4
	9248 4096
	10528 4096
	10528 4128
	9248 4128
4
	10912 4096
	16896 4096
	16896 4128
	10912 4128
4
	0 4128
	7456 4128
	7456 4160
	0 4160
4
	7744 4128
	9120 4128
	9120 4160
	7744 4160
4
	9248 4128
	9504 4128
	9504 4160
	9248 4160
4
	9728 4128
	10528 4128
	10528 4160
	9728 4160
4
	10912 4128
	16896 4128
	16896 4160
	10912 4160
4
	0 4160
	7456 4160
	7456 4192
	0 4192
4
	7712 4160
	8480 4160
	8480 4192
	7712 4192
4
	8512 4160
	8768 4160
	8768 4192
	8512 4192
4
	8864 4160
	9120 4160
	9120 4192
	8864 4192
4
	9248 4160
	9504 4160
	9504 4192
	9248 4192
4
	9728 4160
	10592 4160
	10592 4192
	9728 4192
4
	10944 4160
	16896 4160
	16896 4192
	10944 4192
4
	0 4192
	7424 4192
	7424 4224
	0 4224
4
	7680 4192
	8448 4192
	8448 4224
	7680 4224
4
	8576 4192
	8704 4192
	8704 4224
	8576 4224
4
	9728 4192
	10624 4192
	10624 4224
	9728 4224
4
	10976 4192
	16896 4192
	16896 4224
	10976 4224
4
	0 4224
	7424 4224
	7424 4256
	0 4256
4
	7680 4224
	8448 4224
	8448 4256
	7680 4256
4
	8608 4224
	8672 4224
	8672 4256
	8608 4256
4
	9760 4224
	10624 4224
	10624 4256
	9760 4256
4
	10976 4224
	16896 4224
	16896 4256
	10976 4256
4
	0 4256
	7424 4256
	7424 4288
	0 4288
4
	7680 4256
	8448 4256
	8448 4288
	7680 4288
4
	9792 4256
	9920 4256
	9920 4288
	9792 4288
4
	9952 4256
	10624 4256
	10624 4288
	9952 4288
4
	10976 4256
	16896 4256
	16896 4288
	10976 4288
4
	0 4288
	7424 4288
	7424 4320
	0 4320
4
	7680 4288
	8448 4288
	8448 4320
	7680 4320
4
	9952 4288
	10624 4288
	10624 4320
	9952 4320
4
	10976 4288
	16896 4288
	16896 4320
	10976 4320
4
	0 4320
	7456 4320
	7456 4352
	0 4352
4
	7680 4320
	8448 4320
	8448 4352
	7680 4352
4
	9952 4320
	10592 4320
	10592 4352
	9952 4352
4
	10976 4320
	16896 4320
	16896 4352
	10976 4352
4
	0 4352
	7488 4352
	7488 4384
	0 4384
4
	7712 4352
	8448 4352
	8448 4384
	7712 4384
4
	9952 4352
	10592 4352
	10592 4384
	9952 4384
4
	10976 4352
	16896 4352
	16896 4384
	10976 4384
4
	0 4384
	7488 4384
	7488 4416
	0 4416
4
	7712 4384
	8448 4384
	8448 4416
	7712 4416
4
	9952 4384
	10592 4384
	10592 4416
	9952 4416
4
	10976 4384
	16896 4384
	16896 4416
	10976 4416
4
	0 4416
	7424 4416
	7424 4448
	0 4448
4
	7712 4416
	8448 4416
	8448 4448
	7712 4448
4
	9952 4416
	10592 4416
	10592 4448
	9952 4448
4
	10976 4416
	16896 4416
	16896 4448
	10976 4448
4
	0 4448
	7424 4448
	7424 4480
	0 4480
4
	7744 4448
	8448 4448
	8448 4480
	7744 4480
4
	9952 4448
	10592 4448
	10592 4480
	9952 4480
4
	10976 4448
	16896 4448
	16896 4480
	10976 4480
4
	0 4480
	7424 4480
	7424 4512
	0 4512
4
	7776 4480
	8448 4480
	8448 4512
	7776 4512
4
	9952 4480
	10624 4480
	10624 4512
	9952 4512
4
	10976 4480
	16896 4480
	16896 4512
	10976 4512
4
	0 4512
	7456 4512
	7456 4544
	0 4544
4
	7520 4512
	7552 4512
	7552 4544
	7520 4544
4
	7776 4512
	8448 4512
	8448 4544
	7776 4544
4
	9952 4512
	10624 4512
	10624 4544
	9952 4544
4
	10976 4512
	16896 4512
	16896 4544
	10976 4544
4
	0 4544
	7456 4544
	7456 4576
	0 4576
4
	7520 4544
	7552 4544
	7552 4576
	7520 4576
4
	7776 4544
	8448 4544
	8448 4576
	7776 4576
4
	8896 4544
	8960 4544
	8960 4576
	8896 4576
4
	9408 4544
	9472 4544
	9472 4576
	9408 4576
4
	9952 4544
	10592 4544
	10592 4576
	9952 4576
4
	10976 4544
	16896 4544
	16896 4576
	10976 4576
4
	0 4576
	7456 4576
	7456 4608
	0 4608
4
	7808 4576
	8480 4576
	8480 4608
	7808 4608
4
	8864 4576
	8992 4576
	8992 4608
	8864 4608
4
	9376 4576
	9504 4576
	9504 4608
	9376 4608
4
	9888 4576
	10560 4576
	10560 4608
	9888 4608
4
	10912 4576
	16896 4576
	16896 4608
	10912 4608
4
	0 4608
	7456 4608
	7456 4640
	0 4640
4
	7488 4608
	7520 4608
	7520 4640
	7488 4640
4
	7840 4608
	8480 4608
	8480 4640
	7840 4640
4
	8864 4608
	8992 4608
	8992 4640
	8864 4640
4
	9376 4608
	9504 4608
	9504 4640
	9376 4640
4
	9888 4608
	10528 4608
	10528 4640
	9888 4640
4
	10912 4608
	16896 4608
	16896 4640
	10912 4640
4
	0 4640
	7584 4640
	7584 4672
	0 4672
4
	7840 4640
	8480 4640
	8480 4672
	7840 4672
4
	8864 4640
	8992 4640
	8992 4672
	8864 4672
4
	9376 4640
	9504 4640
	9504 4672
	9376 4672
4
	9888 4640
	10528 4640
	10528 4672
	9888 4672
4
	10912 4640
	16896 4640
	16896 4672
	10912 4672
4
	0 4672
	7584 4672
	7584 4704
	0 4704
4
	7872 4672
	8480 4672
	8480 4704
	7872 4704
4
	8864 4672
	8992 4672
	8992 4704
	8864 4704
4
	9376 4672
	9504 4672
	9504 4704
	9376 4704
4
	9920 4672
	10528 4672
	10528 4704
	9920 4704
4
	10944 4672
	16896 4672
	16896 4704
	10944 4704
4
	0 4704
	7584 4704
	7584 4736
	0 4736
4
	7904 4704
	8448 4704
	8448 4736
	7904 4736
4
	9952 4704
	10496 4704
	10496 4736
	9952 4736
4
	10976 4704
	16896 4704
	16896 4736
	10976 4736
4
	0 4736
	7584 4736
	7584 4768
	0 4768
4
	7904 4736
	8448 4736
	8448 4768
	7904 4768
4
	9952 4736
	10560 4736
	10560 4768
	9952 4768
4
	10976 4736
	16896 4736
	16896 4768
	10976 4768
4
	0 4768
	7584 4768
	7584 4800
	0 4800
4
	7904 4768
	8480 4768
	8480 4800
	7904 4800
4
	9952 4768
	10560 4768
	10560 4800
	9952 4800
4
	10976 4768
	16896 4768
	16896 4800
	10976 4800
4
	0 4800
	7584 4800
	7584 4832
	0 4832
4
	7904 4800
	8512 4800
	8512 4832
	7904 4832
4
	9952 4800
	10528 4800
	10528 4832
	9952 4832
4
	10976 4800
	16896 4800
	16896 4832
	10976 4832
4
	0 4832
	7584 4832
	7584 4864
	0 4864
4
	7904 4832
	8512 4832
	8512 4864
	7904 4864
4
	9952 4832
	10496 4832
	10496 4864
	9952 4864
4
	10976 4832
	16896 4832
	16896 4864
	10976 4864
4
	0 4864
	7584 4864
	7584 4896
	0 4896
4
	7872 4864
	8544 4864
	8544 4896
	7872 4896
4
	9952 4864
	10496 4864
	10496 4896
	9952 4896
4
	10976 4864
	16896 4864
	16896 4896
	10976 4896
4
	0 4896
	7584 4896
	7584 4928
	0 4928
4
	7872 4896
	8544 4896
	8544 4928
	7872 4928
4
	9952 4896
	10496 4896
	10496 4928
	9952 4928
4
	10976 4896
	16896 4896
	16896 4928
	10976 4928
4
	0 4928
	7584 4928
	7584 4960
	0 4960
4
	7872 4928
	8544 4928
	8544 4960
	7872 4960
4
	9952 4928
	10528 4928
	10528 4960
	9952 4960
4
	10976 4928
	16896 4928
	16896 4960
	10976 4960
4
	0 4960
	7584 4960
	7584 4992
	0 4992
4
	7872 4960
	8512 4960
	8512 4992
	7872 4992
4
	9952 4960
	10528 4960
	10528 4992
	9952 4992
4
	10976 4960
	16896 4960
	16896 4992
	10976 4992
4
	0 4992
	7584 4992
	7584 5024
	0 5024
4
	7872 4992
	8480 4992
	8480 5024
	7872 5024
4
	9952 4992
	10528 4992
	10528 5024
	9952 5024
4
	10976 4992
	16896 4992
	16896 5024
	10976 5024
4
	0 5024
	7584 5024
	7584 5056
	0 5056
4
	7904 5024
	8480 5024
	8480 5056
	7904 5056
4
	9376 5024
	9472 5024
	9472 5056
	9376 5056
4
	9952 5024
	10528 5024
	10528 5056
	9952 5056
4
	10976 5024
	16896 5024
	16896 5056
	10976 5056
4
	0 5056
	7584 5056
	7584 5088
	0 5088
4
	7872 5056
	8544 5056
	8544 5088
	7872 5088
4
	8832 5056
	8992 5056
	8992 5088
	8832 5088
4
	9344 5056
	9536 5056
	9536 5088
	9344 5088
4
	9920 5056
	10496 5056
	10496 5088
	9920 5088
4
	10976 5056
	16896 5056
	16896 5088
	10976 5088
4
	0 5088
	7584 5088
	7584 5120
	0 5120
4
	7840 5088
	8480 5088
	8480 5120
	7840 5120
4
	8832 5088
	9024 5088
	9024 5120
	8832 5120
4
	9312 5088
	9536 5088
	9536 5120
	9312 5120
4
	9888 5088
	10528 5088
	10528 5120
	9888 5120
4
	10912 5088
	16896 5088
	16896 5120
	10912 5120
4
	0 5120
	7584 5120
	7584 5152
	0 5152
4
	7840 5120
	8480 5120
	8480 5152
	7840 5152
4
	8800 5120
	9024 5120
	9024 5152
	8800 5152
4
	9312 5120
	9536 5120
	9536 5152
	9312 5152
4
	9888 5120
	10528 5120
	10528 5152
	9888 5152
4
	10912 5120
	16896 5120
	16896 5152
	10912 5152
4
	0 5152
	7584 5152
	7584 5184
	0 5184
4
	7840 5152
	8480 5152
	8480 5184
	7840 5184
4
	8800 5152
	9024 5152
	9024 5184
	8800 5184
4
	9312 5152
	9536 5152
	9536 5184
	9312 5184
4
	9824 5152
	10528 5152
	10528 5184
	9824 5184
4
	10912 5152
	16896 5152
	16896 5184
	10912 5184
4
	0 5184
	7584 5184
	7584 5216
	0 5216
4
	7840 5184
	7968 5184
	7968 5216
	7840 5216
4
	8352 5184
	8480 5184
	8480 5216
	8352 5216
4
	8832 5184
	9024 5184
	9024 5216
	8832 5216
4
	9344 5184
	9504 5184
	9504 5216
	9344 5216
4
	9888 5184
	10016 5184
	10016 5216
	9888 5216
4
	10432 5184
	10528 5184
	10528 5216
	10432 5216
4
	10848 5184
	16896 5184
	16896 5216
	10848 5216
4
	0 5216
	7584 5216
	7584 5248
	0 5248
4
	8832 5216
	8992 5216
	8992 5248
	8832 5248
4
	9376 5216
	9472 5216
	9472 5248
	9376 5248
4
	10656 5216
	10816 5216
	10816 5248
	10656 5248
4
	10848 5216
	16896 5216
	16896 5248
	10848 5248
4
	0 5248
	7584 5248
	7584 5280
	0 5280
4
	8896 5248
	8960 5248
	8960 5280
	8896 5280
4
	10592 5248
	16896 5248
	16896 5280
	10592 5280
4
	0 5280
	7584 5280
	7584 5312
	0 5312
4
	10592 5280
	16896 5280
	16896 5312
	10592 5312
4
	0 5312
	7584 5312
	7584 5344
	0 5344
4
	10560 5312
	16896 5312
	16896 5344
	10560 5344
4
	0 5344
	7584 5344
	7584 5376
	0 5376
4
	10560 5344
	16896 5344
	16896 5376
	10560 5376
4
	0 5376
	7584 5376
	7584 5408
	0 5408
4
	10560 5376
	16896 5376
	16896 5408
	10560 5408
4
	0 5408
	7584 5408
	7584 5440
	0 5440
4
	10528 5408
	16896 5408
	16896 5440
	10528 5440
4
	0 5440
	7584 5440
	7584 5472
	0 5472
4
	10528 5440
	16896 5440
	16896 5472
	10528 5472
4
	0 5472
	7584 5472
	7584 5504
	0 5504
4
	8928 5472
	8960 5472
	8960 5504
	8928 5504
4
	10528 5472
	16896 5472
	16896 5504
	10528 5504
4
	0 5504
	7584 5504
	7584 5536
	0 5536
4
	8928 5504
	8992 5504
	8992 5536
	8928 5536
4
	9664 5504
	9728 5504
	9728 5536
	9664 5536
4
	10528 5504
	16896 5504
	16896 5536
	10528 5536
4
	0 5536
	7584 5536
	7584 5568
	0 5568
4
	8864 5536
	8992 5536
	8992 5568
	8864 5568
4
	9408 5536
	9728 5536
	9728 5568
	9408 5568
4
	9760 5536
	9888 5536
	9888 5568
	9760 5568
4
	9984 5536
	10048 5536
	10048 5568
	9984 5568
4
	10528 5536
	16896 5536
	16896 5568
	10528 5568
4
	0 5568
	7584 5568
	7584 5600
	0 5600
4
	7872 5568
	7936 5568
	7936 5600
	7872 5600
4
	8384 5568
	8448 5568
	8448 5600
	8384 5600
4
	8832 5568
	9024 5568
	9024 5600
	8832 5600
4
	9376 5568
	9728 5568
	9728 5600
	9376 5600
4
	9760 5568
	9792 5568
	9792 5600
	9760 5600
4
	9824 5568
	9888 5568
	9888 5600
	9824 5600
4
	9920 5568
	10080 5568
	10080 5600
	9920 5600
4
	10592 5568
	16896 5568
	16896 5600
	10592 5600
4
	0 5600
	7584 5600
	7584 5632
	0 5632
4
	7840 5600
	7968 5600
	7968 5632
	7840 5632
4
	8352 5600
	8480 5600
	8480 5632
	8352 5632
4
	8832 5600
	9056 5600
	9056 5632
	8832 5632
4
	9344 5600
	9728 5600
	9728 5632
	9344 5632
4
	9824 5600
	10080 5600
	10080 5632
	9824 5632
4
	10400 5600
	10528 5600
	10528 5632
	10400 5632
4
	10592 5600
	16896 5600
	16896 5632
	10592 5632
4
	0 5632
	8480 5632
	8480 5664
	0 5664
4
	8832 5632
	9056 5632
	9056 5664
	8832 5664
4
	9344 5632
	9760 5632
	9760 5664
	9344 5664
4
	9824 5632
	16896 5632
	16896 5664
	9824 5664
4
	0 5664
	8480 5664
	8480 5696
	0 5696
4
	8832 5664
	9056 5664
	9056 5696
	8832 5696
4
	9344 5664
	9760 5664
	9760 5696
	9344 5696
4
	9824 5664
	16896 5664
	16896 5696
	9824 5696
4
	0 5696
	8480 5696
	8480 5728
	0 5728
4
	8864 5696
	9024 5696
	9024 5728
	8864 5728
4
	9344 5696
	16896 5696
	16896 5728
	9344 5728
4
	0 5728
	8448 5728
	8448 5760
	0 5760
4
	8896 5728
	8992 5728
	8992 5760
	8896 5760
4
	9376 5728
	16896 5728
	16896 5760
	9376 5760
4
	0 5760
	8448 5760
	8448 5792
	0 5792
4
	9472 5760
	16896 5760
	16896 5792
	9472 5792
4
	0 5792
	8448 5792
	8448 5824
	0 5824
4
	9472 5792
	16896 5792
	16896 5824
	9472 5824
4
	0 5824
	8480 5824
	8480 5856
	0 5856
4
	9472 5824
	16896 5824
	16896 5856
	9472 5856
4
	0 5856
	8512 5856
	8512 5888
	0 5888
4
	9472 5856
	16896 5856
	16896 5888
	9472 5888
4
	0 5888
	8544 5888
	8544 5920
	0 5920
4
	9472 5888
	16896 5888
	16896 5920
	9472 5920
4
	0 5920
	8544 5920
	8544 5952
	0 5952
4
	9472 5920
	16896 5920
	16896 5952
	9472 5952
4
	0 5952
	8512 5952
	8512 5984
	0 5984
4
	9472 5952
	16896 5952
	16896 5984
	9472 5984
4
	0 5984
	8480 5984
	8480 6016
	0 6016
4
	9504 5984
	16896 5984
	16896 6016
	9504 6016
4
	0 6016
	8480 6016
	8480 6048
	0 6048
4
	9504 6016
	16896 6016
	16896 6048
	9504 6048
4
	0 6048
	8480 6048
	8480 6080
	0 6080
4
	9504 6048
	16896 6048
	16896 6080
	9504 6080
4
	0 6080
	8512 6080
	8512 6112
	0 6112
4
	8896 6080
	8960 6080
	8960 6112
	8896 6112
4
	9408 6080
	9472 6080
	9472 6112
	9408 6112
4
	9504 6080
	16896 6080
	16896 6112
	9504 6112
4
	0 6112
	8480 6112
	8480 6144
	0 6144
4
	8864 6112
	8992 6112
	8992 6144
	8864 6144
4
	9376 6112
	16896 6112
	16896 6144
	9376 6144
4
	0 6144
	8992 6144
	8992 6176
	0 6176
4
	9376 6144
	16896 6144
	16896 6176
	9376 6176
4
	0 6176
	8992 6176
	8992 6208
	0 6208
4
	9376 6176
	16896 6176
	16896 6208
	9376 6208
4
	0 6208
	8992 6208
	8992 6240
	0 6240
4
	9376 6208
	16896 6208
	16896 6240
	9376 6240
4
	0 6240
	8928 6240
	8928 6272
	0 6272
4
	9120 6240
	9280 6240
	9280 6272
	9120 6272
4
	9376 6240
	16896 6240
	16896 6272
	9376 6272
4
	0 6272
	8928 6272
	8928 6304
	0 6304
4
	9056 6272
	16896 6272
	16896 6304
	9056 6304
4
	0 6304
	8928 6304
	8928 6336
	0 6336
4
	9056 6304
	16896 6304
	16896 6336
	9056 6336
4
	0 6336
	8928 6336
	8928 6368
	0 6368
4
	9024 6336
	16896 6336
	16896 6368
	9024 6368
4
	0 6368
	8928 6368
	8928 6400
	0 6400
4
	9024 6368
	16896 6368
	16896 6400
	9024 6400
4
	0 6400
	8928 6400
	8928 6432
	0 6432
4
	9024 6400
	16896 6400
	16896 6432
	9024 6432
4
	0 6432
	8928 6432
	8928 6464
	0 6464
4
	8992 6432
	16896 6432
	16896 6464
	8992 6464
4
	0 6464
	8928 6464
	8928 6496
	0 6496
4
	8992 6464
	16896 6464
	16896 6496
	8992 6496
4
	0 6496
	8928 6496
	8928 6528
	0 6528
4
	8992 6496
	16896 6496
	16896 6528
	8992 6528
4
	0 6528
	8928 6528
	8928 6560
	0 6560
4
	8992 6528
	16896 6528
	16896 6560
	8992 6560
4
	0 6560
	8928 6560
	8928 6592
	0 6592
4
	8960 6560
	16896 6560
	16896 6592
	8960 6592
4
	0 6592
	8928 6592
	8928 6624
	0 6624
4
	8960 6592
	16896 6592
	16896 6624
	8960 6624
4
	0 6624
	16896 6624
	16896 6656
	0 6656
4
	0 6656
	16896 6656
	16896 6688
	0 6688
4
	-32 -32
	16928 -32
	16928 0
	-32 0
4
	-32 6688
	16928 6688
	16928 6720
	-32 6720
4
	-32 0
	0 0
	0 6688
	-32 6688
4
	16896 0
	16928 0
	16928 6688
	16896 6688
