1509
4
	0 0
	320 0
	320 32
	0 32
4
	2144 0
	2784 0
	2784 32
	2144 32
4
	4352 0
	6176 0
	6176 32
	4352 32
4
	0 32
	320 32
	320 64
	0 64
4
	0 64
	320 64
	320 96
	0 96
4
	7168 64
	7200 64
	7200 96
	7168 96
4
	0 96
	320 96
	320 128
	0 128
4
	7168 96
	7200 96
	7200 128
	7168 128
4
	0 128
	320 128
	320 160
	0 160
4
	7168 128
	7200 128
	7200 160
	7168 160
4
	0 160
	288 160
	288 192
	0 192
4
	7168 160
	7200 160
	7200 192
	7168 192
4
	0 192
	288 192
	288 224
	0 224
4
	7168 192
	7200 192
	7200 224
	7168 224
4
	0 224
	288 224
	288 256
	0 256
4
	7168 224
	7200 224
	7200 256
	7168 256
4
	0 256
	256 256
	256 288
	0 288
4
	6560 256
	6624 256
	6624 288
	6560 288
4
	7168 256
	7200 256
	7200 288
	7168 288
4
	0 288
	256 288
	256 320
	0 320
4
	6496 288
	6656 288
	6656 320
	6496 320
4
	7168 288
	7200 288
	7200 320
	7168 320
4
	0 320
	256 320
	256 352
	0 352
4
	5824 320
	5952 320
	5952 352
	5824 352
4
	6496 320
	6656 320
	6656 352
	6496 352
4
	7168 320
	7200 320
	7200 352
	7168 352
4
	0 352
	256 352
	256 384
	0 384
4
	5792 352
	5952 352
	5952 384
	5792 384
4
	6496 352
	6656 352
	6656 384
	6496 384
4
	7136 352
	7200 352
	7200 384
	7136 384
4
	0 384
	256 384
	256 416
	0 416
4
	2464 384
	2560 384
	2560 416
	2464 416
4
	5792 384
	5952 384
	5952 416
	5792 416
4
	6528 384
	6656 384
	6656 416
	6528 416
4
	7136 384
	7200 384
	7200 416
	7136 416
4
	0 416
	256 416
	256 448
	0 448
4
	2464 416
	2560 416
	2560 448
	2464 448
4
	5792 416
	5952 416
	5952 448
	5792 448
4
	7136 416
	7200 416
	7200 448
	7136 448
4
	0 448
	256 448
	256 480
	0 480
4
	5824 448
	5920 448
	5920 480
	5824 480
4
	7136 448
	7200 448
	7200 480
	7136 480
4
	0 480
	256 480
	256 512
	0 512
4
	736 480
	864 480
	864 512
	736 512
4
	7136 480
	7200 480
	7200 512
	7136 512
4
	0 512
	288 512
	288 544
	0 544
4
	736 512
	864 512
	864 544
	736 544
4
	7136 512
	7200 512
	7200 544
	7136 544
4
	0 544
	288 544
	288 576
	0 576
4
	736 544
	864 544
	864 576
	736 576
4
	7136 544
	7200 544
	7200 576
	7136 576
4
	0 576
	288 576
	288 608
	0 608
4
	768 576
	832 576
	832 608
	768 608
4
	5504 576
	5568 576
	5568 608
	5504 608
4
	7104 576
	7200 576
	7200 608
	7104 608
4
	0 608
	288 608
	288 640
	0 640
4
	5504 608
	5568 608
	5568 640
	5504 640
4
	7104 608
	7200 608
	7200 640
	7104 640
4
	0 640
	288 640
	288 672
	0 672
4
	7104 640
	7200 640
	7200 672
	7104 672
4
	0 672
	416 672
	416 704
	0 704
4
	7104 672
	7200 672
	7200 704
	7104 704
4
	0 704
	448 704
	448 736
	0 736
4
	7104 704
	7200 704
	7200 736
	7104 736
4
	0 736
	448 736
	448 768
	0 768
4
	7104 736
	7200 736
	7200 768
	7104 768
4
	0 768
	416 768
	416 800
	0 800
4
	3584 768
	3648 768
	3648 800
	3584 800
4
	5856 768
	5984 768
	5984 800
	5856 800
4
	7104 768
	7200 768
	7200 800
	7104 800
4
	0 800
	448 800
	448 832
	0 832
4
	3552 800
	3680 800
	3680 832
	3552 832
4
	5856 800
	5984 800
	5984 832
	5856 832
4
	7104 800
	7200 800
	7200 832
	7104 832
4
	0 832
	480 832
	480 864
	0 864
4
	3552 832
	3680 832
	3680 864
	3552 864
4
	5856 832
	5984 832
	5984 864
	5856 864
4
	7104 832
	7200 832
	7200 864
	7104 864
4
	0 864
	480 864
	480 896
	0 896
4
	3552 864
	3680 864
	3680 896
	3552 896
4
	5856 864
	5984 864
	5984 896
	5856 896
4
	7104 864
	7200 864
	7200 896
	7104 896
4
	0 896
	480 896
	480 928
	0 928
4
	7072 896
	7200 896
	7200 928
	7072 928
4
	0 928
	480 928
	480 960
	0 960
4
	5504 928
	5568 928
	5568 960
	5504 960
4
	7072 928
	7200 928
	7200 960
	7072 960
4
	0 960
	480 960
	480 992
	0 992
4
	5152 960
	5216 960
	5216 992
	5152 992
4
	5504 960
	5568 960
	5568 992
	5504 992
4
	7072 960
	7200 960
	7200 992
	7072 992
4
	0 992
	480 992
	480 1024
	0 1024
4
	2688 992
	2752 992
	2752 1024
	2688 1024
4
	5152 992
	5216 992
	5216 1024
	5152 1024
4
	7072 992
	7200 992
	7200 1024
	7072 1024
4
	0 1024
	512 1024
	512 1056
	0 1056
4
	2656 1024
	2752 1024
	2752 1056
	2656 1056
4
	7072 1024
	7200 1024
	7200 1056
	7072 1056
4
	0 1056
	544 1056
	544 1088
	0 1088
4
	2688 1056
	2752 1056
	2752 1088
	2688 1088
4
	7072 1056
	7200 1056
	7200 1088
	7072 1088
4
	0 1088
	576 1088
	576 1120
	0 1120
4
	1792 1088
	1920 1088
	1920 1120
	1792 1120
4
	3040 1088
	3104 1088
	3104 1120
	3040 1120
4
	7072 1088
	7200 1088
	7200 1120
	7072 1120
4
	0 1120
	608 1120
	608 1152
	0 1152
4
	1824 1120
	1952 1120
	1952 1152
	1824 1152
4
	3040 1120
	3104 1120
	3104 1152
	3040 1152
4
	6464 1120
	6528 1120
	6528 1152
	6464 1152
4
	7072 1120
	7200 1120
	7200 1152
	7072 1152
4
	0 1152
	384 1152
	384 1184
	0 1184
4
	448 1152
	640 1152
	640 1184
	448 1184
4
	1824 1152
	1856 1152
	1856 1184
	1824 1184
4
	1888 1152
	1984 1152
	1984 1184
	1888 1184
4
	6464 1152
	6528 1152
	6528 1184
	6464 1184
4
	7072 1152
	7200 1152
	7200 1184
	7072 1184
4
	0 1184
	384 1184
	384 1216
	0 1216
4
	480 1184
	640 1184
	640 1216
	480 1216
4
	1888 1184
	2016 1184
	2016 1216
	1888 1216
4
	6464 1184
	6560 1184
	6560 1216
	6464 1216
4
	7072 1184
	7200 1184
	7200 1216
	7072 1216
4
	0 1216
	384 1216
	384 1248
	0 1248
4
	544 1216
	704 1216
	704 1248
	544 1248
4
	1888 1216
	2048 1216
	2048 1248
	1888 1248
4
	7072 1216
	7200 1216
	7200 1248
	7072 1248
4
	0 1248
	384 1248
	384 1280
	0 1280
4
	544 1248
	704 1248
	704 1280
	544 1280
4
	1216 1248
	1248 1248
	1248 1280
	1216 1280
4
	1920 1248
	2048 1248
	2048 1280
	1920 1280
4
	7072 1248
	7200 1248
	7200 1280
	7072 1280
4
	0 1280
	352 1280
	352 1312
	0 1312
4
	512 1280
	704 1280
	704 1312
	512 1312
4
	1216 1280
	1248 1280
	1248 1312
	1216 1312
4
	1952 1280
	1984 1280
	1984 1312
	1952 1312
4
	6656 1280
	6720 1280
	6720 1312
	6656 1312
4
	7072 1280
	7200 1280
	7200 1312
	7072 1312
4
	0 1312
	352 1312
	352 1344
	0 1344
4
	512 1312
	704 1312
	704 1344
	512 1344
4
	1216 1312
	1280 1312
	1280 1344
	1216 1344
4
	6624 1312
	6720 1312
	6720 1344
	6624 1344
4
	7072 1312
	7200 1312
	7200 1344
	7072 1344
4
	0 1344
	320 1344
	320 1376
	0 1376
4
	512 1344
	704 1344
	704 1376
	512 1376
4
	1248 1344
	1280 1344
	1280 1376
	1248 1376
4
	6656 1344
	6720 1344
	6720 1376
	6656 1376
4
	7072 1344
	7200 1344
	7200 1376
	7072 1376
4
	0 1376
	320 1376
	320 1408
	0 1408
4
	480 1376
	576 1376
	576 1408
	480 1408
4
	608 1376
	736 1376
	736 1408
	608 1408
4
	1248 1376
	1280 1376
	1280 1408
	1248 1408
4
	7072 1376
	7200 1376
	7200 1408
	7072 1408
4
	0 1408
	320 1408
	320 1440
	0 1440
4
	480 1408
	512 1408
	512 1440
	480 1440
4
	608 1408
	768 1408
	768 1440
	608 1440
4
	1248 1408
	1312 1408
	1312 1440
	1248 1440
4
	7072 1408
	7200 1408
	7200 1440
	7072 1440
4
	0 1440
	320 1440
	320 1472
	0 1472
4
	704 1440
	768 1440
	768 1472
	704 1472
4
	800 1440
	832 1440
	832 1472
	800 1472
4
	1280 1440
	1312 1440
	1312 1472
	1280 1472
4
	3712 1440
	3808 1440
	3808 1472
	3712 1472
4
	4288 1440
	4352 1440
	4352 1472
	4288 1472
4
	7072 1440
	7200 1440
	7200 1472
	7072 1472
4
	0 1472
	320 1472
	320 1504
	0 1504
4
	736 1472
	768 1472
	768 1504
	736 1504
4
	800 1472
	864 1472
	864 1504
	800 1504
4
	1280 1472
	1312 1472
	1312 1504
	1280 1504
4
	3712 1472
	3808 1472
	3808 1504
	3712 1504
4
	4288 1472
	4352 1472
	4352 1504
	4288 1504
4
	7072 1472
	7200 1472
	7200 1504
	7072 1504
4
	0 1504
	320 1504
	320 1536
	0 1536
4
	863 1535
	865 1535
	865 1537
	863 1537
4
	832 1504
	864 1504
	864 1536
	832 1536
4
	1280 1504
	1376 1504
	1376 1536
	1280 1536
4
	4416 1504
	4544 1504
	4544 1536
	4416 1536
4
	7072 1504
	7200 1504
	7200 1536
	7072 1536
4
	0 1536
	320 1536
	320 1568
	0 1568
4
	864 1536
	896 1536
	896 1568
	864 1568
4
	1312 1536
	1408 1536
	1408 1568
	1312 1568
4
	3744 1536
	3840 1536
	3840 1568
	3744 1568
4
	4416 1536
	4544 1536
	4544 1568
	4416 1568
4
	7072 1536
	7200 1536
	7200 1568
	7072 1568
4
	0 1568
	320 1568
	320 1600
	0 1600
4
	864 1568
	928 1568
	928 1600
	864 1600
4
	1248 1568
	1440 1568
	1440 1600
	1248 1600
4
	2656 1568
	2688 1568
	2688 1600
	2656 1600
4
	3744 1568
	3840 1568
	3840 1600
	3744 1600
4
	4096 1568
	4160 1568
	4160 1600
	4096 1600
4
	4416 1568
	4544 1568
	4544 1600
	4416 1600
4
	7072 1568
	7200 1568
	7200 1600
	7072 1600
4
	0 1600
	320 1600
	320 1632
	0 1632
4
	1216 1600
	1280 1600
	1280 1632
	1216 1632
4
	1344 1600
	1472 1600
	1472 1632
	1344 1632
4
	2624 1600
	2688 1600
	2688 1632
	2624 1632
4
	2880 1600
	3040 1600
	3040 1632
	2880 1632
4
	4096 1600
	4160 1600
	4160 1632
	4096 1632
4
	4448 1600
	4512 1600
	4512 1632
	4448 1632
4
	7072 1600
	7200 1600
	7200 1632
	7072 1632
4
	0 1632
	320 1632
	320 1664
	0 1664
4
	1184 1632
	1248 1632
	1248 1664
	1184 1664
4
	1344 1632
	1472 1632
	1472 1664
	1344 1664
4
	2144 1632
	2176 1632
	2176 1664
	2144 1664
4
	2880 1632
	2944 1632
	2944 1664
	2880 1664
4
	7104 1632
	7200 1632
	7200 1664
	7104 1664
4
	0 1664
	288 1664
	288 1696
	0 1696
4
	831 1695
	833 1695
	833 1697
	831 1697
4
	800 1664
	832 1664
	832 1696
	800 1696
4
	1120 1664
	1216 1664
	1216 1696
	1120 1696
4
	1376 1664
	1472 1664
	1472 1696
	1376 1696
4
	2144 1664
	2176 1664
	2176 1696
	2144 1696
4
	4608 1664
	4672 1664
	4672 1696
	4608 1696
4
	7104 1664
	7200 1664
	7200 1696
	7104 1696
4
	0 1696
	288 1696
	288 1728
	0 1728
4
	832 1696
	864 1696
	864 1728
	832 1728
4
	928 1696
	1024 1696
	1024 1728
	928 1728
4
	1088 1696
	1152 1696
	1152 1728
	1088 1728
4
	1408 1696
	1504 1696
	1504 1728
	1408 1728
4
	2144 1696
	2176 1696
	2176 1728
	2144 1728
4
	4608 1696
	4672 1696
	4672 1728
	4608 1728
4
	7104 1696
	7200 1696
	7200 1728
	7104 1728
4
	0 1728
	288 1728
	288 1760
	0 1760
4
	384 1728
	416 1728
	416 1760
	384 1760
4
	960 1728
	1152 1728
	1152 1760
	960 1760
4
	1472 1728
	1600 1728
	1600 1760
	1472 1760
4
	1696 1728
	1792 1728
	1792 1760
	1696 1760
4
	2175 1759
	2177 1759
	2177 1761
	2175 1761
4
	2144 1728
	2176 1728
	2176 1760
	2144 1760
4
	2400 1728
	2432 1728
	2432 1760
	2400 1760
4
	2464 1728
	2496 1728
	2496 1760
	2464 1760
4
	7104 1728
	7200 1728
	7200 1760
	7104 1760
4
	0 1760
	288 1760
	288 1792
	0 1792
4
	992 1760
	1088 1760
	1088 1792
	992 1792
4
	1120 1760
	1184 1760
	1184 1792
	1120 1792
4
	1568 1760
	1728 1760
	1728 1792
	1568 1792
4
	2176 1760
	2272 1760
	2272 1792
	2176 1792
4
	2368 1760
	2560 1760
	2560 1792
	2368 1792
4
	6880 1760
	6944 1760
	6944 1792
	6880 1792
4
	7104 1760
	7200 1760
	7200 1792
	7104 1792
4
	0 1792
	256 1792
	256 1824
	0 1824
4
	1152 1792
	1216 1792
	1216 1824
	1152 1824
4
	1696 1792
	2144 1792
	2144 1824
	1696 1824
4
	2240 1792
	2560 1792
	2560 1824
	2240 1824
4
	2656 1792
	2688 1792
	2688 1824
	2656 1824
4
	6880 1792
	6944 1792
	6944 1824
	6880 1824
4
	7104 1792
	7200 1792
	7200 1824
	7104 1824
4
	0 1824
	256 1824
	256 1856
	0 1856
4
	384 1824
	416 1824
	416 1856
	384 1856
4
	1184 1824
	1248 1824
	1248 1856
	1184 1856
4
	2112 1824
	2592 1824
	2592 1856
	2112 1856
4
	2656 1824
	2720 1824
	2720 1856
	2656 1856
4
	6880 1824
	6944 1824
	6944 1856
	6880 1856
4
	7104 1824
	7200 1824
	7200 1856
	7104 1856
4
	0 1856
	256 1856
	256 1888
	0 1888
4
	1216 1856
	1248 1856
	1248 1888
	1216 1888
4
	2496 1856
	2720 1856
	2720 1888
	2496 1888
4
	7136 1856
	7200 1856
	7200 1888
	7136 1888
4
	0 1888
	256 1888
	256 1920
	0 1920
4
	1216 1888
	1248 1888
	1248 1920
	1216 1920
4
	2048 1888
	2080 1888
	2080 1920
	2048 1920
4
	2528 1888
	2720 1888
	2720 1920
	2528 1920
4
	3488 1888
	3552 1888
	3552 1920
	3488 1920
4
	7136 1888
	7200 1888
	7200 1920
	7136 1920
4
	0 1920
	256 1920
	256 1952
	0 1952
4
	1152 1920
	1248 1920
	1248 1952
	1152 1952
4
	2048 1920
	2080 1920
	2080 1952
	2048 1952
4
	2592 1920
	2752 1920
	2752 1952
	2592 1952
4
	3008 1920
	3072 1920
	3072 1952
	3008 1952
4
	3487 1951
	3489 1951
	3489 1953
	3487 1953
4
	3488 1920
	3584 1920
	3584 1952
	3488 1952
4
	5568 1920
	5760 1920
	5760 1952
	5568 1952
4
	7136 1920
	7200 1920
	7200 1952
	7136 1952
4
	0 1952
	256 1952
	256 1984
	0 1984
4
	288 1952
	320 1952
	320 1984
	288 1984
4
	1152 1952
	1248 1952
	1248 1984
	1152 1984
4
	2624 1952
	2784 1952
	2784 1984
	2624 1984
4
	2848 1952
	2976 1952
	2976 1984
	2848 1984
4
	3008 1952
	3136 1952
	3136 1984
	3008 1984
4
	3456 1952
	3488 1952
	3488 1984
	3456 1984
4
	3520 1952
	3584 1952
	3584 1984
	3520 1984
4
	5600 1952
	5728 1952
	5728 1984
	5600 1984
4
	7136 1952
	7200 1952
	7200 1984
	7136 1984
4
	0 1984
	320 1984
	320 2016
	0 2016
4
	1184 1984
	1248 1984
	1248 2016
	1184 2016
4
	2688 1984
	2816 1984
	2816 2016
	2688 2016
4
	2848 1984
	3200 1984
	3200 2016
	2848 2016
4
	3552 1984
	3616 1984
	3616 2016
	3552 2016
4
	3904 1984
	3936 1984
	3936 2016
	3904 2016
4
	5632 1984
	5696 1984
	5696 2016
	5632 2016
4
	7136 1984
	7200 1984
	7200 2016
	7136 2016
4
	0 2016
	352 2016
	352 2048
	0 2048
4
	1184 2016
	1216 2016
	1216 2048
	1184 2048
4
	2720 2016
	2816 2016
	2816 2048
	2720 2048
4
	3008 2016
	3264 2016
	3264 2048
	3008 2048
4
	3520 2016
	3648 2016
	3648 2048
	3520 2048
4
	3935 2047
	3937 2047
	3937 2049
	3935 2049
4
	3904 2016
	3936 2016
	3936 2048
	3904 2048
4
	5664 2016
	5888 2016
	5888 2048
	5664 2048
4
	7168 2016
	7200 2016
	7200 2048
	7168 2048
4
	0 2048
	320 2048
	320 2080
	0 2080
4
	1184 2048
	1216 2048
	1216 2080
	1184 2080
4
	2784 2048
	3296 2048
	3296 2080
	2784 2080
4
	3488 2048
	3712 2048
	3712 2080
	3488 2080
4
	3936 2048
	4000 2048
	4000 2080
	3936 2080
4
	4480 2048
	4544 2048
	4544 2080
	4480 2080
4
	4704 2048
	4768 2048
	4768 2080
	4704 2080
4
	5696 2048
	5888 2048
	5888 2080
	5696 2080
4
	7168 2048
	7200 2048
	7200 2080
	7168 2080
4
	0 2080
	256 2080
	256 2112
	0 2112
4
	288 2080
	352 2080
	352 2112
	288 2112
4
	1152 2080
	1216 2080
	1216 2112
	1152 2112
4
	3200 2080
	3328 2080
	3328 2112
	3200 2112
4
	3392 2080
	3744 2080
	3744 2112
	3392 2112
4
	3776 2080
	3904 2080
	3904 2112
	3776 2112
4
	3936 2080
	4064 2080
	4064 2112
	3936 2112
4
	4384 2080
	4832 2080
	4832 2112
	4384 2112
4
	5728 2080
	5856 2080
	5856 2112
	5728 2112
4
	7168 2080
	7200 2080
	7200 2112
	7168 2112
4
	0 2112
	256 2112
	256 2144
	0 2144
4
	288 2112
	352 2112
	352 2144
	288 2144
4
	1088 2112
	1184 2112
	1184 2144
	1088 2144
4
	3360 2112
	3904 2112
	3904 2144
	3360 2144
4
	3936 2112
	4128 2112
	4128 2144
	3936 2144
4
	4288 2112
	4448 2112
	4448 2144
	4288 2144
4
	4576 2112
	4864 2112
	4864 2144
	4576 2144
4
	5152 2112
	5184 2112
	5184 2144
	5152 2144
4
	5760 2112
	5888 2112
	5888 2144
	5760 2144
4
	7168 2112
	7200 2112
	7200 2144
	7168 2144
4
	0 2144
	256 2144
	256 2176
	0 2176
4
	320 2144
	352 2144
	352 2176
	320 2176
4
	896 2144
	928 2144
	928 2176
	896 2176
4
	1088 2144
	1184 2144
	1184 2176
	1088 2176
4
	3488 2144
	3520 2144
	3520 2176
	3488 2176
4
	3776 2144
	3872 2144
	3872 2176
	3776 2176
4
	4096 2144
	4224 2144
	4224 2176
	4096 2176
4
	4288 2144
	4352 2144
	4352 2176
	4288 2176
4
	4512 2144
	4608 2144
	4608 2176
	4512 2176
4
	4672 2144
	4896 2144
	4896 2176
	4672 2176
4
	5120 2144
	5248 2144
	5248 2176
	5120 2176
4
	5792 2144
	5888 2144
	5888 2176
	5792 2176
4
	5951 2175
	5953 2175
	5953 2177
	5951 2177
4
	5952 2144
	5984 2144
	5984 2176
	5952 2176
4
	7168 2144
	7200 2144
	7200 2176
	7168 2176
4
	0 2176
	256 2176
	256 2208
	0 2208
4
	320 2176
	352 2176
	352 2208
	320 2208
4
	896 2176
	992 2176
	992 2208
	896 2208
4
	1088 2176
	1120 2176
	1120 2208
	1088 2208
4
	1152 2176
	1216 2176
	1216 2208
	1152 2208
4
	3488 2176
	3520 2176
	3520 2208
	3488 2208
4
	3840 2176
	3904 2176
	3904 2208
	3840 2208
4
	4768 2176
	4928 2176
	4928 2208
	4768 2208
4
	5120 2176
	5248 2176
	5248 2208
	5120 2208
4
	5824 2176
	5888 2176
	5888 2208
	5824 2208
4
	5920 2176
	5952 2176
	5952 2208
	5920 2208
4
	7168 2176
	7200 2176
	7200 2208
	7168 2208
4
	0 2208
	256 2208
	256 2240
	0 2240
4
	959 2239
	961 2239
	961 2241
	959 2241
4
	864 2208
	960 2208
	960 2240
	864 2240
4
	1184 2208
	1280 2208
	1280 2240
	1184 2240
4
	3872 2208
	3936 2208
	3936 2240
	3872 2240
4
	4768 2208
	4960 2208
	4960 2240
	4768 2240
4
	5152 2208
	5216 2208
	5216 2240
	5152 2240
4
	5856 2208
	5888 2208
	5888 2240
	5856 2240
4
	7168 2208
	7200 2208
	7200 2240
	7168 2240
4
	0 2240
	256 2240
	256 2272
	0 2272
4
	864 2240
	928 2240
	928 2272
	864 2272
4
	991 2271
	993 2271
	993 2273
	991 2273
4
	960 2240
	992 2240
	992 2272
	960 2272
4
	1248 2240
	1312 2240
	1312 2272
	1248 2272
4
	3904 2240
	3968 2240
	3968 2272
	3904 2272
4
	4480 2240
	4544 2240
	4544 2272
	4480 2272
4
	4832 2240
	4896 2240
	4896 2272
	4832 2272
4
	5856 2240
	5920 2240
	5920 2272
	5856 2272
4
	7168 2240
	7200 2240
	7200 2272
	7168 2272
4
	0 2272
	256 2272
	256 2304
	0 2304
4
	864 2272
	896 2272
	896 2304
	864 2304
4
	992 2272
	1024 2272
	1024 2304
	992 2304
4
	1280 2272
	1344 2272
	1344 2304
	1280 2304
4
	3936 2272
	4032 2272
	4032 2304
	3936 2304
4
	4480 2272
	4544 2272
	4544 2304
	4480 2304
4
	5856 2272
	5984 2272
	5984 2304
	5856 2304
4
	7168 2272
	7200 2272
	7200 2304
	7168 2304
4
	0 2304
	256 2304
	256 2336
	0 2336
4
	992 2304
	1024 2304
	1024 2336
	992 2336
4
	1312 2304
	1408 2304
	1408 2336
	1312 2336
4
	4000 2304
	4064 2304
	4064 2336
	4000 2336
4
	5856 2304
	5984 2304
	5984 2336
	5856 2336
4
	7168 2304
	7200 2304
	7200 2336
	7168 2336
4
	0 2336
	256 2336
	256 2368
	0 2368
4
	1056 2336
	1088 2336
	1088 2368
	1056 2368
4
	1312 2336
	1472 2336
	1472 2368
	1312 2368
4
	4032 2336
	4096 2336
	4096 2368
	4032 2368
4
	5856 2336
	6016 2336
	6016 2368
	5856 2368
4
	7168 2336
	7200 2336
	7200 2368
	7168 2368
4
	0 2368
	256 2368
	256 2400
	0 2400
4
	1056 2368
	1088 2368
	1088 2400
	1056 2400
4
	1440 2368
	1536 2368
	1536 2400
	1440 2400
4
	4064 2368
	4128 2368
	4128 2400
	4064 2400
4
	5856 2368
	6048 2368
	6048 2400
	5856 2400
4
	7168 2368
	7200 2368
	7200 2400
	7168 2400
4
	0 2400
	256 2400
	256 2432
	0 2432
4
	864 2400
	896 2400
	896 2432
	864 2432
4
	1024 2400
	1120 2400
	1120 2432
	1024 2432
4
	1472 2400
	1536 2400
	1536 2432
	1472 2432
4
	4096 2400
	4160 2400
	4160 2432
	4096 2432
4
	5888 2400
	5952 2400
	5952 2432
	5888 2432
4
	5984 2400
	6048 2400
	6048 2432
	5984 2432
4
	7168 2400
	7200 2400
	7200 2432
	7168 2432
4
	0 2432
	256 2432
	256 2464
	0 2464
4
	864 2432
	992 2432
	992 2464
	864 2464
4
	1056 2432
	1152 2432
	1152 2464
	1056 2464
4
	1504 2432
	1568 2432
	1568 2464
	1504 2464
4
	4128 2432
	4192 2432
	4192 2464
	4128 2464
4
	4928 2432
	4960 2432
	4960 2464
	4928 2464
4
	5920 2432
	5952 2432
	5952 2464
	5920 2464
4
	7168 2432
	7200 2432
	7200 2464
	7168 2464
4
	0 2464
	256 2464
	256 2496
	0 2496
4
	991 2495
	993 2495
	993 2497
	991 2497
4
	864 2464
	992 2464
	992 2496
	864 2496
4
	1056 2464
	1184 2464
	1184 2496
	1056 2496
4
	1536 2464
	1568 2464
	1568 2496
	1536 2496
4
	4160 2464
	4384 2464
	4384 2496
	4160 2496
4
	4704 2464
	4768 2464
	4768 2496
	4704 2496
4
	4928 2464
	4960 2464
	4960 2496
	4928 2496
4
	6432 2464
	6528 2464
	6528 2496
	6432 2496
4
	0 2496
	256 2496
	256 2528
	0 2528
4
	896 2496
	960 2496
	960 2528
	896 2528
4
	1023 2527
	1025 2527
	1025 2529
	1023 2529
4
	992 2496
	1024 2496
	1024 2528
	992 2528
4
	1056 2496
	1216 2496
	1216 2528
	1056 2528
4
	1536 2496
	1600 2496
	1600 2528
	1536 2528
4
	4352 2496
	4384 2496
	4384 2528
	4352 2528
4
	4864 2496
	4896 2496
	4896 2528
	4864 2528
4
	5984 2496
	6048 2496
	6048 2528
	5984 2528
4
	6432 2496
	6528 2496
	6528 2528
	6432 2528
4
	0 2528
	256 2528
	256 2560
	0 2560
4
	928 2528
	960 2528
	960 2560
	928 2560
4
	1024 2528
	1152 2528
	1152 2560
	1024 2560
4
	1375 2559
	1377 2559
	1377 2561
	1375 2561
4
	1376 2528
	1408 2528
	1408 2560
	1376 2560
4
	1568 2528
	1600 2528
	1600 2560
	1568 2560
4
	4352 2528
	4416 2528
	4416 2560
	4352 2560
4
	4864 2528
	4928 2528
	4928 2560
	4864 2560
4
	6016 2528
	6048 2528
	6048 2560
	6016 2560
4
	0 2560
	256 2560
	256 2592
	0 2592
4
	1056 2560
	1184 2560
	1184 2592
	1056 2592
4
	1344 2560
	1376 2560
	1376 2592
	1344 2592
4
	1568 2560
	1664 2560
	1664 2592
	1568 2592
4
	4384 2560
	4416 2560
	4416 2592
	4384 2592
4
	4864 2560
	4928 2560
	4928 2592
	4864 2592
4
	0 2592
	256 2592
	256 2624
	0 2624
4
	1056 2592
	1184 2592
	1184 2624
	1056 2624
4
	1440 2592
	1472 2592
	1472 2624
	1440 2624
4
	1632 2592
	1728 2592
	1728 2624
	1632 2624
4
	4384 2592
	4416 2592
	4416 2624
	4384 2624
4
	4864 2592
	4896 2592
	4896 2624
	4864 2624
4
	6144 2592
	6176 2592
	6176 2624
	6144 2624
4
	0 2624
	256 2624
	256 2656
	0 2656
4
	1056 2624
	1248 2624
	1248 2656
	1056 2656
4
	1344 2624
	1504 2624
	1504 2656
	1344 2656
4
	1696 2624
	1792 2624
	1792 2656
	1696 2656
4
	1888 2624
	1952 2624
	1952 2656
	1888 2656
4
	4384 2624
	4416 2624
	4416 2656
	4384 2656
4
	4480 2624
	4512 2624
	4512 2656
	4480 2656
4
	4864 2624
	4928 2624
	4928 2656
	4864 2656
4
	0 2656
	256 2656
	256 2688
	0 2688
4
	1056 2656
	1152 2656
	1152 2688
	1056 2688
4
	1184 2656
	1312 2656
	1312 2688
	1184 2688
4
	1376 2656
	1568 2656
	1568 2688
	1376 2688
4
	1728 2656
	1984 2656
	1984 2688
	1728 2688
4
	4384 2656
	4448 2656
	4448 2688
	4384 2688
4
	4864 2656
	4928 2656
	4928 2688
	4864 2688
4
	0 2688
	256 2688
	256 2720
	0 2720
4
	1440 2688
	1600 2688
	1600 2720
	1440 2720
4
	1728 2688
	1792 2688
	1792 2720
	1728 2720
4
	1952 2688
	2048 2688
	2048 2720
	1952 2720
4
	4384 2688
	4480 2688
	4480 2720
	4384 2720
4
	4864 2688
	4928 2688
	4928 2720
	4864 2720
4
	0 2720
	288 2720
	288 2752
	0 2752
4
	1504 2720
	1600 2720
	1600 2752
	1504 2752
4
	2016 2720
	2080 2720
	2080 2752
	2016 2752
4
	4384 2720
	4448 2720
	4448 2752
	4384 2752
4
	4672 2720
	4736 2720
	4736 2752
	4672 2752
4
	4896 2720
	4928 2720
	4928 2752
	4896 2752
4
	0 2752
	288 2752
	288 2784
	0 2784
4
	1536 2752
	1632 2752
	1632 2784
	1536 2784
4
	2048 2752
	2144 2752
	2144 2784
	2048 2784
4
	4384 2752
	4448 2752
	4448 2784
	4384 2784
4
	4672 2752
	4736 2752
	4736 2784
	4672 2784
4
	0 2784
	288 2784
	288 2816
	0 2816
4
	1600 2784
	1728 2784
	1728 2816
	1600 2816
4
	2080 2784
	2208 2784
	2208 2816
	2080 2816
4
	4384 2784
	4448 2784
	4448 2816
	4384 2816
4
	0 2816
	320 2816
	320 2848
	0 2848
4
	2176 2816
	2304 2816
	2304 2848
	2176 2848
4
	4384 2816
	4448 2816
	4448 2848
	4384 2848
4
	6720 2816
	6816 2816
	6816 2848
	6720 2848
4
	0 2848
	384 2848
	384 2880
	0 2880
4
	2240 2848
	2336 2848
	2336 2880
	2240 2880
4
	4416 2848
	4480 2848
	4480 2880
	4416 2880
4
	4960 2848
	4992 2848
	4992 2880
	4960 2880
4
	6720 2848
	6848 2848
	6848 2880
	6720 2880
4
	0 2880
	384 2880
	384 2912
	0 2912
4
	2304 2880
	2368 2880
	2368 2912
	2304 2912
4
	3616 2880
	3680 2880
	3680 2912
	3616 2912
4
	4416 2880
	4512 2880
	4512 2912
	4416 2912
4
	4960 2880
	5024 2880
	5024 2912
	4960 2912
4
	6720 2880
	6816 2880
	6816 2912
	6720 2912
4
	0 2912
	384 2912
	384 2944
	0 2944
4
	2336 2912
	2400 2912
	2400 2944
	2336 2944
4
	3520 2912
	3776 2912
	3776 2944
	3520 2944
4
	4416 2912
	4544 2912
	4544 2944
	4416 2944
4
	4960 2912
	5024 2912
	5024 2944
	4960 2944
4
	6752 2912
	6816 2912
	6816 2944
	6752 2944
4
	0 2944
	384 2944
	384 2976
	0 2976
4
	2208 2944
	2240 2944
	2240 2976
	2208 2976
4
	2368 2944
	2400 2944
	2400 2976
	2368 2976
4
	3520 2944
	3840 2944
	3840 2976
	3520 2976
4
	4416 2944
	4608 2944
	4608 2976
	4416 2976
4
	4992 2944
	5056 2944
	5056 2976
	4992 2976
4
	0 2976
	352 2976
	352 3008
	0 3008
4
	2208 2976
	2240 2976
	2240 3008
	2208 3008
4
	2368 2976
	2432 2976
	2432 3008
	2368 3008
4
	2848 2976
	2880 2976
	2880 3008
	2848 3008
4
	3232 2976
	3904 2976
	3904 3008
	3232 3008
4
	4416 2976
	4672 2976
	4672 3008
	4416 3008
4
	5024 2976
	5088 2976
	5088 3008
	5024 3008
4
	0 3008
	352 3008
	352 3040
	0 3040
4
	2400 3008
	2976 3008
	2976 3040
	2400 3040
4
	3136 3008
	3968 3008
	3968 3040
	3136 3040
4
	4448 3008
	4672 3008
	4672 3040
	4448 3040
4
	5024 3008
	5120 3008
	5120 3040
	5024 3040
4
	0 3040
	352 3040
	352 3072
	0 3072
4
	2944 3040
	3968 3040
	3968 3072
	2944 3072
4
	4480 3040
	4672 3040
	4672 3072
	4480 3072
4
	5024 3040
	5120 3040
	5120 3072
	5024 3072
4
	0 3072
	544 3072
	544 3104
	0 3104
4
	1056 3072
	1088 3072
	1088 3104
	1056 3104
4
	1184 3072
	1312 3072
	1312 3104
	1184 3104
4
	1344 3072
	1408 3072
	1408 3104
	1344 3104
4
	2304 3072
	2432 3072
	2432 3104
	2304 3104
4
	2592 3072
	2656 3072
	2656 3104
	2592 3104
4
	2752 3072
	4000 3072
	4000 3104
	2752 3104
4
	4512 3072
	4640 3072
	4640 3104
	4512 3104
4
	5056 3072
	5152 3072
	5152 3104
	5056 3104
4
	0 3104
	576 3104
	576 3136
	0 3136
4
	992 3104
	1376 3104
	1376 3136
	992 3136
4
	1856 3104
	2208 3104
	2208 3136
	1856 3136
4
	2240 3104
	4000 3104
	4000 3136
	2240 3136
4
	4608 3104
	4704 3104
	4704 3136
	4608 3136
4
	5088 3104
	5248 3104
	5248 3136
	5088 3136
4
	0 3136
	608 3136
	608 3168
	0 3168
4
	928 3136
	1184 3136
	1184 3168
	928 3168
4
	1216 3136
	1408 3136
	1408 3168
	1216 3168
4
	1792 3136
	3200 3136
	3200 3168
	1792 3168
4
	3424 3136
	4000 3136
	4000 3168
	3424 3168
4
	4672 3136
	4768 3136
	4768 3168
	4672 3168
4
	5120 3136
	5280 3136
	5280 3168
	5120 3168
4
	0 3168
	640 3168
	640 3200
	0 3200
4
	832 3168
	1152 3168
	1152 3200
	832 3200
4
	1216 3168
	1408 3168
	1408 3200
	1216 3200
4
	1760 3168
	2400 3168
	2400 3200
	1760 3200
4
	3520 3168
	3968 3168
	3968 3200
	3520 3200
4
	4736 3168
	4800 3168
	4800 3200
	4736 3200
4
	5120 3168
	5280 3168
	5280 3200
	5120 3200
4
	5312 3168
	5344 3168
	5344 3200
	5312 3200
4
	0 3200
	320 3200
	320 3232
	0 3232
4
	416 3200
	736 3200
	736 3232
	416 3232
4
	768 3200
	896 3200
	896 3232
	768 3232
4
	960 3200
	1088 3200
	1088 3232
	960 3232
4
	1216 3200
	1408 3200
	1408 3232
	1216 3232
4
	1696 3200
	1728 3200
	1728 3232
	1696 3232
4
	1760 3200
	2176 3200
	2176 3232
	1760 3232
4
	3648 3200
	3936 3200
	3936 3232
	3648 3232
4
	4768 3200
	4832 3200
	4832 3232
	4768 3232
4
	5183 3231
	5185 3231
	5185 3233
	5183 3233
4
	5152 3200
	5184 3200
	5184 3232
	5152 3232
4
	0 3232
	320 3232
	320 3264
	0 3264
4
	416 3232
	608 3232
	608 3264
	416 3264
4
	672 3232
	704 3232
	704 3264
	672 3264
4
	768 3232
	928 3232
	928 3264
	768 3264
4
	1216 3232
	1376 3232
	1376 3264
	1216 3264
4
	1664 3232
	1728 3232
	1728 3264
	1664 3264
4
	1760 3232
	2016 3232
	2016 3264
	1760 3264
4
	4800 3232
	4832 3232
	4832 3264
	4800 3264
4
	5184 3232
	5216 3232
	5216 3264
	5184 3264
4
	0 3264
	320 3264
	320 3296
	0 3296
4
	416 3264
	512 3264
	512 3296
	416 3296
4
	736 3264
	960 3264
	960 3296
	736 3296
4
	1248 3264
	1344 3264
	1344 3296
	1248 3296
4
	1664 3264
	1952 3264
	1952 3296
	1664 3296
4
	4800 3264
	4864 3264
	4864 3296
	4800 3296
4
	5184 3264
	5248 3264
	5248 3296
	5184 3296
4
	0 3296
	320 3296
	320 3328
	0 3328
4
	832 3296
	960 3296
	960 3328
	832 3328
4
	1600 3296
	1920 3296
	1920 3328
	1600 3328
4
	4832 3296
	4896 3296
	4896 3328
	4832 3328
4
	0 3328
	352 3328
	352 3360
	0 3360
4
	896 3328
	960 3328
	960 3360
	896 3360
4
	1568 3328
	1856 3328
	1856 3360
	1568 3360
4
	4864 3328
	4896 3328
	4896 3360
	4864 3360
4
	0 3360
	352 3360
	352 3392
	0 3392
4
	896 3360
	1056 3360
	1056 3392
	896 3392
4
	1568 3360
	1792 3360
	1792 3392
	1568 3392
4
	4864 3360
	4928 3360
	4928 3392
	4864 3392
4
	6656 3360
	6720 3360
	6720 3392
	6656 3392
4
	0 3392
	416 3392
	416 3424
	0 3424
4
	928 3392
	1088 3392
	1088 3424
	928 3424
4
	1568 3392
	1760 3392
	1760 3424
	1568 3424
4
	4896 3392
	4960 3392
	4960 3424
	4896 3424
4
	5216 3392
	5248 3392
	5248 3424
	5216 3424
4
	6656 3392
	6752 3392
	6752 3424
	6656 3424
4
	0 3424
	416 3424
	416 3456
	0 3456
4
	1056 3424
	1120 3424
	1120 3456
	1056 3456
4
	1536 3424
	1760 3424
	1760 3456
	1536 3456
4
	4928 3424
	4960 3424
	4960 3456
	4928 3456
4
	5184 3424
	5248 3424
	5248 3456
	5184 3456
4
	6656 3424
	6720 3424
	6720 3456
	6656 3456
4
	0 3456
	416 3456
	416 3488
	0 3488
4
	1088 3456
	1120 3456
	1120 3488
	1088 3488
4
	1536 3456
	1728 3456
	1728 3488
	1536 3488
4
	4928 3456
	4960 3456
	4960 3488
	4928 3488
4
	5247 3487
	5249 3487
	5249 3489
	5247 3489
4
	5184 3456
	5248 3456
	5248 3488
	5184 3488
4
	0 3488
	448 3488
	448 3520
	0 3520
4
	1536 3488
	1696 3488
	1696 3520
	1536 3520
4
	4928 3488
	4960 3488
	4960 3520
	4928 3520
4
	5248 3488
	5280 3488
	5280 3520
	5248 3520
4
	0 3520
	448 3520
	448 3552
	0 3552
4
	1504 3520
	1664 3520
	1664 3552
	1504 3552
4
	4928 3520
	4960 3520
	4960 3552
	4928 3552
4
	5248 3520
	5280 3520
	5280 3552
	5248 3552
4
	0 3552
	480 3552
	480 3584
	0 3584
4
	1504 3552
	1632 3552
	1632 3584
	1504 3584
4
	4928 3552
	4992 3552
	4992 3584
	4928 3584
4
	5248 3552
	5312 3552
	5312 3584
	5248 3584
4
	0 3584
	480 3584
	480 3616
	0 3616
4
	1440 3584
	1472 3584
	1472 3616
	1440 3616
4
	1504 3584
	1632 3584
	1632 3616
	1504 3616
4
	4960 3584
	4992 3584
	4992 3616
	4960 3616
4
	5248 3584
	5312 3584
	5312 3616
	5248 3616
4
	0 3616
	512 3616
	512 3648
	0 3648
4
	1440 3616
	1600 3616
	1600 3648
	1440 3648
4
	4960 3616
	4992 3616
	4992 3648
	4960 3648
4
	5248 3616
	5312 3616
	5312 3648
	5248 3648
4
	0 3648
	512 3648
	512 3680
	0 3680
4
	1504 3648
	1568 3648
	1568 3680
	1504 3680
4
	4960 3648
	4992 3648
	4992 3680
	4960 3680
4
	5248 3648
	5280 3648
	5280 3680
	5248 3680
4
	0 3680
	544 3680
	544 3712
	0 3712
4
	1472 3680
	1536 3680
	1536 3712
	1472 3712
4
	4960 3680
	4992 3680
	4992 3712
	4960 3712
4
	5279 3711
	5281 3711
	5281 3713
	5279 3713
4
	5248 3680
	5280 3680
	5280 3712
	5248 3712
4
	0 3712
	544 3712
	544 3744
	0 3744
4
	1472 3712
	1504 3712
	1504 3744
	1472 3744
4
	4960 3712
	4992 3712
	4992 3744
	4960 3744
4
	5280 3712
	5376 3712
	5376 3744
	5280 3744
4
	6624 3712
	6752 3712
	6752 3744
	6624 3744
4
	0 3744
	544 3744
	544 3776
	0 3776
4
	1440 3744
	1504 3744
	1504 3776
	1440 3776
4
	4960 3744
	4992 3744
	4992 3776
	4960 3776
4
	5280 3744
	5376 3744
	5376 3776
	5280 3776
4
	6624 3744
	6752 3744
	6752 3776
	6624 3776
4
	0 3776
	576 3776
	576 3808
	0 3808
4
	1376 3776
	1472 3776
	1472 3808
	1376 3808
4
	4960 3776
	4992 3776
	4992 3808
	4960 3808
4
	5280 3776
	5376 3776
	5376 3808
	5280 3808
4
	6624 3776
	6752 3776
	6752 3808
	6624 3808
4
	0 3808
	608 3808
	608 3840
	0 3840
4
	1344 3808
	1408 3808
	1408 3840
	1344 3840
4
	4960 3808
	4992 3808
	4992 3840
	4960 3840
4
	5280 3808
	5376 3808
	5376 3840
	5280 3840
4
	6624 3808
	6720 3808
	6720 3840
	6624 3840
4
	0 3840
	608 3840
	608 3872
	0 3872
4
	1312 3840
	1376 3840
	1376 3872
	1312 3872
4
	4960 3840
	4992 3840
	4992 3872
	4960 3872
4
	5280 3840
	5408 3840
	5408 3872
	5280 3872
4
	0 3872
	640 3872
	640 3904
	0 3904
4
	1248 3872
	1344 3872
	1344 3904
	1248 3904
4
	4960 3872
	4992 3872
	4992 3904
	4960 3904
4
	5312 3872
	5440 3872
	5440 3904
	5312 3904
4
	0 3904
	640 3904
	640 3936
	0 3936
4
	1216 3904
	1280 3904
	1280 3936
	1216 3936
4
	4960 3904
	4992 3904
	4992 3936
	4960 3936
4
	5344 3904
	5472 3904
	5472 3936
	5344 3936
4
	0 3936
	672 3936
	672 3968
	0 3968
4
	800 3936
	864 3936
	864 3968
	800 3968
4
	1056 3936
	1088 3936
	1088 3968
	1056 3968
4
	1152 3936
	1248 3936
	1248 3968
	1152 3968
4
	4960 3936
	4992 3936
	4992 3968
	4960 3968
4
	5376 3936
	5472 3936
	5472 3968
	5376 3968
4
	5504 3936
	5536 3936
	5536 3968
	5504 3968
4
	0 3968
	672 3968
	672 4000
	0 4000
4
	832 3968
	928 3968
	928 4000
	832 4000
4
	1056 3968
	1184 3968
	1184 4000
	1056 4000
4
	4960 3968
	4992 3968
	4992 4000
	4960 4000
4
	5408 3968
	5472 3968
	5472 4000
	5408 4000
4
	0 4000
	672 4000
	672 4032
	0 4032
4
	896 4000
	1152 4000
	1152 4032
	896 4032
4
	4960 4000
	4992 4000
	4992 4032
	4960 4032
4
	5440 4000
	5472 4000
	5472 4032
	5440 4032
4
	0 4032
	672 4032
	672 4064
	0 4064
4
	960 4032
	1120 4032
	1120 4064
	960 4064
4
	4928 4032
	4992 4032
	4992 4064
	4928 4064
4
	0 4064
	704 4064
	704 4096
	0 4096
4
	992 4064
	1120 4064
	1120 4096
	992 4096
4
	4928 4064
	4992 4064
	4992 4096
	4928 4096
4
	0 4096
	704 4096
	704 4128
	0 4128
4
	1056 4096
	1120 4096
	1120 4128
	1056 4128
4
	4960 4096
	4992 4096
	4992 4128
	4960 4128
4
	0 4128
	704 4128
	704 4160
	0 4160
4
	1088 4128
	1152 4128
	1152 4160
	1088 4160
4
	4960 4128
	4992 4128
	4992 4160
	4960 4160
4
	0 4160
	704 4160
	704 4192
	0 4192
4
	1088 4160
	1152 4160
	1152 4192
	1088 4192
4
	4960 4160
	4992 4160
	4992 4192
	4960 4192
4
	5120 4160
	5152 4160
	5152 4192
	5120 4192
4
	0 4192
	704 4192
	704 4224
	0 4224
4
	1120 4192
	1184 4192
	1184 4224
	1120 4224
4
	4928 4192
	4992 4192
	4992 4224
	4928 4224
4
	5088 4192
	5152 4192
	5152 4224
	5088 4224
4
	0 4224
	704 4224
	704 4256
	0 4256
4
	1152 4224
	1184 4224
	1184 4256
	1152 4256
4
	4928 4224
	4960 4224
	4960 4256
	4928 4256
4
	5024 4224
	5152 4224
	5152 4256
	5024 4256
4
	0 4256
	704 4256
	704 4288
	0 4288
4
	1152 4256
	1184 4256
	1184 4288
	1152 4288
4
	4576 4256
	4640 4256
	4640 4288
	4576 4288
4
	4959 4287
	4961 4287
	4961 4289
	4959 4289
4
	4896 4256
	4960 4256
	4960 4288
	4896 4288
4
	4992 4256
	5152 4256
	5152 4288
	4992 4288
4
	0 4288
	704 4288
	704 4320
	0 4320
4
	1152 4288
	1216 4288
	1216 4320
	1152 4320
4
	4576 4288
	4640 4288
	4640 4320
	4576 4320
4
	4896 4288
	4928 4288
	4928 4320
	4896 4320
4
	4960 4288
	5024 4288
	5024 4320
	4960 4320
4
	0 4320
	672 4320
	672 4352
	0 4352
4
	1184 4320
	1216 4320
	1216 4352
	1184 4352
4
	4864 4320
	4928 4320
	4928 4352
	4864 4352
4
	4960 4320
	5024 4320
	5024 4352
	4960 4352
4
	5056 4320
	5120 4320
	5120 4352
	5056 4352
4
	0 4352
	672 4352
	672 4384
	0 4384
4
	1184 4352
	1248 4352
	1248 4384
	1184 4384
4
	4864 4352
	4896 4352
	4896 4384
	4864 4384
4
	4960 4352
	5088 4352
	5088 4384
	4960 4384
4
	0 4384
	672 4384
	672 4416
	0 4416
4
	1216 4384
	1248 4384
	1248 4416
	1216 4416
4
	4864 4384
	4896 4384
	4896 4416
	4864 4416
4
	4960 4384
	5024 4384
	5024 4416
	4960 4416
4
	0 4416
	672 4416
	672 4448
	0 4448
4
	1216 4416
	1248 4416
	1248 4448
	1216 4448
4
	4864 4416
	4896 4416
	4896 4448
	4864 4448
4
	4960 4416
	5024 4416
	5024 4448
	4960 4448
4
	0 4448
	672 4448
	672 4480
	0 4480
4
	1216 4448
	1248 4448
	1248 4480
	1216 4480
4
	4864 4448
	4896 4448
	4896 4480
	4864 4480
4
	4960 4448
	5024 4448
	5024 4480
	4960 4480
4
	0 4480
	672 4480
	672 4512
	0 4512
4
	1216 4480
	1280 4480
	1280 4512
	1216 4512
4
	4864 4480
	4896 4480
	4896 4512
	4864 4512
4
	4960 4480
	5024 4480
	5024 4512
	4960 4512
4
	0 4512
	672 4512
	672 4544
	0 4544
4
	1216 4512
	1280 4512
	1280 4544
	1216 4544
4
	4864 4512
	4896 4512
	4896 4544
	4864 4544
4
	4960 4512
	5024 4512
	5024 4544
	4960 4544
4
	5152 4512
	5184 4512
	5184 4544
	5152 4544
4
	0 4544
	704 4544
	704 4576
	0 4576
4
	1216 4544
	1280 4544
	1280 4576
	1216 4576
4
	4864 4544
	4928 4544
	4928 4576
	4864 4576
4
	4960 4544
	5024 4544
	5024 4576
	4960 4576
4
	0 4576
	704 4576
	704 4608
	0 4608
4
	1216 4576
	1376 4576
	1376 4608
	1216 4608
4
	4768 4576
	4800 4576
	4800 4608
	4768 4608
4
	4896 4576
	4928 4576
	4928 4608
	4896 4608
4
	4960 4576
	5024 4576
	5024 4608
	4960 4608
4
	5504 4576
	5536 4576
	5536 4608
	5504 4608
4
	6176 4576
	6272 4576
	6272 4608
	6176 4608
4
	0 4608
	704 4608
	704 4640
	0 4640
4
	1248 4608
	1472 4608
	1472 4640
	1248 4640
4
	4736 4608
	4832 4608
	4832 4640
	4736 4640
4
	4896 4608
	4928 4608
	4928 4640
	4896 4640
4
	4992 4608
	5024 4608
	5024 4640
	4992 4640
4
	5504 4608
	5536 4608
	5536 4640
	5504 4640
4
	6176 4608
	6304 4608
	6304 4640
	6176 4640
4
	0 4640
	736 4640
	736 4672
	0 4672
4
	1248 4640
	1312 4640
	1312 4672
	1248 4672
4
	1440 4640
	1504 4640
	1504 4672
	1440 4672
4
	4736 4640
	4800 4640
	4800 4672
	4736 4672
4
	4896 4640
	4928 4640
	4928 4672
	4896 4672
4
	4992 4640
	5056 4640
	5056 4672
	4992 4672
4
	6176 4640
	6304 4640
	6304 4672
	6176 4672
4
	0 4672
	736 4672
	736 4704
	0 4704
4
	1280 4672
	1312 4672
	1312 4704
	1280 4704
4
	1472 4672
	1536 4672
	1536 4704
	1472 4704
4
	4896 4672
	4960 4672
	4960 4704
	4896 4704
4
	4992 4672
	5088 4672
	5088 4704
	4992 4704
4
	6176 4672
	6304 4672
	6304 4704
	6176 4704
4
	0 4704
	736 4704
	736 4736
	0 4736
4
	1504 4704
	1600 4704
	1600 4736
	1504 4736
4
	4928 4704
	4960 4704
	4960 4736
	4928 4736
4
	4992 4704
	5152 4704
	5152 4736
	4992 4736
4
	0 4736
	736 4736
	736 4768
	0 4768
4
	1568 4736
	1632 4736
	1632 4768
	1568 4768
4
	4928 4736
	4960 4736
	4960 4768
	4928 4768
4
	5024 4736
	5152 4736
	5152 4768
	5024 4768
4
	0 4768
	704 4768
	704 4800
	0 4800
4
	1600 4768
	1664 4768
	1664 4800
	1600 4800
4
	4928 4768
	4992 4768
	4992 4800
	4928 4800
4
	5088 4768
	5152 4768
	5152 4800
	5088 4800
4
	0 4800
	704 4800
	704 4832
	0 4832
4
	1632 4800
	1696 4800
	1696 4832
	1632 4832
4
	4960 4800
	4992 4800
	4992 4832
	4960 4832
4
	5120 4800
	5248 4800
	5248 4832
	5120 4832
4
	0 4832
	672 4832
	672 4864
	0 4864
4
	1664 4832
	1728 4832
	1728 4864
	1664 4864
4
	4960 4832
	5024 4832
	5024 4864
	4960 4864
4
	5120 4832
	5216 4832
	5216 4864
	5120 4864
4
	6368 4832
	6432 4832
	6432 4864
	6368 4864
4
	0 4864
	672 4864
	672 4896
	0 4896
4
	1759 4895
	1761 4895
	1761 4897
	1759 4897
4
	1696 4864
	1760 4864
	1760 4896
	1696 4896
4
	4992 4864
	5024 4864
	5024 4896
	4992 4896
4
	5120 4864
	5216 4864
	5216 4896
	5120 4896
4
	6336 4864
	6432 4864
	6432 4896
	6336 4896
4
	0 4896
	672 4896
	672 4928
	0 4928
4
	1760 4896
	1824 4896
	1824 4928
	1760 4928
4
	4992 4896
	5024 4896
	5024 4928
	4992 4928
4
	5184 4896
	5216 4896
	5216 4928
	5184 4928
4
	5600 4896
	5664 4896
	5664 4928
	5600 4928
4
	0 4928
	672 4928
	672 4960
	0 4960
4
	1792 4928
	1856 4928
	1856 4960
	1792 4960
4
	4992 4928
	5056 4928
	5056 4960
	4992 4960
4
	5184 4928
	5216 4928
	5216 4960
	5184 4960
4
	0 4960
	672 4960
	672 4992
	0 4992
4
	1824 4960
	1888 4960
	1888 4992
	1824 4992
4
	1952 4960
	2016 4960
	2016 4992
	1952 4992
4
	5024 4960
	5056 4960
	5056 4992
	5024 4992
4
	5184 4960
	5216 4960
	5216 4992
	5184 4992
4
	0 4992
	640 4992
	640 5024
	0 5024
4
	1856 4992
	2016 4992
	2016 5024
	1856 5024
4
	5024 4992
	5088 4992
	5088 5024
	5024 5024
4
	5184 4992
	5216 4992
	5216 5024
	5184 5024
4
	6112 4992
	6176 4992
	6176 5024
	6112 5024
4
	0 5024
	640 5024
	640 5056
	0 5056
4
	1920 5024
	1984 5024
	1984 5056
	1920 5056
4
	4832 5024
	4896 5024
	4896 5056
	4832 5056
4
	5056 5024
	5088 5024
	5088 5056
	5056 5056
4
	5184 5024
	5216 5024
	5216 5056
	5184 5056
4
	5248 5024
	5280 5024
	5280 5056
	5248 5056
4
	0 5056
	640 5056
	640 5088
	0 5088
4
	1248 5056
	1344 5056
	1344 5088
	1248 5088
4
	1952 5056
	2016 5056
	2016 5088
	1952 5088
4
	5024 5056
	5088 5056
	5088 5088
	5024 5088
4
	5184 5056
	5216 5056
	5216 5088
	5184 5088
4
	0 5088
	608 5088
	608 5120
	0 5120
4
	1248 5088
	1376 5088
	1376 5120
	1248 5120
4
	2015 5119
	2017 5119
	2017 5121
	2015 5121
4
	1984 5088
	2016 5088
	2016 5120
	1984 5120
4
	5024 5088
	5056 5088
	5056 5120
	5024 5120
4
	5152 5088
	5216 5088
	5216 5120
	5152 5120
4
	0 5120
	608 5120
	608 5152
	0 5152
4
	1248 5120
	1344 5120
	1344 5152
	1248 5152
4
	2016 5120
	2048 5120
	2048 5152
	2016 5152
4
	4768 5120
	4864 5120
	4864 5152
	4768 5152
4
	4992 5120
	5056 5120
	5056 5152
	4992 5152
4
	5120 5120
	5216 5120
	5216 5152
	5120 5152
4
	0 5152
	576 5152
	576 5184
	0 5184
4
	2016 5152
	2080 5152
	2080 5184
	2016 5184
4
	4768 5152
	4864 5152
	4864 5184
	4768 5184
4
	4960 5152
	5024 5152
	5024 5184
	4960 5184
4
	5088 5152
	5216 5152
	5216 5184
	5088 5184
4
	6336 5152
	6400 5152
	6400 5184
	6336 5184
4
	0 5184
	576 5184
	576 5216
	0 5216
4
	2048 5184
	2112 5184
	2112 5216
	2048 5216
4
	4800 5184
	4864 5184
	4864 5216
	4800 5216
4
	4960 5184
	4992 5184
	4992 5216
	4960 5216
4
	5056 5184
	5184 5184
	5184 5216
	5056 5216
4
	6336 5184
	6400 5184
	6400 5216
	6336 5216
4
	0 5216
	576 5216
	576 5248
	0 5248
4
	2175 5247
	2177 5247
	2177 5249
	2175 5249
4
	2080 5216
	2176 5216
	2176 5248
	2080 5248
4
	4896 5216
	4992 5216
	4992 5248
	4896 5248
4
	5088 5216
	5152 5216
	5152 5248
	5088 5248
4
	6336 5216
	6400 5216
	6400 5248
	6336 5248
4
	0 5248
	544 5248
	544 5280
	0 5280
4
	2176 5248
	2272 5248
	2272 5280
	2176 5280
4
	4800 5248
	4928 5248
	4928 5280
	4800 5280
4
	5088 5248
	5120 5248
	5120 5280
	5088 5280
4
	0 5280
	544 5280
	544 5312
	0 5312
4
	2240 5280
	2336 5280
	2336 5312
	2240 5312
4
	4704 5280
	4832 5280
	4832 5312
	4704 5312
4
	0 5312
	512 5312
	512 5344
	0 5344
4
	2304 5312
	2368 5312
	2368 5344
	2304 5344
4
	4608 5312
	4736 5312
	4736 5344
	4608 5344
4
	5119 5343
	5121 5343
	5121 5345
	5119 5345
4
	5088 5312
	5120 5312
	5120 5344
	5088 5344
4
	6784 5312
	6880 5312
	6880 5344
	6784 5344
4
	0 5344
	512 5344
	512 5376
	0 5376
4
	2336 5344
	2368 5344
	2368 5376
	2336 5376
4
	4416 5344
	4640 5344
	4640 5376
	4416 5376
4
	5120 5344
	5184 5344
	5184 5376
	5120 5376
4
	6336 5344
	6432 5344
	6432 5376
	6336 5376
4
	6784 5344
	6912 5344
	6912 5376
	6784 5376
4
	0 5376
	480 5376
	480 5408
	0 5408
4
	2336 5376
	2368 5376
	2368 5408
	2336 5408
4
	3679 5407
	3681 5407
	3681 5409
	3679 5409
4
	3360 5376
	3680 5376
	3680 5408
	3360 5408
4
	4192 5376
	4448 5376
	4448 5408
	4192 5408
4
	5215 5407
	5217 5407
	5217 5409
	5215 5409
4
	5120 5376
	5216 5376
	5216 5408
	5120 5408
4
	6304 5376
	6432 5376
	6432 5408
	6304 5408
4
	6784 5376
	6912 5376
	6912 5408
	6784 5408
4
	0 5408
	480 5408
	480 5440
	0 5440
4
	2336 5408
	2400 5408
	2400 5440
	2336 5440
4
	3423 5439
	3425 5439
	3425 5441
	3423 5441
4
	3392 5408
	3424 5408
	3424 5440
	3392 5440
4
	3680 5408
	4224 5408
	4224 5440
	3680 5440
4
	5120 5408
	5184 5408
	5184 5440
	5120 5440
4
	5216 5408
	5248 5408
	5248 5440
	5216 5440
4
	6304 5408
	6432 5408
	6432 5440
	6304 5440
4
	6784 5408
	6880 5408
	6880 5440
	6784 5440
4
	0 5440
	448 5440
	448 5472
	0 5472
4
	2368 5440
	2400 5440
	2400 5472
	2368 5472
4
	3424 5440
	3456 5440
	3456 5472
	3424 5472
4
	4288 5440
	4928 5440
	4928 5472
	4288 5472
4
	5152 5440
	5184 5440
	5184 5472
	5152 5472
4
	5216 5440
	5312 5440
	5312 5472
	5216 5472
4
	6304 5440
	6432 5440
	6432 5472
	6304 5472
4
	0 5472
	448 5472
	448 5504
	0 5504
4
	2368 5472
	2400 5472
	2400 5504
	2368 5504
4
	3424 5472
	3680 5472
	3680 5504
	3424 5504
4
	4288 5472
	4960 5472
	4960 5504
	4288 5504
4
	5248 5472
	5312 5472
	5312 5504
	5248 5504
4
	0 5504
	416 5504
	416 5536
	0 5536
4
	2368 5504
	2400 5504
	2400 5536
	2368 5536
4
	3648 5504
	3872 5504
	3872 5536
	3648 5536
4
	4288 5504
	4480 5504
	4480 5536
	4288 5536
4
	5023 5535
	5025 5535
	5025 5537
	5023 5537
4
	4992 5504
	5024 5504
	5024 5536
	4992 5536
4
	5152 5504
	5184 5504
	5184 5536
	5152 5536
4
	0 5536
	384 5536
	384 5568
	0 5568
4
	2368 5536
	2400 5536
	2400 5568
	2368 5568
4
	3840 5536
	4480 5536
	4480 5568
	3840 5568
4
	5024 5536
	5056 5536
	5056 5568
	5024 5568
4
	5152 5536
	5248 5536
	5248 5568
	5152 5568
4
	0 5568
	352 5568
	352 5600
	0 5600
4
	2368 5568
	2400 5568
	2400 5600
	2368 5600
4
	4288 5568
	4448 5568
	4448 5600
	4288 5600
4
	5184 5568
	5248 5568
	5248 5600
	5184 5600
4
	0 5600
	320 5600
	320 5632
	0 5632
4
	480 5600
	512 5600
	512 5632
	480 5632
4
	1408 5600
	1472 5600
	1472 5632
	1408 5632
4
	2368 5600
	2400 5600
	2400 5632
	2368 5632
4
	4288 5600
	4448 5600
	4448 5632
	4288 5632
4
	4639 5631
	4641 5631
	4641 5633
	4639 5633
4
	4640 5600
	4672 5600
	4672 5632
	4640 5632
4
	5184 5600
	5216 5600
	5216 5632
	5184 5632
4
	5344 5600
	5376 5600
	5376 5632
	5344 5632
4
	0 5632
	256 5632
	256 5664
	0 5664
4
	1408 5632
	1472 5632
	1472 5664
	1408 5664
4
	2368 5632
	2400 5632
	2400 5664
	2368 5664
4
	4384 5632
	4416 5632
	4416 5664
	4384 5664
4
	4608 5632
	4640 5632
	4640 5664
	4608 5664
4
	0 5664
	192 5664
	192 5696
	0 5696
4
	2368 5664
	2432 5664
	2432 5696
	2368 5696
4
	4384 5664
	4416 5664
	4416 5696
	4384 5696
4
	0 5696
	96 5696
	96 5728
	0 5728
4
	224 5696
	256 5696
	256 5728
	224 5728
4
	352 5696
	416 5696
	416 5728
	352 5728
4
	2400 5696
	2432 5696
	2432 5728
	2400 5728
4
	4352 5696
	4416 5696
	4416 5728
	4352 5728
4
	288 5728
	384 5728
	384 5760
	288 5760
4
	2400 5728
	2432 5728
	2432 5760
	2400 5760
4
	4352 5728
	4384 5728
	4384 5760
	4352 5760
4
	0 5760
	352 5760
	352 5792
	0 5792
4
	2400 5760
	2528 5760
	2528 5792
	2400 5792
4
	4352 5760
	4384 5760
	4384 5792
	4352 5792
4
	0 5792
	320 5792
	320 5824
	0 5824
4
	1920 5792
	1952 5792
	1952 5824
	1920 5824
4
	2432 5792
	2528 5792
	2528 5824
	2432 5824
4
	4320 5792
	4384 5792
	4384 5824
	4320 5824
4
	5888 5792
	6048 5792
	6048 5824
	5888 5824
4
	0 5824
	256 5824
	256 5856
	0 5856
4
	1984 5824
	2016 5824
	2016 5856
	1984 5856
4
	2464 5824
	2528 5824
	2528 5856
	2464 5856
4
	4320 5824
	4352 5824
	4352 5856
	4320 5856
4
	5888 5824
	6080 5824
	6080 5856
	5888 5856
4
	0 5856
	96 5856
	96 5888
	0 5888
4
	2496 5856
	2560 5856
	2560 5888
	2496 5888
4
	4320 5856
	4352 5856
	4352 5888
	4320 5888
4
	5888 5856
	6080 5856
	6080 5888
	5888 5888
4
	0 5888
	96 5888
	96 5920
	0 5920
4
	2528 5888
	2560 5888
	2560 5920
	2528 5920
4
	4320 5888
	4352 5888
	4352 5920
	4320 5920
4
	5888 5888
	6112 5888
	6112 5920
	5888 5920
4
	0 5920
	96 5920
	96 5952
	0 5952
4
	1984 5920
	2176 5920
	2176 5952
	1984 5952
4
	2528 5920
	2592 5920
	2592 5952
	2528 5952
4
	4288 5920
	4352 5920
	4352 5952
	4288 5952
4
	4640 5920
	4704 5920
	4704 5952
	4640 5952
4
	5888 5920
	6112 5920
	6112 5952
	5888 5952
4
	0 5952
	128 5952
	128 5984
	0 5984
4
	1984 5952
	2176 5952
	2176 5984
	1984 5984
4
	2560 5952
	2624 5952
	2624 5984
	2560 5984
4
	4288 5952
	4320 5952
	4320 5984
	4288 5984
4
	4608 5952
	4736 5952
	4736 5984
	4608 5984
4
	5920 5952
	6080 5952
	6080 5984
	5920 5984
4
	6752 5952
	6848 5952
	6848 5984
	6752 5984
4
	0 5984
	128 5984
	128 6016
	0 6016
4
	1984 5984
	2208 5984
	2208 6016
	1984 6016
4
	2592 5984
	2656 5984
	2656 6016
	2592 6016
4
	4288 5984
	4320 5984
	4320 6016
	4288 6016
4
	4608 5984
	4736 5984
	4736 6016
	4608 6016
4
	4800 5984
	4864 5984
	4864 6016
	4800 6016
4
	6016 5984
	6048 5984
	6048 6016
	6016 6016
4
	6752 5984
	6848 5984
	6848 6016
	6752 6016
4
	0 6016
	128 6016
	128 6048
	0 6048
4
	2016 6016
	2208 6016
	2208 6048
	2016 6048
4
	2624 6016
	2688 6016
	2688 6048
	2624 6048
4
	4288 6016
	4320 6016
	4320 6048
	4288 6048
4
	4608 6016
	4704 6016
	4704 6048
	4608 6048
4
	4800 6016
	4832 6016
	4832 6048
	4800 6048
4
	6752 6016
	6848 6016
	6848 6048
	6752 6048
4
	0 6048
	128 6048
	128 6080
	0 6080
4
	1344 6048
	1376 6048
	1376 6080
	1344 6080
4
	2048 6048
	2176 6048
	2176 6080
	2048 6080
4
	2656 6048
	2688 6048
	2688 6080
	2656 6080
4
	4256 6048
	4320 6048
	4320 6080
	4256 6080
4
	6752 6048
	6848 6048
	6848 6080
	6752 6080
4
	0 6080
	160 6080
	160 6112
	0 6112
4
	2656 6080
	2720 6080
	2720 6112
	2656 6112
4
	4256 6080
	4288 6080
	4288 6112
	4256 6112
4
	0 6112
	160 6112
	160 6144
	0 6144
4
	2688 6112
	2752 6112
	2752 6144
	2688 6144
4
	4256 6112
	4288 6112
	4288 6144
	4256 6144
4
	0 6144
	160 6144
	160 6176
	0 6176
4
	2720 6144
	2784 6144
	2784 6176
	2720 6176
4
	4256 6144
	4288 6144
	4288 6176
	4256 6176
4
	5824 6144
	5856 6144
	5856 6176
	5824 6176
4
	0 6176
	160 6176
	160 6208
	0 6208
4
	2752 6176
	2816 6176
	2816 6208
	2752 6208
4
	4256 6176
	4288 6176
	4288 6208
	4256 6208
4
	5792 6176
	5856 6176
	5856 6208
	5792 6208
4
	0 6208
	160 6208
	160 6240
	0 6240
4
	2784 6208
	2880 6208
	2880 6240
	2784 6240
4
	4256 6208
	4288 6208
	4288 6240
	4256 6240
4
	5760 6208
	5824 6208
	5824 6240
	5760 6240
4
	0 6240
	160 6240
	160 6272
	0 6272
4
	2848 6240
	2912 6240
	2912 6272
	2848 6272
4
	4256 6240
	4288 6240
	4288 6272
	4256 6272
4
	5696 6240
	5824 6240
	5824 6272
	5696 6272
4
	0 6272
	192 6272
	192 6304
	0 6304
4
	2880 6272
	3008 6272
	3008 6304
	2880 6304
4
	4256 6272
	4288 6272
	4288 6304
	4256 6304
4
	4608 6272
	4640 6272
	4640 6304
	4608 6304
4
	4704 6272
	4800 6272
	4800 6304
	4704 6304
4
	5696 6272
	5824 6272
	5824 6304
	5696 6304
4
	0 6304
	192 6304
	192 6336
	0 6336
4
	2976 6304
	3040 6304
	3040 6336
	2976 6336
4
	4256 6304
	4288 6304
	4288 6336
	4256 6336
4
	4608 6304
	4736 6304
	4736 6336
	4608 6336
4
	5664 6304
	5728 6304
	5728 6336
	5664 6336
4
	0 6336
	192 6336
	192 6368
	0 6368
4
	2336 6336
	2368 6336
	2368 6368
	2336 6368
4
	3008 6336
	3072 6336
	3072 6368
	3008 6368
4
	4256 6336
	4288 6336
	4288 6368
	4256 6368
4
	4640 6336
	4672 6336
	4672 6368
	4640 6368
4
	5632 6336
	5728 6336
	5728 6368
	5632 6368
4
	0 6368
	192 6368
	192 6400
	0 6400
4
	1248 6368
	1312 6368
	1312 6400
	1248 6400
4
	3040 6368
	3072 6368
	3072 6400
	3040 6400
4
	4256 6368
	4288 6368
	4288 6400
	4256 6400
4
	4640 6368
	4672 6368
	4672 6400
	4640 6400
4
	5600 6368
	5728 6368
	5728 6400
	5600 6400
4
	0 6400
	192 6400
	192 6432
	0 6432
4
	1248 6400
	1312 6400
	1312 6432
	1248 6432
4
	3040 6400
	3104 6400
	3104 6432
	3040 6432
4
	4256 6400
	4384 6400
	4384 6432
	4256 6432
4
	4576 6400
	4608 6400
	4608 6432
	4576 6432
4
	4640 6400
	4672 6400
	4672 6432
	4640 6432
4
	5568 6400
	5728 6400
	5728 6432
	5568 6432
4
	0 6432
	192 6432
	192 6464
	0 6464
4
	3072 6432
	3104 6432
	3104 6464
	3072 6464
4
	4256 6432
	4384 6432
	4384 6464
	4256 6464
4
	4576 6432
	4672 6432
	4672 6464
	4576 6464
4
	5664 6432
	5728 6432
	5728 6464
	5664 6464
4
	0 6464
	192 6464
	192 6496
	0 6496
4
	224 6464
	256 6464
	256 6496
	224 6496
4
	384 6464
	448 6464
	448 6496
	384 6496
4
	3072 6464
	3136 6464
	3136 6496
	3072 6496
4
	4256 6464
	4384 6464
	4384 6496
	4256 6496
4
	4576 6464
	4672 6464
	4672 6496
	4576 6496
4
	5664 6464
	5728 6464
	5728 6496
	5664 6496
4
	0 6496
	192 6496
	192 6528
	0 6528
4
	3104 6496
	3136 6496
	3136 6528
	3104 6528
4
	4256 6496
	4288 6496
	4288 6528
	4256 6528
4
	4576 6496
	4608 6496
	4608 6528
	4576 6528
4
	4640 6496
	4672 6496
	4672 6528
	4640 6528
4
	5664 6496
	5728 6496
	5728 6528
	5664 6528
4
	0 6528
	192 6528
	192 6560
	0 6560
4
	3104 6528
	3168 6528
	3168 6560
	3104 6560
4
	4256 6528
	4288 6528
	4288 6560
	4256 6560
4
	4640 6528
	4672 6528
	4672 6560
	4640 6560
4
	5664 6528
	5728 6528
	5728 6560
	5664 6560
4
	0 6560
	192 6560
	192 6592
	0 6592
4
	256 6560
	320 6560
	320 6592
	256 6592
4
	3136 6560
	3168 6560
	3168 6592
	3136 6592
4
	4256 6560
	4288 6560
	4288 6592
	4256 6592
4
	4640 6560
	4672 6560
	4672 6592
	4640 6592
4
	5727 6591
	5729 6591
	5729 6593
	5727 6593
4
	5696 6560
	5728 6560
	5728 6592
	5696 6592
4
	0 6592
	224 6592
	224 6624
	0 6624
4
	256 6592
	320 6592
	320 6624
	256 6624
4
	3136 6592
	3200 6592
	3200 6624
	3136 6624
4
	4256 6592
	4288 6592
	4288 6624
	4256 6624
4
	4608 6592
	4704 6592
	4704 6624
	4608 6624
4
	5728 6592
	5760 6592
	5760 6624
	5728 6624
4
	0 6624
	224 6624
	224 6656
	0 6656
4
	2944 6624
	3008 6624
	3008 6656
	2944 6656
4
	3168 6624
	3232 6624
	3232 6656
	3168 6656
4
	4256 6624
	4288 6624
	4288 6656
	4256 6656
4
	4608 6624
	4704 6624
	4704 6656
	4608 6656
4
	0 6656
	224 6656
	224 6688
	0 6688
4
	2944 6656
	3008 6656
	3008 6688
	2944 6688
4
	3200 6656
	3232 6656
	3232 6688
	3200 6688
4
	4256 6656
	4320 6656
	4320 6688
	4256 6688
4
	0 6688
	224 6688
	224 6720
	0 6720
4
	3200 6688
	3232 6688
	3232 6720
	3200 6720
4
	4288 6688
	4320 6688
	4320 6720
	4288 6720
4
	5632 6688
	5664 6688
	5664 6720
	5632 6720
4
	0 6720
	256 6720
	256 6752
	0 6752
4
	3200 6720
	3264 6720
	3264 6752
	3200 6752
4
	4288 6720
	4320 6720
	4320 6752
	4288 6752
4
	0 6752
	256 6752
	256 6784
	0 6784
4
	3232 6752
	3264 6752
	3264 6784
	3232 6784
4
	4288 6752
	4320 6752
	4320 6784
	4288 6784
4
	7168 6752
	7200 6752
	7200 6784
	7168 6784
4
	0 6784
	256 6784
	256 6816
	0 6816
4
	3232 6784
	3296 6784
	3296 6816
	3232 6816
4
	4288 6784
	4352 6784
	4352 6816
	4288 6816
4
	6368 6784
	6432 6784
	6432 6816
	6368 6816
4
	0 6816
	256 6816
	256 6848
	0 6848
4
	3264 6816
	3296 6816
	3296 6848
	3264 6848
4
	4320 6816
	4352 6816
	4352 6848
	4320 6848
4
	6336 6816
	6432 6816
	6432 6848
	6336 6848
4
	7104 6816
	7136 6816
	7136 6848
	7104 6848
4
	0 6848
	256 6848
	256 6880
	0 6880
4
	3264 6848
	3296 6848
	3296 6880
	3264 6880
4
	3360 6848
	3392 6848
	3392 6880
	3360 6880
4
	4320 6848
	4384 6848
	4384 6880
	4320 6880
4
	6304 6848
	6432 6848
	6432 6880
	6304 6880
4
	0 6880
	256 6880
	256 6912
	0 6912
4
	3264 6880
	3328 6880
	3328 6912
	3264 6912
4
	4352 6880
	4384 6880
	4384 6912
	4352 6912
4
	6240 6880
	6432 6880
	6432 6912
	6240 6912
4
	7040 6880
	7072 6880
	7072 6912
	7040 6912
4
	0 6912
	256 6912
	256 6944
	0 6944
4
	3296 6912
	3360 6912
	3360 6944
	3296 6944
4
	4352 6912
	4416 6912
	4416 6944
	4352 6944
4
	6240 6912
	6432 6912
	6432 6944
	6240 6944
4
	6816 6912
	7200 6912
	7200 6944
	6816 6944
4
	0 6944
	256 6944
	256 6976
	0 6976
4
	3328 6944
	3424 6944
	3424 6976
	3328 6976
4
	4384 6944
	4448 6944
	4448 6976
	4384 6976
4
	4672 6944
	4704 6944
	4704 6976
	4672 6976
4
	6144 6944
	6176 6944
	6176 6976
	6144 6976
4
	6720 6944
	7168 6944
	7168 6976
	6720 6976
4
	0 6976
	256 6976
	256 7008
	0 7008
4
	3392 6976
	3456 6976
	3456 7008
	3392 7008
4
	4416 6976
	4480 6976
	4480 7008
	4416 7008
4
	4672 6976
	4736 6976
	4736 7008
	4672 7008
4
	5984 6976
	6016 6976
	6016 7008
	5984 7008
4
	6144 6976
	6176 6976
	6176 7008
	6144 7008
4
	6496 6976
	6624 6976
	6624 7008
	6496 7008
4
	6752 6976
	7136 6976
	7136 7008
	6752 7008
4
	0 7008
	256 7008
	256 7040
	0 7040
4
	3424 7008
	3488 7008
	3488 7040
	3424 7040
4
	4448 7008
	4480 7008
	4480 7040
	4448 7040
4
	4672 7008
	4736 7008
	4736 7040
	4672 7040
4
	6528 7008
	6688 7008
	6688 7040
	6528 7040
4
	6720 7008
	7104 7008
	7104 7040
	6720 7040
4
	0 7040
	256 7040
	256 7072
	0 7072
4
	2112 7040
	2208 7040
	2208 7072
	2112 7072
4
	3456 7040
	3520 7040
	3520 7072
	3456 7072
4
	4448 7040
	4512 7040
	4512 7072
	4448 7072
4
	4672 7040
	4736 7040
	4736 7072
	4672 7072
4
	6560 7040
	7072 7040
	7072 7072
	6560 7072
4
	0 7072
	256 7072
	256 7104
	0 7104
4
	2112 7072
	2208 7072
	2208 7104
	2112 7104
4
	3488 7072
	3552 7072
	3552 7104
	3488 7104
4
	4480 7072
	4544 7072
	4544 7104
	4480 7104
4
	4672 7072
	4704 7072
	4704 7104
	4672 7104
4
	6624 7072
	7040 7072
	7040 7104
	6624 7104
4
	0 7104
	256 7104
	256 7136
	0 7136
4
	2112 7104
	2208 7104
	2208 7136
	2112 7136
4
	3520 7104
	3584 7104
	3584 7136
	3520 7136
4
	4512 7104
	4544 7104
	4544 7136
	4512 7136
4
	4672 7104
	4704 7104
	4704 7136
	4672 7136
4
	6848 7104
	6976 7104
	6976 7136
	6848 7136
4
	0 7136
	256 7136
	256 7168
	0 7168
4
	2112 7136
	2208 7136
	2208 7168
	2112 7168
4
	3552 7136
	3616 7136
	3616 7168
	3552 7168
4
	4512 7136
	4544 7136
	4544 7168
	4512 7168
4
	4672 7136
	4704 7136
	4704 7168
	4672 7168
4
	6400 7136
	6528 7136
	6528 7168
	6400 7168
4
	0 7168
	256 7168
	256 7200
	0 7200
4
	3584 7168
	3648 7168
	3648 7200
	3584 7200
4
	4512 7168
	4576 7168
	4576 7200
	4512 7200
4
	6015 7199
	6017 7199
	6017 7201
	6015 7201
4
	6016 7168
	6048 7168
	6048 7200
	6016 7200
4
	6367 7199
	6369 7199
	6369 7201
	6367 7201
4
	6368 7168
	6528 7168
	6528 7200
	6368 7200
4
	6624 7168
	6656 7168
	6656 7200
	6624 7200
4
	0 7200
	320 7200
	320 7232
	0 7232
4
	3616 7200
	3680 7200
	3680 7232
	3616 7232
4
	4544 7200
	4576 7200
	4576 7232
	4544 7232
4
	4640 7200
	4672 7200
	4672 7232
	4640 7232
4
	5984 7200
	6016 7200
	6016 7232
	5984 7232
4
	6336 7200
	6368 7200
	6368 7232
	6336 7232
4
	6496 7200
	6528 7200
	6528 7232
	6496 7232
4
	6624 7200
	6688 7200
	6688 7232
	6624 7232
4
	0 7232
	320 7232
	320 7264
	0 7264
4
	2464 7232
	2528 7232
	2528 7264
	2464 7264
4
	3648 7232
	3712 7232
	3712 7264
	3648 7264
4
	4544 7232
	4608 7232
	4608 7264
	4544 7264
4
	5920 7232
	5952 7232
	5952 7264
	5920 7264
4
	0 7264
	320 7264
	320 7296
	0 7296
4
	2464 7264
	2528 7264
	2528 7296
	2464 7296
4
	3680 7264
	3744 7264
	3744 7296
	3680 7296
4
	4576 7264
	4608 7264
	4608 7296
	4576 7296
4
	5888 7264
	5952 7264
	5952 7296
	5888 7296
4
	0 7296
	256 7296
	256 7328
	0 7328
4
	3712 7296
	3808 7296
	3808 7328
	3712 7328
4
	4576 7296
	4640 7296
	4640 7328
	4576 7328
4
	4704 7296
	4800 7296
	4800 7328
	4704 7328
4
	5888 7296
	5952 7296
	5952 7328
	5888 7328
4
	0 7328
	256 7328
	256 7360
	0 7360
4
	1344 7328
	1408 7328
	1408 7360
	1344 7360
4
	1632 7328
	1696 7328
	1696 7360
	1632 7360
4
	3776 7328
	3840 7328
	3840 7360
	3776 7360
4
	4608 7328
	4640 7328
	4640 7360
	4608 7360
4
	4736 7328
	4832 7328
	4832 7360
	4736 7360
4
	0 7360
	256 7360
	256 7392
	0 7392
4
	1088 7360
	1120 7360
	1120 7392
	1088 7392
4
	1344 7360
	1408 7360
	1408 7392
	1344 7392
4
	1632 7360
	1696 7360
	1696 7392
	1632 7392
4
	3808 7360
	3872 7360
	3872 7392
	3808 7392
4
	4000 7360
	4096 7360
	4096 7392
	4000 7392
4
	4608 7360
	4672 7360
	4672 7392
	4608 7392
4
	4767 7391
	4769 7391
	4769 7393
	4767 7393
4
	4736 7360
	4768 7360
	4768 7392
	4736 7392
4
	0 7392
	256 7392
	256 7424
	0 7424
4
	1088 7392
	1120 7392
	1120 7424
	1088 7424
4
	1344 7392
	1408 7392
	1408 7424
	1344 7424
4
	3840 7392
	3936 7392
	3936 7424
	3840 7424
4
	4000 7392
	4096 7392
	4096 7424
	4000 7424
4
	4640 7392
	4672 7392
	4672 7424
	4640 7424
4
	4768 7392
	4800 7392
	4800 7424
	4768 7424
4
	0 7424
	256 7424
	256 7456
	0 7456
4
	3904 7424
	3968 7424
	3968 7456
	3904 7456
4
	4640 7424
	4704 7424
	4704 7456
	4640 7456
4
	4768 7424
	4832 7424
	4832 7456
	4768 7456
4
	5728 7424
	5792 7424
	5792 7456
	5728 7456
4
	0 7456
	288 7456
	288 7488
	0 7488
4
	3936 7456
	4032 7456
	4032 7488
	3936 7488
4
	4672 7456
	4736 7456
	4736 7488
	4672 7488
4
	4768 7456
	4832 7456
	4832 7488
	4768 7488
4
	5696 7456
	5760 7456
	5760 7488
	5696 7488
4
	0 7488
	288 7488
	288 7520
	0 7520
4
	544 7488
	576 7488
	576 7520
	544 7520
4
	800 7488
	832 7488
	832 7520
	800 7520
4
	4000 7488
	4096 7488
	4096 7520
	4000 7520
4
	4704 7488
	4736 7488
	4736 7520
	4704 7520
4
	4800 7488
	4832 7488
	4832 7520
	4800 7520
4
	5664 7488
	5824 7488
	5824 7520
	5664 7520
4
	0 7520
	288 7520
	288 7552
	0 7552
4
	544 7520
	576 7520
	576 7552
	544 7552
4
	768 7520
	864 7520
	864 7552
	768 7552
4
	4064 7520
	4128 7520
	4128 7552
	4064 7552
4
	4704 7520
	4768 7520
	4768 7552
	4704 7552
4
	4800 7520
	4864 7520
	4864 7552
	4800 7552
4
	5536 7520
	5760 7520
	5760 7552
	5536 7552
4
	0 7552
	288 7552
	288 7584
	0 7584
4
	768 7552
	864 7552
	864 7584
	768 7584
4
	1344 7552
	1472 7552
	1472 7584
	1344 7584
4
	4096 7552
	4192 7552
	4192 7584
	4096 7584
4
	4736 7552
	4864 7552
	4864 7584
	4736 7584
4
	5408 7552
	5760 7552
	5760 7584
	5408 7584
4
	0 7584
	288 7584
	288 7616
	0 7616
4
	1344 7584
	1472 7584
	1472 7616
	1344 7616
4
	4064 7584
	4128 7584
	4128 7616
	4064 7616
4
	4160 7584
	4256 7584
	4256 7616
	4160 7616
4
	4768 7584
	4896 7584
	4896 7616
	4768 7616
4
	5408 7584
	5760 7584
	5760 7616
	5408 7616
4
	0 7616
	288 7616
	288 7648
	0 7648
4
	1344 7616
	1472 7616
	1472 7648
	1344 7648
4
	4096 7616
	4128 7616
	4128 7648
	4096 7648
4
	4224 7616
	4288 7616
	4288 7648
	4224 7648
4
	4800 7616
	4960 7616
	4960 7648
	4800 7648
4
	4991 7647
	4993 7647
	4993 7649
	4991 7649
4
	4992 7616
	5024 7616
	5024 7648
	4992 7648
4
	5152 7616
	5216 7616
	5216 7648
	5152 7648
4
	5408 7616
	5568 7616
	5568 7648
	5408 7648
4
	0 7648
	288 7648
	288 7680
	0 7680
4
	1376 7648
	1472 7648
	1472 7680
	1376 7680
4
	4256 7648
	4352 7648
	4352 7680
	4256 7680
4
	4864 7648
	4992 7648
	4992 7680
	4864 7680
4
	5184 7648
	5280 7648
	5280 7680
	5184 7680
4
	0 7680
	288 7680
	288 7712
	0 7712
4
	2208 7680
	2304 7680
	2304 7712
	2208 7712
4
	4128 7680
	4384 7680
	4384 7712
	4128 7712
4
	4896 7680
	5088 7680
	5088 7712
	4896 7712
4
	0 7712
	288 7712
	288 7744
	0 7744
4
	1600 7712
	1632 7712
	1632 7744
	1600 7744
4
	2208 7712
	2304 7712
	2304 7744
	2208 7744
4
	3584 7712
	3648 7712
	3648 7744
	3584 7744
4
	4128 7712
	4160 7712
	4160 7744
	4128 7744
4
	4192 7712
	4416 7712
	4416 7744
	4192 7744
4
	4992 7712
	5088 7712
	5088 7744
	4992 7744
4
	0 7744
	288 7744
	288 7776
	0 7776
4
	1568 7744
	1632 7744
	1632 7776
	1568 7776
4
	3584 7744
	3648 7744
	3648 7776
	3584 7776
4
	3840 7744
	3904 7744
	3904 7776
	3840 7776
4
	4192 7744
	4480 7744
	4480 7776
	4192 7776
4
	5056 7744
	5120 7744
	5120 7776
	5056 7776
4
	0 7776
	288 7776
	288 7808
	0 7808
4
	2432 7776
	2496 7776
	2496 7808
	2432 7808
4
	3008 7776
	3136 7776
	3136 7808
	3008 7808
4
	3840 7776
	3904 7776
	3904 7808
	3840 7808
4
	4224 7776
	4512 7776
	4512 7808
	4224 7808
4
	5056 7776
	5120 7776
	5120 7808
	5056 7808
4
	0 7808
	288 7808
	288 7840
	0 7840
4
	3008 7808
	3136 7808
	3136 7840
	3008 7840
4
	4256 7808
	4576 7808
	4576 7840
	4256 7840
4
	5056 7808
	5088 7808
	5088 7840
	5056 7840
4
	0 7840
	288 7840
	288 7872
	0 7872
4
	3008 7840
	3136 7840
	3136 7872
	3008 7872
4
	4320 7840
	4640 7840
	4640 7872
	4320 7872
4
	5024 7840
	5088 7840
	5088 7872
	5024 7872
4
	0 7872
	288 7872
	288 7904
	0 7904
4
	3008 7872
	3104 7872
	3104 7904
	3008 7904
4
	4320 7872
	4544 7872
	4544 7904
	4320 7904
4
	4608 7872
	4672 7872
	4672 7904
	4608 7904
4
	5024 7872
	5056 7872
	5056 7904
	5024 7904
4
	0 7904
	288 7904
	288 7936
	0 7936
4
	4384 7904
	4576 7904
	4576 7936
	4384 7936
4
	4640 7904
	4704 7904
	4704 7936
	4640 7936
4
	4992 7904
	5056 7904
	5056 7936
	4992 7936
4
	0 7936
	288 7936
	288 7968
	0 7968
4
	1920 7936
	2016 7936
	2016 7968
	1920 7968
4
	4416 7936
	4608 7936
	4608 7968
	4416 7968
4
	4672 7936
	4704 7936
	4704 7968
	4672 7968
4
	4991 7967
	4993 7967
	4993 7969
	4991 7969
4
	4992 7936
	5024 7936
	5024 7968
	4992 7968
4
	0 7968
	288 7968
	288 8000
	0 8000
4
	1920 7968
	2048 7968
	2048 8000
	1920 8000
4
	4512 7968
	4608 7968
	4608 8000
	4512 8000
4
	4672 7968
	4736 7968
	4736 8000
	4672 8000
4
	4960 7968
	4992 7968
	4992 8000
	4960 8000
4
	0 8000
	288 8000
	288 8032
	0 8032
4
	1920 8000
	2048 8000
	2048 8032
	1920 8032
4
	4512 8000
	4608 8000
	4608 8032
	4512 8032
4
	4704 8000
	4768 8000
	4768 8032
	4704 8032
4
	4928 8000
	4992 8000
	4992 8032
	4928 8032
4
	0 8032
	288 8032
	288 8064
	0 8064
4
	1728 8032
	1792 8032
	1792 8064
	1728 8064
4
	1920 8032
	2016 8032
	2016 8064
	1920 8064
4
	4512 8032
	4608 8032
	4608 8064
	4512 8064
4
	4736 8032
	4800 8032
	4800 8064
	4736 8064
4
	4928 8032
	4960 8032
	4960 8064
	4928 8064
4
	0 8064
	288 8064
	288 8096
	0 8096
4
	1728 8064
	1792 8064
	1792 8096
	1728 8096
4
	4544 8064
	4608 8064
	4608 8096
	4544 8096
4
	4768 8064
	4832 8064
	4832 8096
	4768 8096
4
	4896 8064
	4960 8064
	4960 8096
	4896 8096
4
	0 8096
	288 8096
	288 8128
	0 8128
4
	1728 8096
	1792 8096
	1792 8128
	1728 8128
4
	4544 8096
	4608 8096
	4608 8128
	4544 8128
4
	4800 8096
	4960 8096
	4960 8128
	4800 8128
4
	0 8128
	288 8128
	288 8160
	0 8160
4
	4576 8128
	4608 8128
	4608 8160
	4576 8160
4
	4927 8159
	4929 8159
	4929 8161
	4927 8161
4
	4800 8128
	4928 8128
	4928 8160
	4800 8160
4
	0 8160
	288 8160
	288 8192
	0 8192
4
	3040 8160
	3136 8160
	3136 8192
	3040 8192
4
	4032 8160
	4096 8160
	4096 8192
	4032 8192
4
	4512 8160
	4672 8160
	4672 8192
	4512 8192
4
	4928 8160
	4992 8160
	4992 8192
	4928 8192
4
	0 8192
	288 8192
	288 8224
	0 8224
4
	3040 8192
	3136 8192
	3136 8224
	3040 8224
4
	4032 8192
	4128 8192
	4128 8224
	4032 8224
4
	4512 8192
	4608 8192
	4608 8224
	4512 8224
4
	4960 8192
	5056 8192
	5056 8224
	4960 8224
4
	0 8224
	288 8224
	288 8256
	0 8256
4
	4032 8224
	4128 8224
	4128 8256
	4032 8256
4
	4512 8224
	4608 8224
	4608 8256
	4512 8256
4
	4640 8224
	4672 8224
	4672 8256
	4640 8256
4
	5024 8224
	5120 8224
	5120 8256
	5024 8256
4
	0 8256
	288 8256
	288 8288
	0 8288
4
	4544 8256
	4608 8256
	4608 8288
	4544 8288
4
	4704 8256
	4736 8256
	4736 8288
	4704 8288
4
	5088 8256
	5184 8256
	5184 8288
	5088 8288
4
	7168 8256
	7200 8256
	7200 8288
	7168 8288
4
	0 8288
	288 8288
	288 8320
	0 8320
4
	4544 8288
	4608 8288
	4608 8320
	4544 8320
4
	4735 8319
	4737 8319
	4737 8321
	4735 8321
4
	4704 8288
	4736 8288
	4736 8320
	4704 8320
4
	4896 8288
	4928 8288
	4928 8320
	4896 8320
4
	5152 8288
	5248 8288
	5248 8320
	5152 8320
4
	5408 8288
	5504 8288
	5504 8320
	5408 8320
4
	7136 8288
	7200 8288
	7200 8320
	7136 8320
4
	0 8320
	288 8320
	288 8352
	0 8352
4
	4736 8320
	4800 8320
	4800 8352
	4736 8352
4
	4896 8320
	4960 8320
	4960 8352
	4896 8352
4
	5216 8320
	5312 8320
	5312 8352
	5216 8352
4
	5376 8320
	5504 8320
	5504 8352
	5376 8352
4
	7104 8320
	7200 8320
	7200 8352
	7104 8352
4
	0 8352
	288 8352
	288 8384
	0 8384
4
	3360 8352
	3456 8352
	3456 8384
	3360 8384
4
	4896 8352
	4992 8352
	4992 8384
	4896 8384
4
	5280 8352
	5344 8352
	5344 8384
	5280 8384
4
	5376 8352
	5504 8352
	5504 8384
	5376 8384
4
	5664 8352
	5728 8352
	5728 8384
	5664 8384
4
	6880 8352
	7200 8352
	7200 8384
	6880 8384
4
	0 8384
	288 8384
	288 8416
	0 8416
4
	3392 8384
	3424 8384
	3424 8416
	3392 8416
4
	4896 8384
	4992 8384
	4992 8416
	4896 8416
4
	5376 8384
	5504 8384
	5504 8416
	5376 8416
4
	5664 8384
	5728 8384
	5728 8416
	5664 8416
4
	6880 8384
	7200 8384
	7200 8416
	6880 8416
4
	0 8416
	288 8416
	288 8448
	0 8448
4
	3136 8416
	3232 8416
	3232 8448
	3136 8448
4
	4896 8416
	5024 8416
	5024 8448
	4896 8448
4
	5664 8416
	5728 8416
	5728 8448
	5664 8448
4
	6848 8416
	7200 8416
	7200 8448
	6848 8448
4
	0 8448
	288 8448
	288 8480
	0 8480
4
	3136 8448
	3232 8448
	3232 8480
	3136 8480
4
	4928 8448
	4992 8448
	4992 8480
	4928 8480
4
	6784 8448
	7168 8448
	7168 8480
	6784 8480
4
	0 8480
	288 8480
	288 8512
	0 8512
4
	3168 8480
	3200 8480
	3200 8512
	3168 8512
4
	4960 8480
	4992 8480
	4992 8512
	4960 8512
4
	6752 8480
	7136 8480
	7136 8512
	6752 8512
4
	0 8512
	288 8512
	288 8544
	0 8544
4
	4960 8512
	5024 8512
	5024 8544
	4960 8544
4
	6720 8512
	7104 8512
	7104 8544
	6720 8544
4
	0 8544
	288 8544
	288 8576
	0 8576
4
	4992 8544
	5088 8544
	5088 8576
	4992 8576
4
	6528 8544
	6592 8544
	6592 8576
	6528 8576
4
	6688 8544
	7072 8544
	7072 8576
	6688 8576
4
	0 8576
	288 8576
	288 8608
	0 8608
4
	4992 8576
	5088 8576
	5088 8608
	4992 8608
4
	6623 8607
	6625 8607
	6625 8609
	6623 8609
4
	6528 8576
	6624 8576
	6624 8608
	6528 8608
4
	6656 8576
	7040 8576
	7040 8608
	6656 8608
4
	0 8608
	288 8608
	288 8640
	0 8640
4
	4992 8608
	5088 8608
	5088 8640
	4992 8640
4
	6624 8608
	7008 8608
	7008 8640
	6624 8640
4
	0 8640
	288 8640
	288 8672
	0 8672
4
	4992 8640
	5248 8640
	5248 8672
	4992 8672
4
	6592 8640
	6784 8640
	6784 8672
	6592 8672
4
	0 8672
	288 8672
	288 8704
	0 8704
4
	2464 8672
	2592 8672
	2592 8704
	2464 8704
4
	4992 8672
	5312 8672
	5312 8704
	4992 8704
4
	6560 8672
	6752 8672
	6752 8704
	6560 8704
4
	0 8704
	288 8704
	288 8736
	0 8736
4
	2464 8704
	2592 8704
	2592 8736
	2464 8736
4
	5024 8704
	5280 8704
	5280 8736
	5024 8736
4
	6528 8704
	6720 8704
	6720 8736
	6528 8736
4
	0 8736
	288 8736
	288 8768
	0 8768
4
	2464 8736
	2592 8736
	2592 8768
	2464 8768
4
	5216 8736
	5248 8736
	5248 8768
	5216 8768
4
	0 8768
	288 8768
	288 8800
	0 8800
4
	2496 8768
	2560 8768
	2560 8800
	2496 8800
4
	5312 8768
	5344 8768
	5344 8800
	5312 8800
4
	6464 8768
	6496 8768
	6496 8800
	6464 8800
4
	0 8800
	288 8800
	288 8832
	0 8832
4
	5312 8800
	5344 8800
	5344 8832
	5312 8832
4
	6432 8800
	6496 8800
	6496 8832
	6432 8832
4
	0 8832
	288 8832
	288 8864
	0 8864
4
	0 8864
	288 8864
	288 8896
	0 8896
4
	4576 8864
	4672 8864
	4672 8896
	4576 8896
4
	0 8896
	288 8896
	288 8928
	0 8928
4
	3776 8896
	3904 8896
	3904 8928
	3776 8928
4
	4576 8896
	4672 8896
	4672 8928
	4576 8928
4
	0 8928
	288 8928
	288 8960
	0 8960
4
	3776 8928
	3904 8928
	3904 8960
	3776 8960
4
	4576 8928
	4672 8928
	4672 8960
	4576 8960
4
	0 8960
	288 8960
	288 8992
	0 8992
4
	3776 8960
	3904 8960
	3904 8992
	3776 8992
4
	4576 8960
	4672 8960
	4672 8992
	4576 8992
4
	0 8992
	288 8992
	288 9024
	0 9024
4
	0 9024
	288 9024
	288 9056
	0 9056
4
	864 9024
	928 9024
	928 9056
	864 9056
4
	0 9056
	288 9056
	288 9088
	0 9088
4
	832 9056
	928 9056
	928 9088
	832 9088
4
	1376 9056
	1472 9056
	1472 9088
	1376 9088
4
	0 9088
	288 9088
	288 9120
	0 9120
4
	864 9088
	928 9088
	928 9120
	864 9120
4
	1376 9088
	1472 9088
	1472 9120
	1376 9120
4
	6528 9088
	6592 9088
	6592 9120
	6528 9120
4
	0 9120
	288 9120
	288 9152
	0 9152
4
	6528 9120
	6592 9120
	6592 9152
	6528 9152
4
	0 9152
	288 9152
	288 9184
	0 9184
4
	0 9184
	288 9184
	288 9216
	0 9216
4
	-32 -32
	7232 -32
	7232 0
	-32 0
4
	-32 9216
	7232 9216
	7232 9248
	-32 9248
4
	-32 0
	0 0
	0 9216
	-32 9216
4
	7200 0
	7232 0
	7232 9216
	7200 9216
