550
4
	0 0
	15552 0
	15552 32
	0 32
4
	0 32
	15552 32
	15552 64
	0 64
4
	0 64
	15552 64
	15552 96
	0 96
4
	0 96
	15552 96
	15552 128
	0 128
4
	0 128
	15552 128
	15552 160
	0 160
4
	0 160
	15552 160
	15552 192
	0 192
4
	0 192
	15552 192
	15552 224
	0 224
4
	0 224
	15552 224
	15552 256
	0 256
4
	0 256
	15552 256
	15552 288
	0 288
4
	0 288
	15552 288
	15552 320
	0 320
4
	0 320
	15552 320
	15552 352
	0 352
4
	0 352
	15552 352
	15552 384
	0 384
4
	0 384
	15552 384
	15552 416
	0 416
4
	0 416
	15552 416
	15552 448
	0 448
4
	0 448
	15552 448
	15552 480
	0 480
4
	0 480
	15552 480
	15552 512
	0 512
4
	0 512
	15552 512
	15552 544
	0 544
4
	0 544
	15552 544
	15552 576
	0 576
4
	0 576
	15552 576
	15552 608
	0 608
4
	0 608
	15552 608
	15552 640
	0 640
4
	0 640
	15552 640
	15552 672
	0 672
4
	0 672
	15552 672
	15552 704
	0 704
4
	0 704
	15552 704
	15552 736
	0 736
4
	0 736
	15552 736
	15552 768
	0 768
4
	0 768
	15552 768
	15552 800
	0 800
4
	0 800
	15552 800
	15552 832
	0 832
4
	0 832
	15552 832
	15552 864
	0 864
4
	0 864
	15552 864
	15552 896
	0 896
4
	0 896
	15552 896
	15552 928
	0 928
4
	0 928
	15552 928
	15552 960
	0 960
4
	0 960
	15552 960
	15552 992
	0 992
4
	0 992
	15552 992
	15552 1024
	0 1024
4
	0 1024
	15552 1024
	15552 1056
	0 1056
4
	0 1056
	15552 1056
	15552 1088
	0 1088
4
	0 1088
	15552 1088
	15552 1120
	0 1120
4
	0 1120
	15552 1120
	15552 1152
	0 1152
4
	0 1152
	15552 1152
	15552 1184
	0 1184
4
	0 1184
	15552 1184
	15552 1216
	0 1216
4
	0 1216
	15552 1216
	15552 1248
	0 1248
4
	0 1248
	15552 1248
	15552 1280
	0 1280
4
	0 1280
	15552 1280
	15552 1312
	0 1312
4
	0 1312
	15552 1312
	15552 1344
	0 1344
4
	0 1344
	15552 1344
	15552 1376
	0 1376
4
	0 1376
	15552 1376
	15552 1408
	0 1408
4
	0 1408
	15552 1408
	15552 1440
	0 1440
4
	0 1440
	15552 1440
	15552 1472
	0 1472
4
	0 1472
	15552 1472
	15552 1504
	0 1504
4
	0 1504
	15552 1504
	15552 1536
	0 1536
4
	0 1536
	15552 1536
	15552 1568
	0 1568
4
	0 1568
	15552 1568
	15552 1600
	0 1600
4
	0 1600
	15552 1600
	15552 1632
	0 1632
4
	0 1632
	15552 1632
	15552 1664
	0 1664
4
	0 1664
	15552 1664
	15552 1696
	0 1696
4
	0 1696
	15552 1696
	15552 1728
	0 1728
4
	0 1728
	15552 1728
	15552 1760
	0 1760
4
	0 1760
	15552 1760
	15552 1792
	0 1792
4
	0 1792
	15552 1792
	15552 1824
	0 1824
4
	0 1824
	15552 1824
	15552 1856
	0 1856
4
	0 1856
	15552 1856
	15552 1888
	0 1888
4
	0 1888
	15552 1888
	15552 1920
	0 1920
4
	0 1920
	15552 1920
	15552 1952
	0 1952
4
	0 1952
	15552 1952
	15552 1984
	0 1984
4
	0 1984
	15552 1984
	15552 2016
	0 2016
4
	0 2016
	15552 2016
	15552 2048
	0 2048
4
	0 2048
	15552 2048
	15552 2080
	0 2080
4
	0 2080
	6432 2080
	6432 2112
	0 2112
4
	6464 2080
	6592 2080
	6592 2112
	6464 2112
4
	6688 2080
	15552 2080
	15552 2112
	6688 2112
4
	0 2112
	6272 2112
	6272 2144
	0 2144
4
	6464 2112
	6592 2112
	6592 2144
	6464 2144
4
	6720 2112
	15552 2112
	15552 2144
	6720 2144
4
	0 2144
	6208 2144
	6208 2176
	0 2176
4
	6720 2144
	15552 2144
	15552 2176
	6720 2176
4
	0 2176
	6112 2176
	6112 2208
	0 2208
4
	6720 2176
	15552 2176
	15552 2208
	6720 2208
4
	0 2208
	5888 2208
	5888 2240
	0 2240
4
	6688 2208
	15552 2208
	15552 2240
	6688 2240
4
	0 2240
	5792 2240
	5792 2272
	0 2272
4
	6688 2240
	15552 2240
	15552 2272
	6688 2272
4
	0 2272
	5728 2272
	5728 2304
	0 2304
4
	6624 2272
	15552 2272
	15552 2304
	6624 2304
4
	0 2304
	5696 2304
	5696 2336
	0 2336
4
	6592 2304
	15552 2304
	15552 2336
	6592 2336
4
	0 2336
	5664 2336
	5664 2368
	0 2368
4
	6432 2336
	15552 2336
	15552 2368
	6432 2368
4
	0 2368
	5664 2368
	5664 2400
	0 2400
4
	6304 2368
	15552 2368
	15552 2400
	6304 2400
4
	0 2400
	5664 2400
	5664 2432
	0 2432
4
	6176 2400
	15552 2400
	15552 2432
	6176 2432
4
	0 2432
	5632 2432
	5632 2464
	0 2464
4
	6144 2432
	7264 2432
	7264 2464
	6144 2464
4
	7360 2432
	15552 2432
	15552 2464
	7360 2464
4
	0 2464
	5632 2464
	5632 2496
	0 2496
4
	6080 2464
	7200 2464
	7200 2496
	6080 2496
4
	7392 2464
	15552 2464
	15552 2496
	7392 2496
4
	0 2496
	5600 2496
	5600 2528
	0 2528
4
	6048 2496
	6656 2496
	6656 2528
	6048 2528
4
	6880 2496
	7104 2496
	7104 2528
	6880 2528
4
	7424 2496
	15552 2496
	15552 2528
	7424 2528
4
	0 2528
	5568 2528
	5568 2560
	0 2560
4
	5984 2528
	6656 2528
	6656 2560
	5984 2560
4
	7424 2528
	15552 2528
	15552 2560
	7424 2560
4
	0 2560
	5536 2560
	5536 2592
	0 2592
4
	5952 2560
	6272 2560
	6272 2592
	5952 2592
4
	7456 2560
	15552 2560
	15552 2592
	7456 2592
4
	0 2592
	5504 2592
	5504 2624
	0 2624
4
	5952 2592
	6208 2592
	6208 2624
	5952 2624
4
	7456 2592
	15552 2592
	15552 2624
	7456 2624
4
	0 2624
	5440 2624
	5440 2656
	0 2656
4
	5984 2624
	6208 2624
	6208 2656
	5984 2656
4
	7456 2624
	7968 2624
	7968 2656
	7456 2656
4
	8064 2624
	15552 2624
	15552 2656
	8064 2656
4
	0 2656
	5216 2656
	5216 2688
	0 2688
4
	5984 2656
	6208 2656
	6208 2688
	5984 2688
4
	6848 2656
	7040 2656
	7040 2688
	6848 2688
4
	7456 2656
	7936 2656
	7936 2688
	7456 2688
4
	8064 2656
	15552 2656
	15552 2688
	8064 2688
4
	0 2688
	5216 2688
	5216 2720
	0 2720
4
	5952 2688
	6176 2688
	6176 2720
	5952 2720
4
	6720 2688
	7200 2688
	7200 2720
	6720 2720
4
	7456 2688
	7904 2688
	7904 2720
	7456 2720
4
	8096 2688
	15552 2688
	15552 2720
	8096 2720
4
	0 2720
	5184 2720
	5184 2752
	0 2752
4
	5952 2720
	6176 2720
	6176 2752
	5952 2752
4
	6688 2720
	7264 2720
	7264 2752
	6688 2752
4
	7456 2720
	7904 2720
	7904 2752
	7456 2752
4
	8096 2720
	15552 2720
	15552 2752
	8096 2752
4
	0 2752
	5184 2752
	5184 2784
	0 2784
4
	5952 2752
	6176 2752
	6176 2784
	5952 2784
4
	6656 2752
	6720 2752
	6720 2784
	6656 2784
4
	6784 2752
	7072 2752
	7072 2784
	6784 2784
4
	7168 2752
	7264 2752
	7264 2784
	7168 2784
4
	7456 2752
	7904 2752
	7904 2784
	7456 2784
4
	8096 2752
	15552 2752
	15552 2784
	8096 2784
4
	0 2784
	5184 2784
	5184 2816
	0 2816
4
	5696 2784
	5728 2784
	5728 2816
	5696 2816
4
	5920 2784
	6176 2784
	6176 2816
	5920 2816
4
	6656 2784
	6688 2784
	6688 2816
	6656 2816
4
	6752 2784
	7104 2784
	7104 2816
	6752 2816
4
	7200 2784
	7296 2784
	7296 2816
	7200 2816
4
	7424 2784
	7904 2784
	7904 2816
	7424 2816
4
	8128 2784
	15552 2784
	15552 2816
	8128 2816
4
	0 2816
	5184 2816
	5184 2848
	0 2848
4
	5696 2816
	5760 2816
	5760 2848
	5696 2848
4
	5920 2816
	6176 2816
	6176 2848
	5920 2848
4
	6752 2816
	7104 2816
	7104 2848
	6752 2848
4
	7232 2816
	7328 2816
	7328 2848
	7232 2848
4
	7456 2816
	7872 2816
	7872 2848
	7456 2848
4
	8128 2816
	15552 2816
	15552 2848
	8128 2848
4
	0 2848
	5184 2848
	5184 2880
	0 2880
4
	5696 2848
	5824 2848
	5824 2880
	5696 2880
4
	5856 2848
	6144 2848
	6144 2880
	5856 2880
4
	6720 2848
	7136 2848
	7136 2880
	6720 2880
4
	7296 2848
	7328 2848
	7328 2880
	7296 2880
4
	7456 2848
	7840 2848
	7840 2880
	7456 2880
4
	8160 2848
	15552 2848
	15552 2880
	8160 2880
4
	0 2880
	5184 2880
	5184 2912
	0 2912
4
	5696 2880
	5888 2880
	5888 2912
	5696 2912
4
	5952 2880
	6112 2880
	6112 2912
	5952 2912
4
	6720 2880
	7136 2880
	7136 2912
	6720 2912
4
	7296 2880
	7328 2880
	7328 2912
	7296 2912
4
	7456 2880
	7840 2880
	7840 2912
	7456 2912
4
	8288 2880
	15552 2880
	15552 2912
	8288 2912
4
	0 2912
	5184 2912
	5184 2944
	0 2944
4
	5728 2912
	5792 2912
	5792 2944
	5728 2944
4
	5920 2912
	6016 2912
	6016 2944
	5920 2944
4
	6720 2912
	7136 2912
	7136 2944
	6720 2944
4
	7264 2912
	7328 2912
	7328 2944
	7264 2944
4
	7456 2912
	7808 2912
	7808 2944
	7456 2944
4
	8320 2912
	15552 2912
	15552 2944
	8320 2944
4
	0 2944
	5184 2944
	5184 2976
	0 2976
4
	5760 2944
	5856 2944
	5856 2976
	5760 2976
4
	5888 2944
	6016 2944
	6016 2976
	5888 2976
4
	6720 2944
	7136 2944
	7136 2976
	6720 2976
4
	7264 2944
	7296 2944
	7296 2976
	7264 2976
4
	7488 2944
	7776 2944
	7776 2976
	7488 2976
4
	8064 2944
	8128 2944
	8128 2976
	8064 2976
4
	8320 2944
	15552 2944
	15552 2976
	8320 2976
4
	0 2976
	5216 2976
	5216 3008
	0 3008
4
	5920 2976
	6016 2976
	6016 3008
	5920 3008
4
	6720 2976
	7136 2976
	7136 3008
	6720 3008
4
	7488 2976
	7744 2976
	7744 3008
	7488 3008
4
	8064 2976
	8128 2976
	8128 3008
	8064 3008
4
	8320 2976
	15552 2976
	15552 3008
	8320 3008
4
	0 3008
	5216 3008
	5216 3040
	0 3040
4
	5920 3008
	6016 3008
	6016 3040
	5920 3040
4
	6720 3008
	7104 3008
	7104 3040
	6720 3040
4
	8064 3008
	8128 3008
	8128 3040
	8064 3040
4
	8288 3008
	15552 3008
	15552 3040
	8288 3040
4
	0 3040
	5216 3040
	5216 3072
	0 3072
4
	6752 3040
	7104 3040
	7104 3072
	6752 3072
4
	8288 3040
	15552 3040
	15552 3072
	8288 3072
4
	0 3072
	5248 3072
	5248 3104
	0 3104
4
	6784 3072
	7072 3072
	7072 3104
	6784 3104
4
	8288 3072
	15552 3072
	15552 3104
	8288 3104
4
	0 3104
	5248 3104
	5248 3136
	0 3136
4
	6848 3104
	7008 3104
	7008 3136
	6848 3136
4
	7712 3104
	7872 3104
	7872 3136
	7712 3136
4
	8288 3104
	15552 3104
	15552 3136
	8288 3136
4
	0 3136
	5280 3136
	5280 3168
	0 3168
4
	7680 3136
	7872 3136
	7872 3168
	7680 3168
4
	8288 3136
	15552 3136
	15552 3168
	8288 3168
4
	0 3168
	5280 3168
	5280 3200
	0 3200
4
	7648 3168
	7744 3168
	7744 3200
	7648 3200
4
	7776 3168
	7840 3168
	7840 3200
	7776 3200
4
	8288 3168
	15552 3168
	15552 3200
	8288 3200
4
	0 3200
	5280 3200
	5280 3232
	0 3232
4
	7648 3200
	7744 3200
	7744 3232
	7648 3232
4
	8224 3200
	15552 3200
	15552 3232
	8224 3232
4
	0 3232
	5312 3232
	5312 3264
	0 3264
4
	7680 3232
	7744 3232
	7744 3264
	7680 3264
4
	8192 3232
	15552 3232
	15552 3264
	8192 3264
4
	0 3264
	5312 3264
	5312 3296
	0 3296
4
	8224 3264
	15552 3264
	15552 3296
	8224 3296
4
	0 3296
	5280 3296
	5280 3328
	0 3328
4
	8288 3296
	15552 3296
	15552 3328
	8288 3328
4
	0 3328
	5280 3328
	5280 3360
	0 3360
4
	8288 3328
	15552 3328
	15552 3360
	8288 3360
4
	0 3360
	5280 3360
	5280 3392
	0 3392
4
	8288 3360
	15552 3360
	15552 3392
	8288 3392
4
	0 3392
	5248 3392
	5248 3424
	0 3424
4
	8256 3392
	15552 3392
	15552 3424
	8256 3424
4
	0 3424
	5216 3424
	5216 3456
	0 3456
4
	8256 3424
	15552 3424
	15552 3456
	8256 3456
4
	0 3456
	5216 3456
	5216 3488
	0 3488
4
	7360 3456
	7488 3456
	7488 3488
	7360 3488
4
	8096 3456
	15552 3456
	15552 3488
	8096 3488
4
	0 3488
	5184 3488
	5184 3520
	0 3520
4
	7360 3488
	7488 3488
	7488 3520
	7360 3520
4
	8032 3488
	15552 3488
	15552 3520
	8032 3520
4
	0 3520
	5120 3520
	5120 3552
	0 3552
4
	7360 3520
	7488 3520
	7488 3552
	7360 3552
4
	8000 3520
	15552 3520
	15552 3552
	8000 3552
4
	0 3552
	5088 3552
	5088 3584
	0 3584
4
	7392 3552
	7456 3552
	7456 3584
	7392 3584
4
	7968 3552
	15552 3552
	15552 3584
	7968 3584
4
	0 3584
	5088 3584
	5088 3616
	0 3616
4
	7936 3584
	15552 3584
	15552 3616
	7936 3616
4
	0 3616
	5088 3616
	5088 3648
	0 3648
4
	7904 3616
	15552 3616
	15552 3648
	7904 3648
4
	0 3648
	5088 3648
	5088 3680
	0 3680
4
	7776 3648
	15552 3648
	15552 3680
	7776 3680
4
	0 3680
	5088 3680
	5088 3712
	0 3712
4
	7712 3680
	15552 3680
	15552 3712
	7712 3712
4
	0 3712
	5120 3712
	5120 3744
	0 3744
4
	5280 3712
	5344 3712
	5344 3744
	5280 3744
4
	7712 3712
	15552 3712
	15552 3744
	7712 3744
4
	0 3744
	5120 3744
	5120 3776
	0 3776
4
	5248 3744
	5344 3744
	5344 3776
	5248 3776
4
	7712 3744
	15552 3744
	15552 3776
	7712 3776
4
	0 3776
	5152 3776
	5152 3808
	0 3808
4
	5280 3776
	5344 3776
	5344 3808
	5280 3808
4
	7744 3776
	15552 3776
	15552 3808
	7744 3808
4
	0 3808
	5184 3808
	5184 3840
	0 3840
4
	7744 3808
	15552 3808
	15552 3840
	7744 3840
4
	0 3840
	5184 3840
	5184 3872
	0 3872
4
	7680 3840
	15552 3840
	15552 3872
	7680 3872
4
	0 3872
	5184 3872
	5184 3904
	0 3904
4
	7680 3872
	15552 3872
	15552 3904
	7680 3904
4
	0 3904
	5184 3904
	5184 3936
	0 3936
4
	7776 3904
	15552 3904
	15552 3936
	7776 3936
4
	0 3936
	5184 3936
	5184 3968
	0 3968
4
	7808 3936
	15552 3936
	15552 3968
	7808 3968
4
	0 3968
	5184 3968
	5184 4000
	0 4000
4
	5440 3968
	5536 3968
	5536 4000
	5440 4000
4
	7840 3968
	15552 3968
	15552 4000
	7840 4000
4
	0 4000
	5184 4000
	5184 4032
	0 4032
4
	5440 4000
	5536 4000
	5536 4032
	5440 4032
4
	7872 4000
	15552 4000
	15552 4032
	7872 4032
4
	0 4032
	5152 4032
	5152 4064
	0 4064
4
	5440 4032
	5504 4032
	5504 4064
	5440 4064
4
	7904 4032
	15552 4032
	15552 4064
	7904 4064
4
	0 4064
	5120 4064
	5120 4096
	0 4096
4
	7232 4064
	7424 4064
	7424 4096
	7232 4096
4
	7936 4064
	15552 4064
	15552 4096
	7936 4096
4
	0 4096
	5088 4096
	5088 4128
	0 4128
4
	7168 4096
	7456 4096
	7456 4128
	7168 4128
4
	7968 4096
	15552 4096
	15552 4128
	7968 4128
4
	0 4128
	5088 4128
	5088 4160
	0 4160
4
	7136 4128
	7520 4128
	7520 4160
	7136 4160
4
	8032 4128
	15552 4128
	15552 4160
	8032 4160
4
	0 4160
	5056 4160
	5056 4192
	0 4192
4
	7104 4160
	7552 4160
	7552 4192
	7104 4192
4
	8064 4160
	15552 4160
	15552 4192
	8064 4192
4
	0 4192
	5056 4192
	5056 4224
	0 4224
4
	7072 4192
	7552 4192
	7552 4224
	7072 4224
4
	8128 4192
	15552 4192
	15552 4224
	8128 4224
4
	0 4224
	5088 4224
	5088 4256
	0 4256
4
	5728 4224
	5792 4224
	5792 4256
	5728 4256
4
	7040 4224
	7584 4224
	7584 4256
	7040 4256
4
	8192 4224
	15552 4224
	15552 4256
	8192 4256
4
	0 4256
	5088 4256
	5088 4288
	0 4288
4
	5728 4256
	5824 4256
	5824 4288
	5728 4288
4
	7040 4256
	7584 4256
	7584 4288
	7040 4288
4
	8288 4256
	15552 4256
	15552 4288
	8288 4288
4
	0 4288
	5056 4288
	5056 4320
	0 4320
4
	5728 4288
	5824 4288
	5824 4320
	5728 4320
4
	6464 4288
	6560 4288
	6560 4320
	6464 4320
4
	7040 4288
	7616 4288
	7616 4320
	7040 4320
4
	8352 4288
	15552 4288
	15552 4320
	8352 4320
4
	0 4320
	4992 4320
	4992 4352
	0 4352
4
	6400 4320
	6624 4320
	6624 4352
	6400 4352
4
	7040 4320
	7648 4320
	7648 4352
	7040 4352
4
	8384 4320
	15552 4320
	15552 4352
	8384 4352
4
	0 4352
	4992 4352
	4992 4384
	0 4384
4
	6368 4352
	6656 4352
	6656 4384
	6368 4384
4
	7008 4352
	7648 4352
	7648 4384
	7008 4384
4
	8416 4352
	15552 4352
	15552 4384
	8416 4384
4
	0 4384
	4992 4384
	4992 4416
	0 4416
4
	6368 4384
	6656 4384
	6656 4416
	6368 4416
4
	7008 4384
	7744 4384
	7744 4416
	7008 4416
4
	8448 4384
	15552 4384
	15552 4416
	8448 4416
4
	0 4416
	4992 4416
	4992 4448
	0 4448
4
	6336 4416
	6688 4416
	6688 4448
	6336 4448
4
	7008 4416
	7808 4416
	7808 4448
	7008 4448
4
	8480 4416
	15552 4416
	15552 4448
	8480 4448
4
	0 4448
	5056 4448
	5056 4480
	0 4480
4
	6336 4448
	6688 4448
	6688 4480
	6336 4480
4
	7008 4448
	7936 4448
	7936 4480
	7008 4480
4
	8512 4448
	15552 4448
	15552 4480
	8512 4480
4
	0 4480
	5088 4480
	5088 4512
	0 4512
4
	5824 4480
	5984 4480
	5984 4512
	5824 4512
4
	6336 4480
	6688 4480
	6688 4512
	6336 4512
4
	7008 4480
	8064 4480
	8064 4512
	7008 4512
4
	8544 4480
	15552 4480
	15552 4512
	8544 4512
4
	0 4512
	5088 4512
	5088 4544
	0 4544
4
	5760 4512
	6016 4512
	6016 4544
	5760 4544
4
	6304 4512
	6720 4512
	6720 4544
	6304 4544
4
	7008 4512
	8128 4512
	8128 4544
	7008 4544
4
	8608 4512
	15552 4512
	15552 4544
	8608 4544
4
	0 4544
	5056 4544
	5056 4576
	0 4576
4
	5600 4544
	6048 4544
	6048 4576
	5600 4576
4
	6304 4544
	6720 4544
	6720 4576
	6304 4576
4
	6944 4544
	8192 4544
	8192 4576
	6944 4576
4
	8640 4544
	15552 4544
	15552 4576
	8640 4576
4
	0 4576
	5088 4576
	5088 4608
	0 4608
4
	5536 4576
	6080 4576
	6080 4608
	5536 4608
4
	6304 4576
	6720 4576
	6720 4608
	6304 4608
4
	6848 4576
	8224 4576
	8224 4608
	6848 4608
4
	8704 4576
	15552 4576
	15552 4608
	8704 4608
4
	0 4608
	5152 4608
	5152 4640
	0 4640
4
	5472 4608
	6080 4608
	6080 4640
	5472 4640
4
	6272 4608
	6752 4608
	6752 4640
	6272 4640
4
	6816 4608
	8256 4608
	8256 4640
	6816 4640
4
	8736 4608
	15552 4608
	15552 4640
	8736 4640
4
	0 4640
	5184 4640
	5184 4672
	0 4672
4
	5440 4640
	6080 4640
	6080 4672
	5440 4672
4
	6272 4640
	6752 4640
	6752 4672
	6272 4672
4
	6784 4640
	8288 4640
	8288 4672
	6784 4672
4
	8768 4640
	9280 4640
	9280 4672
	8768 4672
4
	9376 4640
	15552 4640
	15552 4672
	9376 4672
4
	0 4672
	5248 4672
	5248 4704
	0 4704
4
	5312 4672
	6080 4672
	6080 4704
	5312 4704
4
	6304 4672
	8320 4672
	8320 4704
	6304 4704
4
	9215 4703
	9217 4703
	9217 4705
	9215 4705
4
	8832 4672
	9216 4672
	9216 4704
	8832 4704
4
	9472 4672
	15552 4672
	15552 4704
	9472 4704
4
	0 4704
	6048 4704
	6048 4736
	0 4736
4
	6304 4704
	8416 4704
	8416 4736
	6304 4736
4
	8864 4704
	9152 4704
	9152 4736
	8864 4736
4
	9216 4704
	9312 4704
	9312 4736
	9216 4736
4
	9535 4735
	9537 4735
	9537 4737
	9535 4737
4
	9536 4704
	15552 4704
	15552 4736
	9536 4736
4
	0 4736
	6048 4736
	6048 4768
	0 4768
4
	6304 4736
	8576 4736
	8576 4768
	6304 4768
4
	8896 4736
	9120 4736
	9120 4768
	8896 4768
4
	9216 4736
	9312 4736
	9312 4768
	9216 4768
4
	9504 4736
	9536 4736
	9536 4768
	9504 4768
4
	9600 4736
	15552 4736
	15552 4768
	9600 4768
4
	0 4768
	6048 4768
	6048 4800
	0 4800
4
	6304 4768
	8608 4768
	8608 4800
	6304 4800
4
	8960 4768
	9088 4768
	9088 4800
	8960 4800
4
	9216 4768
	9280 4768
	9280 4800
	9216 4800
4
	9440 4768
	9568 4768
	9568 4800
	9440 4800
4
	9600 4768
	15552 4768
	15552 4800
	9600 4800
4
	0 4800
	6016 4800
	6016 4832
	0 4832
4
	6304 4800
	8608 4800
	8608 4832
	6304 4832
4
	8992 4800
	9088 4800
	9088 4832
	8992 4832
4
	9440 4800
	9568 4800
	9568 4832
	9440 4832
4
	9632 4800
	15552 4800
	15552 4832
	9632 4832
4
	0 4832
	6016 4832
	6016 4864
	0 4864
4
	6304 4832
	8640 4832
	8640 4864
	6304 4864
4
	8992 4832
	9024 4832
	9024 4864
	8992 4864
4
	9440 4832
	9568 4832
	9568 4864
	9440 4864
4
	9632 4832
	15552 4832
	15552 4864
	9632 4864
4
	0 4864
	6016 4864
	6016 4896
	0 4896
4
	6304 4864
	8672 4864
	8672 4896
	6304 4896
4
	9664 4864
	15552 4864
	15552 4896
	9664 4896
4
	0 4896
	5984 4896
	5984 4928
	0 4928
4
	6304 4896
	8704 4896
	8704 4928
	6304 4928
4
	9184 4896
	9312 4896
	9312 4928
	9184 4928
4
	9696 4896
	15552 4896
	15552 4928
	9696 4928
4
	0 4928
	5984 4928
	5984 4960
	0 4960
4
	6208 4928
	8704 4928
	8704 4960
	6208 4960
4
	9184 4928
	9312 4928
	9312 4960
	9184 4960
4
	9696 4928
	15552 4928
	15552 4960
	9696 4960
4
	0 4960
	5952 4960
	5952 4992
	0 4992
4
	6176 4960
	8736 4960
	8736 4992
	6176 4992
4
	9184 4960
	9312 4960
	9312 4992
	9184 4992
4
	9728 4960
	15552 4960
	15552 4992
	9728 4992
4
	0 4992
	5952 4992
	5952 5024
	0 5024
4
	6112 4992
	8768 4992
	8768 5024
	6112 5024
4
	9184 4992
	9280 4992
	9280 5024
	9184 5024
4
	9728 4992
	15552 4992
	15552 5024
	9728 5024
4
	0 5024
	5920 5024
	5920 5056
	0 5056
4
	6080 5024
	8864 5024
	8864 5056
	6080 5056
4
	9760 5024
	15552 5024
	15552 5056
	9760 5056
4
	0 5056
	5920 5056
	5920 5088
	0 5088
4
	6048 5056
	8928 5056
	8928 5088
	6048 5088
4
	9760 5056
	15552 5056
	15552 5088
	9760 5088
4
	0 5088
	5888 5088
	5888 5120
	0 5120
4
	6048 5088
	9024 5088
	9024 5120
	6048 5120
4
	9760 5088
	15552 5088
	15552 5120
	9760 5120
4
	0 5120
	5888 5120
	5888 5152
	0 5152
4
	6016 5120
	9088 5120
	9088 5152
	6016 5152
4
	9760 5120
	15552 5120
	15552 5152
	9760 5152
4
	0 5152
	5856 5152
	5856 5184
	0 5184
4
	5984 5152
	9184 5152
	9184 5184
	5984 5184
4
	9408 5152
	9472 5152
	9472 5184
	9408 5184
4
	9760 5152
	15552 5152
	15552 5184
	9760 5184
4
	0 5184
	5824 5184
	5824 5216
	0 5216
4
	5952 5184
	9504 5184
	9504 5216
	5952 5216
4
	9728 5184
	15552 5184
	15552 5216
	9728 5216
4
	0 5216
	5792 5216
	5792 5248
	0 5248
4
	5952 5216
	9536 5216
	9536 5248
	5952 5248
4
	9632 5216
	15552 5216
	15552 5248
	9632 5248
4
	0 5248
	5792 5248
	5792 5280
	0 5280
4
	5920 5248
	15552 5248
	15552 5280
	5920 5280
4
	0 5280
	5792 5280
	5792 5312
	0 5312
4
	5920 5280
	15552 5280
	15552 5312
	5920 5312
4
	0 5312
	5792 5312
	5792 5344
	0 5344
4
	5920 5312
	15552 5312
	15552 5344
	5920 5344
4
	0 5344
	5760 5344
	5760 5376
	0 5376
4
	5888 5344
	15552 5344
	15552 5376
	5888 5376
4
	0 5376
	5760 5376
	5760 5408
	0 5408
4
	5888 5376
	15552 5376
	15552 5408
	5888 5408
4
	0 5408
	5760 5408
	5760 5440
	0 5440
4
	5888 5408
	15552 5408
	15552 5440
	5888 5440
4
	0 5440
	5760 5440
	5760 5472
	0 5472
4
	5888 5440
	15552 5440
	15552 5472
	5888 5472
4
	0 5472
	5728 5472
	5728 5504
	0 5504
4
	5888 5472
	15552 5472
	15552 5504
	5888 5504
4
	0 5504
	5728 5504
	5728 5536
	0 5536
4
	5888 5504
	15552 5504
	15552 5536
	5888 5536
4
	0 5536
	5728 5536
	5728 5568
	0 5568
4
	5888 5536
	15552 5536
	15552 5568
	5888 5568
4
	0 5568
	5728 5568
	5728 5600
	0 5600
4
	5856 5568
	15552 5568
	15552 5600
	5856 5600
4
	0 5600
	5728 5600
	5728 5632
	0 5632
4
	5856 5600
	15552 5600
	15552 5632
	5856 5632
4
	0 5632
	5728 5632
	5728 5664
	0 5664
4
	5856 5632
	15552 5632
	15552 5664
	5856 5664
4
	0 5664
	5728 5664
	5728 5696
	0 5696
4
	5856 5664
	15552 5664
	15552 5696
	5856 5696
4
	0 5696
	5728 5696
	5728 5728
	0 5728
4
	5856 5696
	15552 5696
	15552 5728
	5856 5728
4
	0 5728
	5728 5728
	5728 5760
	0 5760
4
	5856 5728
	15552 5728
	15552 5760
	5856 5760
4
	0 5760
	5728 5760
	5728 5792
	0 5792
4
	5856 5760
	15552 5760
	15552 5792
	5856 5792
4
	0 5792
	5696 5792
	5696 5824
	0 5824
4
	5856 5792
	15552 5792
	15552 5824
	5856 5824
4
	0 5824
	5696 5824
	5696 5856
	0 5856
4
	5856 5824
	15552 5824
	15552 5856
	5856 5856
4
	0 5856
	5664 5856
	5664 5888
	0 5888
4
	5856 5856
	15552 5856
	15552 5888
	5856 5888
4
	0 5888
	5632 5888
	5632 5920
	0 5920
4
	5856 5888
	15552 5888
	15552 5920
	5856 5920
4
	0 5920
	5632 5920
	5632 5952
	0 5952
4
	5856 5920
	15552 5920
	15552 5952
	5856 5952
4
	0 5952
	5600 5952
	5600 5984
	0 5984
4
	5856 5952
	15552 5952
	15552 5984
	5856 5984
4
	0 5984
	5600 5984
	5600 6016
	0 6016
4
	5856 5984
	15552 5984
	15552 6016
	5856 6016
4
	0 6016
	5600 6016
	5600 6048
	0 6048
4
	5824 6016
	15552 6016
	15552 6048
	5824 6048
4
	0 6048
	5568 6048
	5568 6080
	0 6080
4
	5792 6048
	15552 6048
	15552 6080
	5792 6080
4
	0 6080
	5600 6080
	5600 6112
	0 6112
4
	5792 6080
	15552 6080
	15552 6112
	5792 6112
4
	0 6112
	5600 6112
	5600 6144
	0 6144
4
	5792 6112
	15552 6112
	15552 6144
	5792 6144
4
	0 6144
	5632 6144
	5632 6176
	0 6176
4
	5760 6144
	15552 6144
	15552 6176
	5760 6176
4
	0 6176
	5664 6176
	5664 6208
	0 6208
4
	5728 6176
	15552 6176
	15552 6208
	5728 6208
4
	0 6208
	15552 6208
	15552 6240
	0 6240
4
	0 6240
	15552 6240
	15552 6272
	0 6272
4
	0 6272
	15552 6272
	15552 6304
	0 6304
4
	0 6304
	15552 6304
	15552 6336
	0 6336
4
	0 6336
	15552 6336
	15552 6368
	0 6368
4
	0 6368
	15552 6368
	15552 6400
	0 6400
4
	0 6400
	15552 6400
	15552 6432
	0 6432
4
	0 6432
	15552 6432
	15552 6464
	0 6464
4
	0 6464
	15552 6464
	15552 6496
	0 6496
4
	0 6496
	15552 6496
	15552 6528
	0 6528
4
	0 6528
	15552 6528
	15552 6560
	0 6560
4
	0 6560
	15552 6560
	15552 6592
	0 6592
4
	0 6592
	15552 6592
	15552 6624
	0 6624
4
	0 6624
	15552 6624
	15552 6656
	0 6656
4
	0 6656
	15552 6656
	15552 6688
	0 6688
4
	0 6688
	15552 6688
	15552 6720
	0 6720
4
	0 6720
	15552 6720
	15552 6752
	0 6752
4
	0 6752
	15552 6752
	15552 6784
	0 6784
4
	0 6784
	15552 6784
	15552 6816
	0 6816
4
	0 6816
	15552 6816
	15552 6848
	0 6848
4
	0 6848
	15552 6848
	15552 6880
	0 6880
4
	0 6880
	15552 6880
	15552 6912
	0 6912
4
	0 6912
	15552 6912
	15552 6944
	0 6944
4
	0 6944
	15552 6944
	15552 6976
	0 6976
4
	0 6976
	15552 6976
	15552 7008
	0 7008
4
	0 7008
	15552 7008
	15552 7040
	0 7040
4
	0 7040
	15552 7040
	15552 7072
	0 7072
4
	0 7072
	15552 7072
	15552 7104
	0 7104
4
	0 7104
	15552 7104
	15552 7136
	0 7136
4
	0 7136
	15552 7136
	15552 7168
	0 7168
4
	0 7168
	15552 7168
	15552 7200
	0 7200
4
	0 7200
	15552 7200
	15552 7232
	0 7232
4
	0 7232
	15552 7232
	15552 7264
	0 7264
4
	0 7264
	15552 7264
	15552 7296
	0 7296
4
	0 7296
	15552 7296
	15552 7328
	0 7328
4
	0 7328
	15552 7328
	15552 7360
	0 7360
4
	0 7360
	15552 7360
	15552 7392
	0 7392
4
	0 7392
	15552 7392
	15552 7424
	0 7424
4
	0 7424
	15552 7424
	15552 7456
	0 7456
4
	0 7456
	15552 7456
	15552 7488
	0 7488
4
	0 7488
	15552 7488
	15552 7520
	0 7520
4
	0 7520
	15552 7520
	15552 7552
	0 7552
4
	0 7552
	15552 7552
	15552 7584
	0 7584
4
	0 7584
	15552 7584
	15552 7616
	0 7616
4
	0 7616
	15552 7616
	15552 7648
	0 7648
4
	0 7648
	15552 7648
	15552 7680
	0 7680
4
	0 7680
	15552 7680
	15552 7712
	0 7712
4
	0 7712
	15552 7712
	15552 7744
	0 7744
4
	0 7744
	15552 7744
	15552 7776
	0 7776
4
	0 7776
	15552 7776
	15552 7808
	0 7808
4
	0 7808
	15552 7808
	15552 7840
	0 7840
4
	0 7840
	15552 7840
	15552 7872
	0 7872
4
	0 7872
	15552 7872
	15552 7904
	0 7904
4
	0 7904
	15552 7904
	15552 7936
	0 7936
4
	0 7936
	15552 7936
	15552 7968
	0 7968
4
	0 7968
	15552 7968
	15552 8000
	0 8000
4
	0 8000
	15552 8000
	15552 8032
	0 8032
4
	0 8032
	15552 8032
	15552 8064
	0 8064
4
	0 8064
	15552 8064
	15552 8096
	0 8096
4
	0 8096
	15552 8096
	15552 8128
	0 8128
4
	-32 -32
	15584 -32
	15584 0
	-32 0
4
	-32 8128
	15584 8128
	15584 8160
	-32 8160
4
	-32 0
	0 0
	0 8128
	-32 8128
4
	15552 0
	15584 0
	15584 8128
	15552 8128
