1083
4
	0 0
	8192 0
	8192 32
	0 32
4
	0 32
	8192 32
	8192 64
	0 64
4
	0 64
	8192 64
	8192 96
	0 96
4
	0 96
	3872 96
	3872 128
	0 128
4
	4064 96
	8192 96
	8192 128
	4064 128
4
	0 128
	3968 128
	3968 160
	0 160
4
	4288 128
	8192 128
	8192 160
	4288 160
4
	0 160
	3968 160
	3968 192
	0 192
4
	4320 160
	8192 160
	8192 192
	4320 192
4
	0 192
	3424 192
	3424 224
	0 224
4
	3488 192
	3968 192
	3968 224
	3488 224
4
	4192 192
	4288 192
	4288 224
	4192 224
4
	4352 192
	8192 192
	8192 224
	4352 224
4
	0 224
	3392 224
	3392 256
	0 256
4
	3712 224
	3808 224
	3808 256
	3712 256
4
	3840 224
	3968 224
	3968 256
	3840 256
4
	4192 224
	4288 224
	4288 256
	4192 256
4
	4384 224
	8192 224
	8192 256
	4384 256
4
	0 256
	3392 256
	3392 288
	0 288
4
	4800 256
	8192 256
	8192 288
	4800 288
4
	0 288
	3392 288
	3392 320
	0 320
4
	4800 288
	8192 288
	8192 320
	4800 320
4
	0 320
	3392 320
	3392 352
	0 352
4
	4768 320
	8192 320
	8192 352
	4768 352
4
	0 352
	3392 352
	3392 384
	0 384
4
	4416 352
	4512 352
	4512 384
	4416 384
4
	4736 352
	8192 352
	8192 384
	4736 384
4
	0 384
	3392 384
	3392 416
	0 416
4
	4384 384
	4512 384
	4512 416
	4384 416
4
	4704 384
	8192 384
	8192 416
	4704 416
4
	0 416
	3392 416
	3392 448
	0 448
4
	4384 416
	4512 416
	4512 448
	4384 448
4
	4704 416
	8192 416
	8192 448
	4704 448
4
	0 448
	3360 448
	3360 480
	0 480
4
	4448 448
	4480 448
	4480 480
	4448 480
4
	4704 448
	8192 448
	8192 480
	4704 480
4
	0 480
	3360 480
	3360 512
	0 512
4
	4704 480
	8192 480
	8192 512
	4704 512
4
	0 512
	3360 512
	3360 544
	0 544
4
	4768 512
	8192 512
	8192 544
	4768 544
4
	0 544
	3360 544
	3360 576
	0 576
4
	4768 544
	5024 544
	5024 576
	4768 576
4
	5216 544
	8192 544
	8192 576
	5216 576
4
	0 576
	3360 576
	3360 608
	0 608
4
	4768 576
	4992 576
	4992 608
	4768 608
4
	5216 576
	8192 576
	8192 608
	5216 608
4
	0 608
	3360 608
	3360 640
	0 640
4
	3552 608
	3904 608
	3904 640
	3552 640
4
	4768 608
	4992 608
	4992 640
	4768 640
4
	5216 608
	8192 608
	8192 640
	5216 640
4
	0 640
	3968 640
	3968 672
	0 672
4
	4768 640
	4992 640
	4992 672
	4768 672
4
	5216 640
	8192 640
	8192 672
	5216 672
4
	0 672
	4032 672
	4032 704
	0 704
4
	4768 672
	4992 672
	4992 704
	4768 704
4
	5184 672
	8192 672
	8192 704
	5184 704
4
	0 704
	4096 704
	4096 736
	0 736
4
	4768 704
	4992 704
	4992 736
	4768 736
4
	5184 704
	8192 704
	8192 736
	5184 736
4
	0 736
	4128 736
	4128 768
	0 768
4
	4768 736
	4992 736
	4992 768
	4768 768
4
	5184 736
	8192 736
	8192 768
	5184 768
4
	0 768
	4128 768
	4128 800
	0 800
4
	4768 768
	4992 768
	4992 800
	4768 800
4
	5184 768
	8192 768
	8192 800
	5184 800
4
	0 800
	1792 800
	1792 832
	0 832
4
	1920 800
	4160 800
	4160 832
	1920 832
4
	4768 800
	4992 800
	4992 832
	4768 832
4
	5184 800
	8192 800
	8192 832
	5184 832
4
	0 832
	1760 832
	1760 864
	0 864
4
	2016 832
	4192 832
	4192 864
	2016 864
4
	4768 832
	4992 832
	4992 864
	4768 864
4
	5216 832
	8192 832
	8192 864
	5216 864
4
	0 864
	1728 864
	1728 896
	0 896
4
	2080 864
	4192 864
	4192 896
	2080 896
4
	4768 864
	4992 864
	4992 896
	4768 896
4
	5280 864
	8192 864
	8192 896
	5280 896
4
	0 896
	1728 896
	1728 928
	0 928
4
	2304 896
	4224 896
	4224 928
	2304 928
4
	4768 896
	4992 896
	4992 928
	4768 928
4
	5280 896
	8192 896
	8192 928
	5280 928
4
	0 928
	1728 928
	1728 960
	0 960
4
	2304 928
	4256 928
	4256 960
	2304 960
4
	4832 928
	4928 928
	4928 960
	4832 960
4
	5280 928
	8192 928
	8192 960
	5280 960
4
	0 960
	1696 960
	1696 992
	0 992
4
	2304 960
	4256 960
	4256 992
	2304 992
4
	4832 960
	4928 960
	4928 992
	4832 992
4
	5248 960
	8192 960
	8192 992
	5248 992
4
	0 992
	1760 992
	1760 1024
	0 1024
4
	2304 992
	4256 992
	4256 1024
	2304 1024
4
	4832 992
	4928 992
	4928 1024
	4832 1024
4
	5248 992
	8192 992
	8192 1024
	5248 1024
4
	0 1024
	1760 1024
	1760 1056
	0 1056
4
	2272 1024
	4256 1024
	4256 1056
	2272 1056
4
	5248 1024
	8192 1024
	8192 1056
	5248 1056
4
	0 1056
	1664 1056
	1664 1088
	0 1088
4
	1696 1056
	1760 1056
	1760 1088
	1696 1088
4
	2240 1056
	4256 1056
	4256 1088
	2240 1088
4
	5120 1056
	8192 1056
	8192 1088
	5120 1088
4
	0 1088
	1664 1088
	1664 1120
	0 1120
4
	2240 1088
	4256 1088
	4256 1120
	2240 1120
4
	5056 1088
	8192 1088
	8192 1120
	5056 1120
4
	0 1120
	1632 1120
	1632 1152
	0 1152
4
	2208 1120
	3296 1120
	3296 1152
	2208 1152
4
	3424 1120
	4256 1120
	4256 1152
	3424 1152
4
	5056 1120
	8192 1120
	8192 1152
	5056 1152
4
	0 1152
	1632 1152
	1632 1184
	0 1184
4
	2208 1152
	3296 1152
	3296 1184
	2208 1184
4
	3456 1152
	4224 1152
	4224 1184
	3456 1184
4
	5088 1152
	8192 1152
	8192 1184
	5088 1184
4
	0 1184
	1600 1184
	1600 1216
	0 1216
4
	2176 1184
	3296 1184
	3296 1216
	2176 1216
4
	3488 1184
	4224 1184
	4224 1216
	3488 1216
4
	5088 1184
	8192 1184
	8192 1216
	5088 1216
4
	0 1216
	1568 1216
	1568 1248
	0 1248
4
	2176 1216
	3232 1216
	3232 1248
	2176 1248
4
	3488 1216
	4224 1216
	4224 1248
	3488 1248
4
	5088 1216
	8192 1216
	8192 1248
	5088 1248
4
	0 1248
	1568 1248
	1568 1280
	0 1280
4
	2144 1248
	3200 1248
	3200 1280
	2144 1280
4
	3519 1279
	3521 1279
	3521 1281
	3519 1281
4
	3520 1248
	4192 1248
	4192 1280
	3520 1280
4
	5088 1248
	8192 1248
	8192 1280
	5088 1280
4
	0 1280
	1536 1280
	1536 1312
	0 1312
4
	2144 1280
	2976 1280
	2976 1312
	2144 1312
4
	3008 1280
	3104 1280
	3104 1312
	3008 1312
4
	3488 1280
	3520 1280
	3520 1312
	3488 1312
4
	3584 1280
	4224 1280
	4224 1312
	3584 1312
4
	5088 1280
	8192 1280
	8192 1312
	5088 1312
4
	0 1312
	1536 1312
	1536 1344
	0 1344
4
	2112 1312
	2816 1312
	2816 1344
	2112 1344
4
	3008 1312
	3072 1312
	3072 1344
	3008 1344
4
	3488 1312
	3520 1312
	3520 1344
	3488 1344
4
	3648 1312
	4192 1312
	4192 1344
	3648 1344
4
	5088 1312
	8192 1312
	8192 1344
	5088 1344
4
	0 1344
	1504 1344
	1504 1376
	0 1376
4
	2112 1344
	2784 1344
	2784 1376
	2112 1376
4
	3712 1344
	4160 1344
	4160 1376
	3712 1376
4
	5088 1344
	8192 1344
	8192 1376
	5088 1376
4
	0 1376
	1472 1376
	1472 1408
	0 1408
4
	2112 1376
	2752 1376
	2752 1408
	2112 1408
4
	3776 1376
	4160 1376
	4160 1408
	3776 1408
4
	5088 1376
	8192 1376
	8192 1408
	5088 1408
4
	0 1408
	1472 1408
	1472 1440
	0 1440
4
	2080 1408
	2752 1408
	2752 1440
	2080 1440
4
	3904 1408
	4096 1408
	4096 1440
	3904 1440
4
	5120 1408
	8192 1408
	8192 1440
	5120 1440
4
	0 1440
	1440 1440
	1440 1472
	0 1472
4
	2080 1440
	2720 1440
	2720 1472
	2080 1472
4
	5120 1440
	8192 1440
	8192 1472
	5120 1472
4
	0 1472
	1440 1472
	1440 1504
	0 1504
4
	2080 1472
	2720 1472
	2720 1504
	2080 1504
4
	5120 1472
	8192 1472
	8192 1504
	5120 1504
4
	0 1504
	1408 1504
	1408 1536
	0 1536
4
	2080 1504
	2720 1504
	2720 1536
	2080 1536
4
	5120 1504
	8192 1504
	8192 1536
	5120 1536
4
	0 1536
	1408 1536
	1408 1568
	0 1568
4
	2080 1536
	2688 1536
	2688 1568
	2080 1568
4
	5120 1536
	8192 1536
	8192 1568
	5120 1568
4
	0 1568
	1376 1568
	1376 1600
	0 1600
4
	2080 1568
	2688 1568
	2688 1600
	2080 1600
4
	5120 1568
	8192 1568
	8192 1600
	5120 1600
4
	0 1600
	1376 1600
	1376 1632
	0 1632
4
	2080 1600
	2688 1600
	2688 1632
	2080 1632
4
	2720 1600
	2752 1600
	2752 1632
	2720 1632
4
	5120 1600
	8192 1600
	8192 1632
	5120 1632
4
	0 1632
	1344 1632
	1344 1664
	0 1664
4
	2080 1632
	2688 1632
	2688 1664
	2080 1664
4
	2720 1632
	2752 1632
	2752 1664
	2720 1664
4
	5120 1632
	8192 1632
	8192 1664
	5120 1664
4
	0 1664
	1344 1664
	1344 1696
	0 1696
4
	2080 1664
	2752 1664
	2752 1696
	2080 1696
4
	4064 1664
	4096 1664
	4096 1696
	4064 1696
4
	5120 1664
	8192 1664
	8192 1696
	5120 1696
4
	0 1696
	1344 1696
	1344 1728
	0 1728
4
	2080 1696
	2752 1696
	2752 1728
	2080 1728
4
	3840 1696
	4128 1696
	4128 1728
	3840 1728
4
	5152 1696
	5600 1696
	5600 1728
	5152 1728
4
	5824 1696
	8192 1696
	8192 1728
	5824 1728
4
	0 1728
	1312 1728
	1312 1760
	0 1760
4
	1504 1728
	1568 1728
	1568 1760
	1504 1760
4
	2080 1728
	2784 1728
	2784 1760
	2080 1760
4
	3808 1728
	4160 1728
	4160 1760
	3808 1760
4
	5152 1728
	5184 1728
	5184 1760
	5152 1760
4
	5376 1728
	5568 1728
	5568 1760
	5376 1760
4
	5888 1728
	8192 1728
	8192 1760
	5888 1760
4
	0 1760
	1312 1760
	1312 1792
	0 1792
4
	1472 1760
	1600 1760
	1600 1792
	1472 1792
4
	2112 1760
	2816 1760
	2816 1792
	2112 1792
4
	3808 1760
	4192 1760
	4192 1792
	3808 1792
4
	5376 1760
	5536 1760
	5536 1792
	5376 1792
4
	5920 1760
	8192 1760
	8192 1792
	5920 1792
4
	0 1792
	1280 1792
	1280 1824
	0 1824
4
	1472 1792
	1600 1792
	1600 1824
	1472 1824
4
	2112 1792
	2848 1792
	2848 1824
	2112 1824
4
	3776 1792
	4224 1792
	4224 1824
	3776 1824
4
	5344 1792
	5504 1792
	5504 1824
	5344 1824
4
	5952 1792
	8192 1792
	8192 1824
	5952 1824
4
	0 1824
	1280 1824
	1280 1856
	0 1856
4
	1504 1824
	1568 1824
	1568 1856
	1504 1856
4
	2112 1824
	2880 1824
	2880 1856
	2112 1856
4
	3776 1824
	4224 1824
	4224 1856
	3776 1856
4
	5312 1824
	5472 1824
	5472 1856
	5312 1856
4
	6016 1824
	8192 1824
	8192 1856
	6016 1856
4
	0 1856
	1248 1856
	1248 1888
	0 1888
4
	2112 1856
	2912 1856
	2912 1888
	2112 1888
4
	3744 1856
	4256 1856
	4256 1888
	3744 1888
4
	5280 1856
	5440 1856
	5440 1888
	5280 1888
4
	6048 1856
	8192 1856
	8192 1888
	6048 1888
4
	0 1888
	1248 1888
	1248 1920
	0 1920
4
	2112 1888
	2944 1888
	2944 1920
	2112 1920
4
	3712 1888
	4288 1888
	4288 1920
	3712 1920
4
	5248 1888
	5440 1888
	5440 1920
	5248 1920
4
	6080 1888
	8192 1888
	8192 1920
	6080 1920
4
	0 1920
	1216 1920
	1216 1952
	0 1952
4
	1376 1920
	1408 1920
	1408 1952
	1376 1952
4
	2144 1920
	2976 1920
	2976 1952
	2144 1952
4
	3712 1920
	4288 1920
	4288 1952
	3712 1952
4
	4512 1920
	4576 1920
	4576 1952
	4512 1952
4
	5184 1920
	5408 1920
	5408 1952
	5184 1952
4
	6112 1920
	8192 1920
	8192 1952
	6112 1952
4
	0 1952
	1216 1952
	1216 1984
	0 1984
4
	1344 1952
	1440 1952
	1440 1984
	1344 1984
4
	2144 1952
	3040 1952
	3040 1984
	2144 1984
4
	3680 1952
	4320 1952
	4320 1984
	3680 1984
4
	4512 1952
	4576 1952
	4576 1984
	4512 1984
4
	5152 1952
	5376 1952
	5376 1984
	5152 1984
4
	6112 1952
	8192 1952
	8192 1984
	6112 1984
4
	0 1984
	1184 1984
	1184 2016
	0 2016
4
	1376 1984
	1408 1984
	1408 2016
	1376 2016
4
	2144 1984
	3072 1984
	3072 2016
	2144 2016
4
	3648 1984
	4320 1984
	4320 2016
	3648 2016
4
	4512 1984
	4576 1984
	4576 2016
	4512 2016
4
	5088 1984
	5344 1984
	5344 2016
	5088 2016
4
	6112 1984
	8192 1984
	8192 2016
	6112 2016
4
	0 2016
	1184 2016
	1184 2048
	0 2048
4
	2176 2016
	3072 2016
	3072 2048
	2176 2048
4
	3616 2016
	4352 2016
	4352 2048
	3616 2048
4
	5056 2016
	5280 2016
	5280 2048
	5056 2048
4
	6112 2016
	8192 2016
	8192 2048
	6112 2048
4
	0 2048
	1152 2048
	1152 2080
	0 2080
4
	2208 2048
	3104 2048
	3104 2080
	2208 2080
4
	3584 2048
	4352 2048
	4352 2080
	3584 2080
4
	4992 2048
	5248 2048
	5248 2080
	4992 2080
4
	6112 2048
	8192 2048
	8192 2080
	6112 2080
4
	0 2080
	1152 2080
	1152 2112
	0 2112
4
	2208 2080
	3136 2080
	3136 2112
	2208 2112
4
	3552 2080
	4352 2080
	4352 2112
	3552 2112
4
	4928 2080
	5184 2080
	5184 2112
	4928 2112
4
	5952 2080
	6016 2080
	6016 2112
	5952 2112
4
	6112 2080
	8192 2080
	8192 2112
	6112 2112
4
	0 2112
	1120 2112
	1120 2144
	0 2144
4
	2080 2112
	2144 2112
	2144 2144
	2080 2144
4
	2176 2112
	3168 2112
	3168 2144
	2176 2144
4
	3520 2112
	4352 2112
	4352 2144
	3520 2144
4
	4896 2112
	5120 2112
	5120 2144
	4896 2144
4
	5952 2112
	6016 2112
	6016 2144
	5952 2144
4
	6112 2112
	8192 2112
	8192 2144
	6112 2144
4
	0 2144
	1120 2144
	1120 2176
	0 2176
4
	2080 2144
	2144 2144
	2144 2176
	2080 2176
4
	2176 2144
	3168 2144
	3168 2176
	2176 2176
4
	3456 2144
	4352 2144
	4352 2176
	3456 2176
4
	4832 2144
	5088 2144
	5088 2176
	4832 2176
4
	6144 2144
	8192 2144
	8192 2176
	6144 2176
4
	0 2176
	1120 2176
	1120 2208
	0 2208
4
	2176 2176
	3168 2176
	3168 2208
	2176 2208
4
	3424 2176
	4352 2176
	4352 2208
	3424 2208
4
	4768 2176
	5024 2176
	5024 2208
	4768 2208
4
	6144 2176
	8192 2176
	8192 2208
	6144 2208
4
	0 2208
	1120 2208
	1120 2240
	0 2240
4
	2208 2208
	3200 2208
	3200 2240
	2208 2240
4
	3424 2208
	4320 2208
	4320 2240
	3424 2240
4
	4736 2208
	4992 2208
	4992 2240
	4736 2240
4
	6144 2208
	8192 2208
	8192 2240
	6144 2240
4
	0 2240
	1088 2240
	1088 2272
	0 2272
4
	2240 2240
	3200 2240
	3200 2272
	2240 2272
4
	3424 2240
	4320 2240
	4320 2272
	3424 2272
4
	4704 2240
	4928 2240
	4928 2272
	4704 2272
4
	6176 2240
	8192 2240
	8192 2272
	6176 2272
4
	0 2272
	1088 2272
	1088 2304
	0 2304
4
	1184 2272
	1248 2272
	1248 2304
	1184 2304
4
	2240 2272
	3200 2272
	3200 2304
	2240 2304
4
	3424 2272
	4288 2272
	4288 2304
	3424 2304
4
	4704 2272
	4896 2272
	4896 2304
	4704 2304
4
	6176 2272
	8192 2272
	8192 2304
	6176 2304
4
	0 2304
	1088 2304
	1088 2336
	0 2336
4
	1184 2304
	1248 2304
	1248 2336
	1184 2336
4
	2304 2304
	3200 2304
	3200 2336
	2304 2336
4
	3424 2304
	4256 2304
	4256 2336
	3424 2336
4
	4704 2304
	4832 2304
	4832 2336
	4704 2336
4
	6208 2304
	8192 2304
	8192 2336
	6208 2336
4
	0 2336
	1088 2336
	1088 2368
	0 2368
4
	2304 2336
	3200 2336
	3200 2368
	2304 2368
4
	3424 2336
	4224 2336
	4224 2368
	3424 2368
4
	4672 2336
	4832 2336
	4832 2368
	4672 2368
4
	6208 2336
	8192 2336
	8192 2368
	6208 2368
4
	0 2368
	1088 2368
	1088 2400
	0 2400
4
	2368 2368
	2496 2368
	2496 2400
	2368 2400
4
	2528 2368
	3200 2368
	3200 2400
	2528 2400
4
	3424 2368
	4192 2368
	4192 2400
	3424 2400
4
	4672 2368
	4800 2368
	4800 2400
	4672 2400
4
	6240 2368
	8192 2368
	8192 2400
	6240 2400
4
	0 2400
	1056 2400
	1056 2432
	0 2432
4
	1952 2400
	2112 2400
	2112 2432
	1952 2432
4
	2336 2400
	2464 2400
	2464 2432
	2336 2432
4
	2528 2400
	3136 2400
	3136 2432
	2528 2432
4
	3168 2400
	3200 2400
	3200 2432
	3168 2432
4
	3456 2400
	4192 2400
	4192 2432
	3456 2432
4
	4672 2400
	4800 2400
	4800 2432
	4672 2432
4
	6240 2400
	8192 2400
	8192 2432
	6240 2432
4
	0 2432
	1056 2432
	1056 2464
	0 2464
4
	1888 2432
	2144 2432
	2144 2464
	1888 2464
4
	2304 2432
	2400 2432
	2400 2464
	2304 2464
4
	2528 2432
	3136 2432
	3136 2464
	2528 2464
4
	3456 2432
	4128 2432
	4128 2464
	3456 2464
4
	4640 2432
	4768 2432
	4768 2464
	4640 2464
4
	6272 2432
	8192 2432
	8192 2464
	6272 2464
4
	0 2464
	1056 2464
	1056 2496
	0 2496
4
	1888 2464
	2112 2464
	2112 2496
	1888 2496
4
	2304 2464
	2400 2464
	2400 2496
	2304 2496
4
	2560 2464
	3104 2464
	3104 2496
	2560 2496
4
	3488 2464
	4032 2464
	4032 2496
	3488 2496
4
	4064 2464
	4128 2464
	4128 2496
	4064 2496
4
	4640 2464
	4768 2464
	4768 2496
	4640 2496
4
	6272 2464
	8192 2464
	8192 2496
	6272 2496
4
	0 2496
	1056 2496
	1056 2528
	0 2528
4
	1856 2496
	2112 2496
	2112 2528
	1856 2528
4
	2304 2496
	2400 2496
	2400 2528
	2304 2528
4
	2560 2496
	3104 2496
	3104 2528
	2560 2528
4
	3552 2496
	3968 2496
	3968 2528
	3552 2528
4
	4608 2496
	4768 2496
	4768 2528
	4608 2528
4
	6304 2496
	8192 2496
	8192 2528
	6304 2528
4
	0 2528
	1056 2528
	1056 2560
	0 2560
4
	1824 2528
	2176 2528
	2176 2560
	1824 2560
4
	2592 2528
	3104 2528
	3104 2560
	2592 2560
4
	3616 2528
	3904 2528
	3904 2560
	3616 2560
4
	4608 2528
	4736 2528
	4736 2560
	4608 2560
4
	6304 2528
	8192 2528
	8192 2560
	6304 2560
4
	0 2560
	1088 2560
	1088 2592
	0 2592
4
	1824 2560
	2240 2560
	2240 2592
	1824 2592
4
	2560 2560
	3040 2560
	3040 2592
	2560 2592
4
	3712 2560
	3872 2560
	3872 2592
	3712 2592
4
	4576 2560
	4736 2560
	4736 2592
	4576 2592
4
	6304 2560
	8192 2560
	8192 2592
	6304 2592
4
	0 2592
	1088 2592
	1088 2624
	0 2624
4
	1824 2592
	2336 2592
	2336 2624
	1824 2624
4
	2592 2592
	3008 2592
	3008 2624
	2592 2624
4
	3808 2592
	3872 2592
	3872 2624
	3808 2624
4
	4576 2592
	4704 2592
	4704 2624
	4576 2624
4
	6336 2592
	8192 2592
	8192 2624
	6336 2624
4
	0 2624
	1088 2624
	1088 2656
	0 2656
4
	1824 2624
	2432 2624
	2432 2656
	1824 2656
4
	2624 2624
	2944 2624
	2944 2656
	2624 2656
4
	4576 2624
	4704 2624
	4704 2656
	4576 2656
4
	6336 2624
	8192 2624
	8192 2656
	6336 2656
4
	0 2656
	1088 2656
	1088 2688
	0 2688
4
	1824 2656
	2464 2656
	2464 2688
	1824 2688
4
	2656 2656
	2688 2656
	2688 2688
	2656 2688
4
	2720 2656
	2816 2656
	2816 2688
	2720 2688
4
	4576 2656
	4704 2656
	4704 2688
	4576 2688
4
	6336 2656
	8192 2656
	8192 2688
	6336 2688
4
	0 2688
	1120 2688
	1120 2720
	0 2720
4
	1824 2688
	2464 2688
	2464 2720
	1824 2720
4
	4576 2688
	4704 2688
	4704 2720
	4576 2720
4
	6336 2688
	8192 2688
	8192 2720
	6336 2720
4
	0 2720
	1120 2720
	1120 2752
	0 2752
4
	1856 2720
	2464 2720
	2464 2752
	1856 2752
4
	4576 2720
	4672 2720
	4672 2752
	4576 2752
4
	6368 2720
	8192 2720
	8192 2752
	6368 2752
4
	0 2752
	1120 2752
	1120 2784
	0 2784
4
	1888 2752
	2016 2752
	2016 2784
	1888 2784
4
	2080 2752
	2432 2752
	2432 2784
	2080 2784
4
	4544 2752
	4672 2752
	4672 2784
	4544 2784
4
	6368 2752
	8192 2752
	8192 2784
	6368 2784
4
	0 2784
	1120 2784
	1120 2816
	0 2816
4
	1920 2784
	1984 2784
	1984 2816
	1920 2816
4
	2176 2784
	2432 2784
	2432 2816
	2176 2816
4
	4544 2784
	4672 2784
	4672 2816
	4544 2816
4
	6368 2784
	8192 2784
	8192 2816
	6368 2816
4
	0 2816
	1120 2816
	1120 2848
	0 2848
4
	2240 2816
	2400 2816
	2400 2848
	2240 2848
4
	4544 2816
	4672 2816
	4672 2848
	4544 2848
4
	6368 2816
	8192 2816
	8192 2848
	6368 2848
4
	0 2848
	1120 2848
	1120 2880
	0 2880
4
	2336 2848
	2400 2848
	2400 2880
	2336 2880
4
	4544 2848
	4640 2848
	4640 2880
	4544 2880
4
	6400 2848
	8192 2848
	8192 2880
	6400 2880
4
	0 2880
	1120 2880
	1120 2912
	0 2912
4
	4544 2880
	4640 2880
	4640 2912
	4544 2912
4
	6400 2880
	8192 2880
	8192 2912
	6400 2912
4
	0 2912
	1120 2912
	1120 2944
	0 2944
4
	4544 2912
	4640 2912
	4640 2944
	4544 2944
4
	6400 2912
	8192 2912
	8192 2944
	6400 2944
4
	0 2944
	1120 2944
	1120 2976
	0 2976
4
	4512 2944
	4640 2944
	4640 2976
	4512 2976
4
	6400 2944
	8192 2944
	8192 2976
	6400 2976
4
	0 2976
	1120 2976
	1120 3008
	0 3008
4
	4512 2976
	4640 2976
	4640 3008
	4512 3008
4
	6400 2976
	8192 2976
	8192 3008
	6400 3008
4
	0 3008
	1120 3008
	1120 3040
	0 3040
4
	4512 3008
	4640 3008
	4640 3040
	4512 3040
4
	6432 3008
	8192 3008
	8192 3040
	6432 3040
4
	0 3040
	1088 3040
	1088 3072
	0 3072
4
	4512 3040
	4640 3040
	4640 3072
	4512 3072
4
	6464 3040
	8192 3040
	8192 3072
	6464 3072
4
	0 3072
	1088 3072
	1088 3104
	0 3104
4
	4512 3072
	4640 3072
	4640 3104
	4512 3104
4
	6496 3072
	8192 3072
	8192 3104
	6496 3104
4
	0 3104
	1088 3104
	1088 3136
	0 3136
4
	4512 3104
	4640 3104
	4640 3136
	4512 3136
4
	6528 3104
	8192 3104
	8192 3136
	6528 3136
4
	0 3136
	1056 3136
	1056 3168
	0 3168
4
	4512 3136
	4640 3136
	4640 3168
	4512 3168
4
	6560 3136
	8192 3136
	8192 3168
	6560 3168
4
	0 3168
	1056 3168
	1056 3200
	0 3200
4
	1216 3168
	1280 3168
	1280 3200
	1216 3200
4
	1792 3168
	1888 3168
	1888 3200
	1792 3200
4
	4512 3168
	4640 3168
	4640 3200
	4512 3200
4
	6624 3168
	8192 3168
	8192 3200
	6624 3200
4
	0 3200
	1024 3200
	1024 3232
	0 3232
4
	1216 3200
	1344 3200
	1344 3232
	1216 3232
4
	1760 3200
	1888 3200
	1888 3232
	1760 3232
4
	4512 3200
	4640 3200
	4640 3232
	4512 3232
4
	6656 3200
	8192 3200
	8192 3232
	6656 3232
4
	0 3232
	1024 3232
	1024 3264
	0 3264
4
	1280 3232
	1344 3232
	1344 3264
	1280 3264
4
	1760 3232
	1888 3232
	1888 3264
	1760 3264
4
	4448 3232
	4640 3232
	4640 3264
	4448 3264
4
	6720 3232
	8192 3232
	8192 3264
	6720 3264
4
	0 3264
	1024 3264
	1024 3296
	0 3296
4
	1760 3264
	1888 3264
	1888 3296
	1760 3296
4
	4480 3264
	4640 3264
	4640 3296
	4480 3296
4
	6752 3264
	8192 3264
	8192 3296
	6752 3296
4
	0 3296
	992 3296
	992 3328
	0 3328
4
	1824 3296
	1856 3296
	1856 3328
	1824 3328
4
	4512 3296
	4640 3296
	4640 3328
	4512 3328
4
	6752 3296
	8192 3296
	8192 3328
	6752 3328
4
	0 3328
	992 3328
	992 3360
	0 3360
4
	4512 3328
	4640 3328
	4640 3360
	4512 3360
4
	6784 3328
	8192 3328
	8192 3360
	6784 3360
4
	0 3360
	992 3360
	992 3392
	0 3392
4
	4512 3360
	4640 3360
	4640 3392
	4512 3392
4
	6816 3360
	8192 3360
	8192 3392
	6816 3392
4
	0 3392
	960 3392
	960 3424
	0 3424
4
	4512 3392
	4640 3392
	4640 3424
	4512 3424
4
	6816 3392
	8192 3392
	8192 3424
	6816 3424
4
	0 3424
	960 3424
	960 3456
	0 3456
4
	4512 3424
	4640 3424
	4640 3456
	4512 3456
4
	6816 3424
	8192 3424
	8192 3456
	6816 3456
4
	0 3456
	960 3456
	960 3488
	0 3488
4
	4512 3456
	4640 3456
	4640 3488
	4512 3488
4
	6752 3456
	8192 3456
	8192 3488
	6752 3488
4
	0 3488
	960 3488
	960 3520
	0 3520
4
	1024 3488
	1088 3488
	1088 3520
	1024 3520
4
	4512 3488
	4640 3488
	4640 3520
	4512 3520
4
	6720 3488
	8192 3488
	8192 3520
	6720 3520
4
	0 3520
	960 3520
	960 3552
	0 3552
4
	1024 3520
	1088 3520
	1088 3552
	1024 3552
4
	2016 3520
	2112 3520
	2112 3552
	2016 3552
4
	2880 3520
	2976 3520
	2976 3552
	2880 3552
4
	4512 3520
	4640 3520
	4640 3552
	4512 3552
4
	6656 3520
	8192 3520
	8192 3552
	6656 3552
4
	0 3552
	928 3552
	928 3584
	0 3584
4
	2016 3552
	2208 3552
	2208 3584
	2016 3584
4
	2880 3552
	2976 3552
	2976 3584
	2880 3584
4
	4480 3552
	4640 3552
	4640 3584
	4480 3584
4
	6624 3552
	8192 3552
	8192 3584
	6624 3584
4
	0 3584
	928 3584
	928 3616
	0 3616
4
	1984 3584
	2272 3584
	2272 3616
	1984 3616
4
	2848 3584
	2976 3584
	2976 3616
	2848 3616
4
	4480 3584
	4672 3584
	4672 3616
	4480 3616
4
	6560 3584
	8192 3584
	8192 3616
	6560 3616
4
	0 3616
	928 3616
	928 3648
	0 3648
4
	1952 3616
	2304 3616
	2304 3648
	1952 3648
4
	2784 3616
	2976 3616
	2976 3648
	2784 3648
4
	4512 3616
	4704 3616
	4704 3648
	4512 3648
4
	6496 3616
	8192 3616
	8192 3648
	6496 3648
4
	0 3648
	928 3648
	928 3680
	0 3680
4
	1952 3648
	2304 3648
	2304 3680
	1952 3680
4
	2784 3648
	3040 3648
	3040 3680
	2784 3680
4
	4384 3648
	4768 3648
	4768 3680
	4384 3680
4
	6432 3648
	8192 3648
	8192 3680
	6432 3680
4
	0 3680
	928 3680
	928 3712
	0 3712
4
	1760 3680
	1856 3680
	1856 3712
	1760 3712
4
	1920 3680
	2304 3680
	2304 3712
	1920 3712
4
	2784 3680
	3040 3680
	3040 3712
	2784 3712
4
	4320 3680
	4832 3680
	4832 3712
	4320 3712
4
	6400 3680
	8192 3680
	8192 3712
	6400 3712
4
	0 3712
	928 3712
	928 3744
	0 3744
4
	1536 3712
	1568 3712
	1568 3744
	1536 3744
4
	1728 3712
	2304 3712
	2304 3744
	1728 3744
4
	2784 3712
	3008 3712
	3008 3744
	2784 3744
4
	4288 3712
	4896 3712
	4896 3744
	4288 3744
4
	6336 3712
	8192 3712
	8192 3744
	6336 3744
4
	0 3744
	960 3744
	960 3776
	0 3776
4
	1504 3744
	1600 3744
	1600 3776
	1504 3776
4
	1728 3744
	2336 3744
	2336 3776
	1728 3776
4
	2784 3744
	3008 3744
	3008 3776
	2784 3776
4
	4256 3744
	4704 3744
	4704 3776
	4256 3776
4
	4736 3744
	4960 3744
	4960 3776
	4736 3776
4
	6272 3744
	8192 3744
	8192 3776
	6272 3776
4
	0 3776
	960 3776
	960 3808
	0 3808
4
	1504 3776
	1632 3776
	1632 3808
	1504 3808
4
	1696 3776
	2336 3776
	2336 3808
	1696 3808
4
	2784 3776
	3008 3776
	3008 3808
	2784 3808
4
	4256 3776
	4576 3776
	4576 3808
	4256 3808
4
	4800 3776
	5024 3776
	5024 3808
	4800 3808
4
	6176 3776
	8192 3776
	8192 3808
	6176 3808
4
	0 3808
	960 3808
	960 3840
	0 3840
4
	1504 3808
	2336 3808
	2336 3840
	1504 3840
4
	2784 3808
	3008 3808
	3008 3840
	2784 3840
4
	4256 3808
	4576 3808
	4576 3840
	4256 3840
4
	4832 3808
	5088 3808
	5088 3840
	4832 3840
4
	6112 3808
	6400 3808
	6400 3840
	6112 3840
4
	6496 3808
	8192 3808
	8192 3840
	6496 3840
4
	0 3840
	960 3840
	960 3872
	0 3872
4
	1504 3840
	2304 3840
	2304 3872
	1504 3872
4
	2784 3840
	3008 3840
	3008 3872
	2784 3872
4
	4256 3840
	4608 3840
	4608 3872
	4256 3872
4
	4896 3840
	5152 3840
	5152 3872
	4896 3872
4
	6016 3840
	6336 3840
	6336 3872
	6016 3872
4
	6528 3840
	8192 3840
	8192 3872
	6528 3872
4
	0 3872
	960 3872
	960 3904
	0 3904
4
	1504 3872
	2272 3872
	2272 3904
	1504 3904
4
	2496 3872
	2592 3872
	2592 3904
	2496 3904
4
	2784 3872
	3008 3872
	3008 3904
	2784 3904
4
	4256 3872
	4640 3872
	4640 3904
	4256 3904
4
	4960 3872
	5216 3872
	5216 3904
	4960 3904
4
	5888 3872
	6272 3872
	6272 3904
	5888 3904
4
	6528 3872
	8192 3872
	8192 3904
	6528 3904
4
	0 3904
	992 3904
	992 3936
	0 3936
4
	1088 3904
	1152 3904
	1152 3936
	1088 3936
4
	1504 3904
	2592 3904
	2592 3936
	1504 3936
4
	2752 3904
	3008 3904
	3008 3936
	2752 3936
4
	4256 3904
	4672 3904
	4672 3936
	4256 3936
4
	5024 3904
	5280 3904
	5280 3936
	5024 3936
4
	5728 3904
	6176 3904
	6176 3936
	5728 3936
4
	6560 3904
	8192 3904
	8192 3936
	6560 3936
4
	0 3936
	1376 3936
	1376 3968
	0 3968
4
	1408 3936
	2592 3936
	2592 3968
	1408 3968
4
	2752 3936
	3008 3936
	3008 3968
	2752 3968
4
	4256 3936
	4704 3936
	4704 3968
	4256 3968
4
	5056 3936
	5376 3936
	5376 3968
	5056 3968
4
	5504 3936
	6112 3936
	6112 3968
	5504 3968
4
	6592 3936
	8192 3936
	8192 3968
	6592 3968
4
	0 3968
	1376 3968
	1376 4000
	0 4000
4
	1408 3968
	2592 3968
	2592 4000
	1408 4000
4
	2752 3968
	3008 3968
	3008 4000
	2752 4000
4
	4288 3968
	4352 3968
	4352 4000
	4288 4000
4
	4416 3968
	4736 3968
	4736 4000
	4416 4000
4
	5184 3968
	5920 3968
	5920 4000
	5184 4000
4
	6624 3968
	8192 3968
	8192 4000
	6624 4000
4
	0 4000
	1248 4000
	1248 4032
	0 4032
4
	1440 4000
	1568 4000
	1568 4032
	1440 4032
4
	1600 4000
	2560 4000
	2560 4032
	1600 4032
4
	2656 4000
	2976 4000
	2976 4032
	2656 4032
4
	4448 4000
	4768 4000
	4768 4032
	4448 4032
4
	5184 4000
	5728 4000
	5728 4032
	5184 4032
4
	6624 4000
	8192 4000
	8192 4032
	6624 4032
4
	0 4032
	1280 4032
	1280 4064
	0 4064
4
	1632 4032
	2496 4032
	2496 4064
	1632 4064
4
	2656 4032
	3072 4032
	3072 4064
	2656 4064
4
	4448 4032
	4768 4032
	4768 4064
	4448 4064
4
	5184 4032
	5504 4032
	5504 4064
	5184 4064
4
	6592 4032
	8192 4032
	8192 4064
	6592 4064
4
	0 4064
	1376 4064
	1376 4096
	0 4096
4
	1632 4064
	2432 4064
	2432 4096
	1632 4096
4
	2656 4064
	3072 4064
	3072 4096
	2656 4096
4
	4480 4064
	4800 4064
	4800 4096
	4480 4096
4
	5152 4064
	5504 4064
	5504 4096
	5152 4096
4
	6592 4064
	8192 4064
	8192 4096
	6592 4096
4
	0 4096
	1440 4096
	1440 4128
	0 4128
4
	1632 4096
	2432 4096
	2432 4128
	1632 4128
4
	2656 4096
	3072 4096
	3072 4128
	2656 4128
4
	4512 4096
	4800 4096
	4800 4128
	4512 4128
4
	5152 4096
	5504 4096
	5504 4128
	5152 4128
4
	6592 4096
	8192 4096
	8192 4128
	6592 4128
4
	0 4128
	1504 4128
	1504 4160
	0 4160
4
	1568 4128
	2464 4128
	2464 4160
	1568 4160
4
	2656 4128
	3072 4128
	3072 4160
	2656 4160
4
	4544 4128
	4800 4128
	4800 4160
	4544 4160
4
	5184 4128
	5472 4128
	5472 4160
	5184 4160
4
	5888 4128
	6048 4128
	6048 4160
	5888 4160
4
	6560 4128
	8192 4128
	8192 4160
	6560 4160
4
	0 4160
	2496 4160
	2496 4192
	0 4192
4
	2688 4160
	3040 4160
	3040 4192
	2688 4192
4
	4576 4160
	4800 4160
	4800 4192
	4576 4192
4
	5312 4160
	5472 4160
	5472 4192
	5312 4192
4
	5888 4160
	6112 4160
	6112 4192
	5888 4192
4
	6560 4160
	8192 4160
	8192 4192
	6560 4192
4
	0 4192
	2528 4192
	2528 4224
	0 4224
4
	2720 4192
	3008 4192
	3008 4224
	2720 4224
4
	4608 4192
	4832 4192
	4832 4224
	4608 4224
4
	5312 4192
	5472 4192
	5472 4224
	5312 4224
4
	5920 4192
	6112 4192
	6112 4224
	5920 4224
4
	6560 4192
	8192 4192
	8192 4224
	6560 4224
4
	0 4224
	2304 4224
	2304 4256
	0 4256
4
	2400 4224
	2496 4224
	2496 4256
	2400 4256
4
	2784 4224
	2976 4224
	2976 4256
	2784 4256
4
	4640 4224
	4672 4224
	4672 4256
	4640 4256
4
	4736 4224
	4832 4224
	4832 4256
	4736 4256
4
	5312 4224
	5440 4224
	5440 4256
	5312 4256
4
	5792 4224
	6144 4224
	6144 4256
	5792 4256
4
	6528 4224
	8192 4224
	8192 4256
	6528 4256
4
	0 4256
	2304 4256
	2304 4288
	0 4288
4
	5344 4256
	5408 4256
	5408 4288
	5344 4288
4
	5600 4256
	6208 4256
	6208 4288
	5600 4288
4
	6528 4256
	8192 4256
	8192 4288
	6528 4288
4
	0 4288
	2336 4288
	2336 4320
	0 4320
4
	5504 4288
	6272 4288
	6272 4320
	5504 4320
4
	6432 4288
	8192 4288
	8192 4320
	6432 4320
4
	0 4320
	2368 4320
	2368 4352
	0 4352
4
	5504 4320
	6304 4320
	6304 4352
	5504 4352
4
	6368 4320
	8192 4320
	8192 4352
	6368 4352
4
	0 4352
	2464 4352
	2464 4384
	0 4384
4
	5440 4352
	6176 4352
	6176 4384
	5440 4384
4
	6240 4352
	8192 4352
	8192 4384
	6240 4384
4
	0 4384
	2464 4384
	2464 4416
	0 4416
4
	5440 4384
	6144 4384
	6144 4416
	5440 4416
4
	6272 4384
	8192 4384
	8192 4416
	6272 4416
4
	0 4416
	2464 4416
	2464 4448
	0 4448
4
	3968 4416
	4000 4416
	4000 4448
	3968 4448
4
	5440 4416
	6112 4416
	6112 4448
	5440 4448
4
	6272 4416
	8192 4416
	8192 4448
	6272 4448
4
	0 4448
	2432 4448
	2432 4480
	0 4480
4
	4160 4448
	4192 4448
	4192 4480
	4160 4480
4
	4896 4448
	5024 4448
	5024 4480
	4896 4480
4
	5440 4448
	5504 4448
	5504 4480
	5440 4480
4
	5536 4448
	5856 4448
	5856 4480
	5536 4480
4
	5952 4448
	6080 4448
	6080 4480
	5952 4480
4
	6304 4448
	8192 4448
	8192 4480
	6304 4480
4
	0 4480
	2464 4480
	2464 4512
	0 4512
4
	4896 4480
	5056 4480
	5056 4512
	4896 4512
4
	5536 4480
	5664 4480
	5664 4512
	5536 4512
4
	5952 4480
	6112 4480
	6112 4512
	5952 4512
4
	6336 4480
	8192 4480
	8192 4512
	6336 4512
4
	0 4512
	2496 4512
	2496 4544
	0 4544
4
	4960 4512
	5056 4512
	5056 4544
	4960 4544
4
	5952 4512
	6112 4512
	6112 4544
	5952 4544
4
	6368 4512
	8192 4512
	8192 4544
	6368 4544
4
	0 4544
	2528 4544
	2528 4576
	0 4576
4
	5120 4544
	5216 4544
	5216 4576
	5120 4576
4
	6143 4575
	6145 4575
	6145 4577
	6143 4577
4
	6080 4544
	6144 4544
	6144 4576
	6080 4576
4
	6400 4544
	8192 4544
	8192 4576
	6400 4576
4
	0 4576
	2560 4576
	2560 4608
	0 4608
4
	5120 4576
	5248 4576
	5248 4608
	5120 4608
4
	6144 4576
	6176 4576
	6176 4608
	6144 4608
4
	6400 4576
	8192 4576
	8192 4608
	6400 4608
4
	0 4608
	2560 4608
	2560 4640
	0 4640
4
	5152 4608
	5248 4608
	5248 4640
	5152 4640
4
	6144 4608
	6208 4608
	6208 4640
	6144 4640
4
	6239 4639
	6241 4639
	6241 4641
	6239 4641
4
	6240 4608
	6304 4608
	6304 4640
	6240 4640
4
	6432 4608
	8192 4608
	8192 4640
	6432 4640
4
	0 4640
	2560 4640
	2560 4672
	0 4672
4
	5184 4640
	5248 4640
	5248 4672
	5184 4672
4
	6176 4640
	6240 4640
	6240 4672
	6176 4672
4
	6464 4640
	8192 4640
	8192 4672
	6464 4672
4
	0 4672
	2560 4672
	2560 4704
	0 4704
4
	6176 4672
	6208 4672
	6208 4704
	6176 4704
4
	6432 4672
	8192 4672
	8192 4704
	6432 4704
4
	0 4704
	2528 4704
	2528 4736
	0 4736
4
	5312 4704
	5344 4704
	5344 4736
	5312 4736
4
	5792 4704
	5856 4704
	5856 4736
	5792 4736
4
	6432 4704
	8192 4704
	8192 4736
	6432 4736
4
	0 4736
	2464 4736
	2464 4768
	0 4768
4
	4896 4736
	5024 4736
	5024 4768
	4896 4768
4
	5280 4736
	5344 4736
	5344 4768
	5280 4768
4
	5536 4736
	5632 4736
	5632 4768
	5536 4768
4
	5792 4736
	5856 4736
	5856 4768
	5792 4768
4
	6208 4736
	6368 4736
	6368 4768
	6208 4768
4
	6432 4736
	8192 4736
	8192 4768
	6432 4768
4
	0 4768
	2400 4768
	2400 4800
	0 4800
4
	4896 4768
	5056 4768
	5056 4800
	4896 4800
4
	5280 4768
	5344 4768
	5344 4800
	5280 4800
4
	5504 4768
	5632 4768
	5632 4800
	5504 4800
4
	6176 4768
	8192 4768
	8192 4800
	6176 4800
4
	0 4800
	2336 4800
	2336 4832
	0 4832
4
	4864 4800
	5088 4800
	5088 4832
	4864 4832
4
	5280 4800
	5376 4800
	5376 4832
	5280 4832
4
	5504 4800
	5632 4800
	5632 4832
	5504 4832
4
	5888 4800
	5952 4800
	5952 4832
	5888 4832
4
	6176 4800
	8192 4800
	8192 4832
	6176 4832
4
	0 4832
	2304 4832
	2304 4864
	0 4864
4
	4864 4832
	5088 4832
	5088 4864
	4864 4864
4
	5312 4832
	5376 4832
	5376 4864
	5312 4864
4
	5536 4832
	5632 4832
	5632 4864
	5536 4864
4
	5888 4832
	5952 4832
	5952 4864
	5888 4864
4
	6144 4832
	8192 4832
	8192 4864
	6144 4864
4
	0 4864
	2304 4864
	2304 4896
	0 4896
4
	4864 4864
	5056 4864
	5056 4896
	4864 4896
4
	6112 4864
	8192 4864
	8192 4896
	6112 4896
4
	0 4896
	2304 4896
	2304 4928
	0 4928
4
	4928 4896
	5056 4896
	5056 4928
	4928 4928
4
	6080 4896
	8192 4896
	8192 4928
	6080 4928
4
	0 4928
	2304 4928
	2304 4960
	0 4960
4
	4960 4928
	4992 4928
	4992 4960
	4960 4960
4
	6048 4928
	8192 4928
	8192 4960
	6048 4960
4
	0 4960
	2304 4960
	2304 4992
	0 4992
4
	6048 4960
	8192 4960
	8192 4992
	6048 4992
4
	0 4992
	2304 4992
	2304 5024
	0 5024
4
	5376 4992
	5408 4992
	5408 5024
	5376 5024
4
	6016 4992
	8192 4992
	8192 5024
	6016 5024
4
	0 5024
	2304 5024
	2304 5056
	0 5056
4
	3104 5024
	3296 5024
	3296 5056
	3104 5056
4
	5344 5024
	5440 5024
	5440 5056
	5344 5056
4
	5984 5024
	8192 5024
	8192 5056
	5984 5056
4
	0 5056
	2304 5056
	2304 5088
	0 5088
4
	3008 5056
	3328 5056
	3328 5088
	3008 5088
4
	5376 5056
	5440 5056
	5440 5088
	5376 5088
4
	5952 5056
	8192 5056
	8192 5088
	5952 5088
4
	0 5088
	2304 5088
	2304 5120
	0 5120
4
	3008 5088
	3360 5088
	3360 5120
	3008 5120
4
	5952 5088
	8192 5088
	8192 5120
	5952 5120
4
	0 5120
	2304 5120
	2304 5152
	0 5152
4
	2976 5120
	3392 5120
	3392 5152
	2976 5152
4
	4352 5120
	4448 5120
	4448 5152
	4352 5152
4
	5952 5120
	8192 5120
	8192 5152
	5952 5152
4
	0 5152
	2336 5152
	2336 5184
	0 5184
4
	2976 5152
	3392 5152
	3392 5184
	2976 5184
4
	4352 5152
	4480 5152
	4480 5184
	4352 5184
4
	5952 5152
	8192 5152
	8192 5184
	5952 5184
4
	0 5184
	2336 5184
	2336 5216
	0 5216
4
	2944 5184
	3392 5184
	3392 5216
	2944 5216
4
	4128 5184
	4224 5184
	4224 5216
	4128 5216
4
	4352 5184
	4480 5184
	4480 5216
	4352 5216
4
	5952 5184
	8192 5184
	8192 5216
	5952 5216
4
	0 5216
	2336 5216
	2336 5248
	0 5248
4
	2976 5216
	3328 5216
	3328 5248
	2976 5248
4
	4096 5216
	4224 5216
	4224 5248
	4096 5248
4
	4352 5216
	4480 5216
	4480 5248
	4352 5248
4
	5952 5216
	8192 5216
	8192 5248
	5952 5248
4
	0 5248
	2304 5248
	2304 5280
	0 5280
4
	2976 5248
	3296 5248
	3296 5280
	2976 5280
4
	4032 5248
	4192 5248
	4192 5280
	4032 5280
4
	5856 5248
	5920 5248
	5920 5280
	5856 5280
4
	5952 5248
	8192 5248
	8192 5280
	5952 5280
4
	0 5280
	2304 5280
	2304 5312
	0 5312
4
	3072 5280
	3296 5280
	3296 5312
	3072 5312
4
	4032 5280
	4224 5280
	4224 5312
	4032 5312
4
	5856 5280
	5920 5280
	5920 5312
	5856 5312
4
	5952 5280
	8192 5280
	8192 5312
	5952 5312
4
	0 5312
	2304 5312
	2304 5344
	0 5344
4
	3072 5312
	3296 5312
	3296 5344
	3072 5344
4
	4032 5312
	4256 5312
	4256 5344
	4032 5344
4
	5536 5312
	5632 5312
	5632 5344
	5536 5344
4
	5952 5312
	8192 5312
	8192 5344
	5952 5344
4
	0 5344
	2304 5344
	2304 5376
	0 5376
4
	3072 5344
	3328 5344
	3328 5376
	3072 5376
4
	4000 5344
	4256 5344
	4256 5376
	4000 5376
4
	5536 5344
	5632 5344
	5632 5376
	5536 5376
4
	5952 5344
	8192 5344
	8192 5376
	5952 5376
4
	0 5376
	2304 5376
	2304 5408
	0 5408
4
	3072 5376
	3328 5376
	3328 5408
	3072 5408
4
	4000 5376
	4256 5376
	4256 5408
	4000 5408
4
	5536 5376
	5632 5376
	5632 5408
	5536 5408
4
	5984 5376
	8192 5376
	8192 5408
	5984 5408
4
	0 5408
	2304 5408
	2304 5440
	0 5440
4
	2336 5408
	2368 5408
	2368 5440
	2336 5440
4
	3072 5408
	3328 5408
	3328 5440
	3072 5440
4
	4000 5408
	4224 5408
	4224 5440
	4000 5440
4
	5984 5408
	8192 5408
	8192 5440
	5984 5440
4
	0 5440
	2304 5440
	2304 5472
	0 5472
4
	2336 5440
	2400 5440
	2400 5472
	2336 5472
4
	3104 5440
	3328 5440
	3328 5472
	3104 5472
4
	4000 5440
	4224 5440
	4224 5472
	4000 5472
4
	5984 5440
	8192 5440
	8192 5472
	5984 5472
4
	0 5472
	2272 5472
	2272 5504
	0 5504
4
	2336 5472
	2368 5472
	2368 5504
	2336 5504
4
	3104 5472
	3328 5472
	3328 5504
	3104 5504
4
	3968 5472
	4224 5472
	4224 5504
	3968 5504
4
	4960 5472
	5024 5472
	5024 5504
	4960 5504
4
	5248 5472
	5344 5472
	5344 5504
	5248 5504
4
	6016 5472
	8192 5472
	8192 5504
	6016 5504
4
	0 5504
	2144 5504
	2144 5536
	0 5536
4
	3104 5504
	3328 5504
	3328 5536
	3104 5536
4
	3968 5504
	4224 5504
	4224 5536
	3968 5536
4
	4960 5504
	5024 5504
	5024 5536
	4960 5536
4
	5056 5504
	5344 5504
	5344 5536
	5056 5536
4
	5472 5504
	5504 5504
	5504 5536
	5472 5536
4
	6016 5504
	8192 5504
	8192 5536
	6016 5536
4
	2015 5567
	2017 5567
	2017 5569
	2015 5569
4
	0 5536
	2016 5536
	2016 5568
	0 5568
4
	3104 5536
	3360 5536
	3360 5568
	3104 5568
4
	3968 5536
	4192 5536
	4192 5568
	3968 5568
4
	4992 5536
	5312 5536
	5312 5568
	4992 5568
4
	5440 5536
	5536 5536
	5536 5568
	5440 5568
4
	6016 5536
	8192 5536
	8192 5568
	6016 5568
4
	0 5568
	1984 5568
	1984 5600
	0 5600
4
	2016 5568
	2112 5568
	2112 5600
	2016 5600
4
	3104 5568
	3360 5568
	3360 5600
	3104 5600
4
	3968 5568
	4192 5568
	4192 5600
	3968 5600
4
	4928 5568
	5344 5568
	5344 5600
	4928 5600
4
	6016 5568
	8192 5568
	8192 5600
	6016 5600
4
	0 5600
	1952 5600
	1952 5632
	0 5632
4
	2016 5600
	2112 5600
	2112 5632
	2016 5632
4
	3136 5600
	3360 5600
	3360 5632
	3136 5632
4
	3936 5600
	4192 5600
	4192 5632
	3936 5632
4
	4928 5600
	5376 5600
	5376 5632
	4928 5632
4
	6048 5600
	8192 5600
	8192 5632
	6048 5632
4
	0 5632
	1920 5632
	1920 5664
	0 5664
4
	2016 5632
	2112 5632
	2112 5664
	2016 5664
4
	3136 5632
	3296 5632
	3296 5664
	3136 5664
4
	3840 5632
	4192 5632
	4192 5664
	3840 5664
4
	4896 5632
	5408 5632
	5408 5664
	4896 5664
4
	6080 5632
	8192 5632
	8192 5664
	6080 5664
4
	0 5664
	1888 5664
	1888 5696
	0 5696
4
	2016 5664
	2112 5664
	2112 5696
	2016 5696
4
	3200 5664
	3328 5664
	3328 5696
	3200 5696
4
	3808 5664
	4160 5664
	4160 5696
	3808 5696
4
	4896 5664
	5440 5664
	5440 5696
	4896 5696
4
	6080 5664
	8192 5664
	8192 5696
	6080 5696
4
	0 5696
	1856 5696
	1856 5728
	0 5728
4
	3072 5696
	3136 5696
	3136 5728
	3072 5728
4
	3200 5696
	3328 5696
	3328 5728
	3200 5728
4
	3808 5696
	4224 5696
	4224 5728
	3808 5728
4
	4896 5696
	5472 5696
	5472 5728
	4896 5728
4
	6112 5696
	8192 5696
	8192 5728
	6112 5728
4
	0 5728
	1824 5728
	1824 5760
	0 5760
4
	2688 5728
	2752 5728
	2752 5760
	2688 5760
4
	3040 5728
	3168 5728
	3168 5760
	3040 5760
4
	3232 5728
	3328 5728
	3328 5760
	3232 5760
4
	3840 5728
	4256 5728
	4256 5760
	3840 5760
4
	4896 5728
	5472 5728
	5472 5760
	4896 5760
4
	5536 5728
	5568 5728
	5568 5760
	5536 5760
4
	6144 5728
	8192 5728
	8192 5760
	6144 5760
4
	0 5760
	1824 5760
	1824 5792
	0 5792
4
	2688 5760
	2752 5760
	2752 5792
	2688 5792
4
	3040 5760
	3168 5760
	3168 5792
	3040 5792
4
	3840 5760
	4224 5760
	4224 5792
	3840 5792
4
	4896 5760
	5472 5760
	5472 5792
	4896 5792
4
	6176 5760
	8192 5760
	8192 5792
	6176 5792
4
	0 5792
	1824 5792
	1824 5824
	0 5824
4
	2688 5792
	2752 5792
	2752 5824
	2688 5824
4
	3040 5792
	3168 5792
	3168 5824
	3040 5824
4
	3872 5792
	4224 5792
	4224 5824
	3872 5824
4
	4896 5792
	5472 5792
	5472 5824
	4896 5824
4
	6176 5792
	8192 5792
	8192 5824
	6176 5824
4
	0 5824
	1824 5824
	1824 5856
	0 5856
4
	3104 5824
	3168 5824
	3168 5856
	3104 5856
4
	3872 5824
	4192 5824
	4192 5856
	3872 5856
4
	4896 5824
	5472 5824
	5472 5856
	4896 5856
4
	6208 5824
	8192 5824
	8192 5856
	6208 5856
4
	0 5856
	1824 5856
	1824 5888
	0 5888
4
	3936 5856
	4160 5856
	4160 5888
	3936 5888
4
	4960 5856
	5472 5856
	5472 5888
	4960 5888
4
	6240 5856
	8192 5856
	8192 5888
	6240 5888
4
	0 5888
	1824 5888
	1824 5920
	0 5920
4
	4960 5888
	5472 5888
	5472 5920
	4960 5920
4
	6272 5888
	8192 5888
	8192 5920
	6272 5920
4
	0 5920
	1824 5920
	1824 5952
	0 5952
4
	4704 5920
	4768 5920
	4768 5952
	4704 5952
4
	4992 5920
	5536 5920
	5536 5952
	4992 5952
4
	6272 5920
	8192 5920
	8192 5952
	6272 5952
4
	0 5952
	1824 5952
	1824 5984
	0 5984
4
	4704 5952
	4768 5952
	4768 5984
	4704 5984
4
	4992 5952
	5600 5952
	5600 5984
	4992 5984
4
	6272 5952
	8192 5952
	8192 5984
	6272 5984
4
	0 5984
	1824 5984
	1824 6016
	0 6016
4
	4704 5984
	4768 5984
	4768 6016
	4704 6016
4
	4992 5984
	5664 5984
	5664 6016
	4992 6016
4
	6304 5984
	8192 5984
	8192 6016
	6304 6016
4
	0 6016
	1824 6016
	1824 6048
	0 6048
4
	2176 6016
	2240 6016
	2240 6048
	2176 6048
4
	4992 6016
	5728 6016
	5728 6048
	4992 6048
4
	6304 6016
	8192 6016
	8192 6048
	6304 6048
4
	0 6048
	1824 6048
	1824 6080
	0 6080
4
	2176 6048
	2240 6048
	2240 6080
	2176 6080
4
	3840 6048
	3968 6048
	3968 6080
	3840 6080
4
	4992 6048
	5760 6048
	5760 6080
	4992 6080
4
	6304 6048
	8192 6048
	8192 6080
	6304 6080
4
	0 6080
	1824 6080
	1824 6112
	0 6112
4
	3840 6080
	3968 6080
	3968 6112
	3840 6112
4
	4960 6080
	5792 6080
	5792 6112
	4960 6112
4
	6272 6080
	8192 6080
	8192 6112
	6272 6112
4
	0 6112
	1824 6112
	1824 6144
	0 6144
4
	3840 6112
	3968 6112
	3968 6144
	3840 6144
4
	4512 6112
	4576 6112
	4576 6144
	4512 6144
4
	4928 6112
	5792 6112
	5792 6144
	4928 6144
4
	5856 6112
	5920 6112
	5920 6144
	5856 6144
4
	6240 6112
	8192 6112
	8192 6144
	6240 6144
4
	0 6144
	1824 6144
	1824 6176
	0 6176
4
	3904 6144
	3936 6144
	3936 6176
	3904 6176
4
	4512 6144
	4576 6144
	4576 6176
	4512 6176
4
	4928 6144
	5952 6144
	5952 6176
	4928 6176
4
	6176 6144
	8192 6144
	8192 6176
	6176 6176
4
	0 6176
	1792 6176
	1792 6208
	0 6208
4
	2400 6176
	2464 6176
	2464 6208
	2400 6208
4
	4800 6176
	4864 6176
	4864 6208
	4800 6208
4
	4960 6176
	5952 6176
	5952 6208
	4960 6208
4
	6144 6176
	8192 6176
	8192 6208
	6144 6208
4
	0 6208
	1792 6208
	1792 6240
	0 6240
4
	2368 6208
	2464 6208
	2464 6240
	2368 6240
4
	4768 6208
	4896 6208
	4896 6240
	4768 6240
4
	4992 6208
	8192 6208
	8192 6240
	4992 6240
4
	0 6240
	1792 6240
	1792 6272
	0 6272
4
	4768 6240
	4896 6240
	4896 6272
	4768 6272
4
	5024 6240
	8192 6240
	8192 6272
	5024 6272
4
	0 6272
	1760 6272
	1760 6304
	0 6304
4
	2112 6272
	2208 6272
	2208 6304
	2112 6304
4
	4800 6272
	4864 6272
	4864 6304
	4800 6304
4
	5024 6272
	8192 6272
	8192 6304
	5024 6304
4
	0 6304
	1824 6304
	1824 6336
	0 6336
4
	1856 6304
	1920 6304
	1920 6336
	1856 6336
4
	2112 6304
	2208 6304
	2208 6336
	2112 6336
4
	5024 6304
	8192 6304
	8192 6336
	5024 6336
4
	0 6336
	2016 6336
	2016 6368
	0 6368
4
	5024 6336
	8192 6336
	8192 6368
	5024 6368
4
	0 6368
	2048 6368
	2048 6400
	0 6400
4
	3360 6368
	3488 6368
	3488 6400
	3360 6400
4
	3552 6368
	3712 6368
	3712 6400
	3552 6400
4
	5024 6368
	8192 6368
	8192 6400
	5024 6400
4
	0 6400
	2144 6400
	2144 6432
	0 6432
4
	3232 6400
	3712 6400
	3712 6432
	3232 6432
4
	5024 6400
	8192 6400
	8192 6432
	5024 6432
4
	0 6432
	2176 6432
	2176 6464
	0 6464
4
	3136 6432
	3744 6432
	3744 6464
	3136 6464
4
	4960 6432
	8192 6432
	8192 6464
	4960 6464
4
	0 6464
	2208 6464
	2208 6496
	0 6496
4
	3136 6464
	3744 6464
	3744 6496
	3136 6496
4
	4960 6464
	8192 6464
	8192 6496
	4960 6496
4
	0 6496
	2208 6496
	2208 6528
	0 6528
4
	2368 6496
	2400 6496
	2400 6528
	2368 6528
4
	3136 6496
	3648 6496
	3648 6528
	3136 6528
4
	4960 6496
	8192 6496
	8192 6528
	4960 6528
4
	0 6528
	2176 6528
	2176 6560
	0 6560
4
	2336 6528
	2464 6528
	2464 6560
	2336 6560
4
	3168 6528
	3552 6528
	3552 6560
	3168 6560
4
	4928 6528
	8192 6528
	8192 6560
	4928 6560
4
	0 6560
	2240 6560
	2240 6592
	0 6592
4
	2336 6560
	2464 6560
	2464 6592
	2336 6592
4
	3168 6560
	3552 6560
	3552 6592
	3168 6592
4
	4736 6560
	4768 6560
	4768 6592
	4736 6592
4
	4928 6560
	8192 6560
	8192 6592
	4928 6592
4
	0 6592
	2240 6592
	2240 6624
	0 6624
4
	2336 6592
	2464 6592
	2464 6624
	2336 6624
4
	3168 6592
	3456 6592
	3456 6624
	3168 6624
4
	3904 6592
	4064 6592
	4064 6624
	3904 6624
4
	4703 6623
	4705 6623
	4705 6625
	4703 6625
4
	4704 6592
	4768 6592
	4768 6624
	4704 6624
4
	4896 6592
	8192 6592
	8192 6624
	4896 6624
4
	0 6624
	2176 6624
	2176 6656
	0 6656
4
	2400 6624
	2432 6624
	2432 6656
	2400 6656
4
	3168 6624
	3328 6624
	3328 6656
	3168 6656
4
	3904 6624
	4064 6624
	4064 6656
	3904 6656
4
	4672 6624
	4704 6624
	4704 6656
	4672 6656
4
	4864 6624
	8192 6624
	8192 6656
	4864 6656
4
	0 6656
	2176 6656
	2176 6688
	0 6688
4
	3744 6656
	3840 6656
	3840 6688
	3744 6688
4
	3904 6656
	4064 6656
	4064 6688
	3904 6688
4
	4224 6656
	4288 6656
	4288 6688
	4224 6688
4
	4736 6656
	8192 6656
	8192 6688
	4736 6688
4
	0 6688
	2208 6688
	2208 6720
	0 6720
4
	3776 6688
	3840 6688
	3840 6720
	3776 6720
4
	3904 6688
	4064 6688
	4064 6720
	3904 6720
4
	4224 6688
	4288 6688
	4288 6720
	4224 6720
4
	4544 6688
	4576 6688
	4576 6720
	4544 6720
4
	4704 6688
	8192 6688
	8192 6720
	4704 6720
4
	0 6720
	2208 6720
	2208 6752
	0 6752
4
	3936 6720
	4032 6720
	4032 6752
	3936 6752
4
	4704 6720
	8192 6720
	8192 6752
	4704 6752
4
	0 6752
	2208 6752
	2208 6784
	0 6784
4
	4704 6752
	8192 6752
	8192 6784
	4704 6784
4
	0 6784
	2208 6784
	2208 6816
	0 6816
4
	4672 6784
	8192 6784
	8192 6816
	4672 6816
4
	0 6816
	2208 6816
	2208 6848
	0 6848
4
	3296 6816
	3328 6816
	3328 6848
	3296 6848
4
	4608 6816
	8192 6816
	8192 6848
	4608 6848
4
	0 6848
	2208 6848
	2208 6880
	0 6880
4
	3264 6848
	3360 6848
	3360 6880
	3264 6880
4
	4576 6848
	8192 6848
	8192 6880
	4576 6880
4
	0 6880
	2240 6880
	2240 6912
	0 6912
4
	3264 6880
	3360 6880
	3360 6912
	3264 6912
4
	4480 6880
	8192 6880
	8192 6912
	4480 6912
4
	0 6912
	2208 6912
	2208 6944
	0 6944
4
	3264 6912
	3360 6912
	3360 6944
	3264 6944
4
	4416 6912
	8192 6912
	8192 6944
	4416 6944
4
	0 6944
	2208 6944
	2208 6976
	0 6976
4
	3520 6944
	3584 6944
	3584 6976
	3520 6976
4
	4384 6944
	8192 6944
	8192 6976
	4384 6976
4
	0 6976
	2208 6976
	2208 7008
	0 7008
4
	3520 6976
	3584 6976
	3584 7008
	3520 7008
4
	4384 6976
	8192 6976
	8192 7008
	4384 7008
4
	0 7008
	2176 7008
	2176 7040
	0 7040
4
	4352 7008
	8192 7008
	8192 7040
	4352 7040
4
	0 7040
	2144 7040
	2144 7072
	0 7072
4
	3296 7040
	3392 7040
	3392 7072
	3296 7072
4
	4352 7040
	8192 7040
	8192 7072
	4352 7072
4
	0 7072
	2144 7072
	2144 7104
	0 7104
4
	3296 7072
	3424 7072
	3424 7104
	3296 7104
4
	4320 7072
	8192 7072
	8192 7104
	4320 7104
4
	0 7104
	2112 7104
	2112 7136
	0 7136
4
	2976 7104
	3104 7104
	3104 7136
	2976 7136
4
	3296 7104
	3424 7104
	3424 7136
	3296 7136
4
	4320 7104
	8192 7104
	8192 7136
	4320 7136
4
	0 7136
	2112 7136
	2112 7168
	0 7168
4
	2944 7136
	3104 7136
	3104 7168
	2944 7168
4
	3328 7136
	3392 7136
	3392 7168
	3328 7168
4
	4320 7136
	8192 7136
	8192 7168
	4320 7168
4
	0 7168
	2080 7168
	2080 7200
	0 7200
4
	2944 7168
	3104 7168
	3104 7200
	2944 7200
4
	4288 7168
	8192 7168
	8192 7200
	4288 7200
4
	0 7200
	2048 7200
	2048 7232
	0 7232
4
	2944 7200
	3104 7200
	3104 7232
	2944 7232
4
	4288 7200
	8192 7200
	8192 7232
	4288 7232
4
	0 7232
	2016 7232
	2016 7264
	0 7264
4
	2976 7232
	3104 7232
	3104 7264
	2976 7264
4
	4288 7232
	8192 7232
	8192 7264
	4288 7264
4
	0 7264
	1952 7264
	1952 7296
	0 7296
4
	4288 7264
	8192 7264
	8192 7296
	4288 7296
4
	0 7296
	1920 7296
	1920 7328
	0 7328
4
	4288 7296
	8192 7296
	8192 7328
	4288 7328
4
	0 7328
	1888 7328
	1888 7360
	0 7360
4
	2752 7328
	2816 7328
	2816 7360
	2752 7360
4
	4288 7328
	8192 7328
	8192 7360
	4288 7360
4
	0 7360
	1888 7360
	1888 7392
	0 7392
4
	2752 7360
	2816 7360
	2816 7392
	2752 7392
4
	2944 7360
	3008 7360
	3008 7392
	2944 7392
4
	4288 7360
	8192 7360
	8192 7392
	4288 7392
4
	0 7392
	1920 7392
	1920 7424
	0 7424
4
	2752 7392
	2816 7392
	2816 7424
	2752 7424
4
	2944 7392
	3008 7392
	3008 7424
	2944 7424
4
	3584 7392
	3680 7392
	3680 7424
	3584 7424
4
	4288 7392
	8192 7392
	8192 7424
	4288 7424
4
	0 7424
	1920 7424
	1920 7456
	0 7456
4
	3584 7424
	3680 7424
	3680 7456
	3584 7456
4
	3872 7424
	3936 7424
	3936 7456
	3872 7456
4
	4288 7424
	8192 7424
	8192 7456
	4288 7456
4
	0 7456
	1952 7456
	1952 7488
	0 7488
4
	3584 7456
	3680 7456
	3680 7488
	3584 7488
4
	3872 7456
	3936 7456
	3936 7488
	3872 7488
4
	4288 7456
	8192 7456
	8192 7488
	4288 7488
4
	0 7488
	1984 7488
	1984 7520
	0 7520
4
	3872 7488
	3936 7488
	3936 7520
	3872 7520
4
	4256 7488
	8192 7488
	8192 7520
	4256 7520
4
	0 7520
	1984 7520
	1984 7552
	0 7552
4
	4256 7520
	8192 7520
	8192 7552
	4256 7552
4
	0 7552
	2016 7552
	2016 7584
	0 7584
4
	4256 7552
	8192 7552
	8192 7584
	4256 7584
4
	0 7584
	2016 7584
	2016 7616
	0 7616
4
	4256 7584
	8192 7584
	8192 7616
	4256 7616
4
	0 7616
	2048 7616
	2048 7648
	0 7648
4
	4256 7616
	8192 7616
	8192 7648
	4256 7648
4
	0 7648
	2080 7648
	2080 7680
	0 7680
4
	4160 7648
	8192 7648
	8192 7680
	4160 7680
4
	0 7680
	2080 7680
	2080 7712
	0 7712
4
	4064 7680
	8192 7680
	8192 7712
	4064 7712
4
	0 7712
	2112 7712
	2112 7744
	0 7744
4
	4032 7712
	8192 7712
	8192 7744
	4032 7744
4
	0 7744
	2144 7744
	2144 7776
	0 7776
4
	4000 7744
	8192 7744
	8192 7776
	4000 7776
4
	0 7776
	2272 7776
	2272 7808
	0 7808
4
	3968 7776
	8192 7776
	8192 7808
	3968 7808
4
	0 7808
	2272 7808
	2272 7840
	0 7840
4
	3936 7808
	8192 7808
	8192 7840
	3936 7840
4
	0 7840
	2304 7840
	2304 7872
	0 7872
4
	3904 7840
	8192 7840
	8192 7872
	3904 7872
4
	0 7872
	2336 7872
	2336 7904
	0 7904
4
	3872 7872
	8192 7872
	8192 7904
	3872 7904
4
	0 7904
	2400 7904
	2400 7936
	0 7936
4
	3840 7904
	8192 7904
	8192 7936
	3840 7936
4
	0 7936
	2624 7936
	2624 7968
	0 7968
4
	3808 7936
	8192 7936
	8192 7968
	3808 7968
4
	0 7968
	2656 7968
	2656 8000
	0 8000
4
	3776 7968
	8192 7968
	8192 8000
	3776 8000
4
	0 8000
	2688 8000
	2688 8032
	0 8032
4
	3744 8000
	8192 8000
	8192 8032
	3744 8032
4
	0 8032
	2688 8032
	2688 8064
	0 8064
4
	3680 8032
	8192 8032
	8192 8064
	3680 8064
4
	0 8064
	2720 8064
	2720 8096
	0 8096
4
	3648 8064
	8192 8064
	8192 8096
	3648 8096
4
	0 8096
	2784 8096
	2784 8128
	0 8128
4
	2976 8096
	3200 8096
	3200 8128
	2976 8128
4
	3584 8096
	8192 8096
	8192 8128
	3584 8128
4
	0 8128
	3328 8128
	3328 8160
	0 8160
4
	3424 8128
	8192 8128
	8192 8160
	3424 8160
4
	0 8160
	8192 8160
	8192 8192
	0 8192
4
	-32 -32
	8224 -32
	8224 0
	-32 0
4
	-32 8192
	8224 8192
	8224 8224
	-32 8224
4
	-32 0
	0 0
	0 8192
	-32 8192
4
	8192 0
	8224 0
	8224 8192
	8192 8192
