146
4
	416 416
	576 416
	576 448
	416 448
4
	416 448
	576 448
	576 480
	416 480
4
	384 480
	1184 480
	1184 512
	384 512
4
	4416 480
	5216 480
	5216 512
	4416 512
4
	384 512
	1184 512
	1184 544
	384 544
4
	4416 512
	5216 512
	5216 544
	4416 544
4
	384 544
	1184 544
	1184 576
	384 576
4
	4416 544
	5216 544
	5216 576
	4416 576
4
	384 576
	1184 576
	1184 608
	384 608
4
	4416 576
	5216 576
	5216 608
	4416 608
4
	384 608
	1184 608
	1184 640
	384 640
4
	4416 608
	5216 608
	5216 640
	4416 640
4
	384 640
	1184 640
	1184 672
	384 672
4
	4416 640
	5216 640
	5216 672
	4416 672
4
	416 672
	576 672
	576 704
	416 704
4
	5024 672
	5184 672
	5184 704
	5024 704
4
	416 704
	576 704
	576 736
	416 736
4
	5024 704
	5184 704
	5184 736
	5024 736
4
	416 736
	576 736
	576 768
	416 768
4
	5024 736
	5184 736
	5184 768
	5024 768
4
	416 768
	576 768
	576 800
	416 800
4
	5024 768
	5184 768
	5184 800
	5024 800
4
	416 800
	576 800
	576 832
	416 832
4
	5024 800
	5184 800
	5184 832
	5024 832
4
	416 832
	576 832
	576 864
	416 864
4
	5024 832
	5184 832
	5184 864
	5024 864
4
	416 864
	576 864
	576 896
	416 896
4
	5024 864
	5184 864
	5184 896
	5024 896
4
	416 896
	576 896
	576 928
	416 928
4
	5024 896
	5184 896
	5184 928
	5024 928
4
	416 928
	576 928
	576 960
	416 960
4
	5024 928
	5184 928
	5184 960
	5024 960
4
	416 960
	576 960
	576 992
	416 992
4
	5024 960
	5184 960
	5184 992
	5024 992
4
	416 992
	576 992
	576 1024
	416 1024
4
	5024 992
	5184 992
	5184 1024
	5024 1024
4
	416 1024
	576 1024
	576 1056
	416 1056
4
	5024 1024
	5184 1024
	5184 1056
	5024 1056
4
	416 1056
	576 1056
	576 1088
	416 1088
4
	5024 1056
	5184 1056
	5184 1088
	5024 1088
4
	416 1088
	576 1088
	576 1120
	416 1120
4
	5024 1088
	5184 1088
	5184 1120
	5024 1120
4
	416 1120
	576 1120
	576 1152
	416 1152
4
	5024 1120
	5184 1120
	5184 1152
	5024 1152
4
	416 1152
	576 1152
	576 1184
	416 1184
4
	5024 1152
	5184 1152
	5184 1184
	5024 1184
4
	5024 1184
	5184 1184
	5184 1216
	5024 1216
4
	5024 1216
	5184 1216
	5184 1248
	5024 1248
4
	2720 4384
	2880 4384
	2880 4416
	2720 4416
4
	2720 4416
	2880 4416
	2880 4448
	2720 4448
4
	2720 4448
	2880 4448
	2880 4480
	2720 4480
4
	2720 4480
	2880 4480
	2880 4512
	2720 4512
4
	2720 4512
	2880 4512
	2880 4544
	2720 4544
4
	2720 4544
	2880 4544
	2880 4576
	2720 4576
4
	2720 4576
	2880 4576
	2880 4608
	2720 4608
4
	2720 4608
	2880 4608
	2880 4640
	2720 4640
4
	2720 4640
	2880 4640
	2880 4672
	2720 4672
4
	2720 4672
	2880 4672
	2880 4704
	2720 4704
4
	2720 4704
	2880 4704
	2880 4736
	2720 4736
4
	2720 4736
	2880 4736
	2880 4768
	2720 4768
4
	2720 4768
	2880 4768
	2880 4800
	2720 4800
4
	2720 4800
	2880 4800
	2880 4832
	2720 4832
4
	2720 4832
	2880 4832
	2880 4864
	2720 4864
4
	2720 4864
	2880 4864
	2880 4896
	2720 4896
4
	2720 4896
	2880 4896
	2880 4928
	2720 4928
4
	2720 4928
	2880 4928
	2880 4960
	2720 4960
4
	2720 4960
	2880 4960
	2880 4992
	2720 4992
4
	5024 4960
	5184 4960
	5184 4992
	5024 4992
4
	2720 4992
	2880 4992
	2880 5024
	2720 5024
4
	5024 4992
	5184 4992
	5184 5024
	5024 5024
4
	416 5024
	576 5024
	576 5056
	416 5056
4
	2720 5024
	2880 5024
	2880 5056
	2720 5056
4
	5024 5024
	5184 5024
	5184 5056
	5024 5056
4
	416 5056
	576 5056
	576 5088
	416 5088
4
	2720 5056
	2880 5056
	2880 5088
	2720 5088
4
	5024 5056
	5184 5056
	5184 5088
	5024 5088
4
	416 5088
	576 5088
	576 5120
	416 5120
4
	2720 5088
	2880 5088
	2880 5120
	2720 5120
4
	5024 5088
	5184 5088
	5184 5120
	5024 5120
4
	416 5120
	576 5120
	576 5152
	416 5152
4
	2720 5120
	2880 5120
	2880 5152
	2720 5152
4
	5024 5120
	5184 5120
	5184 5152
	5024 5152
4
	416 5152
	576 5152
	576 5184
	416 5184
4
	2720 5152
	2880 5152
	2880 5184
	2720 5184
4
	5024 5152
	5184 5152
	5184 5184
	5024 5184
4
	416 5184
	576 5184
	576 5216
	416 5216
4
	2720 5184
	2880 5184
	2880 5216
	2720 5216
4
	5024 5184
	5184 5184
	5184 5216
	5024 5216
4
	416 5216
	576 5216
	576 5248
	416 5248
4
	2720 5216
	2880 5216
	2880 5248
	2720 5248
4
	5024 5216
	5184 5216
	5184 5248
	5024 5248
4
	416 5248
	576 5248
	576 5280
	416 5280
4
	2720 5248
	2880 5248
	2880 5280
	2720 5280
4
	5024 5248
	5184 5248
	5184 5280
	5024 5280
4
	416 5280
	576 5280
	576 5312
	416 5312
4
	2720 5280
	2880 5280
	2880 5312
	2720 5312
4
	5024 5280
	5184 5280
	5184 5312
	5024 5312
4
	416 5312
	576 5312
	576 5344
	416 5344
4
	2720 5312
	2880 5312
	2880 5344
	2720 5344
4
	5024 5312
	5184 5312
	5184 5344
	5024 5344
4
	416 5344
	576 5344
	576 5376
	416 5376
4
	2720 5344
	2880 5344
	2880 5376
	2720 5376
4
	5024 5344
	5184 5344
	5184 5376
	5024 5376
4
	416 5376
	576 5376
	576 5408
	416 5408
4
	2720 5376
	2880 5376
	2880 5408
	2720 5408
4
	5024 5376
	5184 5376
	5184 5408
	5024 5408
4
	416 5408
	576 5408
	576 5440
	416 5440
4
	2720 5408
	2880 5408
	2880 5440
	2720 5440
4
	5024 5408
	5184 5408
	5184 5440
	5024 5440
4
	416 5440
	576 5440
	576 5472
	416 5472
4
	2720 5440
	2880 5440
	2880 5472
	2720 5472
4
	5024 5440
	5184 5440
	5184 5472
	5024 5472
4
	416 5472
	576 5472
	576 5504
	416 5504
4
	2720 5472
	2880 5472
	2880 5504
	2720 5504
4
	5024 5472
	5184 5472
	5184 5504
	5024 5504
4
	416 5504
	576 5504
	576 5536
	416 5536
4
	2720 5504
	2880 5504
	2880 5536
	2720 5536
4
	5024 5504
	5184 5504
	5184 5536
	5024 5536
4
	416 5536
	576 5536
	576 5568
	416 5568
4
	2720 5536
	2880 5536
	2880 5568
	2720 5568
4
	5024 5536
	5184 5536
	5184 5568
	5024 5568
4
	416 5568
	576 5568
	576 5600
	416 5600
4
	2720 5568
	2880 5568
	2880 5600
	2720 5600
4
	5024 5568
	5184 5568
	5184 5600
	5024 5600
4
	384 5600
	1184 5600
	1184 5632
	384 5632
4
	2720 5600
	2880 5600
	2880 5632
	2720 5632
4
	4352 5600
	5184 5600
	5184 5632
	4352 5632
4
	384 5632
	1184 5632
	1184 5664
	384 5664
4
	2720 5632
	2880 5632
	2880 5664
	2720 5664
4
	4352 5632
	5184 5632
	5184 5664
	4352 5664
4
	384 5664
	1184 5664
	1184 5696
	384 5696
4
	2720 5664
	2880 5664
	2880 5696
	2720 5696
4
	4352 5664
	5184 5664
	5184 5696
	4352 5696
4
	384 5696
	1184 5696
	1184 5728
	384 5728
4
	2720 5696
	2880 5696
	2880 5728
	2720 5728
4
	4352 5696
	5184 5696
	5184 5728
	4352 5728
4
	384 5728
	1184 5728
	1184 5760
	384 5760
4
	2720 5728
	2880 5728
	2880 5760
	2720 5760
4
	4352 5728
	5152 5728
	5152 5760
	4352 5760
4
	384 5760
	1184 5760
	1184 5792
	384 5792
4
	2720 5760
	2880 5760
	2880 5792
	2720 5792
4
	4352 5760
	5152 5760
	5152 5792
	4352 5792
4
	-32 -32
	5696 -32
	5696 0
	-32 0
4
	-32 6176
	5696 6176
	5696 6208
	-32 6208
4
	-32 0
	0 0
	0 6176
	-32 6176
4
	5664 0
	5696 0
	5696 6176
	5664 6176
