1540
4
	0 0
	992 0
	992 32
	0 32
4
	1088 0
	7712 0
	7712 32
	1088 32
4
	0 32
	992 32
	992 64
	0 64
4
	1088 32
	7712 32
	7712 64
	1088 64
4
	0 64
	992 64
	992 96
	0 96
4
	1120 64
	2624 64
	2624 96
	1120 96
4
	2688 64
	2912 64
	2912 96
	2688 96
4
	3040 64
	3232 64
	3232 96
	3040 96
4
	3296 64
	7712 64
	7712 96
	3296 96
4
	0 96
	992 96
	992 128
	0 128
4
	1088 96
	2624 96
	2624 128
	1088 128
4
	2816 96
	2944 96
	2944 128
	2816 128
4
	3104 96
	3232 96
	3232 128
	3104 128
4
	3392 96
	7712 96
	7712 128
	3392 128
4
	0 128
	960 128
	960 160
	0 160
4
	1088 128
	2624 128
	2624 160
	1088 160
4
	2816 128
	2912 128
	2912 160
	2816 160
4
	3104 128
	3168 128
	3168 160
	3104 160
4
	3392 128
	7712 128
	7712 160
	3392 160
4
	0 160
	928 160
	928 192
	0 192
4
	1088 160
	2624 160
	2624 192
	1088 192
4
	3488 160
	7712 160
	7712 192
	3488 192
4
	0 192
	960 192
	960 224
	0 224
4
	1088 192
	2656 192
	2656 224
	1088 224
4
	3488 192
	7712 192
	7712 224
	3488 224
4
	0 224
	960 224
	960 256
	0 256
4
	1088 224
	2656 224
	2656 256
	1088 256
4
	3520 224
	7712 224
	7712 256
	3520 256
4
	0 256
	928 256
	928 288
	0 288
4
	1088 256
	2656 256
	2656 288
	1088 288
4
	3520 256
	7712 256
	7712 288
	3520 288
4
	0 288
	896 288
	896 320
	0 320
4
	1088 288
	2656 288
	2656 320
	1088 320
4
	3520 288
	7712 288
	7712 320
	3520 320
4
	0 320
	896 320
	896 352
	0 352
4
	1120 320
	2624 320
	2624 352
	1120 352
4
	3456 320
	7712 320
	7712 352
	3456 352
4
	0 352
	896 352
	896 384
	0 384
4
	1120 352
	2624 352
	2624 384
	1120 384
4
	3392 352
	7712 352
	7712 384
	3392 384
4
	0 384
	896 384
	896 416
	0 416
4
	1120 384
	2624 384
	2624 416
	1120 416
4
	3392 384
	7712 384
	7712 416
	3392 416
4
	0 416
	896 416
	896 448
	0 448
4
	1120 416
	2624 416
	2624 448
	1120 448
4
	2944 416
	3040 416
	3040 448
	2944 448
4
	3104 416
	3328 416
	3328 448
	3104 448
4
	3360 416
	7712 416
	7712 448
	3360 448
4
	0 448
	832 448
	832 480
	0 480
4
	1120 448
	2624 448
	2624 480
	1120 480
4
	2912 448
	7712 448
	7712 480
	2912 480
4
	0 480
	992 480
	992 512
	0 512
4
	1088 480
	2784 480
	2784 512
	1088 512
4
	2880 480
	7712 480
	7712 512
	2880 512
4
	0 512
	992 512
	992 544
	0 544
4
	1088 512
	2784 512
	2784 544
	1088 544
4
	2880 512
	7712 512
	7712 544
	2880 544
4
	0 544
	992 544
	992 576
	0 576
4
	1088 544
	2784 544
	2784 576
	1088 576
4
	2880 544
	7712 544
	7712 576
	2880 576
4
	0 576
	960 576
	960 608
	0 608
4
	1248 576
	1696 576
	1696 608
	1248 608
4
	1760 576
	2624 576
	2624 608
	1760 608
4
	2912 576
	7712 576
	7712 608
	2912 608
4
	0 608
	960 608
	960 640
	0 640
4
	1312 608
	1696 608
	1696 640
	1312 640
4
	1856 608
	2272 608
	2272 640
	1856 640
4
	2336 608
	2560 608
	2560 640
	2336 640
4
	2912 608
	7712 608
	7712 640
	2912 640
4
	0 640
	832 640
	832 672
	0 672
4
	1440 640
	1696 640
	1696 672
	1440 672
4
	2912 640
	7712 640
	7712 672
	2912 672
4
	0 672
	832 672
	832 704
	0 704
4
	1472 672
	1696 672
	1696 704
	1472 704
4
	2912 672
	7712 672
	7712 704
	2912 704
4
	0 704
	864 704
	864 736
	0 736
4
	1472 704
	1696 704
	1696 736
	1472 736
4
	2912 704
	7712 704
	7712 736
	2912 736
4
	0 736
	864 736
	864 768
	0 768
4
	1472 736
	1696 736
	1696 768
	1472 768
4
	1920 736
	2624 736
	2624 768
	1920 768
4
	3008 736
	7712 736
	7712 768
	3008 768
4
	0 768
	864 768
	864 800
	0 800
4
	1472 768
	1696 768
	1696 800
	1472 800
4
	1856 768
	2624 768
	2624 800
	1856 800
4
	3008 768
	7712 768
	7712 800
	3008 800
4
	0 800
	864 800
	864 832
	0 832
4
	1472 800
	1696 800
	1696 832
	1472 832
4
	1856 800
	2624 800
	2624 832
	1856 832
4
	2912 800
	7712 800
	7712 832
	2912 832
4
	0 832
	832 832
	832 864
	0 864
4
	1504 832
	1696 832
	1696 864
	1504 864
4
	1824 832
	2624 832
	2624 864
	1824 864
4
	2912 832
	7712 832
	7712 864
	2912 864
4
	0 864
	832 864
	832 896
	0 896
4
	1504 864
	1696 864
	1696 896
	1504 896
4
	1824 864
	2624 864
	2624 896
	1824 896
4
	2912 864
	7712 864
	7712 896
	2912 896
4
	0 896
	832 896
	832 928
	0 928
4
	1504 896
	1696 896
	1696 928
	1504 928
4
	1888 896
	2080 896
	2080 928
	1888 928
4
	2912 896
	7712 896
	7712 928
	2912 928
4
	0 928
	832 928
	832 960
	0 960
4
	1504 928
	1696 928
	1696 960
	1504 960
4
	1888 928
	2080 928
	2080 960
	1888 960
4
	3008 928
	7712 928
	7712 960
	3008 960
4
	0 960
	864 960
	864 992
	0 992
4
	1504 960
	1600 960
	1600 992
	1504 992
4
	1632 960
	1696 960
	1696 992
	1632 992
4
	1952 960
	2080 960
	2080 992
	1952 992
4
	2368 960
	2464 960
	2464 992
	2368 992
4
	2880 960
	7712 960
	7712 992
	2880 992
4
	0 992
	864 992
	864 1024
	0 1024
4
	1952 992
	2080 992
	2080 1024
	1952 1024
4
	2208 992
	2464 992
	2464 1024
	2208 1024
4
	2880 992
	7712 992
	7712 1024
	2880 1024
4
	0 1024
	864 1024
	864 1056
	0 1056
4
	1952 1024
	2080 1024
	2080 1056
	1952 1056
4
	2208 1024
	2464 1024
	2464 1056
	2208 1056
4
	2848 1024
	7712 1024
	7712 1056
	2848 1056
4
	0 1056
	864 1056
	864 1088
	0 1088
4
	1952 1056
	2080 1056
	2080 1088
	1952 1088
4
	2208 1056
	2464 1056
	2464 1088
	2208 1088
4
	2880 1056
	7712 1056
	7712 1088
	2880 1088
4
	0 1088
	832 1088
	832 1120
	0 1120
4
	1504 1088
	1600 1088
	1600 1120
	1504 1120
4
	2272 1088
	2368 1088
	2368 1120
	2272 1120
4
	2880 1088
	7712 1088
	7712 1120
	2880 1120
4
	0 1120
	832 1120
	832 1152
	0 1152
4
	1504 1120
	1600 1120
	1600 1152
	1504 1152
4
	2272 1120
	2336 1120
	2336 1152
	2272 1152
4
	3008 1120
	7712 1120
	7712 1152
	3008 1152
4
	0 1152
	832 1152
	832 1184
	0 1184
4
	1504 1152
	1600 1152
	1600 1184
	1504 1184
4
	2912 1152
	7712 1152
	7712 1184
	2912 1184
4
	0 1184
	832 1184
	832 1216
	0 1216
4
	1504 1184
	1600 1184
	1600 1216
	1504 1216
4
	2912 1184
	7712 1184
	7712 1216
	2912 1216
4
	0 1216
	864 1216
	864 1248
	0 1248
4
	1472 1216
	1632 1216
	1632 1248
	1472 1248
4
	2912 1216
	7712 1216
	7712 1248
	2912 1248
4
	0 1248
	864 1248
	864 1280
	0 1280
4
	1312 1248
	1376 1248
	1376 1280
	1312 1280
4
	1472 1248
	1632 1248
	1632 1280
	1472 1280
4
	2912 1248
	7712 1248
	7712 1280
	2912 1280
4
	0 1280
	864 1280
	864 1312
	0 1312
4
	1280 1280
	1440 1280
	1440 1312
	1280 1312
4
	1472 1280
	1632 1280
	1632 1312
	1472 1312
4
	3008 1280
	7712 1280
	7712 1312
	3008 1312
4
	0 1312
	864 1312
	864 1344
	0 1344
4
	1248 1312
	1440 1312
	1440 1344
	1248 1344
4
	1472 1312
	1664 1312
	1664 1344
	1472 1344
4
	3008 1312
	7712 1312
	7712 1344
	3008 1344
4
	0 1344
	832 1344
	832 1376
	0 1376
4
	1216 1344
	1664 1344
	1664 1376
	1216 1376
4
	2912 1344
	7712 1344
	7712 1376
	2912 1376
4
	0 1376
	832 1376
	832 1408
	0 1408
4
	1216 1376
	1664 1376
	1664 1408
	1216 1408
4
	1824 1376
	1920 1376
	1920 1408
	1824 1408
4
	2176 1376
	2272 1376
	2272 1408
	2176 1408
4
	2912 1376
	7712 1376
	7712 1408
	2912 1408
4
	0 1408
	832 1408
	832 1440
	0 1440
4
	1248 1408
	1664 1408
	1664 1440
	1248 1440
4
	1824 1408
	1920 1408
	1920 1440
	1824 1440
4
	2176 1408
	2272 1408
	2272 1440
	2176 1440
4
	2368 1408
	2496 1408
	2496 1440
	2368 1440
4
	2912 1408
	7712 1408
	7712 1440
	2912 1440
4
	0 1440
	832 1440
	832 1472
	0 1472
4
	1120 1440
	2016 1440
	2016 1472
	1120 1472
4
	2080 1440
	2496 1440
	2496 1472
	2080 1472
4
	2656 1440
	2720 1440
	2720 1472
	2656 1472
4
	2784 1440
	2880 1440
	2880 1472
	2784 1472
4
	2912 1440
	7712 1440
	7712 1472
	2912 1472
4
	0 1472
	2496 1472
	2496 1504
	0 1504
4
	2656 1472
	2720 1472
	2720 1504
	2656 1504
4
	2784 1472
	7712 1472
	7712 1504
	2784 1504
4
	0 1504
	2528 1504
	2528 1536
	0 1536
4
	2624 1504
	7712 1504
	7712 1536
	2624 1536
4
	0 1536
	2528 1536
	2528 1568
	0 1568
4
	2624 1536
	7712 1536
	7712 1568
	2624 1568
4
	0 1568
	2528 1568
	2528 1600
	0 1600
4
	2624 1568
	7712 1568
	7712 1600
	2624 1600
4
	0 1600
	1600 1600
	1600 1632
	0 1632
4
	1760 1600
	1856 1600
	1856 1632
	1760 1632
4
	2016 1600
	2112 1600
	2112 1632
	2016 1632
4
	2272 1600
	2368 1600
	2368 1632
	2272 1632
4
	2784 1600
	7712 1600
	7712 1632
	2784 1632
4
	0 1632
	1600 1632
	1600 1664
	0 1664
4
	1760 1632
	1856 1632
	1856 1664
	1760 1664
4
	2272 1632
	2368 1632
	2368 1664
	2272 1664
4
	2784 1632
	7712 1632
	7712 1664
	2784 1664
4
	0 1664
	1120 1664
	1120 1696
	0 1696
4
	1216 1664
	1280 1664
	1280 1696
	1216 1696
4
	1312 1664
	1600 1664
	1600 1696
	1312 1696
4
	2784 1664
	7712 1664
	7712 1696
	2784 1696
4
	0 1696
	1120 1696
	1120 1728
	0 1728
4
	1344 1696
	1600 1696
	1600 1728
	1344 1728
4
	2784 1696
	2880 1696
	2880 1728
	2784 1728
4
	3296 1696
	7712 1696
	7712 1728
	3296 1728
4
	0 1728
	1120 1728
	1120 1760
	0 1760
4
	1376 1728
	1600 1728
	1600 1760
	1376 1760
4
	3296 1728
	7712 1728
	7712 1760
	3296 1760
4
	0 1760
	1152 1760
	1152 1792
	0 1792
4
	1376 1760
	1632 1760
	1632 1792
	1376 1792
4
	3232 1760
	7712 1760
	7712 1792
	3232 1792
4
	0 1792
	1152 1792
	1152 1824
	0 1824
4
	1408 1792
	1632 1792
	1632 1824
	1408 1824
4
	3232 1792
	7712 1792
	7712 1824
	3232 1824
4
	0 1824
	1088 1824
	1088 1856
	0 1856
4
	1440 1824
	1632 1824
	1632 1856
	1440 1856
4
	3232 1824
	7712 1824
	7712 1856
	3232 1856
4
	0 1856
	1120 1856
	1120 1888
	0 1888
4
	1472 1856
	1600 1856
	1600 1888
	1472 1888
4
	1888 1856
	2048 1856
	2048 1888
	1888 1888
4
	2304 1856
	2464 1856
	2464 1888
	2304 1888
4
	2752 1856
	2944 1856
	2944 1888
	2752 1888
4
	3232 1856
	7712 1856
	7712 1888
	3232 1888
4
	0 1888
	1120 1888
	1120 1920
	0 1920
4
	1472 1888
	1600 1888
	1600 1920
	1472 1920
4
	1888 1888
	2048 1888
	2048 1920
	1888 1920
4
	2304 1888
	2464 1888
	2464 1920
	2304 1920
4
	2752 1888
	2944 1888
	2944 1920
	2752 1920
4
	3232 1888
	7712 1888
	7712 1920
	3232 1920
4
	0 1920
	1120 1920
	1120 1952
	0 1952
4
	1472 1920
	1600 1920
	1600 1952
	1472 1952
4
	1824 1920
	2080 1920
	2080 1952
	1824 1952
4
	2272 1920
	2528 1920
	2528 1952
	2272 1952
4
	2720 1920
	2976 1920
	2976 1952
	2720 1952
4
	3232 1920
	7712 1920
	7712 1952
	3232 1952
4
	0 1952
	1120 1952
	1120 1984
	0 1984
4
	1472 1952
	1600 1952
	1600 1984
	1472 1984
4
	1824 1952
	2080 1952
	2080 1984
	1824 1984
4
	2272 1952
	2528 1952
	2528 1984
	2272 1984
4
	2720 1952
	2976 1952
	2976 1984
	2720 1984
4
	3232 1952
	7712 1952
	7712 1984
	3232 1984
4
	0 1984
	1152 1984
	1152 2016
	0 2016
4
	1472 1984
	1600 1984
	1600 2016
	1472 2016
4
	1824 1984
	2080 1984
	2080 2016
	1824 2016
4
	2272 1984
	2528 1984
	2528 2016
	2272 2016
4
	2720 1984
	2976 1984
	2976 2016
	2720 2016
4
	3232 1984
	7712 1984
	7712 2016
	3232 2016
4
	0 2016
	1152 2016
	1152 2048
	0 2048
4
	1472 2016
	1632 2016
	1632 2048
	1472 2048
4
	1824 2016
	2080 2016
	2080 2048
	1824 2048
4
	2272 2016
	2528 2016
	2528 2048
	2272 2048
4
	2720 2016
	2976 2016
	2976 2048
	2720 2048
4
	3232 2016
	7712 2016
	7712 2048
	3232 2048
4
	0 2048
	1152 2048
	1152 2080
	0 2080
4
	1472 2048
	1632 2048
	1632 2080
	1472 2080
4
	1888 2048
	2048 2048
	2048 2080
	1888 2080
4
	2304 2048
	2464 2048
	2464 2080
	2304 2080
4
	2752 2048
	2944 2048
	2944 2080
	2752 2080
4
	3232 2048
	7712 2048
	7712 2080
	3232 2080
4
	0 2080
	1120 2080
	1120 2112
	0 2112
4
	1472 2080
	1632 2080
	1632 2112
	1472 2112
4
	1888 2080
	2048 2080
	2048 2112
	1888 2112
4
	2304 2080
	2464 2080
	2464 2112
	2304 2112
4
	2752 2080
	2944 2080
	2944 2112
	2752 2112
4
	3232 2080
	7712 2080
	7712 2112
	3232 2112
4
	0 2112
	1120 2112
	1120 2144
	0 2144
4
	1504 2112
	1600 2112
	1600 2144
	1504 2144
4
	1888 2112
	2048 2112
	2048 2144
	1888 2144
4
	2304 2112
	2464 2112
	2464 2144
	2304 2144
4
	2752 2112
	2944 2112
	2944 2144
	2752 2144
4
	3232 2112
	7712 2112
	7712 2144
	3232 2144
4
	0 2144
	1120 2144
	1120 2176
	0 2176
4
	1504 2144
	1600 2144
	1600 2176
	1504 2176
4
	1824 2144
	2080 2144
	2080 2176
	1824 2176
4
	2272 2144
	2528 2144
	2528 2176
	2272 2176
4
	2720 2144
	2976 2144
	2976 2176
	2720 2176
4
	3232 2144
	7712 2144
	7712 2176
	3232 2176
4
	0 2176
	1120 2176
	1120 2208
	0 2208
4
	1504 2176
	1600 2176
	1600 2208
	1504 2208
4
	1824 2176
	2080 2176
	2080 2208
	1824 2208
4
	2272 2176
	2528 2176
	2528 2208
	2272 2208
4
	2720 2176
	2976 2176
	2976 2208
	2720 2208
4
	3232 2176
	7712 2176
	7712 2208
	3232 2208
4
	0 2208
	1120 2208
	1120 2240
	0 2240
4
	1504 2208
	1600 2208
	1600 2240
	1504 2240
4
	1824 2208
	2080 2208
	2080 2240
	1824 2240
4
	2272 2208
	2528 2208
	2528 2240
	2272 2240
4
	2720 2208
	2976 2208
	2976 2240
	2720 2240
4
	3232 2208
	7712 2208
	7712 2240
	3232 2240
4
	0 2240
	1120 2240
	1120 2272
	0 2272
4
	1504 2240
	1600 2240
	1600 2272
	1504 2272
4
	1824 2240
	2080 2240
	2080 2272
	1824 2272
4
	2272 2240
	2528 2240
	2528 2272
	2272 2272
4
	2720 2240
	2976 2240
	2976 2272
	2720 2272
4
	3232 2240
	7712 2240
	7712 2272
	3232 2272
4
	0 2272
	1120 2272
	1120 2304
	0 2304
4
	1888 2272
	2048 2272
	2048 2304
	1888 2304
4
	2304 2272
	2464 2272
	2464 2304
	2304 2304
4
	2752 2272
	2944 2272
	2944 2304
	2752 2304
4
	3232 2272
	7712 2272
	7712 2304
	3232 2304
4
	0 2304
	1120 2304
	1120 2336
	0 2336
4
	1888 2304
	2048 2304
	2048 2336
	1888 2336
4
	2304 2304
	2464 2304
	2464 2336
	2304 2336
4
	2752 2304
	2944 2304
	2944 2336
	2752 2336
4
	3232 2304
	7712 2304
	7712 2336
	3232 2336
4
	0 2336
	1120 2336
	1120 2368
	0 2368
4
	1888 2336
	2048 2336
	2048 2368
	1888 2368
4
	2304 2336
	2464 2336
	2464 2368
	2304 2368
4
	2752 2336
	2944 2336
	2944 2368
	2752 2368
4
	3232 2336
	7712 2336
	7712 2368
	3232 2368
4
	0 2368
	320 2368
	320 2400
	0 2400
4
	480 2368
	576 2368
	576 2400
	480 2400
4
	736 2368
	832 2368
	832 2400
	736 2400
4
	896 2368
	1120 2368
	1120 2400
	896 2400
4
	1504 2368
	1600 2368
	1600 2400
	1504 2400
4
	1824 2368
	2080 2368
	2080 2400
	1824 2400
4
	2272 2368
	2528 2368
	2528 2400
	2272 2400
4
	2720 2368
	2976 2368
	2976 2400
	2720 2400
4
	3232 2368
	7712 2368
	7712 2400
	3232 2400
4
	0 2400
	320 2400
	320 2432
	0 2432
4
	480 2400
	576 2400
	576 2432
	480 2432
4
	736 2400
	832 2400
	832 2432
	736 2432
4
	896 2400
	1120 2400
	1120 2432
	896 2432
4
	1504 2400
	1600 2400
	1600 2432
	1504 2432
4
	1824 2400
	2080 2400
	2080 2432
	1824 2432
4
	2272 2400
	2528 2400
	2528 2432
	2272 2432
4
	2720 2400
	2976 2400
	2976 2432
	2720 2432
4
	3232 2400
	7712 2400
	7712 2432
	3232 2432
4
	0 2432
	288 2432
	288 2464
	0 2464
4
	736 2432
	800 2432
	800 2464
	736 2464
4
	896 2432
	1120 2432
	1120 2464
	896 2464
4
	1504 2432
	1600 2432
	1600 2464
	1504 2464
4
	1824 2432
	2080 2432
	2080 2464
	1824 2464
4
	2272 2432
	2528 2432
	2528 2464
	2272 2464
4
	2720 2432
	2976 2432
	2976 2464
	2720 2464
4
	3232 2432
	7712 2432
	7712 2464
	3232 2464
4
	0 2464
	160 2464
	160 2496
	0 2496
4
	640 2464
	800 2464
	800 2496
	640 2496
4
	896 2464
	1120 2464
	1120 2496
	896 2496
4
	1504 2464
	1600 2464
	1600 2496
	1504 2496
4
	1824 2464
	2080 2464
	2080 2496
	1824 2496
4
	2272 2464
	2528 2464
	2528 2496
	2272 2496
4
	2720 2464
	2976 2464
	2976 2496
	2720 2496
4
	3232 2464
	7712 2464
	7712 2496
	3232 2496
4
	0 2496
	160 2496
	160 2528
	0 2528
4
	640 2496
	736 2496
	736 2528
	640 2528
4
	992 2496
	1120 2496
	1120 2528
	992 2528
4
	1504 2496
	1600 2496
	1600 2528
	1504 2528
4
	1824 2496
	2080 2496
	2080 2528
	1824 2528
4
	2272 2496
	2528 2496
	2528 2528
	2272 2528
4
	2720 2496
	2976 2496
	2976 2528
	2720 2528
4
	3232 2496
	7712 2496
	7712 2528
	3232 2528
4
	0 2528
	160 2528
	160 2560
	0 2560
4
	832 2528
	896 2528
	896 2560
	832 2560
4
	928 2528
	1120 2528
	1120 2560
	928 2560
4
	1472 2528
	1632 2528
	1632 2560
	1472 2560
4
	1888 2528
	2048 2528
	2048 2560
	1888 2560
4
	2304 2528
	2464 2528
	2464 2560
	2304 2560
4
	2752 2528
	2944 2528
	2944 2560
	2752 2560
4
	3232 2528
	7712 2528
	7712 2560
	3232 2560
4
	0 2560
	128 2560
	128 2592
	0 2592
4
	832 2560
	1120 2560
	1120 2592
	832 2592
4
	1472 2560
	1632 2560
	1632 2592
	1472 2592
4
	1888 2560
	2048 2560
	2048 2592
	1888 2592
4
	2304 2560
	2464 2560
	2464 2592
	2304 2592
4
	2752 2560
	2944 2560
	2944 2592
	2752 2592
4
	3232 2560
	7712 2560
	7712 2592
	3232 2592
4
	0 2592
	160 2592
	160 2624
	0 2624
4
	832 2592
	1088 2592
	1088 2624
	832 2624
4
	1472 2592
	1632 2592
	1632 2624
	1472 2624
4
	3232 2592
	7712 2592
	7712 2624
	3232 2624
4
	0 2624
	192 2624
	192 2656
	0 2656
4
	896 2624
	928 2624
	928 2656
	896 2656
4
	992 2624
	1088 2624
	1088 2656
	992 2656
4
	1472 2624
	1600 2624
	1600 2656
	1472 2656
4
	3296 2624
	7712 2624
	7712 2656
	3296 2656
4
	0 2656
	192 2656
	192 2688
	0 2688
4
	992 2656
	1088 2656
	1088 2688
	992 2688
4
	1472 2656
	1600 2656
	1600 2688
	1472 2688
4
	3296 2656
	7712 2656
	7712 2688
	3296 2688
4
	0 2688
	64 2688
	64 2720
	0 2720
4
	992 2688
	1088 2688
	1088 2720
	992 2720
4
	1472 2688
	1600 2688
	1600 2720
	1472 2720
4
	3296 2688
	7712 2688
	7712 2720
	3296 2720
4
	0 2720
	192 2720
	192 2752
	0 2752
4
	896 2720
	928 2720
	928 2752
	896 2752
4
	992 2720
	1088 2720
	1088 2752
	992 2752
4
	1472 2720
	1600 2720
	1600 2752
	1472 2752
4
	3296 2720
	7712 2720
	7712 2752
	3296 2752
4
	0 2752
	192 2752
	192 2784
	0 2784
4
	927 2783
	929 2783
	929 2785
	927 2785
4
	800 2752
	928 2752
	928 2784
	800 2784
4
	992 2752
	1088 2752
	1088 2784
	992 2784
4
	1472 2752
	1600 2752
	1600 2784
	1472 2784
4
	1760 2752
	1856 2752
	1856 2784
	1760 2784
4
	2016 2752
	2112 2752
	2112 2784
	2016 2784
4
	2272 2752
	2368 2752
	2368 2784
	2272 2784
4
	2528 2752
	2624 2752
	2624 2784
	2528 2784
4
	3040 2752
	3136 2752
	3136 2784
	3040 2784
4
	3232 2752
	7712 2752
	7712 2784
	3232 2784
4
	0 2784
	160 2784
	160 2816
	0 2816
4
	800 2784
	896 2784
	896 2816
	800 2816
4
	928 2784
	1088 2784
	1088 2816
	928 2816
4
	1472 2784
	2784 2784
	2784 2816
	1472 2816
4
	2880 2784
	7712 2784
	7712 2816
	2880 2816
4
	0 2816
	160 2816
	160 2848
	0 2848
4
	928 2816
	1088 2816
	1088 2848
	928 2848
4
	1472 2816
	2784 2816
	2784 2848
	1472 2848
4
	2880 2816
	7712 2816
	7712 2848
	2880 2848
4
	0 2848
	128 2848
	128 2880
	0 2880
4
	928 2848
	1088 2848
	1088 2880
	928 2880
4
	1472 2848
	2784 2848
	2784 2880
	1472 2880
4
	2880 2848
	7712 2848
	7712 2880
	2880 2880
4
	0 2880
	160 2880
	160 2912
	0 2912
4
	992 2880
	1088 2880
	1088 2912
	992 2912
4
	1472 2880
	2624 2880
	2624 2912
	1472 2912
4
	2976 2880
	3200 2880
	3200 2912
	2976 2912
4
	3232 2880
	7712 2880
	7712 2912
	3232 2912
4
	0 2912
	160 2912
	160 2944
	0 2944
4
	896 2912
	1088 2912
	1088 2944
	896 2944
4
	1472 2912
	2624 2912
	2624 2944
	1472 2944
4
	3232 2912
	7712 2912
	7712 2944
	3232 2944
4
	0 2944
	160 2944
	160 2976
	0 2976
4
	896 2944
	1088 2944
	1088 2976
	896 2976
4
	1472 2944
	2624 2944
	2624 2976
	1472 2976
4
	3232 2944
	7712 2944
	7712 2976
	3232 2976
4
	0 2976
	160 2976
	160 3008
	0 3008
4
	896 2976
	1088 2976
	1088 3008
	896 3008
4
	1472 2976
	2624 2976
	2624 3008
	1472 3008
4
	3200 2976
	7712 2976
	7712 3008
	3200 3008
4
	0 3008
	160 3008
	160 3040
	0 3040
4
	896 3008
	1088 3008
	1088 3040
	896 3040
4
	1472 3008
	2624 3008
	2624 3040
	1472 3040
4
	2976 3008
	3008 3008
	3008 3040
	2976 3040
4
	3072 3008
	7712 3008
	7712 3040
	3072 3040
4
	0 3040
	128 3040
	128 3072
	0 3072
4
	928 3040
	1088 3040
	1088 3072
	928 3072
4
	1472 3040
	2688 3040
	2688 3072
	1472 3072
4
	2944 3040
	7712 3040
	7712 3072
	2944 3072
4
	0 3072
	128 3072
	128 3104
	0 3104
4
	928 3072
	1120 3072
	1120 3104
	928 3104
4
	1472 3072
	2688 3072
	2688 3104
	1472 3104
4
	2912 3072
	7712 3072
	7712 3104
	2912 3104
4
	0 3104
	128 3104
	128 3136
	0 3136
4
	928 3104
	1120 3104
	1120 3136
	928 3136
4
	1472 3104
	2688 3104
	2688 3136
	1472 3136
4
	2912 3104
	7712 3104
	7712 3136
	2912 3136
4
	0 3136
	160 3136
	160 3168
	0 3168
4
	928 3136
	1088 3136
	1088 3168
	928 3168
4
	1504 3136
	2080 3136
	2080 3168
	1504 3168
4
	2240 3136
	2624 3136
	2624 3168
	2240 3168
4
	2912 3136
	7712 3136
	7712 3168
	2912 3168
4
	0 3168
	160 3168
	160 3200
	0 3200
4
	896 3168
	1088 3168
	1088 3200
	896 3200
4
	2240 3168
	2624 3168
	2624 3200
	2240 3200
4
	2944 3168
	3136 3168
	3136 3200
	2944 3200
4
	3232 3168
	7712 3168
	7712 3200
	3232 3200
4
	0 3200
	128 3200
	128 3232
	0 3232
4
	928 3200
	1088 3200
	1088 3232
	928 3232
4
	2240 3200
	2624 3200
	2624 3232
	2240 3232
4
	2976 3200
	3104 3200
	3104 3232
	2976 3232
4
	3232 3200
	7712 3200
	7712 3232
	3232 3232
4
	0 3232
	160 3232
	160 3264
	0 3264
4
	992 3232
	1088 3232
	1088 3264
	992 3264
4
	2240 3232
	2624 3232
	2624 3264
	2240 3264
4
	2944 3232
	3104 3232
	3104 3264
	2944 3264
4
	3232 3232
	7712 3232
	7712 3264
	3232 3264
4
	0 3264
	160 3264
	160 3296
	0 3296
4
	992 3264
	1088 3264
	1088 3296
	992 3296
4
	2240 3264
	2624 3264
	2624 3296
	2240 3296
4
	3008 3264
	3104 3264
	3104 3296
	3008 3296
4
	3232 3264
	7712 3264
	7712 3296
	3232 3296
4
	0 3296
	160 3296
	160 3328
	0 3328
4
	2176 3296
	2688 3296
	2688 3328
	2176 3328
4
	3232 3296
	7712 3296
	7712 3328
	3232 3328
4
	0 3328
	160 3328
	160 3360
	0 3360
4
	2112 3328
	2688 3328
	2688 3360
	2112 3360
4
	3232 3328
	7712 3328
	7712 3360
	3232 3360
4
	0 3360
	224 3360
	224 3392
	0 3392
4
	2112 3360
	2688 3360
	2688 3392
	2112 3392
4
	3232 3360
	7712 3360
	7712 3392
	3232 3392
4
	0 3392
	256 3392
	256 3424
	0 3424
4
	320 3392
	384 3392
	384 3424
	320 3424
4
	992 3392
	1088 3392
	1088 3424
	992 3424
4
	2112 3392
	2624 3392
	2624 3424
	2112 3424
4
	3136 3392
	7712 3392
	7712 3424
	3136 3424
4
	0 3424
	384 3424
	384 3456
	0 3456
4
	928 3424
	1088 3424
	1088 3456
	928 3456
4
	2144 3424
	2624 3424
	2624 3456
	2144 3456
4
	3104 3424
	7712 3424
	7712 3456
	3104 3456
4
	0 3456
	352 3456
	352 3488
	0 3488
4
	896 3456
	1088 3456
	1088 3488
	896 3488
4
	2144 3456
	2624 3456
	2624 3488
	2144 3488
4
	3072 3456
	7712 3456
	7712 3488
	3072 3488
4
	0 3488
	384 3488
	384 3520
	0 3520
4
	896 3488
	1088 3488
	1088 3520
	896 3520
4
	2176 3488
	7712 3488
	7712 3520
	2176 3520
4
	0 3520
	384 3520
	384 3552
	0 3552
4
	416 3520
	480 3520
	480 3552
	416 3552
4
	992 3520
	1600 3520
	1600 3552
	992 3552
4
	2016 3520
	7712 3520
	7712 3552
	2016 3552
4
	0 3552
	480 3552
	480 3584
	0 3584
4
	896 3552
	1760 3552
	1760 3584
	896 3584
4
	1856 3552
	7712 3552
	7712 3584
	1856 3584
4
	0 3584
	448 3584
	448 3616
	0 3616
4
	896 3584
	1760 3584
	1760 3616
	896 3616
4
	1856 3584
	7712 3584
	7712 3616
	1856 3616
4
	0 3616
	448 3616
	448 3648
	0 3648
4
	896 3616
	1760 3616
	1760 3648
	896 3648
4
	1856 3616
	7712 3616
	7712 3648
	1856 3648
4
	0 3648
	416 3648
	416 3680
	0 3680
4
	992 3648
	1600 3648
	1600 3680
	992 3680
4
	2016 3648
	2112 3648
	2112 3680
	2016 3680
4
	2240 3648
	7712 3648
	7712 3680
	2240 3680
4
	0 3680
	416 3680
	416 3712
	0 3712
4
	448 3680
	480 3680
	480 3712
	448 3712
4
	512 3680
	704 3680
	704 3712
	512 3712
4
	736 3680
	864 3680
	864 3712
	736 3712
4
	896 3680
	960 3680
	960 3712
	896 3712
4
	992 3680
	1536 3680
	1536 3712
	992 3712
4
	2240 3680
	7712 3680
	7712 3712
	2240 3712
4
	0 3712
	1536 3712
	1536 3744
	0 3744
4
	2240 3712
	7712 3712
	7712 3744
	2240 3744
4
	0 3744
	1536 3744
	1536 3776
	0 3776
4
	2080 3744
	2112 3744
	2112 3776
	2080 3776
4
	2240 3744
	7712 3744
	7712 3776
	2240 3776
4
	0 3776
	1536 3776
	1536 3808
	0 3808
4
	2048 3776
	2144 3776
	2144 3808
	2048 3808
4
	2240 3776
	7712 3776
	7712 3808
	2240 3808
4
	0 3808
	1536 3808
	1536 3840
	0 3840
4
	2048 3808
	7712 3808
	7712 3840
	2048 3840
4
	0 3840
	1472 3840
	1472 3872
	0 3872
4
	2016 3840
	2208 3840
	2208 3872
	2016 3872
4
	2240 3840
	7712 3840
	7712 3872
	2240 3872
4
	0 3872
	1408 3872
	1408 3904
	0 3904
4
	2016 3872
	2144 3872
	2144 3904
	2016 3904
4
	2240 3872
	7712 3872
	7712 3904
	2240 3904
4
	0 3904
	1344 3904
	1344 3936
	0 3936
4
	2240 3904
	7712 3904
	7712 3936
	2240 3936
4
	0 3936
	1344 3936
	1344 3968
	0 3968
4
	2240 3936
	7712 3936
	7712 3968
	2240 3968
4
	0 3968
	1344 3968
	1344 4000
	0 4000
4
	2240 3968
	7712 3968
	7712 4000
	2240 4000
4
	0 4000
	1344 4000
	1344 4032
	0 4032
4
	2240 4000
	7712 4000
	7712 4032
	2240 4032
4
	0 4032
	1408 4032
	1408 4064
	0 4064
4
	2208 4032
	7712 4032
	7712 4064
	2208 4064
4
	0 4064
	1408 4064
	1408 4096
	0 4096
4
	2208 4064
	7712 4064
	7712 4096
	2208 4096
4
	0 4096
	1408 4096
	1408 4128
	0 4128
4
	2208 4096
	7712 4096
	7712 4128
	2208 4128
4
	0 4128
	1408 4128
	1408 4160
	0 4160
4
	2208 4128
	7712 4128
	7712 4160
	2208 4160
4
	0 4160
	1344 4160
	1344 4192
	0 4192
4
	2272 4160
	7712 4160
	7712 4192
	2272 4192
4
	0 4192
	1344 4192
	1344 4224
	0 4224
4
	2272 4192
	7712 4192
	7712 4224
	2272 4224
4
	0 4224
	1344 4224
	1344 4256
	0 4256
4
	2272 4224
	7712 4224
	7712 4256
	2272 4256
4
	0 4256
	1344 4256
	1344 4288
	0 4288
4
	2272 4256
	7712 4256
	7712 4288
	2272 4288
4
	0 4288
	1408 4288
	1408 4320
	0 4320
4
	2240 4288
	7712 4288
	7712 4320
	2240 4320
4
	0 4320
	1408 4320
	1408 4352
	0 4352
4
	1952 4320
	2080 4320
	2080 4352
	1952 4352
4
	2240 4320
	7712 4320
	7712 4352
	2240 4352
4
	0 4352
	1632 4352
	1632 4384
	0 4384
4
	1952 4352
	2080 4352
	2080 4384
	1952 4384
4
	2240 4352
	7712 4352
	7712 4384
	2240 4384
4
	0 4384
	1632 4384
	1632 4416
	0 4416
4
	1952 4384
	2144 4384
	2144 4416
	1952 4416
4
	2208 4384
	7712 4384
	7712 4416
	2208 4416
4
	0 4416
	1632 4416
	1632 4448
	0 4448
4
	1952 4416
	2144 4416
	2144 4448
	1952 4448
4
	2208 4416
	7712 4416
	7712 4448
	2208 4448
4
	0 4448
	1408 4448
	1408 4480
	0 4480
4
	1440 4448
	1536 4448
	1536 4480
	1440 4480
4
	1952 4448
	2080 4448
	2080 4480
	1952 4480
4
	2208 4448
	7712 4448
	7712 4480
	2208 4480
4
	0 4480
	1408 4480
	1408 4512
	0 4512
4
	1952 4480
	2080 4480
	2080 4512
	1952 4512
4
	2208 4480
	7712 4480
	7712 4512
	2208 4512
4
	0 4512
	1600 4512
	1600 4544
	0 4544
4
	1920 4512
	7712 4512
	7712 4544
	1920 4544
4
	0 4544
	1600 4544
	1600 4576
	0 4576
4
	1888 4544
	7712 4544
	7712 4576
	1888 4576
4
	0 4576
	1760 4576
	1760 4608
	0 4608
4
	1856 4576
	7712 4576
	7712 4608
	1856 4608
4
	0 4608
	1760 4608
	1760 4640
	0 4640
4
	1856 4608
	7712 4608
	7712 4640
	1856 4640
4
	0 4640
	1760 4640
	1760 4672
	0 4672
4
	1856 4640
	7712 4640
	7712 4672
	1856 4672
4
	0 4672
	1600 4672
	1600 4704
	0 4704
4
	1984 4672
	7712 4672
	7712 4704
	1984 4704
4
	0 4704
	1600 4704
	1600 4736
	0 4736
4
	1984 4704
	7712 4704
	7712 4736
	1984 4736
4
	0 4736
	1600 4736
	1600 4768
	0 4768
4
	1984 4736
	7712 4736
	7712 4768
	1984 4768
4
	0 4768
	1600 4768
	1600 4800
	0 4800
4
	1984 4768
	7712 4768
	7712 4800
	1984 4800
4
	0 4800
	1600 4800
	1600 4832
	0 4832
4
	1984 4800
	7712 4800
	7712 4832
	1984 4832
4
	0 4832
	1600 4832
	1600 4864
	0 4864
4
	1984 4832
	7712 4832
	7712 4864
	1984 4864
4
	0 4864
	1600 4864
	1600 4896
	0 4896
4
	1984 4864
	7712 4864
	7712 4896
	1984 4896
4
	0 4896
	1600 4896
	1600 4928
	0 4928
4
	1984 4896
	7712 4896
	7712 4928
	1984 4928
4
	0 4928
	1600 4928
	1600 4960
	0 4960
4
	1984 4928
	2368 4928
	2368 4960
	1984 4960
4
	2528 4928
	2624 4928
	2624 4960
	2528 4960
4
	2784 4928
	2880 4928
	2880 4960
	2784 4960
4
	3040 4928
	7712 4928
	7712 4960
	3040 4960
4
	0 4960
	1600 4960
	1600 4992
	0 4992
4
	1984 4960
	2240 4960
	2240 4992
	1984 4992
4
	3040 4960
	7712 4960
	7712 4992
	3040 4992
4
	0 4992
	1600 4992
	1600 5024
	0 5024
4
	1984 4992
	2176 4992
	2176 5024
	1984 5024
4
	3040 4992
	7712 4992
	7712 5024
	3040 5024
4
	0 5024
	1600 5024
	1600 5056
	0 5056
4
	1984 5024
	2176 5024
	2176 5056
	1984 5056
4
	3040 5024
	7712 5024
	7712 5056
	3040 5056
4
	0 5056
	1600 5056
	1600 5088
	0 5088
4
	1984 5056
	2176 5056
	2176 5088
	1984 5088
4
	2976 5056
	7712 5056
	7712 5088
	2976 5088
4
	0 5088
	1600 5088
	1600 5120
	0 5120
4
	1984 5088
	2176 5088
	2176 5120
	1984 5120
4
	2976 5088
	7712 5088
	7712 5120
	2976 5120
4
	0 5120
	1632 5120
	1632 5152
	0 5152
4
	1984 5120
	2176 5120
	2176 5152
	1984 5152
4
	2976 5120
	7712 5120
	7712 5152
	2976 5152
4
	0 5152
	1632 5152
	1632 5184
	0 5184
4
	1984 5152
	2176 5152
	2176 5184
	1984 5184
4
	2976 5152
	7712 5152
	7712 5184
	2976 5184
4
	0 5184
	1152 5184
	1152 5216
	0 5216
4
	1216 5184
	1344 5184
	1344 5216
	1216 5216
4
	1408 5184
	1600 5184
	1600 5216
	1408 5216
4
	2016 5184
	2112 5184
	2112 5216
	2016 5216
4
	3040 5184
	7712 5184
	7712 5216
	3040 5216
4
	0 5216
	1152 5216
	1152 5248
	0 5248
4
	1216 5216
	1344 5216
	1344 5248
	1216 5248
4
	1408 5216
	1600 5216
	1600 5248
	1408 5248
4
	2016 5216
	2112 5216
	2112 5248
	2016 5248
4
	3040 5216
	7712 5216
	7712 5248
	3040 5248
4
	0 5248
	1152 5248
	1152 5280
	0 5280
4
	1216 5248
	1344 5248
	1344 5280
	1216 5280
4
	1440 5248
	1600 5248
	1600 5280
	1440 5280
4
	2016 5248
	2112 5248
	2112 5280
	2016 5280
4
	3040 5248
	7712 5248
	7712 5280
	3040 5280
4
	0 5280
	1120 5280
	1120 5312
	0 5312
4
	1504 5280
	1600 5280
	1600 5312
	1504 5312
4
	2016 5280
	2112 5280
	2112 5312
	2016 5312
4
	3040 5280
	7712 5280
	7712 5312
	3040 5312
4
	0 5312
	1152 5312
	1152 5344
	0 5344
4
	1504 5312
	1600 5312
	1600 5344
	1504 5344
4
	2016 5312
	2112 5312
	2112 5344
	2016 5344
4
	2976 5312
	7712 5312
	7712 5344
	2976 5344
4
	0 5344
	1216 5344
	1216 5376
	0 5376
4
	2976 5344
	7712 5344
	7712 5376
	2976 5376
4
	0 5376
	1216 5376
	1216 5408
	0 5408
4
	2976 5376
	7712 5376
	7712 5408
	2976 5408
4
	0 5408
	1184 5408
	1184 5440
	0 5440
4
	2976 5408
	7712 5408
	7712 5440
	2976 5440
4
	0 5440
	992 5440
	992 5472
	0 5472
4
	1024 5440
	1152 5440
	1152 5472
	1024 5472
4
	1504 5440
	1600 5440
	1600 5472
	1504 5472
4
	2016 5440
	2112 5440
	2112 5472
	2016 5472
4
	3040 5440
	7712 5440
	7712 5472
	3040 5472
4
	0 5472
	928 5472
	928 5504
	0 5504
4
	1024 5472
	1120 5472
	1120 5504
	1024 5504
4
	1504 5472
	1600 5472
	1600 5504
	1504 5504
4
	2016 5472
	2112 5472
	2112 5504
	2016 5504
4
	3040 5472
	7712 5472
	7712 5504
	3040 5504
4
	0 5504
	896 5504
	896 5536
	0 5536
4
	1056 5504
	1120 5504
	1120 5536
	1056 5536
4
	1504 5504
	1600 5504
	1600 5536
	1504 5536
4
	2016 5504
	2112 5504
	2112 5536
	2016 5536
4
	3040 5504
	7712 5504
	7712 5536
	3040 5536
4
	0 5536
	896 5536
	896 5568
	0 5568
4
	1504 5536
	1600 5536
	1600 5568
	1504 5568
4
	2016 5536
	2112 5536
	2112 5568
	2016 5568
4
	3040 5536
	7712 5536
	7712 5568
	3040 5568
4
	0 5568
	896 5568
	896 5600
	0 5600
4
	1504 5568
	1600 5568
	1600 5600
	1504 5600
4
	2016 5568
	2144 5568
	2144 5600
	2016 5600
4
	2976 5568
	7712 5568
	7712 5600
	2976 5600
4
	0 5600
	896 5600
	896 5632
	0 5632
4
	1440 5600
	1632 5600
	1632 5632
	1440 5632
4
	1984 5600
	2176 5600
	2176 5632
	1984 5632
4
	2976 5600
	7712 5600
	7712 5632
	2976 5632
4
	0 5632
	896 5632
	896 5664
	0 5664
4
	1440 5632
	1632 5632
	1632 5664
	1440 5664
4
	1984 5632
	2176 5632
	2176 5664
	1984 5664
4
	2976 5632
	7712 5632
	7712 5664
	2976 5664
4
	0 5664
	896 5664
	896 5696
	0 5696
4
	1440 5664
	1600 5664
	1600 5696
	1440 5696
4
	1984 5664
	2176 5664
	2176 5696
	1984 5696
4
	2976 5664
	7712 5664
	7712 5696
	2976 5696
4
	0 5696
	896 5696
	896 5728
	0 5728
4
	1120 5696
	1216 5696
	1216 5728
	1120 5728
4
	1376 5696
	1600 5696
	1600 5728
	1376 5728
4
	1984 5696
	2208 5696
	2208 5728
	1984 5728
4
	3040 5696
	7712 5696
	7712 5728
	3040 5728
4
	0 5728
	928 5728
	928 5760
	0 5760
4
	1088 5728
	1280 5728
	1280 5760
	1088 5760
4
	1376 5728
	1600 5728
	1600 5760
	1376 5760
4
	1984 5728
	2240 5728
	2240 5760
	1984 5760
4
	3040 5728
	7712 5728
	7712 5760
	3040 5760
4
	0 5760
	928 5760
	928 5792
	0 5792
4
	1088 5760
	1280 5760
	1280 5792
	1088 5792
4
	1376 5760
	1600 5760
	1600 5792
	1376 5792
4
	1984 5760
	2272 5760
	2272 5792
	1984 5792
4
	3040 5760
	7712 5760
	7712 5792
	3040 5792
4
	0 5792
	928 5792
	928 5824
	0 5824
4
	992 5792
	1344 5792
	1344 5824
	992 5824
4
	1408 5792
	1600 5792
	1600 5824
	1408 5824
4
	1984 5792
	2368 5792
	2368 5824
	1984 5824
4
	2528 5792
	2624 5792
	2624 5824
	2528 5824
4
	2784 5792
	2880 5792
	2880 5824
	2784 5824
4
	3040 5792
	7712 5792
	7712 5824
	3040 5824
4
	0 5824
	1600 5824
	1600 5856
	0 5856
4
	1984 5824
	7712 5824
	7712 5856
	1984 5856
4
	0 5856
	1600 5856
	1600 5888
	0 5888
4
	1984 5856
	7712 5856
	7712 5888
	1984 5888
4
	0 5888
	1600 5888
	1600 5920
	0 5920
4
	1984 5888
	7712 5888
	7712 5920
	1984 5920
4
	0 5920
	1600 5920
	1600 5952
	0 5952
4
	1984 5920
	7712 5920
	7712 5952
	1984 5952
4
	0 5952
	960 5952
	960 5984
	0 5984
4
	992 5952
	1600 5952
	1600 5984
	992 5984
4
	1984 5952
	7712 5952
	7712 5984
	1984 5984
4
	0 5984
	960 5984
	960 6016
	0 6016
4
	1024 5984
	1600 5984
	1600 6016
	1024 6016
4
	1984 5984
	7712 5984
	7712 6016
	1984 6016
4
	0 6016
	960 6016
	960 6048
	0 6048
4
	1024 6016
	1600 6016
	1600 6048
	1024 6048
4
	1984 6016
	7712 6016
	7712 6048
	1984 6048
4
	0 6048
	960 6048
	960 6080
	0 6080
4
	1184 6048
	1216 6048
	1216 6080
	1184 6080
4
	1312 6048
	1440 6048
	1440 6080
	1312 6080
4
	1504 6048
	1600 6048
	1600 6080
	1504 6080
4
	1984 6048
	2816 6048
	2816 6080
	1984 6080
4
	2848 6048
	7712 6048
	7712 6080
	2848 6080
4
	0 6080
	960 6080
	960 6112
	0 6112
4
	1504 6080
	1600 6080
	1600 6112
	1504 6112
4
	1984 6080
	2272 6080
	2272 6112
	1984 6112
4
	2880 6080
	7712 6080
	7712 6112
	2880 6112
4
	0 6112
	960 6112
	960 6144
	0 6144
4
	1472 6112
	1600 6112
	1600 6144
	1472 6144
4
	1984 6112
	2272 6112
	2272 6144
	1984 6144
4
	2912 6112
	7712 6112
	7712 6144
	2912 6144
4
	0 6144
	928 6144
	928 6176
	0 6176
4
	1472 6144
	1632 6144
	1632 6176
	1472 6176
4
	1984 6144
	2272 6144
	2272 6176
	1984 6176
4
	2944 6144
	7712 6144
	7712 6176
	2944 6176
4
	0 6176
	960 6176
	960 6208
	0 6208
4
	1472 6176
	1632 6176
	1632 6208
	1472 6208
4
	1984 6176
	2240 6176
	2240 6208
	1984 6208
4
	2944 6176
	7712 6176
	7712 6208
	2944 6208
4
	0 6208
	960 6208
	960 6240
	0 6240
4
	1472 6208
	1600 6208
	1600 6240
	1472 6240
4
	2016 6208
	2240 6208
	2240 6240
	2016 6240
4
	2944 6208
	7712 6208
	7712 6240
	2944 6240
4
	0 6240
	960 6240
	960 6272
	0 6272
4
	1504 6240
	1600 6240
	1600 6272
	1504 6272
4
	2016 6240
	2240 6240
	2240 6272
	2016 6272
4
	2912 6240
	7712 6240
	7712 6272
	2912 6272
4
	0 6272
	960 6272
	960 6304
	0 6304
4
	1504 6272
	1600 6272
	1600 6304
	1504 6304
4
	2016 6272
	2208 6272
	2208 6304
	2016 6304
4
	2912 6272
	7712 6272
	7712 6304
	2912 6304
4
	0 6304
	960 6304
	960 6336
	0 6336
4
	1504 6304
	1600 6304
	1600 6336
	1504 6336
4
	2016 6304
	2112 6304
	2112 6336
	2016 6336
4
	2944 6304
	7712 6304
	7712 6336
	2944 6336
4
	0 6336
	864 6336
	864 6368
	0 6368
4
	1504 6336
	1600 6336
	1600 6368
	1504 6368
4
	2016 6336
	2112 6336
	2112 6368
	2016 6368
4
	2944 6336
	7712 6336
	7712 6368
	2944 6368
4
	0 6368
	864 6368
	864 6400
	0 6400
4
	2944 6368
	7712 6368
	7712 6400
	2944 6400
4
	0 6400
	896 6400
	896 6432
	0 6432
4
	992 6400
	1056 6400
	1056 6432
	992 6432
4
	1088 6400
	1120 6400
	1120 6432
	1088 6432
4
	2912 6400
	7712 6400
	7712 6432
	2912 6432
4
	0 6432
	896 6432
	896 6464
	0 6464
4
	992 6432
	1152 6432
	1152 6464
	992 6464
4
	2880 6432
	7712 6432
	7712 6464
	2880 6464
4
	0 6464
	928 6464
	928 6496
	0 6496
4
	992 6464
	1152 6464
	1152 6496
	992 6496
4
	1504 6464
	1600 6464
	1600 6496
	1504 6496
4
	2016 6464
	2112 6464
	2112 6496
	2016 6496
4
	2304 6464
	2816 6464
	2816 6496
	2304 6496
4
	2848 6464
	7712 6464
	7712 6496
	2848 6496
4
	0 6496
	1184 6496
	1184 6528
	0 6528
4
	1504 6496
	1600 6496
	1600 6528
	1504 6528
4
	2016 6496
	2112 6496
	2112 6528
	2016 6528
4
	2304 6496
	7712 6496
	7712 6528
	2304 6528
4
	0 6528
	1184 6528
	1184 6560
	0 6560
4
	1504 6528
	1600 6528
	1600 6560
	1504 6560
4
	2016 6528
	2112 6528
	2112 6560
	2016 6560
4
	2304 6528
	7712 6528
	7712 6560
	2304 6560
4
	0 6560
	1120 6560
	1120 6592
	0 6592
4
	1248 6560
	1344 6560
	1344 6592
	1248 6592
4
	1504 6560
	1600 6560
	1600 6592
	1504 6592
4
	2016 6560
	2112 6560
	2112 6592
	2016 6592
4
	2272 6560
	7712 6560
	7712 6592
	2272 6592
4
	0 6592
	1600 6592
	1600 6624
	0 6624
4
	2016 6592
	7712 6592
	7712 6624
	2016 6624
4
	0 6624
	1632 6624
	1632 6656
	0 6656
4
	1984 6624
	7712 6624
	7712 6656
	1984 6656
4
	0 6656
	1632 6656
	1632 6688
	0 6688
4
	1984 6656
	7712 6656
	7712 6688
	1984 6688
4
	0 6688
	1632 6688
	1632 6720
	0 6720
4
	1984 6688
	7712 6688
	7712 6720
	1984 6720
4
	0 6720
	1632 6720
	1632 6752
	0 6752
4
	2016 6720
	2112 6720
	2112 6752
	2016 6752
4
	2528 6720
	3168 6720
	3168 6752
	2528 6752
4
	3296 6720
	3392 6720
	3392 6752
	3296 6752
4
	3552 6720
	3648 6720
	3648 6752
	3552 6752
4
	3776 6720
	7712 6720
	7712 6752
	3776 6752
4
	0 6752
	1632 6752
	1632 6784
	0 6784
4
	2016 6752
	2112 6752
	2112 6784
	2016 6784
4
	2528 6752
	3136 6752
	3136 6784
	2528 6784
4
	3296 6752
	3392 6752
	3392 6784
	3296 6784
4
	3520 6752
	3648 6752
	3648 6784
	3520 6784
4
	3808 6752
	7712 6752
	7712 6784
	3808 6784
4
	0 6784
	1632 6784
	1632 6816
	0 6816
4
	2016 6784
	2112 6784
	2112 6816
	2016 6816
4
	2528 6784
	3040 6784
	3040 6816
	2528 6816
4
	3296 6784
	3392 6784
	3392 6816
	3296 6816
4
	3520 6784
	3648 6784
	3648 6816
	3520 6816
4
	3904 6784
	7712 6784
	7712 6816
	3904 6816
4
	0 6816
	1632 6816
	1632 6848
	0 6848
4
	2016 6816
	2112 6816
	2112 6848
	2016 6848
4
	2528 6816
	3008 6816
	3008 6848
	2528 6848
4
	3296 6816
	3360 6816
	3360 6848
	3296 6848
4
	3552 6816
	3616 6816
	3616 6848
	3552 6848
4
	3936 6816
	7712 6816
	7712 6848
	3936 6848
4
	0 6848
	1632 6848
	1632 6880
	0 6880
4
	2016 6848
	2112 6848
	2112 6880
	2016 6880
4
	2528 6848
	2976 6848
	2976 6880
	2528 6880
4
	3968 6848
	7712 6848
	7712 6880
	3968 6880
4
	0 6880
	1632 6880
	1632 6912
	0 6912
4
	2592 6880
	2944 6880
	2944 6912
	2592 6912
4
	4000 6880
	7712 6880
	7712 6912
	4000 6912
4
	0 6912
	1632 6912
	1632 6944
	0 6944
4
	2592 6912
	2944 6912
	2944 6944
	2592 6944
4
	4000 6912
	7712 6912
	7712 6944
	4000 6944
4
	0 6944
	1632 6944
	1632 6976
	0 6976
4
	2592 6944
	2912 6944
	2912 6976
	2592 6976
4
	4032 6944
	7712 6944
	7712 6976
	4032 6976
4
	0 6976
	1632 6976
	1632 7008
	0 7008
4
	2016 6976
	2112 6976
	2112 7008
	2016 7008
4
	2528 6976
	2880 6976
	2880 7008
	2528 7008
4
	4064 6976
	7712 6976
	7712 7008
	4064 7008
4
	0 7008
	1632 7008
	1632 7040
	0 7040
4
	2016 7008
	2112 7008
	2112 7040
	2016 7040
4
	2528 7008
	2880 7008
	2880 7040
	2528 7040
4
	4064 7008
	7712 7008
	7712 7040
	4064 7040
4
	0 7040
	1632 7040
	1632 7072
	0 7072
4
	2016 7040
	2112 7040
	2112 7072
	2016 7072
4
	2528 7040
	2880 7040
	2880 7072
	2528 7072
4
	4064 7040
	7712 7040
	7712 7072
	4064 7072
4
	0 7072
	1632 7072
	1632 7104
	0 7104
4
	2016 7072
	2112 7072
	2112 7104
	2016 7104
4
	2528 7072
	2880 7072
	2880 7104
	2528 7104
4
	4064 7072
	7712 7072
	7712 7104
	4064 7104
4
	0 7104
	1632 7104
	1632 7136
	0 7136
4
	1984 7104
	2944 7104
	2944 7136
	1984 7136
4
	4000 7104
	7712 7104
	7712 7136
	4000 7136
4
	0 7136
	1760 7136
	1760 7168
	0 7168
4
	1856 7136
	3008 7136
	3008 7168
	1856 7168
4
	3936 7136
	7712 7136
	7712 7168
	3936 7168
4
	0 7168
	1760 7168
	1760 7200
	0 7200
4
	1856 7168
	3008 7168
	3008 7200
	1856 7200
4
	3936 7168
	7712 7168
	7712 7200
	3936 7200
4
	0 7200
	1760 7200
	1760 7232
	0 7232
4
	1856 7200
	3008 7200
	3008 7232
	1856 7232
4
	3936 7200
	7712 7200
	7712 7232
	3936 7232
4
	0 7232
	1696 7232
	1696 7264
	0 7264
4
	1920 7232
	2880 7232
	2880 7264
	1920 7264
4
	4064 7232
	7712 7232
	7712 7264
	4064 7264
4
	0 7264
	1152 7264
	1152 7296
	0 7296
4
	1504 7264
	1696 7264
	1696 7296
	1504 7296
4
	1920 7264
	2880 7264
	2880 7296
	1920 7296
4
	4064 7264
	7712 7264
	7712 7296
	4064 7296
4
	0 7296
	1152 7296
	1152 7328
	0 7328
4
	1984 7296
	2880 7296
	2880 7328
	1984 7328
4
	4064 7296
	7712 7296
	7712 7328
	4064 7328
4
	0 7328
	1152 7328
	1152 7360
	0 7360
4
	1984 7328
	2880 7328
	2880 7360
	1984 7360
4
	4064 7328
	7712 7328
	7712 7360
	4064 7360
4
	0 7360
	1152 7360
	1152 7392
	0 7392
4
	1984 7360
	2912 7360
	2912 7392
	1984 7392
4
	4000 7360
	7712 7360
	7712 7392
	4000 7392
4
	0 7392
	1152 7392
	1152 7424
	0 7424
4
	1952 7392
	2944 7392
	2944 7424
	1952 7424
4
	4000 7392
	7712 7392
	7712 7424
	4000 7424
4
	0 7424
	1152 7424
	1152 7456
	0 7456
4
	1920 7424
	2944 7424
	2944 7456
	1920 7456
4
	3968 7424
	7712 7424
	7712 7456
	3968 7456
4
	0 7456
	1152 7456
	1152 7488
	0 7488
4
	1920 7456
	2944 7456
	2944 7488
	1920 7488
4
	4000 7456
	7712 7456
	7712 7488
	4000 7488
4
	0 7488
	1152 7488
	1152 7520
	0 7520
4
	1920 7488
	2976 7488
	2976 7520
	1920 7520
4
	3968 7488
	7712 7488
	7712 7520
	3968 7520
4
	0 7520
	1152 7520
	1152 7552
	0 7552
4
	1984 7520
	3008 7520
	3008 7552
	1984 7552
4
	3936 7520
	7712 7520
	7712 7552
	3936 7552
4
	0 7552
	1152 7552
	1152 7584
	0 7584
4
	1984 7552
	3040 7552
	3040 7584
	1984 7584
4
	3840 7552
	3872 7552
	3872 7584
	3840 7584
4
	3904 7552
	7136 7552
	7136 7584
	3904 7584
4
	7232 7552
	7712 7552
	7712 7584
	7232 7584
4
	0 7584
	1184 7584
	1184 7616
	0 7616
4
	1984 7584
	3136 7584
	3136 7616
	1984 7616
4
	3200 7584
	3296 7584
	3296 7616
	3200 7616
4
	3424 7584
	3488 7584
	3488 7616
	3424 7616
4
	3776 7584
	7104 7584
	7104 7616
	3776 7616
4
	7264 7584
	7712 7584
	7712 7616
	7264 7616
4
	0 7616
	1216 7616
	1216 7648
	0 7648
4
	1984 7616
	3168 7616
	3168 7648
	1984 7648
4
	3200 7616
	3296 7616
	3296 7648
	3200 7648
4
	3424 7616
	3488 7616
	3488 7648
	3424 7648
4
	3552 7616
	7072 7616
	7072 7648
	3552 7648
4
	7296 7616
	7712 7616
	7712 7648
	7296 7648
4
	0 7648
	1216 7648
	1216 7680
	0 7680
4
	1856 7648
	3296 7648
	3296 7680
	1856 7680
4
	3392 7648
	7040 7648
	7040 7680
	3392 7680
4
	7328 7648
	7712 7648
	7712 7680
	7328 7680
4
	0 7680
	1216 7680
	1216 7712
	0 7712
4
	1888 7680
	3296 7680
	3296 7712
	1888 7712
4
	3392 7680
	7040 7680
	7040 7712
	3392 7712
4
	7328 7680
	7712 7680
	7712 7712
	7328 7712
4
	0 7712
	1184 7712
	1184 7744
	0 7744
4
	1856 7712
	3296 7712
	3296 7744
	1856 7744
4
	3392 7712
	7040 7712
	7040 7744
	3392 7744
4
	7328 7712
	7712 7712
	7712 7744
	7328 7744
4
	0 7744
	1184 7744
	1184 7776
	0 7776
4
	1984 7744
	3264 7744
	3264 7776
	1984 7776
4
	3424 7744
	3488 7744
	3488 7776
	3424 7776
4
	3552 7744
	4160 7744
	4160 7776
	3552 7776
4
	4320 7744
	5184 7744
	5184 7776
	4320 7776
4
	5312 7744
	7040 7744
	7040 7776
	5312 7776
4
	7328 7744
	7712 7744
	7712 7776
	7328 7776
4
	0 7776
	1184 7776
	1184 7808
	0 7808
4
	1984 7776
	3264 7776
	3264 7808
	1984 7808
4
	3424 7776
	3488 7776
	3488 7808
	3424 7808
4
	3552 7776
	4160 7776
	4160 7808
	3552 7808
4
	4384 7776
	5120 7776
	5120 7808
	4384 7808
4
	5280 7776
	7040 7776
	7040 7808
	5280 7808
4
	7328 7776
	7712 7776
	7712 7808
	7328 7808
4
	0 7808
	1024 7808
	1024 7840
	0 7840
4
	1056 7808
	1152 7808
	1152 7840
	1056 7840
4
	1984 7808
	3168 7808
	3168 7840
	1984 7840
4
	3552 7808
	4160 7808
	4160 7840
	3552 7840
4
	4384 7808
	5120 7808
	5120 7840
	4384 7840
4
	5280 7808
	7040 7808
	7040 7840
	5280 7840
4
	7328 7808
	7712 7808
	7712 7840
	7328 7840
4
	0 7840
	896 7840
	896 7872
	0 7872
4
	1984 7840
	3168 7840
	3168 7872
	1984 7872
4
	3552 7840
	4160 7840
	4160 7872
	3552 7872
4
	4384 7840
	5120 7840
	5120 7872
	4384 7872
4
	5280 7840
	7008 7840
	7008 7872
	5280 7872
4
	7296 7840
	7712 7840
	7712 7872
	7296 7872
4
	0 7872
	896 7872
	896 7904
	0 7904
4
	1984 7872
	3168 7872
	3168 7904
	1984 7904
4
	3552 7872
	4224 7872
	4224 7904
	3552 7904
4
	4384 7872
	5120 7872
	5120 7904
	4384 7904
4
	5280 7872
	7040 7872
	7040 7904
	5280 7904
4
	7296 7872
	7712 7872
	7712 7904
	7296 7904
4
	0 7904
	896 7904
	896 7936
	0 7936
4
	1920 7904
	3168 7904
	3168 7936
	1920 7936
4
	3552 7904
	4224 7904
	4224 7936
	3552 7936
4
	4384 7904
	5120 7904
	5120 7936
	4384 7936
4
	5280 7904
	7136 7904
	7136 7936
	5280 7936
4
	7232 7904
	7712 7904
	7712 7936
	7232 7936
4
	0 7936
	896 7936
	896 7968
	0 7968
4
	1920 7936
	3200 7936
	3200 7968
	1920 7968
4
	3488 7936
	4224 7936
	4224 7968
	3488 7968
4
	4384 7936
	5120 7936
	5120 7968
	4384 7968
4
	5280 7936
	7136 7936
	7136 7968
	5280 7968
4
	7232 7936
	7712 7936
	7712 7968
	7232 7968
4
	0 7968
	896 7968
	896 8000
	0 8000
4
	1920 7968
	3200 7968
	3200 8000
	1920 8000
4
	3488 7968
	4224 7968
	4224 8000
	3488 8000
4
	5280 7968
	7136 7968
	7136 8000
	5280 8000
4
	7232 7968
	7712 7968
	7712 8000
	7232 8000
4
	0 8000
	896 8000
	896 8032
	0 8032
4
	1952 8000
	3200 8000
	3200 8032
	1952 8032
4
	3488 8000
	4192 8000
	4192 8032
	3488 8032
4
	5344 8000
	5440 8000
	5440 8032
	5344 8032
4
	6912 8000
	6976 8000
	6976 8032
	6912 8032
4
	7392 8000
	7712 8000
	7712 8032
	7392 8032
4
	0 8032
	896 8032
	896 8064
	0 8064
4
	1056 8032
	1152 8032
	1152 8064
	1056 8064
4
	1984 8032
	3168 8032
	3168 8064
	1984 8064
4
	3552 8032
	4224 8032
	4224 8064
	3552 8064
4
	5344 8032
	5440 8032
	5440 8064
	5344 8064
4
	7392 8032
	7712 8032
	7712 8064
	7392 8064
4
	0 8064
	1152 8064
	1152 8096
	0 8096
4
	1984 8064
	3168 8064
	3168 8096
	1984 8096
4
	3552 8064
	4224 8064
	4224 8096
	3552 8096
4
	5344 8064
	5440 8064
	5440 8096
	5344 8096
4
	7392 8064
	7712 8064
	7712 8096
	7392 8096
4
	0 8096
	1184 8096
	1184 8128
	0 8128
4
	1984 8096
	3168 8096
	3168 8128
	1984 8128
4
	3552 8096
	4224 8096
	4224 8128
	3552 8128
4
	5344 8096
	5440 8096
	5440 8128
	5344 8128
4
	7392 8096
	7712 8096
	7712 8128
	7392 8128
4
	0 8128
	1152 8128
	1152 8160
	0 8160
4
	1984 8128
	3168 8128
	3168 8160
	1984 8160
4
	3552 8128
	4224 8128
	4224 8160
	3552 8160
4
	5344 8128
	5440 8128
	5440 8160
	5344 8160
4
	7392 8128
	7712 8128
	7712 8160
	7392 8160
4
	0 8160
	1216 8160
	1216 8192
	0 8192
4
	1952 8160
	3168 8160
	3168 8192
	1952 8192
4
	3552 8160
	4224 8160
	4224 8192
	3552 8192
4
	7392 8160
	7712 8160
	7712 8192
	7392 8192
4
	0 8192
	1216 8192
	1216 8224
	0 8224
4
	1952 8192
	3168 8192
	3168 8224
	1952 8224
4
	3520 8192
	4224 8192
	4224 8224
	3520 8224
4
	7392 8192
	7712 8192
	7712 8224
	7392 8224
4
	0 8224
	1216 8224
	1216 8256
	0 8256
4
	1920 8224
	3168 8224
	3168 8256
	1920 8256
4
	3520 8224
	4224 8224
	4224 8256
	3520 8256
4
	7392 8224
	7712 8224
	7712 8256
	7392 8256
4
	0 8256
	1184 8256
	1184 8288
	0 8288
4
	1888 8256
	2112 8256
	2112 8288
	1888 8288
4
	2848 8256
	2976 8256
	2976 8288
	2848 8288
4
	3072 8256
	3136 8256
	3136 8288
	3072 8288
4
	3552 8256
	3616 8256
	3616 8288
	3552 8288
4
	3776 8256
	3904 8256
	3904 8288
	3776 8288
4
	4064 8256
	4160 8256
	4160 8288
	4064 8288
4
	5344 8256
	5440 8256
	5440 8288
	5344 8288
4
	7392 8256
	7712 8256
	7712 8288
	7392 8288
4
	0 8288
	1152 8288
	1152 8320
	0 8320
4
	1856 8288
	2176 8288
	2176 8320
	1856 8320
4
	2848 8288
	2944 8288
	2944 8320
	2848 8320
4
	3776 8288
	3872 8288
	3872 8320
	3776 8320
4
	4000 8288
	4160 8288
	4160 8320
	4000 8320
4
	5344 8288
	5440 8288
	5440 8320
	5344 8320
4
	7392 8288
	7712 8288
	7712 8320
	7392 8320
4
	0 8320
	1152 8320
	1152 8352
	0 8352
4
	1888 8320
	1984 8320
	1984 8352
	1888 8352
4
	2016 8320
	2176 8320
	2176 8352
	2016 8352
4
	3968 8320
	4160 8320
	4160 8352
	3968 8352
4
	5344 8320
	5440 8320
	5440 8352
	5344 8352
4
	7392 8320
	7712 8320
	7712 8352
	7392 8352
4
	0 8352
	1152 8352
	1152 8384
	0 8384
4
	1920 8352
	1952 8352
	1952 8384
	1920 8384
4
	2016 8352
	2176 8352
	2176 8384
	2016 8384
4
	4000 8352
	4160 8352
	4160 8384
	4000 8384
4
	5344 8352
	5440 8352
	5440 8384
	5344 8384
4
	7392 8352
	7712 8352
	7712 8384
	7392 8384
4
	0 8384
	1152 8384
	1152 8416
	0 8416
4
	2016 8384
	2112 8384
	2112 8416
	2016 8416
4
	4064 8384
	4160 8384
	4160 8416
	4064 8416
4
	5280 8384
	5952 8384
	5952 8416
	5280 8416
4
	6336 8384
	6976 8384
	6976 8416
	6336 8416
4
	7392 8384
	7712 8384
	7712 8416
	7392 8416
4
	0 8416
	1152 8416
	1152 8448
	0 8448
4
	5280 8416
	6112 8416
	6112 8448
	5280 8448
4
	6208 8416
	7136 8416
	7136 8448
	6208 8448
4
	7232 8416
	7712 8416
	7712 8448
	7232 8448
4
	0 8448
	1152 8448
	1152 8480
	0 8480
4
	5280 8448
	6112 8448
	6112 8480
	5280 8480
4
	6208 8448
	7136 8448
	7136 8480
	6208 8480
4
	7232 8448
	7712 8448
	7712 8480
	7232 8480
4
	0 8480
	1152 8480
	1152 8512
	0 8512
4
	5280 8480
	6112 8480
	6112 8512
	5280 8512
4
	6208 8480
	7136 8480
	7136 8512
	6208 8512
4
	7232 8480
	7712 8480
	7712 8512
	7232 8512
4
	0 8512
	1152 8512
	1152 8544
	0 8544
4
	1920 8512
	1952 8512
	1952 8544
	1920 8544
4
	2016 8512
	2112 8512
	2112 8544
	2016 8544
4
	4064 8512
	4160 8512
	4160 8544
	4064 8544
4
	5312 8512
	5824 8512
	5824 8544
	5312 8544
4
	5856 8512
	5952 8512
	5952 8544
	5856 8544
4
	5984 8512
	6080 8512
	6080 8544
	5984 8544
4
	6336 8512
	6464 8512
	6464 8544
	6336 8544
4
	6496 8512
	6528 8512
	6528 8544
	6496 8544
4
	6624 8512
	6752 8512
	6752 8544
	6624 8544
4
	6880 8512
	7008 8512
	7008 8544
	6880 8544
4
	7360 8512
	7488 8512
	7488 8544
	7360 8544
4
	7616 8512
	7712 8512
	7712 8544
	7616 8544
4
	0 8544
	1152 8544
	1152 8576
	0 8576
4
	1504 8544
	1600 8544
	1600 8576
	1504 8576
4
	1888 8544
	2176 8544
	2176 8576
	1888 8576
4
	4000 8544
	4160 8544
	4160 8576
	4000 8576
4
	5280 8544
	5824 8544
	5824 8576
	5280 8576
4
	5856 8544
	5952 8544
	5952 8576
	5856 8576
4
	5984 8544
	6080 8544
	6080 8576
	5984 8576
4
	6336 8544
	6464 8544
	6464 8576
	6336 8576
4
	6592 8544
	6752 8544
	6752 8576
	6592 8576
4
	7616 8544
	7712 8544
	7712 8576
	7616 8576
4
	0 8576
	1152 8576
	1152 8608
	0 8608
4
	1504 8576
	1600 8576
	1600 8608
	1504 8608
4
	1856 8576
	2176 8576
	2176 8608
	1856 8608
4
	4000 8576
	4160 8576
	4160 8608
	4000 8608
4
	5280 8576
	5824 8576
	5824 8608
	5280 8608
4
	6592 8576
	6752 8576
	6752 8608
	6592 8608
4
	6816 8576
	6912 8576
	6912 8608
	6816 8608
4
	7616 8576
	7712 8576
	7712 8608
	7616 8608
4
	0 8608
	1600 8608
	1600 8640
	0 8640
4
	1888 8608
	2176 8608
	2176 8640
	1888 8640
4
	2848 8608
	2976 8608
	2976 8640
	2848 8640
4
	3776 8608
	3872 8608
	3872 8640
	3776 8640
4
	4064 8608
	4160 8608
	4160 8640
	4064 8640
4
	4352 8608
	5056 8608
	5056 8640
	4352 8640
4
	5280 8608
	5856 8608
	5856 8640
	5280 8640
4
	6592 8608
	6752 8608
	6752 8640
	6592 8640
4
	6816 8608
	6912 8608
	6912 8640
	6816 8640
4
	7616 8608
	7712 8608
	7712 8640
	7616 8640
4
	0 8640
	2112 8640
	2112 8672
	0 8672
4
	2496 8640
	3136 8640
	3136 8672
	2496 8672
4
	3552 8640
	4224 8640
	4224 8672
	3552 8672
4
	4352 8640
	5056 8640
	5056 8672
	4352 8672
4
	5280 8640
	5856 8640
	5856 8672
	5280 8672
4
	6496 8640
	6528 8640
	6528 8672
	6496 8672
4
	6624 8640
	6880 8640
	6880 8672
	6624 8672
4
	7584 8640
	7712 8640
	7712 8672
	7584 8672
4
	0 8672
	2272 8672
	2272 8704
	0 8704
4
	2368 8672
	3168 8672
	3168 8704
	2368 8704
4
	3520 8672
	4224 8672
	4224 8704
	3520 8704
4
	4352 8672
	5056 8672
	5056 8704
	4352 8704
4
	5280 8672
	5792 8672
	5792 8704
	5280 8704
4
	6496 8672
	6528 8672
	6528 8704
	6496 8704
4
	6560 8672
	6784 8672
	6784 8704
	6560 8704
4
	6816 8672
	6880 8672
	6880 8704
	6816 8704
4
	7584 8672
	7712 8672
	7712 8704
	7584 8704
4
	0 8704
	2272 8704
	2272 8736
	0 8736
4
	2368 8704
	3168 8704
	3168 8736
	2368 8736
4
	3520 8704
	4224 8704
	4224 8736
	3520 8736
4
	4352 8704
	5056 8704
	5056 8736
	4352 8736
4
	5280 8704
	5760 8704
	5760 8736
	5280 8736
4
	6560 8704
	6784 8704
	6784 8736
	6560 8736
4
	7488 8704
	7712 8704
	7712 8736
	7488 8736
4
	0 8736
	2272 8736
	2272 8768
	0 8768
4
	2368 8736
	3168 8736
	3168 8768
	2368 8768
4
	3552 8736
	4224 8736
	4224 8768
	3552 8768
4
	4352 8736
	5056 8736
	5056 8768
	4352 8768
4
	5280 8736
	5920 8736
	5920 8768
	5280 8768
4
	6560 8736
	6784 8736
	6784 8768
	6560 8768
4
	7584 8736
	7712 8736
	7712 8768
	7584 8768
4
	0 8768
	2112 8768
	2112 8800
	0 8800
4
	2496 8768
	3168 8768
	3168 8800
	2496 8800
4
	3552 8768
	4192 8768
	4192 8800
	3552 8800
4
	4352 8768
	5056 8768
	5056 8800
	4352 8800
4
	5344 8768
	5920 8768
	5920 8800
	5344 8800
4
	6560 8768
	6848 8768
	6848 8800
	6560 8800
4
	7488 8768
	7712 8768
	7712 8800
	7488 8800
4
	0 8800
	2112 8800
	2112 8832
	0 8832
4
	2496 8800
	3168 8800
	3168 8832
	2496 8832
4
	3552 8800
	4224 8800
	4224 8832
	3552 8832
4
	4384 8800
	4512 8800
	4512 8832
	4384 8832
4
	4608 8800
	4672 8800
	4672 8832
	4608 8832
4
	4704 8800
	4864 8800
	4864 8832
	4704 8832
4
	4928 8800
	5056 8800
	5056 8832
	4928 8832
4
	5344 8800
	5952 8800
	5952 8832
	5344 8832
4
	6624 8800
	6848 8800
	6848 8832
	6624 8832
4
	7488 8800
	7712 8800
	7712 8832
	7488 8832
4
	0 8832
	2112 8832
	2112 8864
	0 8864
4
	2496 8832
	3168 8832
	3168 8864
	2496 8864
4
	3552 8832
	4224 8832
	4224 8864
	3552 8864
4
	4608 8832
	4672 8832
	4672 8864
	4608 8864
4
	4704 8832
	4864 8832
	4864 8864
	4704 8864
4
	5344 8832
	5952 8832
	5952 8864
	5344 8864
4
	6624 8832
	6848 8832
	6848 8864
	6624 8864
4
	7488 8832
	7712 8832
	7712 8864
	7488 8864
4
	0 8864
	2112 8864
	2112 8896
	0 8896
4
	2496 8864
	3200 8864
	3200 8896
	2496 8896
4
	3520 8864
	4224 8864
	4224 8896
	3520 8896
4
	4320 8864
	4416 8864
	4416 8896
	4320 8896
4
	5088 8864
	5184 8864
	5184 8896
	5088 8896
4
	5344 8864
	5952 8864
	5952 8896
	5344 8896
4
	6624 8864
	6848 8864
	6848 8896
	6624 8896
4
	7488 8864
	7712 8864
	7712 8896
	7488 8896
4
	0 8896
	2112 8896
	2112 8928
	0 8928
4
	2496 8896
	3200 8896
	3200 8928
	2496 8928
4
	3488 8896
	5952 8896
	5952 8928
	3488 8928
4
	6560 8896
	6784 8896
	6784 8928
	6560 8928
4
	7488 8896
	7712 8896
	7712 8928
	7488 8928
4
	0 8928
	2112 8928
	2112 8960
	0 8960
4
	2496 8928
	3200 8928
	3200 8960
	2496 8960
4
	3488 8928
	5920 8928
	5920 8960
	3488 8960
4
	6560 8928
	6784 8928
	6784 8960
	6560 8960
4
	7488 8928
	7712 8928
	7712 8960
	7488 8960
4
	0 8960
	2112 8960
	2112 8992
	0 8992
4
	2496 8960
	3200 8960
	3200 8992
	2496 8992
4
	3488 8960
	5824 8960
	5824 8992
	3488 8992
4
	6560 8960
	6784 8960
	6784 8992
	6560 8992
4
	6816 8960
	6848 8960
	6848 8992
	6816 8992
4
	7584 8960
	7712 8960
	7712 8992
	7584 8992
4
	0 8992
	2112 8992
	2112 9024
	0 9024
4
	2496 8992
	3168 8992
	3168 9024
	2496 9024
4
	3552 8992
	4416 8992
	4416 9024
	3552 9024
4
	4832 8992
	4928 8992
	4928 9024
	4832 9024
4
	5119 9023
	5121 9023
	5121 9025
	5119 9025
4
	5151 9023
	5153 9023
	5153 9025
	5151 9025
4
	5120 8992
	5152 8992
	5152 9024
	5120 9024
4
	5344 8992
	5856 8992
	5856 9024
	5344 9024
4
	6560 8992
	6880 8992
	6880 9024
	6560 9024
4
	7584 8992
	7712 8992
	7712 9024
	7584 9024
4
	0 9024
	2112 9024
	2112 9056
	0 9056
4
	2496 9024
	3168 9024
	3168 9056
	2496 9056
4
	3552 9024
	4576 9024
	4576 9056
	3552 9056
4
	4704 9024
	4768 9024
	4768 9056
	4704 9056
4
	4960 9024
	5024 9024
	5024 9056
	4960 9056
4
	5087 9055
	5089 9055
	5089 9057
	5087 9057
4
	5088 9024
	5120 9024
	5120 9056
	5088 9056
4
	5152 9024
	5184 9024
	5184 9056
	5152 9056
4
	5376 9024
	5888 9024
	5888 9056
	5376 9056
4
	6336 9024
	6400 9024
	6400 9056
	6336 9056
4
	6528 9024
	6752 9024
	6752 9056
	6528 9056
4
	6784 9024
	6880 9024
	6880 9056
	6784 9056
4
	7616 9024
	7712 9024
	7712 9056
	7616 9056
4
	0 9056
	2112 9056
	2112 9088
	0 9088
4
	2496 9056
	3168 9056
	3168 9088
	2496 9088
4
	3552 9056
	4576 9056
	4576 9088
	3552 9088
4
	4672 9056
	4800 9056
	4800 9088
	4672 9088
4
	5087 9087
	5089 9087
	5089 9089
	5087 9089
4
	4928 9056
	5088 9056
	5088 9088
	4928 9088
4
	5376 9056
	5888 9056
	5888 9088
	5376 9088
4
	6272 9056
	6464 9056
	6464 9088
	6272 9088
4
	6528 9056
	6752 9056
	6752 9088
	6528 9088
4
	6816 9056
	6880 9056
	6880 9088
	6816 9088
4
	7616 9056
	7712 9056
	7712 9088
	7616 9088
4
	0 9088
	2112 9088
	2112 9120
	0 9120
4
	2496 9088
	3168 9088
	3168 9120
	2496 9120
4
	3552 9088
	4576 9088
	4576 9120
	3552 9120
4
	4672 9088
	4800 9088
	4800 9120
	4672 9120
4
	4928 9088
	5056 9088
	5056 9120
	4928 9120
4
	5119 9119
	5121 9119
	5121 9121
	5119 9121
4
	5088 9088
	5120 9088
	5120 9120
	5088 9120
4
	5151 9119
	5153 9119
	5153 9121
	5151 9121
4
	5152 9088
	5184 9088
	5184 9120
	5152 9120
4
	5376 9088
	5856 9088
	5856 9120
	5376 9120
4
	5920 9088
	6016 9088
	6016 9120
	5920 9120
4
	6272 9088
	6464 9088
	6464 9120
	6272 9120
4
	6592 9088
	6752 9088
	6752 9120
	6592 9120
4
	7616 9088
	7712 9088
	7712 9120
	7616 9120
4
	0 9120
	2112 9120
	2112 9152
	0 9152
4
	2496 9120
	3264 9120
	3264 9152
	2496 9152
4
	3424 9120
	3520 9120
	3520 9152
	3424 9152
4
	3552 9120
	4576 9120
	4576 9152
	3552 9152
4
	4704 9120
	4768 9120
	4768 9152
	4704 9152
4
	4960 9120
	5024 9120
	5024 9152
	4960 9152
4
	5120 9120
	5152 9120
	5152 9152
	5120 9152
4
	5376 9120
	6560 9120
	6560 9152
	5376 9152
4
	6592 9120
	6752 9120
	6752 9152
	6592 9152
4
	6880 9120
	7008 9120
	7008 9152
	6880 9152
4
	7360 9120
	7488 9120
	7488 9152
	7360 9152
4
	7616 9120
	7712 9120
	7712 9152
	7616 9152
4
	0 9152
	2112 9152
	2112 9184
	0 9184
4
	2496 9152
	3264 9152
	3264 9184
	2496 9184
4
	3424 9152
	3520 9152
	3520 9184
	3424 9184
4
	3552 9152
	4576 9152
	4576 9184
	3552 9184
4
	5376 9152
	7136 9152
	7136 9184
	5376 9184
4
	7232 9152
	7712 9152
	7712 9184
	7232 9184
4
	0 9184
	2272 9184
	2272 9216
	0 9216
4
	2368 9184
	3296 9184
	3296 9216
	2368 9216
4
	3392 9184
	4576 9184
	4576 9216
	3392 9216
4
	5376 9184
	7136 9184
	7136 9216
	5376 9216
4
	7232 9184
	7712 9184
	7712 9216
	7232 9216
4
	0 9216
	2272 9216
	2272 9248
	0 9248
4
	2368 9216
	3296 9216
	3296 9248
	2368 9248
4
	3392 9216
	4576 9216
	4576 9248
	3392 9248
4
	5376 9216
	7136 9216
	7136 9248
	5376 9248
4
	7232 9216
	7712 9216
	7712 9248
	7232 9248
4
	0 9248
	2272 9248
	2272 9280
	0 9280
4
	2368 9248
	3296 9248
	3296 9280
	2368 9280
4
	3392 9248
	4576 9248
	4576 9280
	3392 9280
4
	5024 9248
	5088 9248
	5088 9280
	5024 9280
4
	5376 9248
	7136 9248
	7136 9280
	5376 9280
4
	7232 9248
	7712 9248
	7712 9280
	7232 9280
4
	0 9280
	1696 9280
	1696 9312
	0 9312
4
	1760 9280
	1856 9280
	1856 9312
	1760 9312
4
	2016 9280
	2112 9280
	2112 9312
	2016 9312
4
	2528 9280
	3264 9280
	3264 9312
	2528 9312
4
	3424 9280
	3776 9280
	3776 9312
	3424 9312
4
	3808 9280
	4576 9280
	4576 9312
	3808 9312
4
	5024 9280
	5088 9280
	5088 9312
	5024 9312
4
	5376 9280
	6976 9280
	6976 9312
	5376 9312
4
	7040 9280
	7104 9280
	7104 9312
	7040 9312
4
	7232 9280
	7328 9280
	7328 9312
	7232 9312
4
	7392 9280
	7488 9280
	7488 9312
	7392 9312
4
	7520 9280
	7712 9280
	7712 9312
	7520 9312
4
	0 9312
	1696 9312
	1696 9344
	0 9344
4
	1824 9312
	1856 9312
	1856 9344
	1824 9344
4
	2528 9312
	2688 9312
	2688 9344
	2528 9344
4
	2784 9312
	2880 9312
	2880 9344
	2784 9344
4
	3040 9312
	3136 9312
	3136 9344
	3040 9344
4
	3552 9312
	3648 9312
	3648 9344
	3552 9344
4
	3808 9312
	4576 9312
	4576 9344
	3808 9344
4
	5376 9312
	6304 9312
	6304 9344
	5376 9344
4
	6368 9312
	6752 9312
	6752 9344
	6368 9344
4
	6880 9312
	6976 9312
	6976 9344
	6880 9344
4
	7040 9312
	7104 9312
	7104 9344
	7040 9344
4
	7232 9312
	7296 9312
	7296 9344
	7232 9344
4
	7392 9312
	7488 9312
	7488 9344
	7392 9344
4
	7520 9312
	7712 9312
	7712 9344
	7520 9344
4
	0 9344
	1664 9344
	1664 9376
	0 9376
4
	1824 9344
	1856 9344
	1856 9376
	1824 9376
4
	2528 9344
	2688 9344
	2688 9376
	2528 9376
4
	3808 9344
	4576 9344
	4576 9376
	3808 9376
4
	5376 9344
	6304 9344
	6304 9376
	5376 9376
4
	6432 9344
	6752 9344
	6752 9376
	6432 9376
4
	7520 9344
	7712 9344
	7712 9376
	7520 9376
4
	0 9376
	1664 9376
	1664 9408
	0 9408
4
	1824 9376
	1920 9376
	1920 9408
	1824 9408
4
	1984 9376
	2048 9376
	2048 9408
	1984 9408
4
	2528 9376
	2688 9376
	2688 9408
	2528 9408
4
	3808 9376
	4576 9376
	4576 9408
	3808 9408
4
	5376 9376
	6304 9376
	6304 9408
	5376 9408
4
	6432 9376
	6752 9376
	6752 9408
	6432 9408
4
	7520 9376
	7712 9376
	7712 9408
	7520 9408
4
	0 9408
	1664 9408
	1664 9440
	0 9440
4
	2496 9408
	2688 9408
	2688 9440
	2496 9440
4
	3744 9408
	4576 9408
	4576 9440
	3744 9440
4
	4832 9408
	4928 9408
	4928 9440
	4832 9440
4
	5344 9408
	6304 9408
	6304 9440
	5344 9440
4
	6432 9408
	6656 9408
	6656 9440
	6432 9440
4
	7520 9408
	7712 9408
	7712 9440
	7520 9440
4
	0 9440
	1664 9440
	1664 9472
	0 9472
4
	2496 9440
	2688 9440
	2688 9472
	2496 9472
4
	3744 9440
	4576 9440
	4576 9472
	3744 9472
4
	4832 9440
	6304 9440
	6304 9472
	4832 9472
4
	6432 9440
	6656 9440
	6656 9472
	6432 9472
4
	7520 9440
	7712 9440
	7712 9472
	7520 9472
4
	0 9472
	1856 9472
	1856 9504
	0 9504
4
	2496 9472
	2688 9472
	2688 9504
	2496 9504
4
	3744 9472
	4416 9472
	4416 9504
	3744 9504
4
	4800 9472
	6208 9472
	6208 9504
	4800 9504
4
	6432 9472
	6656 9472
	6656 9504
	6432 9504
4
	7584 9472
	7712 9472
	7712 9504
	7584 9504
4
	0 9504
	1856 9504
	1856 9536
	0 9536
4
	2496 9504
	2688 9504
	2688 9536
	2496 9536
4
	3040 9504
	3616 9504
	3616 9536
	3040 9536
4
	3744 9504
	4416 9504
	4416 9536
	3744 9536
4
	4832 9504
	4928 9504
	4928 9536
	4832 9536
4
	4960 9504
	5184 9504
	5184 9536
	4960 9536
4
	5600 9504
	6208 9504
	6208 9536
	5600 9536
4
	6432 9504
	6656 9504
	6656 9536
	6432 9536
4
	7520 9504
	7712 9504
	7712 9536
	7520 9536
4
	0 9536
	1856 9536
	1856 9568
	0 9568
4
	2496 9536
	2752 9536
	2752 9568
	2496 9568
4
	3040 9536
	3616 9536
	3616 9568
	3040 9568
4
	3744 9536
	4384 9536
	4384 9568
	3744 9568
4
	4960 9536
	5184 9536
	5184 9568
	4960 9568
4
	5632 9536
	5696 9536
	5696 9568
	5632 9568
4
	6112 9536
	6240 9536
	6240 9568
	6112 9568
4
	6432 9536
	6656 9536
	6656 9568
	6432 9568
4
	7296 9536
	7392 9536
	7392 9568
	7296 9568
4
	7456 9536
	7712 9536
	7712 9568
	7456 9568
4
	0 9568
	1920 9568
	1920 9600
	0 9600
4
	2496 9568
	2752 9568
	2752 9600
	2496 9600
4
	3040 9568
	3616 9568
	3616 9600
	3040 9600
4
	3744 9568
	4384 9568
	4384 9600
	3744 9600
4
	5024 9568
	5184 9568
	5184 9600
	5024 9600
4
	5632 9568
	5696 9568
	5696 9600
	5632 9600
4
	6112 9568
	6240 9568
	6240 9600
	6112 9600
4
	6432 9568
	6656 9568
	6656 9600
	6432 9600
4
	7296 9568
	7392 9568
	7392 9600
	7296 9600
4
	7456 9568
	7712 9568
	7712 9600
	7456 9600
4
	0 9600
	1920 9600
	1920 9632
	0 9632
4
	2496 9600
	2752 9600
	2752 9632
	2496 9632
4
	3040 9600
	3616 9600
	3616 9632
	3040 9632
4
	3744 9600
	4416 9600
	4416 9632
	3744 9632
4
	4448 9600
	4480 9600
	4480 9632
	4448 9632
4
	5632 9600
	5696 9600
	5696 9632
	5632 9632
4
	6112 9600
	6240 9600
	6240 9632
	6112 9632
4
	6432 9600
	6656 9600
	6656 9632
	6432 9632
4
	7264 9600
	7392 9600
	7392 9632
	7264 9632
4
	7520 9600
	7712 9600
	7712 9632
	7520 9632
4
	0 9632
	1920 9632
	1920 9664
	0 9664
4
	2496 9632
	2752 9632
	2752 9664
	2496 9664
4
	3744 9632
	4480 9632
	4480 9664
	3744 9664
4
	5600 9632
	5696 9632
	5696 9664
	5600 9664
4
	6112 9632
	6240 9632
	6240 9664
	6112 9664
4
	6496 9632
	6624 9632
	6624 9664
	6496 9664
4
	7264 9632
	7328 9632
	7328 9664
	7264 9664
4
	7616 9632
	7712 9632
	7712 9664
	7616 9664
4
	0 9664
	1920 9664
	1920 9696
	0 9696
4
	2496 9664
	2656 9664
	2656 9696
	2496 9696
4
	3744 9664
	4480 9664
	4480 9696
	3744 9696
4
	5600 9664
	5696 9664
	5696 9696
	5600 9696
4
	6112 9664
	6208 9664
	6208 9696
	6112 9696
4
	7263 9695
	7265 9695
	7265 9697
	7263 9697
4
	7264 9664
	7328 9664
	7328 9696
	7264 9696
4
	7520 9664
	7712 9664
	7712 9696
	7520 9696
4
	0 9696
	1856 9696
	1856 9728
	0 9728
4
	2496 9696
	2656 9696
	2656 9728
	2496 9728
4
	3744 9696
	4480 9696
	4480 9728
	3744 9728
4
	6624 9696
	6720 9696
	6720 9728
	6624 9728
4
	7136 9696
	7264 9696
	7264 9728
	7136 9728
4
	7488 9696
	7712 9696
	7712 9728
	7488 9728
4
	0 9728
	1856 9728
	1856 9760
	0 9760
4
	2496 9728
	2656 9728
	2656 9760
	2496 9760
4
	3744 9728
	4480 9728
	4480 9760
	3744 9760
4
	6624 9728
	6720 9728
	6720 9760
	6624 9760
4
	7136 9728
	7264 9728
	7264 9760
	7136 9760
4
	7488 9728
	7712 9728
	7712 9760
	7488 9760
4
	0 9760
	1728 9760
	1728 9792
	0 9792
4
	2528 9760
	2656 9760
	2656 9792
	2528 9792
4
	3744 9760
	4480 9760
	4480 9792
	3744 9792
4
	5600 9760
	5664 9760
	5664 9792
	5600 9792
4
	6624 9760
	6720 9760
	6720 9792
	6624 9792
4
	7136 9760
	7264 9760
	7264 9792
	7136 9792
4
	7488 9760
	7712 9760
	7712 9792
	7488 9792
4
	0 9792
	1600 9792
	1600 9824
	0 9824
4
	2144 9792
	2208 9792
	2208 9824
	2144 9824
4
	2432 9792
	2496 9792
	2496 9824
	2432 9824
4
	2528 9792
	2656 9792
	2656 9824
	2528 9824
4
	3744 9792
	4480 9792
	4480 9824
	3744 9824
4
	5600 9792
	5696 9792
	5696 9824
	5600 9824
4
	6112 9792
	6208 9792
	6208 9824
	6112 9824
4
	7200 9792
	7296 9792
	7296 9824
	7200 9824
4
	7520 9792
	7712 9792
	7712 9824
	7520 9824
4
	0 9824
	1600 9824
	1600 9856
	0 9856
4
	2080 9824
	2272 9824
	2272 9856
	2080 9856
4
	2400 9824
	2656 9824
	2656 9856
	2400 9856
4
	4479 9855
	4481 9855
	4481 9857
	4479 9857
4
	3744 9824
	4480 9824
	4480 9856
	3744 9856
4
	5632 9824
	5696 9824
	5696 9856
	5632 9856
4
	6112 9824
	6208 9824
	6208 9856
	6112 9856
4
	7232 9824
	7328 9824
	7328 9856
	7232 9856
4
	7616 9824
	7712 9824
	7712 9856
	7616 9856
4
	0 9856
	1600 9856
	1600 9888
	0 9888
4
	1856 9856
	1920 9856
	1920 9888
	1856 9888
4
	2016 9856
	2272 9856
	2272 9888
	2016 9888
4
	2432 9856
	2656 9856
	2656 9888
	2432 9888
4
	3040 9856
	3616 9856
	3616 9888
	3040 9888
4
	3744 9856
	4448 9856
	4448 9888
	3744 9888
4
	4480 9856
	4544 9856
	4544 9888
	4480 9888
4
	4607 9887
	4609 9887
	4609 9889
	4607 9889
4
	4576 9856
	4608 9856
	4608 9888
	4576 9888
4
	4735 9887
	4737 9887
	4737 9889
	4735 9889
4
	4736 9856
	4768 9856
	4768 9888
	4736 9888
4
	4800 9856
	4832 9856
	4832 9888
	4800 9888
4
	5024 9856
	5088 9856
	5088 9888
	5024 9888
4
	5632 9856
	5696 9856
	5696 9888
	5632 9888
4
	6112 9856
	6208 9856
	6208 9888
	6112 9888
4
	7264 9856
	7296 9856
	7296 9888
	7264 9888
4
	7520 9856
	7712 9856
	7712 9888
	7520 9888
4
	0 9888
	1792 9888
	1792 9920
	0 9920
4
	1824 9888
	2272 9888
	2272 9920
	1824 9920
4
	2368 9888
	2656 9888
	2656 9920
	2368 9920
4
	3040 9888
	3616 9888
	3616 9920
	3040 9920
4
	3744 9888
	4416 9888
	4416 9920
	3744 9920
4
	4608 9888
	4640 9888
	4640 9920
	4608 9920
4
	4735 9919
	4737 9919
	4737 9921
	4735 9921
4
	4704 9888
	4736 9888
	4736 9920
	4704 9920
4
	4896 9888
	5184 9888
	5184 9920
	4896 9920
4
	5632 9888
	5696 9888
	5696 9920
	5632 9920
4
	6112 9888
	6208 9888
	6208 9920
	6112 9920
4
	7520 9888
	7712 9888
	7712 9920
	7520 9920
4
	0 9920
	2656 9920
	2656 9952
	0 9952
4
	3040 9920
	3616 9920
	3616 9952
	3040 9952
4
	3744 9920
	4448 9920
	4448 9952
	3744 9952
4
	4480 9920
	4544 9920
	4544 9952
	4480 9952
4
	4575 9951
	4577 9951
	4577 9953
	4575 9953
4
	4576 9920
	4640 9920
	4640 9952
	4576 9952
4
	4736 9920
	4768 9920
	4768 9952
	4736 9952
4
	4800 9920
	5184 9920
	5184 9952
	4800 9952
4
	5600 9920
	6208 9920
	6208 9952
	5600 9952
4
	7520 9920
	7712 9920
	7712 9952
	7520 9952
4
	0 9952
	2688 9952
	2688 9984
	0 9984
4
	3040 9952
	3616 9952
	3616 9984
	3040 9984
4
	3744 9952
	4576 9952
	4576 9984
	3744 9984
4
	4736 9952
	5184 9952
	5184 9984
	4736 9984
4
	5600 9952
	6208 9952
	6208 9984
	5600 9984
4
	6432 9952
	6496 9952
	6496 9984
	6432 9984
4
	7360 9952
	7456 9952
	7456 9984
	7360 9984
4
	7520 9952
	7712 9952
	7712 9984
	7520 9984
4
	0 9984
	2688 9984
	2688 10016
	0 10016
4
	3744 9984
	5184 9984
	5184 10016
	3744 10016
4
	5600 9984
	6208 9984
	6208 10016
	5600 10016
4
	6240 9984
	6272 9984
	6272 10016
	6240 10016
4
	6432 9984
	6528 9984
	6528 10016
	6432 10016
4
	7328 9984
	7456 9984
	7456 10016
	7328 10016
4
	7520 9984
	7712 9984
	7712 10016
	7520 10016
4
	0 10016
	2688 10016
	2688 10048
	0 10048
4
	3744 10016
	5184 10016
	5184 10048
	3744 10048
4
	5600 10016
	6272 10016
	6272 10048
	5600 10048
4
	6336 10016
	6400 10016
	6400 10048
	6336 10048
4
	6464 10016
	6528 10016
	6528 10048
	6464 10048
4
	7296 10016
	7456 10016
	7456 10048
	7296 10048
4
	7520 10016
	7712 10016
	7712 10048
	7520 10048
4
	0 10048
	2624 10048
	2624 10080
	0 10080
4
	3744 10048
	5152 10048
	5152 10080
	3744 10080
4
	5216 10048
	5248 10048
	5248 10080
	5216 10080
4
	5632 10048
	6208 10048
	6208 10080
	5632 10080
4
	6464 10048
	6528 10048
	6528 10080
	6464 10080
4
	7296 10048
	7456 10048
	7456 10080
	7296 10080
4
	7552 10048
	7712 10048
	7712 10080
	7552 10080
4
	0 10080
	2624 10080
	2624 10112
	0 10112
4
	3744 10080
	5152 10080
	5152 10112
	3744 10112
4
	5632 10080
	6208 10080
	6208 10112
	5632 10112
4
	7648 10080
	7712 10080
	7712 10112
	7648 10112
4
	0 10112
	2624 10112
	2624 10144
	0 10144
4
	3040 10112
	3136 10112
	3136 10144
	3040 10144
4
	3744 10112
	5152 10112
	5152 10144
	3744 10144
4
	5632 10112
	6208 10112
	6208 10144
	5632 10144
4
	6496 10112
	6560 10112
	6560 10144
	6496 10144
4
	7552 10112
	7616 10112
	7616 10144
	7552 10144
4
	7648 10112
	7712 10112
	7712 10144
	7648 10144
4
	0 10144
	2624 10144
	2624 10176
	0 10176
4
	2656 10144
	3520 10144
	3520 10176
	2656 10176
4
	3552 10144
	5184 10144
	5184 10176
	3552 10176
4
	5600 10144
	6208 10144
	6208 10176
	5600 10176
4
	6368 10144
	6464 10144
	6464 10176
	6368 10176
4
	6496 10144
	6592 10144
	6592 10176
	6496 10176
4
	6624 10144
	6720 10144
	6720 10176
	6624 10176
4
	6880 10144
	6976 10144
	6976 10176
	6880 10176
4
	7008 10144
	7360 10144
	7360 10176
	7008 10176
4
	7392 10144
	7616 10144
	7616 10176
	7392 10176
4
	7648 10144
	7712 10144
	7712 10176
	7648 10176
4
	0 10176
	5184 10176
	5184 10208
	0 10208
4
	5600 10176
	5664 10176
	5664 10208
	5600 10208
4
	5696 10176
	7712 10176
	7712 10208
	5696 10208
4
	0 10208
	5120 10208
	5120 10240
	0 10240
4
	5824 10208
	7712 10208
	7712 10240
	5824 10240
4
	0 10240
	5120 10240
	5120 10272
	0 10272
4
	5824 10240
	7712 10240
	7712 10272
	5824 10272
4
	0 10272
	5184 10272
	5184 10304
	0 10304
4
	5600 10272
	5664 10272
	5664 10304
	5600 10304
4
	5824 10272
	7712 10272
	7712 10304
	5824 10304
4
	0 10304
	5184 10304
	5184 10336
	0 10336
4
	5600 10304
	7712 10304
	7712 10336
	5600 10336
4
	0 10336
	5152 10336
	5152 10368
	0 10368
4
	5632 10336
	7712 10336
	7712 10368
	5632 10368
4
	0 10368
	5152 10368
	5152 10400
	0 10400
4
	5536 10368
	7712 10368
	7712 10400
	5536 10400
4
	0 10400
	5152 10400
	5152 10432
	0 10432
4
	5312 10400
	7712 10400
	7712 10432
	5312 10432
4
	0 10432
	5184 10432
	5184 10464
	0 10464
4
	5312 10432
	7712 10432
	7712 10464
	5312 10464
4
	0 10464
	5184 10464
	5184 10496
	0 10496
4
	5312 10464
	7712 10464
	7712 10496
	5312 10496
4
	-32 -32
	7744 -32
	7744 0
	-32 0
4
	-32 10496
	7744 10496
	7744 10528
	-32 10528
4
	-32 0
	0 0
	0 10496
	-32 10496
4
	7712 0
	7744 0
	7744 10496
	7712 10496
