121
4
	0 0
	1216 0
	1216 32
	0 32
4
	0 32
	1216 32
	1216 64
	0 64
4
	0 64
	224 64
	224 96
	0 96
4
	800 64
	1216 64
	1216 96
	800 96
4
	0 96
	224 96
	224 128
	0 128
4
	352 96
	416 96
	416 128
	352 128
4
	800 96
	1216 96
	1216 128
	800 128
4
	0 128
	224 128
	224 160
	0 160
4
	320 128
	448 128
	448 160
	320 160
4
	864 128
	1216 128
	1216 160
	864 160
4
	0 160
	160 160
	160 192
	0 192
4
	320 160
	448 160
	448 192
	320 192
4
	864 160
	1216 160
	1216 192
	864 192
4
	0 192
	160 192
	160 224
	0 224
4
	352 192
	416 192
	416 224
	352 224
4
	832 192
	1216 192
	1216 224
	832 224
4
	0 224
	160 224
	160 256
	0 256
4
	352 224
	416 224
	416 256
	352 256
4
	832 224
	1216 224
	1216 256
	832 256
4
	0 256
	160 256
	160 288
	0 288
4
	832 256
	1216 256
	1216 288
	832 288
4
	0 288
	160 288
	160 320
	0 320
4
	832 288
	1216 288
	1216 320
	832 320
4
	0 320
	160 320
	160 352
	0 352
4
	896 320
	1216 320
	1216 352
	896 352
4
	0 352
	224 352
	224 384
	0 384
4
	832 352
	1216 352
	1216 384
	832 384
4
	0 384
	256 384
	256 416
	0 416
4
	864 384
	1216 384
	1216 416
	864 416
4
	0 416
	256 416
	256 448
	0 448
4
	672 416
	736 416
	736 448
	672 448
4
	864 416
	1216 416
	1216 448
	864 448
4
	0 448
	352 448
	352 480
	0 480
4
	672 448
	736 448
	736 480
	672 480
4
	960 448
	1216 448
	1216 480
	960 480
4
	0 480
	416 480
	416 512
	0 512
4
	960 480
	1216 480
	1216 512
	960 512
4
	0 512
	416 512
	416 544
	0 544
4
	1088 512
	1216 512
	1216 544
	1088 544
4
	0 544
	416 544
	416 576
	0 576
4
	1088 544
	1216 544
	1216 576
	1088 576
4
	0 576
	416 576
	416 608
	0 608
4
	1088 576
	1216 576
	1216 608
	1088 608
4
	0 608
	352 608
	352 640
	0 640
4
	896 608
	960 608
	960 640
	896 640
4
	1024 608
	1216 608
	1216 640
	1024 640
4
	0 640
	192 640
	192 672
	0 672
4
	864 640
	960 640
	960 672
	864 672
4
	1024 640
	1216 640
	1216 672
	1024 672
4
	0 672
	192 672
	192 704
	0 704
4
	864 672
	960 672
	960 704
	864 704
4
	1024 672
	1216 672
	1216 704
	1024 704
4
	0 704
	192 704
	192 736
	0 736
4
	896 704
	960 704
	960 736
	896 736
4
	1024 704
	1216 704
	1216 736
	1024 736
4
	0 736
	192 736
	192 768
	0 768
4
	352 736
	448 736
	448 768
	352 768
4
	736 736
	960 736
	960 768
	736 768
4
	1024 736
	1216 736
	1216 768
	1024 768
4
	0 768
	576 768
	576 800
	0 800
4
	736 768
	960 768
	960 800
	736 800
4
	1024 768
	1216 768
	1216 800
	1024 800
4
	0 800
	576 800
	576 832
	0 832
4
	736 800
	960 800
	960 832
	736 832
4
	1024 800
	1216 800
	1216 832
	1024 832
4
	0 832
	544 832
	544 864
	0 864
4
	864 832
	960 832
	960 864
	864 864
4
	1024 832
	1216 832
	1216 864
	1024 864
4
	0 864
	544 864
	544 896
	0 896
4
	864 864
	960 864
	960 896
	864 896
4
	1024 864
	1216 864
	1216 896
	1024 896
4
	0 896
	544 896
	544 928
	0 928
4
	864 896
	960 896
	960 928
	864 928
4
	1024 896
	1216 896
	1216 928
	1024 928
4
	0 928
	544 928
	544 960
	0 960
4
	864 928
	960 928
	960 960
	864 960
4
	1024 928
	1216 928
	1216 960
	1024 960
4
	0 960
	544 960
	544 992
	0 992
4
	896 960
	960 960
	960 992
	896 992
4
	1056 960
	1216 960
	1216 992
	1056 992
4
	0 992
	544 992
	544 1024
	0 1024
4
	1056 992
	1216 992
	1216 1024
	1056 1024
4
	0 1024
	640 1024
	640 1056
	0 1056
4
	1088 1024
	1216 1024
	1216 1056
	1088 1056
4
	0 1056
	640 1056
	640 1088
	0 1088
4
	1088 1056
	1216 1056
	1216 1088
	1088 1088
4
	0 1088
	640 1088
	640 1120
	0 1120
4
	1088 1088
	1216 1088
	1216 1120
	1088 1120
4
	0 1120
	640 1120
	640 1152
	0 1152
4
	1088 1120
	1216 1120
	1216 1152
	1088 1152
4
	0 1152
	640 1152
	640 1184
	0 1184
4
	1088 1152
	1216 1152
	1216 1184
	1088 1184
4
	0 1184
	640 1184
	640 1216
	0 1216
4
	1152 1184
	1216 1184
	1216 1216
	1152 1216
4
	0 1216
	64 1216
	64 1248
	0 1248
4
	1152 1216
	1216 1216
	1216 1248
	1152 1248
4
	0 1248
	64 1248
	64 1280
	0 1280
4
	1152 1248
	1216 1248
	1216 1280
	1152 1280
4
	1152 1280
	1216 1280
	1216 1312
	1152 1312
4
	1152 1312
	1216 1312
	1216 1344
	1152 1344
4
	0 1344
	64 1344
	64 1376
	0 1376
4
	736 1344
	992 1344
	992 1376
	736 1376
4
	1088 1344
	1216 1344
	1216 1376
	1088 1376
4
	0 1376
	64 1376
	64 1408
	0 1408
4
	736 1376
	992 1376
	992 1408
	736 1408
4
	1056 1376
	1216 1376
	1216 1408
	1056 1408
4
	0 1408
	64 1408
	64 1440
	0 1440
4
	736 1408
	1216 1408
	1216 1440
	736 1440
4
	0 1440
	64 1440
	64 1472
	0 1472
4
	736 1440
	1216 1440
	1216 1472
	736 1472
4
	0 1472
	64 1472
	64 1504
	0 1504
4
	768 1472
	1216 1472
	1216 1504
	768 1504
4
	0 1504
	64 1504
	64 1536
	0 1536
4
	192 1504
	352 1504
	352 1536
	192 1536
4
	768 1504
	1216 1504
	1216 1536
	768 1536
4
	0 1536
	1216 1536
	1216 1568
	0 1568
4
	0 1568
	1216 1568
	1216 1600
	0 1600
4
	-32 -32
	1248 -32
	1248 0
	-32 0
4
	-32 1600
	1248 1600
	1248 1632
	-32 1632
4
	-32 0
	0 0
	0 1600
	-32 1600
4
	1216 0
	1248 0
	1248 1600
	1216 1600
