80
4
	0 0
	896 0
	896 32
	0 32
4
	0 32
	896 32
	896 64
	0 64
4
	0 64
	896 64
	896 96
	0 96
4
	0 96
	896 96
	896 128
	0 128
4
	0 128
	192 128
	192 160
	0 160
4
	768 128
	896 128
	896 160
	768 160
4
	0 160
	192 160
	192 192
	0 192
4
	832 160
	896 160
	896 192
	832 192
4
	0 192
	160 192
	160 224
	0 224
4
	832 192
	896 192
	896 224
	832 224
4
	0 224
	160 224
	160 256
	0 256
4
	832 224
	896 224
	896 256
	832 256
4
	0 256
	192 256
	192 288
	0 288
4
	832 256
	896 256
	896 288
	832 288
4
	0 288
	192 288
	192 320
	0 320
4
	352 288
	512 288
	512 320
	352 320
4
	832 288
	896 288
	896 320
	832 320
4
	0 320
	192 320
	192 352
	0 352
4
	352 320
	512 320
	512 352
	352 352
4
	640 320
	672 320
	672 352
	640 352
4
	832 320
	896 320
	896 352
	832 352
4
	0 352
	256 352
	256 384
	0 384
4
	352 352
	576 352
	576 384
	352 384
4
	608 352
	704 352
	704 384
	608 384
4
	832 352
	896 352
	896 384
	832 384
4
	0 384
	256 384
	256 416
	0 416
4
	352 384
	704 384
	704 416
	352 416
4
	832 384
	896 384
	896 416
	832 416
4
	0 416
	256 416
	256 448
	0 448
4
	352 416
	704 416
	704 448
	352 448
4
	832 416
	896 416
	896 448
	832 448
4
	0 448
	256 448
	256 480
	0 480
4
	352 448
	704 448
	704 480
	352 480
4
	832 448
	896 448
	896 480
	832 480
4
	0 480
	704 480
	704 512
	0 512
4
	832 480
	896 480
	896 512
	832 512
4
	0 512
	704 512
	704 544
	0 544
4
	832 512
	896 512
	896 544
	832 544
4
	0 544
	704 544
	704 576
	0 576
4
	832 544
	896 544
	896 576
	832 576
4
	0 576
	672 576
	672 608
	0 608
4
	832 576
	896 576
	896 608
	832 608
4
	0 608
	640 608
	640 640
	0 640
4
	832 608
	896 608
	896 640
	832 640
4
	0 640
	320 640
	320 672
	0 672
4
	832 640
	896 640
	896 672
	832 672
4
	0 672
	352 672
	352 704
	0 704
4
	768 672
	896 672
	896 704
	768 704
4
	0 704
	320 704
	320 736
	0 736
4
	768 704
	896 704
	896 736
	768 736
4
	0 736
	288 736
	288 768
	0 768
4
	768 736
	896 736
	896 768
	768 768
4
	0 768
	288 768
	288 800
	0 800
4
	736 768
	896 768
	896 800
	736 800
4
	0 800
	288 800
	288 832
	0 832
4
	736 800
	896 800
	896 832
	736 832
4
	0 832
	288 832
	288 864
	0 864
4
	736 832
	896 832
	896 864
	736 864
4
	0 864
	160 864
	160 896
	0 896
4
	192 864
	224 864
	224 896
	192 896
4
	256 864
	288 864
	288 896
	256 896
4
	736 864
	896 864
	896 896
	736 896
4
	0 896
	160 896
	160 928
	0 928
4
	256 896
	288 896
	288 928
	256 928
4
	768 896
	800 896
	800 928
	768 928
4
	832 896
	896 896
	896 928
	832 928
4
	0 928
	224 928
	224 960
	0 960
4
	832 928
	896 928
	896 960
	832 960
4
	0 960
	352 960
	352 992
	0 992
4
	672 960
	896 960
	896 992
	672 992
4
	0 992
	384 992
	384 1024
	0 1024
4
	672 992
	896 992
	896 1024
	672 1024
4
	0 1024
	480 1024
	480 1056
	0 1056
4
	544 1024
	896 1024
	896 1056
	544 1056
4
	0 1056
	480 1056
	480 1088
	0 1088
4
	544 1056
	896 1056
	896 1088
	544 1088
4
	-32 -32
	928 -32
	928 0
	-32 0
4
	-32 1088
	928 1088
	928 1120
	-32 1120
4
	-32 0
	0 0
	0 1088
	-32 1088
4
	896 0
	928 0
	928 1088
	896 1088
