130
4
	0 0
	2368 0
	2368 32
	0 32
4
	0 32
	2368 32
	2368 64
	0 64
4
	0 64
	1120 64
	1120 96
	0 96
4
	1248 64
	1568 64
	1568 96
	1248 96
4
	1792 64
	2368 64
	2368 96
	1792 96
4
	0 96
	704 96
	704 128
	0 128
4
	800 96
	1088 96
	1088 128
	800 128
4
	1312 96
	1504 96
	1504 128
	1312 128
4
	1792 96
	2368 96
	2368 128
	1792 128
4
	0 128
	704 128
	704 160
	0 160
4
	960 128
	1088 128
	1088 160
	960 160
4
	1280 128
	1536 128
	1536 160
	1280 160
4
	1792 128
	2368 128
	2368 160
	1792 160
4
	0 160
	320 160
	320 192
	0 192
4
	416 160
	704 160
	704 192
	416 192
4
	960 160
	1088 160
	1088 192
	960 192
4
	1280 160
	1536 160
	1536 192
	1280 192
4
	1792 160
	2368 160
	2368 192
	1792 192
4
	0 192
	96 192
	96 224
	0 224
4
	448 192
	640 192
	640 224
	448 224
4
	960 192
	1088 192
	1088 224
	960 224
4
	1280 192
	1536 192
	1536 224
	1280 224
4
	1792 192
	2368 192
	2368 224
	1792 224
4
	0 224
	96 224
	96 256
	0 256
4
	480 224
	576 224
	576 256
	480 256
4
	960 224
	1120 224
	1120 256
	960 256
4
	1280 224
	1536 224
	1536 256
	1280 256
4
	1792 224
	2368 224
	2368 256
	1792 256
4
	0 256
	96 256
	96 288
	0 288
4
	960 256
	1120 256
	1120 288
	960 288
4
	1280 256
	1536 256
	1536 288
	1280 288
4
	1792 256
	2368 256
	2368 288
	1792 288
4
	0 288
	384 288
	384 320
	0 320
4
	928 288
	1120 288
	1120 320
	928 320
4
	1280 288
	1376 288
	1376 320
	1280 320
4
	1440 288
	1536 288
	1536 320
	1440 320
4
	1792 288
	2368 288
	2368 320
	1792 320
4
	0 320
	384 320
	384 352
	0 352
4
	448 320
	576 320
	576 352
	448 352
4
	992 320
	1088 320
	1088 352
	992 352
4
	1792 320
	1856 320
	1856 352
	1792 352
4
	2080 320
	2368 320
	2368 352
	2080 352
4
	0 352
	640 352
	640 384
	0 384
4
	992 352
	1056 352
	1056 384
	992 384
4
	1792 352
	1856 352
	1856 384
	1792 384
4
	2176 352
	2368 352
	2368 384
	2176 384
4
	0 384
	640 384
	640 416
	0 416
4
	2208 384
	2368 384
	2368 416
	2208 416
4
	0 416
	640 416
	640 448
	0 448
4
	2272 416
	2368 416
	2368 448
	2272 448
4
	0 448
	832 448
	832 480
	0 480
4
	992 448
	1088 448
	1088 480
	992 480
4
	1792 448
	1856 448
	1856 480
	1792 480
4
	2304 448
	2368 448
	2368 480
	2304 480
4
	0 480
	832 480
	832 512
	0 512
4
	992 480
	1088 480
	1088 512
	992 512
4
	1792 480
	1856 480
	1856 512
	1792 512
4
	2304 480
	2368 480
	2368 512
	2304 512
4
	0 512
	832 512
	832 544
	0 544
4
	992 512
	1088 512
	1088 544
	992 544
4
	1728 512
	1888 512
	1888 544
	1728 544
4
	2304 512
	2368 512
	2368 544
	2304 544
4
	0 544
	832 544
	832 576
	0 576
4
	992 544
	1120 544
	1120 576
	992 576
4
	1728 544
	1952 544
	1952 576
	1728 576
4
	2112 544
	2368 544
	2368 576
	2112 576
4
	0 576
	896 576
	896 608
	0 608
4
	960 576
	1120 576
	1120 608
	960 608
4
	1696 576
	1952 576
	1952 608
	1696 608
4
	2112 576
	2368 576
	2368 608
	2112 608
4
	0 608
	896 608
	896 640
	0 640
4
	960 608
	1120 608
	1120 640
	960 640
4
	1696 608
	1952 608
	1952 640
	1696 640
4
	2112 608
	2368 608
	2368 640
	2112 640
4
	0 640
	896 640
	896 672
	0 672
4
	960 640
	1120 640
	1120 672
	960 672
4
	1696 640
	1984 640
	1984 672
	1696 672
4
	2112 640
	2368 640
	2368 672
	2112 672
4
	0 672
	1120 672
	1120 704
	0 704
4
	1696 672
	1984 672
	1984 704
	1696 704
4
	2112 672
	2368 672
	2368 704
	2112 704
4
	0 704
	1280 704
	1280 736
	0 736
4
	1696 704
	1984 704
	1984 736
	1696 736
4
	2112 704
	2368 704
	2368 736
	2112 736
4
	0 736
	1408 736
	1408 768
	0 768
4
	1472 736
	1568 736
	1568 768
	1472 768
4
	1600 736
	2048 736
	2048 768
	1600 768
4
	2112 736
	2368 736
	2368 768
	2112 768
4
	0 768
	1408 768
	1408 800
	0 800
4
	1472 768
	2368 768
	2368 800
	1472 800
4
	0 800
	1408 800
	1408 832
	0 832
4
	1472 800
	2368 800
	2368 832
	1472 832
4
	0 832
	1088 832
	1088 864
	0 864
4
	1536 832
	1664 832
	1664 864
	1536 864
4
	1792 832
	2368 832
	2368 864
	1792 864
4
	0 864
	1088 864
	1088 896
	0 896
4
	1536 864
	1664 864
	1664 896
	1536 896
4
	1792 864
	2368 864
	2368 896
	1792 896
4
	0 896
	1088 896
	1088 928
	0 928
4
	1728 896
	2368 896
	2368 928
	1728 928
4
	0 928
	1152 928
	1152 960
	0 960
4
	1728 928
	2368 928
	2368 960
	1728 960
4
	0 960
	1152 960
	1152 992
	0 992
4
	1728 960
	2368 960
	2368 992
	1728 992
4
	0 992
	1152 992
	1152 1024
	0 1024
4
	1728 992
	2368 992
	2368 1024
	1728 1024
4
	0 1024
	1152 1024
	1152 1056
	0 1056
4
	1728 1024
	2368 1024
	2368 1056
	1728 1056
4
	0 1056
	1152 1056
	1152 1088
	0 1088
4
	1728 1056
	2368 1056
	2368 1088
	1728 1088
4
	0 1088
	1152 1088
	1152 1120
	0 1120
4
	1728 1088
	2368 1088
	2368 1120
	1728 1120
4
	0 1120
	1152 1120
	1152 1152
	0 1152
4
	1760 1120
	2368 1120
	2368 1152
	1760 1152
4
	0 1152
	1152 1152
	1152 1184
	0 1184
4
	1760 1152
	2368 1152
	2368 1184
	1760 1184
4
	0 1184
	1280 1184
	1280 1216
	0 1216
4
	1760 1184
	2368 1184
	2368 1216
	1760 1216
4
	0 1216
	1280 1216
	1280 1248
	0 1248
4
	1696 1216
	2368 1216
	2368 1248
	1696 1248
4
	0 1248
	1280 1248
	1280 1280
	0 1280
4
	1632 1248
	2368 1248
	2368 1280
	1632 1280
4
	0 1280
	1408 1280
	1408 1312
	0 1312
4
	1472 1280
	2368 1280
	2368 1312
	1472 1312
4
	0 1312
	1408 1312
	1408 1344
	0 1344
4
	1472 1312
	2368 1312
	2368 1344
	1472 1344
4
	-32 -32
	2400 -32
	2400 0
	-32 0
4
	-32 1344
	2400 1344
	2400 1376
	-32 1376
4
	-32 0
	0 0
	0 1344
	-32 1344
4
	2368 0
	2400 0
	2400 1344
	2368 1344
