972
4
	0 0
	5056 0
	5056 32
	0 32
4
	0 32
	5056 32
	5056 64
	0 64
4
	0 64
	5056 64
	5056 96
	0 96
4
	0 96
	2112 96
	2112 128
	0 128
4
	2496 96
	5056 96
	5056 128
	2496 128
4
	0 128
	1888 128
	1888 160
	0 160
4
	2752 128
	2912 128
	2912 160
	2752 160
4
	3264 128
	5056 128
	5056 160
	3264 160
4
	0 160
	1312 160
	1312 192
	0 192
4
	1760 160
	1888 160
	1888 192
	1760 192
4
	2752 160
	2912 160
	2912 192
	2752 192
4
	3264 160
	5056 160
	5056 192
	3264 192
4
	0 192
	1312 192
	1312 224
	0 224
4
	2752 192
	2912 192
	2912 224
	2752 224
4
	3264 192
	5056 192
	5056 224
	3264 224
4
	0 224
	1312 224
	1312 256
	0 256
4
	2752 224
	2912 224
	2912 256
	2752 256
4
	3264 224
	5056 224
	5056 256
	3264 256
4
	0 256
	1312 256
	1312 288
	0 288
4
	2752 256
	2912 256
	2912 288
	2752 288
4
	3264 256
	5056 256
	5056 288
	3264 288
4
	0 288
	1312 288
	1312 320
	0 320
4
	2720 288
	2912 288
	2912 320
	2720 320
4
	3296 288
	5056 288
	5056 320
	3296 320
4
	0 320
	1312 320
	1312 352
	0 352
4
	2720 320
	2912 320
	2912 352
	2720 352
4
	3296 320
	5056 320
	5056 352
	3296 352
4
	0 352
	1312 352
	1312 384
	0 384
4
	2720 352
	2912 352
	2912 384
	2720 384
4
	3296 352
	5056 352
	5056 384
	3296 384
4
	0 384
	1312 384
	1312 416
	0 416
4
	2720 384
	2912 384
	2912 416
	2720 416
4
	3296 384
	5056 384
	5056 416
	3296 416
4
	0 416
	1312 416
	1312 448
	0 448
4
	2720 416
	2912 416
	2912 448
	2720 448
4
	3296 416
	5056 416
	5056 448
	3296 448
4
	0 448
	1312 448
	1312 480
	0 480
4
	2720 448
	2912 448
	2912 480
	2720 480
4
	3296 448
	5056 448
	5056 480
	3296 480
4
	0 480
	1312 480
	1312 512
	0 512
4
	2720 480
	2912 480
	2912 512
	2720 512
4
	3296 480
	5056 480
	5056 512
	3296 512
4
	0 512
	1312 512
	1312 544
	0 544
4
	2720 512
	2912 512
	2912 544
	2720 544
4
	3296 512
	5056 512
	5056 544
	3296 544
4
	0 544
	1312 544
	1312 576
	0 576
4
	2720 544
	2912 544
	2912 576
	2720 576
4
	3328 544
	5056 544
	5056 576
	3328 576
4
	0 576
	1312 576
	1312 608
	0 608
4
	2720 576
	2912 576
	2912 608
	2720 608
4
	3328 576
	5056 576
	5056 608
	3328 608
4
	0 608
	1312 608
	1312 640
	0 640
4
	2720 608
	2912 608
	2912 640
	2720 640
4
	3328 608
	5056 608
	5056 640
	3328 640
4
	0 640
	1312 640
	1312 672
	0 672
4
	2688 640
	2912 640
	2912 672
	2688 672
4
	3328 640
	5056 640
	5056 672
	3328 672
4
	0 672
	1312 672
	1312 704
	0 704
4
	2688 672
	2912 672
	2912 704
	2688 704
4
	3328 672
	5056 672
	5056 704
	3328 704
4
	0 704
	1312 704
	1312 736
	0 736
4
	2688 704
	2912 704
	2912 736
	2688 736
4
	3328 704
	5056 704
	5056 736
	3328 736
4
	0 736
	1312 736
	1312 768
	0 768
4
	2688 736
	2912 736
	2912 768
	2688 768
4
	3328 736
	5056 736
	5056 768
	3328 768
4
	0 768
	1312 768
	1312 800
	0 800
4
	2688 768
	2912 768
	2912 800
	2688 800
4
	3328 768
	5056 768
	5056 800
	3328 800
4
	0 800
	1312 800
	1312 832
	0 832
4
	2688 800
	2912 800
	2912 832
	2688 832
4
	3328 800
	5056 800
	5056 832
	3328 832
4
	0 832
	1312 832
	1312 864
	0 864
4
	2688 832
	2880 832
	2880 864
	2688 864
4
	3328 832
	5056 832
	5056 864
	3328 864
4
	0 864
	1312 864
	1312 896
	0 896
4
	2720 864
	2848 864
	2848 896
	2720 896
4
	3328 864
	5056 864
	5056 896
	3328 896
4
	0 896
	1312 896
	1312 928
	0 928
4
	2752 896
	2816 896
	2816 928
	2752 928
4
	3328 896
	5056 896
	5056 928
	3328 928
4
	0 928
	1536 928
	1536 960
	0 960
4
	3328 928
	5056 928
	5056 960
	3328 960
4
	0 960
	1600 960
	1600 992
	0 992
4
	3328 960
	5056 960
	5056 992
	3328 992
4
	0 992
	1632 992
	1632 1024
	0 1024
4
	3328 992
	5056 992
	5056 1024
	3328 1024
4
	0 1024
	1664 1024
	1664 1056
	0 1056
4
	3328 1024
	5056 1024
	5056 1056
	3328 1056
4
	0 1056
	1696 1056
	1696 1088
	0 1088
4
	3328 1056
	5056 1056
	5056 1088
	3328 1088
4
	0 1088
	1696 1088
	1696 1120
	0 1120
4
	3328 1088
	5056 1088
	5056 1120
	3328 1120
4
	0 1120
	1696 1120
	1696 1152
	0 1152
4
	3328 1120
	5056 1120
	5056 1152
	3328 1152
4
	0 1152
	1600 1152
	1600 1184
	0 1184
4
	3328 1152
	5056 1152
	5056 1184
	3328 1184
4
	0 1184
	1376 1184
	1376 1216
	0 1216
4
	3328 1184
	5056 1184
	5056 1216
	3328 1216
4
	0 1216
	1312 1216
	1312 1248
	0 1248
4
	3328 1216
	5056 1216
	5056 1248
	3328 1248
4
	0 1248
	1312 1248
	1312 1280
	0 1280
4
	3328 1248
	5056 1248
	5056 1280
	3328 1280
4
	0 1280
	1312 1280
	1312 1312
	0 1312
4
	3328 1280
	5056 1280
	5056 1312
	3328 1312
4
	0 1312
	1312 1312
	1312 1344
	0 1344
4
	3328 1312
	5056 1312
	5056 1344
	3328 1344
4
	0 1344
	1312 1344
	1312 1376
	0 1376
4
	3328 1344
	5056 1344
	5056 1376
	3328 1376
4
	0 1376
	1312 1376
	1312 1408
	0 1408
4
	3328 1376
	5056 1376
	5056 1408
	3328 1408
4
	0 1408
	1312 1408
	1312 1440
	0 1440
4
	3328 1408
	5056 1408
	5056 1440
	3328 1440
4
	0 1440
	1312 1440
	1312 1472
	0 1472
4
	3328 1440
	5056 1440
	5056 1472
	3328 1472
4
	0 1472
	1312 1472
	1312 1504
	0 1504
4
	3328 1472
	5056 1472
	5056 1504
	3328 1504
4
	0 1504
	1312 1504
	1312 1536
	0 1536
4
	3328 1504
	5056 1504
	5056 1536
	3328 1536
4
	0 1536
	1312 1536
	1312 1568
	0 1568
4
	3328 1536
	5056 1536
	5056 1568
	3328 1568
4
	0 1568
	1312 1568
	1312 1600
	0 1600
4
	3328 1568
	5056 1568
	5056 1600
	3328 1600
4
	0 1600
	1312 1600
	1312 1632
	0 1632
4
	2848 1600
	2912 1600
	2912 1632
	2848 1632
4
	3328 1600
	5056 1600
	5056 1632
	3328 1632
4
	0 1632
	1312 1632
	1312 1664
	0 1664
4
	2848 1632
	2912 1632
	2912 1664
	2848 1664
4
	3328 1632
	5056 1632
	5056 1664
	3328 1664
4
	0 1664
	1312 1664
	1312 1696
	0 1696
4
	2848 1664
	2912 1664
	2912 1696
	2848 1696
4
	3328 1664
	5056 1664
	5056 1696
	3328 1696
4
	0 1696
	1312 1696
	1312 1728
	0 1728
4
	3328 1696
	5056 1696
	5056 1728
	3328 1728
4
	0 1728
	1312 1728
	1312 1760
	0 1760
4
	2656 1728
	2784 1728
	2784 1760
	2656 1760
4
	3328 1728
	5056 1728
	5056 1760
	3328 1760
4
	0 1760
	1312 1760
	1312 1792
	0 1792
4
	2624 1760
	2816 1760
	2816 1792
	2624 1792
4
	3328 1760
	5056 1760
	5056 1792
	3328 1792
4
	0 1792
	1440 1792
	1440 1824
	0 1824
4
	2528 1792
	2816 1792
	2816 1824
	2528 1824
4
	3328 1792
	5056 1792
	5056 1824
	3328 1824
4
	0 1824
	1440 1824
	1440 1856
	0 1856
4
	2528 1824
	2816 1824
	2816 1856
	2528 1856
4
	3328 1824
	5056 1824
	5056 1856
	3328 1856
4
	0 1856
	1440 1856
	1440 1888
	0 1888
4
	2432 1856
	2816 1856
	2816 1888
	2432 1888
4
	3328 1856
	5056 1856
	5056 1888
	3328 1888
4
	0 1888
	1440 1888
	1440 1920
	0 1920
4
	2400 1888
	2752 1888
	2752 1920
	2400 1920
4
	3328 1888
	5056 1888
	5056 1920
	3328 1920
4
	0 1920
	1440 1920
	1440 1952
	0 1952
4
	2400 1920
	2688 1920
	2688 1952
	2400 1952
4
	3328 1920
	5056 1920
	5056 1952
	3328 1952
4
	0 1952
	1440 1952
	1440 1984
	0 1984
4
	2400 1952
	2624 1952
	2624 1984
	2400 1984
4
	3328 1952
	5056 1952
	5056 1984
	3328 1984
4
	0 1984
	1312 1984
	1312 2016
	0 2016
4
	2432 1984
	2592 1984
	2592 2016
	2432 2016
4
	3328 1984
	5056 1984
	5056 2016
	3328 2016
4
	0 2016
	1312 2016
	1312 2048
	0 2048
4
	2464 2016
	2560 2016
	2560 2048
	2464 2048
4
	3328 2016
	5056 2016
	5056 2048
	3328 2048
4
	0 2048
	1312 2048
	1312 2080
	0 2080
4
	2496 2048
	2528 2048
	2528 2080
	2496 2080
4
	3328 2048
	5056 2048
	5056 2080
	3328 2080
4
	0 2080
	1312 2080
	1312 2112
	0 2112
4
	3328 2080
	5056 2080
	5056 2112
	3328 2112
4
	0 2112
	1312 2112
	1312 2144
	0 2144
4
	3328 2112
	5056 2112
	5056 2144
	3328 2144
4
	0 2144
	1312 2144
	1312 2176
	0 2176
4
	3328 2144
	5056 2144
	5056 2176
	3328 2176
4
	0 2176
	1312 2176
	1312 2208
	0 2208
4
	3328 2176
	5056 2176
	5056 2208
	3328 2208
4
	0 2208
	1312 2208
	1312 2240
	0 2240
4
	3328 2208
	5056 2208
	5056 2240
	3328 2240
4
	0 2240
	1312 2240
	1312 2272
	0 2272
4
	3328 2240
	5056 2240
	5056 2272
	3328 2272
4
	0 2272
	1312 2272
	1312 2304
	0 2304
4
	1984 2272
	2080 2272
	2080 2304
	1984 2304
4
	2432 2272
	2560 2272
	2560 2304
	2432 2304
4
	3328 2272
	5056 2272
	5056 2304
	3328 2304
4
	0 2304
	1312 2304
	1312 2336
	0 2336
4
	1952 2304
	2080 2304
	2080 2336
	1952 2336
4
	2432 2304
	2560 2304
	2560 2336
	2432 2336
4
	3328 2304
	5056 2304
	5056 2336
	3328 2336
4
	0 2336
	1312 2336
	1312 2368
	0 2368
4
	1952 2336
	2112 2336
	2112 2368
	1952 2368
4
	2432 2336
	2560 2336
	2560 2368
	2432 2368
4
	3328 2336
	5056 2336
	5056 2368
	3328 2368
4
	0 2368
	1312 2368
	1312 2400
	0 2400
4
	1984 2368
	2080 2368
	2080 2400
	1984 2400
4
	2432 2368
	2560 2368
	2560 2400
	2432 2400
4
	3328 2368
	5056 2368
	5056 2400
	3328 2400
4
	0 2400
	1312 2400
	1312 2432
	0 2432
4
	1952 2400
	2112 2400
	2112 2432
	1952 2432
4
	2432 2400
	2592 2400
	2592 2432
	2432 2432
4
	3264 2400
	5056 2400
	5056 2432
	3264 2432
4
	0 2432
	1344 2432
	1344 2464
	0 2464
4
	1920 2432
	2112 2432
	2112 2464
	1920 2464
4
	2432 2432
	2592 2432
	2592 2464
	2432 2464
4
	3264 2432
	5056 2432
	5056 2464
	3264 2464
4
	0 2464
	1536 2464
	1536 2496
	0 2496
4
	1920 2464
	2112 2464
	2112 2496
	1920 2496
4
	2432 2464
	2624 2464
	2624 2496
	2432 2496
4
	3008 2464
	5056 2464
	5056 2496
	3008 2496
4
	0 2496
	1536 2496
	1536 2528
	0 2528
4
	1888 2496
	2144 2496
	2144 2528
	1888 2528
4
	2400 2496
	2656 2496
	2656 2528
	2400 2528
4
	3008 2496
	5056 2496
	5056 2528
	3008 2528
4
	0 2528
	1536 2528
	1536 2560
	0 2560
4
	1888 2528
	2144 2528
	2144 2560
	1888 2560
4
	2400 2528
	2656 2528
	2656 2560
	2400 2560
4
	3008 2528
	5056 2528
	5056 2560
	3008 2560
4
	0 2560
	1536 2560
	1536 2592
	0 2592
4
	1856 2560
	2144 2560
	2144 2592
	1856 2592
4
	2400 2560
	2656 2560
	2656 2592
	2400 2592
4
	3008 2560
	5056 2560
	5056 2592
	3008 2592
4
	0 2592
	1536 2592
	1536 2624
	0 2624
4
	1856 2592
	2144 2592
	2144 2624
	1856 2624
4
	2400 2592
	2688 2592
	2688 2624
	2400 2624
4
	2976 2592
	5056 2592
	5056 2624
	2976 2624
4
	0 2624
	1568 2624
	1568 2656
	0 2656
4
	1856 2624
	2176 2624
	2176 2656
	1856 2656
4
	2368 2624
	2688 2624
	2688 2656
	2368 2656
4
	2976 2624
	5056 2624
	5056 2656
	2976 2656
4
	0 2656
	1568 2656
	1568 2688
	0 2688
4
	1824 2656
	2176 2656
	2176 2688
	1824 2688
4
	2368 2656
	2720 2656
	2720 2688
	2368 2688
4
	2944 2656
	5056 2656
	5056 2688
	2944 2688
4
	0 2688
	1568 2688
	1568 2720
	0 2720
4
	1824 2688
	2176 2688
	2176 2720
	1824 2720
4
	2368 2688
	2720 2688
	2720 2720
	2368 2720
4
	2944 2688
	5056 2688
	5056 2720
	2944 2720
4
	0 2720
	1600 2720
	1600 2752
	0 2752
4
	1824 2720
	2176 2720
	2176 2752
	1824 2752
4
	2368 2720
	2720 2720
	2720 2752
	2368 2752
4
	2944 2720
	5056 2720
	5056 2752
	2944 2752
4
	0 2752
	1600 2752
	1600 2784
	0 2784
4
	1792 2752
	2016 2752
	2016 2784
	1792 2784
4
	2112 2752
	2176 2752
	2176 2784
	2112 2784
4
	2368 2752
	2720 2752
	2720 2784
	2368 2784
4
	2944 2752
	5056 2752
	5056 2784
	2944 2784
4
	0 2784
	1600 2784
	1600 2816
	0 2816
4
	1951 2815
	1953 2815
	1953 2817
	1951 2817
4
	1792 2784
	1952 2784
	1952 2816
	1792 2816
4
	2144 2784
	2176 2784
	2176 2816
	2144 2816
4
	2368 2784
	2752 2784
	2752 2816
	2368 2816
4
	2912 2784
	5056 2784
	5056 2816
	2912 2816
4
	0 2816
	1600 2816
	1600 2848
	0 2848
4
	1792 2816
	1888 2816
	1888 2848
	1792 2848
4
	1952 2816
	2016 2816
	2016 2848
	1952 2848
4
	2144 2816
	2176 2816
	2176 2848
	2144 2848
4
	2368 2816
	2752 2816
	2752 2848
	2368 2848
4
	2912 2816
	5056 2816
	5056 2848
	2912 2848
4
	0 2848
	1600 2848
	1600 2880
	0 2880
4
	1792 2848
	1824 2848
	1824 2880
	1792 2880
4
	1920 2848
	2048 2848
	2048 2880
	1920 2880
4
	2144 2848
	2176 2848
	2176 2880
	2144 2880
4
	2368 2848
	2752 2848
	2752 2880
	2368 2880
4
	2912 2848
	5056 2848
	5056 2880
	2912 2880
4
	0 2880
	1600 2880
	1600 2912
	0 2912
4
	1792 2880
	1824 2880
	1824 2912
	1792 2912
4
	1920 2880
	2048 2880
	2048 2912
	1920 2912
4
	2144 2880
	2176 2880
	2176 2912
	2144 2912
4
	2368 2880
	2752 2880
	2752 2912
	2368 2912
4
	2912 2880
	5056 2880
	5056 2912
	2912 2912
4
	0 2912
	1600 2912
	1600 2944
	0 2944
4
	1792 2912
	1824 2912
	1824 2944
	1792 2944
4
	1952 2912
	2016 2912
	2016 2944
	1952 2944
4
	2144 2912
	2176 2912
	2176 2944
	2144 2944
4
	2368 2912
	2752 2912
	2752 2944
	2368 2944
4
	2912 2912
	5056 2912
	5056 2944
	2912 2944
4
	0 2944
	1600 2944
	1600 2976
	0 2976
4
	1792 2944
	1824 2944
	1824 2976
	1792 2976
4
	2144 2944
	2176 2944
	2176 2976
	2144 2976
4
	2368 2944
	2752 2944
	2752 2976
	2368 2976
4
	2912 2944
	5056 2944
	5056 2976
	2912 2976
4
	0 2976
	1600 2976
	1600 3008
	0 3008
4
	1792 2976
	1824 2976
	1824 3008
	1792 3008
4
	2144 2976
	2176 2976
	2176 3008
	2144 3008
4
	2368 2976
	2720 2976
	2720 3008
	2368 3008
4
	2944 2976
	5056 2976
	5056 3008
	2944 3008
4
	0 3008
	1600 3008
	1600 3040
	0 3040
4
	1792 3008
	1856 3008
	1856 3040
	1792 3040
4
	2143 3039
	2145 3039
	2145 3041
	2143 3041
4
	2144 3008
	2176 3008
	2176 3040
	2144 3040
4
	2368 3008
	2720 3008
	2720 3040
	2368 3040
4
	2944 3008
	5056 3008
	5056 3040
	2944 3040
4
	0 3040
	1536 3040
	1536 3072
	0 3072
4
	1568 3040
	1600 3040
	1600 3072
	1568 3072
4
	1824 3040
	1856 3040
	1856 3072
	1824 3072
4
	2112 3040
	2144 3040
	2144 3072
	2112 3072
4
	2368 3040
	2720 3040
	2720 3072
	2368 3072
4
	2944 3040
	2976 3040
	2976 3072
	2944 3072
4
	3008 3040
	5056 3040
	5056 3072
	3008 3072
4
	0 3072
	1536 3072
	1536 3104
	0 3104
4
	1568 3072
	1600 3072
	1600 3104
	1568 3104
4
	1888 3072
	2144 3072
	2144 3104
	1888 3104
4
	2400 3072
	2720 3072
	2720 3104
	2400 3104
4
	2944 3072
	2976 3072
	2976 3104
	2944 3104
4
	3008 3072
	5056 3072
	5056 3104
	3008 3104
4
	0 3104
	1536 3104
	1536 3136
	0 3136
4
	1568 3104
	1600 3104
	1600 3136
	1568 3136
4
	2944 3104
	2976 3104
	2976 3136
	2944 3136
4
	3008 3104
	5056 3104
	5056 3136
	3008 3136
4
	0 3136
	1504 3136
	1504 3168
	0 3168
4
	1568 3136
	1600 3136
	1600 3168
	1568 3168
4
	2944 3136
	2976 3136
	2976 3168
	2944 3168
4
	3008 3136
	5056 3136
	5056 3168
	3008 3168
4
	0 3168
	1504 3168
	1504 3200
	0 3200
4
	1568 3168
	1600 3168
	1600 3200
	1568 3200
4
	2944 3168
	2976 3168
	2976 3200
	2944 3200
4
	3040 3168
	5056 3168
	5056 3200
	3040 3200
4
	0 3200
	1504 3200
	1504 3232
	0 3232
4
	1568 3200
	1600 3200
	1600 3232
	1568 3232
4
	2944 3200
	2976 3200
	2976 3232
	2944 3232
4
	3040 3200
	5056 3200
	5056 3232
	3040 3232
4
	0 3232
	1472 3232
	1472 3264
	0 3264
4
	1568 3232
	1600 3232
	1600 3264
	1568 3264
4
	2112 3232
	2464 3232
	2464 3264
	2112 3264
4
	2944 3232
	2976 3232
	2976 3264
	2944 3264
4
	3072 3232
	5056 3232
	5056 3264
	3072 3264
4
	0 3264
	1472 3264
	1472 3296
	0 3296
4
	2080 3264
	2464 3264
	2464 3296
	2080 3296
4
	2944 3264
	2976 3264
	2976 3296
	2944 3296
4
	3072 3264
	5056 3264
	5056 3296
	3072 3296
4
	0 3296
	1472 3296
	1472 3328
	0 3328
4
	2048 3296
	2496 3296
	2496 3328
	2048 3328
4
	2944 3296
	2976 3296
	2976 3328
	2944 3328
4
	3072 3296
	5056 3296
	5056 3328
	3072 3328
4
	0 3328
	1472 3328
	1472 3360
	0 3360
4
	2016 3328
	2528 3328
	2528 3360
	2016 3360
4
	2944 3328
	2976 3328
	2976 3360
	2944 3360
4
	3104 3328
	5056 3328
	5056 3360
	3104 3360
4
	0 3360
	1440 3360
	1440 3392
	0 3392
4
	2016 3360
	2528 3360
	2528 3392
	2016 3392
4
	2944 3360
	2976 3360
	2976 3392
	2944 3392
4
	3104 3360
	5056 3360
	5056 3392
	3104 3392
4
	0 3392
	1440 3392
	1440 3424
	0 3424
4
	1984 3392
	2560 3392
	2560 3424
	1984 3424
4
	2944 3392
	2976 3392
	2976 3424
	2944 3424
4
	3136 3392
	5056 3392
	5056 3424
	3136 3424
4
	0 3424
	1440 3424
	1440 3456
	0 3456
4
	1952 3424
	2592 3424
	2592 3456
	1952 3456
4
	2944 3424
	2976 3424
	2976 3456
	2944 3456
4
	3136 3424
	5056 3424
	5056 3456
	3136 3456
4
	0 3456
	1408 3456
	1408 3488
	0 3488
4
	1600 3456
	1632 3456
	1632 3488
	1600 3488
4
	1952 3456
	2592 3456
	2592 3488
	1952 3488
4
	2944 3456
	2976 3456
	2976 3488
	2944 3488
4
	3168 3456
	5056 3456
	5056 3488
	3168 3488
4
	0 3488
	1312 3488
	1312 3520
	0 3520
4
	1600 3488
	1632 3488
	1632 3520
	1600 3520
4
	1952 3488
	2592 3488
	2592 3520
	1952 3520
4
	2944 3488
	2976 3488
	2976 3520
	2944 3520
4
	3328 3488
	5056 3488
	5056 3520
	3328 3520
4
	0 3520
	1312 3520
	1312 3552
	0 3552
4
	1600 3520
	1632 3520
	1632 3552
	1600 3552
4
	1952 3520
	2592 3520
	2592 3552
	1952 3552
4
	2944 3520
	2976 3520
	2976 3552
	2944 3552
4
	3328 3520
	5056 3520
	5056 3552
	3328 3552
4
	0 3552
	1120 3552
	1120 3584
	0 3584
4
	1184 3552
	1312 3552
	1312 3584
	1184 3584
4
	1600 3552
	1632 3552
	1632 3584
	1600 3584
4
	1952 3552
	2592 3552
	2592 3584
	1952 3584
4
	2944 3552
	2976 3552
	2976 3584
	2944 3584
4
	3328 3552
	5056 3552
	5056 3584
	3328 3584
4
	0 3584
	1120 3584
	1120 3616
	0 3616
4
	1184 3584
	1312 3584
	1312 3616
	1184 3616
4
	1600 3584
	1632 3584
	1632 3616
	1600 3616
4
	1952 3584
	2592 3584
	2592 3616
	1952 3616
4
	2944 3584
	2976 3584
	2976 3616
	2944 3616
4
	3328 3584
	5056 3584
	5056 3616
	3328 3616
4
	0 3616
	1120 3616
	1120 3648
	0 3648
4
	1184 3616
	1312 3616
	1312 3648
	1184 3648
4
	1600 3616
	1632 3616
	1632 3648
	1600 3648
4
	2944 3616
	2976 3616
	2976 3648
	2944 3648
4
	3328 3616
	5056 3616
	5056 3648
	3328 3648
4
	0 3648
	1120 3648
	1120 3680
	0 3680
4
	1152 3648
	1312 3648
	1312 3680
	1152 3680
4
	1631 3679
	1633 3679
	1633 3681
	1631 3681
4
	1600 3648
	1632 3648
	1632 3680
	1600 3680
4
	2943 3679
	2945 3679
	2945 3681
	2943 3681
4
	2944 3648
	2976 3648
	2976 3680
	2944 3680
4
	3328 3648
	5056 3648
	5056 3680
	3328 3680
4
	0 3680
	1120 3680
	1120 3712
	0 3712
4
	1632 3680
	1664 3680
	1664 3712
	1632 3712
4
	2912 3680
	2944 3680
	2944 3712
	2912 3712
4
	3328 3680
	3456 3680
	3456 3712
	3328 3712
4
	3488 3680
	5056 3680
	5056 3712
	3488 3712
4
	0 3712
	1088 3712
	1088 3744
	0 3744
4
	1632 3712
	1664 3712
	1664 3744
	1632 3744
4
	2912 3712
	2944 3712
	2944 3744
	2912 3744
4
	3328 3712
	3456 3712
	3456 3744
	3328 3744
4
	3488 3712
	5056 3712
	5056 3744
	3488 3744
4
	0 3744
	1088 3744
	1088 3776
	0 3776
4
	1632 3744
	1664 3744
	1664 3776
	1632 3776
4
	2912 3744
	2944 3744
	2944 3776
	2912 3776
4
	3328 3744
	3424 3744
	3424 3776
	3328 3776
4
	3488 3744
	5056 3744
	5056 3776
	3488 3776
4
	0 3776
	1088 3776
	1088 3808
	0 3808
4
	1632 3776
	1696 3776
	1696 3808
	1632 3808
4
	2911 3807
	2913 3807
	2913 3809
	2911 3809
4
	2912 3776
	2944 3776
	2944 3808
	2912 3808
4
	3328 3776
	3424 3776
	3424 3808
	3328 3808
4
	3488 3776
	5056 3776
	5056 3808
	3488 3808
4
	0 3808
	1088 3808
	1088 3840
	0 3840
4
	1664 3808
	1696 3808
	1696 3840
	1664 3840
4
	2880 3808
	2912 3808
	2912 3840
	2880 3840
4
	3328 3808
	3424 3808
	3424 3840
	3328 3840
4
	3488 3808
	5056 3808
	5056 3840
	3488 3840
4
	0 3840
	1056 3840
	1056 3872
	0 3872
4
	1664 3840
	1696 3840
	1696 3872
	1664 3872
4
	2880 3840
	2912 3840
	2912 3872
	2880 3872
4
	3328 3840
	3424 3840
	3424 3872
	3328 3872
4
	3520 3840
	5056 3840
	5056 3872
	3520 3872
4
	0 3872
	1056 3872
	1056 3904
	0 3904
4
	1664 3872
	1696 3872
	1696 3904
	1664 3904
4
	2880 3872
	2944 3872
	2944 3904
	2880 3904
4
	3328 3872
	3424 3872
	3424 3904
	3328 3904
4
	3520 3872
	5056 3872
	5056 3904
	3520 3904
4
	0 3904
	1056 3904
	1056 3936
	0 3936
4
	1664 3904
	1696 3904
	1696 3936
	1664 3936
4
	2880 3904
	2944 3904
	2944 3936
	2880 3936
4
	3328 3904
	3424 3904
	3424 3936
	3328 3936
4
	3520 3904
	5056 3904
	5056 3936
	3520 3936
4
	0 3936
	1056 3936
	1056 3968
	0 3968
4
	1664 3936
	1696 3936
	1696 3968
	1664 3968
4
	2304 3936
	2336 3936
	2336 3968
	2304 3968
4
	2880 3936
	2912 3936
	2912 3968
	2880 3968
4
	3328 3936
	3456 3936
	3456 3968
	3328 3968
4
	3520 3936
	5056 3936
	5056 3968
	3520 3968
4
	0 3968
	1024 3968
	1024 4000
	0 4000
4
	1664 3968
	1728 3968
	1728 4000
	1664 4000
4
	2304 3968
	2464 3968
	2464 4000
	2304 4000
4
	2880 3968
	2912 3968
	2912 4000
	2880 4000
4
	3328 3968
	3456 3968
	3456 4000
	3328 4000
4
	3520 3968
	5056 3968
	5056 4000
	3520 4000
4
	0 4000
	1024 4000
	1024 4032
	0 4032
4
	1664 4000
	1728 4000
	1728 4032
	1664 4032
4
	2272 4000
	2560 4000
	2560 4032
	2272 4032
4
	2848 4000
	2912 4000
	2912 4032
	2848 4032
4
	3328 4000
	3424 4000
	3424 4032
	3328 4032
4
	3552 4000
	5056 4000
	5056 4032
	3552 4032
4
	0 4032
	1024 4032
	1024 4064
	0 4064
4
	1664 4032
	1728 4032
	1728 4064
	1664 4064
4
	2272 4032
	2688 4032
	2688 4064
	2272 4064
4
	2848 4032
	2912 4032
	2912 4064
	2848 4064
4
	3328 4032
	3424 4032
	3424 4064
	3328 4064
4
	3552 4032
	5056 4032
	5056 4064
	3552 4064
4
	0 4064
	1024 4064
	1024 4096
	0 4096
4
	1664 4064
	1728 4064
	1728 4096
	1664 4096
4
	2336 4064
	2816 4064
	2816 4096
	2336 4096
4
	2848 4064
	2912 4064
	2912 4096
	2848 4096
4
	3328 4064
	3424 4064
	3424 4096
	3328 4096
4
	3552 4064
	5056 4064
	5056 4096
	3552 4096
4
	0 4096
	1024 4096
	1024 4128
	0 4128
4
	1696 4096
	1728 4096
	1728 4128
	1696 4128
4
	2464 4096
	2912 4096
	2912 4128
	2464 4128
4
	3328 4096
	3424 4096
	3424 4128
	3328 4128
4
	3552 4096
	5056 4096
	5056 4128
	3552 4128
4
	0 4128
	992 4128
	992 4160
	0 4160
4
	1632 4128
	2304 4128
	2304 4160
	1632 4160
4
	2592 4128
	2944 4128
	2944 4160
	2592 4160
4
	3552 4128
	5056 4128
	5056 4160
	3552 4160
4
	0 4160
	992 4160
	992 4192
	0 4192
4
	1632 4160
	2304 4160
	2304 4192
	1632 4192
4
	2688 4160
	2912 4160
	2912 4192
	2688 4192
4
	3552 4160
	5056 4160
	5056 4192
	3552 4192
4
	0 4192
	992 4192
	992 4224
	0 4224
4
	1632 4192
	2304 4192
	2304 4224
	1632 4224
4
	2816 4192
	2912 4192
	2912 4224
	2816 4224
4
	3264 4192
	3360 4192
	3360 4224
	3264 4224
4
	3392 4192
	3424 4192
	3424 4224
	3392 4224
4
	3552 4192
	5056 4192
	5056 4224
	3552 4224
4
	0 4224
	992 4224
	992 4256
	0 4256
4
	1696 4224
	1728 4224
	1728 4256
	1696 4256
4
	2848 4224
	2880 4224
	2880 4256
	2848 4256
4
	3264 4224
	3360 4224
	3360 4256
	3264 4256
4
	3552 4224
	5056 4224
	5056 4256
	3552 4256
4
	0 4256
	992 4256
	992 4288
	0 4288
4
	1696 4256
	1728 4256
	1728 4288
	1696 4288
4
	2848 4256
	2880 4256
	2880 4288
	2848 4288
4
	3136 4256
	3200 4256
	3200 4288
	3136 4288
4
	3296 4256
	3360 4256
	3360 4288
	3296 4288
4
	3552 4256
	5056 4256
	5056 4288
	3552 4288
4
	0 4288
	1088 4288
	1088 4320
	0 4320
4
	1696 4288
	1728 4288
	1728 4320
	1696 4320
4
	2848 4288
	2880 4288
	2880 4320
	2848 4320
4
	3232 4288
	3360 4288
	3360 4320
	3232 4320
4
	3552 4288
	5056 4288
	5056 4320
	3552 4320
4
	0 4320
	992 4320
	992 4352
	0 4352
4
	1696 4320
	1728 4320
	1728 4352
	1696 4352
4
	2848 4320
	2880 4320
	2880 4352
	2848 4352
4
	3296 4320
	3392 4320
	3392 4352
	3296 4352
4
	3552 4320
	5056 4320
	5056 4352
	3552 4352
4
	0 4352
	992 4352
	992 4384
	0 4384
4
	1696 4352
	1728 4352
	1728 4384
	1696 4384
4
	2848 4352
	2880 4352
	2880 4384
	2848 4384
4
	3328 4352
	3360 4352
	3360 4384
	3328 4384
4
	3552 4352
	5056 4352
	5056 4384
	3552 4384
4
	0 4384
	1056 4384
	1056 4416
	0 4416
4
	1088 4384
	1152 4384
	1152 4416
	1088 4416
4
	1696 4384
	1728 4384
	1728 4416
	1696 4416
4
	2848 4384
	2880 4384
	2880 4416
	2848 4416
4
	3296 4384
	3392 4384
	3392 4416
	3296 4416
4
	3552 4384
	5056 4384
	5056 4416
	3552 4416
4
	0 4416
	1120 4416
	1120 4448
	0 4448
4
	1184 4416
	1248 4416
	1248 4448
	1184 4448
4
	1696 4416
	1728 4416
	1728 4448
	1696 4448
4
	2848 4416
	2880 4416
	2880 4448
	2848 4448
4
	3296 4416
	3392 4416
	3392 4448
	3296 4448
4
	3552 4416
	5056 4416
	5056 4448
	3552 4448
4
	0 4448
	1248 4448
	1248 4480
	0 4480
4
	1696 4448
	1728 4448
	1728 4480
	1696 4480
4
	2848 4448
	2880 4448
	2880 4480
	2848 4480
4
	3264 4448
	3360 4448
	3360 4480
	3264 4480
4
	3552 4448
	5056 4448
	5056 4480
	3552 4480
4
	0 4480
	1280 4480
	1280 4512
	0 4512
4
	1696 4480
	1728 4480
	1728 4512
	1696 4512
4
	2848 4480
	2880 4480
	2880 4512
	2848 4512
4
	3552 4480
	5056 4480
	5056 4512
	3552 4512
4
	0 4512
	1280 4512
	1280 4544
	0 4544
4
	1696 4512
	1728 4512
	1728 4544
	1696 4544
4
	2848 4512
	2880 4512
	2880 4544
	2848 4544
4
	3552 4512
	5056 4512
	5056 4544
	3552 4544
4
	0 4544
	1312 4544
	1312 4576
	0 4576
4
	1600 4544
	1632 4544
	1632 4576
	1600 4576
4
	1696 4544
	1728 4544
	1728 4576
	1696 4576
4
	2848 4544
	2880 4544
	2880 4576
	2848 4576
4
	3552 4544
	5056 4544
	5056 4576
	3552 4576
4
	0 4576
	1312 4576
	1312 4608
	0 4608
4
	1599 4607
	1601 4607
	1601 4609
	1599 4609
4
	1600 4576
	1728 4576
	1728 4608
	1600 4608
4
	2848 4576
	2880 4576
	2880 4608
	2848 4608
4
	3552 4576
	5056 4576
	5056 4608
	3552 4608
4
	0 4608
	1312 4608
	1312 4640
	0 4640
4
	1568 4608
	1600 4608
	1600 4640
	1568 4640
4
	1727 4639
	1729 4639
	1729 4641
	1727 4641
4
	1696 4608
	1728 4608
	1728 4640
	1696 4640
4
	2848 4608
	2880 4608
	2880 4640
	2848 4640
4
	3552 4608
	5056 4608
	5056 4640
	3552 4640
4
	0 4640
	1344 4640
	1344 4672
	0 4672
4
	1567 4671
	1569 4671
	1569 4673
	1567 4673
4
	1568 4640
	1600 4640
	1600 4672
	1568 4672
4
	1791 4671
	1793 4671
	1793 4673
	1791 4673
4
	1728 4640
	1792 4640
	1792 4672
	1728 4672
4
	2208 4640
	2240 4640
	2240 4672
	2208 4672
4
	2304 4640
	2368 4640
	2368 4672
	2304 4672
4
	2848 4640
	2880 4640
	2880 4672
	2848 4672
4
	3552 4640
	5056 4640
	5056 4672
	3552 4672
4
	0 4672
	1376 4672
	1376 4704
	0 4704
4
	1535 4703
	1537 4703
	1537 4705
	1535 4705
4
	1536 4672
	1568 4672
	1568 4704
	1536 4704
4
	1855 4703
	1857 4703
	1857 4705
	1855 4705
4
	1792 4672
	1856 4672
	1856 4704
	1792 4704
4
	2048 4672
	2080 4672
	2080 4704
	2048 4704
4
	2176 4672
	2432 4672
	2432 4704
	2176 4704
4
	2464 4672
	2528 4672
	2528 4704
	2464 4704
4
	2656 4672
	2688 4672
	2688 4704
	2656 4704
4
	2848 4672
	2880 4672
	2880 4704
	2848 4704
4
	3552 4672
	5056 4672
	5056 4704
	3552 4704
4
	0 4704
	1408 4704
	1408 4736
	0 4736
4
	1504 4704
	1536 4704
	1536 4736
	1504 4736
4
	1887 4735
	1889 4735
	1889 4737
	1887 4737
4
	1856 4704
	1888 4704
	1888 4736
	1856 4736
4
	1984 4704
	2592 4704
	2592 4736
	1984 4736
4
	2623 4735
	2625 4735
	2625 4737
	2623 4737
4
	2624 4704
	2720 4704
	2720 4736
	2624 4736
4
	2848 4704
	2880 4704
	2880 4736
	2848 4736
4
	3552 4704
	5056 4704
	5056 4736
	3552 4736
4
	0 4736
	1408 4736
	1408 4768
	0 4768
4
	1503 4767
	1505 4767
	1505 4769
	1503 4769
4
	1504 4736
	1536 4736
	1536 4768
	1504 4768
4
	1888 4736
	2624 4736
	2624 4768
	1888 4768
4
	2719 4767
	2721 4767
	2721 4769
	2719 4769
4
	2688 4736
	2720 4736
	2720 4768
	2688 4768
4
	2848 4736
	2880 4736
	2880 4768
	2848 4768
4
	3552 4736
	5056 4736
	5056 4768
	3552 4768
4
	0 4768
	1440 4768
	1440 4800
	0 4800
4
	1472 4768
	1504 4768
	1504 4800
	1472 4800
4
	1952 4768
	2592 4768
	2592 4800
	1952 4800
4
	2751 4799
	2753 4799
	2753 4801
	2751 4801
4
	2720 4768
	2752 4768
	2752 4800
	2720 4800
4
	2848 4768
	2880 4768
	2880 4800
	2848 4800
4
	3264 4768
	3296 4768
	3296 4800
	3264 4800
4
	3552 4768
	5056 4768
	5056 4800
	3552 4800
4
	0 4800
	1440 4800
	1440 4832
	0 4832
4
	1471 4831
	1473 4831
	1473 4833
	1471 4833
4
	1472 4800
	1504 4800
	1504 4832
	1472 4832
4
	1984 4800
	2272 4800
	2272 4832
	1984 4832
4
	2336 4800
	2560 4800
	2560 4832
	2336 4832
4
	2783 4831
	2785 4831
	2785 4833
	2783 4833
4
	2752 4800
	2784 4800
	2784 4832
	2752 4832
4
	2848 4800
	2880 4800
	2880 4832
	2848 4832
4
	3264 4800
	3296 4800
	3296 4832
	3264 4832
4
	3552 4800
	5056 4800
	5056 4832
	3552 4832
4
	0 4832
	704 4832
	704 4864
	0 4864
4
	767 4863
	769 4863
	769 4865
	767 4865
4
	768 4832
	1472 4832
	1472 4864
	768 4864
4
	2016 4832
	2208 4832
	2208 4864
	2016 4864
4
	2400 4832
	2528 4832
	2528 4864
	2400 4864
4
	2784 4832
	2816 4832
	2816 4864
	2784 4864
4
	2848 4832
	2880 4832
	2880 4864
	2848 4864
4
	3264 4832
	3296 4832
	3296 4864
	3264 4864
4
	3552 4832
	5056 4832
	5056 4864
	3552 4864
4
	0 4864
	544 4864
	544 4896
	0 4896
4
	767 4895
	769 4895
	769 4897
	767 4897
4
	736 4864
	768 4864
	768 4896
	736 4896
4
	864 4864
	1440 4864
	1440 4896
	864 4896
4
	2048 4864
	2144 4864
	2144 4896
	2048 4896
4
	2432 4864
	2528 4864
	2528 4896
	2432 4896
4
	2879 4895
	2881 4895
	2881 4897
	2879 4897
4
	2848 4864
	2880 4864
	2880 4896
	2848 4896
4
	3232 4864
	3296 4864
	3296 4896
	3232 4896
4
	3424 4864
	3456 4864
	3456 4896
	3424 4896
4
	3552 4864
	5056 4864
	5056 4896
	3552 4896
4
	0 4896
	512 4896
	512 4928
	0 4928
4
	768 4896
	800 4896
	800 4928
	768 4928
4
	960 4896
	1088 4896
	1088 4928
	960 4928
4
	1120 4896
	1440 4896
	1440 4928
	1120 4928
4
	2048 4896
	2112 4896
	2112 4928
	2048 4928
4
	2943 4927
	2945 4927
	2945 4929
	2943 4929
4
	2880 4896
	2944 4896
	2944 4928
	2880 4928
4
	3200 4896
	5056 4896
	5056 4928
	3200 4928
4
	0 4928
	480 4928
	480 4960
	0 4960
4
	960 4928
	1088 4928
	1088 4960
	960 4960
4
	1216 4928
	1408 4928
	1408 4960
	1216 4960
4
	3007 4959
	3009 4959
	3009 4961
	3007 4961
4
	2944 4928
	3008 4928
	3008 4960
	2944 4960
4
	3168 4928
	5056 4928
	5056 4960
	3168 4960
4
	0 4960
	544 4960
	544 4992
	0 4992
4
	768 4960
	928 4960
	928 4992
	768 4992
4
	992 4960
	1120 4960
	1120 4992
	992 4992
4
	1248 4960
	1408 4960
	1408 4992
	1248 4992
4
	3071 4991
	3073 4991
	3073 4993
	3071 4993
4
	3008 4960
	3072 4960
	3072 4992
	3008 4992
4
	3200 4960
	5056 4960
	5056 4992
	3200 4992
4
	0 4992
	512 4992
	512 5024
	0 5024
4
	704 4992
	832 4992
	832 5024
	704 5024
4
	1024 4992
	1120 4992
	1120 5024
	1024 5024
4
	1248 4992
	1408 4992
	1408 5024
	1248 5024
4
	3072 4992
	3104 4992
	3104 5024
	3072 5024
4
	3200 4992
	5056 4992
	5056 5024
	3200 5024
4
	0 5024
	480 5024
	480 5056
	0 5056
4
	704 5024
	800 5024
	800 5056
	704 5056
4
	1024 5024
	1120 5024
	1120 5056
	1024 5056
4
	1248 5024
	1280 5024
	1280 5056
	1248 5056
4
	1312 5024
	1408 5024
	1408 5056
	1312 5056
4
	3167 5055
	3169 5055
	3169 5057
	3167 5057
4
	3136 5024
	3168 5024
	3168 5056
	3136 5056
4
	3200 5024
	5056 5024
	5056 5056
	3200 5056
4
	0 5056
	480 5056
	480 5088
	0 5088
4
	672 5056
	768 5056
	768 5088
	672 5088
4
	1056 5056
	1120 5056
	1120 5088
	1056 5088
4
	1312 5056
	1440 5056
	1440 5088
	1312 5088
4
	3168 5056
	3456 5056
	3456 5088
	3168 5088
4
	3712 5056
	5056 5056
	5056 5088
	3712 5088
4
	0 5088
	480 5088
	480 5120
	0 5120
4
	672 5088
	736 5088
	736 5120
	672 5120
4
	1056 5088
	1120 5088
	1120 5120
	1056 5120
4
	1343 5119
	1345 5119
	1345 5121
	1343 5121
4
	1344 5088
	1408 5088
	1408 5120
	1344 5120
4
	3232 5088
	3392 5088
	3392 5120
	3232 5120
4
	3872 5088
	5056 5088
	5056 5120
	3872 5120
4
	0 5120
	480 5120
	480 5152
	0 5152
4
	672 5120
	736 5120
	736 5152
	672 5152
4
	1056 5120
	1152 5120
	1152 5152
	1056 5152
4
	1248 5120
	1344 5120
	1344 5152
	1248 5152
4
	3296 5120
	3360 5120
	3360 5152
	3296 5152
4
	3872 5120
	5056 5120
	5056 5152
	3872 5152
4
	0 5152
	480 5152
	480 5184
	0 5184
4
	672 5152
	736 5152
	736 5184
	672 5184
4
	1024 5152
	1152 5152
	1152 5184
	1024 5184
4
	1248 5152
	1280 5152
	1280 5184
	1248 5184
4
	1952 5152
	2048 5152
	2048 5184
	1952 5184
4
	2528 5152
	2624 5152
	2624 5184
	2528 5184
4
	3872 5152
	5056 5152
	5056 5184
	3872 5184
4
	0 5184
	480 5184
	480 5216
	0 5216
4
	672 5184
	736 5184
	736 5216
	672 5216
4
	992 5184
	1216 5184
	1216 5216
	992 5216
4
	1952 5184
	2112 5184
	2112 5216
	1952 5216
4
	2464 5184
	2624 5184
	2624 5216
	2464 5216
4
	4128 5184
	5056 5184
	5056 5216
	4128 5216
4
	0 5216
	480 5216
	480 5248
	0 5248
4
	640 5216
	736 5216
	736 5248
	640 5248
4
	960 5216
	1184 5216
	1184 5248
	960 5248
4
	1920 5216
	2176 5216
	2176 5248
	1920 5248
4
	2400 5216
	2656 5216
	2656 5248
	2400 5248
4
	4192 5216
	5056 5216
	5056 5248
	4192 5248
4
	0 5248
	480 5248
	480 5280
	0 5280
4
	608 5248
	736 5248
	736 5280
	608 5280
4
	896 5248
	1120 5248
	1120 5280
	896 5280
4
	1920 5248
	2208 5248
	2208 5280
	1920 5280
4
	2368 5248
	2656 5248
	2656 5280
	2368 5280
4
	4256 5248
	5056 5248
	5056 5280
	4256 5280
4
	0 5280
	480 5280
	480 5312
	0 5312
4
	608 5280
	736 5280
	736 5312
	608 5312
4
	864 5280
	1056 5280
	1056 5312
	864 5312
4
	1952 5280
	2272 5280
	2272 5312
	1952 5312
4
	2304 5280
	2624 5280
	2624 5312
	2304 5312
4
	4320 5280
	5056 5280
	5056 5312
	4320 5312
4
	0 5312
	480 5312
	480 5344
	0 5344
4
	544 5312
	736 5312
	736 5344
	544 5344
4
	864 5312
	1024 5312
	1024 5344
	864 5344
4
	2016 5312
	2272 5312
	2272 5344
	2016 5344
4
	2304 5312
	2560 5312
	2560 5344
	2304 5344
4
	4320 5312
	5056 5312
	5056 5344
	4320 5344
4
	0 5344
	480 5344
	480 5376
	0 5376
4
	512 5344
	736 5344
	736 5376
	512 5376
4
	800 5344
	960 5344
	960 5376
	800 5376
4
	2080 5344
	2240 5344
	2240 5376
	2080 5376
4
	2336 5344
	2496 5344
	2496 5376
	2336 5376
4
	3840 5344
	3872 5344
	3872 5376
	3840 5376
4
	4352 5344
	5056 5344
	5056 5376
	4352 5376
4
	0 5376
	448 5376
	448 5408
	0 5408
4
	512 5376
	736 5376
	736 5408
	512 5408
4
	768 5376
	896 5376
	896 5408
	768 5408
4
	2080 5376
	2240 5376
	2240 5408
	2080 5408
4
	2336 5376
	2496 5376
	2496 5408
	2336 5408
4
	3840 5376
	3872 5376
	3872 5408
	3840 5408
4
	4352 5376
	5056 5376
	5056 5408
	4352 5408
4
	0 5408
	480 5408
	480 5440
	0 5440
4
	512 5408
	736 5408
	736 5440
	512 5440
4
	2080 5408
	2208 5408
	2208 5440
	2080 5440
4
	2368 5408
	2496 5408
	2496 5440
	2368 5440
4
	3840 5408
	3872 5408
	3872 5440
	3840 5440
4
	4352 5408
	5056 5408
	5056 5440
	4352 5440
4
	0 5440
	736 5440
	736 5472
	0 5472
4
	2080 5440
	2208 5440
	2208 5472
	2080 5472
4
	2368 5440
	2496 5440
	2496 5472
	2368 5472
4
	3840 5440
	3936 5440
	3936 5472
	3840 5472
4
	4352 5440
	5056 5440
	5056 5472
	4352 5472
4
	0 5472
	736 5472
	736 5504
	0 5504
4
	2080 5472
	2208 5472
	2208 5504
	2080 5504
4
	2368 5472
	2496 5472
	2496 5504
	2368 5504
4
	3840 5472
	3968 5472
	3968 5504
	3840 5504
4
	4352 5472
	5056 5472
	5056 5504
	4352 5504
4
	0 5504
	736 5504
	736 5536
	0 5536
4
	2048 5504
	2208 5504
	2208 5536
	2048 5536
4
	2368 5504
	2496 5504
	2496 5536
	2368 5536
4
	3840 5504
	4000 5504
	4000 5536
	3840 5536
4
	4352 5504
	5056 5504
	5056 5536
	4352 5536
4
	0 5536
	736 5536
	736 5568
	0 5568
4
	2048 5536
	2208 5536
	2208 5568
	2048 5568
4
	2368 5536
	2496 5536
	2496 5568
	2368 5568
4
	3840 5536
	4000 5536
	4000 5568
	3840 5568
4
	4416 5536
	5056 5536
	5056 5568
	4416 5568
4
	0 5568
	736 5568
	736 5600
	0 5600
4
	2048 5568
	2208 5568
	2208 5600
	2048 5600
4
	2368 5568
	2496 5568
	2496 5600
	2368 5600
4
	3808 5568
	4032 5568
	4032 5600
	3808 5600
4
	4448 5568
	5056 5568
	5056 5600
	4448 5600
4
	0 5600
	768 5600
	768 5632
	0 5632
4
	2048 5600
	2208 5600
	2208 5632
	2048 5632
4
	2368 5600
	2496 5600
	2496 5632
	2368 5632
4
	3808 5600
	4096 5600
	4096 5632
	3808 5632
4
	4480 5600
	5056 5600
	5056 5632
	4480 5632
4
	0 5632
	768 5632
	768 5664
	0 5664
4
	2048 5632
	2208 5632
	2208 5664
	2048 5664
4
	2368 5632
	2496 5632
	2496 5664
	2368 5664
4
	3808 5632
	4128 5632
	4128 5664
	3808 5664
4
	4512 5632
	5056 5632
	5056 5664
	4512 5664
4
	0 5664
	800 5664
	800 5696
	0 5696
4
	2048 5664
	2208 5664
	2208 5696
	2048 5696
4
	2368 5664
	2496 5664
	2496 5696
	2368 5696
4
	3872 5664
	4096 5664
	4096 5696
	3872 5696
4
	4576 5664
	5056 5664
	5056 5696
	4576 5696
4
	0 5696
	736 5696
	736 5728
	0 5728
4
	2048 5696
	2208 5696
	2208 5728
	2048 5728
4
	2368 5696
	2528 5696
	2528 5728
	2368 5728
4
	3936 5696
	4064 5696
	4064 5728
	3936 5728
4
	4544 5696
	5056 5696
	5056 5728
	4544 5728
4
	0 5728
	672 5728
	672 5760
	0 5760
4
	2048 5728
	2208 5728
	2208 5760
	2048 5760
4
	2368 5728
	2528 5728
	2528 5760
	2368 5760
4
	4000 5728
	4064 5728
	4064 5760
	4000 5760
4
	4544 5728
	5056 5728
	5056 5760
	4544 5760
4
	0 5760
	640 5760
	640 5792
	0 5792
4
	2048 5760
	2208 5760
	2208 5792
	2048 5792
4
	2368 5760
	2528 5760
	2528 5792
	2368 5792
4
	4544 5760
	5056 5760
	5056 5792
	4544 5792
4
	0 5792
	576 5792
	576 5824
	0 5824
4
	2048 5792
	2272 5792
	2272 5824
	2048 5824
4
	2304 5792
	2528 5792
	2528 5824
	2304 5824
4
	4544 5792
	5056 5792
	5056 5824
	4544 5824
4
	0 5824
	544 5824
	544 5856
	0 5856
4
	2016 5824
	2272 5824
	2272 5856
	2016 5856
4
	2304 5824
	2528 5824
	2528 5856
	2304 5856
4
	4544 5824
	5056 5824
	5056 5856
	4544 5856
4
	0 5856
	544 5856
	544 5888
	0 5888
4
	1952 5856
	2624 5856
	2624 5888
	1952 5888
4
	4512 5856
	5056 5856
	5056 5888
	4512 5888
4
	0 5888
	576 5888
	576 5920
	0 5920
4
	1952 5888
	2624 5888
	2624 5920
	1952 5920
4
	4512 5888
	5056 5888
	5056 5920
	4512 5920
4
	0 5920
	608 5920
	608 5952
	0 5952
4
	1952 5920
	2624 5920
	2624 5952
	1952 5952
4
	4512 5920
	5056 5920
	5056 5952
	4512 5952
4
	0 5952
	640 5952
	640 5984
	0 5984
4
	1984 5952
	2624 5952
	2624 5984
	1984 5984
4
	4224 5952
	4320 5952
	4320 5984
	4224 5984
4
	4512 5952
	5056 5952
	5056 5984
	4512 5984
4
	0 5984
	640 5984
	640 6016
	0 6016
4
	2144 5984
	2464 5984
	2464 6016
	2144 6016
4
	2560 5984
	2592 5984
	2592 6016
	2560 6016
4
	3968 5984
	4256 5984
	4256 6016
	3968 6016
4
	4480 5984
	5056 5984
	5056 6016
	4480 6016
4
	0 6016
	672 6016
	672 6048
	0 6048
4
	2144 6016
	2272 6016
	2272 6048
	2144 6048
4
	2336 6016
	2432 6016
	2432 6048
	2336 6048
4
	3552 6016
	3616 6016
	3616 6048
	3552 6048
4
	3904 6016
	4160 6016
	4160 6048
	3904 6048
4
	4448 6016
	5056 6016
	5056 6048
	4448 6048
4
	0 6048
	672 6048
	672 6080
	0 6080
4
	2176 6048
	2240 6048
	2240 6080
	2176 6080
4
	2368 6048
	2400 6048
	2400 6080
	2368 6080
4
	3552 6048
	3680 6048
	3680 6080
	3552 6080
4
	4416 6048
	4544 6048
	4544 6080
	4416 6080
4
	4576 6048
	5056 6048
	5056 6080
	4576 6080
4
	0 6080
	704 6080
	704 6112
	0 6112
4
	960 6080
	1056 6080
	1056 6112
	960 6112
4
	2176 6080
	2208 6080
	2208 6112
	2176 6112
4
	2368 6080
	2432 6080
	2432 6112
	2368 6112
4
	3520 6080
	3712 6080
	3712 6112
	3520 6112
4
	4416 6080
	4512 6080
	4512 6112
	4416 6112
4
	4672 6080
	5056 6080
	5056 6112
	4672 6112
4
	0 6112
	736 6112
	736 6144
	0 6144
4
	896 6112
	1056 6112
	1056 6144
	896 6144
4
	2144 6112
	2208 6112
	2208 6144
	2144 6144
4
	2400 6112
	2464 6112
	2464 6144
	2400 6144
4
	3488 6112
	3776 6112
	3776 6144
	3488 6144
4
	4384 6112
	4448 6112
	4448 6144
	4384 6144
4
	4672 6112
	5056 6112
	5056 6144
	4672 6144
4
	0 6144
	736 6144
	736 6176
	0 6176
4
	864 6144
	1088 6144
	1088 6176
	864 6176
4
	2112 6144
	2176 6144
	2176 6176
	2112 6176
4
	2463 6175
	2465 6175
	2465 6177
	2463 6177
4
	2432 6144
	2464 6144
	2464 6176
	2432 6176
4
	3456 6144
	3840 6144
	3840 6176
	3456 6176
4
	4351 6175
	4353 6175
	4353 6177
	4351 6177
4
	4352 6144
	4416 6144
	4416 6176
	4352 6176
4
	4672 6144
	5056 6144
	5056 6176
	4672 6176
4
	0 6176
	768 6176
	768 6208
	0 6208
4
	800 6176
	1120 6176
	1120 6208
	800 6208
4
	2112 6176
	2144 6176
	2144 6208
	2112 6208
4
	2464 6176
	2496 6176
	2496 6208
	2464 6208
4
	2560 6176
	2592 6176
	2592 6208
	2560 6208
4
	3392 6176
	3808 6176
	3808 6208
	3392 6208
4
	4320 6176
	4352 6176
	4352 6208
	4320 6208
4
	4672 6176
	5056 6176
	5056 6208
	4672 6208
4
	0 6208
	1152 6208
	1152 6240
	0 6240
4
	1984 6208
	2176 6208
	2176 6240
	1984 6240
4
	2464 6208
	2624 6208
	2624 6240
	2464 6240
4
	3360 6208
	3424 6208
	3424 6240
	3360 6240
4
	3488 6208
	3808 6208
	3808 6240
	3488 6240
4
	4640 6208
	5056 6208
	5056 6240
	4640 6240
4
	0 6240
	1216 6240
	1216 6272
	0 6272
4
	1952 6240
	2304 6240
	2304 6272
	1952 6272
4
	2528 6240
	2560 6240
	2560 6272
	2528 6272
4
	2592 6240
	2656 6240
	2656 6272
	2592 6272
4
	3296 6240
	3392 6240
	3392 6272
	3296 6272
4
	3552 6240
	3584 6240
	3584 6272
	3552 6272
4
	3680 6240
	3776 6240
	3776 6272
	3680 6272
4
	4640 6240
	5056 6240
	5056 6272
	4640 6272
4
	0 6272
	1280 6272
	1280 6304
	0 6304
4
	1920 6272
	2208 6272
	2208 6304
	1920 6304
4
	2592 6272
	2656 6272
	2656 6304
	2592 6304
4
	3136 6272
	3168 6272
	3168 6304
	3136 6304
4
	3264 6272
	3328 6272
	3328 6304
	3264 6304
4
	4640 6272
	5056 6272
	5056 6304
	4640 6304
4
	0 6304
	1312 6304
	1312 6336
	0 6336
4
	1440 6304
	1472 6304
	1472 6336
	1440 6336
4
	1888 6304
	2144 6304
	2144 6336
	1888 6336
4
	2720 6304
	2816 6304
	2816 6336
	2720 6336
4
	3040 6304
	3296 6304
	3296 6336
	3040 6336
4
	4672 6304
	5056 6304
	5056 6336
	4672 6336
4
	0 6336
	1376 6336
	1376 6368
	0 6368
4
	1408 6336
	1568 6336
	1568 6368
	1408 6368
4
	1728 6336
	1856 6336
	1856 6368
	1728 6368
4
	1920 6336
	2144 6336
	2144 6368
	1920 6368
4
	2848 6336
	2976 6336
	2976 6368
	2848 6368
4
	3040 6336
	3264 6336
	3264 6368
	3040 6368
4
	4511 6367
	4513 6367
	4513 6369
	4511 6369
4
	4512 6336
	4608 6336
	4608 6368
	4512 6368
4
	4736 6336
	5056 6336
	5056 6368
	4736 6368
4
	0 6368
	1568 6368
	1568 6400
	0 6400
4
	1600 6368
	1696 6368
	1696 6400
	1600 6400
4
	1728 6368
	1888 6368
	1888 6400
	1728 6400
4
	1920 6368
	2208 6368
	2208 6400
	1920 6400
4
	2816 6368
	3296 6368
	3296 6400
	2816 6400
4
	4448 6368
	4512 6368
	4512 6400
	4448 6400
4
	4640 6368
	4672 6368
	4672 6400
	4640 6400
4
	4800 6368
	5056 6368
	5056 6400
	4800 6400
4
	0 6400
	2304 6400
	2304 6432
	0 6432
4
	2399 6431
	2401 6431
	2401 6433
	2399 6433
4
	2400 6400
	2432 6400
	2432 6432
	2400 6432
4
	2752 6400
	3392 6400
	3392 6432
	2752 6432
4
	3456 6400
	3520 6400
	3520 6432
	3456 6432
4
	4480 6400
	4576 6400
	4576 6432
	4480 6432
4
	4864 6400
	5056 6400
	5056 6432
	4864 6432
4
	0 6432
	2336 6432
	2336 6464
	0 6464
4
	2368 6432
	2400 6432
	2400 6464
	2368 6464
4
	2592 6432
	3488 6432
	3488 6464
	2592 6464
4
	4767 6463
	4769 6463
	4769 6465
	4767 6465
4
	4768 6432
	4800 6432
	4800 6464
	4768 6464
4
	4864 6432
	5056 6432
	5056 6464
	4864 6464
4
	0 6464
	2432 6464
	2432 6496
	0 6496
4
	2560 6464
	3456 6464
	3456 6496
	2560 6496
4
	4704 6464
	4768 6464
	4768 6496
	4704 6496
4
	4896 6464
	5056 6464
	5056 6496
	4896 6496
4
	0 6496
	2400 6496
	2400 6528
	0 6528
4
	2496 6496
	3424 6496
	3424 6528
	2496 6528
4
	4640 6496
	4768 6496
	4768 6528
	4640 6528
4
	4928 6496
	5056 6496
	5056 6528
	4928 6528
4
	0 6528
	3456 6528
	3456 6560
	0 6560
4
	4608 6528
	4736 6528
	4736 6560
	4608 6560
4
	4960 6528
	5056 6528
	5056 6560
	4960 6560
4
	0 6560
	3488 6560
	3488 6592
	0 6592
4
	4544 6560
	4704 6560
	4704 6592
	4544 6592
4
	4960 6560
	5056 6560
	5056 6592
	4960 6592
4
	0 6592
	3552 6592
	3552 6624
	0 6624
4
	4479 6623
	4481 6623
	4481 6625
	4479 6625
4
	4480 6592
	4608 6592
	4608 6624
	4480 6624
4
	4992 6592
	5056 6592
	5056 6624
	4992 6624
4
	0 6624
	3552 6624
	3552 6656
	0 6656
4
	4416 6624
	4480 6624
	4480 6656
	4416 6656
4
	4992 6624
	5056 6624
	5056 6656
	4992 6656
4
	0 6656
	3552 6656
	3552 6688
	0 6688
4
	4992 6656
	5056 6656
	5056 6688
	4992 6688
4
	0 6688
	3552 6688
	3552 6720
	0 6720
4
	5024 6688
	5056 6688
	5056 6720
	5024 6720
4
	0 6720
	3552 6720
	3552 6752
	0 6752
4
	5024 6720
	5056 6720
	5056 6752
	5024 6752
4
	0 6752
	3552 6752
	3552 6784
	0 6784
4
	5024 6752
	5056 6752
	5056 6784
	5024 6784
4
	0 6784
	3552 6784
	3552 6816
	0 6816
4
	5024 6784
	5056 6784
	5056 6816
	5024 6816
4
	0 6816
	3552 6816
	3552 6848
	0 6848
4
	4992 6816
	5056 6816
	5056 6848
	4992 6848
4
	0 6848
	3552 6848
	3552 6880
	0 6880
4
	4992 6848
	5056 6848
	5056 6880
	4992 6880
4
	0 6880
	3584 6880
	3584 6912
	0 6912
4
	4960 6880
	5056 6880
	5056 6912
	4960 6912
4
	0 6912
	3584 6912
	3584 6944
	0 6944
4
	4928 6912
	5056 6912
	5056 6944
	4928 6944
4
	0 6944
	3584 6944
	3584 6976
	0 6976
4
	4928 6944
	5056 6944
	5056 6976
	4928 6976
4
	0 6976
	3616 6976
	3616 7008
	0 7008
4
	4896 6976
	5056 6976
	5056 7008
	4896 7008
4
	0 7008
	3616 7008
	3616 7040
	0 7040
4
	4896 7008
	5056 7008
	5056 7040
	4896 7040
4
	0 7040
	3616 7040
	3616 7072
	0 7072
4
	4864 7040
	5056 7040
	5056 7072
	4864 7072
4
	0 7072
	3616 7072
	3616 7104
	0 7104
4
	4832 7072
	5056 7072
	5056 7104
	4832 7104
4
	0 7104
	3616 7104
	3616 7136
	0 7136
4
	4800 7104
	5056 7104
	5056 7136
	4800 7136
4
	0 7136
	3616 7136
	3616 7168
	0 7168
4
	4800 7136
	5056 7136
	5056 7168
	4800 7168
4
	0 7168
	3616 7168
	3616 7200
	0 7200
4
	4768 7168
	5056 7168
	5056 7200
	4768 7200
4
	0 7200
	3648 7200
	3648 7232
	0 7232
4
	4736 7200
	5056 7200
	5056 7232
	4736 7232
4
	0 7232
	3776 7232
	3776 7264
	0 7264
4
	4704 7232
	5056 7232
	5056 7264
	4704 7264
4
	-32 -32
	5088 -32
	5088 0
	-32 0
4
	-32 7264
	5088 7264
	5088 7296
	-32 7296
4
	-32 0
	0 0
	0 7264
	-32 7264
4
	5056 0
	5088 0
	5088 7264
	5056 7264
