370
4
	0 0
	3328 0
	3328 32
	0 32
4
	0 32
	3328 32
	3328 64
	0 64
4
	0 64
	3328 64
	3328 96
	0 96
4
	0 96
	448 96
	448 128
	0 128
4
	512 96
	3328 96
	3328 128
	512 128
4
	0 128
	448 128
	448 160
	0 160
4
	512 128
	3328 128
	3328 160
	512 160
4
	0 160
	448 160
	448 192
	0 192
4
	512 160
	3328 160
	3328 192
	512 192
4
	287 223
	289 223
	289 225
	287 225
4
	0 192
	288 192
	288 224
	0 224
4
	512 192
	3328 192
	3328 224
	512 224
4
	0 224
	256 224
	256 256
	0 256
4
	288 224
	320 224
	320 256
	288 256
4
	576 224
	3328 224
	3328 256
	576 256
4
	0 256
	192 256
	192 288
	0 288
4
	288 256
	320 256
	320 288
	288 288
4
	640 256
	736 256
	736 288
	640 288
4
	864 256
	3328 256
	3328 288
	864 288
4
	0 288
	160 288
	160 320
	0 320
4
	287 319
	289 319
	289 321
	287 321
4
	288 288
	320 288
	320 320
	288 320
4
	512 288
	576 288
	576 320
	512 320
4
	896 288
	3328 288
	3328 320
	896 320
4
	0 320
	128 320
	128 352
	0 352
4
	255 351
	257 351
	257 353
	255 353
4
	256 320
	288 320
	288 352
	256 352
4
	448 320
	576 320
	576 352
	448 352
4
	896 320
	3328 320
	3328 352
	896 352
4
	0 352
	128 352
	128 384
	0 384
4
	224 352
	256 352
	256 384
	224 384
4
	352 352
	512 352
	512 384
	352 384
4
	896 352
	3328 352
	3328 384
	896 384
4
	0 384
	96 384
	96 416
	0 416
4
	320 384
	416 384
	416 416
	320 416
4
	832 384
	3328 384
	3328 416
	832 416
4
	0 416
	128 416
	128 448
	0 448
4
	191 447
	193 447
	193 449
	191 449
4
	192 416
	224 416
	224 448
	192 448
4
	832 416
	3328 416
	3328 448
	832 448
4
	0 448
	192 448
	192 480
	0 480
4
	832 448
	3328 448
	3328 480
	832 480
4
	0 480
	224 480
	224 512
	0 512
4
	832 480
	3328 480
	3328 512
	832 512
4
	0 512
	224 512
	224 544
	0 544
4
	480 512
	640 512
	640 544
	480 544
4
	864 512
	3328 512
	3328 544
	864 544
4
	0 544
	224 544
	224 576
	0 576
4
	480 544
	672 544
	672 576
	480 576
4
	864 544
	3328 544
	3328 576
	864 576
4
	0 576
	224 576
	224 608
	0 608
4
	480 576
	672 576
	672 608
	480 608
4
	928 576
	3328 576
	3328 608
	928 608
4
	0 608
	224 608
	224 640
	0 640
4
	416 608
	3328 608
	3328 640
	416 640
4
	0 640
	224 640
	224 672
	0 672
4
	416 640
	3328 640
	3328 672
	416 672
4
	0 672
	224 672
	224 704
	0 704
4
	544 672
	3328 672
	3328 704
	544 704
4
	0 704
	224 704
	224 736
	0 736
4
	896 704
	3328 704
	3328 736
	896 736
4
	0 736
	128 736
	128 768
	0 768
4
	896 736
	3328 736
	3328 768
	896 768
4
	0 768
	128 768
	128 800
	0 800
4
	896 768
	3328 768
	3328 800
	896 800
4
	0 800
	128 800
	128 832
	0 832
4
	896 800
	3328 800
	3328 832
	896 832
4
	0 832
	128 832
	128 864
	0 864
4
	896 832
	3328 832
	3328 864
	896 864
4
	0 864
	128 864
	128 896
	0 896
4
	896 864
	3328 864
	3328 896
	896 896
4
	0 896
	128 896
	128 928
	0 928
4
	896 896
	3328 896
	3328 928
	896 928
4
	0 928
	128 928
	128 960
	0 960
4
	896 928
	3328 928
	3328 960
	896 960
4
	0 960
	128 960
	128 992
	0 992
4
	896 960
	3328 960
	3328 992
	896 992
4
	0 992
	160 992
	160 1024
	0 1024
4
	864 992
	3328 992
	3328 1024
	864 1024
4
	0 1024
	160 1024
	160 1056
	0 1056
4
	864 1024
	3328 1024
	3328 1056
	864 1056
4
	0 1056
	128 1056
	128 1088
	0 1088
4
	896 1056
	3328 1056
	3328 1088
	896 1088
4
	0 1088
	160 1088
	160 1120
	0 1120
4
	992 1088
	3328 1088
	3328 1120
	992 1120
4
	0 1120
	160 1120
	160 1152
	0 1152
4
	992 1120
	3328 1120
	3328 1152
	992 1152
4
	0 1152
	160 1152
	160 1184
	0 1184
4
	992 1152
	3328 1152
	3328 1184
	992 1184
4
	0 1184
	160 1184
	160 1216
	0 1216
4
	928 1184
	3328 1184
	3328 1216
	928 1216
4
	0 1216
	160 1216
	160 1248
	0 1248
4
	832 1216
	3328 1216
	3328 1248
	832 1248
4
	0 1248
	160 1248
	160 1280
	0 1280
4
	800 1248
	3328 1248
	3328 1280
	800 1280
4
	0 1280
	160 1280
	160 1312
	0 1312
4
	800 1280
	3328 1280
	3328 1312
	800 1312
4
	0 1312
	160 1312
	160 1344
	0 1344
4
	800 1312
	1376 1312
	1376 1344
	800 1344
4
	1440 1312
	1632 1312
	1632 1344
	1440 1344
4
	1696 1312
	2144 1312
	2144 1344
	1696 1344
4
	2208 1312
	2400 1312
	2400 1344
	2208 1344
4
	2464 1312
	2912 1312
	2912 1344
	2464 1344
4
	2976 1312
	3328 1312
	3328 1344
	2976 1344
4
	0 1344
	128 1344
	128 1376
	0 1376
4
	608 1344
	672 1344
	672 1376
	608 1376
4
	832 1344
	1024 1344
	1024 1376
	832 1376
4
	1504 1344
	1568 1344
	1568 1376
	1504 1376
4
	1728 1344
	1984 1344
	1984 1376
	1728 1376
4
	2016 1344
	2080 1344
	2080 1376
	2016 1376
4
	2496 1344
	2592 1344
	2592 1376
	2496 1376
4
	2624 1344
	2752 1344
	2752 1376
	2624 1376
4
	3008 1344
	3328 1344
	3328 1376
	3008 1376
4
	0 1376
	128 1376
	128 1408
	0 1408
4
	608 1376
	672 1376
	672 1408
	608 1408
4
	864 1376
	992 1376
	992 1408
	864 1408
4
	1728 1376
	1888 1376
	1888 1408
	1728 1408
4
	2016 1376
	2080 1376
	2080 1408
	2016 1408
4
	2464 1376
	2592 1376
	2592 1408
	2464 1408
4
	3008 1376
	3328 1376
	3328 1408
	3008 1408
4
	0 1408
	128 1408
	128 1440
	0 1440
4
	608 1408
	672 1408
	672 1440
	608 1440
4
	896 1408
	1024 1408
	1024 1440
	896 1440
4
	1728 1408
	1984 1408
	1984 1440
	1728 1440
4
	2464 1408
	2656 1408
	2656 1440
	2464 1440
4
	3008 1408
	3328 1408
	3328 1440
	3008 1440
4
	0 1440
	128 1440
	128 1472
	0 1472
4
	608 1440
	672 1440
	672 1472
	608 1472
4
	928 1440
	1056 1440
	1056 1472
	928 1472
4
	1824 1440
	2048 1440
	2048 1472
	1824 1472
4
	2464 1440
	2720 1440
	2720 1472
	2464 1472
4
	3168 1440
	3264 1440
	3264 1472
	3168 1472
4
	3296 1440
	3328 1440
	3328 1472
	3296 1472
4
	0 1472
	288 1472
	288 1504
	0 1504
4
	608 1472
	672 1472
	672 1504
	608 1504
4
	960 1472
	1088 1472
	1088 1504
	960 1504
4
	1920 1472
	2048 1472
	2048 1504
	1920 1504
4
	2528 1472
	2784 1472
	2784 1504
	2528 1504
4
	3296 1472
	3328 1472
	3328 1504
	3296 1504
4
	0 1504
	288 1504
	288 1536
	0 1536
4
	608 1504
	672 1504
	672 1536
	608 1536
4
	992 1504
	1120 1504
	1120 1536
	992 1536
4
	2592 1504
	2784 1504
	2784 1536
	2592 1536
4
	3296 1504
	3328 1504
	3328 1536
	3296 1536
4
	0 1536
	384 1536
	384 1568
	0 1568
4
	576 1536
	672 1536
	672 1568
	576 1568
4
	1024 1536
	1120 1536
	1120 1568
	1024 1568
4
	2656 1536
	2784 1536
	2784 1568
	2656 1568
4
	3168 1536
	3328 1536
	3328 1568
	3168 1568
4
	0 1568
	96 1568
	96 1600
	0 1600
4
	288 1568
	384 1568
	384 1600
	288 1600
4
	576 1568
	672 1568
	672 1600
	576 1600
4
	3136 1568
	3328 1568
	3328 1600
	3136 1600
4
	0 1600
	96 1600
	96 1632
	0 1632
4
	288 1600
	384 1600
	384 1632
	288 1632
4
	576 1600
	672 1600
	672 1632
	576 1632
4
	3136 1600
	3328 1600
	3328 1632
	3136 1632
4
	0 1632
	96 1632
	96 1664
	0 1664
4
	224 1632
	384 1632
	384 1664
	224 1664
4
	576 1632
	672 1632
	672 1664
	576 1664
4
	3168 1632
	3328 1632
	3328 1664
	3168 1664
4
	0 1664
	96 1664
	96 1696
	0 1696
4
	224 1664
	384 1664
	384 1696
	224 1696
4
	3296 1664
	3328 1664
	3328 1696
	3296 1696
4
	0 1696
	160 1696
	160 1728
	0 1728
4
	224 1696
	320 1696
	320 1728
	224 1728
4
	352 1696
	384 1696
	384 1728
	352 1728
4
	3296 1696
	3328 1696
	3328 1728
	3296 1728
4
	0 1728
	160 1728
	160 1760
	0 1760
4
	256 1728
	320 1728
	320 1760
	256 1760
4
	352 1728
	384 1728
	384 1760
	352 1760
4
	3296 1728
	3328 1728
	3328 1760
	3296 1760
4
	0 1760
	160 1760
	160 1792
	0 1792
4
	256 1760
	320 1760
	320 1792
	256 1792
4
	352 1760
	384 1760
	384 1792
	352 1792
4
	3296 1760
	3328 1760
	3328 1792
	3296 1792
4
	0 1792
	160 1792
	160 1824
	0 1824
4
	256 1792
	320 1792
	320 1824
	256 1824
4
	352 1792
	384 1792
	384 1824
	352 1824
4
	3296 1792
	3328 1792
	3328 1824
	3296 1824
4
	0 1824
	160 1824
	160 1856
	0 1856
4
	256 1824
	320 1824
	320 1856
	256 1856
4
	352 1824
	384 1824
	384 1856
	352 1856
4
	3296 1824
	3328 1824
	3328 1856
	3296 1856
4
	0 1856
	160 1856
	160 1888
	0 1888
4
	224 1856
	320 1856
	320 1888
	224 1888
4
	352 1856
	384 1856
	384 1888
	352 1888
4
	3296 1856
	3328 1856
	3328 1888
	3296 1888
4
	0 1888
	96 1888
	96 1920
	0 1920
4
	224 1888
	320 1888
	320 1920
	224 1920
4
	352 1888
	384 1888
	384 1920
	352 1920
4
	3264 1888
	3328 1888
	3328 1920
	3264 1920
4
	0 1920
	96 1920
	96 1952
	0 1952
4
	224 1920
	320 1920
	320 1952
	224 1952
4
	352 1920
	384 1920
	384 1952
	352 1952
4
	2176 1920
	2208 1920
	2208 1952
	2176 1952
4
	3264 1920
	3328 1920
	3328 1952
	3264 1952
4
	0 1952
	96 1952
	96 1984
	0 1984
4
	224 1952
	320 1952
	320 1984
	224 1984
4
	352 1952
	384 1952
	384 1984
	352 1984
4
	640 1952
	736 1952
	736 1984
	640 1984
4
	2080 1952
	2240 1952
	2240 1984
	2080 1984
4
	3168 1952
	3328 1952
	3328 1984
	3168 1984
4
	0 1984
	96 1984
	96 2016
	0 2016
4
	224 1984
	320 1984
	320 2016
	224 2016
4
	352 1984
	384 1984
	384 2016
	352 2016
4
	640 1984
	736 1984
	736 2016
	640 2016
4
	1024 1984
	1088 1984
	1088 2016
	1024 2016
4
	1984 1984
	2240 1984
	2240 2016
	1984 2016
4
	3168 1984
	3328 1984
	3328 2016
	3168 2016
4
	0 2016
	96 2016
	96 2048
	0 2048
4
	224 2016
	320 2016
	320 2048
	224 2048
4
	352 2016
	384 2016
	384 2048
	352 2048
4
	640 2016
	736 2016
	736 2048
	640 2048
4
	1024 2016
	1120 2016
	1120 2048
	1024 2048
4
	1888 2016
	2144 2016
	2144 2048
	1888 2048
4
	3168 2016
	3328 2016
	3328 2048
	3168 2048
4
	0 2048
	64 2048
	64 2080
	0 2080
4
	224 2048
	320 2048
	320 2080
	224 2080
4
	352 2048
	384 2048
	384 2080
	352 2080
4
	640 2048
	736 2048
	736 2080
	640 2080
4
	992 2048
	1088 2048
	1088 2080
	992 2080
4
	1888 2048
	2048 2048
	2048 2080
	1888 2080
4
	3200 2048
	3328 2048
	3328 2080
	3200 2080
4
	0 2080
	64 2080
	64 2112
	0 2112
4
	128 2080
	288 2080
	288 2112
	128 2112
4
	672 2080
	736 2080
	736 2112
	672 2112
4
	960 2080
	1056 2080
	1056 2112
	960 2112
4
	1920 2080
	1952 2080
	1952 2112
	1920 2112
4
	2784 2080
	3104 2080
	3104 2112
	2784 2112
4
	3168 2080
	3328 2080
	3328 2112
	3168 2112
4
	0 2112
	32 2112
	32 2144
	0 2144
4
	128 2112
	288 2112
	288 2144
	128 2144
4
	672 2112
	736 2112
	736 2144
	672 2144
4
	928 2112
	1056 2112
	1056 2144
	928 2144
4
	2784 2112
	3104 2112
	3104 2144
	2784 2144
4
	3168 2112
	3328 2112
	3328 2144
	3168 2144
4
	0 2144
	96 2144
	96 2176
	0 2176
4
	672 2144
	736 2144
	736 2176
	672 2176
4
	928 2144
	1024 2144
	1024 2176
	928 2176
4
	2752 2144
	3328 2144
	3328 2176
	2752 2176
4
	0 2176
	96 2176
	96 2208
	0 2208
4
	672 2176
	736 2176
	736 2208
	672 2208
4
	896 2176
	992 2176
	992 2208
	896 2208
4
	2752 2176
	3328 2176
	3328 2208
	2752 2208
4
	0 2208
	96 2208
	96 2240
	0 2240
4
	672 2208
	736 2208
	736 2240
	672 2240
4
	864 2208
	1056 2208
	1056 2240
	864 2240
4
	1504 2208
	1568 2208
	1568 2240
	1504 2240
4
	1856 2208
	1984 2208
	1984 2240
	1856 2240
4
	2016 2208
	2080 2208
	2080 2240
	2016 2240
4
	2528 2208
	2592 2208
	2592 2240
	2528 2240
4
	2624 2208
	3328 2208
	3328 2240
	2624 2240
4
	0 2240
	32 2240
	32 2272
	0 2272
4
	672 2240
	736 2240
	736 2272
	672 2272
4
	800 2240
	1376 2240
	1376 2272
	800 2272
4
	1440 2240
	1632 2240
	1632 2272
	1440 2272
4
	1696 2240
	2144 2240
	2144 2272
	1696 2272
4
	2208 2240
	2400 2240
	2400 2272
	2208 2272
4
	2464 2240
	3328 2240
	3328 2272
	2464 2272
4
	0 2272
	160 2272
	160 2304
	0 2304
4
	800 2272
	3328 2272
	3328 2304
	800 2304
4
	0 2304
	160 2304
	160 2336
	0 2336
4
	800 2304
	3328 2304
	3328 2336
	800 2336
4
	0 2336
	160 2336
	160 2368
	0 2368
4
	800 2336
	3328 2336
	3328 2368
	800 2368
4
	0 2368
	160 2368
	160 2400
	0 2400
4
	256 2368
	320 2368
	320 2400
	256 2400
4
	672 2368
	736 2368
	736 2400
	672 2400
4
	992 2368
	3328 2368
	3328 2400
	992 2400
4
	0 2400
	160 2400
	160 2432
	0 2432
4
	224 2400
	352 2400
	352 2432
	224 2432
4
	640 2400
	768 2400
	768 2432
	640 2432
4
	992 2400
	3328 2400
	3328 2432
	992 2432
4
	0 2432
	160 2432
	160 2464
	0 2464
4
	224 2432
	352 2432
	352 2464
	224 2464
4
	640 2432
	768 2432
	768 2464
	640 2464
4
	992 2432
	3328 2432
	3328 2464
	992 2464
4
	0 2464
	160 2464
	160 2496
	0 2496
4
	224 2464
	352 2464
	352 2496
	224 2496
4
	640 2464
	768 2464
	768 2496
	640 2496
4
	960 2464
	3328 2464
	3328 2496
	960 2496
4
	0 2496
	384 2496
	384 2528
	0 2528
4
	608 2496
	768 2496
	768 2528
	608 2528
4
	800 2496
	3328 2496
	3328 2528
	800 2528
4
	0 2528
	384 2528
	384 2560
	0 2560
4
	608 2528
	3328 2528
	3328 2560
	608 2560
4
	0 2560
	384 2560
	384 2592
	0 2592
4
	608 2560
	3328 2560
	3328 2592
	608 2592
4
	0 2592
	224 2592
	224 2624
	0 2624
4
	256 2592
	384 2592
	384 2624
	256 2624
4
	608 2592
	3328 2592
	3328 2624
	608 2624
4
	0 2624
	224 2624
	224 2656
	0 2656
4
	256 2624
	352 2624
	352 2656
	256 2656
4
	672 2624
	3328 2624
	3328 2656
	672 2656
4
	0 2656
	224 2656
	224 2688
	0 2688
4
	256 2656
	352 2656
	352 2688
	256 2688
4
	672 2656
	864 2656
	864 2688
	672 2688
4
	928 2656
	3328 2656
	3328 2688
	928 2688
4
	0 2688
	224 2688
	224 2720
	0 2720
4
	672 2688
	768 2688
	768 2720
	672 2720
4
	928 2688
	3328 2688
	3328 2720
	928 2720
4
	0 2720
	64 2720
	64 2752
	0 2752
4
	672 2720
	768 2720
	768 2752
	672 2752
4
	928 2720
	3328 2720
	3328 2752
	928 2752
4
	0 2752
	64 2752
	64 2784
	0 2784
4
	672 2752
	768 2752
	768 2784
	672 2784
4
	928 2752
	3328 2752
	3328 2784
	928 2784
4
	0 2784
	64 2784
	64 2816
	0 2816
4
	672 2784
	768 2784
	768 2816
	672 2816
4
	928 2784
	3328 2784
	3328 2816
	928 2816
4
	0 2816
	64 2816
	64 2848
	0 2848
4
	672 2816
	768 2816
	768 2848
	672 2848
4
	928 2816
	3328 2816
	3328 2848
	928 2848
4
	0 2848
	64 2848
	64 2880
	0 2880
4
	672 2848
	768 2848
	768 2880
	672 2880
4
	896 2848
	3328 2848
	3328 2880
	896 2880
4
	0 2880
	96 2880
	96 2912
	0 2912
4
	672 2880
	768 2880
	768 2912
	672 2912
4
	896 2880
	3328 2880
	3328 2912
	896 2912
4
	0 2912
	96 2912
	96 2944
	0 2944
4
	672 2912
	768 2912
	768 2944
	672 2944
4
	928 2912
	3328 2912
	3328 2944
	928 2944
4
	0 2944
	384 2944
	384 2976
	0 2976
4
	672 2944
	832 2944
	832 2976
	672 2976
4
	928 2944
	3328 2944
	3328 2976
	928 2976
4
	0 2976
	384 2976
	384 3008
	0 3008
4
	672 2976
	832 2976
	832 3008
	672 3008
4
	928 2976
	3328 2976
	3328 3008
	928 3008
4
	0 3008
	352 3008
	352 3040
	0 3040
4
	672 3008
	832 3008
	832 3040
	672 3040
4
	928 3008
	3328 3008
	3328 3040
	928 3040
4
	0 3040
	96 3040
	96 3072
	0 3072
4
	704 3040
	800 3040
	800 3072
	704 3072
4
	928 3040
	3328 3040
	3328 3072
	928 3072
4
	0 3072
	96 3072
	96 3104
	0 3104
4
	704 3072
	800 3072
	800 3104
	704 3104
4
	928 3072
	3328 3072
	3328 3104
	928 3104
4
	0 3104
	96 3104
	96 3136
	0 3136
4
	928 3104
	3328 3104
	3328 3136
	928 3136
4
	0 3136
	128 3136
	128 3168
	0 3168
4
	864 3136
	896 3136
	896 3168
	864 3168
4
	928 3136
	3328 3136
	3328 3168
	928 3168
4
	0 3168
	160 3168
	160 3200
	0 3200
4
	832 3168
	3328 3168
	3328 3200
	832 3200
4
	0 3200
	160 3200
	160 3232
	0 3232
4
	832 3200
	3328 3200
	3328 3232
	832 3232
4
	0 3232
	128 3232
	128 3264
	0 3264
4
	800 3232
	3328 3232
	3328 3264
	800 3264
4
	0 3264
	224 3264
	224 3296
	0 3296
4
	864 3264
	3328 3264
	3328 3296
	864 3296
4
	0 3296
	224 3296
	224 3328
	0 3328
4
	864 3296
	3328 3296
	3328 3328
	864 3328
4
	0 3328
	256 3328
	256 3360
	0 3360
4
	704 3328
	3328 3328
	3328 3360
	704 3360
4
	0 3360
	288 3360
	288 3392
	0 3392
4
	448 3360
	576 3360
	576 3392
	448 3392
4
	640 3360
	3328 3360
	3328 3392
	640 3392
4
	0 3392
	352 3392
	352 3424
	0 3424
4
	448 3392
	3328 3392
	3328 3424
	448 3424
4
	0 3424
	416 3424
	416 3456
	0 3456
4
	448 3424
	3328 3424
	3328 3456
	448 3456
4
	0 3456
	3328 3456
	3328 3488
	0 3488
4
	0 3488
	3328 3488
	3328 3520
	0 3520
4
	0 3520
	3328 3520
	3328 3552
	0 3552
4
	0 3552
	3328 3552
	3328 3584
	0 3584
4
	-32 -32
	3360 -32
	3360 0
	-32 0
4
	-32 3584
	3360 3584
	3360 3616
	-32 3616
4
	-32 0
	0 0
	0 3584
	-32 3584
4
	3328 0
	3360 0
	3360 3584
	3328 3584
