66
4
	0 0
	960 0
	960 32
	0 32
4
	0 32
	960 32
	960 64
	0 64
4
	0 64
	960 64
	960 96
	0 96
4
	0 96
	960 96
	960 128
	0 128
4
	0 128
	256 128
	256 160
	0 160
4
	320 128
	384 128
	384 160
	320 160
4
	448 128
	960 128
	960 160
	448 160
4
	0 160
	160 160
	160 192
	0 192
4
	448 160
	960 160
	960 192
	448 192
4
	0 192
	160 192
	160 224
	0 224
4
	512 192
	960 192
	960 224
	512 224
4
	0 224
	192 224
	192 256
	0 256
4
	544 224
	608 224
	608 256
	544 256
4
	736 224
	960 224
	960 256
	736 256
4
	0 256
	192 256
	192 288
	0 288
4
	544 256
	608 256
	608 288
	544 288
4
	832 256
	960 256
	960 288
	832 288
4
	0 288
	192 288
	192 320
	0 320
4
	864 288
	960 288
	960 320
	864 320
4
	0 320
	192 320
	192 352
	0 352
4
	864 320
	960 320
	960 352
	864 352
4
	0 352
	192 352
	192 384
	0 384
4
	864 352
	960 352
	960 384
	864 384
4
	0 384
	224 384
	224 416
	0 416
4
	736 384
	960 384
	960 416
	736 416
4
	0 416
	256 416
	256 448
	0 448
4
	672 416
	960 416
	960 448
	672 448
4
	0 448
	256 448
	256 480
	0 480
4
	576 448
	960 448
	960 480
	576 480
4
	0 480
	256 480
	256 512
	0 512
4
	576 480
	960 480
	960 512
	576 512
4
	0 512
	224 512
	224 544
	0 544
4
	576 512
	960 512
	960 544
	576 544
4
	0 544
	192 544
	192 576
	0 576
4
	576 544
	960 544
	960 576
	576 576
4
	0 576
	192 576
	192 608
	0 608
4
	576 576
	960 576
	960 608
	576 608
4
	0 608
	192 608
	192 640
	0 640
4
	576 608
	960 608
	960 640
	576 640
4
	0 640
	192 640
	192 672
	0 672
4
	576 640
	960 640
	960 672
	576 672
4
	0 672
	192 672
	192 704
	0 704
4
	576 672
	960 672
	960 704
	576 704
4
	0 704
	192 704
	192 736
	0 736
4
	576 704
	960 704
	960 736
	576 736
4
	0 736
	192 736
	192 768
	0 768
4
	576 736
	960 736
	960 768
	576 768
4
	0 768
	192 768
	192 800
	0 800
4
	576 768
	960 768
	960 800
	576 800
4
	0 800
	224 800
	224 832
	0 832
4
	576 800
	960 800
	960 832
	576 832
4
	0 832
	224 832
	224 864
	0 864
4
	512 832
	960 832
	960 864
	512 864
4
	0 864
	160 864
	160 896
	0 896
4
	512 864
	960 864
	960 896
	512 896
4
	0 896
	160 896
	160 928
	0 928
4
	288 896
	384 896
	384 928
	288 928
4
	416 896
	960 896
	960 928
	416 928
4
	0 928
	192 928
	192 960
	0 960
4
	288 928
	960 928
	960 960
	288 960
4
	0 960
	192 960
	192 992
	0 992
4
	288 960
	960 960
	960 992
	288 992
4
	-32 -32
	992 -32
	992 0
	-32 0
4
	-32 992
	992 992
	992 1024
	-32 1024
4
	-32 0
	0 0
	0 992
	-32 992
4
	960 0
	992 0
	992 992
	960 992
