67
4
	0 0
	192 0
	192 32
	0 32
4
	320 0
	448 0
	448 32
	320 32
4
	512 0
	864 0
	864 32
	512 32
4
	0 32
	224 32
	224 64
	0 64
4
	576 32
	704 32
	704 64
	576 64
4
	768 32
	864 32
	864 64
	768 64
4
	0 64
	192 64
	192 96
	0 96
4
	768 64
	864 64
	864 96
	768 96
4
	0 96
	224 96
	224 128
	0 128
4
	736 96
	864 96
	864 128
	736 128
4
	0 128
	128 128
	128 160
	0 160
4
	160 128
	224 128
	224 160
	160 160
4
	736 128
	864 128
	864 160
	736 160
4
	0 160
	128 160
	128 192
	0 192
4
	736 160
	864 160
	864 192
	736 192
4
	0 192
	160 192
	160 224
	0 224
4
	704 192
	864 192
	864 224
	704 224
4
	0 224
	160 224
	160 256
	0 256
4
	704 224
	864 224
	864 256
	704 256
4
	0 256
	128 256
	128 288
	0 288
4
	704 256
	864 256
	864 288
	704 288
4
	0 288
	128 288
	128 320
	0 320
4
	704 288
	864 288
	864 320
	704 320
4
	0 320
	128 320
	128 352
	0 352
4
	800 320
	864 320
	864 352
	800 352
4
	0 352
	128 352
	128 384
	0 384
4
	800 352
	864 352
	864 384
	800 384
4
	0 384
	128 384
	128 416
	0 416
4
	288 384
	384 384
	384 416
	288 416
4
	448 384
	576 384
	576 416
	448 416
4
	800 384
	864 384
	864 416
	800 416
4
	0 416
	128 416
	128 448
	0 448
4
	288 416
	576 416
	576 448
	288 448
4
	768 416
	864 416
	864 448
	768 448
4
	0 448
	160 448
	160 480
	0 480
4
	224 448
	672 448
	672 480
	224 480
4
	736 448
	864 448
	864 480
	736 480
4
	0 480
	160 480
	160 512
	0 512
4
	224 480
	672 480
	672 512
	224 512
4
	736 480
	864 480
	864 512
	736 512
4
	0 512
	160 512
	160 544
	0 544
4
	256 512
	672 512
	672 544
	256 544
4
	736 512
	864 512
	864 544
	736 544
4
	0 544
	128 544
	128 576
	0 576
4
	352 544
	576 544
	576 576
	352 576
4
	736 544
	864 544
	864 576
	736 576
4
	0 576
	128 576
	128 608
	0 608
4
	352 576
	608 576
	608 608
	352 608
4
	768 576
	864 576
	864 608
	768 608
4
	0 608
	128 608
	128 640
	0 640
4
	256 608
	608 608
	608 640
	256 640
4
	736 608
	864 608
	864 640
	736 640
4
	0 640
	128 640
	128 672
	0 672
4
	256 640
	608 640
	608 672
	256 672
4
	736 640
	864 640
	864 672
	736 672
4
	0 672
	192 672
	192 704
	0 704
4
	256 672
	640 672
	640 704
	256 704
4
	736 672
	864 672
	864 704
	736 704
4
	0 704
	192 704
	192 736
	0 736
4
	256 704
	864 704
	864 736
	256 736
4
	0 736
	864 736
	864 768
	0 768
4
	0 768
	864 768
	864 800
	0 800
4
	0 800
	864 800
	864 832
	0 832
4
	-32 -32
	896 -32
	896 0
	-32 0
4
	-32 832
	896 832
	896 864
	-32 864
4
	-32 0
	0 0
	0 832
	-32 832
4
	864 0
	896 0
	896 832
	864 832
