118
4
	0 0
	1568 0
	1568 32
	0 32
4
	0 32
	1568 32
	1568 64
	0 64
4
	0 64
	192 64
	192 96
	0 96
4
	224 64
	288 64
	288 96
	224 96
4
	416 64
	1568 64
	1568 96
	416 96
4
	0 96
	160 96
	160 128
	0 128
4
	608 96
	1568 96
	1568 128
	608 128
4
	0 128
	160 128
	160 160
	0 160
4
	672 128
	1568 128
	1568 160
	672 160
4
	0 160
	160 160
	160 192
	0 192
4
	736 160
	1568 160
	1568 192
	736 192
4
	0 192
	160 192
	160 224
	0 224
4
	704 192
	1568 192
	1568 224
	704 224
4
	0 224
	128 224
	128 256
	0 256
4
	736 224
	1568 224
	1568 256
	736 256
4
	0 256
	32 256
	32 288
	0 288
4
	448 256
	512 256
	512 288
	448 288
4
	736 256
	1568 256
	1568 288
	736 288
4
	0 288
	32 288
	32 320
	0 320
4
	288 288
	384 288
	384 320
	288 320
4
	448 288
	512 288
	512 320
	448 320
4
	736 288
	1568 288
	1568 320
	736 320
4
	0 320
	32 320
	32 352
	0 352
4
	288 320
	512 320
	512 352
	288 352
4
	736 320
	1568 320
	1568 352
	736 352
4
	0 352
	608 352
	608 384
	0 384
4
	672 352
	1568 352
	1568 384
	672 384
4
	0 384
	608 384
	608 416
	0 416
4
	672 384
	1568 384
	1568 416
	672 416
4
	0 416
	608 416
	608 448
	0 448
4
	704 416
	1568 416
	1568 448
	704 448
4
	0 448
	320 448
	320 480
	0 480
4
	736 448
	1568 448
	1568 480
	736 480
4
	0 480
	320 480
	320 512
	0 512
4
	736 480
	1568 480
	1568 512
	736 512
4
	0 512
	320 512
	320 544
	0 544
4
	736 512
	1568 512
	1568 544
	736 544
4
	0 544
	320 544
	320 576
	0 576
4
	736 544
	1568 544
	1568 576
	736 576
4
	0 576
	288 576
	288 608
	0 608
4
	736 576
	1568 576
	1568 608
	736 608
4
	0 608
	288 608
	288 640
	0 640
4
	736 608
	1568 608
	1568 640
	736 640
4
	0 640
	288 640
	288 672
	0 672
4
	512 640
	608 640
	608 672
	512 672
4
	736 640
	1568 640
	1568 672
	736 672
4
	0 672
	96 672
	96 704
	0 704
4
	192 672
	256 672
	256 704
	192 704
4
	512 672
	608 672
	608 704
	512 704
4
	736 672
	1568 672
	1568 704
	736 704
4
	0 704
	96 704
	96 736
	0 736
4
	512 704
	608 704
	608 736
	512 736
4
	736 704
	1568 704
	1568 736
	736 736
4
	0 736
	96 736
	96 768
	0 768
4
	512 736
	1568 736
	1568 768
	512 768
4
	0 768
	160 768
	160 800
	0 800
4
	512 768
	1568 768
	1568 800
	512 800
4
	0 800
	192 800
	192 832
	0 832
4
	512 800
	1568 800
	1568 832
	512 832
4
	0 832
	192 832
	192 864
	0 864
4
	512 832
	928 832
	928 864
	512 864
4
	1024 832
	1568 832
	1568 864
	1024 864
4
	0 864
	288 864
	288 896
	0 896
4
	800 864
	928 864
	928 896
	800 896
4
	1056 864
	1568 864
	1568 896
	1056 896
4
	0 896
	320 896
	320 928
	0 928
4
	1056 896
	1568 896
	1568 928
	1056 928
4
	0 928
	320 928
	320 960
	0 960
4
	1056 928
	1568 928
	1568 960
	1056 960
4
	0 960
	192 960
	192 992
	0 992
4
	224 960
	320 960
	320 992
	224 992
4
	1120 960
	1568 960
	1568 992
	1120 992
4
	0 992
	32 992
	32 1024
	0 1024
4
	224 992
	320 992
	320 1024
	224 1024
4
	608 992
	704 992
	704 1024
	608 1024
4
	736 992
	800 992
	800 1024
	736 1024
4
	1120 992
	1568 992
	1568 1024
	1120 1024
4
	608 1024
	832 1024
	832 1056
	608 1056
4
	1120 1024
	1344 1024
	1344 1056
	1120 1056
4
	608 1056
	800 1056
	800 1088
	608 1088
4
	1120 1056
	1344 1056
	1344 1088
	1120 1088
4
	0 1088
	32 1088
	32 1120
	0 1120
4
	224 1088
	288 1088
	288 1120
	224 1120
4
	1120 1088
	1344 1088
	1344 1120
	1120 1120
4
	0 1120
	32 1120
	32 1152
	0 1152
4
	96 1120
	288 1120
	288 1152
	96 1152
4
	1120 1120
	1344 1120
	1344 1152
	1120 1152
4
	0 1152
	288 1152
	288 1184
	0 1184
4
	1120 1152
	1440 1152
	1440 1184
	1120 1184
4
	0 1184
	288 1184
	288 1216
	0 1216
4
	1120 1184
	1440 1184
	1440 1216
	1120 1216
4
	0 1216
	288 1216
	288 1248
	0 1248
4
	512 1216
	576 1216
	576 1248
	512 1248
4
	640 1216
	704 1216
	704 1248
	640 1248
4
	768 1216
	960 1216
	960 1248
	768 1248
4
	1088 1216
	1408 1216
	1408 1248
	1088 1248
4
	0 1248
	288 1248
	288 1280
	0 1280
4
	352 1248
	1056 1248
	1056 1280
	352 1280
4
	1376 1248
	1408 1248
	1408 1280
	1376 1280
4
	0 1280
	288 1280
	288 1312
	0 1312
4
	352 1280
	1056 1280
	1056 1312
	352 1312
4
	0 1312
	288 1312
	288 1344
	0 1344
4
	352 1312
	1056 1312
	1056 1344
	352 1344
4
	0 1344
	288 1344
	288 1376
	0 1376
4
	352 1344
	1056 1344
	1056 1376
	352 1376
4
	1088 1344
	1408 1344
	1408 1376
	1088 1376
4
	0 1376
	288 1376
	288 1408
	0 1408
4
	352 1376
	1056 1376
	1056 1408
	352 1408
4
	1088 1376
	1408 1376
	1408 1408
	1088 1408
4
	0 1408
	1440 1408
	1440 1440
	0 1440
4
	0 1440
	1440 1440
	1440 1472
	0 1472
4
	0 1472
	256 1472
	256 1504
	0 1504
4
	0 1504
	256 1504
	256 1536
	0 1536
4
	0 1536
	256 1536
	256 1568
	0 1568
4
	-32 -32
	1600 -32
	1600 0
	-32 0
4
	-32 1568
	1600 1568
	1600 1600
	-32 1600
4
	-32 0
	0 0
	0 1568
	-32 1568
4
	1568 0
	1600 0
	1600 1568
	1568 1568
