680
4
	0 0
	11264 0
	11264 32
	0 32
4
	0 32
	11264 32
	11264 64
	0 64
4
	0 64
	11264 64
	11264 96
	0 96
4
	0 96
	11264 96
	11264 128
	0 128
4
	0 128
	11264 128
	11264 160
	0 160
4
	0 160
	11264 160
	11264 192
	0 192
4
	0 192
	11264 192
	11264 224
	0 224
4
	0 224
	11264 224
	11264 256
	0 256
4
	0 256
	11264 256
	11264 288
	0 288
4
	0 288
	11264 288
	11264 320
	0 320
4
	0 320
	11264 320
	11264 352
	0 352
4
	0 352
	11264 352
	11264 384
	0 384
4
	0 384
	11264 384
	11264 416
	0 416
4
	0 416
	11264 416
	11264 448
	0 448
4
	0 448
	11264 448
	11264 480
	0 480
4
	0 480
	5920 480
	5920 512
	0 512
4
	6112 480
	11264 480
	11264 512
	6112 512
4
	0 512
	5184 512
	5184 544
	0 544
4
	5376 512
	5920 512
	5920 544
	5376 544
4
	6112 512
	6656 512
	6656 544
	6112 544
4
	6912 512
	11264 512
	11264 544
	6912 544
4
	0 544
	5184 544
	5184 576
	0 576
4
	5408 544
	5920 544
	5920 576
	5408 576
4
	6144 544
	6656 544
	6656 576
	6144 576
4
	6912 544
	11264 544
	11264 576
	6912 576
4
	0 576
	5152 576
	5152 608
	0 608
4
	5408 576
	5888 576
	5888 608
	5408 608
4
	6144 576
	6624 576
	6624 608
	6144 608
4
	6944 576
	11264 576
	11264 608
	6944 608
4
	0 608
	5120 608
	5120 640
	0 640
4
	5440 608
	5888 608
	5888 640
	5440 640
4
	6176 608
	6592 608
	6592 640
	6176 640
4
	6976 608
	11264 608
	11264 640
	6976 640
4
	0 640
	5088 640
	5088 672
	0 672
4
	5472 640
	5856 640
	5856 672
	5472 672
4
	6208 640
	6560 640
	6560 672
	6208 672
4
	7008 640
	11264 640
	11264 672
	7008 672
4
	0 672
	4704 672
	4704 704
	0 704
4
	4736 672
	5056 672
	5056 704
	4736 704
4
	5536 672
	5792 672
	5792 704
	5536 704
4
	6240 672
	6528 672
	6528 704
	6240 704
4
	7040 672
	11264 672
	11264 704
	7040 704
4
	0 704
	4672 704
	4672 736
	0 736
4
	4832 704
	4960 704
	4960 736
	4832 736
4
	7136 704
	7264 704
	7264 736
	7136 736
4
	7296 704
	11264 704
	11264 736
	7296 736
4
	0 736
	4640 736
	4640 768
	0 768
4
	7328 736
	11264 736
	11264 768
	7328 768
4
	0 768
	4608 768
	4608 800
	0 800
4
	7360 768
	11264 768
	11264 800
	7360 800
4
	0 800
	4608 800
	4608 832
	0 832
4
	4960 800
	5056 800
	5056 832
	4960 832
4
	6944 800
	6976 800
	6976 832
	6944 832
4
	7392 800
	11264 800
	11264 832
	7392 832
4
	0 832
	4608 832
	4608 864
	0 864
4
	4864 832
	5152 832
	5152 864
	4864 864
4
	6848 832
	7072 832
	7072 864
	6848 864
4
	7424 832
	11264 832
	11264 864
	7424 864
4
	0 864
	4608 864
	4608 896
	0 896
4
	4864 864
	5152 864
	5152 896
	4864 896
4
	5440 864
	5664 864
	5664 896
	5440 896
4
	6336 864
	6560 864
	6560 896
	6336 896
4
	6848 864
	7136 864
	7136 896
	6848 896
4
	7392 864
	11264 864
	11264 896
	7392 896
4
	0 896
	4576 896
	4576 928
	0 928
4
	4864 896
	5184 896
	5184 928
	4864 928
4
	5440 896
	5664 896
	5664 928
	5440 928
4
	6336 896
	6560 896
	6560 928
	6336 928
4
	6816 896
	7136 896
	7136 928
	6816 928
4
	7392 896
	11264 896
	11264 928
	7392 928
4
	0 928
	4544 928
	4544 960
	0 960
4
	4832 928
	5184 928
	5184 960
	4832 960
4
	5440 928
	5664 928
	5664 960
	5440 960
4
	6336 928
	6560 928
	6560 960
	6336 960
4
	6816 928
	7168 928
	7168 960
	6816 960
4
	7424 928
	11264 928
	11264 960
	7424 960
4
	0 960
	4512 960
	4512 992
	0 992
4
	4800 960
	5216 960
	5216 992
	4800 992
4
	5440 960
	5664 960
	5664 992
	5440 992
4
	6336 960
	6560 960
	6560 992
	6336 992
4
	6784 960
	7168 960
	7168 992
	6784 992
4
	7456 960
	11264 960
	11264 992
	7456 992
4
	0 992
	4480 992
	4480 1024
	0 1024
4
	4832 992
	5664 992
	5664 1024
	4832 1024
4
	6336 992
	7168 992
	7168 1024
	6336 1024
4
	7488 992
	11264 992
	11264 1024
	7488 1024
4
	0 1024
	4448 1024
	4448 1056
	0 1056
4
	4832 1024
	5664 1024
	5664 1056
	4832 1056
4
	6336 1024
	7168 1024
	7168 1056
	6336 1056
4
	7520 1024
	11264 1024
	11264 1056
	7520 1056
4
	0 1056
	4320 1056
	4320 1088
	0 1088
4
	4384 1056
	4416 1056
	4416 1088
	4384 1088
4
	4864 1056
	5248 1056
	5248 1088
	4864 1088
4
	5472 1056
	5664 1056
	5664 1088
	5472 1088
4
	6336 1056
	6528 1056
	6528 1088
	6336 1088
4
	6752 1056
	7136 1056
	7136 1088
	6752 1088
4
	7552 1056
	11264 1056
	11264 1088
	7552 1088
4
	0 1088
	4288 1088
	4288 1120
	0 1120
4
	4864 1088
	5248 1088
	5248 1120
	4864 1120
4
	5472 1088
	5632 1088
	5632 1120
	5472 1120
4
	6368 1088
	6528 1088
	6528 1120
	6368 1120
4
	6752 1088
	7136 1088
	7136 1120
	6752 1120
4
	7584 1088
	11264 1088
	11264 1120
	7584 1120
4
	0 1120
	4256 1120
	4256 1152
	0 1152
4
	4864 1120
	5248 1120
	5248 1152
	4864 1152
4
	5472 1120
	5632 1120
	5632 1152
	5472 1152
4
	6368 1120
	6528 1120
	6528 1152
	6368 1152
4
	6752 1120
	7136 1120
	7136 1152
	6752 1152
4
	7712 1120
	11264 1120
	11264 1152
	7712 1152
4
	0 1152
	4256 1152
	4256 1184
	0 1184
4
	4832 1152
	5152 1152
	5152 1184
	4832 1184
4
	5536 1152
	5632 1152
	5632 1184
	5536 1184
4
	6368 1152
	6464 1152
	6464 1184
	6368 1184
4
	6816 1152
	7168 1152
	7168 1184
	6816 1184
4
	7744 1152
	11264 1152
	11264 1184
	7744 1184
4
	0 1184
	4256 1184
	4256 1216
	0 1216
4
	4800 1184
	5088 1184
	5088 1216
	4800 1216
4
	5536 1184
	5632 1184
	5632 1216
	5536 1216
4
	6368 1184
	6464 1184
	6464 1216
	6368 1216
4
	6912 1184
	7200 1184
	7200 1216
	6912 1216
4
	7776 1184
	11264 1184
	11264 1216
	7776 1216
4
	0 1216
	4224 1216
	4224 1248
	0 1248
4
	4608 1216
	4672 1216
	4672 1248
	4608 1248
4
	4768 1216
	4896 1216
	4896 1248
	4768 1248
4
	4928 1216
	5024 1216
	5024 1248
	4928 1248
4
	5536 1216
	5632 1216
	5632 1248
	5536 1248
4
	6368 1216
	6464 1216
	6464 1248
	6368 1248
4
	7008 1216
	7072 1216
	7072 1248
	7008 1248
4
	7104 1216
	7232 1216
	7232 1248
	7104 1248
4
	7328 1216
	7392 1216
	7392 1248
	7328 1248
4
	7776 1216
	11264 1216
	11264 1248
	7776 1248
4
	0 1248
	4192 1248
	4192 1280
	0 1280
4
	4576 1248
	4704 1248
	4704 1280
	4576 1280
4
	4736 1248
	4864 1248
	4864 1280
	4736 1280
4
	5536 1248
	5632 1248
	5632 1280
	5536 1280
4
	6368 1248
	6464 1248
	6464 1280
	6368 1280
4
	7136 1248
	7264 1248
	7264 1280
	7136 1280
4
	7296 1248
	7424 1248
	7424 1280
	7296 1280
4
	7776 1248
	11264 1248
	11264 1280
	7776 1280
4
	0 1280
	4160 1280
	4160 1312
	0 1312
4
	4544 1280
	4832 1280
	4832 1312
	4544 1312
4
	5536 1280
	5632 1280
	5632 1312
	5536 1312
4
	6368 1280
	6464 1280
	6464 1312
	6368 1312
4
	7168 1280
	7456 1280
	7456 1312
	7168 1312
4
	7808 1280
	11264 1280
	11264 1312
	7808 1312
4
	0 1312
	4128 1312
	4128 1344
	0 1344
4
	4512 1312
	4800 1312
	4800 1344
	4512 1344
4
	5536 1312
	5632 1312
	5632 1344
	5536 1344
4
	6368 1312
	6464 1312
	6464 1344
	6368 1344
4
	7200 1312
	7488 1312
	7488 1344
	7200 1344
4
	7840 1312
	11264 1312
	11264 1344
	7840 1344
4
	0 1344
	4096 1344
	4096 1376
	0 1376
4
	4512 1344
	4800 1344
	4800 1376
	4512 1376
4
	5536 1344
	5632 1344
	5632 1376
	5536 1376
4
	6368 1344
	6464 1344
	6464 1376
	6368 1376
4
	6560 1344
	6720 1344
	6720 1376
	6560 1376
4
	6944 1344
	7136 1344
	7136 1376
	6944 1376
4
	7200 1344
	7488 1344
	7488 1376
	7200 1376
4
	7872 1344
	11264 1344
	11264 1376
	7872 1376
4
	0 1376
	4064 1376
	4064 1408
	0 1408
4
	4512 1376
	4832 1376
	4832 1408
	4512 1408
4
	5536 1376
	5632 1376
	5632 1408
	5536 1408
4
	6368 1376
	6464 1376
	6464 1408
	6368 1408
4
	6528 1376
	6784 1376
	6784 1408
	6528 1408
4
	6912 1376
	7488 1376
	7488 1408
	6912 1408
4
	7904 1376
	11264 1376
	11264 1408
	7904 1408
4
	0 1408
	3968 1408
	3968 1440
	0 1440
4
	4544 1408
	4832 1408
	4832 1440
	4544 1440
4
	5536 1408
	5632 1408
	5632 1440
	5536 1440
4
	6368 1408
	6464 1408
	6464 1440
	6368 1440
4
	6528 1408
	6784 1408
	6784 1440
	6528 1440
4
	6880 1408
	7456 1408
	7456 1440
	6880 1440
4
	7936 1408
	11264 1408
	11264 1440
	7936 1440
4
	0 1440
	3936 1440
	3936 1472
	0 1472
4
	4544 1440
	4800 1440
	4800 1472
	4544 1472
4
	5536 1440
	5632 1440
	5632 1472
	5536 1472
4
	6368 1440
	6464 1440
	6464 1472
	6368 1472
4
	6496 1440
	6784 1440
	6784 1472
	6496 1472
4
	6848 1440
	7456 1440
	7456 1472
	6848 1472
4
	7968 1440
	11264 1440
	11264 1472
	7968 1472
4
	0 1472
	3904 1472
	3904 1504
	0 1504
4
	4512 1472
	4768 1472
	4768 1504
	4512 1504
4
	5536 1472
	5632 1472
	5632 1504
	5536 1504
4
	6368 1472
	6464 1472
	6464 1504
	6368 1504
4
	6496 1472
	6784 1472
	6784 1504
	6496 1504
4
	6848 1472
	7168 1472
	7168 1504
	6848 1504
4
	7200 1472
	7488 1472
	7488 1504
	7200 1504
4
	8064 1472
	11264 1472
	11264 1504
	8064 1504
4
	0 1504
	3872 1504
	3872 1536
	0 1536
4
	4480 1504
	4608 1504
	4608 1536
	4480 1536
4
	4640 1504
	4736 1504
	4736 1536
	4640 1536
4
	5536 1504
	5632 1504
	5632 1536
	5536 1536
4
	6368 1504
	6464 1504
	6464 1536
	6368 1536
4
	6496 1504
	7168 1504
	7168 1536
	6496 1536
4
	7264 1504
	7360 1504
	7360 1536
	7264 1536
4
	7392 1504
	7520 1504
	7520 1536
	7392 1536
4
	8096 1504
	11264 1504
	11264 1536
	8096 1536
4
	0 1536
	3904 1536
	3904 1568
	0 1568
4
	4224 1536
	4288 1536
	4288 1568
	4224 1568
4
	4448 1536
	4576 1536
	4576 1568
	4448 1568
4
	4672 1536
	4704 1536
	4704 1568
	4672 1568
4
	5536 1536
	5632 1536
	5632 1568
	5536 1568
4
	6368 1536
	6464 1536
	6464 1568
	6368 1568
4
	6528 1536
	7168 1536
	7168 1568
	6528 1568
4
	7296 1536
	7328 1536
	7328 1568
	7296 1568
4
	7424 1536
	7552 1536
	7552 1568
	7424 1568
4
	7712 1536
	7776 1536
	7776 1568
	7712 1568
4
	8128 1536
	11264 1536
	11264 1568
	8128 1568
4
	0 1568
	3872 1568
	3872 1600
	0 1600
4
	4128 1568
	4384 1568
	4384 1600
	4128 1600
4
	4416 1568
	4544 1568
	4544 1600
	4416 1600
4
	5536 1568
	5632 1568
	5632 1600
	5536 1600
4
	6368 1568
	6464 1568
	6464 1600
	6368 1600
4
	6528 1568
	7136 1568
	7136 1600
	6528 1600
4
	7456 1568
	7584 1568
	7584 1600
	7456 1600
4
	7648 1568
	7776 1568
	7776 1600
	7648 1600
4
	7808 1568
	7872 1568
	7872 1600
	7808 1600
4
	8128 1568
	11264 1568
	11264 1600
	8128 1600
4
	0 1600
	3840 1600
	3840 1632
	0 1632
4
	4128 1600
	4512 1600
	4512 1632
	4128 1632
4
	5536 1600
	5632 1600
	5632 1632
	5536 1632
4
	6368 1600
	6464 1600
	6464 1632
	6368 1632
4
	6528 1600
	7104 1600
	7104 1632
	6528 1632
4
	7488 1600
	7872 1600
	7872 1632
	7488 1632
4
	8128 1600
	11264 1600
	11264 1632
	8128 1632
4
	0 1632
	3808 1632
	3808 1664
	0 1664
4
	4128 1632
	4544 1632
	4544 1664
	4128 1664
4
	5536 1632
	5632 1632
	5632 1664
	5536 1664
4
	6368 1632
	6464 1632
	6464 1664
	6368 1664
4
	6528 1632
	7104 1632
	7104 1664
	6528 1664
4
	7520 1632
	7872 1632
	7872 1664
	7520 1664
4
	8160 1632
	11264 1632
	11264 1664
	8160 1664
4
	0 1664
	3776 1664
	3776 1696
	0 1696
4
	4096 1664
	4544 1664
	4544 1696
	4096 1696
4
	5536 1664
	5632 1664
	5632 1696
	5536 1696
4
	6368 1664
	6464 1664
	6464 1696
	6368 1696
4
	6528 1664
	6784 1664
	6784 1696
	6528 1696
4
	6816 1664
	7072 1664
	7072 1696
	6816 1696
4
	7456 1664
	7904 1664
	7904 1696
	7456 1696
4
	8192 1664
	11264 1664
	11264 1696
	8192 1696
4
	0 1696
	3776 1696
	3776 1728
	0 1728
4
	4096 1696
	4512 1696
	4512 1728
	4096 1728
4
	5536 1696
	5632 1696
	5632 1728
	5536 1728
4
	6368 1696
	6464 1696
	6464 1728
	6368 1728
4
	6560 1696
	6752 1696
	6752 1728
	6560 1728
4
	6816 1696
	6912 1696
	6912 1728
	6816 1728
4
	7456 1696
	7904 1696
	7904 1728
	7456 1728
4
	8224 1696
	11264 1696
	11264 1728
	8224 1728
4
	0 1728
	3776 1728
	3776 1760
	0 1760
4
	4064 1728
	4512 1728
	4512 1760
	4064 1760
4
	5536 1728
	5664 1728
	5664 1760
	5536 1760
4
	6304 1728
	6464 1728
	6464 1760
	6304 1760
4
	6624 1728
	6720 1728
	6720 1760
	6624 1760
4
	7488 1728
	7936 1728
	7936 1760
	7488 1760
4
	8256 1728
	11264 1728
	11264 1760
	8256 1760
4
	0 1760
	3776 1760
	3776 1792
	0 1792
4
	4064 1760
	4480 1760
	4480 1792
	4064 1792
4
	5472 1760
	5664 1760
	5664 1792
	5472 1792
4
	6304 1760
	6496 1760
	6496 1792
	6304 1792
4
	6624 1760
	6720 1760
	6720 1792
	6624 1792
4
	7488 1760
	7936 1760
	7936 1792
	7488 1792
4
	8256 1760
	11264 1760
	11264 1792
	8256 1792
4
	0 1792
	3776 1792
	3776 1824
	0 1824
4
	4128 1792
	4480 1792
	4480 1824
	4128 1824
4
	5472 1792
	5664 1792
	5664 1824
	5472 1824
4
	6304 1792
	6496 1792
	6496 1824
	6304 1824
4
	6656 1792
	6688 1792
	6688 1824
	6656 1824
4
	7520 1792
	7904 1792
	7904 1824
	7520 1824
4
	8256 1792
	11264 1792
	11264 1824
	8256 1824
4
	0 1824
	3776 1824
	3776 1856
	0 1856
4
	4096 1824
	4480 1824
	4480 1856
	4096 1856
4
	5472 1824
	5664 1824
	5664 1856
	5472 1856
4
	6304 1824
	6496 1824
	6496 1856
	6304 1856
4
	7520 1824
	7904 1824
	7904 1856
	7520 1856
4
	8256 1824
	11264 1824
	11264 1856
	8256 1856
4
	0 1856
	3776 1856
	3776 1888
	0 1888
4
	4128 1856
	4448 1856
	4448 1888
	4128 1888
4
	5088 1856
	5120 1856
	5120 1888
	5088 1888
4
	5472 1856
	5664 1856
	5664 1888
	5472 1888
4
	6304 1856
	6496 1856
	6496 1888
	6304 1888
4
	7552 1856
	7872 1856
	7872 1888
	7552 1888
4
	8256 1856
	11264 1856
	11264 1888
	8256 1888
4
	0 1888
	3776 1888
	3776 1920
	0 1920
4
	4224 1888
	4448 1888
	4448 1920
	4224 1920
4
	5056 1888
	5152 1888
	5152 1920
	5056 1920
4
	5472 1888
	5664 1888
	5664 1920
	5472 1920
4
	6304 1888
	6496 1888
	6496 1920
	6304 1920
4
	7552 1888
	7808 1888
	7808 1920
	7552 1920
4
	8256 1888
	11264 1888
	11264 1920
	8256 1920
4
	0 1920
	3776 1920
	3776 1952
	0 1952
4
	4256 1920
	4448 1920
	4448 1952
	4256 1952
4
	5024 1920
	5184 1920
	5184 1952
	5024 1952
4
	5536 1920
	5632 1920
	5632 1952
	5536 1952
4
	6304 1920
	6528 1920
	6528 1952
	6304 1952
4
	7584 1920
	7744 1920
	7744 1952
	7584 1952
4
	8256 1920
	11264 1920
	11264 1952
	8256 1952
4
	0 1952
	4160 1952
	4160 1984
	0 1984
4
	4256 1952
	4352 1952
	4352 1984
	4256 1984
4
	4960 1952
	5184 1952
	5184 1984
	4960 1984
4
	5568 1952
	5632 1952
	5632 1984
	5568 1984
4
	6304 1952
	6528 1952
	6528 1984
	6304 1984
4
	7584 1952
	7744 1952
	7744 1984
	7584 1984
4
	8256 1952
	11264 1952
	11264 1984
	8256 1984
4
	0 1984
	4352 1984
	4352 2016
	0 2016
4
	4736 1984
	4864 1984
	4864 2016
	4736 2016
4
	4992 1984
	5184 1984
	5184 2016
	4992 2016
4
	6432 1984
	6496 1984
	6496 2016
	6432 2016
4
	7648 1984
	7744 1984
	7744 2016
	7648 2016
4
	8256 1984
	11264 1984
	11264 2016
	8256 2016
4
	0 2016
	4352 2016
	4352 2048
	0 2048
4
	4704 2016
	4896 2016
	4896 2048
	4704 2048
4
	4992 2016
	5152 2016
	5152 2048
	4992 2048
4
	7648 2016
	7744 2016
	7744 2048
	7648 2048
4
	8192 2016
	11264 2016
	11264 2048
	8192 2048
4
	0 2048
	4352 2048
	4352 2080
	0 2080
4
	4704 2048
	4896 2048
	4896 2080
	4704 2080
4
	5024 2048
	5120 2048
	5120 2080
	5024 2080
4
	7648 2048
	7744 2048
	7744 2080
	7648 2080
4
	8192 2048
	11264 2048
	11264 2080
	8192 2080
4
	0 2080
	4352 2080
	4352 2112
	0 2112
4
	4704 2080
	4896 2080
	4896 2112
	4704 2112
4
	7648 2080
	7744 2080
	7744 2112
	7648 2112
4
	8192 2080
	11264 2080
	11264 2112
	8192 2112
4
	0 2112
	4352 2112
	4352 2144
	0 2144
4
	4736 2112
	4864 2112
	4864 2144
	4736 2144
4
	7648 2112
	7744 2112
	7744 2144
	7648 2144
4
	8192 2112
	11264 2112
	11264 2144
	8192 2144
4
	0 2144
	4448 2144
	4448 2176
	0 2176
4
	7648 2144
	7744 2144
	7744 2176
	7648 2176
4
	8192 2144
	11264 2144
	11264 2176
	8192 2176
4
	0 2176
	4448 2176
	4448 2208
	0 2208
4
	7552 2176
	7840 2176
	7840 2208
	7552 2208
4
	8192 2176
	11264 2176
	11264 2208
	8192 2208
4
	0 2208
	4448 2208
	4448 2240
	0 2240
4
	7552 2208
	7840 2208
	7840 2240
	7552 2240
4
	8256 2208
	11264 2208
	11264 2240
	8256 2240
4
	0 2240
	4448 2240
	4448 2272
	0 2272
4
	7552 2240
	7840 2240
	7840 2272
	7552 2272
4
	8256 2240
	11264 2240
	11264 2272
	8256 2272
4
	0 2272
	4448 2272
	4448 2304
	0 2304
4
	7552 2272
	7840 2272
	7840 2304
	7552 2304
4
	8256 2272
	11264 2272
	11264 2304
	8256 2304
4
	0 2304
	4448 2304
	4448 2336
	0 2336
4
	7552 2304
	7840 2304
	7840 2336
	7552 2336
4
	8256 2304
	11264 2304
	11264 2336
	8256 2336
4
	0 2336
	4448 2336
	4448 2368
	0 2368
4
	7552 2336
	7840 2336
	7840 2368
	7552 2368
4
	8256 2336
	11264 2336
	11264 2368
	8256 2368
4
	0 2368
	4416 2368
	4416 2400
	0 2400
4
	7648 2368
	7840 2368
	7840 2400
	7648 2400
4
	8256 2368
	11264 2368
	11264 2400
	8256 2400
4
	0 2400
	4416 2400
	4416 2432
	0 2432
4
	7552 2400
	7808 2400
	7808 2432
	7552 2432
4
	8256 2400
	11264 2400
	11264 2432
	8256 2432
4
	0 2432
	4416 2432
	4416 2464
	0 2464
4
	7488 2432
	7872 2432
	7872 2464
	7488 2464
4
	8224 2432
	11264 2432
	11264 2464
	8224 2464
4
	0 2464
	4384 2464
	4384 2496
	0 2496
4
	7456 2464
	7904 2464
	7904 2496
	7456 2496
4
	8224 2464
	11264 2464
	11264 2496
	8224 2496
4
	0 2496
	4384 2496
	4384 2528
	0 2528
4
	6432 2496
	6656 2496
	6656 2528
	6432 2528
4
	7424 2496
	7936 2496
	7936 2528
	7424 2528
4
	8192 2496
	11264 2496
	11264 2528
	8192 2528
4
	0 2528
	4384 2528
	4384 2560
	0 2560
4
	6432 2528
	6816 2528
	6816 2560
	6432 2560
4
	7392 2528
	7968 2528
	7968 2560
	7392 2560
4
	8160 2528
	11264 2528
	11264 2560
	8160 2560
4
	0 2560
	4416 2560
	4416 2592
	0 2592
4
	6432 2560
	6848 2560
	6848 2592
	6432 2592
4
	7040 2560
	7968 2560
	7968 2592
	7040 2592
4
	8160 2560
	11264 2560
	11264 2592
	8160 2592
4
	0 2592
	4416 2592
	4416 2624
	0 2624
4
	6432 2592
	6848 2592
	6848 2624
	6432 2624
4
	7040 2592
	11264 2592
	11264 2624
	7040 2624
4
	0 2624
	4416 2624
	4416 2656
	0 2656
4
	6432 2624
	6848 2624
	6848 2656
	6432 2656
4
	7040 2624
	11264 2624
	11264 2656
	7040 2656
4
	0 2656
	4448 2656
	4448 2688
	0 2688
4
	6432 2656
	6848 2656
	6848 2688
	6432 2688
4
	7328 2656
	11264 2656
	11264 2688
	7328 2688
4
	0 2688
	4480 2688
	4480 2720
	0 2720
4
	4704 2688
	4768 2688
	4768 2720
	4704 2720
4
	6432 2688
	6880 2688
	6880 2720
	6432 2720
4
	7072 2688
	7136 2688
	7136 2720
	7072 2720
4
	7296 2688
	11264 2688
	11264 2720
	7296 2720
4
	0 2720
	4544 2720
	4544 2752
	0 2752
4
	4704 2720
	4960 2720
	4960 2752
	4704 2752
4
	6432 2720
	6880 2720
	6880 2752
	6432 2752
4
	7008 2720
	7168 2720
	7168 2752
	7008 2752
4
	7264 2720
	11264 2720
	11264 2752
	7264 2752
4
	0 2752
	4544 2752
	4544 2784
	0 2784
4
	4672 2752
	4960 2752
	4960 2784
	4672 2784
4
	6432 2752
	6880 2752
	6880 2784
	6432 2784
4
	7008 2752
	7136 2752
	7136 2784
	7008 2784
4
	7232 2752
	11264 2752
	11264 2784
	7232 2784
4
	0 2784
	4992 2784
	4992 2816
	0 2816
4
	6432 2784
	6912 2784
	6912 2816
	6432 2816
4
	7008 2784
	7104 2784
	7104 2816
	7008 2816
4
	7200 2784
	11264 2784
	11264 2816
	7200 2816
4
	0 2816
	5056 2816
	5056 2848
	0 2848
4
	6432 2816
	6880 2816
	6880 2848
	6432 2848
4
	7008 2816
	7136 2816
	7136 2848
	7008 2848
4
	7168 2816
	11264 2816
	11264 2848
	7168 2848
4
	0 2848
	5056 2848
	5056 2880
	0 2880
4
	6432 2848
	6848 2848
	6848 2880
	6432 2880
4
	7040 2848
	11264 2848
	11264 2880
	7040 2880
4
	0 2880
	5088 2880
	5088 2912
	0 2912
4
	6432 2880
	6816 2880
	6816 2912
	6432 2912
4
	7008 2880
	11264 2880
	11264 2912
	7008 2912
4
	0 2912
	5152 2912
	5152 2944
	0 2944
4
	6432 2912
	6784 2912
	6784 2944
	6432 2944
4
	7008 2912
	11264 2912
	11264 2944
	7008 2944
4
	0 2944
	5152 2944
	5152 2976
	0 2976
4
	6432 2944
	6784 2944
	6784 2976
	6432 2976
4
	6976 2944
	11264 2944
	11264 2976
	6976 2976
4
	0 2976
	5184 2976
	5184 3008
	0 3008
4
	6432 2976
	6816 2976
	6816 3008
	6432 3008
4
	6976 2976
	11264 2976
	11264 3008
	6976 3008
4
	0 3008
	5248 3008
	5248 3040
	0 3040
4
	6432 3008
	6816 3008
	6816 3040
	6432 3040
4
	6944 3008
	11264 3008
	11264 3040
	6944 3040
4
	0 3040
	5248 3040
	5248 3072
	0 3072
4
	6432 3040
	6816 3040
	6816 3072
	6432 3072
4
	6976 3040
	11264 3040
	11264 3072
	6976 3072
4
	0 3072
	5216 3072
	5216 3104
	0 3104
4
	6432 3072
	6816 3072
	6816 3104
	6432 3104
4
	7040 3072
	11264 3072
	11264 3104
	7040 3104
4
	0 3104
	5248 3104
	5248 3136
	0 3136
4
	6432 3104
	6784 3104
	6784 3136
	6432 3136
4
	7040 3104
	11264 3104
	11264 3136
	7040 3136
4
	0 3136
	5280 3136
	5280 3168
	0 3168
4
	6432 3136
	11264 3136
	11264 3168
	6432 3168
4
	0 3168
	5280 3168
	5280 3200
	0 3200
4
	6432 3168
	11264 3168
	11264 3200
	6432 3200
4
	0 3200
	5312 3200
	5312 3232
	0 3232
4
	6432 3200
	11264 3200
	11264 3232
	6432 3232
4
	0 3232
	5280 3232
	5280 3264
	0 3264
4
	6432 3232
	11264 3232
	11264 3264
	6432 3264
4
	0 3264
	5248 3264
	5248 3296
	0 3296
4
	6432 3264
	11264 3264
	11264 3296
	6432 3296
4
	0 3296
	5280 3296
	5280 3328
	0 3328
4
	6432 3296
	11264 3296
	11264 3328
	6432 3328
4
	0 3328
	5280 3328
	5280 3360
	0 3360
4
	6432 3328
	11264 3328
	11264 3360
	6432 3360
4
	0 3360
	5312 3360
	5312 3392
	0 3392
4
	6432 3360
	11264 3360
	11264 3392
	6432 3392
4
	0 3392
	5344 3392
	5344 3424
	0 3424
4
	6432 3392
	11264 3392
	11264 3424
	6432 3424
4
	0 3424
	5632 3424
	5632 3456
	0 3456
4
	6432 3424
	11264 3424
	11264 3456
	6432 3456
4
	0 3456
	5696 3456
	5696 3488
	0 3488
4
	6304 3456
	6368 3456
	6368 3488
	6304 3488
4
	6400 3456
	11264 3456
	11264 3488
	6400 3488
4
	0 3488
	5728 3488
	5728 3520
	0 3520
4
	6272 3488
	11264 3488
	11264 3520
	6272 3520
4
	0 3520
	5824 3520
	5824 3552
	0 3552
4
	6272 3520
	11264 3520
	11264 3552
	6272 3552
4
	0 3552
	5824 3552
	5824 3584
	0 3584
4
	6304 3552
	11264 3552
	11264 3584
	6304 3584
4
	0 3584
	5792 3584
	5792 3616
	0 3616
4
	6304 3584
	11264 3584
	11264 3616
	6304 3616
4
	0 3616
	5824 3616
	5824 3648
	0 3648
4
	6272 3616
	11264 3616
	11264 3648
	6272 3648
4
	0 3648
	5824 3648
	5824 3680
	0 3680
4
	6272 3648
	11264 3648
	11264 3680
	6272 3680
4
	0 3680
	5824 3680
	5824 3712
	0 3712
4
	6272 3680
	11264 3680
	11264 3712
	6272 3712
4
	0 3712
	5824 3712
	5824 3744
	0 3744
4
	6272 3712
	11264 3712
	11264 3744
	6272 3744
4
	0 3744
	5824 3744
	5824 3776
	0 3776
4
	6272 3744
	11264 3744
	11264 3776
	6272 3776
4
	0 3776
	5824 3776
	5824 3808
	0 3808
4
	6272 3776
	11264 3776
	11264 3808
	6272 3808
4
	0 3808
	5824 3808
	5824 3840
	0 3840
4
	6272 3808
	11264 3808
	11264 3840
	6272 3840
4
	0 3840
	5792 3840
	5792 3872
	0 3872
4
	6304 3840
	11264 3840
	11264 3872
	6304 3872
4
	0 3872
	5792 3872
	5792 3904
	0 3904
4
	6304 3872
	11264 3872
	11264 3904
	6304 3904
4
	0 3904
	5760 3904
	5760 3936
	0 3936
4
	6304 3904
	11264 3904
	11264 3936
	6304 3936
4
	0 3936
	5760 3936
	5760 3968
	0 3968
4
	6336 3936
	11264 3936
	11264 3968
	6336 3968
4
	0 3968
	5728 3968
	5728 4000
	0 4000
4
	6368 3968
	11264 3968
	11264 4000
	6368 4000
4
	0 4000
	5664 4000
	5664 4032
	0 4032
4
	6400 4000
	11264 4000
	11264 4032
	6400 4032
4
	0 4032
	5600 4032
	5600 4064
	0 4064
4
	6400 4032
	11264 4032
	11264 4064
	6400 4064
4
	0 4064
	5568 4064
	5568 4096
	0 4096
4
	6400 4064
	11264 4064
	11264 4096
	6400 4096
4
	0 4096
	5568 4096
	5568 4128
	0 4128
4
	6400 4096
	11264 4096
	11264 4128
	6400 4128
4
	0 4128
	5568 4128
	5568 4160
	0 4160
4
	6400 4128
	11264 4128
	11264 4160
	6400 4160
4
	0 4160
	5568 4160
	5568 4192
	0 4192
4
	6400 4160
	11264 4160
	11264 4192
	6400 4192
4
	0 4192
	5568 4192
	5568 4224
	0 4224
4
	6400 4192
	11264 4192
	11264 4224
	6400 4224
4
	0 4224
	5568 4224
	5568 4256
	0 4256
4
	6400 4224
	11264 4224
	11264 4256
	6400 4256
4
	0 4256
	5568 4256
	5568 4288
	0 4288
4
	6400 4256
	11264 4256
	11264 4288
	6400 4288
4
	0 4288
	5568 4288
	5568 4320
	0 4320
4
	5600 4288
	5632 4288
	5632 4320
	5600 4320
4
	6400 4288
	11264 4288
	11264 4320
	6400 4320
4
	0 4320
	5632 4320
	5632 4352
	0 4352
4
	6336 4320
	11264 4320
	11264 4352
	6336 4352
4
	0 4352
	5632 4352
	5632 4384
	0 4384
4
	6336 4352
	11264 4352
	11264 4384
	6336 4384
4
	0 4384
	5632 4384
	5632 4416
	0 4416
4
	6336 4384
	11264 4384
	11264 4416
	6336 4416
4
	0 4416
	5632 4416
	5632 4448
	0 4448
4
	6336 4416
	11264 4416
	11264 4448
	6336 4448
4
	0 4448
	5632 4448
	5632 4480
	0 4480
4
	6336 4448
	11264 4448
	11264 4480
	6336 4480
4
	0 4480
	5632 4480
	5632 4512
	0 4512
4
	6336 4480
	11264 4480
	11264 4512
	6336 4512
4
	0 4512
	5600 4512
	5600 4544
	0 4544
4
	6336 4512
	11264 4512
	11264 4544
	6336 4544
4
	0 4544
	5600 4544
	5600 4576
	0 4576
4
	6400 4544
	11264 4544
	11264 4576
	6400 4576
4
	0 4576
	5600 4576
	5600 4608
	0 4608
4
	6400 4576
	11264 4576
	11264 4608
	6400 4608
4
	0 4608
	5600 4608
	5600 4640
	0 4640
4
	6400 4608
	11264 4608
	11264 4640
	6400 4640
4
	0 4640
	5600 4640
	5600 4672
	0 4672
4
	6400 4640
	11264 4640
	11264 4672
	6400 4672
4
	0 4672
	5600 4672
	5600 4704
	0 4704
4
	6400 4672
	11264 4672
	11264 4704
	6400 4704
4
	0 4704
	5600 4704
	5600 4736
	0 4736
4
	6400 4704
	11264 4704
	11264 4736
	6400 4736
4
	0 4736
	5600 4736
	5600 4768
	0 4768
4
	6400 4736
	11264 4736
	11264 4768
	6400 4768
4
	0 4768
	5600 4768
	5600 4800
	0 4800
4
	6400 4768
	11264 4768
	11264 4800
	6400 4800
4
	0 4800
	5632 4800
	5632 4832
	0 4832
4
	6400 4800
	11264 4800
	11264 4832
	6400 4832
4
	0 4832
	5696 4832
	5696 4864
	0 4864
4
	6400 4832
	11264 4832
	11264 4864
	6400 4864
4
	0 4864
	5728 4864
	5728 4896
	0 4896
4
	6368 4864
	11264 4864
	11264 4896
	6368 4896
4
	0 4896
	5760 4896
	5760 4928
	0 4928
4
	6336 4896
	11264 4896
	11264 4928
	6336 4928
4
	0 4928
	5760 4928
	5760 4960
	0 4960
4
	6336 4928
	11264 4928
	11264 4960
	6336 4960
4
	0 4960
	5792 4960
	5792 4992
	0 4992
4
	6304 4960
	11264 4960
	11264 4992
	6304 4992
4
	0 4992
	5792 4992
	5792 5024
	0 5024
4
	6304 4992
	11264 4992
	11264 5024
	6304 5024
4
	0 5024
	5792 5024
	5792 5056
	0 5056
4
	6304 5024
	11264 5024
	11264 5056
	6304 5056
4
	0 5056
	5792 5056
	5792 5088
	0 5088
4
	6304 5056
	11264 5056
	11264 5088
	6304 5088
4
	0 5088
	5792 5088
	5792 5120
	0 5120
4
	6304 5088
	11264 5088
	11264 5120
	6304 5120
4
	0 5120
	5792 5120
	5792 5152
	0 5152
4
	6304 5120
	11264 5120
	11264 5152
	6304 5152
4
	0 5152
	5792 5152
	5792 5184
	0 5184
4
	6304 5152
	11264 5152
	11264 5184
	6304 5184
4
	0 5184
	5792 5184
	5792 5216
	0 5216
4
	6304 5184
	11264 5184
	11264 5216
	6304 5216
4
	0 5216
	5760 5216
	5760 5248
	0 5248
4
	6336 5216
	11264 5216
	11264 5248
	6336 5248
4
	0 5248
	5760 5248
	5760 5280
	0 5280
4
	6368 5248
	11264 5248
	11264 5280
	6368 5280
4
	0 5280
	5728 5280
	5728 5312
	0 5312
4
	6368 5280
	11264 5280
	11264 5312
	6368 5312
4
	0 5312
	5696 5312
	5696 5344
	0 5344
4
	6368 5312
	11264 5312
	11264 5344
	6368 5344
4
	0 5344
	5696 5344
	5696 5376
	0 5376
4
	6368 5344
	11264 5344
	11264 5376
	6368 5376
4
	0 5376
	5728 5376
	5728 5408
	0 5408
4
	6368 5376
	11264 5376
	11264 5408
	6368 5408
4
	0 5408
	5728 5408
	5728 5440
	0 5440
4
	6368 5408
	11264 5408
	11264 5440
	6368 5440
4
	0 5440
	5728 5440
	5728 5472
	0 5472
4
	6368 5440
	11264 5440
	11264 5472
	6368 5472
4
	0 5472
	5728 5472
	5728 5504
	0 5504
4
	6368 5472
	11264 5472
	11264 5504
	6368 5504
4
	0 5504
	5728 5504
	5728 5536
	0 5536
4
	6368 5504
	11264 5504
	11264 5536
	6368 5536
4
	0 5536
	5888 5536
	5888 5568
	0 5568
4
	6208 5536
	11264 5536
	11264 5568
	6208 5568
4
	0 5568
	5888 5568
	5888 5600
	0 5600
4
	6208 5568
	11264 5568
	11264 5600
	6208 5600
4
	0 5600
	5888 5600
	5888 5632
	0 5632
4
	6208 5600
	11264 5600
	11264 5632
	6208 5632
4
	0 5632
	5888 5632
	5888 5664
	0 5664
4
	6208 5632
	11264 5632
	11264 5664
	6208 5664
4
	0 5664
	5888 5664
	5888 5696
	0 5696
4
	6208 5664
	11264 5664
	11264 5696
	6208 5696
4
	0 5696
	11264 5696
	11264 5728
	0 5728
4
	0 5728
	11264 5728
	11264 5760
	0 5760
4
	0 5760
	11264 5760
	11264 5792
	0 5792
4
	0 5792
	11264 5792
	11264 5824
	0 5824
4
	0 5824
	11264 5824
	11264 5856
	0 5856
4
	0 5856
	11264 5856
	11264 5888
	0 5888
4
	0 5888
	11264 5888
	11264 5920
	0 5920
4
	0 5920
	11264 5920
	11264 5952
	0 5952
4
	0 5952
	11264 5952
	11264 5984
	0 5984
4
	0 5984
	11264 5984
	11264 6016
	0 6016
4
	0 6016
	11264 6016
	11264 6048
	0 6048
4
	0 6048
	11264 6048
	11264 6080
	0 6080
4
	0 6080
	11264 6080
	11264 6112
	0 6112
4
	0 6112
	11264 6112
	11264 6144
	0 6144
4
	0 6144
	11264 6144
	11264 6176
	0 6176
4
	0 6176
	11264 6176
	11264 6208
	0 6208
4
	0 6208
	11264 6208
	11264 6240
	0 6240
4
	0 6240
	11264 6240
	11264 6272
	0 6272
4
	0 6272
	11264 6272
	11264 6304
	0 6304
4
	0 6304
	11264 6304
	11264 6336
	0 6336
4
	0 6336
	11264 6336
	11264 6368
	0 6368
4
	0 6368
	11264 6368
	11264 6400
	0 6400
4
	0 6400
	11264 6400
	11264 6432
	0 6432
4
	0 6432
	11264 6432
	11264 6464
	0 6464
4
	0 6464
	11264 6464
	11264 6496
	0 6496
4
	0 6496
	11264 6496
	11264 6528
	0 6528
4
	0 6528
	11264 6528
	11264 6560
	0 6560
4
	0 6560
	11264 6560
	11264 6592
	0 6592
4
	0 6592
	11264 6592
	11264 6624
	0 6624
4
	0 6624
	11264 6624
	11264 6656
	0 6656
4
	0 6656
	11264 6656
	11264 6688
	0 6688
4
	0 6688
	11264 6688
	11264 6720
	0 6720
4
	0 6720
	11264 6720
	11264 6752
	0 6752
4
	0 6752
	11264 6752
	11264 6784
	0 6784
4
	0 6784
	11264 6784
	11264 6816
	0 6816
4
	0 6816
	11264 6816
	11264 6848
	0 6848
4
	0 6848
	11264 6848
	11264 6880
	0 6880
4
	0 6880
	11264 6880
	11264 6912
	0 6912
4
	0 6912
	11264 6912
	11264 6944
	0 6944
4
	0 6944
	11264 6944
	11264 6976
	0 6976
4
	0 6976
	11264 6976
	11264 7008
	0 7008
4
	0 7008
	11264 7008
	11264 7040
	0 7040
4
	0 7040
	11264 7040
	11264 7072
	0 7072
4
	0 7072
	11264 7072
	11264 7104
	0 7104
4
	0 7104
	11264 7104
	11264 7136
	0 7136
4
	0 7136
	11264 7136
	11264 7168
	0 7168
4
	0 7168
	11264 7168
	11264 7200
	0 7200
4
	0 7200
	11264 7200
	11264 7232
	0 7232
4
	0 7232
	11264 7232
	11264 7264
	0 7264
4
	0 7264
	11264 7264
	11264 7296
	0 7296
4
	0 7296
	11264 7296
	11264 7328
	0 7328
4
	0 7328
	11264 7328
	11264 7360
	0 7360
4
	0 7360
	11264 7360
	11264 7392
	0 7392
4
	0 7392
	11264 7392
	11264 7424
	0 7424
4
	0 7424
	11264 7424
	11264 7456
	0 7456
4
	0 7456
	11264 7456
	11264 7488
	0 7488
4
	0 7488
	11264 7488
	11264 7520
	0 7520
4
	0 7520
	11264 7520
	11264 7552
	0 7552
4
	0 7552
	11264 7552
	11264 7584
	0 7584
4
	0 7584
	11264 7584
	11264 7616
	0 7616
4
	0 7616
	11264 7616
	11264 7648
	0 7648
4
	0 7648
	11264 7648
	11264 7680
	0 7680
4
	0 7680
	11264 7680
	11264 7712
	0 7712
4
	0 7712
	11264 7712
	11264 7744
	0 7744
4
	0 7744
	11264 7744
	11264 7776
	0 7776
4
	0 7776
	11264 7776
	11264 7808
	0 7808
4
	0 7808
	11264 7808
	11264 7840
	0 7840
4
	0 7840
	11264 7840
	11264 7872
	0 7872
4
	0 7872
	11264 7872
	11264 7904
	0 7904
4
	0 7904
	11264 7904
	11264 7936
	0 7936
4
	0 7936
	11264 7936
	11264 7968
	0 7968
4
	0 7968
	11264 7968
	11264 8000
	0 8000
4
	0 8000
	11264 8000
	11264 8032
	0 8032
4
	0 8032
	11264 8032
	11264 8064
	0 8064
4
	0 8064
	11264 8064
	11264 8096
	0 8096
4
	0 8096
	11264 8096
	11264 8128
	0 8128
4
	0 8128
	11264 8128
	11264 8160
	0 8160
4
	0 8160
	11264 8160
	11264 8192
	0 8192
4
	0 8192
	11264 8192
	11264 8224
	0 8224
4
	0 8224
	11264 8224
	11264 8256
	0 8256
4
	0 8256
	11264 8256
	11264 8288
	0 8288
4
	0 8288
	11264 8288
	11264 8320
	0 8320
4
	0 8320
	11264 8320
	11264 8352
	0 8352
4
	-32 -32
	11296 -32
	11296 0
	-32 0
4
	-32 8352
	11296 8352
	11296 8384
	-32 8384
4
	-32 0
	0 0
	0 8352
	-32 8352
4
	11264 0
	11296 0
	11296 8352
	11264 8352
