1281
4
	0 0
	6208 0
	6208 32
	0 32
4
	0 32
	3200 32
	3200 64
	0 64
4
	3232 32
	6208 32
	6208 64
	3232 64
4
	0 64
	3200 64
	3200 96
	0 96
4
	3232 64
	6208 64
	6208 96
	3232 96
4
	0 96
	3200 96
	3200 128
	0 128
4
	3232 96
	6208 96
	6208 128
	3232 128
4
	0 128
	2976 128
	2976 160
	0 160
4
	3232 128
	6208 128
	6208 160
	3232 160
4
	0 160
	2976 160
	2976 192
	0 192
4
	3232 160
	6208 160
	6208 192
	3232 192
4
	0 192
	2976 192
	2976 224
	0 224
4
	3232 192
	6208 192
	6208 224
	3232 224
4
	0 224
	2976 224
	2976 256
	0 256
4
	3232 224
	6208 224
	6208 256
	3232 256
4
	0 256
	2816 256
	2816 288
	0 288
4
	3392 256
	6208 256
	6208 288
	3392 288
4
	0 288
	2784 288
	2784 320
	0 320
4
	3424 288
	6208 288
	6208 320
	3424 320
4
	0 320
	2784 320
	2784 352
	0 352
4
	3424 320
	6208 320
	6208 352
	3424 352
4
	0 352
	2784 352
	2784 384
	0 384
4
	3424 352
	6208 352
	6208 384
	3424 384
4
	0 384
	2784 384
	2784 416
	0 416
4
	2848 384
	2880 384
	2880 416
	2848 416
4
	3328 384
	3360 384
	3360 416
	3328 416
4
	3424 384
	6208 384
	6208 416
	3424 416
4
	0 416
	2816 416
	2816 448
	0 448
4
	3392 416
	6208 416
	6208 448
	3392 448
4
	0 448
	2816 448
	2816 480
	0 480
4
	3392 448
	6208 448
	6208 480
	3392 480
4
	0 480
	2784 480
	2784 512
	0 512
4
	3424 480
	6208 480
	6208 512
	3424 512
4
	0 512
	2784 512
	2784 544
	0 544
4
	3424 512
	6208 512
	6208 544
	3424 544
4
	0 544
	2784 544
	2784 576
	0 576
4
	3424 544
	6208 544
	6208 576
	3424 576
4
	0 576
	2784 576
	2784 608
	0 608
4
	3424 576
	4640 576
	4640 608
	3424 608
4
	4704 576
	6208 576
	6208 608
	4704 608
4
	0 608
	2816 608
	2816 640
	0 640
4
	3360 608
	4640 608
	4640 640
	3360 640
4
	4736 608
	4896 608
	4896 640
	4736 640
4
	4928 608
	6208 608
	6208 640
	4928 640
4
	0 640
	1248 640
	1248 672
	0 672
4
	1312 640
	2848 640
	2848 672
	1312 672
4
	3360 640
	4640 640
	4640 672
	3360 672
4
	4832 640
	4896 640
	4896 672
	4832 672
4
	4928 640
	6208 640
	6208 672
	4928 672
4
	0 672
	1216 672
	1216 704
	0 704
4
	1344 672
	2848 672
	2848 704
	1344 704
4
	3360 672
	4704 672
	4704 704
	3360 704
4
	4928 672
	6208 672
	6208 704
	4928 704
4
	0 704
	1152 704
	1152 736
	0 736
4
	1408 704
	1536 704
	1536 736
	1408 736
4
	1568 704
	2848 704
	2848 736
	1568 736
4
	3360 704
	4736 704
	4736 736
	3360 736
4
	4960 704
	5056 704
	5056 736
	4960 736
4
	5088 704
	6208 704
	6208 736
	5088 736
4
	0 736
	1248 736
	1248 768
	0 768
4
	1600 736
	2848 736
	2848 768
	1600 768
4
	3360 736
	4768 736
	4768 768
	3360 768
4
	5120 736
	6208 736
	6208 768
	5120 768
4
	0 768
	1248 768
	1248 800
	0 800
4
	1600 768
	2752 768
	2752 800
	1600 800
4
	3424 768
	4768 768
	4768 800
	3424 800
4
	5088 768
	6208 768
	6208 800
	5088 800
4
	0 800
	1248 800
	1248 832
	0 832
4
	1632 800
	2720 800
	2720 832
	1632 832
4
	3456 800
	4768 800
	4768 832
	3456 832
4
	5056 800
	6208 800
	6208 832
	5056 832
4
	0 832
	1152 832
	1152 864
	0 864
4
	1664 832
	2720 832
	2720 864
	1664 864
4
	3456 832
	4736 832
	4736 864
	3456 864
4
	5024 832
	6208 832
	6208 864
	5024 864
4
	0 864
	1056 864
	1056 896
	0 896
4
	1664 864
	2688 864
	2688 896
	1664 896
4
	3456 864
	4512 864
	4512 896
	3456 896
4
	4544 864
	4736 864
	4736 896
	4544 896
4
	5056 864
	6208 864
	6208 896
	5056 896
4
	0 896
	1024 896
	1024 928
	0 928
4
	1376 896
	1408 896
	1408 928
	1376 928
4
	1696 896
	2720 896
	2720 928
	1696 928
4
	3072 896
	3136 896
	3136 928
	3072 928
4
	3456 896
	4448 896
	4448 928
	3456 928
4
	4608 896
	4704 896
	4704 928
	4608 928
4
	4960 896
	5024 896
	5024 928
	4960 928
4
	5056 896
	6208 896
	6208 928
	5056 928
4
	0 928
	1056 928
	1056 960
	0 960
4
	1280 928
	1408 928
	1408 960
	1280 960
4
	1696 928
	2688 928
	2688 960
	1696 960
4
	3040 928
	3168 928
	3168 960
	3040 960
4
	3456 928
	4512 928
	4512 960
	3456 960
4
	4928 928
	5120 928
	5120 960
	4928 960
4
	5152 928
	6208 928
	6208 960
	5152 960
4
	0 960
	1024 960
	1024 992
	0 992
4
	1280 960
	1408 960
	1408 992
	1280 992
4
	1728 960
	2656 960
	2656 992
	1728 992
4
	3040 960
	3200 960
	3200 992
	3040 992
4
	3456 960
	4576 960
	4576 992
	3456 992
4
	4896 960
	5088 960
	5088 992
	4896 992
4
	5184 960
	6208 960
	6208 992
	5184 992
4
	0 992
	1024 992
	1024 1024
	0 1024
4
	1280 992
	1408 992
	1408 1024
	1280 1024
4
	1728 992
	2656 992
	2656 1024
	1728 1024
4
	2976 992
	3232 992
	3232 1024
	2976 1024
4
	3488 992
	4608 992
	4608 1024
	3488 1024
4
	4864 992
	5120 992
	5120 1024
	4864 1024
4
	5216 992
	6208 992
	6208 1024
	5216 1024
4
	0 1024
	832 1024
	832 1056
	0 1056
4
	928 1024
	1024 1024
	1024 1056
	928 1056
4
	1312 1024
	1376 1024
	1376 1056
	1312 1056
4
	1760 1024
	2624 1024
	2624 1056
	1760 1056
4
	2976 1024
	3232 1024
	3232 1056
	2976 1056
4
	3488 1024
	4608 1024
	4608 1056
	3488 1056
4
	4832 1024
	5152 1024
	5152 1056
	4832 1056
4
	5248 1024
	6208 1024
	6208 1056
	5248 1056
4
	0 1056
	800 1056
	800 1088
	0 1088
4
	1312 1056
	1344 1056
	1344 1088
	1312 1088
4
	1792 1056
	2624 1056
	2624 1088
	1792 1088
4
	2976 1056
	3200 1056
	3200 1088
	2976 1088
4
	3488 1056
	4608 1056
	4608 1088
	3488 1088
4
	4864 1056
	5184 1056
	5184 1088
	4864 1088
4
	5280 1056
	5440 1056
	5440 1088
	5280 1088
4
	5472 1056
	6208 1056
	6208 1088
	5472 1088
4
	0 1088
	768 1088
	768 1120
	0 1120
4
	1472 1088
	1600 1088
	1600 1120
	1472 1120
4
	1792 1088
	2624 1088
	2624 1120
	1792 1120
4
	2976 1088
	3200 1088
	3200 1120
	2976 1120
4
	3520 1088
	4640 1088
	4640 1120
	3520 1120
4
	4896 1088
	5216 1088
	5216 1120
	4896 1120
4
	5344 1088
	5408 1088
	5408 1120
	5344 1120
4
	5472 1088
	6208 1088
	6208 1120
	5472 1120
4
	0 1120
	736 1120
	736 1152
	0 1152
4
	1440 1120
	1600 1120
	1600 1152
	1440 1152
4
	1824 1120
	2624 1120
	2624 1152
	1824 1152
4
	2976 1120
	3200 1120
	3200 1152
	2976 1152
4
	3456 1120
	4320 1120
	4320 1152
	3456 1152
4
	4352 1120
	4640 1120
	4640 1152
	4352 1152
4
	4736 1120
	4800 1120
	4800 1152
	4736 1152
4
	4928 1120
	5248 1120
	5248 1152
	4928 1152
4
	5472 1120
	6208 1120
	6208 1152
	5472 1152
4
	0 1152
	736 1152
	736 1184
	0 1184
4
	1440 1152
	1568 1152
	1568 1184
	1440 1184
4
	1824 1152
	2624 1152
	2624 1184
	1824 1184
4
	2976 1152
	3200 1152
	3200 1184
	2976 1184
4
	3456 1152
	4320 1152
	4320 1184
	3456 1184
4
	4416 1152
	4640 1152
	4640 1184
	4416 1184
4
	4704 1152
	4864 1152
	4864 1184
	4704 1184
4
	4960 1152
	5248 1152
	5248 1184
	4960 1184
4
	5536 1152
	6208 1152
	6208 1184
	5536 1184
4
	0 1184
	704 1184
	704 1216
	0 1216
4
	1472 1184
	1568 1184
	1568 1216
	1472 1216
4
	1856 1184
	2464 1184
	2464 1216
	1856 1216
4
	2496 1184
	2624 1184
	2624 1216
	2496 1216
4
	3008 1184
	3168 1184
	3168 1216
	3008 1216
4
	3456 1184
	4320 1184
	4320 1216
	3456 1216
4
	4480 1184
	4544 1184
	4544 1216
	4480 1216
4
	4704 1184
	4896 1184
	4896 1216
	4704 1216
4
	4992 1184
	5280 1184
	5280 1216
	4992 1216
4
	5504 1184
	6208 1184
	6208 1216
	5504 1216
4
	0 1216
	704 1216
	704 1248
	0 1248
4
	1888 1216
	2400 1216
	2400 1248
	1888 1248
4
	3456 1216
	3584 1216
	3584 1248
	3456 1248
4
	3648 1216
	4384 1216
	4384 1248
	3648 1248
4
	4736 1216
	4928 1216
	4928 1248
	4736 1248
4
	5024 1216
	5280 1216
	5280 1248
	5024 1248
4
	5504 1216
	6208 1216
	6208 1248
	5504 1248
4
	0 1248
	672 1248
	672 1280
	0 1280
4
	1632 1248
	1760 1248
	1760 1280
	1632 1280
4
	1888 1248
	2400 1248
	2400 1280
	1888 1280
4
	3712 1248
	4416 1248
	4416 1280
	3712 1280
4
	4736 1248
	4960 1248
	4960 1280
	4736 1280
4
	5056 1248
	5248 1248
	5248 1280
	5056 1280
4
	5504 1248
	6208 1248
	6208 1280
	5504 1280
4
	0 1280
	672 1280
	672 1312
	0 1312
4
	1600 1280
	1760 1280
	1760 1312
	1600 1312
4
	1920 1280
	2272 1280
	2272 1312
	1920 1312
4
	3744 1280
	3808 1280
	3808 1312
	3744 1312
4
	3840 1280
	4448 1280
	4448 1312
	3840 1312
4
	4704 1280
	4992 1280
	4992 1312
	4704 1312
4
	5088 1280
	5216 1280
	5216 1312
	5088 1312
4
	5600 1280
	6208 1280
	6208 1312
	5600 1312
4
	0 1312
	640 1312
	640 1344
	0 1344
4
	928 1312
	1024 1312
	1024 1344
	928 1344
4
	1600 1312
	1728 1312
	1728 1344
	1600 1344
4
	1920 1312
	2240 1312
	2240 1344
	1920 1344
4
	3904 1312
	4448 1312
	4448 1344
	3904 1344
4
	4704 1312
	5024 1312
	5024 1344
	4704 1344
4
	5120 1312
	5184 1312
	5184 1344
	5120 1344
4
	5600 1312
	6208 1312
	6208 1344
	5600 1344
4
	0 1344
	640 1344
	640 1376
	0 1376
4
	896 1344
	1056 1344
	1056 1376
	896 1376
4
	1600 1344
	1728 1344
	1728 1376
	1600 1376
4
	1920 1344
	2208 1344
	2208 1376
	1920 1376
4
	2463 1375
	2465 1375
	2465 1377
	2463 1377
4
	2464 1344
	2528 1344
	2528 1376
	2464 1376
4
	3936 1344
	4448 1344
	4448 1376
	3936 1376
4
	4736 1344
	4800 1344
	4800 1376
	4736 1376
4
	4832 1344
	5056 1344
	5056 1376
	4832 1376
4
	5632 1344
	6208 1344
	6208 1376
	5632 1376
4
	0 1376
	640 1376
	640 1408
	0 1408
4
	896 1376
	1024 1376
	1024 1408
	896 1408
4
	1920 1376
	2208 1376
	2208 1408
	1920 1408
4
	2431 1407
	2433 1407
	2433 1409
	2431 1409
4
	2432 1376
	2464 1376
	2464 1408
	2432 1408
4
	3968 1376
	4352 1376
	4352 1408
	3968 1408
4
	4384 1376
	4416 1376
	4416 1408
	4384 1408
4
	4832 1376
	5056 1376
	5056 1408
	4832 1408
4
	5664 1376
	6208 1376
	6208 1408
	5664 1408
4
	0 1408
	640 1408
	640 1440
	0 1440
4
	896 1408
	992 1408
	992 1440
	896 1440
4
	1920 1408
	2208 1408
	2208 1440
	1920 1440
4
	2272 1408
	2336 1408
	2336 1440
	2272 1440
4
	2399 1439
	2401 1439
	2401 1441
	2399 1441
4
	2400 1408
	2432 1408
	2432 1440
	2400 1440
4
	2528 1408
	2560 1408
	2560 1440
	2528 1440
4
	3968 1408
	4352 1408
	4352 1440
	3968 1440
4
	4832 1408
	5088 1408
	5088 1440
	4832 1440
4
	5536 1408
	5632 1408
	5632 1440
	5536 1440
4
	5664 1408
	6208 1408
	6208 1440
	5664 1440
4
	0 1440
	640 1440
	640 1472
	0 1472
4
	1920 1440
	2400 1440
	2400 1472
	1920 1472
4
	2527 1471
	2529 1471
	2529 1473
	2527 1473
4
	2528 1440
	2560 1440
	2560 1472
	2528 1472
4
	3968 1440
	4352 1440
	4352 1472
	3968 1472
4
	4832 1440
	4928 1440
	4928 1472
	4832 1472
4
	4960 1440
	5056 1440
	5056 1472
	4960 1472
4
	5504 1440
	5632 1440
	5632 1472
	5504 1472
4
	5696 1440
	6208 1440
	6208 1472
	5696 1472
4
	0 1472
	672 1472
	672 1504
	0 1504
4
	1120 1472
	1184 1472
	1184 1504
	1120 1504
4
	1952 1472
	2368 1472
	2368 1504
	1952 1504
4
	2495 1503
	2497 1503
	2497 1505
	2495 1505
4
	2496 1472
	2528 1472
	2528 1504
	2496 1504
4
	3936 1472
	4352 1472
	4352 1504
	3936 1504
4
	4864 1472
	4896 1472
	4896 1504
	4864 1504
4
	4992 1472
	5024 1472
	5024 1504
	4992 1504
4
	5536 1472
	6208 1472
	6208 1504
	5536 1504
4
	0 1504
	704 1504
	704 1536
	0 1536
4
	1088 1504
	1216 1504
	1216 1536
	1088 1536
4
	1952 1504
	2336 1504
	2336 1536
	1952 1536
4
	2463 1535
	2465 1535
	2465 1537
	2463 1537
4
	2464 1504
	2496 1504
	2496 1536
	2464 1536
4
	3936 1504
	4096 1504
	4096 1536
	3936 1536
4
	4128 1504
	4352 1504
	4352 1536
	4128 1536
4
	5376 1504
	5440 1504
	5440 1536
	5376 1536
4
	5536 1504
	6208 1504
	6208 1536
	5536 1536
4
	0 1536
	672 1536
	672 1568
	0 1568
4
	1088 1536
	1216 1536
	1216 1568
	1088 1568
4
	1952 1536
	2336 1536
	2336 1568
	1952 1568
4
	2432 1536
	2464 1536
	2464 1568
	2432 1568
4
	3968 1536
	4096 1536
	4096 1568
	3968 1568
4
	4160 1536
	4384 1536
	4384 1568
	4160 1568
4
	5312 1536
	5440 1536
	5440 1568
	5312 1568
4
	5536 1536
	6208 1536
	6208 1568
	5536 1568
4
	0 1568
	704 1568
	704 1600
	0 1600
4
	1056 1568
	1184 1568
	1184 1600
	1056 1600
4
	2112 1568
	2336 1568
	2336 1600
	2112 1600
4
	2400 1568
	2464 1568
	2464 1600
	2400 1600
4
	4000 1568
	4064 1568
	4064 1600
	4000 1600
4
	4192 1568
	4416 1568
	4416 1600
	4192 1600
4
	5280 1568
	5472 1568
	5472 1600
	5280 1600
4
	5568 1568
	6208 1568
	6208 1600
	5568 1600
4
	0 1600
	736 1600
	736 1632
	0 1632
4
	1088 1600
	1152 1600
	1152 1632
	1088 1632
4
	2112 1600
	2496 1600
	2496 1632
	2112 1632
4
	2656 1600
	2784 1600
	2784 1632
	2656 1632
4
	3392 1600
	3456 1600
	3456 1632
	3392 1632
4
	4224 1600
	4448 1600
	4448 1632
	4224 1632
4
	5248 1600
	5504 1600
	5504 1632
	5248 1632
4
	5568 1600
	6208 1600
	6208 1632
	5568 1632
4
	0 1632
	800 1632
	800 1664
	0 1664
4
	1280 1632
	1344 1632
	1344 1664
	1280 1664
4
	2144 1632
	2496 1632
	2496 1664
	2144 1664
4
	2656 1632
	2784 1632
	2784 1664
	2656 1664
4
	2816 1632
	2848 1632
	2848 1664
	2816 1664
4
	3040 1632
	3168 1632
	3168 1664
	3040 1664
4
	3328 1632
	3584 1632
	3584 1664
	3328 1664
4
	4256 1632
	4448 1632
	4448 1664
	4256 1664
4
	5248 1632
	5504 1632
	5504 1664
	5248 1664
4
	5600 1632
	6208 1632
	6208 1664
	5600 1664
4
	0 1664
	864 1664
	864 1696
	0 1696
4
	1248 1664
	1376 1664
	1376 1696
	1248 1696
4
	2144 1664
	2496 1664
	2496 1696
	2144 1696
4
	2624 1664
	2848 1664
	2848 1696
	2624 1696
4
	3008 1664
	3200 1664
	3200 1696
	3008 1696
4
	3328 1664
	3584 1664
	3584 1696
	3328 1696
4
	4288 1664
	4416 1664
	4416 1696
	4288 1696
4
	5088 1664
	5152 1664
	5152 1696
	5088 1696
4
	5248 1664
	5536 1664
	5536 1696
	5248 1696
4
	5600 1664
	6208 1664
	6208 1696
	5600 1696
4
	0 1696
	896 1696
	896 1728
	0 1728
4
	1216 1696
	1376 1696
	1376 1728
	1216 1728
4
	2144 1696
	2496 1696
	2496 1728
	2144 1728
4
	2624 1696
	2848 1696
	2848 1728
	2624 1728
4
	2944 1696
	3264 1696
	3264 1728
	2944 1728
4
	3360 1696
	3616 1696
	3616 1728
	3360 1728
4
	3808 1696
	3840 1696
	3840 1728
	3808 1728
4
	4320 1696
	4384 1696
	4384 1728
	4320 1728
4
	5056 1696
	5184 1696
	5184 1728
	5056 1728
4
	5280 1696
	5536 1696
	5536 1728
	5280 1728
4
	5632 1696
	5792 1696
	5792 1728
	5632 1728
4
	5824 1696
	6208 1696
	6208 1728
	5824 1728
4
	0 1728
	960 1728
	960 1760
	0 1760
4
	1216 1728
	1344 1728
	1344 1760
	1216 1760
4
	2176 1728
	2496 1728
	2496 1760
	2176 1760
4
	2624 1728
	3616 1728
	3616 1760
	2624 1760
4
	3776 1728
	3904 1728
	3904 1760
	3776 1760
4
	4512 1728
	4576 1728
	4576 1760
	4512 1760
4
	5056 1728
	5216 1728
	5216 1760
	5056 1760
4
	5280 1728
	5568 1728
	5568 1760
	5280 1760
4
	5664 1728
	5792 1728
	5792 1760
	5664 1760
4
	5856 1728
	6208 1728
	6208 1760
	5856 1760
4
	0 1760
	512 1760
	512 1792
	0 1792
4
	608 1760
	992 1760
	992 1792
	608 1792
4
	1248 1760
	1280 1760
	1280 1792
	1248 1792
4
	2144 1760
	2528 1760
	2528 1792
	2144 1792
4
	2688 1760
	3552 1760
	3552 1792
	2688 1792
4
	3776 1760
	3936 1760
	3936 1792
	3776 1792
4
	4480 1760
	4608 1760
	4608 1792
	4480 1792
4
	5024 1760
	5216 1760
	5216 1792
	5024 1792
4
	5312 1760
	5600 1760
	5600 1792
	5312 1792
4
	5664 1760
	5824 1760
	5824 1792
	5664 1792
4
	5888 1760
	6208 1760
	6208 1792
	5888 1792
4
	0 1792
	416 1792
	416 1824
	0 1824
4
	640 1792
	1056 1792
	1056 1824
	640 1824
4
	2112 1792
	2528 1792
	2528 1824
	2112 1824
4
	2560 1792
	3616 1792
	3616 1824
	2560 1824
4
	3744 1792
	3936 1792
	3936 1824
	3744 1824
4
	4448 1792
	4640 1792
	4640 1824
	4448 1824
4
	4672 1792
	4768 1792
	4768 1824
	4672 1824
4
	5024 1792
	5248 1792
	5248 1824
	5024 1824
4
	5344 1792
	5600 1792
	5600 1824
	5344 1824
4
	5696 1792
	5792 1792
	5792 1824
	5696 1824
4
	5856 1792
	6208 1792
	6208 1824
	5856 1824
4
	0 1824
	352 1824
	352 1856
	0 1856
4
	704 1824
	1120 1824
	1120 1856
	704 1856
4
	2112 1824
	3904 1824
	3904 1856
	2112 1856
4
	4448 1824
	4800 1824
	4800 1856
	4448 1856
4
	5024 1824
	5280 1824
	5280 1856
	5024 1856
4
	5344 1824
	5600 1824
	5600 1856
	5344 1856
4
	5888 1824
	6208 1824
	6208 1856
	5888 1856
4
	0 1856
	320 1856
	320 1888
	0 1888
4
	768 1856
	1184 1856
	1184 1888
	768 1888
4
	2112 1856
	3904 1856
	3904 1888
	2112 1888
4
	4480 1856
	4768 1856
	4768 1888
	4480 1888
4
	5024 1856
	5280 1856
	5280 1888
	5024 1888
4
	5376 1856
	5632 1856
	5632 1888
	5376 1888
4
	5888 1856
	6208 1856
	6208 1888
	5888 1888
4
	0 1888
	320 1888
	320 1920
	0 1920
4
	832 1888
	1248 1888
	1248 1920
	832 1920
4
	2112 1888
	3904 1888
	3904 1920
	2112 1920
4
	4512 1888
	4736 1888
	4736 1920
	4512 1920
4
	4800 1888
	4864 1888
	4864 1920
	4800 1920
4
	5152 1888
	5312 1888
	5312 1920
	5152 1920
4
	5376 1888
	5632 1888
	5632 1920
	5376 1920
4
	5920 1888
	6208 1888
	6208 1920
	5920 1920
4
	0 1920
	288 1920
	288 1952
	0 1952
4
	896 1920
	1440 1920
	1440 1952
	896 1952
4
	2112 1920
	3904 1920
	3904 1952
	2112 1952
4
	4544 1920
	4896 1920
	4896 1952
	4544 1952
4
	5152 1920
	5312 1920
	5312 1952
	5152 1952
4
	5408 1920
	5568 1920
	5568 1952
	5408 1952
4
	5920 1920
	6208 1920
	6208 1952
	5920 1952
4
	0 1952
	256 1952
	256 1984
	0 1984
4
	960 1952
	1504 1952
	1504 1984
	960 1984
4
	2144 1952
	3904 1952
	3904 1984
	2144 1984
4
	4576 1952
	4896 1952
	4896 1984
	4576 1984
4
	5184 1952
	5344 1952
	5344 1984
	5184 1984
4
	5440 1952
	5536 1952
	5536 1984
	5440 1984
4
	5952 1952
	6208 1952
	6208 1984
	5952 1984
4
	0 1984
	256 1984
	256 2016
	0 2016
4
	992 1984
	1536 1984
	1536 2016
	992 2016
4
	2176 1984
	3936 1984
	3936 2016
	2176 2016
4
	4608 1984
	4896 1984
	4896 2016
	4608 2016
4
	5216 1984
	5344 1984
	5344 2016
	5216 2016
4
	5952 1984
	6208 1984
	6208 2016
	5952 2016
4
	0 2016
	224 2016
	224 2048
	0 2048
4
	1024 2016
	1568 2016
	1568 2048
	1024 2048
4
	2208 2016
	3968 2016
	3968 2048
	2208 2048
4
	4640 2016
	4928 2016
	4928 2048
	4640 2048
4
	5216 2016
	5312 2016
	5312 2048
	5216 2048
4
	5984 2016
	6208 2016
	6208 2048
	5984 2048
4
	0 2048
	224 2048
	224 2080
	0 2080
4
	1120 2048
	1568 2048
	1568 2080
	1120 2080
4
	2176 2048
	2400 2048
	2400 2080
	2176 2080
4
	2432 2048
	4000 2048
	4000 2080
	2432 2080
4
	4672 2048
	4928 2048
	4928 2080
	4672 2080
4
	5984 2048
	6208 2048
	6208 2080
	5984 2080
4
	0 2080
	256 2080
	256 2112
	0 2112
4
	480 2080
	544 2080
	544 2112
	480 2112
4
	1056 2080
	1568 2080
	1568 2112
	1056 2112
4
	2176 2080
	2368 2080
	2368 2112
	2176 2112
4
	2464 2080
	4032 2080
	4032 2112
	2464 2112
4
	4704 2080
	4928 2080
	4928 2112
	4704 2112
4
	5536 2080
	5664 2080
	5664 2112
	5536 2112
4
	6016 2080
	6208 2080
	6208 2112
	6016 2112
4
	0 2112
	256 2112
	256 2144
	0 2144
4
	448 2112
	544 2112
	544 2144
	448 2144
4
	1056 2112
	1152 2112
	1152 2144
	1056 2144
4
	1184 2112
	1568 2112
	1568 2144
	1184 2144
4
	2208 2112
	2336 2112
	2336 2144
	2208 2144
4
	2464 2112
	4064 2112
	4064 2144
	2464 2144
4
	4704 2112
	4928 2112
	4928 2144
	4704 2144
4
	4960 2112
	5024 2112
	5024 2144
	4960 2144
4
	5504 2112
	5664 2112
	5664 2144
	5504 2144
4
	5728 2112
	5824 2112
	5824 2144
	5728 2144
4
	6048 2112
	6208 2112
	6208 2144
	6048 2144
4
	0 2144
	256 2144
	256 2176
	0 2176
4
	416 2144
	544 2144
	544 2176
	416 2176
4
	704 2144
	768 2144
	768 2176
	704 2176
4
	1120 2144
	1152 2144
	1152 2176
	1120 2176
4
	1216 2144
	1568 2144
	1568 2176
	1216 2176
4
	2496 2144
	4096 2144
	4096 2176
	2496 2176
4
	4704 2144
	5024 2144
	5024 2176
	4704 2176
4
	5312 2144
	5408 2144
	5408 2176
	5312 2176
4
	5504 2144
	5664 2144
	5664 2176
	5504 2176
4
	5728 2144
	5856 2144
	5856 2176
	5728 2176
4
	6048 2144
	6208 2144
	6208 2176
	6048 2176
4
	0 2176
	192 2176
	192 2208
	0 2208
4
	416 2176
	544 2176
	544 2208
	416 2208
4
	672 2176
	768 2176
	768 2208
	672 2208
4
	1216 2176
	1568 2176
	1568 2208
	1216 2208
4
	2048 2176
	2112 2176
	2112 2208
	2048 2208
4
	2528 2176
	4128 2176
	4128 2208
	2528 2208
4
	4736 2176
	5024 2176
	5024 2208
	4736 2208
4
	5312 2176
	5440 2176
	5440 2208
	5312 2208
4
	5536 2176
	5632 2176
	5632 2208
	5536 2208
4
	5728 2176
	5856 2176
	5856 2208
	5728 2208
4
	6080 2176
	6208 2176
	6208 2208
	6080 2208
4
	0 2208
	192 2208
	192 2240
	0 2240
4
	256 2208
	320 2208
	320 2240
	256 2240
4
	448 2208
	544 2208
	544 2240
	448 2240
4
	672 2208
	800 2208
	800 2240
	672 2240
4
	928 2208
	992 2208
	992 2240
	928 2240
4
	1248 2208
	1536 2208
	1536 2240
	1248 2240
4
	2016 2208
	2144 2208
	2144 2240
	2016 2240
4
	2528 2208
	4160 2208
	4160 2240
	2528 2240
4
	4768 2208
	5024 2208
	5024 2240
	4768 2240
4
	5312 2208
	5440 2208
	5440 2240
	5312 2240
4
	5728 2208
	5856 2208
	5856 2240
	5728 2240
4
	6048 2208
	6208 2208
	6208 2240
	6048 2240
4
	0 2240
	192 2240
	192 2272
	0 2272
4
	256 2240
	352 2240
	352 2272
	256 2272
4
	480 2240
	512 2240
	512 2272
	480 2272
4
	640 2240
	768 2240
	768 2272
	640 2272
4
	896 2240
	992 2240
	992 2272
	896 2272
4
	1248 2240
	1536 2240
	1536 2272
	1248 2272
4
	1888 2240
	2144 2240
	2144 2272
	1888 2272
4
	2560 2240
	4192 2240
	4192 2272
	2560 2272
4
	4800 2240
	4960 2240
	4960 2272
	4800 2272
4
	5312 2240
	5440 2240
	5440 2272
	5312 2272
4
	5504 2240
	5568 2240
	5568 2272
	5504 2272
4
	6048 2240
	6208 2240
	6208 2272
	6048 2272
4
	0 2272
	160 2272
	160 2304
	0 2304
4
	256 2272
	352 2272
	352 2304
	256 2304
4
	672 2272
	768 2272
	768 2304
	672 2304
4
	896 2272
	992 2272
	992 2304
	896 2304
4
	1152 2272
	1184 2272
	1184 2304
	1152 2304
4
	1312 2272
	1472 2272
	1472 2304
	1312 2304
4
	1792 2272
	2144 2272
	2144 2304
	1792 2304
4
	2560 2272
	4224 2272
	4224 2304
	2560 2304
4
	4800 2272
	5056 2272
	5056 2304
	4800 2304
4
	5344 2272
	5376 2272
	5376 2304
	5344 2304
4
	5472 2272
	5600 2272
	5600 2304
	5472 2304
4
	6144 2272
	6208 2272
	6208 2304
	6144 2304
4
	0 2304
	352 2304
	352 2336
	0 2336
4
	864 2304
	992 2304
	992 2336
	864 2336
4
	1088 2304
	1216 2304
	1216 2336
	1088 2336
4
	1792 2304
	2144 2304
	2144 2336
	1792 2336
4
	2592 2304
	4448 2304
	4448 2336
	2592 2336
4
	4800 2304
	5088 2304
	5088 2336
	4800 2336
4
	5472 2304
	5600 2304
	5600 2336
	5472 2336
4
	6144 2304
	6208 2304
	6208 2336
	6144 2336
4
	0 2336
	320 2336
	320 2368
	0 2368
4
	928 2336
	992 2336
	992 2368
	928 2368
4
	1088 2336
	1216 2336
	1216 2368
	1088 2368
4
	1760 2336
	2112 2336
	2112 2368
	1760 2368
4
	2624 2336
	4448 2336
	4448 2368
	2624 2368
4
	4800 2336
	5088 2336
	5088 2368
	4800 2368
4
	5472 2336
	5568 2336
	5568 2368
	5472 2368
4
	6112 2336
	6208 2336
	6208 2368
	6112 2368
4
	0 2368
	128 2368
	128 2400
	0 2400
4
	224 2368
	320 2368
	320 2400
	224 2400
4
	1088 2368
	1184 2368
	1184 2400
	1088 2400
4
	1760 2368
	2080 2368
	2080 2400
	1760 2400
4
	2656 2368
	4416 2368
	4416 2400
	2656 2400
4
	4832 2368
	5056 2368
	5056 2400
	4832 2400
4
	5504 2368
	5536 2368
	5536 2400
	5504 2400
4
	6112 2368
	6208 2368
	6208 2400
	6112 2400
4
	0 2400
	128 2400
	128 2432
	0 2432
4
	224 2400
	320 2400
	320 2432
	224 2432
4
	1760 2400
	2048 2400
	2048 2432
	1760 2432
4
	2656 2400
	4416 2400
	4416 2432
	2656 2432
4
	4832 2400
	4992 2400
	4992 2432
	4832 2432
4
	6144 2400
	6208 2400
	6208 2432
	6144 2432
4
	0 2432
	128 2432
	128 2464
	0 2464
4
	1760 2432
	2080 2432
	2080 2464
	1760 2464
4
	2688 2432
	4416 2432
	4416 2464
	2688 2464
4
	4832 2432
	4992 2432
	4992 2464
	4832 2464
4
	6144 2432
	6208 2432
	6208 2464
	6144 2464
4
	0 2464
	96 2464
	96 2496
	0 2496
4
	1760 2464
	2112 2464
	2112 2496
	1760 2496
4
	2688 2464
	4384 2464
	4384 2496
	2688 2496
4
	4864 2464
	4992 2464
	4992 2496
	4864 2496
4
	6176 2464
	6208 2464
	6208 2496
	6176 2496
4
	0 2496
	96 2496
	96 2528
	0 2528
4
	160 2496
	256 2496
	256 2528
	160 2528
4
	1760 2496
	2176 2496
	2176 2528
	1760 2528
4
	2688 2496
	2976 2496
	2976 2528
	2688 2528
4
	3264 2496
	4384 2496
	4384 2528
	3264 2528
4
	4864 2496
	4992 2496
	4992 2528
	4864 2528
4
	5920 2496
	6016 2496
	6016 2528
	5920 2528
4
	6080 2496
	6208 2496
	6208 2528
	6080 2528
4
	0 2528
	96 2528
	96 2560
	0 2560
4
	160 2528
	256 2528
	256 2560
	160 2560
4
	352 2528
	384 2528
	384 2560
	352 2560
4
	1760 2528
	2240 2528
	2240 2560
	1760 2560
4
	2688 2528
	2816 2528
	2816 2560
	2688 2560
4
	3360 2528
	4384 2528
	4384 2560
	3360 2560
4
	4864 2528
	4928 2528
	4928 2560
	4864 2560
4
	5440 2528
	5536 2528
	5536 2560
	5440 2560
4
	5920 2528
	6016 2528
	6016 2560
	5920 2560
4
	6080 2528
	6208 2528
	6208 2560
	6080 2560
4
	0 2560
	96 2560
	96 2592
	0 2592
4
	192 2560
	288 2560
	288 2592
	192 2592
4
	320 2560
	448 2560
	448 2592
	320 2592
4
	1760 2560
	2304 2560
	2304 2592
	1760 2592
4
	2752 2560
	2816 2560
	2816 2592
	2752 2592
4
	3392 2560
	3424 2560
	3424 2592
	3392 2592
4
	3456 2560
	4384 2560
	4384 2592
	3456 2592
4
	5312 2560
	5376 2560
	5376 2592
	5312 2592
4
	5440 2560
	5632 2560
	5632 2592
	5440 2592
4
	5824 2560
	6208 2560
	6208 2592
	5824 2592
4
	0 2592
	64 2592
	64 2624
	0 2624
4
	192 2592
	288 2592
	288 2624
	192 2624
4
	320 2592
	416 2592
	416 2624
	320 2624
4
	544 2592
	608 2592
	608 2624
	544 2624
4
	1760 2592
	2368 2592
	2368 2624
	1760 2624
4
	3488 2592
	4416 2592
	4416 2624
	3488 2624
4
	5280 2592
	5408 2592
	5408 2624
	5280 2624
4
	5440 2592
	5632 2592
	5632 2624
	5440 2624
4
	5824 2592
	6208 2592
	6208 2624
	5824 2624
4
	0 2624
	64 2624
	64 2656
	0 2656
4
	320 2624
	416 2624
	416 2656
	320 2656
4
	544 2624
	672 2624
	672 2656
	544 2656
4
	1728 2624
	2432 2624
	2432 2656
	1728 2656
4
	3488 2624
	4416 2624
	4416 2656
	3488 2656
4
	5184 2624
	5632 2624
	5632 2656
	5184 2656
4
	5824 2624
	6208 2624
	6208 2656
	5824 2656
4
	0 2656
	64 2656
	64 2688
	0 2688
4
	320 2656
	384 2656
	384 2688
	320 2688
4
	544 2656
	672 2656
	672 2688
	544 2688
4
	768 2656
	832 2656
	832 2688
	768 2688
4
	1760 2656
	2464 2656
	2464 2688
	1760 2688
4
	3520 2656
	4416 2656
	4416 2688
	3520 2688
4
	4960 2656
	5056 2656
	5056 2688
	4960 2688
4
	5120 2656
	5632 2656
	5632 2688
	5120 2688
4
	5824 2656
	5984 2656
	5984 2688
	5824 2688
4
	6016 2656
	6208 2656
	6208 2688
	6016 2688
4
	0 2688
	64 2688
	64 2720
	0 2720
4
	544 2688
	672 2688
	672 2720
	544 2720
4
	768 2688
	896 2688
	896 2720
	768 2720
4
	1632 2688
	2592 2688
	2592 2720
	1632 2720
4
	3552 2688
	4448 2688
	4448 2720
	3552 2720
4
	4928 2688
	5056 2688
	5056 2720
	4928 2720
4
	5120 2688
	5472 2688
	5472 2720
	5120 2720
4
	5504 2688
	5568 2688
	5568 2720
	5504 2720
4
	5888 2688
	5984 2688
	5984 2720
	5888 2720
4
	6016 2688
	6208 2688
	6208 2720
	6016 2720
4
	0 2720
	64 2720
	64 2752
	0 2752
4
	544 2720
	608 2720
	608 2752
	544 2752
4
	768 2720
	896 2720
	896 2752
	768 2752
4
	992 2720
	1056 2720
	1056 2752
	992 2752
4
	1632 2720
	2592 2720
	2592 2752
	1632 2752
4
	3584 2720
	4448 2720
	4448 2752
	3584 2752
4
	4928 2720
	5344 2720
	5344 2752
	4928 2752
4
	5888 2720
	5984 2720
	5984 2752
	5888 2752
4
	6016 2720
	6208 2720
	6208 2752
	6016 2752
4
	0 2752
	64 2752
	64 2784
	0 2784
4
	768 2752
	864 2752
	864 2784
	768 2784
4
	1024 2752
	1120 2752
	1120 2784
	1024 2784
4
	1664 2752
	2592 2752
	2592 2784
	1664 2784
4
	3616 2752
	4448 2752
	4448 2784
	3616 2784
4
	4928 2752
	5216 2752
	5216 2784
	4928 2784
4
	5888 2752
	5984 2752
	5984 2784
	5888 2784
4
	6016 2752
	6208 2752
	6208 2784
	6016 2784
4
	0 2784
	96 2784
	96 2816
	0 2816
4
	768 2784
	832 2784
	832 2816
	768 2816
4
	992 2784
	1120 2784
	1120 2816
	992 2816
4
	1696 2784
	2592 2784
	2592 2816
	1696 2816
4
	3616 2784
	4448 2784
	4448 2816
	3616 2816
4
	4928 2784
	5088 2784
	5088 2816
	4928 2816
4
	6112 2784
	6208 2784
	6208 2816
	6112 2816
4
	0 2816
	96 2816
	96 2848
	0 2848
4
	992 2816
	1120 2816
	1120 2848
	992 2848
4
	1696 2816
	2560 2816
	2560 2848
	1696 2848
4
	3648 2816
	4480 2816
	4480 2848
	3648 2848
4
	4928 2816
	5088 2816
	5088 2848
	4928 2848
4
	6112 2816
	6208 2816
	6208 2848
	6112 2848
4
	0 2848
	96 2848
	96 2880
	0 2880
4
	1024 2848
	1056 2848
	1056 2880
	1024 2880
4
	1696 2848
	2528 2848
	2528 2880
	1696 2880
4
	3648 2848
	4480 2848
	4480 2880
	3648 2880
4
	4960 2848
	5120 2848
	5120 2880
	4960 2880
4
	6112 2848
	6208 2848
	6208 2880
	6112 2880
4
	0 2880
	128 2880
	128 2912
	0 2912
4
	1696 2880
	2528 2880
	2528 2912
	1696 2912
4
	3168 2880
	3232 2880
	3232 2912
	3168 2912
4
	3680 2880
	4480 2880
	4480 2912
	3680 2912
4
	4960 2880
	5120 2880
	5120 2912
	4960 2912
4
	6112 2880
	6208 2880
	6208 2912
	6112 2912
4
	0 2912
	160 2912
	160 2944
	0 2944
4
	1664 2912
	2528 2912
	2528 2944
	1664 2944
4
	3168 2912
	3232 2912
	3232 2944
	3168 2944
4
	3680 2912
	4480 2912
	4480 2944
	3680 2944
4
	4960 2912
	5120 2912
	5120 2944
	4960 2944
4
	5216 2912
	5248 2912
	5248 2944
	5216 2944
4
	5280 2912
	5312 2912
	5312 2944
	5280 2944
4
	5376 2912
	5408 2912
	5408 2944
	5376 2944
4
	5536 2912
	5984 2912
	5984 2944
	5536 2944
4
	6016 2912
	6208 2912
	6208 2944
	6016 2944
4
	0 2944
	192 2944
	192 2976
	0 2976
4
	1024 2944
	1216 2944
	1216 2976
	1024 2976
4
	1632 2944
	2496 2944
	2496 2976
	1632 2976
4
	2912 2944
	3008 2944
	3008 2976
	2912 2976
4
	3136 2944
	3232 2944
	3232 2976
	3136 2976
4
	3680 2944
	4512 2944
	4512 2976
	3680 2976
4
	4992 2944
	5152 2944
	5152 2976
	4992 2976
4
	5216 2944
	5408 2944
	5408 2976
	5216 2976
4
	5440 2944
	5504 2944
	5504 2976
	5440 2976
4
	5536 2944
	5984 2944
	5984 2976
	5536 2976
4
	6016 2944
	6208 2944
	6208 2976
	6016 2976
4
	0 2976
	224 2976
	224 3008
	0 3008
4
	992 2976
	1248 2976
	1248 3008
	992 3008
4
	1600 2976
	2496 2976
	2496 3008
	1600 3008
4
	2912 2976
	3008 2976
	3008 3008
	2912 3008
4
	3712 2976
	4512 2976
	4512 3008
	3712 3008
4
	4992 2976
	5152 2976
	5152 3008
	4992 3008
4
	5216 2976
	5408 2976
	5408 3008
	5216 3008
4
	5440 2976
	5504 2976
	5504 3008
	5440 3008
4
	5536 2976
	5984 2976
	5984 3008
	5536 3008
4
	6016 2976
	6208 2976
	6208 3008
	6016 3008
4
	0 3008
	256 3008
	256 3040
	0 3040
4
	960 3008
	1280 3008
	1280 3040
	960 3040
4
	1600 3008
	2496 3008
	2496 3040
	1600 3040
4
	2944 3008
	2976 3008
	2976 3040
	2944 3040
4
	3712 3008
	4544 3008
	4544 3040
	3712 3040
4
	4992 3008
	5184 3008
	5184 3040
	4992 3040
4
	5280 3008
	5408 3008
	5408 3040
	5280 3040
4
	5536 3008
	5984 3008
	5984 3040
	5536 3040
4
	6016 3008
	6208 3008
	6208 3040
	6016 3040
4
	0 3040
	1280 3040
	1280 3072
	0 3072
4
	1568 3040
	2496 3040
	2496 3072
	1568 3072
4
	3712 3040
	4640 3040
	4640 3072
	3712 3072
4
	4992 3040
	6208 3040
	6208 3072
	4992 3072
4
	0 3072
	1312 3072
	1312 3104
	0 3104
4
	1568 3072
	2496 3072
	2496 3104
	1568 3104
4
	3680 3072
	4640 3072
	4640 3104
	3680 3104
4
	4992 3072
	6208 3072
	6208 3104
	4992 3104
4
	0 3104
	1312 3104
	1312 3136
	0 3136
4
	1568 3104
	2496 3104
	2496 3136
	1568 3136
4
	3680 3104
	4640 3104
	4640 3136
	3680 3136
4
	4992 3104
	6208 3104
	6208 3136
	4992 3136
4
	0 3136
	1312 3136
	1312 3168
	0 3168
4
	1568 3136
	2464 3136
	2464 3168
	1568 3168
4
	3232 3136
	3264 3136
	3264 3168
	3232 3168
4
	3712 3136
	4640 3136
	4640 3168
	3712 3168
4
	4992 3136
	6208 3136
	6208 3168
	4992 3168
4
	0 3168
	1312 3168
	1312 3200
	0 3200
4
	1600 3168
	2496 3168
	2496 3200
	1600 3200
4
	3200 3168
	3296 3168
	3296 3200
	3200 3200
4
	3712 3168
	4544 3168
	4544 3200
	3712 3200
4
	4992 3168
	5184 3168
	5184 3200
	4992 3200
4
	5248 3168
	5344 3168
	5344 3200
	5248 3200
4
	5376 3168
	5408 3168
	5408 3200
	5376 3200
4
	5440 3168
	5664 3168
	5664 3200
	5440 3200
4
	5696 3168
	5728 3168
	5728 3200
	5696 3200
4
	5760 3168
	5984 3168
	5984 3200
	5760 3200
4
	6016 3168
	6208 3168
	6208 3200
	6016 3200
4
	0 3200
	1280 3200
	1280 3232
	0 3232
4
	1600 3200
	2496 3200
	2496 3232
	1600 3232
4
	2976 3200
	3040 3200
	3040 3232
	2976 3232
4
	3200 3200
	3296 3200
	3296 3232
	3200 3232
4
	3712 3200
	4512 3200
	4512 3232
	3712 3232
4
	4992 3200
	5152 3200
	5152 3232
	4992 3232
4
	5248 3200
	5344 3200
	5344 3232
	5248 3232
4
	5440 3200
	5664 3200
	5664 3232
	5440 3232
4
	5760 3200
	5984 3200
	5984 3232
	5760 3232
4
	6080 3200
	6208 3200
	6208 3232
	6080 3232
4
	0 3232
	256 3232
	256 3264
	0 3264
4
	960 3232
	1280 3232
	1280 3264
	960 3264
4
	1632 3232
	2496 3232
	2496 3264
	1632 3264
4
	2976 3232
	3072 3232
	3072 3264
	2976 3264
4
	3232 3232
	3264 3232
	3264 3264
	3232 3264
4
	3456 3232
	3552 3232
	3552 3264
	3456 3264
4
	3712 3232
	4512 3232
	4512 3264
	3712 3264
4
	4960 3232
	5120 3232
	5120 3264
	4960 3264
4
	5248 3232
	5344 3232
	5344 3264
	5248 3264
4
	5440 3232
	5664 3232
	5664 3264
	5440 3264
4
	5760 3232
	5984 3232
	5984 3264
	5760 3264
4
	6080 3232
	6208 3232
	6208 3264
	6080 3264
4
	0 3264
	192 3264
	192 3296
	0 3296
4
	992 3264
	1248 3264
	1248 3296
	992 3296
4
	1664 3264
	2496 3264
	2496 3296
	1664 3296
4
	2944 3264
	3040 3264
	3040 3296
	2944 3296
4
	3424 3264
	3584 3264
	3584 3296
	3424 3296
4
	3680 3264
	4480 3264
	4480 3296
	3680 3296
4
	4960 3264
	5120 3264
	5120 3296
	4960 3296
4
	5248 3264
	5344 3264
	5344 3296
	5248 3296
4
	5376 3264
	5664 3264
	5664 3296
	5376 3296
4
	5760 3264
	5984 3264
	5984 3296
	5760 3296
4
	6080 3264
	6208 3264
	6208 3296
	6080 3296
4
	0 3296
	160 3296
	160 3328
	0 3328
4
	1056 3296
	1184 3296
	1184 3328
	1056 3328
4
	1664 3296
	2496 3296
	2496 3328
	1664 3328
4
	3456 3296
	3616 3296
	3616 3328
	3456 3328
4
	3680 3296
	4480 3296
	4480 3328
	3680 3328
4
	4960 3296
	5120 3296
	5120 3328
	4960 3328
4
	5248 3296
	5344 3296
	5344 3328
	5248 3328
4
	5376 3296
	5664 3296
	5664 3328
	5376 3328
4
	5760 3296
	5984 3296
	5984 3328
	5760 3328
4
	6080 3296
	6208 3296
	6208 3328
	6080 3328
4
	0 3328
	128 3328
	128 3360
	0 3360
4
	352 3328
	448 3328
	448 3360
	352 3360
4
	1664 3328
	2528 3328
	2528 3360
	1664 3360
4
	3488 3328
	3648 3328
	3648 3360
	3488 3360
4
	3680 3328
	4480 3328
	4480 3360
	3680 3360
4
	4960 3328
	5120 3328
	5120 3360
	4960 3360
4
	5248 3328
	5344 3328
	5344 3360
	5248 3360
4
	5376 3328
	5664 3328
	5664 3360
	5376 3360
4
	5760 3328
	5984 3328
	5984 3360
	5760 3360
4
	6080 3328
	6208 3328
	6208 3360
	6080 3360
4
	0 3360
	96 3360
	96 3392
	0 3392
4
	288 3360
	448 3360
	448 3392
	288 3392
4
	1696 3360
	2528 3360
	2528 3392
	1696 3392
4
	3520 3360
	4480 3360
	4480 3392
	3520 3392
4
	4928 3360
	5088 3360
	5088 3392
	4928 3392
4
	5248 3360
	5344 3360
	5344 3392
	5248 3392
4
	5376 3360
	5664 3360
	5664 3392
	5376 3392
4
	5760 3360
	5984 3360
	5984 3392
	5760 3392
4
	6112 3360
	6208 3360
	6208 3392
	6112 3392
4
	0 3392
	96 3392
	96 3424
	0 3424
4
	256 3392
	448 3392
	448 3424
	256 3424
4
	1728 3392
	2592 3392
	2592 3424
	1728 3424
4
	3552 3392
	4448 3392
	4448 3424
	3552 3424
4
	4928 3392
	5088 3392
	5088 3424
	4928 3424
4
	6112 3392
	6208 3392
	6208 3424
	6112 3424
4
	0 3424
	64 3424
	64 3456
	0 3456
4
	224 3424
	352 3424
	352 3456
	224 3456
4
	1728 3424
	2592 3424
	2592 3456
	1728 3456
4
	3264 3424
	3296 3424
	3296 3456
	3264 3456
4
	3584 3424
	4448 3424
	4448 3456
	3584 3456
4
	4928 3424
	5088 3424
	5088 3456
	4928 3456
4
	6144 3424
	6208 3424
	6208 3456
	6144 3456
4
	0 3456
	64 3456
	64 3488
	0 3488
4
	224 3456
	320 3456
	320 3488
	224 3488
4
	1728 3456
	2592 3456
	2592 3488
	1728 3488
4
	3232 3456
	3328 3456
	3328 3488
	3232 3488
4
	3616 3456
	4448 3456
	4448 3488
	3616 3488
4
	4896 3456
	5056 3456
	5056 3488
	4896 3488
4
	6144 3456
	6208 3456
	6208 3488
	6144 3488
4
	0 3488
	64 3488
	64 3520
	0 3520
4
	1728 3488
	2624 3488
	2624 3520
	1728 3520
4
	3232 3488
	3360 3488
	3360 3520
	3232 3520
4
	3648 3488
	4416 3488
	4416 3520
	3648 3520
4
	4896 3488
	5056 3488
	5056 3520
	4896 3520
4
	6112 3488
	6208 3488
	6208 3520
	6112 3520
4
	0 3520
	64 3520
	64 3552
	0 3552
4
	1728 3520
	2656 3520
	2656 3552
	1728 3552
4
	3232 3520
	3392 3520
	3392 3552
	3232 3552
4
	3680 3520
	4416 3520
	4416 3552
	3680 3552
4
	4960 3520
	5024 3520
	5024 3552
	4960 3552
4
	5568 3520
	5664 3520
	5664 3552
	5568 3552
4
	6112 3520
	6208 3520
	6208 3552
	6112 3552
4
	0 3552
	64 3552
	64 3584
	0 3584
4
	1760 3552
	2688 3552
	2688 3584
	1760 3584
4
	3264 3552
	3424 3552
	3424 3584
	3264 3584
4
	3712 3552
	4416 3552
	4416 3584
	3712 3584
4
	5536 3552
	5664 3552
	5664 3584
	5536 3584
4
	6112 3552
	6208 3552
	6208 3584
	6112 3584
4
	0 3584
	64 3584
	64 3616
	0 3616
4
	960 3584
	1088 3584
	1088 3616
	960 3616
4
	1696 3584
	2720 3584
	2720 3616
	1696 3616
4
	2784 3584
	2816 3584
	2816 3616
	2784 3616
4
	3296 3584
	3456 3584
	3456 3616
	3296 3616
4
	3744 3584
	4416 3584
	4416 3616
	3744 3616
4
	5440 3584
	5504 3584
	5504 3616
	5440 3616
4
	5536 3584
	5664 3584
	5664 3616
	5536 3616
4
	5760 3584
	5888 3584
	5888 3616
	5760 3616
4
	6176 3584
	6208 3584
	6208 3616
	6176 3616
4
	0 3616
	64 3616
	64 3648
	0 3648
4
	800 3616
	1088 3616
	1088 3648
	800 3648
4
	1664 3616
	2816 3616
	2816 3648
	1664 3648
4
	3328 3616
	3488 3616
	3488 3648
	3328 3648
4
	3776 3616
	4384 3616
	4384 3648
	3776 3648
4
	5440 3616
	5664 3616
	5664 3648
	5440 3648
4
	5728 3616
	5952 3616
	5952 3648
	5728 3648
4
	6144 3616
	6208 3616
	6208 3648
	6144 3648
4
	0 3648
	64 3648
	64 3680
	0 3680
4
	640 3648
	1088 3648
	1088 3680
	640 3680
4
	1632 3648
	2848 3648
	2848 3680
	1632 3680
4
	3328 3648
	3520 3648
	3520 3680
	3328 3680
4
	3808 3648
	4384 3648
	4384 3680
	3808 3680
4
	4864 3648
	4928 3648
	4928 3680
	4864 3680
4
	5440 3648
	5664 3648
	5664 3680
	5440 3680
4
	5728 3648
	5952 3648
	5952 3680
	5728 3680
4
	6048 3648
	6112 3648
	6112 3680
	6048 3680
4
	6176 3648
	6208 3648
	6208 3680
	6176 3680
4
	0 3680
	64 3680
	64 3712
	0 3712
4
	512 3680
	1088 3680
	1088 3712
	512 3712
4
	1632 3680
	2944 3680
	2944 3712
	1632 3712
4
	3072 3680
	3136 3680
	3136 3712
	3072 3712
4
	3232 3680
	3552 3680
	3552 3712
	3232 3712
4
	3840 3680
	4384 3680
	4384 3712
	3840 3712
4
	4864 3680
	4992 3680
	4992 3712
	4864 3712
4
	5440 3680
	5632 3680
	5632 3712
	5440 3712
4
	5728 3680
	5952 3680
	5952 3712
	5728 3712
4
	6048 3680
	6208 3680
	6208 3712
	6048 3712
4
	0 3712
	64 3712
	64 3744
	0 3744
4
	384 3712
	1120 3712
	1120 3744
	384 3744
4
	1600 3712
	3584 3712
	3584 3744
	1600 3744
4
	3872 3712
	4384 3712
	4384 3744
	3872 3744
4
	4832 3712
	4992 3712
	4992 3744
	4832 3744
4
	5472 3712
	5632 3712
	5632 3744
	5472 3744
4
	5728 3712
	5952 3712
	5952 3744
	5728 3744
4
	6016 3712
	6208 3712
	6208 3744
	6016 3744
4
	0 3744
	64 3744
	64 3776
	0 3776
4
	384 3744
	1024 3744
	1024 3776
	384 3776
4
	1600 3744
	3616 3744
	3616 3776
	1600 3776
4
	3840 3744
	4384 3744
	4384 3776
	3840 3776
4
	4832 3744
	4992 3744
	4992 3776
	4832 3776
4
	5408 3744
	5632 3744
	5632 3776
	5408 3776
4
	5696 3744
	5952 3744
	5952 3776
	5696 3776
4
	6016 3744
	6208 3744
	6208 3776
	6016 3776
4
	0 3776
	64 3776
	64 3808
	0 3808
4
	384 3776
	896 3776
	896 3808
	384 3808
4
	1600 3776
	3648 3776
	3648 3808
	1600 3808
4
	3872 3776
	4448 3776
	4448 3808
	3872 3808
4
	4832 3776
	4992 3776
	4992 3808
	4832 3808
4
	5376 3776
	5600 3776
	5600 3808
	5376 3808
4
	5696 3776
	5920 3776
	5920 3808
	5696 3808
4
	6016 3776
	6208 3776
	6208 3808
	6016 3808
4
	0 3808
	192 3808
	192 3840
	0 3840
4
	416 3808
	736 3808
	736 3840
	416 3840
4
	1536 3808
	3680 3808
	3680 3840
	1536 3840
4
	3904 3808
	4448 3808
	4448 3840
	3904 3840
4
	4832 3808
	5024 3808
	5024 3840
	4832 3840
4
	5376 3808
	5600 3808
	5600 3840
	5376 3840
4
	5696 3808
	5920 3808
	5920 3840
	5696 3840
4
	6016 3808
	6208 3808
	6208 3840
	6016 3840
4
	0 3840
	224 3840
	224 3872
	0 3872
4
	416 3840
	608 3840
	608 3872
	416 3872
4
	1536 3840
	3712 3840
	3712 3872
	1536 3872
4
	3744 3840
	3776 3840
	3776 3872
	3744 3872
4
	3936 3840
	4448 3840
	4448 3872
	3936 3872
4
	4800 3840
	5056 3840
	5056 3872
	4800 3872
4
	5408 3840
	5600 3840
	5600 3872
	5408 3872
4
	5664 3840
	5920 3840
	5920 3872
	5664 3872
4
	5984 3840
	6208 3840
	6208 3872
	5984 3872
4
	0 3872
	224 3872
	224 3904
	0 3904
4
	416 3872
	448 3872
	448 3904
	416 3904
4
	1536 3872
	3808 3872
	3808 3904
	1536 3904
4
	3968 3872
	4448 3872
	4448 3904
	3968 3904
4
	4800 3872
	5056 3872
	5056 3904
	4800 3904
4
	5440 3872
	5600 3872
	5600 3904
	5440 3904
4
	5664 3872
	5888 3872
	5888 3904
	5664 3904
4
	5984 3872
	6208 3872
	6208 3904
	5984 3904
4
	0 3904
	224 3904
	224 3936
	0 3936
4
	1312 3904
	1472 3904
	1472 3936
	1312 3936
4
	1536 3904
	1824 3904
	1824 3936
	1536 3936
4
	1984 3904
	3840 3904
	3840 3936
	1984 3936
4
	4000 3904
	4224 3904
	4224 3936
	4000 3936
4
	4800 3904
	5056 3904
	5056 3936
	4800 3936
4
	5440 3904
	5568 3904
	5568 3936
	5440 3936
4
	5664 3904
	5888 3904
	5888 3936
	5664 3936
4
	5984 3904
	6208 3904
	6208 3936
	5984 3936
4
	0 3936
	224 3936
	224 3968
	0 3968
4
	1248 3936
	1792 3936
	1792 3968
	1248 3968
4
	2016 3936
	3872 3936
	3872 3968
	2016 3968
4
	4032 3936
	4192 3936
	4192 3968
	4032 3968
4
	4768 3936
	4992 3936
	4992 3968
	4768 3968
4
	5440 3936
	5568 3936
	5568 3968
	5440 3968
4
	5664 3936
	5888 3936
	5888 3968
	5664 3968
4
	5952 3936
	6208 3936
	6208 3968
	5952 3968
4
	0 3968
	192 3968
	192 4000
	0 4000
4
	1216 3968
	1728 3968
	1728 4000
	1216 4000
4
	2048 3968
	3904 3968
	3904 4000
	2048 4000
4
	4096 3968
	4160 3968
	4160 4000
	4096 4000
4
	4768 3968
	5024 3968
	5024 4000
	4768 4000
4
	5664 3968
	5888 3968
	5888 4000
	5664 4000
4
	5952 3968
	6208 3968
	6208 4000
	5952 4000
4
	0 4000
	160 4000
	160 4032
	0 4032
4
	1184 4000
	1664 4000
	1664 4032
	1184 4032
4
	2080 4000
	3936 4000
	3936 4032
	2080 4032
4
	4064 4000
	4128 4000
	4128 4032
	4064 4032
4
	4736 4000
	5024 4000
	5024 4032
	4736 4032
4
	5664 4000
	5856 4000
	5856 4032
	5664 4032
4
	5952 4000
	6208 4000
	6208 4032
	5952 4032
4
	0 4032
	160 4032
	160 4064
	0 4064
4
	1184 4032
	1600 4032
	1600 4064
	1184 4064
4
	2112 4032
	3968 4032
	3968 4064
	2112 4064
4
	4032 4032
	4096 4032
	4096 4064
	4032 4064
4
	4704 4032
	5024 4032
	5024 4064
	4704 4064
4
	5760 4032
	5856 4032
	5856 4064
	5760 4064
4
	5952 4032
	6208 4032
	6208 4064
	5952 4064
4
	0 4064
	192 4064
	192 4096
	0 4096
4
	1152 4064
	1568 4064
	1568 4096
	1152 4096
4
	2144 4064
	3968 4064
	3968 4096
	2144 4096
4
	4000 4064
	4064 4064
	4064 4096
	4000 4096
4
	4704 4064
	4992 4064
	4992 4096
	4704 4096
4
	5952 4064
	6208 4064
	6208 4096
	5952 4096
4
	0 4096
	224 4096
	224 4128
	0 4128
4
	1088 4096
	1504 4096
	1504 4128
	1088 4128
4
	2176 4096
	4032 4096
	4032 4128
	2176 4128
4
	4672 4096
	4928 4096
	4928 4128
	4672 4128
4
	5280 4096
	5312 4096
	5312 4128
	5280 4128
4
	5952 4096
	6208 4096
	6208 4128
	5952 4128
4
	0 4128
	224 4128
	224 4160
	0 4160
4
	1056 4128
	1504 4128
	1504 4160
	1056 4160
4
	2208 4128
	4000 4128
	4000 4160
	2208 4160
4
	4640 4128
	4928 4128
	4928 4160
	4640 4160
4
	5248 4128
	5376 4128
	5376 4160
	5248 4160
4
	5952 4128
	6208 4128
	6208 4160
	5952 4160
4
	0 4160
	224 4160
	224 4192
	0 4192
4
	1024 4160
	1472 4160
	1472 4192
	1024 4192
4
	2240 4160
	3968 4160
	3968 4192
	2240 4192
4
	4608 4160
	4928 4160
	4928 4192
	4608 4192
4
	5216 4160
	5376 4160
	5376 4192
	5216 4192
4
	5952 4160
	6208 4160
	6208 4192
	5952 4192
4
	0 4192
	256 4192
	256 4224
	0 4224
4
	960 4192
	1440 4192
	1440 4224
	960 4224
4
	2272 4192
	3936 4192
	3936 4224
	2272 4224
4
	4576 4192
	4864 4192
	4864 4224
	4576 4224
4
	5216 4192
	5344 4192
	5344 4224
	5216 4224
4
	5984 4192
	6208 4192
	6208 4224
	5984 4224
4
	0 4224
	288 4224
	288 4256
	0 4256
4
	992 4224
	1312 4224
	1312 4256
	992 4256
4
	2304 4224
	3904 4224
	3904 4256
	2304 4256
4
	4544 4224
	4896 4224
	4896 4256
	4544 4256
4
	5184 4224
	5344 4224
	5344 4256
	5184 4256
4
	5440 4224
	5536 4224
	5536 4256
	5440 4256
4
	5888 4224
	6208 4224
	6208 4256
	5888 4256
4
	0 4256
	320 4256
	320 4288
	0 4288
4
	928 4256
	1248 4256
	1248 4288
	928 4288
4
	2304 4256
	3904 4256
	3904 4288
	2304 4288
4
	4512 4256
	4896 4256
	4896 4288
	4512 4288
4
	5184 4256
	5312 4256
	5312 4288
	5184 4288
4
	5408 4256
	5600 4256
	5600 4288
	5408 4288
4
	5888 4256
	6208 4256
	6208 4288
	5888 4288
4
	0 4288
	320 4288
	320 4320
	0 4320
4
	352 4288
	480 4288
	480 4320
	352 4320
4
	928 4288
	1184 4288
	1184 4320
	928 4320
4
	1728 4288
	1792 4288
	1792 4320
	1728 4320
4
	2304 4288
	3904 4288
	3904 4320
	2304 4320
4
	4480 4288
	4896 4288
	4896 4320
	4480 4320
4
	5152 4288
	5312 4288
	5312 4320
	5152 4320
4
	5376 4288
	5632 4288
	5632 4320
	5376 4320
4
	5888 4288
	6208 4288
	6208 4320
	5888 4320
4
	0 4320
	576 4320
	576 4352
	0 4352
4
	928 4320
	1120 4320
	1120 4352
	928 4352
4
	1728 4320
	1856 4320
	1856 4352
	1728 4352
4
	2304 4320
	3904 4320
	3904 4352
	2304 4352
4
	4480 4320
	4768 4320
	4768 4352
	4480 4352
4
	5120 4320
	5280 4320
	5280 4352
	5120 4352
4
	5376 4320
	5632 4320
	5632 4352
	5376 4352
4
	5888 4320
	6208 4320
	6208 4352
	5888 4352
4
	0 4352
	576 4352
	576 4384
	0 4384
4
	672 4352
	736 4352
	736 4384
	672 4384
4
	768 4352
	800 4352
	800 4384
	768 4384
4
	960 4352
	1088 4352
	1088 4384
	960 4384
4
	1728 4352
	1856 4352
	1856 4384
	1728 4384
4
	2272 4352
	3936 4352
	3936 4384
	2272 4384
4
	4480 4352
	4800 4352
	4800 4384
	4480 4384
4
	5120 4352
	5280 4352
	5280 4384
	5120 4384
4
	5344 4352
	5632 4352
	5632 4384
	5344 4384
4
	5728 4352
	5760 4352
	5760 4384
	5728 4384
4
	5920 4352
	6208 4352
	6208 4384
	5920 4384
4
	0 4384
	832 4384
	832 4416
	0 4416
4
	1728 4384
	1888 4384
	1888 4416
	1728 4416
4
	2240 4384
	2432 4384
	2432 4416
	2240 4416
4
	2592 4384
	3616 4384
	3616 4416
	2592 4416
4
	3776 4384
	3936 4384
	3936 4416
	3776 4416
4
	4480 4384
	4608 4384
	4608 4416
	4480 4416
4
	4672 4384
	4800 4384
	4800 4416
	4672 4416
4
	5088 4384
	5248 4384
	5248 4416
	5088 4416
4
	5344 4384
	5600 4384
	5600 4416
	5344 4416
4
	5696 4384
	5824 4384
	5824 4416
	5696 4416
4
	5888 4384
	6208 4384
	6208 4416
	5888 4416
4
	0 4416
	864 4416
	864 4448
	0 4448
4
	1696 4416
	1888 4416
	1888 4448
	1696 4448
4
	2240 4416
	2432 4416
	2432 4448
	2240 4448
4
	2688 4416
	3488 4416
	3488 4448
	2688 4448
4
	3776 4416
	3968 4416
	3968 4448
	3776 4448
4
	4512 4416
	4576 4416
	4576 4448
	4512 4448
4
	4704 4416
	4768 4416
	4768 4448
	4704 4448
4
	5088 4416
	5248 4416
	5248 4448
	5088 4448
4
	5312 4416
	5600 4416
	5600 4448
	5312 4448
4
	5664 4416
	5824 4416
	5824 4448
	5664 4448
4
	5888 4416
	6208 4416
	6208 4448
	5888 4448
4
	0 4448
	864 4448
	864 4480
	0 4480
4
	1664 4448
	1920 4448
	1920 4480
	1664 4480
4
	2272 4448
	2400 4448
	2400 4480
	2272 4480
4
	2816 4448
	3392 4448
	3392 4480
	2816 4480
4
	3808 4448
	3968 4448
	3968 4480
	3808 4480
4
	5056 4448
	5216 4448
	5216 4480
	5056 4480
4
	5312 4448
	5568 4448
	5568 4480
	5312 4480
4
	5664 4448
	5824 4448
	5824 4480
	5664 4480
4
	5856 4448
	6208 4448
	6208 4480
	5856 4480
4
	0 4480
	832 4480
	832 4512
	0 4512
4
	1600 4480
	1952 4480
	1952 4512
	1600 4512
4
	2272 4480
	2400 4480
	2400 4512
	2272 4512
4
	2944 4480
	3264 4480
	3264 4512
	2944 4512
4
	3840 4480
	3904 4480
	3904 4512
	3840 4512
4
	4288 4480
	4416 4480
	4416 4512
	4288 4512
4
	5056 4480
	5184 4480
	5184 4512
	5056 4512
4
	5280 4480
	5568 4480
	5568 4512
	5280 4512
4
	5632 4480
	5792 4480
	5792 4512
	5632 4512
4
	5856 4480
	6208 4480
	6208 4512
	5856 4512
4
	0 4512
	800 4512
	800 4544
	0 4544
4
	1568 4512
	2016 4512
	2016 4544
	1568 4544
4
	2336 4512
	2368 4512
	2368 4544
	2336 4544
4
	3008 4512
	3200 4512
	3200 4544
	3008 4544
4
	4256 4512
	4448 4512
	4448 4544
	4256 4544
4
	5120 4512
	5152 4512
	5152 4544
	5120 4544
4
	5280 4512
	5536 4512
	5536 4544
	5280 4544
4
	5632 4512
	5792 4512
	5792 4544
	5632 4544
4
	5824 4512
	6208 4512
	6208 4544
	5824 4544
4
	0 4544
	832 4544
	832 4576
	0 4576
4
	1568 4544
	2016 4544
	2016 4576
	1568 4576
4
	3040 4544
	3168 4544
	3168 4576
	3040 4576
4
	4224 4544
	4448 4544
	4448 4576
	4224 4576
4
	4992 4544
	5056 4544
	5056 4576
	4992 4576
4
	5248 4544
	5504 4544
	5504 4576
	5248 4576
4
	5600 4544
	6208 4544
	6208 4576
	5600 4576
4
	0 4576
	832 4576
	832 4608
	0 4608
4
	1536 4576
	2048 4576
	2048 4608
	1536 4608
4
	3968 4576
	4032 4576
	4032 4608
	3968 4608
4
	4192 4576
	4416 4576
	4416 4608
	4192 4608
4
	4960 4576
	5088 4576
	5088 4608
	4960 4608
4
	5248 4576
	5504 4576
	5504 4608
	5248 4608
4
	5568 4576
	6208 4576
	6208 4608
	5568 4608
4
	0 4608
	832 4608
	832 4640
	0 4640
4
	1440 4608
	1472 4608
	1472 4640
	1440 4640
4
	1504 4608
	2080 4608
	2080 4640
	1504 4640
4
	2112 4608
	2240 4608
	2240 4640
	2112 4640
4
	3936 4608
	4064 4608
	4064 4640
	3936 4640
4
	4160 4608
	4448 4608
	4448 4640
	4160 4640
4
	4960 4608
	5088 4608
	5088 4640
	4960 4640
4
	5280 4608
	5472 4608
	5472 4640
	5280 4640
4
	5568 4608
	6208 4608
	6208 4640
	5568 4640
4
	0 4640
	864 4640
	864 4672
	0 4672
4
	1376 4640
	2304 4640
	2304 4672
	1376 4672
4
	3936 4640
	4096 4640
	4096 4672
	3936 4672
4
	4128 4640
	4576 4640
	4576 4672
	4128 4672
4
	4960 4640
	5088 4640
	5088 4672
	4960 4672
4
	5344 4640
	5440 4640
	5440 4672
	5344 4672
4
	5536 4640
	6208 4640
	6208 4672
	5536 4672
4
	0 4672
	896 4672
	896 4704
	0 4704
4
	1344 4672
	2272 4672
	2272 4704
	1344 4704
4
	3936 4672
	4320 4672
	4320 4704
	3936 4704
4
	4384 4672
	4608 4672
	4608 4704
	4384 4704
4
	4992 4672
	5056 4672
	5056 4704
	4992 4704
4
	5536 4672
	6208 4672
	6208 4704
	5536 4704
4
	0 4704
	928 4704
	928 4736
	0 4736
4
	1376 4704
	2272 4704
	2272 4736
	1376 4736
4
	3936 4704
	4288 4704
	4288 4736
	3936 4736
4
	4416 4704
	4608 4704
	4608 4736
	4416 4736
4
	5120 4704
	5216 4704
	5216 4736
	5120 4736
4
	5504 4704
	6208 4704
	6208 4736
	5504 4736
4
	0 4736
	928 4736
	928 4768
	0 4768
4
	1344 4736
	2240 4736
	2240 4768
	1344 4768
4
	3968 4736
	4256 4736
	4256 4768
	3968 4768
4
	4448 4736
	4704 4736
	4704 4768
	4448 4768
4
	4960 4736
	5024 4736
	5024 4768
	4960 4768
4
	5088 4736
	5248 4736
	5248 4768
	5088 4768
4
	5504 4736
	5632 4736
	5632 4768
	5504 4768
4
	5696 4736
	6208 4736
	6208 4768
	5696 4768
4
	0 4768
	928 4768
	928 4800
	0 4800
4
	1248 4768
	2208 4768
	2208 4800
	1248 4800
4
	3968 4768
	4224 4768
	4224 4800
	3968 4800
4
	4480 4768
	4704 4768
	4704 4800
	4480 4800
4
	4928 4768
	5056 4768
	5056 4800
	4928 4800
4
	5088 4768
	5248 4768
	5248 4800
	5088 4800
4
	5568 4768
	5632 4768
	5632 4800
	5568 4800
4
	5664 4768
	6208 4768
	6208 4800
	5664 4800
4
	0 4800
	960 4800
	960 4832
	0 4832
4
	1184 4800
	2240 4800
	2240 4832
	1184 4832
4
	4000 4800
	4224 4800
	4224 4832
	4000 4832
4
	4512 4800
	4704 4800
	4704 4832
	4512 4832
4
	4928 4800
	5056 4800
	5056 4832
	4928 4832
4
	5152 4800
	5248 4800
	5248 4832
	5152 4832
4
	5664 4800
	6208 4800
	6208 4832
	5664 4832
4
	0 4832
	960 4832
	960 4864
	0 4864
4
	1184 4832
	2240 4832
	2240 4864
	1184 4864
4
	4000 4832
	4288 4832
	4288 4864
	4000 4864
4
	4544 4832
	4672 4832
	4672 4864
	4544 4864
4
	4736 4832
	4800 4832
	4800 4864
	4736 4864
4
	4928 4832
	5056 4832
	5056 4864
	4928 4864
4
	5600 4832
	6208 4832
	6208 4864
	5600 4864
4
	0 4864
	1088 4864
	1088 4896
	0 4896
4
	1120 4864
	2208 4864
	2208 4896
	1120 4896
4
	4000 4864
	4288 4864
	4288 4896
	4000 4896
4
	4576 4864
	4800 4864
	4800 4896
	4576 4896
4
	5600 4864
	6208 4864
	6208 4896
	5600 4896
4
	0 4896
	2208 4896
	2208 4928
	0 4928
4
	4032 4896
	4352 4896
	4352 4928
	4032 4928
4
	4608 4896
	4832 4896
	4832 4928
	4608 4928
4
	5216 4896
	5280 4896
	5280 4928
	5216 4928
4
	5568 4896
	6208 4896
	6208 4928
	5568 4928
4
	0 4928
	2112 4928
	2112 4960
	0 4960
4
	2976 4928
	3072 4928
	3072 4960
	2976 4960
4
	3136 4928
	3168 4928
	3168 4960
	3136 4960
4
	4064 4928
	4352 4928
	4352 4960
	4064 4960
4
	4640 4928
	4800 4928
	4800 4960
	4640 4960
4
	5184 4928
	5312 4928
	5312 4960
	5184 4960
4
	5536 4928
	6208 4928
	6208 4960
	5536 4960
4
	0 4960
	2112 4960
	2112 4992
	0 4992
4
	2944 4960
	3104 4960
	3104 4992
	2944 4992
4
	3136 4960
	3232 4960
	3232 4992
	3136 4992
4
	4096 4960
	4384 4960
	4384 4992
	4096 4992
4
	4672 4960
	4832 4960
	4832 4992
	4672 4992
4
	5184 4960
	5312 4960
	5312 4992
	5184 4992
4
	5536 4960
	6208 4960
	6208 4992
	5536 4992
4
	0 4992
	2080 4992
	2080 5024
	0 5024
4
	2944 4992
	3264 4992
	3264 5024
	2944 5024
4
	4064 4992
	4416 4992
	4416 5024
	4064 5024
4
	4672 4992
	4832 4992
	4832 5024
	4672 5024
4
	5184 4992
	5312 4992
	5312 5024
	5184 5024
4
	5504 4992
	6208 4992
	6208 5024
	5504 5024
4
	0 5024
	2080 5024
	2080 5056
	0 5056
4
	2976 5024
	3232 5024
	3232 5056
	2976 5056
4
	3872 5024
	4416 5024
	4416 5056
	3872 5056
4
	4672 5024
	4800 5024
	4800 5056
	4672 5056
4
	5216 5024
	5280 5024
	5280 5056
	5216 5056
4
	5504 5024
	6208 5024
	6208 5056
	5504 5056
4
	0 5056
	2048 5056
	2048 5088
	0 5088
4
	2976 5056
	3232 5056
	3232 5088
	2976 5088
4
	3616 5056
	3680 5056
	3680 5088
	3616 5088
4
	3840 5056
	4448 5056
	4448 5088
	3840 5088
4
	4704 5056
	4768 5056
	4768 5088
	4704 5088
4
	5472 5056
	6208 5056
	6208 5088
	5472 5088
4
	0 5088
	2048 5088
	2048 5120
	0 5120
4
	2976 5088
	3232 5088
	3232 5120
	2976 5120
4
	3616 5088
	4448 5088
	4448 5120
	3616 5120
4
	5440 5088
	6208 5088
	6208 5120
	5440 5120
4
	0 5120
	2016 5120
	2016 5152
	0 5152
4
	3008 5120
	3232 5120
	3232 5152
	3008 5152
4
	3584 5120
	4512 5120
	4512 5152
	3584 5152
4
	5440 5120
	6208 5120
	6208 5152
	5440 5152
4
	0 5152
	1984 5152
	1984 5184
	0 5184
4
	3008 5152
	3200 5152
	3200 5184
	3008 5184
4
	3584 5152
	4544 5152
	4544 5184
	3584 5184
4
	5408 5152
	6208 5152
	6208 5184
	5408 5184
4
	0 5184
	1984 5184
	1984 5216
	0 5216
4
	3040 5184
	3168 5184
	3168 5216
	3040 5216
4
	3616 5184
	4544 5184
	4544 5216
	3616 5216
4
	4896 5184
	4960 5184
	4960 5216
	4896 5216
4
	5408 5184
	6208 5184
	6208 5216
	5408 5216
4
	0 5216
	1952 5216
	1952 5248
	0 5248
4
	3616 5216
	4576 5216
	4576 5248
	3616 5248
4
	4864 5216
	4992 5216
	4992 5248
	4864 5248
4
	5248 5216
	6208 5216
	6208 5248
	5248 5248
4
	0 5248
	1952 5248
	1952 5280
	0 5280
4
	3616 5248
	4576 5248
	4576 5280
	3616 5280
4
	4832 5248
	5056 5248
	5056 5280
	4832 5280
4
	5248 5248
	6208 5248
	6208 5280
	5248 5280
4
	0 5280
	1920 5280
	1920 5312
	0 5312
4
	3616 5280
	4608 5280
	4608 5312
	3616 5312
4
	4832 5280
	5088 5280
	5088 5312
	4832 5312
4
	5216 5280
	6208 5280
	6208 5312
	5216 5312
4
	0 5312
	1920 5312
	1920 5344
	0 5344
4
	3616 5312
	4608 5312
	4608 5344
	3616 5344
4
	4832 5312
	5088 5312
	5088 5344
	4832 5344
4
	5216 5312
	6208 5312
	6208 5344
	5216 5344
4
	0 5344
	1888 5344
	1888 5376
	0 5376
4
	3616 5344
	4640 5344
	4640 5376
	3616 5376
4
	4800 5344
	5056 5344
	5056 5376
	4800 5376
4
	5216 5344
	6208 5344
	6208 5376
	5216 5376
4
	0 5376
	1856 5376
	1856 5408
	0 5408
4
	3584 5376
	4672 5376
	4672 5408
	3584 5408
4
	4832 5376
	5056 5376
	5056 5408
	4832 5408
4
	5088 5376
	5152 5376
	5152 5408
	5088 5408
4
	5216 5376
	6208 5376
	6208 5408
	5216 5408
4
	0 5408
	1856 5408
	1856 5440
	0 5440
4
	3584 5408
	4672 5408
	4672 5440
	3584 5440
4
	4832 5408
	5152 5408
	5152 5440
	4832 5440
4
	5184 5408
	6208 5408
	6208 5440
	5184 5440
4
	0 5440
	1824 5440
	1824 5472
	0 5472
4
	3584 5440
	4672 5440
	4672 5472
	3584 5472
4
	4832 5440
	5152 5440
	5152 5472
	4832 5472
4
	5184 5440
	6208 5440
	6208 5472
	5184 5472
4
	0 5472
	1824 5472
	1824 5504
	0 5504
4
	3584 5472
	4704 5472
	4704 5504
	3584 5504
4
	4864 5472
	6208 5472
	6208 5504
	4864 5504
4
	0 5504
	1792 5504
	1792 5536
	0 5536
4
	3584 5504
	4704 5504
	4704 5536
	3584 5536
4
	4896 5504
	6208 5504
	6208 5536
	4896 5536
4
	0 5536
	1792 5536
	1792 5568
	0 5568
4
	3584 5536
	4736 5536
	4736 5568
	3584 5568
4
	4992 5536
	6208 5536
	6208 5568
	4992 5568
4
	0 5568
	1760 5568
	1760 5600
	0 5600
4
	3552 5568
	4768 5568
	4768 5600
	3552 5600
4
	4832 5568
	4896 5568
	4896 5600
	4832 5600
4
	4960 5568
	6208 5568
	6208 5600
	4960 5600
4
	0 5600
	1728 5600
	1728 5632
	0 5632
4
	3488 5600
	4768 5600
	4768 5632
	3488 5632
4
	4800 5600
	6208 5600
	6208 5632
	4800 5632
4
	0 5632
	1728 5632
	1728 5664
	0 5664
4
	2240 5632
	2336 5632
	2336 5664
	2240 5664
4
	3488 5632
	4736 5632
	4736 5664
	3488 5664
4
	4800 5632
	6208 5632
	6208 5664
	4800 5664
4
	0 5664
	1696 5664
	1696 5696
	0 5696
4
	2240 5664
	2336 5664
	2336 5696
	2240 5696
4
	3488 5664
	4736 5664
	4736 5696
	3488 5696
4
	4768 5664
	6208 5664
	6208 5696
	4768 5696
4
	0 5696
	1696 5696
	1696 5728
	0 5728
4
	2240 5696
	2304 5696
	2304 5728
	2240 5728
4
	2528 5696
	2592 5696
	2592 5728
	2528 5728
4
	3488 5696
	6208 5696
	6208 5728
	3488 5728
4
	0 5728
	1728 5728
	1728 5760
	0 5760
4
	2208 5728
	2304 5728
	2304 5760
	2208 5760
4
	2496 5728
	2592 5728
	2592 5760
	2496 5760
4
	3520 5728
	6208 5728
	6208 5760
	3520 5760
4
	0 5760
	1696 5760
	1696 5792
	0 5792
4
	2208 5760
	2304 5760
	2304 5792
	2208 5792
4
	2496 5760
	2592 5760
	2592 5792
	2496 5792
4
	3552 5760
	6208 5760
	6208 5792
	3552 5792
4
	0 5792
	1696 5792
	1696 5824
	0 5824
4
	2208 5792
	2304 5792
	2304 5824
	2208 5824
4
	2496 5792
	2560 5792
	2560 5824
	2496 5824
4
	3552 5792
	6208 5792
	6208 5824
	3552 5824
4
	0 5824
	1728 5824
	1728 5856
	0 5856
4
	2208 5824
	2272 5824
	2272 5856
	2208 5856
4
	2496 5824
	2560 5824
	2560 5856
	2496 5856
4
	3552 5824
	6208 5824
	6208 5856
	3552 5856
4
	0 5856
	1760 5856
	1760 5888
	0 5888
4
	2176 5856
	2272 5856
	2272 5888
	2176 5888
4
	2464 5856
	2560 5856
	2560 5888
	2464 5888
4
	3552 5856
	6208 5856
	6208 5888
	3552 5888
4
	0 5888
	1824 5888
	1824 5920
	0 5920
4
	2176 5888
	2272 5888
	2272 5920
	2176 5920
4
	2464 5888
	2560 5888
	2560 5920
	2464 5920
4
	3552 5888
	6208 5888
	6208 5920
	3552 5920
4
	0 5920
	1888 5920
	1888 5952
	0 5952
4
	2176 5920
	2240 5920
	2240 5952
	2176 5952
4
	2464 5920
	2528 5920
	2528 5952
	2464 5952
4
	3520 5920
	6208 5920
	6208 5952
	3520 5952
4
	0 5952
	1952 5952
	1952 5984
	0 5984
4
	2144 5952
	2240 5952
	2240 5984
	2144 5984
4
	2432 5952
	2528 5952
	2528 5984
	2432 5984
4
	3520 5952
	6208 5952
	6208 5984
	3520 5984
4
	0 5984
	1984 5984
	1984 6016
	0 6016
4
	2144 5984
	2240 5984
	2240 6016
	2144 6016
4
	2432 5984
	2528 5984
	2528 6016
	2432 6016
4
	3552 5984
	6208 5984
	6208 6016
	3552 6016
4
	0 6016
	2048 6016
	2048 6048
	0 6048
4
	2144 6016
	2240 6016
	2240 6048
	2144 6048
4
	2432 6016
	2528 6016
	2528 6048
	2432 6048
4
	3552 6016
	6208 6016
	6208 6048
	3552 6048
4
	0 6048
	2112 6048
	2112 6080
	0 6080
4
	2144 6048
	2208 6048
	2208 6080
	2144 6080
4
	2432 6048
	2496 6048
	2496 6080
	2432 6080
4
	3552 6048
	6208 6048
	6208 6080
	3552 6080
4
	0 6080
	2208 6080
	2208 6112
	0 6112
4
	2400 6080
	2496 6080
	2496 6112
	2400 6112
4
	2976 6080
	3232 6080
	3232 6112
	2976 6112
4
	3552 6080
	6208 6080
	6208 6112
	3552 6112
4
	0 6112
	2336 6112
	2336 6144
	0 6144
4
	2400 6112
	2496 6112
	2496 6144
	2400 6144
4
	2976 6112
	3232 6112
	3232 6144
	2976 6144
4
	3520 6112
	6208 6112
	6208 6144
	3520 6144
4
	0 6144
	2496 6144
	2496 6176
	0 6176
4
	2976 6144
	3232 6144
	3232 6176
	2976 6176
4
	3520 6144
	6208 6144
	6208 6176
	3520 6176
4
	0 6176
	6208 6176
	6208 6208
	0 6208
4
	-32 -32
	6240 -32
	6240 0
	-32 0
4
	-32 6208
	6240 6208
	6240 6240
	-32 6240
4
	-32 0
	0 0
	0 6208
	-32 6208
4
	6208 0
	6240 0
	6240 6208
	6208 6208
