1193
4
	0 0
	6176 0
	6176 32
	0 32
4
	0 32
	3168 32
	3168 64
	0 64
4
	3552 32
	6176 32
	6176 64
	3552 64
4
	0 64
	2624 64
	2624 96
	0 96
4
	3040 64
	3168 64
	3168 96
	3040 96
4
	3552 64
	6176 64
	6176 96
	3552 96
4
	0 96
	2656 96
	2656 128
	0 128
4
	3040 96
	3168 96
	3168 128
	3040 128
4
	3584 96
	6176 96
	6176 128
	3584 128
4
	0 128
	2656 128
	2656 160
	0 160
4
	3040 128
	3136 128
	3136 160
	3040 160
4
	3584 128
	6176 128
	6176 160
	3584 160
4
	0 160
	2656 160
	2656 192
	0 192
4
	3584 160
	6176 160
	6176 192
	3584 192
4
	0 192
	2656 192
	2656 224
	0 224
4
	3584 192
	6176 192
	6176 224
	3584 224
4
	0 224
	2592 224
	2592 256
	0 256
4
	3584 224
	6176 224
	6176 256
	3584 256
4
	0 256
	2592 256
	2592 288
	0 288
4
	3584 256
	6176 256
	6176 288
	3584 288
4
	0 288
	2592 288
	2592 320
	0 320
4
	3584 288
	6176 288
	6176 320
	3584 320
4
	0 320
	2592 320
	2592 352
	0 352
4
	3584 320
	6176 320
	6176 352
	3584 352
4
	0 352
	2656 352
	2656 384
	0 384
4
	3584 352
	6176 352
	6176 384
	3584 384
4
	0 384
	2656 384
	2656 416
	0 416
4
	3584 384
	6176 384
	6176 416
	3584 416
4
	0 416
	2656 416
	2656 448
	0 448
4
	3584 416
	6176 416
	6176 448
	3584 448
4
	0 448
	2656 448
	2656 480
	0 480
4
	3584 448
	6176 448
	6176 480
	3584 480
4
	0 480
	2624 480
	2624 512
	0 512
4
	3040 480
	3168 480
	3168 512
	3040 512
4
	3552 480
	6176 480
	6176 512
	3552 512
4
	0 512
	3168 512
	3168 544
	0 544
4
	3552 512
	6176 512
	6176 544
	3552 544
4
	0 544
	3168 544
	3168 576
	0 576
4
	3552 544
	6176 544
	6176 576
	3552 576
4
	0 576
	3136 576
	3136 608
	0 608
4
	3552 576
	6176 576
	6176 608
	3552 608
4
	0 608
	3104 608
	3104 640
	0 640
4
	3584 608
	6176 608
	6176 640
	3584 640
4
	0 640
	3104 640
	3104 672
	0 672
4
	3584 640
	6176 640
	6176 672
	3584 672
4
	0 672
	3104 672
	3104 704
	0 704
4
	3584 672
	6176 672
	6176 704
	3584 704
4
	0 704
	3104 704
	3104 736
	0 736
4
	3584 704
	6176 704
	6176 736
	3584 736
4
	0 736
	3104 736
	3104 768
	0 768
4
	3584 736
	6176 736
	6176 768
	3584 768
4
	0 768
	3104 768
	3104 800
	0 800
4
	3584 768
	6176 768
	6176 800
	3584 800
4
	0 800
	3104 800
	3104 832
	0 832
4
	3584 800
	6176 800
	6176 832
	3584 832
4
	0 832
	3104 832
	3104 864
	0 864
4
	3584 832
	6176 832
	6176 864
	3584 864
4
	0 864
	3104 864
	3104 896
	0 896
4
	3584 864
	6176 864
	6176 896
	3584 896
4
	0 896
	3104 896
	3104 928
	0 928
4
	3584 896
	6176 896
	6176 928
	3584 928
4
	0 928
	3104 928
	3104 960
	0 960
4
	3136 928
	3232 928
	3232 960
	3136 960
4
	3584 928
	6176 928
	6176 960
	3584 960
4
	0 960
	3104 960
	3104 992
	0 992
4
	3136 960
	3232 960
	3232 992
	3136 992
4
	3584 960
	6176 960
	6176 992
	3584 992
4
	0 992
	3296 992
	3296 1024
	0 1024
4
	3424 992
	6176 992
	6176 1024
	3424 1024
4
	0 1024
	3296 1024
	3296 1056
	0 1056
4
	3424 1024
	6176 1024
	6176 1056
	3424 1056
4
	0 1056
	3296 1056
	3296 1088
	0 1088
4
	3424 1056
	6176 1056
	6176 1088
	3424 1088
4
	0 1088
	3136 1088
	3136 1120
	0 1120
4
	3168 1088
	3296 1088
	3296 1120
	3168 1120
4
	3424 1088
	6176 1088
	6176 1120
	3424 1120
4
	0 1120
	3104 1120
	3104 1152
	0 1152
4
	3456 1120
	3552 1120
	3552 1152
	3456 1152
4
	3584 1120
	6176 1120
	6176 1152
	3584 1152
4
	0 1152
	3104 1152
	3104 1184
	0 1184
4
	3456 1152
	3552 1152
	3552 1184
	3456 1184
4
	3584 1152
	6176 1152
	6176 1184
	3584 1184
4
	0 1184
	3104 1184
	3104 1216
	0 1216
4
	3584 1184
	6176 1184
	6176 1216
	3584 1216
4
	0 1216
	3104 1216
	3104 1248
	0 1248
4
	3584 1216
	6176 1216
	6176 1248
	3584 1248
4
	0 1248
	3104 1248
	3104 1280
	0 1280
4
	3584 1248
	6176 1248
	6176 1280
	3584 1280
4
	0 1280
	3104 1280
	3104 1312
	0 1312
4
	3584 1280
	6176 1280
	6176 1312
	3584 1312
4
	0 1312
	3104 1312
	3104 1344
	0 1344
4
	3584 1312
	6176 1312
	6176 1344
	3584 1344
4
	0 1344
	3104 1344
	3104 1376
	0 1376
4
	3584 1344
	6176 1344
	6176 1376
	3584 1376
4
	0 1376
	3104 1376
	3104 1408
	0 1408
4
	3584 1376
	6176 1376
	6176 1408
	3584 1408
4
	0 1408
	3104 1408
	3104 1440
	0 1440
4
	3584 1408
	6176 1408
	6176 1440
	3584 1440
4
	0 1440
	3104 1440
	3104 1472
	0 1472
4
	3584 1440
	6176 1440
	6176 1472
	3584 1472
4
	0 1472
	3136 1472
	3136 1504
	0 1504
4
	3552 1472
	6176 1472
	6176 1504
	3552 1504
4
	0 1504
	3168 1504
	3168 1536
	0 1536
4
	3552 1504
	6176 1504
	6176 1536
	3552 1536
4
	0 1536
	3168 1536
	3168 1568
	0 1568
4
	3552 1536
	6176 1536
	6176 1568
	3552 1568
4
	0 1568
	3168 1568
	3168 1600
	0 1600
4
	3552 1568
	3680 1568
	3680 1600
	3552 1600
4
	4064 1568
	4192 1568
	4192 1600
	4064 1600
4
	4512 1568
	4704 1568
	4704 1600
	4512 1600
4
	5088 1568
	5216 1568
	5216 1600
	5088 1600
4
	5344 1568
	5440 1568
	5440 1600
	5344 1600
4
	5568 1568
	5728 1568
	5728 1600
	5568 1600
4
	6112 1568
	6176 1568
	6176 1600
	6112 1600
4
	0 1600
	3136 1600
	3136 1632
	0 1632
4
	3584 1600
	3616 1600
	3616 1632
	3584 1632
4
	4064 1600
	4160 1600
	4160 1632
	4064 1632
4
	4512 1600
	4672 1600
	4672 1632
	4512 1632
4
	5088 1600
	5184 1600
	5184 1632
	5088 1632
4
	5344 1600
	5440 1600
	5440 1632
	5344 1632
4
	5600 1600
	5696 1600
	5696 1632
	5600 1632
4
	6112 1600
	6176 1600
	6176 1632
	6112 1632
4
	0 1632
	3104 1632
	3104 1664
	0 1664
4
	4512 1632
	4704 1632
	4704 1664
	4512 1664
4
	5344 1632
	5440 1632
	5440 1664
	5344 1664
4
	6144 1632
	6176 1632
	6176 1664
	6144 1664
4
	0 1664
	3104 1664
	3104 1696
	0 1696
4
	4544 1664
	4704 1664
	4704 1696
	4544 1696
4
	6144 1664
	6176 1664
	6176 1696
	6144 1696
4
	0 1696
	3104 1696
	3104 1728
	0 1728
4
	4576 1696
	4704 1696
	4704 1728
	4576 1728
4
	6144 1696
	6176 1696
	6176 1728
	6144 1728
4
	0 1728
	3104 1728
	3104 1760
	0 1760
4
	4576 1728
	4704 1728
	4704 1760
	4576 1760
4
	6080 1728
	6176 1728
	6176 1760
	6080 1760
4
	0 1760
	3104 1760
	3104 1792
	0 1792
4
	6080 1760
	6176 1760
	6176 1792
	6080 1792
4
	0 1792
	3104 1792
	3104 1824
	0 1824
4
	6080 1792
	6176 1792
	6176 1824
	6080 1824
4
	0 1824
	3104 1824
	3104 1856
	0 1856
4
	6144 1824
	6176 1824
	6176 1856
	6144 1856
4
	0 1856
	3104 1856
	3104 1888
	0 1888
4
	6144 1856
	6176 1856
	6176 1888
	6144 1888
4
	0 1888
	3104 1888
	3104 1920
	0 1920
4
	4576 1888
	4704 1888
	4704 1920
	4576 1920
4
	6144 1888
	6176 1888
	6176 1920
	6144 1920
4
	0 1920
	3104 1920
	3104 1952
	0 1952
4
	4544 1920
	4704 1920
	4704 1952
	4544 1952
4
	6144 1920
	6176 1920
	6176 1952
	6144 1952
4
	0 1952
	3104 1952
	3104 1984
	0 1984
4
	3136 1952
	3232 1952
	3232 1984
	3136 1984
4
	3456 1952
	3552 1952
	3552 1984
	3456 1984
4
	4512 1952
	4704 1952
	4704 1984
	4512 1984
4
	6144 1952
	6176 1952
	6176 1984
	6144 1984
4
	0 1984
	3232 1984
	3232 2016
	0 2016
4
	3456 1984
	3552 1984
	3552 2016
	3456 2016
4
	4512 1984
	4672 1984
	4672 2016
	4512 2016
4
	6144 1984
	6176 1984
	6176 2016
	6144 2016
4
	0 2016
	3296 2016
	3296 2048
	0 2048
4
	3424 2016
	3648 2016
	3648 2048
	3424 2048
4
	4064 2016
	4192 2016
	4192 2048
	4064 2048
4
	4544 2016
	4704 2016
	4704 2048
	4544 2048
4
	5088 2016
	5216 2016
	5216 2048
	5088 2048
4
	5600 2016
	5728 2016
	5728 2048
	5600 2048
4
	6112 2016
	6176 2016
	6176 2048
	6112 2048
4
	0 2048
	3296 2048
	3296 2080
	0 2080
4
	3424 2048
	5728 2048
	5728 2080
	3424 2080
4
	6112 2048
	6176 2048
	6176 2080
	6112 2080
4
	0 2080
	3296 2080
	3296 2112
	0 2112
4
	3424 2080
	5728 2080
	5728 2112
	3424 2112
4
	6112 2080
	6176 2080
	6176 2112
	6112 2112
4
	0 2112
	3296 2112
	3296 2144
	0 2144
4
	3424 2112
	5696 2112
	5696 2144
	3424 2144
4
	6112 2112
	6176 2112
	6176 2144
	6112 2144
4
	0 2144
	3104 2144
	3104 2176
	0 2176
4
	3584 2144
	5696 2144
	5696 2176
	3584 2176
4
	6144 2144
	6176 2144
	6176 2176
	6144 2176
4
	0 2176
	3104 2176
	3104 2208
	0 2208
4
	3584 2176
	5696 2176
	5696 2208
	3584 2208
4
	6144 2176
	6176 2176
	6176 2208
	6144 2208
4
	0 2208
	3104 2208
	3104 2240
	0 2240
4
	3584 2208
	5696 2208
	5696 2240
	3584 2240
4
	6144 2208
	6176 2208
	6176 2240
	6144 2240
4
	0 2240
	3104 2240
	3104 2272
	0 2272
4
	3584 2240
	5696 2240
	5696 2272
	3584 2272
4
	6144 2240
	6176 2240
	6176 2272
	6144 2272
4
	0 2272
	3104 2272
	3104 2304
	0 2304
4
	3584 2272
	5696 2272
	5696 2304
	3584 2304
4
	6144 2272
	6176 2272
	6176 2304
	6144 2304
4
	0 2304
	3104 2304
	3104 2336
	0 2336
4
	3584 2304
	5696 2304
	5696 2336
	3584 2336
4
	6144 2304
	6176 2304
	6176 2336
	6144 2336
4
	0 2336
	3104 2336
	3104 2368
	0 2368
4
	3584 2336
	5696 2336
	5696 2368
	3584 2368
4
	6144 2336
	6176 2336
	6176 2368
	6144 2368
4
	0 2368
	3104 2368
	3104 2400
	0 2400
4
	3584 2368
	5696 2368
	5696 2400
	3584 2400
4
	6144 2368
	6176 2368
	6176 2400
	6144 2400
4
	0 2400
	3104 2400
	3104 2432
	0 2432
4
	3584 2400
	5696 2400
	5696 2432
	3584 2432
4
	6144 2400
	6176 2400
	6176 2432
	6144 2432
4
	0 2432
	3104 2432
	3104 2464
	0 2464
4
	3584 2432
	5696 2432
	5696 2464
	3584 2464
4
	6144 2432
	6176 2432
	6176 2464
	6144 2464
4
	0 2464
	3104 2464
	3104 2496
	0 2496
4
	3584 2464
	5696 2464
	5696 2496
	3584 2496
4
	6144 2464
	6176 2464
	6176 2496
	6144 2496
4
	0 2496
	3136 2496
	3136 2528
	0 2528
4
	3552 2496
	5696 2496
	5696 2528
	3552 2528
4
	6144 2496
	6176 2496
	6176 2528
	6144 2528
4
	0 2528
	3296 2528
	3296 2560
	0 2560
4
	3424 2528
	5728 2528
	5728 2560
	3424 2560
4
	6112 2528
	6176 2528
	6176 2560
	6112 2560
4
	0 2560
	3296 2560
	3296 2592
	0 2592
4
	3424 2560
	5728 2560
	5728 2592
	3424 2592
4
	6112 2560
	6176 2560
	6176 2592
	6112 2592
4
	0 2592
	672 2592
	672 2624
	0 2624
4
	704 2592
	832 2592
	832 2624
	704 2624
4
	896 2592
	3296 2592
	3296 2624
	896 2624
4
	3424 2592
	5728 2592
	5728 2624
	3424 2624
4
	6112 2592
	6176 2592
	6176 2624
	6112 2624
4
	0 2624
	576 2624
	576 2656
	0 2656
4
	896 2624
	2624 2624
	2624 2656
	896 2656
4
	2656 2624
	3136 2624
	3136 2656
	2656 2656
4
	3168 2624
	3296 2624
	3296 2656
	3168 2656
4
	3424 2624
	3648 2624
	3648 2656
	3424 2656
4
	4064 2624
	5216 2624
	5216 2656
	4064 2656
4
	5280 2624
	5696 2624
	5696 2656
	5280 2656
4
	6112 2624
	6176 2624
	6176 2656
	6112 2656
4
	0 2656
	576 2656
	576 2688
	0 2688
4
	1056 2656
	2624 2656
	2624 2688
	1056 2688
4
	2912 2656
	3072 2656
	3072 2688
	2912 2688
4
	4096 2656
	5184 2656
	5184 2688
	4096 2688
4
	5280 2656
	5696 2656
	5696 2688
	5280 2688
4
	6144 2656
	6176 2656
	6176 2688
	6144 2688
4
	0 2688
	576 2688
	576 2720
	0 2720
4
	1056 2688
	2624 2688
	2624 2720
	1056 2720
4
	2944 2688
	3072 2688
	3072 2720
	2944 2720
4
	4096 2688
	5216 2688
	5216 2720
	4096 2720
4
	5408 2688
	5664 2688
	5664 2720
	5408 2720
4
	6144 2688
	6176 2688
	6176 2720
	6144 2720
4
	0 2720
	576 2720
	576 2752
	0 2752
4
	1056 2720
	1568 2720
	1568 2752
	1056 2752
4
	1664 2720
	2624 2720
	2624 2752
	1664 2752
4
	2944 2720
	3072 2720
	3072 2752
	2944 2752
4
	4096 2720
	5216 2720
	5216 2752
	4096 2752
4
	5408 2720
	5664 2720
	5664 2752
	5408 2752
4
	6144 2720
	6176 2720
	6176 2752
	6144 2752
4
	0 2752
	576 2752
	576 2784
	0 2784
4
	1728 2752
	2624 2752
	2624 2784
	1728 2784
4
	2944 2752
	3040 2752
	3040 2784
	2944 2784
4
	4096 2752
	5216 2752
	5216 2784
	4096 2784
4
	5408 2752
	5664 2752
	5664 2784
	5408 2784
4
	6144 2752
	6176 2752
	6176 2784
	6144 2784
4
	0 2784
	576 2784
	576 2816
	0 2816
4
	1792 2784
	2624 2784
	2624 2816
	1792 2816
4
	2944 2784
	3040 2784
	3040 2816
	2944 2816
4
	4096 2784
	5216 2784
	5216 2816
	4096 2816
4
	5440 2784
	5664 2784
	5664 2816
	5440 2816
4
	6080 2784
	6176 2784
	6176 2816
	6080 2816
4
	0 2816
	640 2816
	640 2848
	0 2848
4
	1792 2816
	2624 2816
	2624 2848
	1792 2848
4
	2976 2816
	3040 2816
	3040 2848
	2976 2848
4
	4096 2816
	5248 2816
	5248 2848
	4096 2848
4
	5440 2816
	5696 2816
	5696 2848
	5440 2848
4
	6080 2816
	6176 2816
	6176 2848
	6080 2848
4
	0 2848
	640 2848
	640 2880
	0 2880
4
	1824 2848
	2624 2848
	2624 2880
	1824 2880
4
	4096 2848
	5248 2848
	5248 2880
	4096 2880
4
	5440 2848
	5696 2848
	5696 2880
	5440 2880
4
	6080 2848
	6176 2848
	6176 2880
	6080 2880
4
	0 2880
	640 2880
	640 2912
	0 2912
4
	1792 2880
	2624 2880
	2624 2912
	1792 2912
4
	4096 2880
	5248 2880
	5248 2912
	4096 2912
4
	5472 2880
	5696 2880
	5696 2912
	5472 2912
4
	6112 2880
	6176 2880
	6176 2912
	6112 2912
4
	0 2912
	640 2912
	640 2944
	0 2944
4
	1792 2912
	2624 2912
	2624 2944
	1792 2944
4
	4096 2912
	5248 2912
	5248 2944
	4096 2944
4
	5472 2912
	5600 2912
	5600 2944
	5472 2944
4
	5632 2912
	5664 2912
	5664 2944
	5632 2944
4
	6144 2912
	6176 2912
	6176 2944
	6144 2944
4
	0 2944
	640 2944
	640 2976
	0 2976
4
	1792 2944
	2624 2944
	2624 2976
	1792 2976
4
	3584 2944
	3616 2944
	3616 2976
	3584 2976
4
	4096 2944
	5216 2944
	5216 2976
	4096 2976
4
	5472 2944
	5600 2944
	5600 2976
	5472 2976
4
	5632 2944
	5664 2944
	5664 2976
	5632 2976
4
	6144 2944
	6176 2944
	6176 2976
	6144 2976
4
	0 2976
	640 2976
	640 3008
	0 3008
4
	1376 2976
	1408 2976
	1408 3008
	1376 3008
4
	1792 2976
	2624 2976
	2624 3008
	1792 3008
4
	3488 2976
	3616 2976
	3616 3008
	3488 3008
4
	4096 2976
	5216 2976
	5216 3008
	4096 3008
4
	5472 2976
	5600 2976
	5600 3008
	5472 3008
4
	5632 2976
	5664 2976
	5664 3008
	5632 3008
4
	6144 2976
	6176 2976
	6176 3008
	6144 3008
4
	0 3008
	640 3008
	640 3040
	0 3040
4
	992 3008
	1088 3008
	1088 3040
	992 3040
4
	1344 3008
	1408 3008
	1408 3040
	1344 3040
4
	1440 3008
	1600 3008
	1600 3040
	1440 3040
4
	1792 3008
	2624 3008
	2624 3040
	1792 3040
4
	3488 3008
	3616 3008
	3616 3040
	3488 3040
4
	4064 3008
	5216 3008
	5216 3040
	4064 3040
4
	5632 3008
	5664 3008
	5664 3040
	5632 3040
4
	6144 3008
	6176 3008
	6176 3040
	6144 3040
4
	0 3040
	640 3040
	640 3072
	0 3072
4
	960 3040
	1632 3040
	1632 3072
	960 3072
4
	1824 3040
	2656 3040
	2656 3072
	1824 3072
4
	3488 3040
	3616 3040
	3616 3072
	3488 3072
4
	4032 3040
	5216 3040
	5216 3072
	4032 3072
4
	5600 3040
	5728 3040
	5728 3072
	5600 3072
4
	6112 3040
	6176 3040
	6176 3072
	6112 3072
4
	0 3072
	704 3072
	704 3104
	0 3104
4
	960 3072
	1632 3072
	1632 3104
	960 3104
4
	1824 3072
	2656 3072
	2656 3104
	1824 3104
4
	3488 3072
	3616 3072
	3616 3104
	3488 3104
4
	4032 3072
	5216 3072
	5216 3104
	4032 3104
4
	5568 3072
	5728 3072
	5728 3104
	5568 3104
4
	6112 3072
	6176 3072
	6176 3104
	6112 3104
4
	0 3104
	704 3104
	704 3136
	0 3136
4
	960 3104
	1120 3104
	1120 3136
	960 3136
4
	1216 3104
	1344 3104
	1344 3136
	1216 3136
4
	1408 3104
	1632 3104
	1632 3136
	1408 3136
4
	1824 3104
	2656 3104
	2656 3136
	1824 3136
4
	3552 3104
	3616 3104
	3616 3136
	3552 3136
4
	4032 3104
	4800 3104
	4800 3136
	4032 3136
4
	4960 3104
	5216 3104
	5216 3136
	4960 3136
4
	5568 3104
	5728 3104
	5728 3136
	5568 3136
4
	6112 3104
	6176 3104
	6176 3136
	6112 3136
4
	0 3136
	704 3136
	704 3168
	0 3168
4
	992 3136
	1184 3136
	1184 3168
	992 3168
4
	1216 3136
	1248 3136
	1248 3168
	1216 3168
4
	1408 3136
	1600 3136
	1600 3168
	1408 3168
4
	1824 3136
	2112 3136
	2112 3168
	1824 3168
4
	2528 3136
	2656 3136
	2656 3168
	2528 3168
4
	3552 3136
	3616 3136
	3616 3168
	3552 3168
4
	4064 3136
	4800 3136
	4800 3168
	4064 3168
4
	4960 3136
	5184 3136
	5184 3168
	4960 3168
4
	5568 3136
	5696 3136
	5696 3168
	5568 3168
4
	6112 3136
	6176 3136
	6176 3168
	6112 3168
4
	0 3168
	704 3168
	704 3200
	0 3200
4
	1056 3168
	1184 3168
	1184 3200
	1056 3200
4
	1824 3168
	1952 3168
	1952 3200
	1824 3200
4
	2016 3168
	2144 3168
	2144 3200
	2016 3200
4
	2528 3168
	2656 3168
	2656 3200
	2528 3200
4
	3552 3168
	3616 3168
	3616 3200
	3552 3200
4
	4064 3168
	4640 3168
	4640 3200
	4064 3200
4
	5568 3168
	5728 3168
	5728 3200
	5568 3200
4
	6144 3168
	6176 3168
	6176 3200
	6144 3200
4
	0 3200
	704 3200
	704 3232
	0 3232
4
	1024 3200
	1184 3200
	1184 3232
	1024 3232
4
	2016 3200
	2144 3200
	2144 3232
	2016 3232
4
	2528 3200
	2656 3200
	2656 3232
	2528 3232
4
	3552 3200
	3616 3200
	3616 3232
	3552 3232
4
	4064 3200
	4640 3200
	4640 3232
	4064 3232
4
	5568 3200
	5728 3200
	5728 3232
	5568 3232
4
	6144 3200
	6176 3200
	6176 3232
	6144 3232
4
	0 3232
	544 3232
	544 3264
	0 3264
4
	576 3232
	704 3232
	704 3264
	576 3264
4
	992 3232
	1088 3232
	1088 3264
	992 3264
4
	2016 3232
	2144 3232
	2144 3264
	2016 3264
4
	2528 3232
	2656 3232
	2656 3264
	2528 3264
4
	3552 3232
	3616 3232
	3616 3264
	3552 3264
4
	4000 3232
	4640 3232
	4640 3264
	4000 3264
4
	5568 3232
	5728 3232
	5728 3264
	5568 3264
4
	6144 3232
	6176 3232
	6176 3264
	6144 3264
4
	0 3264
	544 3264
	544 3296
	0 3296
4
	576 3264
	704 3264
	704 3296
	576 3296
4
	992 3264
	1088 3264
	1088 3296
	992 3296
4
	2016 3264
	2144 3264
	2144 3296
	2016 3296
4
	2528 3264
	2656 3264
	2656 3296
	2528 3296
4
	3552 3264
	3616 3264
	3616 3296
	3552 3296
4
	3872 3264
	4640 3264
	4640 3296
	3872 3296
4
	5568 3264
	5728 3264
	5728 3296
	5568 3296
4
	6144 3264
	6176 3264
	6176 3296
	6144 3296
4
	0 3296
	544 3296
	544 3328
	0 3328
4
	576 3296
	704 3296
	704 3328
	576 3328
4
	992 3296
	1088 3296
	1088 3328
	992 3328
4
	3552 3296
	3616 3296
	3616 3328
	3552 3328
4
	3872 3296
	4640 3296
	4640 3328
	3872 3328
4
	6144 3296
	6176 3296
	6176 3328
	6144 3328
4
	0 3328
	544 3328
	544 3360
	0 3360
4
	576 3328
	704 3328
	704 3360
	576 3360
4
	992 3328
	1088 3328
	1088 3360
	992 3360
4
	3552 3328
	3616 3328
	3616 3360
	3552 3360
4
	3872 3328
	4640 3328
	4640 3360
	3872 3360
4
	6144 3328
	6176 3328
	6176 3360
	6144 3360
4
	0 3360
	544 3360
	544 3392
	0 3392
4
	576 3360
	704 3360
	704 3392
	576 3392
4
	1024 3360
	1056 3360
	1056 3392
	1024 3392
4
	3552 3360
	3616 3360
	3616 3392
	3552 3392
4
	4032 3360
	4640 3360
	4640 3392
	4032 3392
4
	6144 3360
	6176 3360
	6176 3392
	6144 3392
4
	0 3392
	544 3392
	544 3424
	0 3424
4
	576 3392
	704 3392
	704 3424
	576 3424
4
	1024 3392
	1056 3392
	1056 3424
	1024 3424
4
	3552 3392
	3616 3392
	3616 3424
	3552 3424
4
	4096 3392
	4640 3392
	4640 3424
	4096 3424
4
	4768 3392
	4832 3392
	4832 3424
	4768 3424
4
	6144 3392
	6176 3392
	6176 3424
	6144 3424
4
	0 3424
	544 3424
	544 3456
	0 3456
4
	608 3424
	672 3424
	672 3456
	608 3456
4
	1024 3424
	1056 3424
	1056 3456
	1024 3456
4
	2016 3424
	2144 3424
	2144 3456
	2016 3456
4
	2528 3424
	2656 3424
	2656 3456
	2528 3456
4
	3552 3424
	3616 3424
	3616 3456
	3552 3456
4
	4096 3424
	4640 3424
	4640 3456
	4096 3456
4
	4768 3424
	4832 3424
	4832 3456
	4768 3456
4
	5600 3424
	5728 3424
	5728 3456
	5600 3456
4
	6144 3424
	6176 3424
	6176 3456
	6144 3456
4
	0 3456
	576 3456
	576 3488
	0 3488
4
	2016 3456
	2144 3456
	2144 3488
	2016 3488
4
	2528 3456
	2656 3456
	2656 3488
	2528 3488
4
	3552 3456
	3616 3456
	3616 3488
	3552 3488
4
	4096 3456
	4640 3456
	4640 3488
	4096 3488
4
	4704 3456
	5408 3456
	5408 3488
	4704 3488
4
	5600 3456
	5728 3456
	5728 3488
	5600 3488
4
	6144 3456
	6176 3456
	6176 3488
	6144 3488
4
	0 3488
	576 3488
	576 3520
	0 3520
4
	2016 3488
	2144 3488
	2144 3520
	2016 3520
4
	2528 3488
	2656 3488
	2656 3520
	2528 3520
4
	3552 3488
	3616 3488
	3616 3520
	3552 3520
4
	4096 3488
	4640 3488
	4640 3520
	4096 3520
4
	4704 3488
	5408 3488
	5408 3520
	4704 3520
4
	5600 3488
	5728 3488
	5728 3520
	5600 3520
4
	6144 3488
	6176 3488
	6176 3520
	6144 3520
4
	0 3520
	576 3520
	576 3552
	0 3552
4
	992 3520
	1088 3520
	1088 3552
	992 3552
4
	1504 3520
	1600 3520
	1600 3552
	1504 3552
4
	2016 3520
	2112 3520
	2112 3552
	2016 3552
4
	2528 3520
	2656 3520
	2656 3552
	2528 3552
4
	3552 3520
	3616 3520
	3616 3552
	3552 3552
4
	4096 3520
	4640 3520
	4640 3552
	4096 3552
4
	4704 3520
	5408 3520
	5408 3552
	4704 3552
4
	5600 3520
	5696 3520
	5696 3552
	5600 3552
4
	6144 3520
	6176 3520
	6176 3552
	6144 3552
4
	0 3552
	608 3552
	608 3584
	0 3584
4
	960 3552
	1216 3552
	1216 3584
	960 3584
4
	1408 3552
	1632 3552
	1632 3584
	1408 3584
4
	1984 3552
	2144 3552
	2144 3584
	1984 3584
4
	2496 3552
	2656 3552
	2656 3584
	2496 3584
4
	3552 3552
	3616 3552
	3616 3584
	3552 3584
4
	4064 3552
	5728 3552
	5728 3584
	4064 3584
4
	6112 3552
	6176 3552
	6176 3584
	6112 3584
4
	0 3584
	608 3584
	608 3616
	0 3616
4
	960 3584
	1376 3584
	1376 3616
	960 3616
4
	1408 3584
	1632 3584
	1632 3616
	1408 3616
4
	1984 3584
	2688 3584
	2688 3616
	1984 3616
4
	2816 3584
	2848 3584
	2848 3616
	2816 3616
4
	2976 3584
	3200 3584
	3200 3616
	2976 3616
4
	3328 3584
	3360 3584
	3360 3616
	3328 3616
4
	3488 3584
	3680 3584
	3680 3616
	3488 3616
4
	4032 3584
	5728 3584
	5728 3616
	4032 3616
4
	6112 3584
	6176 3584
	6176 3616
	6112 3616
4
	0 3616
	608 3616
	608 3648
	0 3648
4
	960 3616
	1376 3616
	1376 3648
	960 3648
4
	1408 3616
	1632 3616
	1632 3648
	1408 3648
4
	1984 3616
	3680 3616
	3680 3648
	1984 3648
4
	4032 3616
	5728 3616
	5728 3648
	4032 3648
4
	6112 3616
	6176 3616
	6176 3648
	6112 3648
4
	0 3648
	576 3648
	576 3680
	0 3680
4
	992 3648
	1600 3648
	1600 3680
	992 3680
4
	1920 3648
	3680 3648
	3680 3680
	1920 3680
4
	4064 3648
	5696 3648
	5696 3680
	4064 3680
4
	6112 3648
	6176 3648
	6176 3680
	6112 3680
4
	0 3680
	576 3680
	576 3712
	0 3712
4
	1056 3680
	1568 3680
	1568 3712
	1056 3712
4
	1920 3680
	2944 3680
	2944 3712
	1920 3712
4
	3040 3680
	3136 3680
	3136 3712
	3040 3712
4
	3264 3680
	3424 3680
	3424 3712
	3264 3712
4
	3488 3680
	3648 3680
	3648 3712
	3488 3712
4
	4096 3680
	5664 3680
	5664 3712
	4096 3712
4
	6144 3680
	6176 3680
	6176 3712
	6144 3712
4
	0 3712
	672 3712
	672 3744
	0 3744
4
	1056 3712
	1568 3712
	1568 3744
	1056 3744
4
	2016 3712
	2944 3712
	2944 3744
	2016 3744
4
	3296 3712
	3424 3712
	3424 3744
	3296 3744
4
	3488 3712
	3584 3712
	3584 3744
	3488 3744
4
	4096 3712
	5664 3712
	5664 3744
	4096 3744
4
	6144 3712
	6176 3712
	6176 3744
	6144 3744
4
	0 3744
	672 3744
	672 3776
	0 3776
4
	1056 3744
	1568 3744
	1568 3776
	1056 3776
4
	1952 3744
	2944 3744
	2944 3776
	1952 3776
4
	4096 3744
	5664 3744
	5664 3776
	4096 3776
4
	6144 3744
	6176 3744
	6176 3776
	6144 3776
4
	0 3776
	672 3776
	672 3808
	0 3808
4
	1888 3776
	2912 3776
	2912 3808
	1888 3808
4
	4096 3776
	5664 3776
	5664 3808
	4096 3808
4
	6144 3776
	6176 3776
	6176 3808
	6144 3808
4
	0 3808
	672 3808
	672 3840
	0 3840
4
	1824 3808
	2912 3808
	2912 3840
	1824 3840
4
	4096 3808
	5664 3808
	5664 3840
	4096 3840
4
	6048 3808
	6176 3808
	6176 3840
	6048 3840
4
	0 3840
	672 3840
	672 3872
	0 3872
4
	1792 3840
	2912 3840
	2912 3872
	1792 3872
4
	4096 3840
	5664 3840
	5664 3872
	4096 3872
4
	6048 3840
	6176 3840
	6176 3872
	6048 3872
4
	0 3872
	704 3872
	704 3904
	0 3904
4
	1728 3872
	2912 3872
	2912 3904
	1728 3904
4
	4064 3872
	5664 3872
	5664 3904
	4064 3904
4
	6048 3872
	6176 3872
	6176 3904
	6048 3904
4
	0 3904
	992 3904
	992 3936
	0 3936
4
	1664 3904
	2912 3904
	2912 3936
	1664 3936
4
	4064 3904
	5664 3904
	5664 3936
	4064 3936
4
	6048 3904
	6176 3904
	6176 3936
	6048 3936
4
	0 3936
	992 3936
	992 3968
	0 3968
4
	1632 3936
	2912 3936
	2912 3968
	1632 3968
4
	4064 3936
	5664 3936
	5664 3968
	4064 3968
4
	6144 3936
	6176 3936
	6176 3968
	6144 3968
4
	0 3968
	992 3968
	992 4000
	0 4000
4
	1120 3968
	1152 3968
	1152 4000
	1120 4000
4
	1568 3968
	2944 3968
	2944 4000
	1568 4000
4
	3584 3968
	3648 3968
	3648 4000
	3584 4000
4
	4064 3968
	5664 3968
	5664 4000
	4064 4000
4
	6144 3968
	6176 3968
	6176 4000
	6144 4000
4
	0 4000
	1184 4000
	1184 4032
	0 4032
4
	1440 4000
	2944 4000
	2944 4032
	1440 4032
4
	3552 4000
	3648 4000
	3648 4032
	3552 4032
4
	4064 4000
	5664 4000
	5664 4032
	4064 4032
4
	6144 4000
	6176 4000
	6176 4032
	6144 4032
4
	0 4032
	1216 4032
	1216 4064
	0 4064
4
	1440 4032
	2944 4032
	2944 4064
	1440 4064
4
	3040 4032
	3136 4032
	3136 4064
	3040 4064
4
	3552 4032
	3680 4032
	3680 4064
	3552 4064
4
	4032 4032
	5664 4032
	5664 4064
	4032 4064
4
	6144 4032
	6176 4032
	6176 4064
	6144 4064
4
	0 4064
	1248 4064
	1248 4096
	0 4096
4
	1376 4064
	2912 4064
	2912 4096
	1376 4096
4
	3008 4064
	3168 4064
	3168 4096
	3008 4096
4
	3520 4064
	3680 4064
	3680 4096
	3520 4096
4
	3936 4064
	5728 4064
	5728 4096
	3936 4096
4
	6112 4064
	6176 4064
	6176 4096
	6112 4096
4
	0 4096
	1248 4096
	1248 4128
	0 4128
4
	1376 4096
	5216 4096
	5216 4128
	1376 4128
4
	5280 4096
	5472 4096
	5472 4128
	5280 4128
4
	5600 4096
	5728 4096
	5728 4128
	5600 4128
4
	6112 4096
	6176 4096
	6176 4128
	6112 4128
4
	0 4128
	96 4128
	96 4160
	0 4160
4
	480 4128
	1248 4128
	1248 4160
	480 4160
4
	1376 4128
	5216 4128
	5216 4160
	1376 4160
4
	5280 4128
	5472 4128
	5472 4160
	5280 4160
4
	5600 4128
	5728 4128
	5728 4160
	5600 4160
4
	6112 4128
	6176 4128
	6176 4160
	6112 4160
4
	0 4160
	64 4160
	64 4192
	0 4192
4
	480 4160
	576 4160
	576 4192
	480 4192
4
	992 4160
	1248 4160
	1248 4192
	992 4192
4
	1376 4160
	5216 4160
	5216 4192
	1376 4192
4
	5408 4160
	5472 4160
	5472 4192
	5408 4192
4
	5600 4160
	5696 4160
	5696 4192
	5600 4192
4
	6112 4160
	6176 4160
	6176 4192
	6112 4192
4
	0 4192
	32 4192
	32 4224
	0 4224
4
	1536 4192
	5216 4192
	5216 4224
	1536 4224
4
	5632 4192
	5664 4192
	5664 4224
	5632 4224
4
	6144 4192
	6176 4192
	6176 4224
	6144 4224
4
	0 4224
	32 4224
	32 4256
	0 4256
4
	1536 4224
	5216 4224
	5216 4256
	1536 4256
4
	5632 4224
	5664 4224
	5664 4256
	5632 4256
4
	6144 4224
	6176 4224
	6176 4256
	6144 4256
4
	0 4256
	32 4256
	32 4288
	0 4288
4
	1536 4256
	5248 4256
	5248 4288
	1536 4288
4
	5632 4256
	5664 4256
	5664 4288
	5632 4288
4
	6144 4256
	6176 4256
	6176 4288
	6144 4288
4
	0 4288
	32 4288
	32 4320
	0 4320
4
	1536 4288
	5248 4288
	5248 4320
	1536 4320
4
	5600 4288
	5696 4288
	5696 4320
	5600 4320
4
	6144 4288
	6176 4288
	6176 4320
	6144 4320
4
	0 4320
	32 4320
	32 4352
	0 4352
4
	1536 4320
	5248 4320
	5248 4352
	1536 4352
4
	5600 4320
	5696 4320
	5696 4352
	5600 4352
4
	6144 4320
	6176 4320
	6176 4352
	6144 4352
4
	0 4352
	32 4352
	32 4384
	0 4384
4
	1536 4352
	5248 4352
	5248 4384
	1536 4384
4
	5600 4352
	5696 4352
	5696 4384
	5600 4384
4
	6144 4352
	6176 4352
	6176 4384
	6144 4384
4
	0 4384
	32 4384
	32 4416
	0 4416
4
	1536 4384
	5216 4384
	5216 4416
	1536 4416
4
	5536 4384
	5568 4384
	5568 4416
	5536 4416
4
	5632 4384
	5664 4384
	5664 4416
	5632 4416
4
	6144 4384
	6176 4384
	6176 4416
	6144 4416
4
	0 4416
	32 4416
	32 4448
	0 4448
4
	1536 4416
	5216 4416
	5216 4448
	1536 4448
4
	5472 4416
	5600 4416
	5600 4448
	5472 4448
4
	5632 4416
	5664 4416
	5664 4448
	5632 4448
4
	6144 4416
	6176 4416
	6176 4448
	6144 4448
4
	0 4448
	32 4448
	32 4480
	0 4480
4
	1536 4448
	5216 4448
	5216 4480
	1536 4480
4
	5472 4448
	5600 4448
	5600 4480
	5472 4480
4
	5632 4448
	5664 4448
	5664 4480
	5632 4480
4
	6144 4448
	6176 4448
	6176 4480
	6144 4480
4
	0 4480
	32 4480
	32 4512
	0 4512
4
	1536 4480
	5216 4480
	5216 4512
	1536 4512
4
	5472 4480
	5600 4480
	5600 4512
	5472 4512
4
	5632 4480
	5664 4480
	5664 4512
	5632 4512
4
	6144 4480
	6176 4480
	6176 4512
	6144 4512
4
	0 4512
	32 4512
	32 4544
	0 4544
4
	1536 4512
	5152 4512
	5152 4544
	1536 4544
4
	5472 4512
	5696 4512
	5696 4544
	5472 4544
4
	6144 4512
	6176 4512
	6176 4544
	6144 4544
4
	0 4544
	32 4544
	32 4576
	0 4576
4
	1536 4544
	5152 4544
	5152 4576
	1536 4576
4
	5472 4544
	5696 4544
	5696 4576
	5472 4576
4
	6144 4544
	6176 4544
	6176 4576
	6144 4576
4
	0 4576
	96 4576
	96 4608
	0 4608
4
	480 4576
	608 4576
	608 4608
	480 4608
4
	992 4576
	1120 4576
	1120 4608
	992 4608
4
	1504 4576
	5152 4576
	5152 4608
	1504 4608
4
	5472 4576
	5728 4576
	5728 4608
	5472 4608
4
	6112 4576
	6176 4576
	6176 4608
	6112 4608
4
	0 4608
	96 4608
	96 4640
	0 4640
4
	480 4608
	5152 4608
	5152 4640
	480 4640
4
	5472 4608
	5728 4608
	5728 4640
	5472 4640
4
	6112 4608
	6176 4608
	6176 4640
	6112 4640
4
	0 4640
	96 4640
	96 4672
	0 4672
4
	480 4640
	5152 4640
	5152 4672
	480 4672
4
	5472 4640
	5728 4640
	5728 4672
	5472 4672
4
	6112 4640
	6176 4640
	6176 4672
	6112 4672
4
	0 4672
	64 4672
	64 4704
	0 4704
4
	480 4672
	5152 4672
	5152 4704
	480 4704
4
	5472 4672
	5696 4672
	5696 4704
	5472 4704
4
	6112 4672
	6176 4672
	6176 4704
	6112 4704
4
	0 4704
	32 4704
	32 4736
	0 4736
4
	512 4704
	5152 4704
	5152 4736
	512 4736
4
	5472 4704
	5728 4704
	5728 4736
	5472 4736
4
	6144 4704
	6176 4704
	6176 4736
	6144 4736
4
	0 4736
	32 4736
	32 4768
	0 4768
4
	512 4736
	5152 4736
	5152 4768
	512 4768
4
	5472 4736
	5728 4736
	5728 4768
	5472 4768
4
	6144 4736
	6176 4736
	6176 4768
	6144 4768
4
	0 4768
	32 4768
	32 4800
	0 4800
4
	512 4768
	5152 4768
	5152 4800
	512 4800
4
	5600 4768
	5728 4768
	5728 4800
	5600 4800
4
	6144 4768
	6176 4768
	6176 4800
	6144 4800
4
	0 4800
	32 4800
	32 4832
	0 4832
4
	512 4800
	5216 4800
	5216 4832
	512 4832
4
	5600 4800
	5728 4800
	5728 4832
	5600 4832
4
	6144 4800
	6176 4800
	6176 4832
	6144 4832
4
	0 4832
	32 4832
	32 4864
	0 4864
4
	512 4832
	5216 4832
	5216 4864
	512 4864
4
	6048 4832
	6176 4832
	6176 4864
	6048 4864
4
	0 4864
	32 4864
	32 4896
	0 4896
4
	512 4864
	5216 4864
	5216 4896
	512 4896
4
	6048 4864
	6176 4864
	6176 4896
	6048 4896
4
	0 4896
	32 4896
	32 4928
	0 4928
4
	512 4896
	5216 4896
	5216 4928
	512 4928
4
	6048 4896
	6176 4896
	6176 4928
	6048 4928
4
	0 4928
	32 4928
	32 4960
	0 4960
4
	512 4928
	5216 4928
	5216 4960
	512 4960
4
	6048 4928
	6176 4928
	6176 4960
	6048 4960
4
	0 4960
	32 4960
	32 4992
	0 4992
4
	512 4960
	5216 4960
	5216 4992
	512 4992
4
	5600 4960
	5728 4960
	5728 4992
	5600 4992
4
	6144 4960
	6176 4960
	6176 4992
	6144 4992
4
	0 4992
	32 4992
	32 5024
	0 5024
4
	512 4992
	5216 4992
	5216 5024
	512 5024
4
	5600 4992
	5728 4992
	5728 5024
	5600 5024
4
	6144 4992
	6176 4992
	6176 5024
	6144 5024
4
	0 5024
	32 5024
	32 5056
	0 5056
4
	512 5024
	5216 5024
	5216 5056
	512 5056
4
	5600 5024
	5728 5024
	5728 5056
	5600 5056
4
	6144 5024
	6176 5024
	6176 5056
	6144 5056
4
	0 5056
	32 5056
	32 5088
	0 5088
4
	512 5056
	5216 5056
	5216 5088
	512 5088
4
	5376 5056
	5696 5056
	5696 5088
	5376 5088
4
	6144 5056
	6176 5056
	6176 5088
	6144 5088
4
	0 5088
	96 5088
	96 5120
	0 5120
4
	480 5088
	5728 5088
	5728 5120
	480 5120
4
	6112 5088
	6176 5088
	6176 5120
	6112 5120
4
	0 5120
	96 5120
	96 5152
	0 5152
4
	448 5120
	5728 5120
	5728 5152
	448 5152
4
	6112 5120
	6176 5120
	6176 5152
	6112 5152
4
	0 5152
	96 5152
	96 5184
	0 5184
4
	448 5152
	608 5152
	608 5184
	448 5184
4
	992 5152
	3328 5152
	3328 5184
	992 5184
4
	3488 5152
	5728 5152
	5728 5184
	3488 5184
4
	6112 5152
	6176 5152
	6176 5184
	6112 5184
4
	0 5184
	64 5184
	64 5216
	0 5216
4
	480 5184
	576 5184
	576 5216
	480 5216
4
	992 5184
	3328 5184
	3328 5216
	992 5216
4
	3488 5184
	5696 5184
	5696 5216
	3488 5216
4
	6112 5184
	6176 5184
	6176 5216
	6112 5216
4
	0 5216
	32 5216
	32 5248
	0 5248
4
	480 5216
	576 5216
	576 5248
	480 5248
4
	1056 5216
	3328 5216
	3328 5248
	1056 5248
4
	3488 5216
	5664 5216
	5664 5248
	3488 5248
4
	6144 5216
	6176 5216
	6176 5248
	6144 5248
4
	0 5248
	32 5248
	32 5280
	0 5280
4
	480 5248
	576 5248
	576 5280
	480 5280
4
	1056 5248
	3328 5248
	3328 5280
	1056 5280
4
	3488 5248
	5664 5248
	5664 5280
	3488 5280
4
	6144 5248
	6176 5248
	6176 5280
	6144 5280
4
	0 5280
	32 5280
	32 5312
	0 5312
4
	480 5280
	576 5280
	576 5312
	480 5312
4
	1056 5280
	3328 5280
	3328 5312
	1056 5312
4
	3488 5280
	5664 5280
	5664 5312
	3488 5312
4
	6144 5280
	6176 5280
	6176 5312
	6144 5312
4
	0 5312
	32 5312
	32 5344
	0 5344
4
	480 5312
	576 5312
	576 5344
	480 5344
4
	1056 5312
	3328 5312
	3328 5344
	1056 5344
4
	3488 5312
	5664 5312
	5664 5344
	3488 5344
4
	6144 5312
	6176 5312
	6176 5344
	6144 5344
4
	0 5344
	32 5344
	32 5376
	0 5376
4
	480 5344
	576 5344
	576 5376
	480 5376
4
	1056 5344
	3328 5344
	3328 5376
	1056 5376
4
	3776 5344
	5664 5344
	5664 5376
	3776 5376
4
	6144 5344
	6176 5344
	6176 5376
	6144 5376
4
	0 5376
	32 5376
	32 5408
	0 5408
4
	480 5376
	576 5376
	576 5408
	480 5408
4
	1056 5376
	3328 5376
	3328 5408
	1056 5408
4
	3840 5376
	5664 5376
	5664 5408
	3840 5408
4
	6144 5376
	6176 5376
	6176 5408
	6144 5408
4
	0 5408
	32 5408
	32 5440
	0 5440
4
	480 5408
	576 5408
	576 5440
	480 5440
4
	1056 5408
	3328 5408
	3328 5440
	1056 5440
4
	3904 5408
	5664 5408
	5664 5440
	3904 5440
4
	6144 5408
	6176 5408
	6176 5440
	6144 5440
4
	0 5440
	32 5440
	32 5472
	0 5472
4
	480 5440
	576 5440
	576 5472
	480 5472
4
	1056 5440
	3328 5440
	3328 5472
	1056 5472
4
	3936 5440
	5664 5440
	5664 5472
	3936 5472
4
	6144 5440
	6176 5440
	6176 5472
	6144 5472
4
	0 5472
	32 5472
	32 5504
	0 5504
4
	480 5472
	576 5472
	576 5504
	480 5504
4
	1056 5472
	3328 5472
	3328 5504
	1056 5504
4
	3424 5472
	3456 5472
	3456 5504
	3424 5504
4
	3936 5472
	5664 5472
	5664 5504
	3936 5504
4
	6144 5472
	6176 5472
	6176 5504
	6144 5504
4
	0 5504
	32 5504
	32 5536
	0 5536
4
	480 5504
	576 5504
	576 5536
	480 5536
4
	1056 5504
	3360 5504
	3360 5536
	1056 5536
4
	3936 5504
	5664 5504
	5664 5536
	3936 5536
4
	6144 5504
	6176 5504
	6176 5536
	6144 5536
4
	0 5536
	32 5536
	32 5568
	0 5568
4
	480 5536
	576 5536
	576 5568
	480 5568
4
	1056 5536
	3328 5536
	3328 5568
	1056 5568
4
	3680 5536
	3712 5536
	3712 5568
	3680 5568
4
	3936 5536
	5792 5536
	5792 5568
	3936 5568
4
	6016 5536
	6112 5536
	6112 5568
	6016 5568
4
	6144 5536
	6176 5536
	6176 5568
	6144 5568
4
	0 5568
	32 5568
	32 5600
	0 5600
4
	480 5568
	576 5568
	576 5600
	480 5600
4
	1056 5568
	3328 5568
	3328 5600
	1056 5600
4
	3648 5568
	3712 5568
	3712 5600
	3648 5600
4
	3936 5568
	5792 5568
	5792 5600
	3936 5600
4
	6016 5568
	6112 5568
	6112 5600
	6016 5600
4
	6144 5568
	6176 5568
	6176 5600
	6144 5600
4
	0 5600
	96 5600
	96 5632
	0 5632
4
	480 5600
	704 5600
	704 5632
	480 5632
4
	832 5600
	3328 5600
	3328 5632
	832 5632
4
	3936 5600
	5856 5600
	5856 5632
	3936 5632
4
	5984 5600
	6176 5600
	6176 5632
	5984 5632
4
	0 5632
	96 5632
	96 5664
	0 5664
4
	448 5632
	704 5632
	704 5664
	448 5664
4
	832 5632
	3328 5632
	3328 5664
	832 5664
4
	3936 5632
	5856 5632
	5856 5664
	3936 5664
4
	5984 5632
	6176 5632
	6176 5664
	5984 5664
4
	0 5664
	96 5664
	96 5696
	0 5696
4
	448 5664
	736 5664
	736 5696
	448 5696
4
	832 5664
	1120 5664
	1120 5696
	832 5696
4
	1152 5664
	1408 5664
	1408 5696
	1152 5696
4
	1632 5664
	1760 5664
	1760 5696
	1632 5696
4
	1856 5664
	3296 5664
	3296 5696
	1856 5696
4
	3936 5664
	5856 5664
	5856 5696
	3936 5696
4
	5984 5664
	6176 5664
	6176 5696
	5984 5696
4
	0 5696
	64 5696
	64 5728
	0 5728
4
	480 5696
	736 5696
	736 5728
	480 5728
4
	992 5696
	1088 5696
	1088 5728
	992 5728
4
	1152 5696
	1472 5696
	1472 5728
	1152 5728
4
	1632 5696
	1792 5696
	1792 5728
	1632 5728
4
	1856 5696
	3296 5696
	3296 5728
	1856 5728
4
	3936 5696
	5856 5696
	5856 5728
	3936 5728
4
	5984 5696
	6176 5696
	6176 5728
	5984 5728
4
	0 5728
	32 5728
	32 5760
	0 5760
4
	480 5728
	736 5728
	736 5760
	480 5760
4
	1152 5728
	1312 5728
	1312 5760
	1152 5760
4
	1344 5728
	1472 5728
	1472 5760
	1344 5760
4
	1856 5728
	3296 5728
	3296 5760
	1856 5760
4
	3936 5728
	5664 5728
	5664 5760
	3936 5760
4
	6144 5728
	6176 5728
	6176 5760
	6144 5760
4
	0 5760
	32 5760
	32 5792
	0 5792
4
	480 5760
	576 5760
	576 5792
	480 5792
4
	608 5760
	704 5760
	704 5792
	608 5792
4
	1152 5760
	1280 5760
	1280 5792
	1152 5792
4
	1344 5760
	1472 5760
	1472 5792
	1344 5792
4
	1856 5760
	3296 5760
	3296 5792
	1856 5792
4
	3936 5760
	5664 5760
	5664 5792
	3936 5792
4
	6144 5760
	6176 5760
	6176 5792
	6144 5792
4
	0 5792
	32 5792
	32 5824
	0 5824
4
	480 5792
	576 5792
	576 5824
	480 5824
4
	1184 5792
	1248 5792
	1248 5824
	1184 5824
4
	1952 5792
	3296 5792
	3296 5824
	1952 5824
4
	3936 5792
	5664 5792
	5664 5824
	3936 5824
4
	6112 5792
	6176 5792
	6176 5824
	6112 5824
4
	0 5824
	32 5824
	32 5856
	0 5856
4
	480 5824
	576 5824
	576 5856
	480 5856
4
	1952 5824
	3296 5824
	3296 5856
	1952 5856
4
	3936 5824
	5664 5824
	5664 5856
	3936 5856
4
	6112 5824
	6176 5824
	6176 5856
	6112 5856
4
	0 5856
	32 5856
	32 5888
	0 5888
4
	1952 5856
	2016 5856
	2016 5888
	1952 5888
4
	2048 5856
	3328 5856
	3328 5888
	2048 5888
4
	3936 5856
	5664 5856
	5664 5888
	3936 5888
4
	6112 5856
	6176 5856
	6176 5888
	6112 5888
4
	0 5888
	32 5888
	32 5920
	0 5920
4
	2048 5888
	3328 5888
	3328 5920
	2048 5920
4
	3456 5888
	3488 5888
	3488 5920
	3456 5920
4
	4096 5888
	5696 5888
	5696 5920
	4096 5920
4
	6112 5888
	6176 5888
	6176 5920
	6112 5920
4
	0 5920
	32 5920
	32 5952
	0 5952
4
	2048 5920
	3328 5920
	3328 5952
	2048 5952
4
	4096 5920
	5664 5920
	5664 5952
	4096 5952
4
	6112 5920
	6176 5920
	6176 5952
	6112 5952
4
	0 5952
	32 5952
	32 5984
	0 5984
4
	2048 5952
	3296 5952
	3296 5984
	2048 5984
4
	4096 5952
	5664 5952
	5664 5984
	4096 5984
4
	6112 5952
	6176 5952
	6176 5984
	6112 5984
4
	0 5984
	32 5984
	32 6016
	0 6016
4
	480 5984
	576 5984
	576 6016
	480 6016
4
	2048 5984
	3104 5984
	3104 6016
	2048 6016
4
	3136 5984
	3264 5984
	3264 6016
	3136 6016
4
	4096 5984
	5664 5984
	5664 6016
	4096 6016
4
	6112 5984
	6176 5984
	6176 6016
	6112 6016
4
	0 6016
	32 6016
	32 6048
	0 6048
4
	480 6016
	640 6016
	640 6048
	480 6048
4
	2048 6016
	3104 6016
	3104 6048
	2048 6048
4
	4096 6016
	5664 6016
	5664 6048
	4096 6048
4
	5728 6016
	5792 6016
	5792 6048
	5728 6048
4
	6144 6016
	6176 6016
	6176 6048
	6144 6048
4
	0 6048
	32 6048
	32 6080
	0 6080
4
	480 6048
	640 6048
	640 6080
	480 6080
4
	1056 6048
	1120 6048
	1120 6080
	1056 6080
4
	2048 6048
	3104 6048
	3104 6080
	2048 6080
4
	4096 6048
	5664 6048
	5664 6080
	4096 6080
4
	5696 6048
	5824 6048
	5824 6080
	5696 6080
4
	6144 6048
	6176 6048
	6176 6080
	6144 6080
4
	0 6080
	32 6080
	32 6112
	0 6112
4
	480 6080
	640 6080
	640 6112
	480 6112
4
	1024 6080
	1184 6080
	1184 6112
	1024 6112
4
	2048 6080
	3104 6080
	3104 6112
	2048 6112
4
	3456 6080
	3616 6080
	3616 6112
	3456 6112
4
	4096 6080
	5664 6080
	5664 6112
	4096 6112
4
	5696 6080
	5824 6080
	5824 6112
	5696 6112
4
	6144 6080
	6176 6080
	6176 6112
	6144 6112
4
	0 6112
	96 6112
	96 6144
	0 6144
4
	448 6112
	736 6112
	736 6144
	448 6144
4
	864 6112
	1248 6112
	1248 6144
	864 6144
4
	1376 6112
	1632 6112
	1632 6144
	1376 6144
4
	2016 6112
	3168 6112
	3168 6144
	2016 6144
4
	3424 6112
	3680 6112
	3680 6144
	3424 6144
4
	4096 6112
	5792 6112
	5792 6144
	4096 6144
4
	6112 6112
	6176 6112
	6176 6144
	6112 6144
4
	0 6144
	736 6144
	736 6176
	0 6176
4
	864 6144
	1248 6144
	1248 6176
	864 6176
4
	1376 6144
	1632 6144
	1632 6176
	1376 6176
4
	2016 6144
	3680 6144
	3680 6176
	2016 6176
4
	4096 6144
	5824 6144
	5824 6176
	4096 6176
4
	6112 6144
	6176 6144
	6176 6176
	6112 6176
4
	0 6176
	736 6176
	736 6208
	0 6208
4
	864 6176
	1248 6176
	1248 6208
	864 6208
4
	1376 6176
	1632 6176
	1632 6208
	1376 6208
4
	2016 6176
	3680 6176
	3680 6208
	2016 6208
4
	4096 6176
	5216 6176
	5216 6208
	4096 6208
4
	5600 6176
	5824 6176
	5824 6208
	5600 6208
4
	6112 6176
	6176 6176
	6176 6208
	6112 6208
4
	0 6208
	576 6208
	576 6240
	0 6240
4
	992 6208
	1088 6208
	1088 6240
	992 6240
4
	1504 6208
	1600 6208
	1600 6240
	1504 6240
4
	2016 6208
	3648 6208
	3648 6240
	2016 6240
4
	4096 6208
	5184 6208
	5184 6240
	4096 6240
4
	5600 6208
	5696 6208
	5696 6240
	5600 6240
4
	6112 6208
	6176 6208
	6176 6240
	6112 6240
4
	0 6240
	544 6240
	544 6272
	0 6272
4
	960 6240
	1088 6240
	1088 6272
	960 6272
4
	1440 6240
	1600 6240
	1600 6272
	1440 6272
4
	2048 6240
	3616 6240
	3616 6272
	2048 6272
4
	4096 6240
	5152 6240
	5152 6272
	4096 6272
4
	6144 6240
	6176 6240
	6176 6272
	6144 6272
4
	0 6272
	544 6272
	544 6304
	0 6304
4
	928 6272
	1088 6272
	1088 6304
	928 6304
4
	1408 6272
	1600 6272
	1600 6304
	1408 6304
4
	2048 6272
	3616 6272
	3616 6304
	2048 6304
4
	4096 6272
	5152 6272
	5152 6304
	4096 6304
4
	6144 6272
	6176 6272
	6176 6304
	6144 6304
4
	0 6304
	544 6304
	544 6336
	0 6336
4
	928 6304
	1088 6304
	1088 6336
	928 6336
4
	1408 6304
	1600 6304
	1600 6336
	1408 6336
4
	2048 6304
	3616 6304
	3616 6336
	2048 6336
4
	4096 6304
	5152 6304
	5152 6336
	4096 6336
4
	5312 6304
	5376 6304
	5376 6336
	5312 6336
4
	6144 6304
	6176 6304
	6176 6336
	6144 6336
4
	0 6336
	544 6336
	544 6368
	0 6368
4
	928 6336
	1088 6336
	1088 6368
	928 6368
4
	1440 6336
	1600 6336
	1600 6368
	1440 6368
4
	2048 6336
	3616 6336
	3616 6368
	2048 6368
4
	4096 6336
	5376 6336
	5376 6368
	4096 6368
4
	6112 6336
	6176 6336
	6176 6368
	6112 6368
4
	0 6368
	544 6368
	544 6400
	0 6400
4
	992 6368
	1088 6368
	1088 6400
	992 6400
4
	1440 6368
	1600 6368
	1600 6400
	1440 6400
4
	2048 6368
	3616 6368
	3616 6400
	2048 6400
4
	4096 6368
	5376 6368
	5376 6400
	4096 6400
4
	6112 6368
	6176 6368
	6176 6400
	6112 6400
4
	0 6400
	544 6400
	544 6432
	0 6432
4
	992 6400
	1088 6400
	1088 6432
	992 6432
4
	1504 6400
	1600 6400
	1600 6432
	1504 6432
4
	2048 6400
	3616 6400
	3616 6432
	2048 6432
4
	4096 6400
	5376 6400
	5376 6432
	4096 6432
4
	6112 6400
	6176 6400
	6176 6432
	6112 6432
4
	0 6432
	544 6432
	544 6464
	0 6464
4
	992 6432
	1088 6432
	1088 6464
	992 6464
4
	1504 6432
	1600 6432
	1600 6464
	1504 6464
4
	2048 6432
	3616 6432
	3616 6464
	2048 6464
4
	4096 6432
	5376 6432
	5376 6464
	4096 6464
4
	6112 6432
	6176 6432
	6176 6464
	6112 6464
4
	0 6464
	544 6464
	544 6496
	0 6496
4
	992 6464
	1088 6464
	1088 6496
	992 6496
4
	1504 6464
	1600 6464
	1600 6496
	1504 6496
4
	2048 6464
	3616 6464
	3616 6496
	2048 6496
4
	4096 6464
	5312 6464
	5312 6496
	4096 6496
4
	6112 6464
	6176 6464
	6176 6496
	6112 6496
4
	0 6496
	544 6496
	544 6528
	0 6528
4
	992 6496
	1088 6496
	1088 6528
	992 6528
4
	1504 6496
	1600 6496
	1600 6528
	1504 6528
4
	2048 6496
	3616 6496
	3616 6528
	2048 6528
4
	4096 6496
	5312 6496
	5312 6528
	4096 6528
4
	6112 6496
	6176 6496
	6176 6528
	6112 6528
4
	0 6528
	544 6528
	544 6560
	0 6560
4
	992 6528
	1088 6528
	1088 6560
	992 6560
4
	1504 6528
	1600 6528
	1600 6560
	1504 6560
4
	2048 6528
	3616 6528
	3616 6560
	2048 6560
4
	4096 6528
	5312 6528
	5312 6560
	4096 6560
4
	5472 6528
	5504 6528
	5504 6560
	5472 6560
4
	6112 6528
	6176 6528
	6176 6560
	6112 6560
4
	0 6560
	544 6560
	544 6592
	0 6592
4
	992 6560
	1088 6560
	1088 6592
	992 6592
4
	1504 6560
	1600 6560
	1600 6592
	1504 6592
4
	2048 6560
	3616 6560
	3616 6592
	2048 6592
4
	4096 6560
	5536 6560
	5536 6592
	4096 6592
4
	6144 6560
	6176 6560
	6176 6592
	6144 6592
4
	0 6592
	544 6592
	544 6624
	0 6624
4
	992 6592
	1088 6592
	1088 6624
	992 6624
4
	1504 6592
	1600 6592
	1600 6624
	1504 6624
4
	2016 6592
	3648 6592
	3648 6624
	2016 6624
4
	4096 6592
	5536 6592
	5536 6624
	4096 6624
4
	5632 6592
	5696 6592
	5696 6624
	5632 6624
4
	6144 6592
	6176 6592
	6176 6624
	6144 6624
4
	0 6624
	608 6624
	608 6656
	0 6656
4
	992 6624
	1120 6624
	1120 6656
	992 6656
4
	1504 6624
	1760 6624
	1760 6656
	1504 6656
4
	1888 6624
	3808 6624
	3808 6656
	1888 6656
4
	3936 6624
	5504 6624
	5504 6656
	3936 6656
4
	5600 6624
	5856 6624
	5856 6656
	5600 6656
4
	5984 6624
	6176 6624
	6176 6656
	5984 6656
4
	0 6656
	1760 6656
	1760 6688
	0 6688
4
	1888 6656
	3808 6656
	3808 6688
	1888 6688
4
	3936 6656
	5856 6656
	5856 6688
	3936 6688
4
	5984 6656
	6176 6656
	6176 6688
	5984 6688
4
	0 6688
	1760 6688
	1760 6720
	0 6720
4
	1888 6688
	2144 6688
	2144 6720
	1888 6720
4
	2528 6688
	2656 6688
	2656 6720
	2528 6720
4
	2784 6688
	2912 6688
	2912 6720
	2784 6720
4
	3040 6688
	3168 6688
	3168 6720
	3040 6720
4
	3552 6688
	3808 6688
	3808 6720
	3552 6720
4
	3936 6688
	5856 6688
	5856 6720
	3936 6720
4
	5984 6688
	6176 6688
	6176 6720
	5984 6720
4
	0 6720
	1600 6720
	1600 6752
	0 6752
4
	2528 6720
	2624 6720
	2624 6752
	2528 6752
4
	2784 6720
	2912 6720
	2912 6752
	2784 6752
4
	3040 6720
	3136 6720
	3136 6752
	3040 6752
4
	3584 6720
	3616 6720
	3616 6752
	3584 6752
4
	4064 6720
	5856 6720
	5856 6752
	4064 6752
4
	5984 6720
	6176 6720
	6176 6752
	5984 6752
4
	0 6752
	1568 6752
	1568 6784
	0 6784
4
	2784 6752
	2880 6752
	2880 6784
	2784 6784
4
	4096 6752
	5664 6752
	5664 6784
	4096 6784
4
	6144 6752
	6176 6752
	6176 6784
	6144 6784
4
	0 6784
	1568 6784
	1568 6816
	0 6816
4
	4096 6784
	5664 6784
	5664 6816
	4096 6816
4
	6144 6784
	6176 6784
	6176 6816
	6144 6816
4
	0 6816
	1568 6816
	1568 6848
	0 6848
4
	4096 6816
	5664 6816
	5664 6848
	4096 6848
4
	6144 6816
	6176 6816
	6176 6848
	6144 6848
4
	0 6848
	1568 6848
	1568 6880
	0 6880
4
	4096 6848
	5664 6848
	5664 6880
	4096 6880
4
	6144 6848
	6176 6848
	6176 6880
	6144 6880
4
	0 6880
	1568 6880
	1568 6912
	0 6912
4
	4096 6880
	5664 6880
	5664 6912
	4096 6912
4
	6144 6880
	6176 6880
	6176 6912
	6144 6912
4
	0 6912
	1568 6912
	1568 6944
	0 6944
4
	4096 6912
	5664 6912
	5664 6944
	4096 6944
4
	6144 6912
	6176 6912
	6176 6944
	6144 6944
4
	0 6944
	1568 6944
	1568 6976
	0 6976
4
	4096 6944
	5664 6944
	5664 6976
	4096 6976
4
	6144 6944
	6176 6944
	6176 6976
	6144 6976
4
	0 6976
	1568 6976
	1568 7008
	0 7008
4
	4096 6976
	5664 6976
	5664 7008
	4096 7008
4
	6144 6976
	6176 6976
	6176 7008
	6144 7008
4
	0 7008
	1568 7008
	1568 7040
	0 7040
4
	4096 7008
	5664 7008
	5664 7040
	4096 7040
4
	6144 7008
	6176 7008
	6176 7040
	6144 7040
4
	0 7040
	1568 7040
	1568 7072
	0 7072
4
	4096 7040
	5664 7040
	5664 7072
	4096 7072
4
	6144 7040
	6176 7040
	6176 7072
	6144 7072
4
	0 7072
	1568 7072
	1568 7104
	0 7104
4
	4096 7072
	5664 7072
	5664 7104
	4096 7104
4
	6144 7072
	6176 7072
	6176 7104
	6144 7104
4
	0 7104
	1568 7104
	1568 7136
	0 7136
4
	3584 7104
	3648 7104
	3648 7136
	3584 7136
4
	4096 7104
	5664 7104
	5664 7136
	4096 7136
4
	6144 7104
	6176 7104
	6176 7136
	6144 7136
4
	0 7136
	1632 7136
	1632 7168
	0 7168
4
	2016 7136
	2144 7136
	2144 7168
	2016 7168
4
	2528 7136
	2656 7136
	2656 7168
	2528 7168
4
	3040 7136
	3168 7136
	3168 7168
	3040 7168
4
	3552 7136
	3808 7136
	3808 7168
	3552 7168
4
	3936 7136
	5728 7136
	5728 7168
	3936 7168
4
	6112 7136
	6176 7136
	6176 7168
	6112 7168
4
	0 7168
	3808 7168
	3808 7200
	0 7200
4
	3936 7168
	5728 7168
	5728 7200
	3936 7200
4
	6112 7168
	6176 7168
	6176 7200
	6112 7200
4
	0 7200
	3808 7200
	3808 7232
	0 7232
4
	3936 7200
	5216 7200
	5216 7232
	3936 7232
4
	5600 7200
	5728 7200
	5728 7232
	5600 7232
4
	6112 7200
	6176 7200
	6176 7232
	6112 7232
4
	0 7232
	3744 7232
	3744 7264
	0 7264
4
	4064 7232
	5184 7232
	5184 7264
	4064 7264
4
	5600 7232
	5696 7232
	5696 7264
	5600 7264
4
	6112 7232
	6176 7232
	6176 7264
	6112 7264
4
	0 7264
	3744 7264
	3744 7296
	0 7296
4
	4096 7264
	5152 7264
	5152 7296
	4096 7296
4
	6144 7264
	6176 7264
	6176 7296
	6144 7296
4
	0 7296
	3744 7296
	3744 7328
	0 7328
4
	4096 7296
	5152 7296
	5152 7328
	4096 7328
4
	6144 7296
	6176 7296
	6176 7328
	6144 7328
4
	0 7328
	3744 7328
	3744 7360
	0 7360
4
	4096 7328
	5152 7328
	5152 7360
	4096 7360
4
	6144 7328
	6176 7328
	6176 7360
	6144 7360
4
	0 7360
	3744 7360
	3744 7392
	0 7392
4
	4064 7360
	5152 7360
	5152 7392
	4064 7392
4
	6144 7360
	6176 7360
	6176 7392
	6144 7392
4
	0 7392
	3744 7392
	3744 7424
	0 7424
4
	4064 7392
	5152 7392
	5152 7424
	4064 7424
4
	6144 7392
	6176 7392
	6176 7424
	6144 7424
4
	0 7424
	3744 7424
	3744 7456
	0 7456
4
	4064 7424
	5152 7424
	5152 7456
	4064 7456
4
	6144 7424
	6176 7424
	6176 7456
	6144 7456
4
	0 7456
	3744 7456
	3744 7488
	0 7488
4
	4096 7456
	5152 7456
	5152 7488
	4096 7488
4
	6144 7456
	6176 7456
	6176 7488
	6144 7488
4
	0 7488
	3744 7488
	3744 7520
	0 7520
4
	4096 7488
	5152 7488
	5152 7520
	4096 7520
4
	6144 7488
	6176 7488
	6176 7520
	6144 7520
4
	0 7520
	3744 7520
	3744 7552
	0 7552
4
	4096 7520
	5152 7520
	5152 7552
	4096 7552
4
	6144 7520
	6176 7520
	6176 7552
	6144 7552
4
	0 7552
	3744 7552
	3744 7584
	0 7584
4
	4096 7552
	5152 7552
	5152 7584
	4096 7584
4
	6144 7552
	6176 7552
	6176 7584
	6144 7584
4
	0 7584
	3744 7584
	3744 7616
	0 7616
4
	4000 7584
	5152 7584
	5152 7616
	4000 7616
4
	6144 7584
	6176 7584
	6176 7616
	6144 7616
4
	0 7616
	3744 7616
	3744 7648
	0 7648
4
	3936 7616
	5152 7616
	5152 7648
	3936 7648
4
	6144 7616
	6176 7616
	6176 7648
	6144 7648
4
	0 7648
	3744 7648
	3744 7680
	0 7680
4
	3936 7648
	5216 7648
	5216 7680
	3936 7680
4
	5600 7648
	5728 7648
	5728 7680
	5600 7680
4
	6112 7648
	6176 7648
	6176 7680
	6112 7680
4
	0 7680
	3744 7680
	3744 7712
	0 7712
4
	3936 7680
	5216 7680
	5216 7712
	3936 7712
4
	5600 7680
	6176 7680
	6176 7712
	5600 7712
4
	0 7712
	3744 7712
	3744 7744
	0 7744
4
	3968 7712
	4064 7712
	4064 7744
	3968 7744
4
	4192 7712
	4736 7712
	4736 7744
	4192 7744
4
	5088 7712
	5216 7712
	5216 7744
	5088 7744
4
	5600 7712
	6176 7712
	6176 7744
	5600 7744
4
	0 7744
	3744 7744
	3744 7776
	0 7776
4
	4192 7744
	4736 7744
	4736 7776
	4192 7776
4
	5088 7744
	5184 7744
	5184 7776
	5088 7776
4
	5600 7744
	6176 7744
	6176 7776
	5600 7776
4
	0 7776
	3744 7776
	3744 7808
	0 7808
4
	4192 7776
	4704 7776
	4704 7808
	4192 7808
4
	5632 7776
	6176 7776
	6176 7808
	5632 7808
4
	0 7808
	3744 7808
	3744 7840
	0 7840
4
	4416 7808
	4704 7808
	4704 7840
	4416 7840
4
	5632 7808
	6176 7808
	6176 7840
	5632 7840
4
	0 7840
	3744 7840
	3744 7872
	0 7872
4
	4512 7840
	4704 7840
	4704 7872
	4512 7872
4
	5632 7840
	6176 7840
	6176 7872
	5632 7872
4
	0 7872
	3744 7872
	3744 7904
	0 7904
4
	4576 7872
	4704 7872
	4704 7904
	4576 7904
4
	5632 7872
	6176 7872
	6176 7904
	5632 7904
4
	0 7904
	3744 7904
	3744 7936
	0 7936
4
	5632 7904
	6176 7904
	6176 7936
	5632 7936
4
	0 7936
	3744 7936
	3744 7968
	0 7968
4
	5632 7936
	6176 7936
	6176 7968
	5632 7968
4
	0 7968
	3712 7968
	3712 8000
	0 8000
4
	5632 7968
	6176 7968
	6176 8000
	5632 8000
4
	0 8000
	3712 8000
	3712 8032
	0 8032
4
	5632 8000
	6176 8000
	6176 8032
	5632 8032
4
	0 8032
	3680 8032
	3680 8064
	0 8064
4
	4576 8032
	4704 8032
	4704 8064
	4576 8064
4
	5632 8032
	6176 8032
	6176 8064
	5632 8064
4
	0 8064
	3680 8064
	3680 8096
	0 8096
4
	4576 8064
	4704 8064
	4704 8096
	4576 8096
4
	5632 8064
	6176 8064
	6176 8096
	5632 8096
4
	0 8096
	3680 8096
	3680 8128
	0 8128
4
	4576 8096
	4704 8096
	4704 8128
	4576 8128
4
	5632 8096
	6176 8096
	6176 8128
	5632 8128
4
	0 8128
	3680 8128
	3680 8160
	0 8160
4
	4064 8128
	4160 8128
	4160 8160
	4064 8160
4
	4256 8128
	4320 8128
	4320 8160
	4256 8160
4
	4416 8128
	4512 8128
	4512 8160
	4416 8160
4
	4576 8128
	4704 8128
	4704 8160
	4576 8160
4
	5632 8128
	6176 8128
	6176 8160
	5632 8160
4
	0 8160
	3680 8160
	3680 8192
	0 8192
4
	4032 8160
	4320 8160
	4320 8192
	4032 8192
4
	4352 8160
	4512 8160
	4512 8192
	4352 8192
4
	4544 8160
	4736 8160
	4736 8192
	4544 8192
4
	5088 8160
	5216 8160
	5216 8192
	5088 8192
4
	5600 8160
	6176 8160
	6176 8192
	5600 8192
4
	0 8192
	3680 8192
	3680 8224
	0 8224
4
	4032 8192
	6176 8192
	6176 8224
	4032 8224
4
	0 8224
	3680 8224
	3680 8256
	0 8256
4
	4032 8224
	6176 8224
	6176 8256
	4032 8256
4
	0 8256
	3488 8256
	3488 8288
	0 8288
4
	3552 8256
	3648 8256
	3648 8288
	3552 8288
4
	4032 8256
	6176 8256
	6176 8288
	4032 8288
4
	0 8288
	3488 8288
	3488 8320
	0 8320
4
	4032 8288
	6176 8288
	6176 8320
	4032 8320
4
	0 8320
	3488 8320
	3488 8352
	0 8352
4
	4032 8320
	6176 8320
	6176 8352
	4032 8352
4
	0 8352
	3136 8352
	3136 8384
	0 8384
4
	3968 8352
	6176 8352
	6176 8384
	3968 8384
4
	0 8384
	3136 8384
	3136 8416
	0 8416
4
	3968 8384
	6176 8384
	6176 8416
	3968 8416
4
	0 8416
	3136 8416
	3136 8448
	0 8448
4
	3968 8416
	6176 8416
	6176 8448
	3968 8448
4
	0 8448
	3136 8448
	3136 8480
	0 8480
4
	3936 8448
	6176 8448
	6176 8480
	3936 8480
4
	0 8480
	3136 8480
	3136 8512
	0 8512
4
	3936 8480
	6176 8480
	6176 8512
	3936 8512
4
	0 8512
	3200 8512
	3200 8544
	0 8544
4
	3936 8512
	6176 8512
	6176 8544
	3936 8544
4
	0 8544
	3296 8544
	3296 8576
	0 8576
4
	3936 8544
	6176 8544
	6176 8576
	3936 8576
4
	0 8576
	3136 8576
	3136 8608
	0 8608
4
	3232 8576
	3392 8576
	3392 8608
	3232 8608
4
	3936 8576
	6176 8576
	6176 8608
	3936 8608
4
	0 8608
	3136 8608
	3136 8640
	0 8640
4
	3296 8608
	3360 8608
	3360 8640
	3296 8640
4
	3936 8608
	6176 8608
	6176 8640
	3936 8640
4
	0 8640
	3136 8640
	3136 8672
	0 8672
4
	3264 8640
	3328 8640
	3328 8672
	3264 8672
4
	3936 8640
	6176 8640
	6176 8672
	3936 8672
4
	0 8672
	3168 8672
	3168 8704
	0 8704
4
	3264 8672
	3328 8672
	3328 8704
	3264 8704
4
	3936 8672
	6176 8672
	6176 8704
	3936 8704
4
	0 8704
	3168 8704
	3168 8736
	0 8736
4
	3232 8704
	3296 8704
	3296 8736
	3232 8736
4
	3936 8704
	6176 8704
	6176 8736
	3936 8736
4
	0 8736
	3168 8736
	3168 8768
	0 8768
4
	3200 8736
	3264 8736
	3264 8768
	3200 8768
4
	3936 8736
	6176 8736
	6176 8768
	3936 8768
4
	0 8768
	3168 8768
	3168 8800
	0 8800
4
	3936 8768
	6176 8768
	6176 8800
	3936 8800
4
	0 8800
	3232 8800
	3232 8832
	0 8832
4
	3936 8800
	6176 8800
	6176 8832
	3936 8832
4
	0 8832
	3136 8832
	3136 8864
	0 8864
4
	3936 8832
	6176 8832
	6176 8864
	3936 8864
4
	0 8864
	3136 8864
	3136 8896
	0 8896
4
	3936 8864
	6176 8864
	6176 8896
	3936 8896
4
	0 8896
	3136 8896
	3136 8928
	0 8928
4
	3936 8896
	6176 8896
	6176 8928
	3936 8928
4
	0 8928
	3136 8928
	3136 8960
	0 8960
4
	3936 8928
	6176 8928
	6176 8960
	3936 8960
4
	0 8960
	3296 8960
	3296 8992
	0 8992
4
	3936 8960
	6176 8960
	6176 8992
	3936 8992
4
	0 8992
	3360 8992
	3360 9024
	0 9024
4
	3872 8992
	6176 8992
	6176 9024
	3872 9024
4
	0 9024
	3424 9024
	3424 9056
	0 9056
4
	3552 9024
	6176 9024
	6176 9056
	3552 9056
4
	0 9056
	3424 9056
	3424 9088
	0 9088
4
	3552 9056
	6176 9056
	6176 9088
	3552 9088
4
	0 9088
	6176 9088
	6176 9120
	0 9120
4
	0 9120
	6176 9120
	6176 9152
	0 9152
4
	0 9152
	6176 9152
	6176 9184
	0 9184
4
	0 9184
	6176 9184
	6176 9216
	0 9216
4
	0 9216
	6176 9216
	6176 9248
	0 9248
4
	-32 -32
	6208 -32
	6208 0
	-32 0
4
	-32 9248
	6208 9248
	6208 9280
	-32 9280
4
	-32 0
	0 0
	0 9248
	-32 9248
4
	6176 0
	6208 0
	6208 9248
	6176 9248
