203
4
	0 0
	2688 0
	2688 32
	0 32
4
	0 32
	1312 32
	1312 64
	0 64
4
	1344 32
	2688 32
	2688 64
	1344 64
4
	0 64
	1184 64
	1184 96
	0 96
4
	1504 64
	2688 64
	2688 96
	1504 96
4
	0 96
	1088 96
	1088 128
	0 128
4
	1600 96
	2688 96
	2688 128
	1600 128
4
	0 128
	1056 128
	1056 160
	0 160
4
	1600 128
	2688 128
	2688 160
	1600 160
4
	0 160
	832 160
	832 192
	0 192
4
	1824 160
	2688 160
	2688 192
	1824 192
4
	0 192
	736 192
	736 224
	0 224
4
	1920 192
	2688 192
	2688 224
	1920 224
4
	0 224
	672 224
	672 256
	0 256
4
	2016 224
	2688 224
	2688 256
	2016 256
4
	0 256
	640 256
	640 288
	0 288
4
	1472 256
	1536 256
	1536 288
	1472 288
4
	2048 256
	2688 256
	2688 288
	2048 288
4
	0 288
	608 288
	608 320
	0 320
4
	1440 288
	1536 288
	1536 320
	1440 320
4
	2080 288
	2688 288
	2688 320
	2080 320
4
	0 320
	576 320
	576 352
	0 352
4
	1440 320
	1536 320
	1536 352
	1440 352
4
	2112 320
	2688 320
	2688 352
	2112 352
4
	0 352
	544 352
	544 384
	0 384
4
	2144 352
	2688 352
	2688 384
	2144 384
4
	0 384
	512 384
	512 416
	0 416
4
	2176 384
	2688 384
	2688 416
	2176 416
4
	0 416
	544 416
	544 448
	0 448
4
	992 416
	1088 416
	1088 448
	992 448
4
	2176 416
	2688 416
	2688 448
	2176 448
4
	0 448
	512 448
	512 480
	0 480
4
	992 448
	1088 448
	1088 480
	992 480
4
	2176 448
	2688 448
	2688 480
	2176 480
4
	0 480
	480 480
	480 512
	0 512
4
	992 480
	1088 480
	1088 512
	992 512
4
	2208 480
	2688 480
	2688 512
	2208 512
4
	0 512
	384 512
	384 544
	0 544
4
	2304 512
	2688 512
	2688 544
	2304 544
4
	0 544
	384 544
	384 576
	0 576
4
	2336 544
	2688 544
	2688 576
	2336 576
4
	0 576
	352 576
	352 608
	0 608
4
	2336 576
	2688 576
	2688 608
	2336 608
4
	0 608
	320 608
	320 640
	0 640
4
	2368 608
	2688 608
	2688 640
	2368 640
4
	0 640
	288 640
	288 672
	0 672
4
	2400 640
	2688 640
	2688 672
	2400 672
4
	0 672
	256 672
	256 704
	0 704
4
	2432 672
	2688 672
	2688 704
	2432 704
4
	0 704
	224 704
	224 736
	0 736
4
	2464 704
	2688 704
	2688 736
	2464 736
4
	0 736
	224 736
	224 768
	0 768
4
	2368 736
	2688 736
	2688 768
	2368 768
4
	0 768
	224 768
	224 800
	0 800
4
	2368 768
	2464 768
	2464 800
	2368 800
4
	2496 768
	2688 768
	2688 800
	2496 800
4
	0 800
	192 800
	192 832
	0 832
4
	2368 800
	2464 800
	2464 832
	2368 832
4
	2496 800
	2688 800
	2688 832
	2496 832
4
	0 832
	192 832
	192 864
	0 864
4
	2496 832
	2688 832
	2688 864
	2496 864
4
	0 864
	192 864
	192 896
	0 896
4
	2496 864
	2688 864
	2688 896
	2496 896
4
	0 896
	160 896
	160 928
	0 928
4
	2528 896
	2688 896
	2688 928
	2528 928
4
	0 928
	160 928
	160 960
	0 960
4
	2208 928
	2272 928
	2272 960
	2208 960
4
	2528 928
	2688 928
	2688 960
	2528 960
4
	0 960
	192 960
	192 992
	0 992
4
	2208 960
	2368 960
	2368 992
	2208 992
4
	2528 960
	2688 960
	2688 992
	2528 992
4
	0 992
	192 992
	192 1024
	0 1024
4
	2272 992
	2432 992
	2432 1024
	2272 1024
4
	2528 992
	2688 992
	2688 1024
	2528 1024
4
	0 1024
	160 1024
	160 1056
	0 1056
4
	2368 1024
	2464 1024
	2464 1056
	2368 1056
4
	2528 1024
	2688 1024
	2688 1056
	2528 1056
4
	0 1056
	160 1056
	160 1088
	0 1088
4
	2432 1056
	2688 1056
	2688 1088
	2432 1088
4
	0 1088
	128 1088
	128 1120
	0 1120
4
	2464 1088
	2688 1088
	2688 1120
	2464 1120
4
	0 1120
	96 1120
	96 1152
	0 1152
4
	2496 1120
	2688 1120
	2688 1152
	2496 1152
4
	0 1152
	96 1152
	96 1184
	0 1184
4
	2528 1152
	2688 1152
	2688 1184
	2528 1184
4
	0 1184
	96 1184
	96 1216
	0 1216
4
	2176 1184
	2208 1184
	2208 1216
	2176 1216
4
	2528 1184
	2688 1184
	2688 1216
	2528 1216
4
	0 1216
	96 1216
	96 1248
	0 1248
4
	2144 1216
	2272 1216
	2272 1248
	2144 1248
4
	2560 1216
	2688 1216
	2688 1248
	2560 1248
4
	0 1248
	64 1248
	64 1280
	0 1280
4
	2208 1248
	2336 1248
	2336 1280
	2208 1280
4
	2560 1248
	2688 1248
	2688 1280
	2560 1280
4
	0 1280
	64 1280
	64 1312
	0 1312
4
	1312 1280
	1408 1280
	1408 1312
	1312 1312
4
	2272 1280
	2336 1280
	2336 1312
	2272 1312
4
	2592 1280
	2688 1280
	2688 1312
	2592 1312
4
	0 1312
	64 1312
	64 1344
	0 1344
4
	1312 1312
	1408 1312
	1408 1344
	1312 1344
4
	2304 1312
	2368 1312
	2368 1344
	2304 1344
4
	2592 1312
	2688 1312
	2688 1344
	2592 1344
4
	0 1344
	64 1344
	64 1376
	0 1376
4
	1312 1344
	1408 1344
	1408 1376
	1312 1376
4
	2336 1344
	2368 1344
	2368 1376
	2336 1376
4
	2624 1344
	2688 1344
	2688 1376
	2624 1376
4
	0 1376
	64 1376
	64 1408
	0 1408
4
	2336 1376
	2368 1376
	2368 1408
	2336 1408
4
	2624 1376
	2688 1376
	2688 1408
	2624 1408
4
	0 1408
	64 1408
	64 1440
	0 1440
4
	2336 1408
	2368 1408
	2368 1440
	2336 1440
4
	2624 1408
	2688 1408
	2688 1440
	2624 1440
4
	0 1440
	96 1440
	96 1472
	0 1472
4
	2336 1440
	2432 1440
	2432 1472
	2336 1472
4
	2592 1440
	2688 1440
	2688 1472
	2592 1472
4
	0 1472
	96 1472
	96 1504
	0 1504
4
	2336 1472
	2560 1472
	2560 1504
	2336 1504
4
	2592 1472
	2688 1472
	2688 1504
	2592 1504
4
	0 1504
	96 1504
	96 1536
	0 1536
4
	2464 1504
	2688 1504
	2688 1536
	2464 1536
4
	0 1536
	96 1536
	96 1568
	0 1568
4
	2560 1536
	2688 1536
	2688 1568
	2560 1568
4
	0 1568
	128 1568
	128 1600
	0 1600
4
	2560 1568
	2688 1568
	2688 1600
	2560 1600
4
	0 1600
	160 1600
	160 1632
	0 1632
4
	2496 1600
	2688 1600
	2688 1632
	2496 1632
4
	0 1632
	160 1632
	160 1664
	0 1664
4
	2496 1632
	2688 1632
	2688 1664
	2496 1664
4
	0 1664
	192 1664
	192 1696
	0 1696
4
	2496 1664
	2688 1664
	2688 1696
	2496 1696
4
	0 1696
	192 1696
	192 1728
	0 1728
4
	2496 1696
	2688 1696
	2688 1728
	2496 1728
4
	0 1728
	160 1728
	160 1760
	0 1760
4
	2528 1728
	2688 1728
	2688 1760
	2528 1760
4
	0 1760
	160 1760
	160 1792
	0 1792
4
	2496 1760
	2688 1760
	2688 1792
	2496 1792
4
	0 1792
	192 1792
	192 1824
	0 1824
4
	2496 1792
	2688 1792
	2688 1824
	2496 1824
4
	0 1824
	192 1824
	192 1856
	0 1856
4
	2496 1824
	2688 1824
	2688 1856
	2496 1856
4
	0 1856
	192 1856
	192 1888
	0 1888
4
	2464 1856
	2688 1856
	2688 1888
	2464 1888
4
	0 1888
	224 1888
	224 1920
	0 1920
4
	2464 1888
	2688 1888
	2688 1920
	2464 1920
4
	0 1920
	224 1920
	224 1952
	0 1952
4
	416 1920
	480 1920
	480 1952
	416 1952
4
	2464 1920
	2688 1920
	2688 1952
	2464 1952
4
	0 1952
	224 1952
	224 1984
	0 1984
4
	416 1952
	512 1952
	512 1984
	416 1984
4
	2432 1952
	2688 1952
	2688 1984
	2432 1984
4
	0 1984
	256 1984
	256 2016
	0 2016
4
	416 1984
	512 1984
	512 2016
	416 2016
4
	2432 1984
	2688 1984
	2688 2016
	2432 2016
4
	0 2016
	288 2016
	288 2048
	0 2048
4
	416 2016
	480 2016
	480 2048
	416 2048
4
	2400 2016
	2688 2016
	2688 2048
	2400 2048
4
	0 2048
	320 2048
	320 2080
	0 2080
4
	2368 2048
	2688 2048
	2688 2080
	2368 2080
4
	0 2080
	352 2080
	352 2112
	0 2112
4
	2336 2080
	2688 2080
	2688 2112
	2336 2112
4
	0 2112
	384 2112
	384 2144
	0 2144
4
	2304 2112
	2688 2112
	2688 2144
	2304 2144
4
	0 2144
	416 2144
	416 2176
	0 2176
4
	2272 2144
	2688 2144
	2688 2176
	2272 2176
4
	0 2176
	480 2176
	480 2208
	0 2208
4
	2208 2176
	2688 2176
	2688 2208
	2208 2208
4
	0 2208
	512 2208
	512 2240
	0 2240
4
	2176 2208
	2688 2208
	2688 2240
	2176 2240
4
	0 2240
	512 2240
	512 2272
	0 2272
4
	1888 2240
	1952 2240
	1952 2272
	1888 2272
4
	2144 2240
	2688 2240
	2688 2272
	2144 2272
4
	0 2272
	512 2272
	512 2304
	0 2304
4
	1888 2272
	1984 2272
	1984 2304
	1888 2304
4
	2144 2272
	2688 2272
	2688 2304
	2144 2304
4
	0 2304
	544 2304
	544 2336
	0 2336
4
	1888 2304
	1984 2304
	1984 2336
	1888 2336
4
	2112 2304
	2688 2304
	2688 2336
	2112 2336
4
	0 2336
	608 2336
	608 2368
	0 2368
4
	2080 2336
	2688 2336
	2688 2368
	2080 2368
4
	0 2368
	640 2368
	640 2400
	0 2400
4
	2048 2368
	2688 2368
	2688 2400
	2048 2400
4
	0 2400
	672 2400
	672 2432
	0 2432
4
	2016 2400
	2688 2400
	2688 2432
	2016 2432
4
	0 2432
	704 2432
	704 2464
	0 2464
4
	1984 2432
	2688 2432
	2688 2464
	1984 2464
4
	0 2464
	768 2464
	768 2496
	0 2496
4
	1888 2464
	2688 2464
	2688 2496
	1888 2496
4
	0 2496
	896 2496
	896 2528
	0 2528
4
	960 2496
	992 2496
	992 2528
	960 2528
4
	1696 2496
	1728 2496
	1728 2528
	1696 2528
4
	1792 2496
	2688 2496
	2688 2528
	1792 2528
4
	0 2528
	1088 2528
	1088 2560
	0 2560
4
	1600 2528
	2688 2528
	2688 2560
	1600 2560
4
	0 2560
	1088 2560
	1088 2592
	0 2592
4
	1568 2560
	2688 2560
	2688 2592
	1568 2592
4
	0 2592
	1248 2592
	1248 2624
	0 2624
4
	1440 2592
	2688 2592
	2688 2624
	1440 2624
4
	0 2624
	2688 2624
	2688 2656
	0 2656
4
	0 2656
	2688 2656
	2688 2688
	0 2688
4
	-32 -32
	2720 -32
	2720 0
	-32 0
4
	-32 2688
	2720 2688
	2720 2720
	-32 2720
4
	-32 0
	0 0
	0 2688
	-32 2688
4
	2688 0
	2720 0
	2720 2688
	2688 2688
