872
4
	0 0
	12288 0
	12288 32
	0 32
4
	0 32
	12288 32
	12288 64
	0 64
4
	0 64
	12288 64
	12288 96
	0 96
4
	0 96
	12288 96
	12288 128
	0 128
4
	0 128
	12288 128
	12288 160
	0 160
4
	0 160
	12288 160
	12288 192
	0 192
4
	0 192
	12288 192
	12288 224
	0 224
4
	0 224
	12288 224
	12288 256
	0 256
4
	0 256
	12288 256
	12288 288
	0 288
4
	0 288
	12288 288
	12288 320
	0 320
4
	0 320
	12288 320
	12288 352
	0 352
4
	0 352
	12288 352
	12288 384
	0 384
4
	0 384
	12288 384
	12288 416
	0 416
4
	0 416
	12288 416
	12288 448
	0 448
4
	0 448
	12288 448
	12288 480
	0 480
4
	0 480
	12288 480
	12288 512
	0 512
4
	0 512
	12288 512
	12288 544
	0 544
4
	0 544
	12288 544
	12288 576
	0 576
4
	0 576
	12288 576
	12288 608
	0 608
4
	0 608
	12288 608
	12288 640
	0 640
4
	0 640
	12288 640
	12288 672
	0 672
4
	0 672
	12288 672
	12288 704
	0 704
4
	0 704
	12288 704
	12288 736
	0 736
4
	0 736
	12288 736
	12288 768
	0 768
4
	0 768
	12288 768
	12288 800
	0 800
4
	0 800
	12288 800
	12288 832
	0 832
4
	0 832
	12288 832
	12288 864
	0 864
4
	0 864
	12288 864
	12288 896
	0 896
4
	0 896
	12288 896
	12288 928
	0 928
4
	0 928
	12288 928
	12288 960
	0 960
4
	0 960
	12288 960
	12288 992
	0 992
4
	0 992
	12288 992
	12288 1024
	0 1024
4
	0 1024
	12288 1024
	12288 1056
	0 1056
4
	0 1056
	12288 1056
	12288 1088
	0 1088
4
	0 1088
	12288 1088
	12288 1120
	0 1120
4
	0 1120
	12288 1120
	12288 1152
	0 1152
4
	0 1152
	12288 1152
	12288 1184
	0 1184
4
	0 1184
	12288 1184
	12288 1216
	0 1216
4
	0 1216
	12288 1216
	12288 1248
	0 1248
4
	0 1248
	12288 1248
	12288 1280
	0 1280
4
	0 1280
	12288 1280
	12288 1312
	0 1312
4
	0 1312
	12288 1312
	12288 1344
	0 1344
4
	0 1344
	12288 1344
	12288 1376
	0 1376
4
	0 1376
	12288 1376
	12288 1408
	0 1408
4
	0 1408
	12288 1408
	12288 1440
	0 1440
4
	0 1440
	12288 1440
	12288 1472
	0 1472
4
	0 1472
	12288 1472
	12288 1504
	0 1504
4
	0 1504
	12288 1504
	12288 1536
	0 1536
4
	0 1536
	12288 1536
	12288 1568
	0 1568
4
	0 1568
	12288 1568
	12288 1600
	0 1600
4
	0 1600
	12288 1600
	12288 1632
	0 1632
4
	0 1632
	12288 1632
	12288 1664
	0 1664
4
	0 1664
	12288 1664
	12288 1696
	0 1696
4
	0 1696
	12288 1696
	12288 1728
	0 1728
4
	0 1728
	12288 1728
	12288 1760
	0 1760
4
	0 1760
	12288 1760
	12288 1792
	0 1792
4
	0 1792
	12288 1792
	12288 1824
	0 1824
4
	0 1824
	12288 1824
	12288 1856
	0 1856
4
	0 1856
	12288 1856
	12288 1888
	0 1888
4
	0 1888
	12288 1888
	12288 1920
	0 1920
4
	0 1920
	12288 1920
	12288 1952
	0 1952
4
	0 1952
	12288 1952
	12288 1984
	0 1984
4
	0 1984
	12288 1984
	12288 2016
	0 2016
4
	0 2016
	12288 2016
	12288 2048
	0 2048
4
	0 2048
	12288 2048
	12288 2080
	0 2080
4
	0 2080
	12288 2080
	12288 2112
	0 2112
4
	0 2112
	12288 2112
	12288 2144
	0 2144
4
	0 2144
	12288 2144
	12288 2176
	0 2176
4
	0 2176
	12288 2176
	12288 2208
	0 2208
4
	0 2208
	12288 2208
	12288 2240
	0 2240
4
	0 2240
	12288 2240
	12288 2272
	0 2272
4
	0 2272
	12288 2272
	12288 2304
	0 2304
4
	0 2304
	12288 2304
	12288 2336
	0 2336
4
	0 2336
	12288 2336
	12288 2368
	0 2368
4
	0 2368
	12288 2368
	12288 2400
	0 2400
4
	0 2400
	12288 2400
	12288 2432
	0 2432
4
	0 2432
	12288 2432
	12288 2464
	0 2464
4
	0 2464
	12288 2464
	12288 2496
	0 2496
4
	0 2496
	12288 2496
	12288 2528
	0 2528
4
	0 2528
	12288 2528
	12288 2560
	0 2560
4
	0 2560
	12288 2560
	12288 2592
	0 2592
4
	0 2592
	12288 2592
	12288 2624
	0 2624
4
	0 2624
	12288 2624
	12288 2656
	0 2656
4
	0 2656
	12288 2656
	12288 2688
	0 2688
4
	0 2688
	12288 2688
	12288 2720
	0 2720
4
	0 2720
	12288 2720
	12288 2752
	0 2752
4
	0 2752
	12288 2752
	12288 2784
	0 2784
4
	0 2784
	12288 2784
	12288 2816
	0 2816
4
	0 2816
	12288 2816
	12288 2848
	0 2848
4
	0 2848
	12288 2848
	12288 2880
	0 2880
4
	0 2880
	12288 2880
	12288 2912
	0 2912
4
	0 2912
	12288 2912
	12288 2944
	0 2944
4
	0 2944
	12288 2944
	12288 2976
	0 2976
4
	0 2976
	12288 2976
	12288 3008
	0 3008
4
	0 3008
	12288 3008
	12288 3040
	0 3040
4
	0 3040
	12288 3040
	12288 3072
	0 3072
4
	0 3072
	12288 3072
	12288 3104
	0 3104
4
	0 3104
	12288 3104
	12288 3136
	0 3136
4
	0 3136
	12288 3136
	12288 3168
	0 3168
4
	0 3168
	12288 3168
	12288 3200
	0 3200
4
	0 3200
	12288 3200
	12288 3232
	0 3232
4
	0 3232
	12288 3232
	12288 3264
	0 3264
4
	0 3264
	12288 3264
	12288 3296
	0 3296
4
	0 3296
	12288 3296
	12288 3328
	0 3328
4
	0 3328
	12288 3328
	12288 3360
	0 3360
4
	0 3360
	12288 3360
	12288 3392
	0 3392
4
	0 3392
	12288 3392
	12288 3424
	0 3424
4
	0 3424
	12288 3424
	12288 3456
	0 3456
4
	0 3456
	12288 3456
	12288 3488
	0 3488
4
	0 3488
	12288 3488
	12288 3520
	0 3520
4
	0 3520
	12288 3520
	12288 3552
	0 3552
4
	0 3552
	12288 3552
	12288 3584
	0 3584
4
	0 3584
	12288 3584
	12288 3616
	0 3616
4
	0 3616
	12288 3616
	12288 3648
	0 3648
4
	0 3648
	12288 3648
	12288 3680
	0 3680
4
	0 3680
	12288 3680
	12288 3712
	0 3712
4
	0 3712
	12288 3712
	12288 3744
	0 3744
4
	0 3744
	12288 3744
	12288 3776
	0 3776
4
	0 3776
	12288 3776
	12288 3808
	0 3808
4
	0 3808
	12288 3808
	12288 3840
	0 3840
4
	0 3840
	12288 3840
	12288 3872
	0 3872
4
	0 3872
	12288 3872
	12288 3904
	0 3904
4
	0 3904
	12288 3904
	12288 3936
	0 3936
4
	0 3936
	12288 3936
	12288 3968
	0 3968
4
	0 3968
	12288 3968
	12288 4000
	0 4000
4
	0 4000
	12288 4000
	12288 4032
	0 4032
4
	0 4032
	12288 4032
	12288 4064
	0 4064
4
	0 4064
	12288 4064
	12288 4096
	0 4096
4
	0 4096
	12288 4096
	12288 4128
	0 4128
4
	0 4128
	12288 4128
	12288 4160
	0 4160
4
	0 4160
	12288 4160
	12288 4192
	0 4192
4
	0 4192
	12288 4192
	12288 4224
	0 4224
4
	0 4224
	12288 4224
	12288 4256
	0 4256
4
	0 4256
	12288 4256
	12288 4288
	0 4288
4
	0 4288
	12288 4288
	12288 4320
	0 4320
4
	0 4320
	12288 4320
	12288 4352
	0 4352
4
	0 4352
	12288 4352
	12288 4384
	0 4384
4
	0 4384
	12288 4384
	12288 4416
	0 4416
4
	0 4416
	12288 4416
	12288 4448
	0 4448
4
	0 4448
	12288 4448
	12288 4480
	0 4480
4
	0 4480
	12288 4480
	12288 4512
	0 4512
4
	0 4512
	12288 4512
	12288 4544
	0 4544
4
	0 4544
	12288 4544
	12288 4576
	0 4576
4
	0 4576
	12288 4576
	12288 4608
	0 4608
4
	0 4608
	12288 4608
	12288 4640
	0 4640
4
	0 4640
	12288 4640
	12288 4672
	0 4672
4
	0 4672
	12288 4672
	12288 4704
	0 4704
4
	0 4704
	12288 4704
	12288 4736
	0 4736
4
	0 4736
	12288 4736
	12288 4768
	0 4768
4
	0 4768
	12288 4768
	12288 4800
	0 4800
4
	0 4800
	12288 4800
	12288 4832
	0 4832
4
	0 4832
	12288 4832
	12288 4864
	0 4864
4
	0 4864
	12288 4864
	12288 4896
	0 4896
4
	0 4896
	12288 4896
	12288 4928
	0 4928
4
	0 4928
	12288 4928
	12288 4960
	0 4960
4
	0 4960
	12288 4960
	12288 4992
	0 4992
4
	0 4992
	12288 4992
	12288 5024
	0 5024
4
	0 5024
	12288 5024
	12288 5056
	0 5056
4
	0 5056
	12288 5056
	12288 5088
	0 5088
4
	0 5088
	12288 5088
	12288 5120
	0 5120
4
	0 5120
	12288 5120
	12288 5152
	0 5152
4
	0 5152
	12288 5152
	12288 5184
	0 5184
4
	0 5184
	12288 5184
	12288 5216
	0 5216
4
	0 5216
	12288 5216
	12288 5248
	0 5248
4
	0 5248
	12288 5248
	12288 5280
	0 5280
4
	0 5280
	12288 5280
	12288 5312
	0 5312
4
	0 5312
	12288 5312
	12288 5344
	0 5344
4
	0 5344
	12288 5344
	12288 5376
	0 5376
4
	0 5376
	12288 5376
	12288 5408
	0 5408
4
	0 5408
	12288 5408
	12288 5440
	0 5440
4
	0 5440
	12288 5440
	12288 5472
	0 5472
4
	0 5472
	12288 5472
	12288 5504
	0 5504
4
	0 5504
	12288 5504
	12288 5536
	0 5536
4
	0 5536
	12288 5536
	12288 5568
	0 5568
4
	0 5568
	12288 5568
	12288 5600
	0 5600
4
	0 5600
	12288 5600
	12288 5632
	0 5632
4
	0 5632
	12288 5632
	12288 5664
	0 5664
4
	0 5664
	12288 5664
	12288 5696
	0 5696
4
	0 5696
	12288 5696
	12288 5728
	0 5728
4
	0 5728
	12288 5728
	12288 5760
	0 5760
4
	0 5760
	12288 5760
	12288 5792
	0 5792
4
	0 5792
	12288 5792
	12288 5824
	0 5824
4
	0 5824
	12288 5824
	12288 5856
	0 5856
4
	0 5856
	12288 5856
	12288 5888
	0 5888
4
	0 5888
	12288 5888
	12288 5920
	0 5920
4
	0 5920
	12288 5920
	12288 5952
	0 5952
4
	0 5952
	12288 5952
	12288 5984
	0 5984
4
	0 5984
	12288 5984
	12288 6016
	0 6016
4
	0 6016
	12288 6016
	12288 6048
	0 6048
4
	0 6048
	12288 6048
	12288 6080
	0 6080
4
	0 6080
	12288 6080
	12288 6112
	0 6112
4
	0 6112
	12288 6112
	12288 6144
	0 6144
4
	0 6144
	12288 6144
	12288 6176
	0 6176
4
	0 6176
	12288 6176
	12288 6208
	0 6208
4
	0 6208
	12288 6208
	12288 6240
	0 6240
4
	0 6240
	12288 6240
	12288 6272
	0 6272
4
	0 6272
	12288 6272
	12288 6304
	0 6304
4
	0 6304
	12288 6304
	12288 6336
	0 6336
4
	0 6336
	12288 6336
	12288 6368
	0 6368
4
	0 6368
	12288 6368
	12288 6400
	0 6400
4
	0 6400
	12288 6400
	12288 6432
	0 6432
4
	0 6432
	12288 6432
	12288 6464
	0 6464
4
	0 6464
	12288 6464
	12288 6496
	0 6496
4
	0 6496
	12288 6496
	12288 6528
	0 6528
4
	0 6528
	12288 6528
	12288 6560
	0 6560
4
	0 6560
	12288 6560
	12288 6592
	0 6592
4
	0 6592
	12288 6592
	12288 6624
	0 6624
4
	0 6624
	12288 6624
	12288 6656
	0 6656
4
	0 6656
	12288 6656
	12288 6688
	0 6688
4
	0 6688
	12288 6688
	12288 6720
	0 6720
4
	0 6720
	12288 6720
	12288 6752
	0 6752
4
	0 6752
	12288 6752
	12288 6784
	0 6784
4
	0 6784
	12288 6784
	12288 6816
	0 6816
4
	0 6816
	12288 6816
	12288 6848
	0 6848
4
	0 6848
	12288 6848
	12288 6880
	0 6880
4
	0 6880
	12288 6880
	12288 6912
	0 6912
4
	0 6912
	12288 6912
	12288 6944
	0 6944
4
	0 6944
	12288 6944
	12288 6976
	0 6976
4
	0 6976
	12288 6976
	12288 7008
	0 7008
4
	0 7008
	12288 7008
	12288 7040
	0 7040
4
	0 7040
	12288 7040
	12288 7072
	0 7072
4
	0 7072
	12288 7072
	12288 7104
	0 7104
4
	0 7104
	12288 7104
	12288 7136
	0 7136
4
	0 7136
	12288 7136
	12288 7168
	0 7168
4
	0 7168
	12288 7168
	12288 7200
	0 7200
4
	0 7200
	12288 7200
	12288 7232
	0 7232
4
	0 7232
	12288 7232
	12288 7264
	0 7264
4
	0 7264
	12288 7264
	12288 7296
	0 7296
4
	0 7296
	12288 7296
	12288 7328
	0 7328
4
	0 7328
	12288 7328
	12288 7360
	0 7360
4
	0 7360
	12288 7360
	12288 7392
	0 7392
4
	0 7392
	12288 7392
	12288 7424
	0 7424
4
	0 7424
	12288 7424
	12288 7456
	0 7456
4
	0 7456
	12288 7456
	12288 7488
	0 7488
4
	0 7488
	12288 7488
	12288 7520
	0 7520
4
	0 7520
	12288 7520
	12288 7552
	0 7552
4
	0 7552
	12288 7552
	12288 7584
	0 7584
4
	0 7584
	12288 7584
	12288 7616
	0 7616
4
	0 7616
	12288 7616
	12288 7648
	0 7648
4
	0 7648
	12288 7648
	12288 7680
	0 7680
4
	0 7680
	12288 7680
	12288 7712
	0 7712
4
	0 7712
	12288 7712
	12288 7744
	0 7744
4
	0 7744
	12288 7744
	12288 7776
	0 7776
4
	0 7776
	12288 7776
	12288 7808
	0 7808
4
	0 7808
	12288 7808
	12288 7840
	0 7840
4
	0 7840
	12288 7840
	12288 7872
	0 7872
4
	0 7872
	12288 7872
	12288 7904
	0 7904
4
	0 7904
	12288 7904
	12288 7936
	0 7936
4
	0 7936
	12288 7936
	12288 7968
	0 7968
4
	0 7968
	12288 7968
	12288 8000
	0 8000
4
	0 8000
	12288 8000
	12288 8032
	0 8032
4
	0 8032
	12288 8032
	12288 8064
	0 8064
4
	0 8064
	12288 8064
	12288 8096
	0 8096
4
	0 8096
	12288 8096
	12288 8128
	0 8128
4
	0 8128
	12288 8128
	12288 8160
	0 8160
4
	0 8160
	12288 8160
	12288 8192
	0 8192
4
	0 8192
	12288 8192
	12288 8224
	0 8224
4
	0 8224
	12288 8224
	12288 8256
	0 8256
4
	0 8256
	12288 8256
	12288 8288
	0 8288
4
	0 8288
	12288 8288
	12288 8320
	0 8320
4
	0 8320
	12288 8320
	12288 8352
	0 8352
4
	0 8352
	12288 8352
	12288 8384
	0 8384
4
	0 8384
	12288 8384
	12288 8416
	0 8416
4
	0 8416
	12288 8416
	12288 8448
	0 8448
4
	0 8448
	12288 8448
	12288 8480
	0 8480
4
	0 8480
	12288 8480
	12288 8512
	0 8512
4
	0 8512
	12288 8512
	12288 8544
	0 8544
4
	0 8544
	12288 8544
	12288 8576
	0 8576
4
	0 8576
	12288 8576
	12288 8608
	0 8608
4
	0 8608
	12288 8608
	12288 8640
	0 8640
4
	0 8640
	12288 8640
	12288 8672
	0 8672
4
	0 8672
	12288 8672
	12288 8704
	0 8704
4
	0 8704
	12288 8704
	12288 8736
	0 8736
4
	0 8736
	12288 8736
	12288 8768
	0 8768
4
	0 8768
	12288 8768
	12288 8800
	0 8800
4
	0 8800
	12288 8800
	12288 8832
	0 8832
4
	0 8832
	12288 8832
	12288 8864
	0 8864
4
	0 8864
	12288 8864
	12288 8896
	0 8896
4
	0 8896
	12288 8896
	12288 8928
	0 8928
4
	0 8928
	12288 8928
	12288 8960
	0 8960
4
	0 8960
	12288 8960
	12288 8992
	0 8992
4
	0 8992
	12288 8992
	12288 9024
	0 9024
4
	0 9024
	12288 9024
	12288 9056
	0 9056
4
	0 9056
	12288 9056
	12288 9088
	0 9088
4
	0 9088
	12288 9088
	12288 9120
	0 9120
4
	0 9120
	12288 9120
	12288 9152
	0 9152
4
	0 9152
	12288 9152
	12288 9184
	0 9184
4
	0 9184
	12288 9184
	12288 9216
	0 9216
4
	0 9216
	12288 9216
	12288 9248
	0 9248
4
	0 9248
	12288 9248
	12288 9280
	0 9280
4
	0 9280
	12288 9280
	12288 9312
	0 9312
4
	0 9312
	12288 9312
	12288 9344
	0 9344
4
	0 9344
	12288 9344
	12288 9376
	0 9376
4
	0 9376
	12288 9376
	12288 9408
	0 9408
4
	0 9408
	12288 9408
	12288 9440
	0 9440
4
	0 9440
	12288 9440
	12288 9472
	0 9472
4
	0 9472
	12288 9472
	12288 9504
	0 9504
4
	0 9504
	12288 9504
	12288 9536
	0 9536
4
	0 9536
	12288 9536
	12288 9568
	0 9568
4
	0 9568
	12288 9568
	12288 9600
	0 9600
4
	0 9600
	12288 9600
	12288 9632
	0 9632
4
	0 9632
	12288 9632
	12288 9664
	0 9664
4
	0 9664
	12288 9664
	12288 9696
	0 9696
4
	0 9696
	12288 9696
	12288 9728
	0 9728
4
	0 9728
	12288 9728
	12288 9760
	0 9760
4
	0 9760
	12288 9760
	12288 9792
	0 9792
4
	0 9792
	12288 9792
	12288 9824
	0 9824
4
	0 9824
	12288 9824
	12288 9856
	0 9856
4
	0 9856
	12288 9856
	12288 9888
	0 9888
4
	0 9888
	12288 9888
	12288 9920
	0 9920
4
	0 9920
	12288 9920
	12288 9952
	0 9952
4
	0 9952
	12288 9952
	12288 9984
	0 9984
4
	0 9984
	12288 9984
	12288 10016
	0 10016
4
	0 10016
	12288 10016
	12288 10048
	0 10048
4
	0 10048
	12288 10048
	12288 10080
	0 10080
4
	0 10080
	12288 10080
	12288 10112
	0 10112
4
	0 10112
	12288 10112
	12288 10144
	0 10144
4
	0 10144
	12288 10144
	12288 10176
	0 10176
4
	0 10176
	12288 10176
	12288 10208
	0 10208
4
	0 10208
	12288 10208
	12288 10240
	0 10240
4
	0 10240
	12288 10240
	12288 10272
	0 10272
4
	0 10272
	12288 10272
	12288 10304
	0 10304
4
	0 10304
	12288 10304
	12288 10336
	0 10336
4
	0 10336
	12288 10336
	12288 10368
	0 10368
4
	0 10368
	12288 10368
	12288 10400
	0 10400
4
	0 10400
	12288 10400
	12288 10432
	0 10432
4
	0 10432
	12288 10432
	12288 10464
	0 10464
4
	0 10464
	12288 10464
	12288 10496
	0 10496
4
	0 10496
	12288 10496
	12288 10528
	0 10528
4
	0 10528
	12288 10528
	12288 10560
	0 10560
4
	0 10560
	12288 10560
	12288 10592
	0 10592
4
	0 10592
	12288 10592
	12288 10624
	0 10624
4
	0 10624
	12288 10624
	12288 10656
	0 10656
4
	0 10656
	12288 10656
	12288 10688
	0 10688
4
	0 10688
	12288 10688
	12288 10720
	0 10720
4
	0 10720
	12288 10720
	12288 10752
	0 10752
4
	0 10752
	12288 10752
	12288 10784
	0 10784
4
	0 10784
	12288 10784
	12288 10816
	0 10816
4
	0 10816
	12288 10816
	12288 10848
	0 10848
4
	0 10848
	12288 10848
	12288 10880
	0 10880
4
	0 10880
	12288 10880
	12288 10912
	0 10912
4
	0 10912
	12288 10912
	12288 10944
	0 10944
4
	0 10944
	12288 10944
	12288 10976
	0 10976
4
	0 10976
	12288 10976
	12288 11008
	0 11008
4
	0 11008
	12288 11008
	12288 11040
	0 11040
4
	0 11040
	12288 11040
	12288 11072
	0 11072
4
	0 11072
	12288 11072
	12288 11104
	0 11104
4
	0 11104
	12288 11104
	12288 11136
	0 11136
4
	0 11136
	12288 11136
	12288 11168
	0 11168
4
	0 11168
	12288 11168
	12288 11200
	0 11200
4
	0 11200
	12288 11200
	12288 11232
	0 11232
4
	0 11232
	12288 11232
	12288 11264
	0 11264
4
	0 11264
	12288 11264
	12288 11296
	0 11296
4
	0 11296
	12288 11296
	12288 11328
	0 11328
4
	0 11328
	12288 11328
	12288 11360
	0 11360
4
	0 11360
	12288 11360
	12288 11392
	0 11392
4
	0 11392
	12288 11392
	12288 11424
	0 11424
4
	0 11424
	12288 11424
	12288 11456
	0 11456
4
	0 11456
	12288 11456
	12288 11488
	0 11488
4
	0 11488
	12288 11488
	12288 11520
	0 11520
4
	0 11520
	12288 11520
	12288 11552
	0 11552
4
	0 11552
	12288 11552
	12288 11584
	0 11584
4
	0 11584
	12288 11584
	12288 11616
	0 11616
4
	0 11616
	12288 11616
	12288 11648
	0 11648
4
	0 11648
	12288 11648
	12288 11680
	0 11680
4
	0 11680
	4384 11680
	4384 11712
	0 11712
4
	4544 11680
	12288 11680
	12288 11712
	4544 11712
4
	0 11712
	4352 11712
	4352 11744
	0 11744
4
	4512 11712
	12288 11712
	12288 11744
	4512 11744
4
	0 11744
	4320 11744
	4320 11776
	0 11776
4
	4512 11744
	12288 11744
	12288 11776
	4512 11776
4
	0 11776
	3040 11776
	3040 11808
	0 11808
4
	3104 11776
	4288 11776
	4288 11808
	3104 11808
4
	4512 11776
	12288 11776
	12288 11808
	4512 11808
4
	0 11808
	2944 11808
	2944 11840
	0 11840
4
	3104 11808
	4288 11808
	4288 11840
	3104 11840
4
	4480 11808
	9536 11808
	9536 11840
	4480 11840
4
	9920 11808
	12288 11808
	12288 11840
	9920 11840
4
	0 11840
	2944 11840
	2944 11872
	0 11872
4
	3136 11840
	4288 11840
	4288 11872
	3136 11872
4
	4448 11840
	9536 11840
	9536 11872
	4448 11872
4
	9920 11840
	12288 11840
	12288 11872
	9920 11872
4
	0 11872
	2944 11872
	2944 11904
	0 11904
4
	3168 11872
	3264 11872
	3264 11904
	3168 11904
4
	3296 11872
	4256 11872
	4256 11904
	3296 11904
4
	4448 11872
	9536 11872
	9536 11904
	4448 11904
4
	9920 11872
	12288 11872
	12288 11904
	9920 11904
4
	0 11904
	2912 11904
	2912 11936
	0 11936
4
	3296 11904
	4256 11904
	4256 11936
	3296 11936
4
	4448 11904
	9536 11904
	9536 11936
	4448 11936
4
	9920 11904
	12288 11904
	12288 11936
	9920 11936
4
	0 11936
	2912 11936
	2912 11968
	0 11968
4
	3296 11936
	4256 11936
	4256 11968
	3296 11968
4
	4480 11936
	9536 11936
	9536 11968
	4480 11968
4
	9952 11936
	12288 11936
	12288 11968
	9952 11968
4
	0 11968
	2912 11968
	2912 12000
	0 12000
4
	3296 11968
	4256 11968
	4256 12000
	3296 12000
4
	4544 11968
	9568 11968
	9568 12000
	4544 12000
4
	9952 11968
	12288 11968
	12288 12000
	9952 12000
4
	0 12000
	2880 12000
	2880 12032
	0 12032
4
	3328 12000
	4256 12000
	4256 12032
	3328 12032
4
	4608 12000
	9568 12000
	9568 12032
	4608 12032
4
	9952 12000
	12288 12000
	12288 12032
	9952 12032
4
	0 12032
	2880 12032
	2880 12064
	0 12064
4
	3328 12032
	4224 12032
	4224 12064
	3328 12064
4
	4640 12032
	9568 12032
	9568 12064
	4640 12064
4
	9952 12032
	12288 12032
	12288 12064
	9952 12064
4
	0 12064
	2880 12064
	2880 12096
	0 12096
4
	3328 12064
	4224 12064
	4224 12096
	3328 12096
4
	4704 12064
	9568 12064
	9568 12096
	4704 12096
4
	9952 12064
	12288 12064
	12288 12096
	9952 12096
4
	0 12096
	2848 12096
	2848 12128
	0 12128
4
	3328 12096
	3616 12096
	3616 12128
	3328 12128
4
	3840 12096
	4224 12096
	4224 12128
	3840 12128
4
	4736 12096
	4800 12096
	4800 12128
	4736 12128
4
	4928 12096
	9568 12096
	9568 12128
	4928 12128
4
	9952 12096
	12288 12096
	12288 12128
	9952 12128
4
	0 12128
	2848 12128
	2848 12160
	0 12160
4
	3328 12128
	3616 12128
	3616 12160
	3328 12160
4
	3872 12128
	4224 12128
	4224 12160
	3872 12160
4
	4928 12128
	9568 12128
	9568 12160
	4928 12160
4
	10048 12128
	12288 12128
	12288 12160
	10048 12160
4
	0 12160
	2816 12160
	2816 12192
	0 12192
4
	3360 12160
	3520 12160
	3520 12192
	3360 12192
4
	3904 12160
	4000 12160
	4000 12192
	3904 12192
4
	4096 12160
	4224 12160
	4224 12192
	4096 12192
4
	4928 12160
	9600 12160
	9600 12192
	4928 12192
4
	10048 12160
	12288 12160
	12288 12192
	10048 12192
4
	0 12192
	2816 12192
	2816 12224
	0 12224
4
	3936 12192
	4000 12192
	4000 12224
	3936 12224
4
	4096 12192
	4160 12192
	4160 12224
	4096 12224
4
	4928 12192
	9600 12192
	9600 12224
	4928 12224
4
	10048 12192
	12288 12192
	12288 12224
	10048 12224
4
	0 12224
	2784 12224
	2784 12256
	0 12256
4
	4800 12224
	9600 12224
	9600 12256
	4800 12256
4
	10048 12224
	12288 12224
	12288 12256
	10048 12256
4
	0 12256
	2784 12256
	2784 12288
	0 12288
4
	4800 12256
	9568 12256
	9568 12288
	4800 12288
4
	10048 12256
	12288 12256
	12288 12288
	10048 12288
4
	0 12288
	2784 12288
	2784 12320
	0 12320
4
	4800 12288
	9568 12288
	9568 12320
	4800 12320
4
	10048 12288
	12288 12288
	12288 12320
	10048 12320
4
	0 12320
	2784 12320
	2784 12352
	0 12352
4
	4800 12320
	9568 12320
	9568 12352
	4800 12352
4
	10048 12320
	12288 12320
	12288 12352
	10048 12352
4
	0 12352
	2752 12352
	2752 12384
	0 12384
4
	4800 12352
	9568 12352
	9568 12384
	4800 12384
4
	10048 12352
	12288 12352
	12288 12384
	10048 12384
4
	0 12384
	2752 12384
	2752 12416
	0 12416
4
	4128 12384
	4160 12384
	4160 12416
	4128 12416
4
	4800 12384
	9536 12384
	9536 12416
	4800 12416
4
	10048 12384
	12288 12384
	12288 12416
	10048 12416
4
	0 12416
	2752 12416
	2752 12448
	0 12448
4
	4064 12416
	4192 12416
	4192 12448
	4064 12448
4
	4800 12416
	9536 12416
	9536 12448
	4800 12448
4
	10016 12416
	12288 12416
	12288 12448
	10016 12448
4
	0 12448
	2752 12448
	2752 12480
	0 12480
4
	4032 12448
	4160 12448
	4160 12480
	4032 12480
4
	4800 12448
	9536 12448
	9536 12480
	4800 12480
4
	10016 12448
	12288 12448
	12288 12480
	10016 12480
4
	0 12480
	2784 12480
	2784 12512
	0 12512
4
	4064 12480
	4128 12480
	4128 12512
	4064 12512
4
	4800 12480
	9536 12480
	9536 12512
	4800 12512
4
	10016 12480
	12288 12480
	12288 12512
	10016 12512
4
	0 12512
	2784 12512
	2784 12544
	0 12544
4
	4800 12512
	9536 12512
	9536 12544
	4800 12544
4
	10016 12512
	12288 12512
	12288 12544
	10016 12544
4
	0 12544
	2816 12544
	2816 12576
	0 12576
4
	4352 12544
	4384 12544
	4384 12576
	4352 12576
4
	4800 12544
	9536 12544
	9536 12576
	4800 12576
4
	10016 12544
	12288 12544
	12288 12576
	10016 12576
4
	0 12576
	2816 12576
	2816 12608
	0 12608
4
	4320 12576
	4416 12576
	4416 12608
	4320 12608
4
	4800 12576
	9536 12576
	9536 12608
	4800 12608
4
	10016 12576
	12288 12576
	12288 12608
	10016 12608
4
	0 12608
	2848 12608
	2848 12640
	0 12640
4
	4320 12608
	4384 12608
	4384 12640
	4320 12640
4
	4800 12608
	9504 12608
	9504 12640
	4800 12640
4
	10080 12608
	12288 12608
	12288 12640
	10080 12640
4
	0 12640
	2848 12640
	2848 12672
	0 12672
4
	4288 12640
	4384 12640
	4384 12672
	4288 12672
4
	4928 12640
	9504 12640
	9504 12672
	4928 12672
4
	10080 12640
	12288 12640
	12288 12672
	10080 12672
4
	0 12672
	2848 12672
	2848 12704
	0 12704
4
	4064 12672
	4128 12672
	4128 12704
	4064 12704
4
	4320 12672
	4384 12672
	4384 12704
	4320 12704
4
	4928 12672
	9504 12672
	9504 12704
	4928 12704
4
	10112 12672
	12288 12672
	12288 12704
	10112 12704
4
	0 12704
	2880 12704
	2880 12736
	0 12736
4
	4064 12704
	4160 12704
	4160 12736
	4064 12736
4
	4928 12704
	9504 12704
	9504 12736
	4928 12736
4
	10144 12704
	12288 12704
	12288 12736
	10144 12736
4
	0 12736
	2880 12736
	2880 12768
	0 12768
4
	4064 12736
	4192 12736
	4192 12768
	4064 12768
4
	4928 12736
	9504 12736
	9504 12768
	4928 12768
4
	10176 12736
	12288 12736
	12288 12768
	10176 12768
4
	0 12768
	2880 12768
	2880 12800
	0 12800
4
	4128 12768
	4192 12768
	4192 12800
	4128 12800
4
	4928 12768
	9504 12768
	9504 12800
	4928 12800
4
	10208 12768
	12288 12768
	12288 12800
	10208 12800
4
	0 12800
	2880 12800
	2880 12832
	0 12832
4
	4928 12800
	9504 12800
	9504 12832
	4928 12832
4
	10240 12800
	12288 12800
	12288 12832
	10240 12832
4
	0 12832
	2880 12832
	2880 12864
	0 12864
4
	4928 12832
	9504 12832
	9504 12864
	4928 12864
4
	10272 12832
	12288 12832
	12288 12864
	10272 12864
4
	0 12864
	2848 12864
	2848 12896
	0 12896
4
	4928 12864
	9504 12864
	9504 12896
	4928 12896
4
	10304 12864
	12288 12864
	12288 12896
	10304 12896
4
	0 12896
	2848 12896
	2848 12928
	0 12928
4
	4928 12896
	9504 12896
	9504 12928
	4928 12928
4
	10304 12896
	12288 12896
	12288 12928
	10304 12928
4
	0 12928
	2848 12928
	2848 12960
	0 12960
4
	4928 12928
	9504 12928
	9504 12960
	4928 12960
4
	10304 12928
	12288 12928
	12288 12960
	10304 12960
4
	0 12960
	2848 12960
	2848 12992
	0 12992
4
	4960 12960
	4992 12960
	4992 12992
	4960 12992
4
	5248 12960
	9472 12960
	9472 12992
	5248 12992
4
	10304 12960
	12288 12960
	12288 12992
	10304 12992
4
	0 12992
	2848 12992
	2848 13024
	0 13024
4
	5248 12992
	9472 12992
	9472 13024
	5248 13024
4
	10304 12992
	12288 12992
	12288 13024
	10304 13024
4
	0 13024
	2816 13024
	2816 13056
	0 13056
4
	5216 13024
	9472 13024
	9472 13056
	5216 13056
4
	10304 13024
	12288 13024
	12288 13056
	10304 13056
4
	0 13056
	2816 13056
	2816 13088
	0 13088
4
	5216 13056
	9440 13056
	9440 13088
	5216 13088
4
	10304 13056
	12288 13056
	12288 13088
	10304 13088
4
	0 13088
	2816 13088
	2816 13120
	0 13120
4
	5216 13088
	9440 13088
	9440 13120
	5216 13120
4
	10304 13088
	12288 13088
	12288 13120
	10304 13120
4
	0 13120
	2784 13120
	2784 13152
	0 13152
4
	5216 13120
	9408 13120
	9408 13152
	5216 13152
4
	10304 13120
	12288 13120
	12288 13152
	10304 13152
4
	0 13152
	2752 13152
	2752 13184
	0 13184
4
	5024 13152
	5120 13152
	5120 13184
	5024 13184
4
	5216 13152
	9408 13152
	9408 13184
	5216 13184
4
	10304 13152
	12288 13152
	12288 13184
	10304 13184
4
	0 13184
	2720 13184
	2720 13216
	0 13216
4
	5024 13184
	5120 13184
	5120 13216
	5024 13216
4
	5216 13184
	9376 13184
	9376 13216
	5216 13216
4
	10304 13184
	12288 13184
	12288 13216
	10304 13216
4
	0 13216
	2688 13216
	2688 13248
	0 13248
4
	5056 13216
	5088 13216
	5088 13248
	5056 13248
4
	5184 13216
	9376 13216
	9376 13248
	5184 13248
4
	10272 13216
	12288 13216
	12288 13248
	10272 13248
4
	0 13248
	2656 13248
	2656 13280
	0 13280
4
	5184 13248
	9344 13248
	9344 13280
	5184 13280
4
	10240 13248
	12288 13248
	12288 13280
	10240 13280
4
	0 13280
	2592 13280
	2592 13312
	0 13312
4
	5152 13280
	9312 13280
	9312 13312
	5152 13312
4
	9984 13280
	12288 13280
	12288 13312
	9984 13312
4
	0 13312
	2560 13312
	2560 13344
	0 13344
4
	5152 13312
	9312 13312
	9312 13344
	5152 13344
4
	9984 13312
	12288 13312
	12288 13344
	9984 13344
4
	0 13344
	2528 13344
	2528 13376
	0 13376
4
	5120 13344
	9280 13344
	9280 13376
	5120 13376
4
	9984 13344
	12288 13344
	12288 13376
	9984 13376
4
	0 13376
	2400 13376
	2400 13408
	0 13408
4
	5120 13376
	9248 13376
	9248 13408
	5120 13408
4
	9984 13376
	12288 13376
	12288 13408
	9984 13408
4
	0 13408
	2240 13408
	2240 13440
	0 13440
4
	5152 13408
	5216 13408
	5216 13440
	5152 13440
4
	5248 13408
	9216 13408
	9216 13440
	5248 13440
4
	9984 13408
	12288 13408
	12288 13440
	9984 13440
4
	0 13440
	2176 13440
	2176 13472
	0 13472
4
	5248 13440
	9216 13440
	9216 13472
	5248 13472
4
	10016 13440
	12288 13440
	12288 13472
	10016 13472
4
	0 13472
	2176 13472
	2176 13504
	0 13504
4
	5216 13472
	9184 13472
	9184 13504
	5216 13504
4
	10016 13472
	12288 13472
	12288 13504
	10016 13504
4
	0 13504
	2176 13504
	2176 13536
	0 13536
4
	5216 13504
	5504 13504
	5504 13536
	5216 13536
4
	5536 13504
	9152 13504
	9152 13536
	5536 13536
4
	10016 13504
	12288 13504
	12288 13536
	10016 13536
4
	0 13536
	2176 13536
	2176 13568
	0 13568
4
	5216 13536
	5440 13536
	5440 13568
	5216 13568
4
	5536 13536
	9152 13536
	9152 13568
	5536 13568
4
	10016 13536
	12288 13536
	12288 13568
	10016 13568
4
	0 13568
	2208 13568
	2208 13600
	0 13600
4
	5216 13568
	5440 13568
	5440 13600
	5216 13600
4
	5536 13568
	9120 13568
	9120 13600
	5536 13600
4
	10016 13568
	12288 13568
	12288 13600
	10016 13600
4
	0 13600
	2240 13600
	2240 13632
	0 13632
4
	5216 13600
	5408 13600
	5408 13632
	5216 13632
4
	5536 13600
	9120 13600
	9120 13632
	5536 13632
4
	10016 13600
	12288 13600
	12288 13632
	10016 13632
4
	0 13632
	2240 13632
	2240 13664
	0 13664
4
	5216 13632
	5376 13632
	5376 13664
	5216 13664
4
	5536 13632
	9120 13632
	9120 13664
	5536 13664
4
	9824 13632
	12288 13632
	12288 13664
	9824 13664
4
	0 13664
	2336 13664
	2336 13696
	0 13696
4
	5248 13664
	5344 13664
	5344 13696
	5248 13696
4
	5536 13664
	9120 13664
	9120 13696
	5536 13696
4
	9760 13664
	12288 13664
	12288 13696
	9760 13696
4
	0 13696
	2432 13696
	2432 13728
	0 13728
4
	4288 13696
	4320 13696
	4320 13728
	4288 13728
4
	5536 13696
	9088 13696
	9088 13728
	5536 13728
4
	9760 13696
	12288 13696
	12288 13728
	9760 13728
4
	0 13728
	2496 13728
	2496 13760
	0 13760
4
	5504 13728
	9088 13728
	9088 13760
	5504 13760
4
	9728 13728
	12288 13728
	12288 13760
	9728 13760
4
	0 13760
	2560 13760
	2560 13792
	0 13792
4
	5504 13760
	9088 13760
	9088 13792
	5504 13792
4
	9728 13760
	12288 13760
	12288 13792
	9728 13792
4
	0 13792
	2624 13792
	2624 13824
	0 13824
4
	6208 13792
	9056 13792
	9056 13824
	6208 13824
4
	9728 13792
	12288 13792
	12288 13824
	9728 13824
4
	0 13824
	2688 13824
	2688 13856
	0 13856
4
	6208 13824
	6400 13824
	6400 13856
	6208 13856
4
	6688 13824
	9056 13824
	9056 13856
	6688 13856
4
	9696 13824
	12288 13824
	12288 13856
	9696 13856
4
	0 13856
	2720 13856
	2720 13888
	0 13888
4
	6208 13856
	6400 13856
	6400 13888
	6208 13888
4
	6688 13856
	8992 13856
	8992 13888
	6688 13888
4
	9696 13856
	12288 13856
	12288 13888
	9696 13888
4
	0 13888
	2720 13888
	2720 13920
	0 13920
4
	6208 13888
	6400 13888
	6400 13920
	6208 13920
4
	6688 13888
	8896 13888
	8896 13920
	6688 13920
4
	9696 13888
	12288 13888
	12288 13920
	9696 13920
4
	0 13920
	2720 13920
	2720 13952
	0 13952
4
	5728 13920
	5792 13920
	5792 13952
	5728 13952
4
	6208 13920
	6400 13920
	6400 13952
	6208 13952
4
	6688 13920
	8832 13920
	8832 13952
	6688 13952
4
	9696 13920
	12288 13920
	12288 13952
	9696 13952
4
	0 13952
	2720 13952
	2720 13984
	0 13984
4
	6208 13952
	6400 13952
	6400 13984
	6208 13984
4
	6688 13952
	7712 13952
	7712 13984
	6688 13984
4
	7840 13952
	7968 13952
	7968 13984
	7840 13984
4
	8736 13952
	8800 13952
	8800 13984
	8736 13984
4
	9696 13952
	12288 13952
	12288 13984
	9696 13984
4
	0 13984
	2720 13984
	2720 14016
	0 14016
4
	6208 13984
	6400 13984
	6400 14016
	6208 14016
4
	6688 13984
	7712 13984
	7712 14016
	6688 14016
4
	9728 13984
	12288 13984
	12288 14016
	9728 14016
4
	0 14016
	2720 14016
	2720 14048
	0 14048
4
	6688 14016
	7712 14016
	7712 14048
	6688 14048
4
	9728 14016
	12288 14016
	12288 14048
	9728 14048
4
	0 14048
	2784 14048
	2784 14080
	0 14080
4
	6688 14048
	7712 14048
	7712 14080
	6688 14080
4
	9728 14048
	12288 14048
	12288 14080
	9728 14080
4
	0 14080
	2848 14080
	2848 14112
	0 14112
4
	2880 14080
	3040 14080
	3040 14112
	2880 14112
4
	6944 14080
	7712 14080
	7712 14112
	6944 14112
4
	9760 14080
	12288 14080
	12288 14112
	9760 14112
4
	0 14112
	2528 14112
	2528 14144
	0 14144
4
	2560 14112
	3072 14112
	3072 14144
	2560 14144
4
	7040 14112
	7136 14112
	7136 14144
	7040 14144
4
	9760 14112
	12288 14112
	12288 14144
	9760 14144
4
	0 14144
	2496 14144
	2496 14176
	0 14176
4
	2624 14144
	3104 14144
	3104 14176
	2624 14176
4
	9792 14144
	12288 14144
	12288 14176
	9792 14176
4
	0 14176
	2496 14176
	2496 14208
	0 14208
4
	2656 14176
	3104 14176
	3104 14208
	2656 14208
4
	9792 14176
	12288 14176
	12288 14208
	9792 14208
4
	0 14208
	2176 14208
	2176 14240
	0 14240
4
	2688 14208
	3136 14208
	3136 14240
	2688 14240
4
	9792 14208
	12288 14208
	12288 14240
	9792 14240
4
	0 14240
	2144 14240
	2144 14272
	0 14272
4
	2656 14240
	3168 14240
	3168 14272
	2656 14272
4
	9824 14240
	12288 14240
	12288 14272
	9824 14272
4
	0 14272
	2176 14272
	2176 14304
	0 14304
4
	2656 14272
	3200 14272
	3200 14304
	2656 14304
4
	7008 14272
	7168 14272
	7168 14304
	7008 14304
4
	9824 14272
	12288 14272
	12288 14304
	9824 14304
4
	0 14304
	2080 14304
	2080 14336
	0 14336
4
	2144 14304
	2176 14304
	2176 14336
	2144 14336
4
	2656 14304
	3200 14304
	3200 14336
	2656 14336
4
	7008 14304
	7168 14304
	7168 14336
	7008 14336
4
	9824 14304
	12288 14304
	12288 14336
	9824 14336
4
	0 14336
	1920 14336
	1920 14368
	0 14368
4
	2656 14336
	3200 14336
	3200 14368
	2656 14368
4
	7008 14336
	7168 14336
	7168 14368
	7008 14368
4
	9824 14336
	12288 14336
	12288 14368
	9824 14368
4
	0 14368
	1920 14368
	1920 14400
	0 14400
4
	2464 14368
	2528 14368
	2528 14400
	2464 14400
4
	2656 14368
	3200 14368
	3200 14400
	2656 14400
4
	9792 14368
	12288 14368
	12288 14400
	9792 14400
4
	0 14400
	1920 14400
	1920 14432
	0 14432
4
	2464 14400
	2528 14400
	2528 14432
	2464 14432
4
	2688 14400
	3200 14400
	3200 14432
	2688 14432
4
	9792 14400
	12288 14400
	12288 14432
	9792 14432
4
	0 14432
	1920 14432
	1920 14464
	0 14464
4
	2527 14463
	2529 14463
	2529 14465
	2527 14465
4
	2432 14432
	2528 14432
	2528 14464
	2432 14464
4
	2752 14432
	3232 14432
	3232 14464
	2752 14464
4
	9792 14432
	12288 14432
	12288 14464
	9792 14464
4
	0 14464
	1792 14464
	1792 14496
	0 14496
4
	2528 14464
	3232 14464
	3232 14496
	2528 14496
4
	9792 14464
	12288 14464
	12288 14496
	9792 14496
4
	0 14496
	1792 14496
	1792 14528
	0 14528
4
	2080 14496
	2112 14496
	2112 14528
	2080 14528
4
	6208 14496
	6400 14496
	6400 14528
	6208 14528
4
	7360 14496
	7552 14496
	7552 14528
	7360 14528
4
	9760 14496
	12288 14496
	12288 14528
	9760 14528
4
	0 14528
	1792 14528
	1792 14560
	0 14560
4
	2080 14528
	2112 14528
	2112 14560
	2080 14560
4
	6208 14528
	6400 14528
	6400 14560
	6208 14560
4
	6848 14528
	7712 14528
	7712 14560
	6848 14560
4
	9760 14528
	12288 14528
	12288 14560
	9760 14560
4
	0 14560
	1792 14560
	1792 14592
	0 14592
4
	2080 14560
	2112 14560
	2112 14592
	2080 14592
4
	6208 14560
	6400 14560
	6400 14592
	6208 14592
4
	6688 14560
	7712 14560
	7712 14592
	6688 14592
4
	7840 14560
	7872 14560
	7872 14592
	7840 14592
4
	8224 14560
	8320 14560
	8320 14592
	8224 14592
4
	8704 14560
	8800 14560
	8800 14592
	8704 14592
4
	9760 14560
	12288 14560
	12288 14592
	9760 14592
4
	0 14592
	1792 14592
	1792 14624
	0 14624
4
	2080 14592
	2112 14592
	2112 14624
	2080 14624
4
	5664 14592
	5728 14592
	5728 14624
	5664 14624
4
	6208 14592
	6400 14592
	6400 14624
	6208 14624
4
	6688 14592
	7712 14592
	7712 14624
	6688 14624
4
	7808 14592
	7936 14592
	7936 14624
	7808 14624
4
	8192 14592
	8320 14592
	8320 14624
	8192 14624
4
	8672 14592
	8800 14592
	8800 14624
	8672 14624
4
	9760 14592
	12288 14592
	12288 14624
	9760 14624
4
	0 14624
	1792 14624
	1792 14656
	0 14656
4
	2080 14624
	3232 14624
	3232 14656
	2080 14656
4
	5632 14624
	5728 14624
	5728 14656
	5632 14656
4
	6208 14624
	6400 14624
	6400 14656
	6208 14656
4
	6688 14624
	7744 14624
	7744 14656
	6688 14656
4
	7776 14624
	7936 14624
	7936 14656
	7776 14656
4
	8192 14624
	8320 14624
	8320 14656
	8192 14656
4
	8672 14624
	8800 14624
	8800 14656
	8672 14656
4
	9376 14624
	9536 14624
	9536 14656
	9376 14656
4
	9728 14624
	12288 14624
	12288 14656
	9728 14656
4
	0 14656
	1792 14656
	1792 14688
	0 14688
4
	2272 14656
	3232 14656
	3232 14688
	2272 14688
4
	5664 14656
	5728 14656
	5728 14688
	5664 14688
4
	6208 14656
	6400 14656
	6400 14688
	6208 14688
4
	6560 14656
	6656 14656
	6656 14688
	6560 14688
4
	6688 14656
	7936 14656
	7936 14688
	6688 14688
4
	8192 14656
	8320 14656
	8320 14688
	8192 14688
4
	8672 14656
	8800 14656
	8800 14688
	8672 14688
4
	9312 14656
	9600 14656
	9600 14688
	9312 14688
4
	9728 14656
	12288 14656
	12288 14688
	9728 14688
4
	0 14688
	1792 14688
	1792 14720
	0 14720
4
	2240 14688
	3200 14688
	3200 14720
	2240 14720
4
	6208 14688
	6400 14688
	6400 14720
	6208 14720
4
	6560 14688
	6656 14688
	6656 14720
	6560 14720
4
	6688 14688
	7904 14688
	7904 14720
	6688 14720
4
	8192 14688
	8288 14688
	8288 14720
	8192 14720
4
	8672 14688
	8736 14688
	8736 14720
	8672 14720
4
	9216 14688
	9664 14688
	9664 14720
	9216 14720
4
	9728 14688
	12288 14688
	12288 14720
	9728 14720
4
	0 14720
	1792 14720
	1792 14752
	0 14752
4
	2240 14720
	3168 14720
	3168 14752
	2240 14752
4
	6208 14720
	6400 14720
	6400 14752
	6208 14752
4
	6688 14720
	7904 14720
	7904 14752
	6688 14752
4
	9120 14720
	9696 14720
	9696 14752
	9120 14752
4
	9728 14720
	12288 14720
	12288 14752
	9728 14752
4
	0 14752
	1792 14752
	1792 14784
	0 14784
4
	2240 14752
	3136 14752
	3136 14784
	2240 14784
4
	6208 14752
	6400 14752
	6400 14784
	6208 14784
4
	6688 14752
	7936 14752
	7936 14784
	6688 14784
4
	8960 14752
	12288 14752
	12288 14784
	8960 14784
4
	0 14784
	1792 14784
	1792 14816
	0 14816
4
	2240 14784
	3104 14784
	3104 14816
	2240 14816
4
	3488 14784
	3552 14784
	3552 14816
	3488 14816
4
	5536 14784
	5600 14784
	5600 14816
	5536 14816
4
	5760 14784
	5856 14784
	5856 14816
	5760 14816
4
	6016 14784
	6112 14784
	6112 14816
	6016 14816
4
	6272 14784
	6368 14784
	6368 14816
	6272 14816
4
	6528 14784
	6624 14784
	6624 14816
	6528 14816
4
	6688 14784
	7968 14784
	7968 14816
	6688 14816
4
	8128 14784
	8448 14784
	8448 14816
	8128 14816
4
	8704 14784
	12288 14784
	12288 14816
	8704 14816
4
	0 14816
	1792 14816
	1792 14848
	0 14848
4
	2272 14816
	3072 14816
	3072 14848
	2272 14848
4
	3488 14816
	3552 14816
	3552 14848
	3488 14848
4
	4576 14816
	4672 14816
	4672 14848
	4576 14848
4
	5536 14816
	5600 14816
	5600 14848
	5536 14848
4
	5760 14816
	5856 14816
	5856 14848
	5760 14848
4
	6016 14816
	6112 14816
	6112 14848
	6016 14848
4
	6272 14816
	6368 14816
	6368 14848
	6272 14848
4
	6528 14816
	6624 14816
	6624 14848
	6528 14848
4
	6688 14816
	12288 14816
	12288 14848
	6688 14848
4
	0 14848
	1792 14848
	1792 14880
	0 14880
4
	2272 14848
	3040 14848
	3040 14880
	2272 14880
4
	3488 14848
	3552 14848
	3552 14880
	3488 14880
4
	4576 14848
	4672 14848
	4672 14880
	4576 14880
4
	5536 14848
	5600 14848
	5600 14880
	5536 14880
4
	5760 14848
	5856 14848
	5856 14880
	5760 14880
4
	6016 14848
	6112 14848
	6112 14880
	6016 14880
4
	6272 14848
	6368 14848
	6368 14880
	6272 14880
4
	6528 14848
	6624 14848
	6624 14880
	6528 14880
4
	6784 14848
	6848 14848
	6848 14880
	6784 14880
4
	7008 14848
	12288 14848
	12288 14880
	7008 14880
4
	0 14880
	1792 14880
	1792 14912
	0 14912
4
	2304 14880
	3008 14880
	3008 14912
	2304 14912
4
	5536 14880
	5600 14880
	5600 14912
	5536 14912
4
	5760 14880
	5856 14880
	5856 14912
	5760 14912
4
	6016 14880
	6112 14880
	6112 14912
	6016 14912
4
	6272 14880
	6368 14880
	6368 14912
	6272 14912
4
	6528 14880
	6624 14880
	6624 14912
	6528 14912
4
	6784 14880
	6848 14880
	6848 14912
	6784 14912
4
	7040 14880
	12288 14880
	12288 14912
	7040 14912
4
	0 14912
	1792 14912
	1792 14944
	0 14944
4
	2336 14912
	2976 14912
	2976 14944
	2336 14944
4
	3392 14912
	3840 14912
	3840 14944
	3392 14944
4
	4160 14912
	4704 14912
	4704 14944
	4160 14944
4
	7040 14912
	12288 14912
	12288 14944
	7040 14944
4
	0 14944
	5472 14944
	5472 14976
	0 14976
4
	7040 14944
	12288 14944
	12288 14976
	7040 14976
4
	0 14976
	5536 14976
	5536 15008
	0 15008
4
	7040 14976
	12288 14976
	12288 15008
	7040 15008
4
	0 15008
	5600 15008
	5600 15040
	0 15040
4
	7040 15008
	12288 15008
	12288 15040
	7040 15040
4
	0 15040
	5632 15040
	5632 15072
	0 15072
4
	5792 15040
	12288 15040
	12288 15072
	5792 15072
4
	0 15072
	12288 15072
	12288 15104
	0 15104
4
	0 15104
	12288 15104
	12288 15136
	0 15136
4
	0 15136
	12288 15136
	12288 15168
	0 15168
4
	0 15168
	12288 15168
	12288 15200
	0 15200
4
	0 15200
	12288 15200
	12288 15232
	0 15232
4
	0 15232
	12288 15232
	12288 15264
	0 15264
4
	0 15264
	12288 15264
	12288 15296
	0 15296
4
	0 15296
	12288 15296
	12288 15328
	0 15328
4
	0 15328
	12288 15328
	12288 15360
	0 15360
4
	0 15360
	12288 15360
	12288 15392
	0 15392
4
	0 15392
	12288 15392
	12288 15424
	0 15424
4
	0 15424
	12288 15424
	12288 15456
	0 15456
4
	0 15456
	12288 15456
	12288 15488
	0 15488
4
	0 15488
	12288 15488
	12288 15520
	0 15520
4
	0 15520
	12288 15520
	12288 15552
	0 15552
4
	0 15552
	12288 15552
	12288 15584
	0 15584
4
	0 15584
	12288 15584
	12288 15616
	0 15616
4
	0 15616
	12288 15616
	12288 15648
	0 15648
4
	0 15648
	12288 15648
	12288 15680
	0 15680
4
	0 15680
	12288 15680
	12288 15712
	0 15712
4
	0 15712
	12288 15712
	12288 15744
	0 15744
4
	0 15744
	12288 15744
	12288 15776
	0 15776
4
	0 15776
	12288 15776
	12288 15808
	0 15808
4
	0 15808
	12288 15808
	12288 15840
	0 15840
4
	0 15840
	12288 15840
	12288 15872
	0 15872
4
	0 15872
	12288 15872
	12288 15904
	0 15904
4
	0 15904
	12288 15904
	12288 15936
	0 15936
4
	0 15936
	12288 15936
	12288 15968
	0 15968
4
	0 15968
	12288 15968
	12288 16000
	0 16000
4
	0 16000
	12288 16000
	12288 16032
	0 16032
4
	0 16032
	12288 16032
	12288 16064
	0 16064
4
	0 16064
	12288 16064
	12288 16096
	0 16096
4
	0 16096
	12288 16096
	12288 16128
	0 16128
4
	0 16128
	12288 16128
	12288 16160
	0 16160
4
	0 16160
	12288 16160
	12288 16192
	0 16192
4
	0 16192
	12288 16192
	12288 16224
	0 16224
4
	0 16224
	12288 16224
	12288 16256
	0 16256
4
	0 16256
	12288 16256
	12288 16288
	0 16288
4
	0 16288
	12288 16288
	12288 16320
	0 16320
4
	0 16320
	12288 16320
	12288 16352
	0 16352
4
	0 16352
	12288 16352
	12288 16384
	0 16384
4
	0 16384
	12288 16384
	12288 16416
	0 16416
4
	0 16416
	12288 16416
	12288 16448
	0 16448
4
	0 16448
	12288 16448
	12288 16480
	0 16480
4
	0 16480
	12288 16480
	12288 16512
	0 16512
4
	0 16512
	12288 16512
	12288 16544
	0 16544
4
	0 16544
	12288 16544
	12288 16576
	0 16576
4
	0 16576
	12288 16576
	12288 16608
	0 16608
4
	0 16608
	12288 16608
	12288 16640
	0 16640
4
	0 16640
	12288 16640
	12288 16672
	0 16672
4
	0 16672
	12288 16672
	12288 16704
	0 16704
4
	0 16704
	12288 16704
	12288 16736
	0 16736
4
	0 16736
	12288 16736
	12288 16768
	0 16768
4
	0 16768
	12288 16768
	12288 16800
	0 16800
4
	0 16800
	12288 16800
	12288 16832
	0 16832
4
	0 16832
	12288 16832
	12288 16864
	0 16864
4
	0 16864
	12288 16864
	12288 16896
	0 16896
4
	-32 -32
	12320 -32
	12320 0
	-32 0
4
	-32 16896
	12320 16896
	12320 16928
	-32 16928
4
	-32 0
	0 0
	0 16896
	-32 16896
4
	12288 0
	12320 0
	12320 16896
	12288 16896
