1472
4
	0 0
	12896 0
	12896 32
	0 32
4
	0 32
	12896 32
	12896 64
	0 64
4
	0 64
	12896 64
	12896 96
	0 96
4
	0 96
	12896 96
	12896 128
	0 128
4
	0 128
	12896 128
	12896 160
	0 160
4
	0 160
	12896 160
	12896 192
	0 192
4
	0 192
	12896 192
	12896 224
	0 224
4
	0 224
	12896 224
	12896 256
	0 256
4
	0 256
	12896 256
	12896 288
	0 288
4
	0 288
	12896 288
	12896 320
	0 320
4
	0 320
	12896 320
	12896 352
	0 352
4
	0 352
	12896 352
	12896 384
	0 384
4
	0 384
	12896 384
	12896 416
	0 416
4
	0 416
	12896 416
	12896 448
	0 448
4
	0 448
	12896 448
	12896 480
	0 480
4
	0 480
	12896 480
	12896 512
	0 512
4
	0 512
	12896 512
	12896 544
	0 544
4
	0 544
	12896 544
	12896 576
	0 576
4
	0 576
	12896 576
	12896 608
	0 608
4
	0 608
	12896 608
	12896 640
	0 640
4
	0 640
	12896 640
	12896 672
	0 672
4
	0 672
	12896 672
	12896 704
	0 704
4
	0 704
	12896 704
	12896 736
	0 736
4
	0 736
	12896 736
	12896 768
	0 768
4
	0 768
	12896 768
	12896 800
	0 800
4
	0 800
	12896 800
	12896 832
	0 832
4
	0 832
	12896 832
	12896 864
	0 864
4
	0 864
	12896 864
	12896 896
	0 896
4
	0 896
	12896 896
	12896 928
	0 928
4
	0 928
	12896 928
	12896 960
	0 960
4
	0 960
	12896 960
	12896 992
	0 992
4
	0 992
	12896 992
	12896 1024
	0 1024
4
	0 1024
	12896 1024
	12896 1056
	0 1056
4
	0 1056
	12896 1056
	12896 1088
	0 1088
4
	0 1088
	12896 1088
	12896 1120
	0 1120
4
	0 1120
	12896 1120
	12896 1152
	0 1152
4
	0 1152
	12896 1152
	12896 1184
	0 1184
4
	0 1184
	12896 1184
	12896 1216
	0 1216
4
	0 1216
	12896 1216
	12896 1248
	0 1248
4
	0 1248
	12896 1248
	12896 1280
	0 1280
4
	0 1280
	12896 1280
	12896 1312
	0 1312
4
	0 1312
	12896 1312
	12896 1344
	0 1344
4
	0 1344
	12896 1344
	12896 1376
	0 1376
4
	0 1376
	12896 1376
	12896 1408
	0 1408
4
	0 1408
	12896 1408
	12896 1440
	0 1440
4
	0 1440
	12896 1440
	12896 1472
	0 1472
4
	0 1472
	12896 1472
	12896 1504
	0 1504
4
	0 1504
	12896 1504
	12896 1536
	0 1536
4
	0 1536
	12896 1536
	12896 1568
	0 1568
4
	0 1568
	12896 1568
	12896 1600
	0 1600
4
	0 1600
	12896 1600
	12896 1632
	0 1632
4
	0 1632
	12896 1632
	12896 1664
	0 1664
4
	0 1664
	12896 1664
	12896 1696
	0 1696
4
	0 1696
	12896 1696
	12896 1728
	0 1728
4
	0 1728
	12896 1728
	12896 1760
	0 1760
4
	0 1760
	12896 1760
	12896 1792
	0 1792
4
	0 1792
	12896 1792
	12896 1824
	0 1824
4
	0 1824
	12896 1824
	12896 1856
	0 1856
4
	0 1856
	12896 1856
	12896 1888
	0 1888
4
	0 1888
	12896 1888
	12896 1920
	0 1920
4
	0 1920
	12896 1920
	12896 1952
	0 1952
4
	0 1952
	12896 1952
	12896 1984
	0 1984
4
	0 1984
	12896 1984
	12896 2016
	0 2016
4
	0 2016
	12896 2016
	12896 2048
	0 2048
4
	0 2048
	12896 2048
	12896 2080
	0 2080
4
	0 2080
	12896 2080
	12896 2112
	0 2112
4
	0 2112
	12896 2112
	12896 2144
	0 2144
4
	0 2144
	12896 2144
	12896 2176
	0 2176
4
	0 2176
	12896 2176
	12896 2208
	0 2208
4
	0 2208
	12896 2208
	12896 2240
	0 2240
4
	0 2240
	12896 2240
	12896 2272
	0 2272
4
	0 2272
	12896 2272
	12896 2304
	0 2304
4
	0 2304
	12896 2304
	12896 2336
	0 2336
4
	0 2336
	12896 2336
	12896 2368
	0 2368
4
	0 2368
	12896 2368
	12896 2400
	0 2400
4
	0 2400
	12896 2400
	12896 2432
	0 2432
4
	0 2432
	12896 2432
	12896 2464
	0 2464
4
	0 2464
	12896 2464
	12896 2496
	0 2496
4
	0 2496
	12896 2496
	12896 2528
	0 2528
4
	0 2528
	12896 2528
	12896 2560
	0 2560
4
	0 2560
	12896 2560
	12896 2592
	0 2592
4
	0 2592
	12896 2592
	12896 2624
	0 2624
4
	0 2624
	12896 2624
	12896 2656
	0 2656
4
	0 2656
	12896 2656
	12896 2688
	0 2688
4
	0 2688
	12896 2688
	12896 2720
	0 2720
4
	0 2720
	12896 2720
	12896 2752
	0 2752
4
	0 2752
	12896 2752
	12896 2784
	0 2784
4
	0 2784
	12896 2784
	12896 2816
	0 2816
4
	0 2816
	12896 2816
	12896 2848
	0 2848
4
	0 2848
	12896 2848
	12896 2880
	0 2880
4
	0 2880
	12896 2880
	12896 2912
	0 2912
4
	0 2912
	12896 2912
	12896 2944
	0 2944
4
	0 2944
	12896 2944
	12896 2976
	0 2976
4
	0 2976
	12896 2976
	12896 3008
	0 3008
4
	0 3008
	7872 3008
	7872 3040
	0 3040
4
	7904 3008
	12896 3008
	12896 3040
	7904 3040
4
	0 3040
	7872 3040
	7872 3072
	0 3072
4
	7968 3040
	12896 3040
	12896 3072
	7968 3072
4
	0 3072
	7872 3072
	7872 3104
	0 3104
4
	7968 3072
	12896 3072
	12896 3104
	7968 3104
4
	0 3104
	7808 3104
	7808 3136
	0 3136
4
	8032 3104
	12896 3104
	12896 3136
	8032 3136
4
	0 3136
	7808 3136
	7808 3168
	0 3168
4
	8032 3136
	12896 3136
	12896 3168
	8032 3168
4
	0 3168
	7840 3168
	7840 3200
	0 3200
4
	8000 3168
	12896 3168
	12896 3200
	8000 3200
4
	0 3200
	7840 3200
	7840 3232
	0 3232
4
	8000 3200
	12896 3200
	12896 3232
	8000 3232
4
	0 3232
	7840 3232
	7840 3264
	0 3264
4
	8000 3232
	12896 3232
	12896 3264
	8000 3264
4
	0 3264
	7840 3264
	7840 3296
	0 3296
4
	8000 3264
	12896 3264
	12896 3296
	8000 3296
4
	0 3296
	7744 3296
	7744 3328
	0 3328
4
	8096 3296
	12896 3296
	12896 3328
	8096 3328
4
	0 3328
	7744 3328
	7744 3360
	0 3360
4
	8096 3328
	12896 3328
	12896 3360
	8096 3360
4
	0 3360
	7776 3360
	7776 3392
	0 3392
4
	8096 3360
	12896 3360
	12896 3392
	8096 3392
4
	0 3392
	7744 3392
	7744 3424
	0 3424
4
	8128 3392
	12896 3392
	12896 3424
	8128 3424
4
	0 3424
	7680 3424
	7680 3456
	0 3456
4
	8128 3424
	12896 3424
	12896 3456
	8128 3456
4
	0 3456
	7680 3456
	7680 3488
	0 3488
4
	8128 3456
	12896 3456
	12896 3488
	8128 3488
4
	0 3488
	7680 3488
	7680 3520
	0 3520
4
	8128 3488
	12896 3488
	12896 3520
	8128 3520
4
	0 3520
	7584 3520
	7584 3552
	0 3552
4
	8256 3520
	12896 3520
	12896 3552
	8256 3552
4
	0 3552
	7584 3552
	7584 3584
	0 3584
4
	8256 3552
	12896 3552
	12896 3584
	8256 3584
4
	0 3584
	7584 3584
	7584 3616
	0 3616
4
	8256 3584
	12896 3584
	12896 3616
	8256 3616
4
	0 3616
	7584 3616
	7584 3648
	0 3648
4
	8288 3616
	12896 3616
	12896 3648
	8288 3648
4
	0 3648
	7616 3648
	7616 3680
	0 3680
4
	8288 3648
	12896 3648
	12896 3680
	8288 3680
4
	0 3680
	7616 3680
	7616 3712
	0 3712
4
	8288 3680
	12896 3680
	12896 3712
	8288 3712
4
	0 3712
	7616 3712
	7616 3744
	0 3744
4
	8288 3712
	12896 3712
	12896 3744
	8288 3744
4
	0 3744
	7616 3744
	7616 3776
	0 3776
4
	8288 3744
	12896 3744
	12896 3776
	8288 3776
4
	0 3776
	7616 3776
	7616 3808
	0 3808
4
	8256 3776
	12896 3776
	12896 3808
	8256 3808
4
	0 3808
	7616 3808
	7616 3840
	0 3840
4
	8256 3808
	12896 3808
	12896 3840
	8256 3840
4
	0 3840
	7616 3840
	7616 3872
	0 3872
4
	8256 3840
	12896 3840
	12896 3872
	8256 3872
4
	0 3872
	7616 3872
	7616 3904
	0 3904
4
	8256 3872
	12896 3872
	12896 3904
	8256 3904
4
	0 3904
	7616 3904
	7616 3936
	0 3936
4
	8256 3904
	12896 3904
	12896 3936
	8256 3936
4
	0 3936
	7616 3936
	7616 3968
	0 3968
4
	8256 3936
	12896 3936
	12896 3968
	8256 3968
4
	0 3968
	7616 3968
	7616 4000
	0 4000
4
	8288 3968
	12896 3968
	12896 4000
	8288 4000
4
	0 4000
	7616 4000
	7616 4032
	0 4032
4
	8288 4000
	12896 4000
	12896 4032
	8288 4032
4
	0 4032
	7616 4032
	7616 4064
	0 4064
4
	8288 4032
	12896 4032
	12896 4064
	8288 4064
4
	0 4064
	7616 4064
	7616 4096
	0 4096
4
	8288 4064
	12896 4064
	12896 4096
	8288 4096
4
	0 4096
	7616 4096
	7616 4128
	0 4128
4
	8288 4096
	12896 4096
	12896 4128
	8288 4128
4
	0 4128
	7616 4128
	7616 4160
	0 4160
4
	8288 4128
	12896 4128
	12896 4160
	8288 4160
4
	0 4160
	7616 4160
	7616 4192
	0 4192
4
	8288 4160
	12896 4160
	12896 4192
	8288 4192
4
	0 4192
	7616 4192
	7616 4224
	0 4224
4
	8288 4192
	12896 4192
	12896 4224
	8288 4224
4
	0 4224
	7616 4224
	7616 4256
	0 4256
4
	8320 4224
	12896 4224
	12896 4256
	8320 4256
4
	0 4256
	7616 4256
	7616 4288
	0 4288
4
	8320 4256
	12896 4256
	12896 4288
	8320 4288
4
	0 4288
	7616 4288
	7616 4320
	0 4320
4
	8320 4288
	12896 4288
	12896 4320
	8320 4320
4
	0 4320
	7616 4320
	7616 4352
	0 4352
4
	8256 4320
	12896 4320
	12896 4352
	8256 4352
4
	0 4352
	7616 4352
	7616 4384
	0 4384
4
	8256 4352
	12896 4352
	12896 4384
	8256 4384
4
	0 4384
	7616 4384
	7616 4416
	0 4416
4
	8256 4384
	12896 4384
	12896 4416
	8256 4416
4
	0 4416
	7616 4416
	7616 4448
	0 4448
4
	8256 4416
	12896 4416
	12896 4448
	8256 4448
4
	0 4448
	7840 4448
	7840 4480
	0 4480
4
	8256 4448
	12896 4448
	12896 4480
	8256 4480
4
	0 4480
	7840 4480
	7840 4512
	0 4512
4
	8000 4480
	12896 4480
	12896 4512
	8000 4512
4
	0 4512
	7840 4512
	7840 4544
	0 4544
4
	8000 4512
	12896 4512
	12896 4544
	8000 4544
4
	0 4544
	7840 4544
	7840 4576
	0 4576
4
	8000 4544
	12896 4544
	12896 4576
	8000 4576
4
	0 4576
	7840 4576
	7840 4608
	0 4608
4
	8000 4576
	12896 4576
	12896 4608
	8000 4608
4
	0 4608
	7616 4608
	7616 4640
	0 4640
4
	8000 4608
	12896 4608
	12896 4640
	8000 4640
4
	0 4640
	7616 4640
	7616 4672
	0 4672
4
	8256 4640
	12896 4640
	12896 4672
	8256 4672
4
	0 4672
	7616 4672
	7616 4704
	0 4704
4
	8256 4672
	12896 4672
	12896 4704
	8256 4704
4
	0 4704
	7616 4704
	7616 4736
	0 4736
4
	8256 4704
	12896 4704
	12896 4736
	8256 4736
4
	0 4736
	7616 4736
	7616 4768
	0 4768
4
	8256 4736
	12896 4736
	12896 4768
	8256 4768
4
	0 4768
	7616 4768
	7616 4800
	0 4800
4
	8256 4768
	12896 4768
	12896 4800
	8256 4800
4
	0 4800
	7616 4800
	7616 4832
	0 4832
4
	8256 4800
	12896 4800
	12896 4832
	8256 4832
4
	0 4832
	7616 4832
	7616 4864
	0 4864
4
	8256 4832
	12896 4832
	12896 4864
	8256 4864
4
	0 4864
	7616 4864
	7616 4896
	0 4896
4
	8256 4864
	12896 4864
	12896 4896
	8256 4896
4
	0 4896
	7616 4896
	7616 4928
	0 4928
4
	8256 4896
	12896 4896
	12896 4928
	8256 4928
4
	0 4928
	7616 4928
	7616 4960
	0 4960
4
	8256 4928
	12896 4928
	12896 4960
	8256 4960
4
	0 4960
	7680 4960
	7680 4992
	0 4992
4
	8128 4960
	12896 4960
	12896 4992
	8128 4992
4
	0 4992
	7680 4992
	7680 5024
	0 5024
4
	8128 4992
	12896 4992
	12896 5024
	8128 5024
4
	0 5024
	7680 5024
	7680 5056
	0 5056
4
	8128 5024
	12896 5024
	12896 5056
	8128 5056
4
	0 5056
	7680 5056
	7680 5088
	0 5088
4
	8128 5056
	12896 5056
	12896 5088
	8128 5088
4
	0 5088
	7680 5088
	7680 5120
	0 5120
4
	8128 5088
	12896 5088
	12896 5120
	8128 5120
4
	0 5120
	7680 5120
	7680 5152
	0 5152
4
	8128 5120
	12896 5120
	12896 5152
	8128 5152
4
	0 5152
	7680 5152
	7680 5184
	0 5184
4
	8128 5152
	12896 5152
	12896 5184
	8128 5184
4
	0 5184
	7680 5184
	7680 5216
	0 5216
4
	8128 5184
	12896 5184
	12896 5216
	8128 5216
4
	0 5216
	7680 5216
	7680 5248
	0 5248
4
	8128 5216
	12896 5216
	12896 5248
	8128 5248
4
	0 5248
	7680 5248
	7680 5280
	0 5280
4
	8128 5248
	12896 5248
	12896 5280
	8128 5280
4
	0 5280
	7680 5280
	7680 5312
	0 5312
4
	8160 5280
	12896 5280
	12896 5312
	8160 5312
4
	0 5312
	7680 5312
	7680 5344
	0 5344
4
	8160 5312
	12896 5312
	12896 5344
	8160 5344
4
	0 5344
	7680 5344
	7680 5376
	0 5376
4
	8160 5344
	12896 5344
	12896 5376
	8160 5376
4
	0 5376
	7680 5376
	7680 5408
	0 5408
4
	8160 5376
	12896 5376
	12896 5408
	8160 5408
4
	0 5408
	7680 5408
	7680 5440
	0 5440
4
	8160 5408
	12896 5408
	12896 5440
	8160 5440
4
	0 5440
	7680 5440
	7680 5472
	0 5472
4
	8160 5440
	12896 5440
	12896 5472
	8160 5472
4
	0 5472
	7680 5472
	7680 5504
	0 5504
4
	8160 5472
	12896 5472
	12896 5504
	8160 5504
4
	0 5504
	7680 5504
	7680 5536
	0 5536
4
	8160 5504
	12896 5504
	12896 5536
	8160 5536
4
	0 5536
	7680 5536
	7680 5568
	0 5568
4
	8160 5536
	12896 5536
	12896 5568
	8160 5568
4
	0 5568
	7680 5568
	7680 5600
	0 5600
4
	8160 5568
	12896 5568
	12896 5600
	8160 5600
4
	0 5600
	7680 5600
	7680 5632
	0 5632
4
	8160 5600
	12896 5600
	12896 5632
	8160 5632
4
	0 5632
	7680 5632
	7680 5664
	0 5664
4
	8160 5632
	12896 5632
	12896 5664
	8160 5664
4
	0 5664
	7680 5664
	7680 5696
	0 5696
4
	8160 5664
	12896 5664
	12896 5696
	8160 5696
4
	0 5696
	7680 5696
	7680 5728
	0 5728
4
	8160 5696
	12896 5696
	12896 5728
	8160 5728
4
	0 5728
	7680 5728
	7680 5760
	0 5760
4
	8160 5728
	12896 5728
	12896 5760
	8160 5760
4
	0 5760
	7680 5760
	7680 5792
	0 5792
4
	8160 5760
	12896 5760
	12896 5792
	8160 5792
4
	0 5792
	7680 5792
	7680 5824
	0 5824
4
	8160 5792
	12896 5792
	12896 5824
	8160 5824
4
	0 5824
	7680 5824
	7680 5856
	0 5856
4
	8160 5824
	12896 5824
	12896 5856
	8160 5856
4
	0 5856
	7680 5856
	7680 5888
	0 5888
4
	8160 5856
	12896 5856
	12896 5888
	8160 5888
4
	0 5888
	7680 5888
	7680 5920
	0 5920
4
	8160 5888
	12896 5888
	12896 5920
	8160 5920
4
	0 5920
	7680 5920
	7680 5952
	0 5952
4
	8160 5920
	12896 5920
	12896 5952
	8160 5952
4
	0 5952
	7680 5952
	7680 5984
	0 5984
4
	8160 5952
	12896 5952
	12896 5984
	8160 5984
4
	0 5984
	7680 5984
	7680 6016
	0 6016
4
	8160 5984
	12896 5984
	12896 6016
	8160 6016
4
	0 6016
	7680 6016
	7680 6048
	0 6048
4
	8160 6016
	12896 6016
	12896 6048
	8160 6048
4
	0 6048
	7680 6048
	7680 6080
	0 6080
4
	8160 6048
	12896 6048
	12896 6080
	8160 6080
4
	0 6080
	7680 6080
	7680 6112
	0 6112
4
	8160 6080
	12896 6080
	12896 6112
	8160 6112
4
	0 6112
	7680 6112
	7680 6144
	0 6144
4
	8160 6112
	12896 6112
	12896 6144
	8160 6144
4
	0 6144
	7680 6144
	7680 6176
	0 6176
4
	8160 6144
	12896 6144
	12896 6176
	8160 6176
4
	0 6176
	7680 6176
	7680 6208
	0 6208
4
	8160 6176
	12896 6176
	12896 6208
	8160 6208
4
	0 6208
	7680 6208
	7680 6240
	0 6240
4
	8160 6208
	12896 6208
	12896 6240
	8160 6240
4
	0 6240
	7648 6240
	7648 6272
	0 6272
4
	8160 6240
	12896 6240
	12896 6272
	8160 6272
4
	0 6272
	7648 6272
	7648 6304
	0 6304
4
	8160 6272
	12896 6272
	12896 6304
	8160 6304
4
	0 6304
	7648 6304
	7648 6336
	0 6336
4
	8160 6304
	12896 6304
	12896 6336
	8160 6336
4
	0 6336
	7648 6336
	7648 6368
	0 6368
4
	8160 6336
	12896 6336
	12896 6368
	8160 6368
4
	0 6368
	7648 6368
	7648 6400
	0 6400
4
	8160 6368
	12896 6368
	12896 6400
	8160 6400
4
	0 6400
	7648 6400
	7648 6432
	0 6432
4
	8160 6400
	12896 6400
	12896 6432
	8160 6432
4
	0 6432
	7680 6432
	7680 6464
	0 6464
4
	8160 6432
	12896 6432
	12896 6464
	8160 6464
4
	0 6464
	7776 6464
	7776 6496
	0 6496
4
	8160 6464
	12896 6464
	12896 6496
	8160 6496
4
	0 6496
	7808 6496
	7808 6528
	0 6528
4
	8160 6496
	12896 6496
	12896 6528
	8160 6528
4
	0 6528
	7840 6528
	7840 6560
	0 6560
4
	8160 6528
	12896 6528
	12896 6560
	8160 6560
4
	0 6560
	7840 6560
	7840 6592
	0 6592
4
	8160 6560
	12896 6560
	12896 6592
	8160 6592
4
	0 6592
	7872 6592
	7872 6624
	0 6624
4
	8160 6592
	12896 6592
	12896 6624
	8160 6624
4
	0 6624
	7904 6624
	7904 6656
	0 6656
4
	8160 6624
	12896 6624
	12896 6656
	8160 6656
4
	0 6656
	7904 6656
	7904 6688
	0 6688
4
	8160 6656
	12896 6656
	12896 6688
	8160 6688
4
	0 6688
	7904 6688
	7904 6720
	0 6720
4
	8160 6688
	12896 6688
	12896 6720
	8160 6720
4
	0 6720
	7904 6720
	7904 6752
	0 6752
4
	8160 6720
	12896 6720
	12896 6752
	8160 6752
4
	0 6752
	7904 6752
	7904 6784
	0 6784
4
	8160 6752
	12896 6752
	12896 6784
	8160 6784
4
	0 6784
	7904 6784
	7904 6816
	0 6816
4
	8160 6784
	12896 6784
	12896 6816
	8160 6816
4
	0 6816
	7904 6816
	7904 6848
	0 6848
4
	8160 6816
	12896 6816
	12896 6848
	8160 6848
4
	0 6848
	7904 6848
	7904 6880
	0 6880
4
	8160 6848
	12896 6848
	12896 6880
	8160 6880
4
	0 6880
	7904 6880
	7904 6912
	0 6912
4
	8160 6880
	12896 6880
	12896 6912
	8160 6912
4
	0 6912
	7872 6912
	7872 6944
	0 6944
4
	8160 6912
	12896 6912
	12896 6944
	8160 6944
4
	0 6944
	7648 6944
	7648 6976
	0 6976
4
	8160 6944
	12896 6944
	12896 6976
	8160 6976
4
	0 6976
	7648 6976
	7648 7008
	0 7008
4
	8160 6976
	12896 6976
	12896 7008
	8160 7008
4
	0 7008
	7648 7008
	7648 7040
	0 7040
4
	8160 7008
	12896 7008
	12896 7040
	8160 7040
4
	0 7040
	7648 7040
	7648 7072
	0 7072
4
	8160 7040
	12896 7040
	12896 7072
	8160 7072
4
	0 7072
	7648 7072
	7648 7104
	0 7104
4
	8160 7072
	12896 7072
	12896 7104
	8160 7104
4
	0 7104
	7648 7104
	7648 7136
	0 7136
4
	8160 7104
	12896 7104
	12896 7136
	8160 7136
4
	0 7136
	7648 7136
	7648 7168
	0 7168
4
	8160 7136
	12896 7136
	12896 7168
	8160 7168
4
	0 7168
	7648 7168
	7648 7200
	0 7200
4
	8160 7168
	12896 7168
	12896 7200
	8160 7200
4
	0 7200
	7648 7200
	7648 7232
	0 7232
4
	8160 7200
	12896 7200
	12896 7232
	8160 7232
4
	0 7232
	7680 7232
	7680 7264
	0 7264
4
	8160 7232
	12896 7232
	12896 7264
	8160 7264
4
	0 7264
	7680 7264
	7680 7296
	0 7296
4
	8128 7264
	12896 7264
	12896 7296
	8128 7296
4
	0 7296
	7680 7296
	7680 7328
	0 7328
4
	8128 7296
	12896 7296
	12896 7328
	8128 7328
4
	0 7328
	7712 7328
	7712 7360
	0 7360
4
	8160 7328
	12896 7328
	12896 7360
	8160 7360
4
	0 7360
	7712 7360
	7712 7392
	0 7392
4
	8160 7360
	12896 7360
	12896 7392
	8160 7392
4
	0 7392
	7712 7392
	7712 7424
	0 7424
4
	8192 7392
	12896 7392
	12896 7424
	8192 7424
4
	0 7424
	7712 7424
	7712 7456
	0 7456
4
	8192 7424
	12896 7424
	12896 7456
	8192 7456
4
	0 7456
	7712 7456
	7712 7488
	0 7488
4
	8192 7456
	12896 7456
	12896 7488
	8192 7488
4
	0 7488
	7712 7488
	7712 7520
	0 7520
4
	8224 7488
	12896 7488
	12896 7520
	8224 7520
4
	0 7520
	7712 7520
	7712 7552
	0 7552
4
	8224 7520
	12896 7520
	12896 7552
	8224 7552
4
	0 7552
	7712 7552
	7712 7584
	0 7584
4
	8224 7552
	12896 7552
	12896 7584
	8224 7584
4
	0 7584
	7712 7584
	7712 7616
	0 7616
4
	8224 7584
	12896 7584
	12896 7616
	8224 7616
4
	0 7616
	7712 7616
	7712 7648
	0 7648
4
	8224 7616
	12896 7616
	12896 7648
	8224 7648
4
	0 7648
	7712 7648
	7712 7680
	0 7680
4
	7872 7648
	7936 7648
	7936 7680
	7872 7680
4
	8224 7648
	12896 7648
	12896 7680
	8224 7680
4
	0 7680
	7712 7680
	7712 7712
	0 7712
4
	7872 7680
	7968 7680
	7968 7712
	7872 7712
4
	8256 7680
	12896 7680
	12896 7712
	8256 7712
4
	0 7712
	7744 7712
	7744 7744
	0 7744
4
	7840 7712
	7968 7712
	7968 7744
	7840 7744
4
	8256 7712
	12896 7712
	12896 7744
	8256 7744
4
	0 7744
	7744 7744
	7744 7776
	0 7776
4
	7840 7744
	7968 7744
	7968 7776
	7840 7776
4
	8256 7744
	12896 7744
	12896 7776
	8256 7776
4
	0 7776
	7744 7776
	7744 7808
	0 7808
4
	7904 7776
	8000 7776
	8000 7808
	7904 7808
4
	8256 7776
	12896 7776
	12896 7808
	8256 7808
4
	0 7808
	5504 7808
	5504 7840
	0 7840
4
	5568 7808
	5632 7808
	5632 7840
	5568 7840
4
	5728 7808
	6048 7808
	6048 7840
	5728 7840
4
	6080 7808
	7744 7808
	7744 7840
	6080 7840
4
	7936 7808
	8000 7808
	8000 7840
	7936 7840
4
	8256 7808
	12896 7808
	12896 7840
	8256 7840
4
	0 7840
	5472 7840
	5472 7872
	0 7872
4
	5760 7840
	5952 7840
	5952 7872
	5760 7872
4
	6112 7840
	7744 7840
	7744 7872
	6112 7872
4
	7936 7840
	8032 7840
	8032 7872
	7936 7872
4
	8256 7840
	12896 7840
	12896 7872
	8256 7872
4
	0 7872
	5472 7872
	5472 7904
	0 7904
4
	5760 7872
	5856 7872
	5856 7904
	5760 7904
4
	6176 7872
	7744 7872
	7744 7904
	6176 7904
4
	7936 7872
	8032 7872
	8032 7904
	7936 7904
4
	8288 7872
	12896 7872
	12896 7904
	8288 7904
4
	0 7904
	5504 7904
	5504 7936
	0 7936
4
	5760 7904
	5856 7904
	5856 7936
	5760 7936
4
	6144 7904
	8032 7904
	8032 7936
	6144 7936
4
	8288 7904
	12896 7904
	12896 7936
	8288 7936
4
	0 7936
	5504 7936
	5504 7968
	0 7968
4
	5760 7936
	5856 7936
	5856 7968
	5760 7968
4
	6144 7936
	8000 7936
	8000 7968
	6144 7968
4
	8288 7936
	12896 7936
	12896 7968
	8288 7968
4
	0 7968
	5536 7968
	5536 8000
	0 8000
4
	5760 7968
	5792 7968
	5792 8000
	5760 8000
4
	6112 7968
	8000 7968
	8000 8000
	6112 8000
4
	8288 7968
	12896 7968
	12896 8000
	8288 8000
4
	0 8000
	5536 8000
	5536 8032
	0 8032
4
	6112 8000
	7776 8000
	7776 8032
	6112 8032
4
	7904 8000
	7968 8000
	7968 8032
	7904 8032
4
	8288 8000
	12896 8000
	12896 8032
	8288 8032
4
	0 8032
	5536 8032
	5536 8064
	0 8064
4
	6080 8032
	7776 8032
	7776 8064
	6080 8064
4
	8288 8032
	12896 8032
	12896 8064
	8288 8064
4
	0 8064
	5536 8064
	5536 8096
	0 8096
4
	6048 8064
	7776 8064
	7776 8096
	6048 8096
4
	8288 8064
	12896 8064
	12896 8096
	8288 8096
4
	0 8096
	5632 8096
	5632 8128
	0 8128
4
	6016 8096
	7808 8096
	7808 8128
	6016 8128
4
	8320 8096
	12896 8096
	12896 8128
	8320 8128
4
	0 8128
	5632 8128
	5632 8160
	0 8160
4
	5984 8128
	7808 8128
	7808 8160
	5984 8160
4
	8320 8128
	12896 8128
	12896 8160
	8320 8160
4
	0 8160
	5632 8160
	5632 8192
	0 8192
4
	6016 8160
	7808 8160
	7808 8192
	6016 8192
4
	8320 8160
	12896 8160
	12896 8192
	8320 8192
4
	0 8192
	5632 8192
	5632 8224
	0 8224
4
	6048 8192
	7808 8192
	7808 8224
	6048 8224
4
	8320 8192
	12896 8192
	12896 8224
	8320 8224
4
	0 8224
	5536 8224
	5536 8256
	0 8256
4
	6048 8224
	7808 8224
	7808 8256
	6048 8256
4
	8320 8224
	12896 8224
	12896 8256
	8320 8256
4
	0 8256
	5536 8256
	5536 8288
	0 8288
4
	6080 8256
	7808 8256
	7808 8288
	6080 8288
4
	8320 8256
	12896 8256
	12896 8288
	8320 8288
4
	0 8288
	5568 8288
	5568 8320
	0 8320
4
	6112 8288
	7840 8288
	7840 8320
	6112 8320
4
	8288 8288
	12896 8288
	12896 8320
	8288 8320
4
	0 8320
	5568 8320
	5568 8352
	0 8352
4
	6112 8320
	7840 8320
	7840 8352
	6112 8352
4
	8256 8320
	12896 8320
	12896 8352
	8256 8352
4
	0 8352
	5600 8352
	5600 8384
	0 8384
4
	6144 8352
	7840 8352
	7840 8384
	6144 8384
4
	8256 8352
	12896 8352
	12896 8384
	8256 8384
4
	0 8384
	5600 8384
	5600 8416
	0 8416
4
	6144 8384
	7840 8384
	7840 8416
	6144 8416
4
	8288 8384
	8544 8384
	8544 8416
	8288 8416
4
	8672 8384
	12896 8384
	12896 8416
	8672 8416
4
	0 8416
	5632 8416
	5632 8448
	0 8448
4
	6176 8416
	7616 8416
	7616 8448
	6176 8448
4
	8672 8416
	12896 8416
	12896 8448
	8672 8448
4
	0 8448
	5664 8448
	5664 8480
	0 8480
4
	6208 8448
	7552 8448
	7552 8480
	6208 8480
4
	8704 8448
	12896 8448
	12896 8480
	8704 8480
4
	0 8480
	5664 8480
	5664 8512
	0 8512
4
	6240 8480
	7456 8480
	7456 8512
	6240 8512
4
	8704 8480
	12896 8480
	12896 8512
	8704 8512
4
	0 8512
	5696 8512
	5696 8544
	0 8544
4
	6240 8512
	7456 8512
	7456 8544
	6240 8544
4
	8704 8512
	12896 8512
	12896 8544
	8704 8544
4
	0 8544
	5728 8544
	5728 8576
	0 8576
4
	6272 8544
	7456 8544
	7456 8576
	6272 8576
4
	8736 8544
	12896 8544
	12896 8576
	8736 8576
4
	0 8576
	5728 8576
	5728 8608
	0 8608
4
	6272 8576
	7456 8576
	7456 8608
	6272 8608
4
	8736 8576
	12896 8576
	12896 8608
	8736 8608
4
	0 8608
	5760 8608
	5760 8640
	0 8640
4
	6304 8608
	7456 8608
	7456 8640
	6304 8640
4
	8736 8608
	12896 8608
	12896 8640
	8736 8640
4
	0 8640
	5792 8640
	5792 8672
	0 8672
4
	6336 8640
	7456 8640
	7456 8672
	6336 8672
4
	8768 8640
	11008 8640
	11008 8672
	8768 8672
4
	11104 8640
	12896 8640
	12896 8672
	11104 8672
4
	0 8672
	5792 8672
	5792 8704
	0 8704
4
	6336 8672
	7456 8672
	7456 8704
	6336 8704
4
	8768 8672
	10880 8672
	10880 8704
	8768 8704
4
	11168 8672
	12896 8672
	12896 8704
	11168 8704
4
	0 8704
	5824 8704
	5824 8736
	0 8736
4
	6368 8704
	7456 8704
	7456 8736
	6368 8736
4
	8800 8704
	10592 8704
	10592 8736
	8800 8736
4
	11232 8704
	12896 8704
	12896 8736
	11232 8736
4
	0 8736
	5856 8736
	5856 8768
	0 8768
4
	6400 8736
	7456 8736
	7456 8768
	6400 8768
4
	8800 8736
	10432 8736
	10432 8768
	8800 8768
4
	11296 8736
	12896 8736
	12896 8768
	11296 8768
4
	0 8768
	5856 8768
	5856 8800
	0 8800
4
	6400 8768
	7456 8768
	7456 8800
	6400 8800
4
	8832 8768
	10400 8768
	10400 8800
	8832 8800
4
	11360 8768
	12896 8768
	12896 8800
	11360 8800
4
	0 8800
	5888 8800
	5888 8832
	0 8832
4
	6432 8800
	7456 8800
	7456 8832
	6432 8832
4
	8864 8800
	10368 8800
	10368 8832
	8864 8832
4
	11424 8800
	12896 8800
	12896 8832
	11424 8832
4
	0 8832
	5888 8832
	5888 8864
	0 8864
4
	6464 8832
	7456 8832
	7456 8864
	6464 8864
4
	8896 8832
	10336 8832
	10336 8864
	8896 8864
4
	11488 8832
	12896 8832
	12896 8864
	11488 8864
4
	0 8864
	5920 8864
	5920 8896
	0 8896
4
	6464 8864
	7456 8864
	7456 8896
	6464 8896
4
	8928 8864
	10304 8864
	10304 8896
	8928 8896
4
	11520 8864
	12896 8864
	12896 8896
	11520 8896
4
	0 8896
	5952 8896
	5952 8928
	0 8928
4
	6496 8896
	7456 8896
	7456 8928
	6496 8928
4
	8960 8896
	10272 8896
	10272 8928
	8960 8928
4
	11584 8896
	12896 8896
	12896 8928
	11584 8928
4
	0 8928
	5952 8928
	5952 8960
	0 8960
4
	6495 8959
	6497 8959
	6497 8961
	6495 8961
4
	6496 8928
	7456 8928
	7456 8960
	6496 8960
4
	9120 8928
	10144 8928
	10144 8960
	9120 8960
4
	11648 8928
	12896 8928
	12896 8960
	11648 8960
4
	0 8960
	5984 8960
	5984 8992
	0 8992
4
	6464 8960
	6496 8960
	6496 8992
	6464 8992
4
	6528 8960
	7424 8960
	7424 8992
	6528 8992
4
	9120 8960
	10048 8960
	10048 8992
	9120 8992
4
	11680 8960
	12896 8960
	12896 8992
	11680 8992
4
	0 8992
	6016 8992
	6016 9024
	0 9024
4
	6560 8992
	7232 8992
	7232 9024
	6560 9024
4
	7264 8992
	7424 8992
	7424 9024
	7264 9024
4
	9120 8992
	9952 8992
	9952 9024
	9120 9024
4
	11744 8992
	12896 8992
	12896 9024
	11744 9024
4
	0 9024
	6016 9024
	6016 9056
	0 9056
4
	6560 9024
	7136 9024
	7136 9056
	6560 9056
4
	7264 9024
	7456 9024
	7456 9056
	7264 9056
4
	9120 9024
	9888 9024
	9888 9056
	9120 9056
4
	11776 9024
	12896 9024
	12896 9056
	11776 9056
4
	0 9056
	6048 9056
	6048 9088
	0 9088
4
	6592 9056
	7040 9056
	7040 9088
	6592 9088
4
	7264 9056
	7456 9056
	7456 9088
	7264 9088
4
	9120 9056
	9824 9056
	9824 9088
	9120 9088
4
	11904 9056
	12896 9056
	12896 9088
	11904 9088
4
	0 9088
	6080 9088
	6080 9120
	0 9120
4
	6624 9088
	6976 9088
	6976 9120
	6624 9120
4
	7264 9088
	7456 9088
	7456 9120
	7264 9120
4
	9088 9088
	9760 9088
	9760 9120
	9088 9120
4
	12032 9088
	12896 9088
	12896 9120
	12032 9120
4
	0 9120
	6080 9120
	6080 9152
	0 9152
4
	6624 9120
	6880 9120
	6880 9152
	6624 9152
4
	7264 9120
	7456 9120
	7456 9152
	7264 9152
4
	9056 9120
	9696 9120
	9696 9152
	9056 9152
4
	12064 9120
	12896 9120
	12896 9152
	12064 9152
4
	0 9152
	6112 9152
	6112 9184
	0 9184
4
	6624 9152
	6816 9152
	6816 9184
	6624 9184
4
	7264 9152
	7456 9152
	7456 9184
	7264 9184
4
	9024 9152
	9664 9152
	9664 9184
	9024 9184
4
	12064 9152
	12896 9152
	12896 9184
	12064 9184
4
	0 9184
	6112 9184
	6112 9216
	0 9216
4
	6624 9184
	6784 9184
	6784 9216
	6624 9216
4
	7264 9184
	7488 9184
	7488 9216
	7264 9216
4
	8992 9184
	9632 9184
	9632 9216
	8992 9216
4
	12064 9184
	12896 9184
	12896 9216
	12064 9216
4
	0 9216
	6144 9216
	6144 9248
	0 9248
4
	6656 9216
	6720 9216
	6720 9248
	6656 9248
4
	7296 9216
	7488 9216
	7488 9248
	7296 9248
4
	8992 9216
	9600 9216
	9600 9248
	8992 9248
4
	12064 9216
	12896 9216
	12896 9248
	12064 9248
4
	0 9248
	6176 9248
	6176 9280
	0 9280
4
	7296 9248
	7488 9248
	7488 9280
	7296 9280
4
	9024 9248
	9536 9248
	9536 9280
	9024 9280
4
	12032 9248
	12896 9248
	12896 9280
	12032 9280
4
	0 9280
	6176 9280
	6176 9312
	0 9312
4
	7296 9280
	7488 9280
	7488 9312
	7296 9312
4
	8576 9280
	8608 9280
	8608 9312
	8576 9312
4
	9024 9280
	9504 9280
	9504 9312
	9024 9312
4
	11168 9280
	11296 9280
	11296 9312
	11168 9312
4
	12000 9280
	12896 9280
	12896 9312
	12000 9312
4
	0 9312
	6208 9312
	6208 9344
	0 9344
4
	7328 9312
	7520 9312
	7520 9344
	7328 9344
4
	8544 9312
	8704 9312
	8704 9344
	8544 9344
4
	9024 9312
	9440 9312
	9440 9344
	9024 9344
4
	11072 9312
	11296 9312
	11296 9344
	11072 9344
4
	12000 9312
	12896 9312
	12896 9344
	12000 9344
4
	0 9344
	6240 9344
	6240 9376
	0 9376
4
	7328 9344
	7520 9344
	7520 9376
	7328 9376
4
	8512 9344
	8736 9344
	8736 9376
	8512 9376
4
	9056 9344
	9408 9344
	9408 9376
	9056 9376
4
	10976 9344
	11392 9344
	11392 9376
	10976 9376
4
	12000 9344
	12896 9344
	12896 9376
	12000 9376
4
	0 9376
	6240 9376
	6240 9408
	0 9408
4
	7360 9376
	7552 9376
	7552 9408
	7360 9408
4
	8512 9376
	8768 9376
	8768 9408
	8512 9408
4
	9088 9376
	9344 9376
	9344 9408
	9088 9408
4
	10880 9376
	11456 9376
	11456 9408
	10880 9408
4
	12000 9376
	12896 9376
	12896 9408
	12000 9408
4
	0 9408
	6272 9408
	6272 9440
	0 9440
4
	7392 9408
	7552 9408
	7552 9440
	7392 9440
4
	8512 9408
	8800 9408
	8800 9440
	8512 9440
4
	9120 9408
	9280 9408
	9280 9440
	9120 9440
4
	10784 9408
	11552 9408
	11552 9440
	10784 9440
4
	12000 9408
	12896 9408
	12896 9440
	12000 9440
4
	0 9440
	6304 9440
	6304 9472
	0 9472
4
	7392 9440
	7584 9440
	7584 9472
	7392 9472
4
	8512 9440
	8800 9440
	8800 9472
	8512 9472
4
	9152 9440
	9216 9440
	9216 9472
	9152 9472
4
	11135 9471
	11137 9471
	11137 9473
	11135 9473
4
	10688 9440
	11136 9440
	11136 9472
	10688 9472
4
	11264 9440
	11616 9440
	11616 9472
	11264 9472
4
	12000 9440
	12896 9440
	12896 9472
	12000 9472
4
	0 9472
	6336 9472
	6336 9504
	0 9504
4
	7424 9472
	7520 9472
	7520 9504
	7424 9504
4
	8512 9472
	8800 9472
	8800 9504
	8512 9504
4
	10624 9472
	11040 9472
	11040 9504
	10624 9504
4
	11136 9472
	11168 9472
	11168 9504
	11136 9504
4
	11328 9472
	11808 9472
	11808 9504
	11328 9504
4
	12000 9472
	12896 9472
	12896 9504
	12000 9504
4
	0 9504
	6304 9504
	6304 9536
	0 9536
4
	8512 9504
	8832 9504
	8832 9536
	8512 9536
4
	8864 9504
	8896 9504
	8896 9536
	8864 9536
4
	10624 9504
	10944 9504
	10944 9536
	10624 9536
4
	11392 9504
	11808 9504
	11808 9536
	11392 9536
4
	12000 9504
	12896 9504
	12896 9536
	12000 9536
4
	0 9536
	6272 9536
	6272 9568
	0 9568
4
	7584 9536
	7680 9536
	7680 9568
	7584 9568
4
	8512 9536
	8896 9536
	8896 9568
	8512 9568
4
	10592 9536
	10848 9536
	10848 9568
	10592 9568
4
	11488 9536
	11840 9536
	11840 9568
	11488 9568
4
	12000 9536
	12896 9536
	12896 9568
	12000 9568
4
	0 9568
	6272 9568
	6272 9600
	0 9600
4
	7616 9568
	7648 9568
	7648 9600
	7616 9600
4
	8672 9568
	8864 9568
	8864 9600
	8672 9600
4
	10592 9568
	10752 9568
	10752 9600
	10592 9600
4
	11552 9568
	11840 9568
	11840 9600
	11552 9600
4
	12000 9568
	12896 9568
	12896 9600
	12000 9600
4
	0 9600
	6272 9600
	6272 9632
	0 9632
4
	8672 9600
	8800 9600
	8800 9632
	8672 9632
4
	10624 9600
	10720 9600
	10720 9632
	10624 9632
4
	11648 9600
	11840 9600
	11840 9632
	11648 9632
4
	12000 9600
	12896 9600
	12896 9632
	12000 9632
4
	0 9632
	6272 9632
	6272 9664
	0 9664
4
	8640 9632
	8768 9632
	8768 9664
	8640 9664
4
	10656 9632
	10688 9632
	10688 9664
	10656 9664
4
	11648 9632
	11872 9632
	11872 9664
	11648 9664
4
	11936 9632
	12896 9632
	12896 9664
	11936 9664
4
	0 9664
	6336 9664
	6336 9696
	0 9696
4
	8608 9664
	8768 9664
	8768 9696
	8608 9696
4
	11712 9664
	12896 9664
	12896 9696
	11712 9696
4
	0 9696
	6400 9696
	6400 9728
	0 9728
4
	8512 9696
	8736 9696
	8736 9728
	8512 9728
4
	11744 9696
	12896 9696
	12896 9728
	11744 9728
4
	0 9728
	6464 9728
	6464 9760
	0 9760
4
	8352 9728
	8672 9728
	8672 9760
	8352 9760
4
	11744 9728
	12896 9728
	12896 9760
	11744 9760
4
	0 9760
	6528 9760
	6528 9792
	0 9792
4
	8352 9760
	8640 9760
	8640 9792
	8352 9792
4
	11776 9760
	12896 9760
	12896 9792
	11776 9792
4
	0 9792
	6560 9792
	6560 9824
	0 9824
4
	8351 9823
	8353 9823
	8353 9825
	8351 9825
4
	8352 9792
	8608 9792
	8608 9824
	8352 9824
4
	11776 9792
	12896 9792
	12896 9824
	11776 9824
4
	0 9824
	6624 9824
	6624 9856
	0 9856
4
	8320 9824
	8352 9824
	8352 9856
	8320 9856
4
	8416 9824
	8480 9824
	8480 9856
	8416 9856
4
	11776 9824
	12896 9824
	12896 9856
	11776 9856
4
	0 9856
	6656 9856
	6656 9888
	0 9888
4
	11808 9856
	12896 9856
	12896 9888
	11808 9888
4
	0 9888
	6720 9888
	6720 9920
	0 9920
4
	11808 9888
	12896 9888
	12896 9920
	11808 9920
4
	0 9920
	6752 9920
	6752 9952
	0 9952
4
	11808 9920
	12896 9920
	12896 9952
	11808 9952
4
	0 9952
	6784 9952
	6784 9984
	0 9984
4
	10400 9952
	10528 9952
	10528 9984
	10400 9984
4
	11840 9952
	12896 9952
	12896 9984
	11840 9984
4
	0 9984
	6976 9984
	6976 10016
	0 10016
4
	10400 9984
	10528 9984
	10528 10016
	10400 10016
4
	11840 9984
	12896 9984
	12896 10016
	11840 10016
4
	0 10016
	7008 10016
	7008 10048
	0 10048
4
	10400 10016
	10528 10016
	10528 10048
	10400 10048
4
	11840 10016
	12896 10016
	12896 10048
	11840 10048
4
	0 10048
	7008 10048
	7008 10080
	0 10080
4
	9024 10048
	9056 10048
	9056 10080
	9024 10080
4
	10400 10048
	10560 10048
	10560 10080
	10400 10080
4
	11840 10048
	12896 10048
	12896 10080
	11840 10080
4
	0 10080
	7008 10080
	7008 10112
	0 10112
4
	10400 10080
	10560 10080
	10560 10112
	10400 10112
4
	11840 10080
	12896 10080
	12896 10112
	11840 10112
4
	0 10112
	7040 10112
	7040 10144
	0 10144
4
	9023 10143
	9025 10143
	9025 10145
	9023 10145
4
	9024 10112
	9056 10112
	9056 10144
	9024 10144
4
	10432 10112
	10592 10112
	10592 10144
	10432 10144
4
	11840 10112
	12896 10112
	12896 10144
	11840 10144
4
	0 10144
	7040 10144
	7040 10176
	0 10176
4
	8575 10175
	8577 10175
	8577 10177
	8575 10177
4
	8544 10144
	8576 10144
	8576 10176
	8544 10176
4
	8671 10175
	8673 10175
	8673 10177
	8671 10177
4
	8672 10144
	8704 10144
	8704 10176
	8672 10176
4
	8864 10144
	8896 10144
	8896 10176
	8864 10176
4
	8991 10175
	8993 10175
	8993 10177
	8991 10177
4
	8992 10144
	9024 10144
	9024 10176
	8992 10176
4
	10432 10144
	10592 10144
	10592 10176
	10432 10176
4
	11840 10144
	12896 10144
	12896 10176
	11840 10176
4
	0 10176
	7040 10176
	7040 10208
	0 10208
4
	8576 10176
	8672 10176
	8672 10208
	8576 10208
4
	8928 10176
	8992 10176
	8992 10208
	8928 10208
4
	9120 10176
	9184 10176
	9184 10208
	9120 10208
4
	10464 10176
	10592 10176
	10592 10208
	10464 10208
4
	11808 10176
	12896 10176
	12896 10208
	11808 10208
4
	0 10208
	7040 10208
	7040 10240
	0 10240
4
	9120 10208
	9152 10208
	9152 10240
	9120 10240
4
	10464 10208
	10624 10208
	10624 10240
	10464 10240
4
	11776 10208
	12896 10208
	12896 10240
	11776 10240
4
	0 10240
	7008 10240
	7008 10272
	0 10272
4
	10464 10240
	10624 10240
	10624 10272
	10464 10272
4
	11744 10240
	12896 10240
	12896 10272
	11744 10272
4
	0 10272
	7008 10272
	7008 10304
	0 10304
4
	10496 10272
	10624 10272
	10624 10304
	10496 10304
4
	11712 10272
	12896 10272
	12896 10304
	11712 10304
4
	0 10304
	7040 10304
	7040 10336
	0 10336
4
	10496 10304
	10656 10304
	10656 10336
	10496 10336
4
	11712 10304
	11872 10304
	11872 10336
	11712 10336
4
	11904 10304
	12896 10304
	12896 10336
	11904 10336
4
	0 10336
	7072 10336
	7072 10368
	0 10368
4
	10496 10336
	10656 10336
	10656 10368
	10496 10368
4
	11680 10336
	11872 10336
	11872 10368
	11680 10368
4
	11936 10336
	12896 10336
	12896 10368
	11936 10368
4
	0 10368
	7104 10368
	7104 10400
	0 10400
4
	10528 10368
	10688 10368
	10688 10400
	10528 10400
4
	11648 10368
	11840 10368
	11840 10400
	11648 10400
4
	11936 10368
	12896 10368
	12896 10400
	11936 10400
4
	0 10400
	7104 10400
	7104 10432
	0 10432
4
	10528 10400
	10688 10400
	10688 10432
	10528 10432
4
	11616 10400
	11808 10400
	11808 10432
	11616 10432
4
	11936 10400
	12896 10400
	12896 10432
	11936 10432
4
	0 10432
	7136 10432
	7136 10464
	0 10464
4
	10560 10432
	10688 10432
	10688 10464
	10560 10464
4
	11616 10432
	11776 10432
	11776 10464
	11616 10464
4
	11968 10432
	12896 10432
	12896 10464
	11968 10464
4
	0 10464
	7136 10464
	7136 10496
	0 10496
4
	10560 10464
	10720 10464
	10720 10496
	10560 10496
4
	11584 10464
	11776 10464
	11776 10496
	11584 10496
4
	11968 10464
	12896 10464
	12896 10496
	11968 10496
4
	0 10496
	7168 10496
	7168 10528
	0 10528
4
	10560 10496
	10752 10496
	10752 10528
	10560 10528
4
	11488 10496
	11744 10496
	11744 10528
	11488 10528
4
	12000 10496
	12896 10496
	12896 10528
	12000 10528
4
	0 10528
	7168 10528
	7168 10560
	0 10560
4
	10592 10528
	10848 10528
	10848 10560
	10592 10560
4
	11392 10528
	11712 10528
	11712 10560
	11392 10560
4
	12032 10528
	12896 10528
	12896 10560
	12032 10560
4
	0 10560
	7200 10560
	7200 10592
	0 10592
4
	10592 10560
	10944 10560
	10944 10592
	10592 10592
4
	11296 10560
	11680 10560
	11680 10592
	11296 10592
4
	12032 10560
	12896 10560
	12896 10592
	12032 10592
4
	0 10592
	7200 10592
	7200 10624
	0 10624
4
	10592 10592
	11008 10592
	11008 10624
	10592 10624
4
	11168 10592
	11648 10592
	11648 10624
	11168 10624
4
	12032 10592
	12896 10592
	12896 10624
	12032 10624
4
	0 10624
	7200 10624
	7200 10656
	0 10656
4
	10624 10624
	11552 10624
	11552 10656
	10624 10656
4
	12032 10624
	12896 10624
	12896 10656
	12032 10656
4
	0 10656
	7200 10656
	7200 10688
	0 10688
4
	10784 10656
	11456 10656
	11456 10688
	10784 10688
4
	12000 10656
	12896 10656
	12896 10688
	12000 10688
4
	0 10688
	7200 10688
	7200 10720
	0 10720
4
	10880 10688
	11360 10688
	11360 10720
	10880 10720
4
	11968 10688
	12896 10688
	12896 10720
	11968 10720
4
	0 10720
	7200 10720
	7200 10752
	0 10752
4
	10944 10720
	11264 10720
	11264 10752
	10944 10752
4
	11936 10720
	12896 10720
	12896 10752
	11936 10752
4
	0 10752
	7200 10752
	7200 10784
	0 10784
4
	11040 10752
	11232 10752
	11232 10784
	11040 10784
4
	11936 10752
	12896 10752
	12896 10784
	11936 10784
4
	0 10784
	7200 10784
	7200 10816
	0 10816
4
	11136 10784
	11200 10784
	11200 10816
	11136 10816
4
	11936 10784
	12896 10784
	12896 10816
	11936 10816
4
	0 10816
	7168 10816
	7168 10848
	0 10848
4
	11904 10816
	12896 10816
	12896 10848
	11904 10848
4
	0 10848
	7168 10848
	7168 10880
	0 10880
4
	11904 10848
	12896 10848
	12896 10880
	11904 10880
4
	0 10880
	7168 10880
	7168 10912
	0 10912
4
	9568 10880
	9632 10880
	9632 10912
	9568 10912
4
	11904 10880
	12896 10880
	12896 10912
	11904 10912
4
	0 10912
	7168 10912
	7168 10944
	0 10944
4
	9600 10912
	9664 10912
	9664 10944
	9600 10944
4
	11904 10912
	12896 10912
	12896 10944
	11904 10944
4
	0 10944
	7168 10944
	7168 10976
	0 10976
4
	9503 10975
	9505 10975
	9505 10977
	9503 10977
4
	9472 10944
	9504 10944
	9504 10976
	9472 10976
4
	9632 10944
	9696 10944
	9696 10976
	9632 10976
4
	11904 10944
	12896 10944
	12896 10976
	11904 10976
4
	0 10976
	7168 10976
	7168 11008
	0 11008
4
	9504 10976
	9536 10976
	9536 11008
	9504 11008
4
	9664 10976
	9696 10976
	9696 11008
	9664 11008
4
	11872 10976
	12896 10976
	12896 11008
	11872 11008
4
	0 11008
	7136 11008
	7136 11040
	0 11040
4
	9632 11008
	9696 11008
	9696 11040
	9632 11040
4
	11872 11008
	12896 11008
	12896 11040
	11872 11040
4
	0 11040
	7136 11040
	7136 11072
	0 11072
4
	9632 11040
	9696 11040
	9696 11072
	9632 11072
4
	11872 11040
	12896 11040
	12896 11072
	11872 11072
4
	0 11072
	7136 11072
	7136 11104
	0 11104
4
	9472 11072
	9536 11072
	9536 11104
	9472 11104
4
	9600 11072
	9664 11072
	9664 11104
	9600 11104
4
	11872 11072
	12896 11072
	12896 11104
	11872 11104
4
	0 11104
	7136 11104
	7136 11136
	0 11136
4
	9504 11104
	9664 11104
	9664 11136
	9504 11136
4
	11872 11104
	12896 11104
	12896 11136
	11872 11136
4
	0 11136
	7104 11136
	7104 11168
	0 11168
4
	11872 11136
	12896 11136
	12896 11168
	11872 11168
4
	0 11168
	7072 11168
	7072 11200
	0 11200
4
	11872 11168
	12896 11168
	12896 11200
	11872 11200
4
	0 11200
	7072 11200
	7072 11232
	0 11232
4
	11872 11200
	12896 11200
	12896 11232
	11872 11232
4
	0 11232
	7040 11232
	7040 11264
	0 11264
4
	10816 11232
	10848 11232
	10848 11264
	10816 11264
4
	11872 11232
	12896 11232
	12896 11264
	11872 11264
4
	0 11264
	7040 11264
	7040 11296
	0 11296
4
	11872 11264
	12896 11264
	12896 11296
	11872 11296
4
	0 11296
	7040 11296
	7040 11328
	0 11328
4
	9600 11296
	9632 11296
	9632 11328
	9600 11328
4
	11904 11296
	12896 11296
	12896 11328
	11904 11328
4
	0 11328
	7072 11328
	7072 11360
	0 11360
4
	11904 11328
	12896 11328
	12896 11360
	11904 11360
4
	0 11360
	7072 11360
	7072 11392
	0 11392
4
	9600 11360
	9632 11360
	9632 11392
	9600 11392
4
	11904 11360
	12896 11360
	12896 11392
	11904 11392
4
	0 11392
	7072 11392
	7072 11424
	0 11424
4
	11936 11392
	12896 11392
	12896 11424
	11936 11424
4
	0 11424
	7072 11424
	7072 11456
	0 11456
4
	9568 11424
	9600 11424
	9600 11456
	9568 11456
4
	11936 11424
	12896 11424
	12896 11456
	11936 11456
4
	0 11456
	7072 11456
	7072 11488
	0 11488
4
	9728 11456
	9888 11456
	9888 11488
	9728 11488
4
	10816 11456
	10880 11456
	10880 11488
	10816 11488
4
	11936 11456
	12896 11456
	12896 11488
	11936 11488
4
	0 11488
	7104 11488
	7104 11520
	0 11520
4
	9696 11488
	9920 11488
	9920 11520
	9696 11520
4
	10784 11488
	10944 11488
	10944 11520
	10784 11520
4
	11936 11488
	12896 11488
	12896 11520
	11936 11520
4
	0 11520
	7104 11520
	7104 11552
	0 11552
4
	9696 11520
	9920 11520
	9920 11552
	9696 11552
4
	10784 11520
	10848 11520
	10848 11552
	10784 11552
4
	11168 11520
	11200 11520
	11200 11552
	11168 11552
4
	11936 11520
	12896 11520
	12896 11552
	11936 11552
4
	0 11552
	7104 11552
	7104 11584
	0 11584
4
	9696 11552
	9920 11552
	9920 11584
	9696 11584
4
	10912 11552
	10976 11552
	10976 11584
	10912 11584
4
	11136 11552
	11200 11552
	11200 11584
	11136 11584
4
	11968 11552
	12896 11552
	12896 11584
	11968 11584
4
	0 11584
	7136 11584
	7136 11616
	0 11616
4
	9696 11584
	9920 11584
	9920 11616
	9696 11616
4
	11136 11584
	11200 11584
	11200 11616
	11136 11616
4
	11968 11584
	12896 11584
	12896 11616
	11968 11616
4
	0 11616
	7136 11616
	7136 11648
	0 11648
4
	9696 11616
	9888 11616
	9888 11648
	9696 11648
4
	11136 11616
	11200 11616
	11200 11648
	11136 11648
4
	12000 11616
	12896 11616
	12896 11648
	12000 11648
4
	0 11648
	7168 11648
	7168 11680
	0 11680
4
	7232 11648
	7488 11648
	7488 11680
	7232 11680
4
	9760 11648
	9792 11648
	9792 11680
	9760 11680
4
	11136 11648
	11200 11648
	11200 11680
	11136 11680
4
	12000 11648
	12896 11648
	12896 11680
	12000 11680
4
	0 11680
	7488 11680
	7488 11712
	0 11712
4
	11168 11680
	11232 11680
	11232 11712
	11168 11712
4
	12000 11680
	12896 11680
	12896 11712
	12000 11712
4
	0 11712
	7488 11712
	7488 11744
	0 11744
4
	11168 11712
	11232 11712
	11232 11744
	11168 11744
4
	12000 11712
	12896 11712
	12896 11744
	12000 11744
4
	0 11744
	7488 11744
	7488 11776
	0 11776
4
	11200 11744
	11232 11744
	11232 11776
	11200 11776
4
	12000 11744
	12896 11744
	12896 11776
	12000 11776
4
	0 11776
	7488 11776
	7488 11808
	0 11808
4
	11200 11776
	11232 11776
	11232 11808
	11200 11808
4
	12000 11776
	12896 11776
	12896 11808
	12000 11808
4
	0 11808
	7456 11808
	7456 11840
	0 11840
4
	9088 11808
	9216 11808
	9216 11840
	9088 11840
4
	12000 11808
	12896 11808
	12896 11840
	12000 11840
4
	0 11840
	7424 11840
	7424 11872
	0 11872
4
	9056 11840
	9248 11840
	9248 11872
	9056 11872
4
	12000 11840
	12896 11840
	12896 11872
	12000 11872
4
	0 11872
	7392 11872
	7392 11904
	0 11904
4
	9056 11872
	9088 11872
	9088 11904
	9056 11904
4
	9216 11872
	9280 11872
	9280 11904
	9216 11904
4
	12000 11872
	12896 11872
	12896 11904
	12000 11904
4
	0 11904
	7392 11904
	7392 11936
	0 11936
4
	9056 11904
	9088 11904
	9088 11936
	9056 11936
4
	9248 11904
	9280 11904
	9280 11936
	9248 11936
4
	12000 11904
	12896 11904
	12896 11936
	12000 11936
4
	0 11936
	7360 11936
	7360 11968
	0 11968
4
	9056 11936
	9088 11936
	9088 11968
	9056 11968
4
	9248 11936
	9280 11936
	9280 11968
	9248 11968
4
	12000 11936
	12896 11936
	12896 11968
	12000 11968
4
	0 11968
	7360 11968
	7360 12000
	0 12000
4
	9087 11999
	9089 11999
	9089 12001
	9087 12001
4
	9056 11968
	9088 11968
	9088 12000
	9056 12000
4
	9216 11968
	9280 11968
	9280 12000
	9216 12000
4
	12000 11968
	12896 11968
	12896 12000
	12000 12000
4
	0 12000
	7360 12000
	7360 12032
	0 12032
4
	9088 12000
	9120 12000
	9120 12032
	9088 12032
4
	9184 12000
	9248 12000
	9248 12032
	9184 12032
4
	12000 12000
	12896 12000
	12896 12032
	12000 12032
4
	0 12032
	7360 12032
	7360 12064
	0 12064
4
	9152 12032
	9216 12032
	9216 12064
	9152 12064
4
	12032 12032
	12896 12032
	12896 12064
	12032 12064
4
	0 12064
	7360 12064
	7360 12096
	0 12096
4
	9952 12064
	10144 12064
	10144 12096
	9952 12096
4
	12032 12064
	12896 12064
	12896 12096
	12032 12096
4
	0 12096
	7360 12096
	7360 12128
	0 12128
4
	9888 12096
	10208 12096
	10208 12128
	9888 12128
4
	12032 12096
	12896 12096
	12896 12128
	12032 12128
4
	0 12128
	7360 12128
	7360 12160
	0 12160
4
	9856 12128
	10240 12128
	10240 12160
	9856 12160
4
	12032 12128
	12896 12128
	12896 12160
	12032 12160
4
	0 12160
	7392 12160
	7392 12192
	0 12192
4
	9824 12160
	10272 12160
	10272 12192
	9824 12192
4
	12032 12160
	12896 12160
	12896 12192
	12032 12192
4
	0 12192
	7424 12192
	7424 12224
	0 12224
4
	9824 12192
	10304 12192
	10304 12224
	9824 12224
4
	12032 12192
	12896 12192
	12896 12224
	12032 12224
4
	0 12224
	7456 12224
	7456 12256
	0 12256
4
	9024 12224
	9056 12224
	9056 12256
	9024 12256
4
	9824 12224
	10336 12224
	10336 12256
	9824 12256
4
	10528 12224
	10560 12224
	10560 12256
	10528 12256
4
	12032 12224
	12896 12224
	12896 12256
	12032 12256
4
	0 12256
	7488 12256
	7488 12288
	0 12288
4
	9024 12256
	9056 12256
	9056 12288
	9024 12288
4
	9856 12256
	10336 12256
	10336 12288
	9856 12288
4
	12032 12256
	12896 12256
	12896 12288
	12032 12288
4
	0 12288
	7520 12288
	7520 12320
	0 12320
4
	9024 12288
	9056 12288
	9056 12320
	9024 12320
4
	9856 12288
	10336 12288
	10336 12320
	9856 12320
4
	11104 12288
	11136 12288
	11136 12320
	11104 12320
4
	12032 12288
	12896 12288
	12896 12320
	12032 12320
4
	0 12320
	7552 12320
	7552 12352
	0 12352
4
	9024 12320
	9088 12320
	9088 12352
	9024 12352
4
	9856 12320
	10336 12320
	10336 12352
	9856 12352
4
	11104 12320
	11136 12320
	11136 12352
	11104 12352
4
	12000 12320
	12896 12320
	12896 12352
	12000 12352
4
	0 12352
	7584 12352
	7584 12384
	0 12384
4
	9056 12352
	9088 12352
	9088 12384
	9056 12384
4
	9888 12352
	10336 12352
	10336 12384
	9888 12384
4
	11104 12352
	11136 12352
	11136 12384
	11104 12384
4
	11744 12352
	12896 12352
	12896 12384
	11744 12384
4
	0 12384
	7616 12384
	7616 12416
	0 12416
4
	9888 12384
	10368 12384
	10368 12416
	9888 12416
4
	11104 12384
	11168 12384
	11168 12416
	11104 12416
4
	11712 12384
	12896 12384
	12896 12416
	11712 12416
4
	0 12416
	7648 12416
	7648 12448
	0 12448
4
	9888 12416
	10400 12416
	10400 12448
	9888 12448
4
	11104 12416
	11168 12416
	11168 12448
	11104 12448
4
	11680 12416
	12896 12416
	12896 12448
	11680 12448
4
	0 12448
	7680 12448
	7680 12480
	0 12480
4
	9888 12448
	10432 12448
	10432 12480
	9888 12480
4
	11136 12448
	11200 12448
	11200 12480
	11136 12480
4
	11392 12448
	11424 12448
	11424 12480
	11392 12480
4
	11616 12448
	12896 12448
	12896 12480
	11616 12480
4
	0 12480
	7680 12480
	7680 12512
	0 12512
4
	9920 12480
	10496 12480
	10496 12512
	9920 12512
4
	11168 12480
	11232 12480
	11232 12512
	11168 12512
4
	11360 12480
	11424 12480
	11424 12512
	11360 12512
4
	11552 12480
	12896 12480
	12896 12512
	11552 12512
4
	0 12512
	7680 12512
	7680 12544
	0 12544
4
	9856 12512
	10560 12512
	10560 12544
	9856 12544
4
	10752 12512
	10880 12512
	10880 12544
	10752 12544
4
	11168 12512
	11232 12512
	11232 12544
	11168 12544
4
	11392 12512
	11424 12512
	11424 12544
	11392 12544
4
	11456 12512
	12896 12512
	12896 12544
	11456 12544
4
	0 12544
	7648 12544
	7648 12576
	0 12576
4
	9760 12544
	10912 12544
	10912 12576
	9760 12576
4
	11168 12544
	11232 12544
	11232 12576
	11168 12576
4
	11328 12544
	12896 12544
	12896 12576
	11328 12576
4
	0 12576
	7648 12576
	7648 12608
	0 12608
4
	8960 12576
	9408 12576
	9408 12608
	8960 12608
4
	9696 12576
	10944 12576
	10944 12608
	9696 12608
4
	11168 12576
	11232 12576
	11232 12608
	11168 12608
4
	11264 12576
	12896 12576
	12896 12608
	11264 12608
4
	0 12608
	7648 12608
	7648 12640
	0 12640
4
	8640 12608
	10976 12608
	10976 12640
	8640 12640
4
	11200 12608
	11232 12608
	11232 12640
	11200 12640
4
	11264 12608
	12896 12608
	12896 12640
	11264 12640
4
	0 12640
	7680 12640
	7680 12672
	0 12672
4
	8576 12640
	10976 12640
	10976 12672
	8576 12672
4
	11200 12640
	12896 12640
	12896 12672
	11200 12672
4
	0 12672
	7680 12672
	7680 12704
	0 12704
4
	8512 12672
	12896 12672
	12896 12704
	8512 12704
4
	0 12704
	7680 12704
	7680 12736
	0 12736
4
	8480 12704
	12896 12704
	12896 12736
	8480 12736
4
	0 12736
	7680 12736
	7680 12768
	0 12768
4
	8448 12736
	12896 12736
	12896 12768
	8448 12768
4
	0 12768
	7680 12768
	7680 12800
	0 12800
4
	8448 12768
	12896 12768
	12896 12800
	8448 12800
4
	0 12800
	7680 12800
	7680 12832
	0 12832
4
	8448 12800
	12896 12800
	12896 12832
	8448 12832
4
	0 12832
	7680 12832
	7680 12864
	0 12864
4
	8416 12832
	12896 12832
	12896 12864
	8416 12864
4
	0 12864
	7680 12864
	7680 12896
	0 12896
4
	8416 12864
	12896 12864
	12896 12896
	8416 12896
4
	0 12896
	7680 12896
	7680 12928
	0 12928
4
	8416 12896
	12896 12896
	12896 12928
	8416 12928
4
	0 12928
	7680 12928
	7680 12960
	0 12960
4
	8416 12928
	12896 12928
	12896 12960
	8416 12960
4
	0 12960
	7680 12960
	7680 12992
	0 12992
4
	8384 12960
	12896 12960
	12896 12992
	8384 12992
4
	0 12992
	7680 12992
	7680 13024
	0 13024
4
	8384 12992
	12896 12992
	12896 13024
	8384 13024
4
	0 13024
	7680 13024
	7680 13056
	0 13056
4
	8384 13024
	12896 13024
	12896 13056
	8384 13056
4
	0 13056
	7680 13056
	7680 13088
	0 13088
4
	8384 13056
	12896 13056
	12896 13088
	8384 13088
4
	0 13088
	7680 13088
	7680 13120
	0 13120
4
	8384 13088
	12896 13088
	12896 13120
	8384 13120
4
	0 13120
	7680 13120
	7680 13152
	0 13152
4
	8384 13120
	12896 13120
	12896 13152
	8384 13152
4
	0 13152
	7680 13152
	7680 13184
	0 13184
4
	8384 13152
	12896 13152
	12896 13184
	8384 13184
4
	0 13184
	7680 13184
	7680 13216
	0 13216
4
	8352 13184
	12896 13184
	12896 13216
	8352 13216
4
	0 13216
	7680 13216
	7680 13248
	0 13248
4
	8384 13216
	12896 13216
	12896 13248
	8384 13248
4
	0 13248
	7680 13248
	7680 13280
	0 13280
4
	8384 13248
	12896 13248
	12896 13280
	8384 13280
4
	0 13280
	7680 13280
	7680 13312
	0 13312
4
	8384 13280
	12896 13280
	12896 13312
	8384 13312
4
	0 13312
	7680 13312
	7680 13344
	0 13344
4
	8384 13312
	12896 13312
	12896 13344
	8384 13344
4
	0 13344
	7680 13344
	7680 13376
	0 13376
4
	8416 13344
	12896 13344
	12896 13376
	8416 13376
4
	0 13376
	7680 13376
	7680 13408
	0 13408
4
	8416 13376
	12896 13376
	12896 13408
	8416 13408
4
	0 13408
	7680 13408
	7680 13440
	0 13440
4
	8384 13408
	12896 13408
	12896 13440
	8384 13440
4
	0 13440
	7680 13440
	7680 13472
	0 13472
4
	8384 13440
	12896 13440
	12896 13472
	8384 13472
4
	0 13472
	7648 13472
	7648 13504
	0 13504
4
	8384 13472
	12896 13472
	12896 13504
	8384 13504
4
	0 13504
	7648 13504
	7648 13536
	0 13536
4
	8384 13504
	12896 13504
	12896 13536
	8384 13536
4
	0 13536
	7648 13536
	7648 13568
	0 13568
4
	8384 13536
	12896 13536
	12896 13568
	8384 13568
4
	0 13568
	7648 13568
	7648 13600
	0 13600
4
	8384 13568
	12896 13568
	12896 13600
	8384 13600
4
	0 13600
	7648 13600
	7648 13632
	0 13632
4
	8384 13600
	12896 13600
	12896 13632
	8384 13632
4
	0 13632
	7616 13632
	7616 13664
	0 13664
4
	8352 13632
	12896 13632
	12896 13664
	8352 13664
4
	0 13664
	7616 13664
	7616 13696
	0 13696
4
	8352 13664
	12896 13664
	12896 13696
	8352 13696
4
	0 13696
	7616 13696
	7616 13728
	0 13728
4
	8352 13696
	12896 13696
	12896 13728
	8352 13728
4
	0 13728
	7616 13728
	7616 13760
	0 13760
4
	8352 13728
	12896 13728
	12896 13760
	8352 13760
4
	0 13760
	7616 13760
	7616 13792
	0 13792
4
	8352 13760
	12896 13760
	12896 13792
	8352 13792
4
	0 13792
	7584 13792
	7584 13824
	0 13824
4
	8352 13792
	12896 13792
	12896 13824
	8352 13824
4
	0 13824
	7584 13824
	7584 13856
	0 13856
4
	8352 13824
	12896 13824
	12896 13856
	8352 13856
4
	0 13856
	7552 13856
	7552 13888
	0 13888
4
	8352 13856
	12896 13856
	12896 13888
	8352 13888
4
	0 13888
	7552 13888
	7552 13920
	0 13920
4
	8352 13888
	12896 13888
	12896 13920
	8352 13920
4
	0 13920
	7552 13920
	7552 13952
	0 13952
4
	8352 13920
	12896 13920
	12896 13952
	8352 13952
4
	0 13952
	7520 13952
	7520 13984
	0 13984
4
	8352 13952
	12896 13952
	12896 13984
	8352 13984
4
	0 13984
	7520 13984
	7520 14016
	0 14016
4
	8352 13984
	12896 13984
	12896 14016
	8352 14016
4
	0 14016
	7488 14016
	7488 14048
	0 14048
4
	8352 14016
	12896 14016
	12896 14048
	8352 14048
4
	0 14048
	7488 14048
	7488 14080
	0 14080
4
	8352 14048
	12896 14048
	12896 14080
	8352 14080
4
	0 14080
	7488 14080
	7488 14112
	0 14112
4
	8352 14080
	12896 14080
	12896 14112
	8352 14112
4
	0 14112
	7456 14112
	7456 14144
	0 14144
4
	8352 14112
	12896 14112
	12896 14144
	8352 14144
4
	0 14144
	7456 14144
	7456 14176
	0 14176
4
	8352 14144
	12896 14144
	12896 14176
	8352 14176
4
	0 14176
	7456 14176
	7456 14208
	0 14208
4
	8352 14176
	12896 14176
	12896 14208
	8352 14208
4
	0 14208
	7424 14208
	7424 14240
	0 14240
4
	8352 14208
	12896 14208
	12896 14240
	8352 14240
4
	0 14240
	7424 14240
	7424 14272
	0 14272
4
	8352 14240
	12896 14240
	12896 14272
	8352 14272
4
	0 14272
	7392 14272
	7392 14304
	0 14304
4
	8352 14272
	12896 14272
	12896 14304
	8352 14304
4
	0 14304
	7392 14304
	7392 14336
	0 14336
4
	8352 14304
	12896 14304
	12896 14336
	8352 14336
4
	0 14336
	7392 14336
	7392 14368
	0 14368
4
	8352 14336
	12896 14336
	12896 14368
	8352 14368
4
	0 14368
	7360 14368
	7360 14400
	0 14400
4
	8352 14368
	12896 14368
	12896 14400
	8352 14400
4
	0 14400
	7360 14400
	7360 14432
	0 14432
4
	8352 14400
	12896 14400
	12896 14432
	8352 14432
4
	0 14432
	7360 14432
	7360 14464
	0 14464
4
	8352 14432
	12896 14432
	12896 14464
	8352 14464
4
	0 14464
	7360 14464
	7360 14496
	0 14496
4
	8352 14464
	12896 14464
	12896 14496
	8352 14496
4
	0 14496
	7360 14496
	7360 14528
	0 14528
4
	8352 14496
	12896 14496
	12896 14528
	8352 14528
4
	0 14528
	7328 14528
	7328 14560
	0 14560
4
	8352 14528
	12896 14528
	12896 14560
	8352 14560
4
	0 14560
	7328 14560
	7328 14592
	0 14592
4
	8352 14560
	12896 14560
	12896 14592
	8352 14592
4
	0 14592
	7328 14592
	7328 14624
	0 14624
4
	8384 14592
	12896 14592
	12896 14624
	8384 14624
4
	0 14624
	7328 14624
	7328 14656
	0 14656
4
	8384 14624
	12896 14624
	12896 14656
	8384 14656
4
	0 14656
	7328 14656
	7328 14688
	0 14688
4
	8384 14656
	12896 14656
	12896 14688
	8384 14688
4
	0 14688
	7328 14688
	7328 14720
	0 14720
4
	8416 14688
	12896 14688
	12896 14720
	8416 14720
4
	0 14720
	7296 14720
	7296 14752
	0 14752
4
	8416 14720
	12896 14720
	12896 14752
	8416 14752
4
	0 14752
	7296 14752
	7296 14784
	0 14784
4
	8448 14752
	12896 14752
	12896 14784
	8448 14784
4
	0 14784
	7296 14784
	7296 14816
	0 14816
4
	8448 14784
	12896 14784
	12896 14816
	8448 14816
4
	0 14816
	7296 14816
	7296 14848
	0 14848
4
	8448 14816
	12896 14816
	12896 14848
	8448 14848
4
	0 14848
	7296 14848
	7296 14880
	0 14880
4
	8480 14848
	12896 14848
	12896 14880
	8480 14880
4
	0 14880
	7296 14880
	7296 14912
	0 14912
4
	8480 14880
	12896 14880
	12896 14912
	8480 14912
4
	0 14912
	7296 14912
	7296 14944
	0 14944
4
	8512 14912
	12896 14912
	12896 14944
	8512 14944
4
	0 14944
	7296 14944
	7296 14976
	0 14976
4
	8544 14944
	12896 14944
	12896 14976
	8544 14976
4
	0 14976
	7296 14976
	7296 15008
	0 15008
4
	8576 14976
	12896 14976
	12896 15008
	8576 15008
4
	0 15008
	7296 15008
	7296 15040
	0 15040
4
	8608 15008
	12896 15008
	12896 15040
	8608 15040
4
	0 15040
	7296 15040
	7296 15072
	0 15072
4
	8640 15040
	12896 15040
	12896 15072
	8640 15072
4
	0 15072
	7264 15072
	7264 15104
	0 15104
4
	8672 15072
	12896 15072
	12896 15104
	8672 15104
4
	0 15104
	7296 15104
	7296 15136
	0 15136
4
	8704 15104
	12896 15104
	12896 15136
	8704 15136
4
	0 15136
	7296 15136
	7296 15168
	0 15168
4
	8704 15136
	12896 15136
	12896 15168
	8704 15168
4
	0 15168
	7296 15168
	7296 15200
	0 15200
4
	8736 15168
	12896 15168
	12896 15200
	8736 15200
4
	0 15200
	7296 15200
	7296 15232
	0 15232
4
	8736 15200
	12896 15200
	12896 15232
	8736 15232
4
	0 15232
	7296 15232
	7296 15264
	0 15264
4
	8768 15232
	12896 15232
	12896 15264
	8768 15264
4
	0 15264
	7296 15264
	7296 15296
	0 15296
4
	8800 15264
	12896 15264
	12896 15296
	8800 15296
4
	0 15296
	7296 15296
	7296 15328
	0 15328
4
	8832 15296
	12896 15296
	12896 15328
	8832 15328
4
	0 15328
	7296 15328
	7296 15360
	0 15360
4
	8832 15328
	12896 15328
	12896 15360
	8832 15360
4
	0 15360
	7296 15360
	7296 15392
	0 15392
4
	8864 15360
	12896 15360
	12896 15392
	8864 15392
4
	0 15392
	7296 15392
	7296 15424
	0 15424
4
	7584 15392
	7712 15392
	7712 15424
	7584 15424
4
	8864 15392
	12896 15392
	12896 15424
	8864 15424
4
	0 15424
	7264 15424
	7264 15456
	0 15456
4
	7584 15424
	7712 15424
	7712 15456
	7584 15456
4
	8576 15424
	8704 15424
	8704 15456
	8576 15456
4
	8864 15424
	12896 15424
	12896 15456
	8864 15456
4
	0 15456
	7264 15456
	7264 15488
	0 15488
4
	7584 15456
	7712 15456
	7712 15488
	7584 15488
4
	8576 15456
	8704 15456
	8704 15488
	8576 15488
4
	8864 15456
	12896 15456
	12896 15488
	8864 15488
4
	0 15488
	7264 15488
	7264 15520
	0 15520
4
	7584 15488
	7712 15488
	7712 15520
	7584 15520
4
	8576 15488
	8704 15488
	8704 15520
	8576 15520
4
	8864 15488
	12896 15488
	12896 15520
	8864 15520
4
	0 15520
	7264 15520
	7264 15552
	0 15552
4
	7584 15520
	7712 15520
	7712 15552
	7584 15552
4
	8576 15520
	8704 15520
	8704 15552
	8576 15552
4
	8864 15520
	12896 15520
	12896 15552
	8864 15552
4
	0 15552
	7264 15552
	7264 15584
	0 15584
4
	7584 15552
	7712 15552
	7712 15584
	7584 15584
4
	8864 15552
	12896 15552
	12896 15584
	8864 15584
4
	0 15584
	7264 15584
	7264 15616
	0 15616
4
	7584 15584
	7712 15584
	7712 15616
	7584 15616
4
	8864 15584
	12896 15584
	12896 15616
	8864 15616
4
	0 15616
	7264 15616
	7264 15648
	0 15648
4
	7584 15616
	7712 15616
	7712 15648
	7584 15648
4
	8896 15616
	12896 15616
	12896 15648
	8896 15648
4
	0 15648
	7232 15648
	7232 15680
	0 15680
4
	7584 15648
	7712 15648
	7712 15680
	7584 15680
4
	8896 15648
	12896 15648
	12896 15680
	8896 15680
4
	0 15680
	7232 15680
	7232 15712
	0 15712
4
	7584 15680
	7712 15680
	7712 15712
	7584 15712
4
	8864 15680
	12896 15680
	12896 15712
	8864 15712
4
	0 15712
	7232 15712
	7232 15744
	0 15744
4
	7584 15712
	7712 15712
	7712 15744
	7584 15744
4
	8864 15712
	12896 15712
	12896 15744
	8864 15744
4
	0 15744
	7232 15744
	7232 15776
	0 15776
4
	7584 15744
	7712 15744
	7712 15776
	7584 15776
4
	8864 15744
	12896 15744
	12896 15776
	8864 15776
4
	0 15776
	7232 15776
	7232 15808
	0 15808
4
	7584 15776
	7712 15776
	7712 15808
	7584 15808
4
	8864 15776
	12896 15776
	12896 15808
	8864 15808
4
	0 15808
	7232 15808
	7232 15840
	0 15840
4
	7584 15808
	7712 15808
	7712 15840
	7584 15840
4
	8864 15808
	12896 15808
	12896 15840
	8864 15840
4
	0 15840
	7232 15840
	7232 15872
	0 15872
4
	7584 15840
	7712 15840
	7712 15872
	7584 15872
4
	8864 15840
	12896 15840
	12896 15872
	8864 15872
4
	0 15872
	7232 15872
	7232 15904
	0 15904
4
	7584 15872
	7712 15872
	7712 15904
	7584 15904
4
	8864 15872
	12896 15872
	12896 15904
	8864 15904
4
	0 15904
	7264 15904
	7264 15936
	0 15936
4
	7552 15904
	7744 15904
	7744 15936
	7552 15936
4
	8672 15904
	8800 15904
	8800 15936
	8672 15936
4
	8832 15904
	12896 15904
	12896 15936
	8832 15936
4
	0 15936
	7264 15936
	7264 15968
	0 15968
4
	7552 15936
	7744 15936
	7744 15968
	7552 15968
4
	8672 15936
	8800 15936
	8800 15968
	8672 15968
4
	8864 15936
	12896 15936
	12896 15968
	8864 15968
4
	0 15968
	7264 15968
	7264 16000
	0 16000
4
	7552 15968
	7744 15968
	7744 16000
	7552 16000
4
	8672 15968
	8800 15968
	8800 16000
	8672 16000
4
	8864 15968
	12896 15968
	12896 16000
	8864 16000
4
	0 16000
	7264 16000
	7264 16032
	0 16032
4
	7552 16000
	7744 16000
	7744 16032
	7552 16032
4
	8672 16000
	8800 16000
	8800 16032
	8672 16032
4
	8864 16000
	12896 16000
	12896 16032
	8864 16032
4
	0 16032
	7264 16032
	7264 16064
	0 16064
4
	7584 16032
	7712 16032
	7712 16064
	7584 16064
4
	8672 16032
	8800 16032
	8800 16064
	8672 16064
4
	8896 16032
	12896 16032
	12896 16064
	8896 16064
4
	0 16064
	7296 16064
	7296 16096
	0 16096
4
	7584 16064
	7712 16064
	7712 16096
	7584 16096
4
	8672 16064
	8800 16064
	8800 16096
	8672 16096
4
	8896 16064
	12896 16064
	12896 16096
	8896 16096
4
	0 16096
	7296 16096
	7296 16128
	0 16128
4
	7584 16096
	7712 16096
	7712 16128
	7584 16128
4
	8672 16096
	8800 16096
	8800 16128
	8672 16128
4
	8896 16096
	12896 16096
	12896 16128
	8896 16128
4
	0 16128
	7296 16128
	7296 16160
	0 16160
4
	7584 16128
	7712 16128
	7712 16160
	7584 16160
4
	8672 16128
	8800 16128
	8800 16160
	8672 16160
4
	8896 16128
	12896 16128
	12896 16160
	8896 16160
4
	0 16160
	7264 16160
	7264 16192
	0 16192
4
	7584 16160
	7712 16160
	7712 16192
	7584 16192
4
	8672 16160
	8800 16160
	8800 16192
	8672 16192
4
	8928 16160
	12896 16160
	12896 16192
	8928 16192
4
	0 16192
	7264 16192
	7264 16224
	0 16224
4
	7584 16192
	7712 16192
	7712 16224
	7584 16224
4
	8672 16192
	8800 16192
	8800 16224
	8672 16224
4
	8928 16192
	12896 16192
	12896 16224
	8928 16224
4
	0 16224
	7264 16224
	7264 16256
	0 16256
4
	7584 16224
	7712 16224
	7712 16256
	7584 16256
4
	8672 16224
	8800 16224
	8800 16256
	8672 16256
4
	8928 16224
	12896 16224
	12896 16256
	8928 16256
4
	0 16256
	7264 16256
	7264 16288
	0 16288
4
	7584 16256
	7712 16256
	7712 16288
	7584 16288
4
	8672 16256
	8800 16256
	8800 16288
	8672 16288
4
	8928 16256
	12896 16256
	12896 16288
	8928 16288
4
	0 16288
	7264 16288
	7264 16320
	0 16320
4
	7584 16288
	7712 16288
	7712 16320
	7584 16320
4
	8672 16288
	8800 16288
	8800 16320
	8672 16320
4
	8928 16288
	12896 16288
	12896 16320
	8928 16320
4
	0 16320
	7264 16320
	7264 16352
	0 16352
4
	7584 16320
	7712 16320
	7712 16352
	7584 16352
4
	8672 16320
	8800 16320
	8800 16352
	8672 16352
4
	8928 16320
	12896 16320
	12896 16352
	8928 16352
4
	0 16352
	7264 16352
	7264 16384
	0 16384
4
	7584 16352
	7712 16352
	7712 16384
	7584 16384
4
	8672 16352
	8800 16352
	8800 16384
	8672 16384
4
	8928 16352
	12896 16352
	12896 16384
	8928 16384
4
	0 16384
	7264 16384
	7264 16416
	0 16416
4
	8672 16384
	8800 16384
	8800 16416
	8672 16416
4
	8928 16384
	12896 16384
	12896 16416
	8928 16416
4
	0 16416
	7264 16416
	7264 16448
	0 16448
4
	8672 16416
	8800 16416
	8800 16448
	8672 16448
4
	8960 16416
	12896 16416
	12896 16448
	8960 16448
4
	0 16448
	7232 16448
	7232 16480
	0 16480
4
	8608 16448
	8800 16448
	8800 16480
	8608 16480
4
	8960 16448
	12896 16448
	12896 16480
	8960 16480
4
	0 16480
	7232 16480
	7232 16512
	0 16512
4
	8608 16480
	12896 16480
	12896 16512
	8608 16512
4
	0 16512
	7168 16512
	7168 16544
	0 16544
4
	8608 16512
	12896 16512
	12896 16544
	8608 16544
4
	0 16544
	7168 16544
	7168 16576
	0 16576
4
	8608 16544
	12896 16544
	12896 16576
	8608 16576
4
	0 16576
	7168 16576
	7168 16608
	0 16608
4
	8672 16576
	12896 16576
	12896 16608
	8672 16608
4
	0 16608
	7168 16608
	7168 16640
	0 16640
4
	7584 16608
	7712 16608
	7712 16640
	7584 16640
4
	8672 16608
	12896 16608
	12896 16640
	8672 16640
4
	0 16640
	7168 16640
	7168 16672
	0 16672
4
	7584 16640
	7712 16640
	7712 16672
	7584 16672
4
	8672 16640
	12896 16640
	12896 16672
	8672 16672
4
	0 16672
	7168 16672
	7168 16704
	0 16704
4
	7584 16672
	7712 16672
	7712 16704
	7584 16704
4
	8672 16672
	12896 16672
	12896 16704
	8672 16704
4
	0 16704
	7168 16704
	7168 16736
	0 16736
4
	7584 16704
	7712 16704
	7712 16736
	7584 16736
4
	8672 16704
	12896 16704
	12896 16736
	8672 16736
4
	0 16736
	7200 16736
	7200 16768
	0 16768
4
	7584 16736
	7712 16736
	7712 16768
	7584 16768
4
	8672 16736
	12896 16736
	12896 16768
	8672 16768
4
	0 16768
	7232 16768
	7232 16800
	0 16800
4
	7584 16768
	7712 16768
	7712 16800
	7584 16800
4
	8672 16768
	12896 16768
	12896 16800
	8672 16800
4
	0 16800
	7264 16800
	7264 16832
	0 16832
4
	7584 16800
	7712 16800
	7712 16832
	7584 16832
4
	8672 16800
	12896 16800
	12896 16832
	8672 16832
4
	0 16832
	7328 16832
	7328 16864
	0 16864
4
	7584 16832
	7712 16832
	7712 16864
	7584 16864
4
	8672 16832
	12896 16832
	12896 16864
	8672 16864
4
	0 16864
	7360 16864
	7360 16896
	0 16896
4
	7584 16864
	7712 16864
	7712 16896
	7584 16896
4
	8672 16864
	12896 16864
	12896 16896
	8672 16896
4
	0 16896
	7392 16896
	7392 16928
	0 16928
4
	7584 16896
	7712 16896
	7712 16928
	7584 16928
4
	8672 16896
	12896 16896
	12896 16928
	8672 16928
4
	0 16928
	7424 16928
	7424 16960
	0 16960
4
	7584 16928
	7712 16928
	7712 16960
	7584 16960
4
	8672 16928
	12896 16928
	12896 16960
	8672 16960
4
	0 16960
	7456 16960
	7456 16992
	0 16992
4
	7584 16960
	7712 16960
	7712 16992
	7584 16992
4
	8672 16960
	12896 16960
	12896 16992
	8672 16992
4
	0 16992
	7456 16992
	7456 17024
	0 17024
4
	7488 16992
	7712 16992
	7712 17024
	7488 17024
4
	8672 16992
	12896 16992
	12896 17024
	8672 17024
4
	0 17024
	7808 17024
	7808 17056
	0 17056
4
	8544 17024
	12896 17024
	12896 17056
	8544 17056
4
	0 17056
	7872 17056
	7872 17088
	0 17088
4
	7968 17056
	8032 17056
	8032 17088
	7968 17088
4
	8352 17056
	8416 17056
	8416 17088
	8352 17088
4
	8480 17056
	12896 17056
	12896 17088
	8480 17088
4
	0 17088
	8032 17088
	8032 17120
	0 17120
4
	8320 17088
	12896 17088
	12896 17120
	8320 17120
4
	0 17120
	8032 17120
	8032 17152
	0 17152
4
	8320 17120
	12896 17120
	12896 17152
	8320 17152
4
	0 17152
	8096 17152
	8096 17184
	0 17184
4
	8256 17152
	12896 17152
	12896 17184
	8256 17184
4
	0 17184
	8096 17184
	8096 17216
	0 17216
4
	8256 17184
	12896 17184
	12896 17216
	8256 17216
4
	0 17216
	8096 17216
	8096 17248
	0 17248
4
	8256 17216
	12896 17216
	12896 17248
	8256 17248
4
	0 17248
	8096 17248
	8096 17280
	0 17280
4
	8256 17248
	12896 17248
	12896 17280
	8256 17280
4
	0 17280
	8096 17280
	8096 17312
	0 17312
4
	8256 17280
	12896 17280
	12896 17312
	8256 17312
4
	0 17312
	8064 17312
	8064 17344
	0 17344
4
	8288 17312
	12896 17312
	12896 17344
	8288 17344
4
	0 17344
	8096 17344
	8096 17376
	0 17376
4
	8288 17344
	12896 17344
	12896 17376
	8288 17376
4
	0 17376
	8096 17376
	8096 17408
	0 17408
4
	8256 17376
	12896 17376
	12896 17408
	8256 17408
4
	0 17408
	8160 17408
	8160 17440
	0 17440
4
	8224 17408
	12896 17408
	12896 17440
	8224 17440
4
	0 17440
	8160 17440
	8160 17472
	0 17472
4
	8224 17440
	12896 17440
	12896 17472
	8224 17472
4
	0 17472
	8096 17472
	8096 17504
	0 17504
4
	8256 17472
	12896 17472
	12896 17504
	8256 17504
4
	0 17504
	8096 17504
	8096 17536
	0 17536
4
	8256 17504
	12896 17504
	12896 17536
	8256 17536
4
	0 17536
	8096 17536
	8096 17568
	0 17568
4
	8256 17536
	12896 17536
	12896 17568
	8256 17568
4
	0 17568
	8064 17568
	8064 17600
	0 17600
4
	8224 17568
	12896 17568
	12896 17600
	8224 17600
4
	0 17600
	8064 17600
	8064 17632
	0 17632
4
	8160 17600
	12896 17600
	12896 17632
	8160 17632
4
	0 17632
	8096 17632
	8096 17664
	0 17664
4
	8128 17632
	12896 17632
	12896 17664
	8128 17664
4
	0 17664
	12896 17664
	12896 17696
	0 17696
4
	0 17696
	12896 17696
	12896 17728
	0 17728
4
	0 17728
	12896 17728
	12896 17760
	0 17760
4
	0 17760
	12896 17760
	12896 17792
	0 17792
4
	0 17792
	12896 17792
	12896 17824
	0 17824
4
	0 17824
	12896 17824
	12896 17856
	0 17856
4
	0 17856
	12896 17856
	12896 17888
	0 17888
4
	0 17888
	12896 17888
	12896 17920
	0 17920
4
	0 17920
	12896 17920
	12896 17952
	0 17952
4
	0 17952
	12896 17952
	12896 17984
	0 17984
4
	0 17984
	12896 17984
	12896 18016
	0 18016
4
	0 18016
	12896 18016
	12896 18048
	0 18048
4
	0 18048
	12896 18048
	12896 18080
	0 18080
4
	0 18080
	12896 18080
	12896 18112
	0 18112
4
	0 18112
	12896 18112
	12896 18144
	0 18144
4
	0 18144
	12896 18144
	12896 18176
	0 18176
4
	0 18176
	12896 18176
	12896 18208
	0 18208
4
	0 18208
	12896 18208
	12896 18240
	0 18240
4
	0 18240
	12896 18240
	12896 18272
	0 18272
4
	0 18272
	12896 18272
	12896 18304
	0 18304
4
	0 18304
	12896 18304
	12896 18336
	0 18336
4
	0 18336
	12896 18336
	12896 18368
	0 18368
4
	0 18368
	12896 18368
	12896 18400
	0 18400
4
	0 18400
	12896 18400
	12896 18432
	0 18432
4
	0 18432
	12896 18432
	12896 18464
	0 18464
4
	0 18464
	12896 18464
	12896 18496
	0 18496
4
	0 18496
	12896 18496
	12896 18528
	0 18528
4
	0 18528
	12896 18528
	12896 18560
	0 18560
4
	0 18560
	12896 18560
	12896 18592
	0 18592
4
	0 18592
	12896 18592
	12896 18624
	0 18624
4
	0 18624
	12896 18624
	12896 18656
	0 18656
4
	0 18656
	12896 18656
	12896 18688
	0 18688
4
	0 18688
	12896 18688
	12896 18720
	0 18720
4
	0 18720
	12896 18720
	12896 18752
	0 18752
4
	0 18752
	12896 18752
	12896 18784
	0 18784
4
	0 18784
	12896 18784
	12896 18816
	0 18816
4
	0 18816
	12896 18816
	12896 18848
	0 18848
4
	0 18848
	12896 18848
	12896 18880
	0 18880
4
	0 18880
	12896 18880
	12896 18912
	0 18912
4
	0 18912
	12896 18912
	12896 18944
	0 18944
4
	0 18944
	12896 18944
	12896 18976
	0 18976
4
	0 18976
	12896 18976
	12896 19008
	0 19008
4
	0 19008
	12896 19008
	12896 19040
	0 19040
4
	0 19040
	12896 19040
	12896 19072
	0 19072
4
	0 19072
	12896 19072
	12896 19104
	0 19104
4
	0 19104
	12896 19104
	12896 19136
	0 19136
4
	0 19136
	12896 19136
	12896 19168
	0 19168
4
	0 19168
	12896 19168
	12896 19200
	0 19200
4
	0 19200
	12896 19200
	12896 19232
	0 19232
4
	0 19232
	12896 19232
	12896 19264
	0 19264
4
	0 19264
	12896 19264
	12896 19296
	0 19296
4
	0 19296
	12896 19296
	12896 19328
	0 19328
4
	0 19328
	12896 19328
	12896 19360
	0 19360
4
	0 19360
	12896 19360
	12896 19392
	0 19392
4
	0 19392
	12896 19392
	12896 19424
	0 19424
4
	0 19424
	12896 19424
	12896 19456
	0 19456
4
	0 19456
	12896 19456
	12896 19488
	0 19488
4
	0 19488
	12896 19488
	12896 19520
	0 19520
4
	0 19520
	12896 19520
	12896 19552
	0 19552
4
	0 19552
	12896 19552
	12896 19584
	0 19584
4
	0 19584
	12896 19584
	12896 19616
	0 19616
4
	0 19616
	12896 19616
	12896 19648
	0 19648
4
	0 19648
	12896 19648
	12896 19680
	0 19680
4
	0 19680
	12896 19680
	12896 19712
	0 19712
4
	0 19712
	12896 19712
	12896 19744
	0 19744
4
	0 19744
	12896 19744
	12896 19776
	0 19776
4
	0 19776
	12896 19776
	12896 19808
	0 19808
4
	0 19808
	12896 19808
	12896 19840
	0 19840
4
	0 19840
	12896 19840
	12896 19872
	0 19872
4
	0 19872
	12896 19872
	12896 19904
	0 19904
4
	0 19904
	12896 19904
	12896 19936
	0 19936
4
	0 19936
	12896 19936
	12896 19968
	0 19968
4
	0 19968
	12896 19968
	12896 20000
	0 20000
4
	0 20000
	12896 20000
	12896 20032
	0 20032
4
	0 20032
	12896 20032
	12896 20064
	0 20064
4
	0 20064
	12896 20064
	12896 20096
	0 20096
4
	0 20096
	12896 20096
	12896 20128
	0 20128
4
	0 20128
	12896 20128
	12896 20160
	0 20160
4
	0 20160
	12896 20160
	12896 20192
	0 20192
4
	0 20192
	12896 20192
	12896 20224
	0 20224
4
	0 20224
	12896 20224
	12896 20256
	0 20256
4
	0 20256
	12896 20256
	12896 20288
	0 20288
4
	0 20288
	12896 20288
	12896 20320
	0 20320
4
	0 20320
	12896 20320
	12896 20352
	0 20352
4
	0 20352
	12896 20352
	12896 20384
	0 20384
4
	0 20384
	12896 20384
	12896 20416
	0 20416
4
	0 20416
	12896 20416
	12896 20448
	0 20448
4
	0 20448
	12896 20448
	12896 20480
	0 20480
4
	0 20480
	12896 20480
	12896 20512
	0 20512
4
	0 20512
	12896 20512
	12896 20544
	0 20544
4
	0 20544
	12896 20544
	12896 20576
	0 20576
4
	0 20576
	12896 20576
	12896 20608
	0 20608
4
	0 20608
	12896 20608
	12896 20640
	0 20640
4
	0 20640
	12896 20640
	12896 20672
	0 20672
4
	0 20672
	12896 20672
	12896 20704
	0 20704
4
	0 20704
	12896 20704
	12896 20736
	0 20736
4
	0 20736
	12896 20736
	12896 20768
	0 20768
4
	-32 -32
	12928 -32
	12928 0
	-32 0
4
	-32 20768
	12928 20768
	12928 20800
	-32 20800
4
	-32 0
	0 0
	0 20768
	-32 20768
4
	12896 0
	12928 0
	12928 20768
	12896 20768
