686
4
	0 0
	5376 0
	5376 32
	0 32
4
	0 32
	3552 32
	3552 64
	0 64
4
	3712 32
	5376 32
	5376 64
	3712 64
4
	0 64
	3456 64
	3456 96
	0 96
4
	3808 64
	5376 64
	5376 96
	3808 96
4
	0 96
	3392 96
	3392 128
	0 128
4
	3936 96
	5376 96
	5376 128
	3936 128
4
	0 128
	608 128
	608 160
	0 160
4
	704 128
	3328 128
	3328 160
	704 160
4
	4000 128
	5376 128
	5376 160
	4000 160
4
	0 160
	608 160
	608 192
	0 192
4
	800 160
	3264 160
	3264 192
	800 192
4
	4032 160
	5376 160
	5376 192
	4032 192
4
	0 192
	608 192
	608 224
	0 224
4
	928 192
	3168 192
	3168 224
	928 224
4
	4096 192
	5376 192
	5376 224
	4096 224
4
	0 224
	608 224
	608 256
	0 256
4
	1056 224
	3104 224
	3104 256
	1056 256
4
	4128 224
	5376 224
	5376 256
	4128 256
4
	0 256
	608 256
	608 288
	0 288
4
	1152 256
	3040 256
	3040 288
	1152 288
4
	4256 256
	5376 256
	5376 288
	4256 288
4
	0 288
	608 288
	608 320
	0 320
4
	1280 288
	2944 288
	2944 320
	1280 320
4
	4416 288
	5376 288
	5376 320
	4416 320
4
	0 320
	608 320
	608 352
	0 352
4
	1472 320
	2880 320
	2880 352
	1472 352
4
	4544 320
	5376 320
	5376 352
	4544 352
4
	0 352
	960 352
	960 384
	0 384
4
	1664 352
	2816 352
	2816 384
	1664 384
4
	4672 352
	5376 352
	5376 384
	4672 384
4
	0 384
	960 384
	960 416
	0 416
4
	1888 384
	2752 384
	2752 416
	1888 416
4
	4832 384
	5376 384
	5376 416
	4832 416
4
	0 416
	960 416
	960 448
	0 448
4
	4832 416
	5376 416
	5376 448
	4832 448
4
	0 448
	960 448
	960 480
	0 480
4
	4832 448
	5376 448
	5376 480
	4832 480
4
	0 480
	960 480
	960 512
	0 512
4
	4864 480
	5376 480
	5376 512
	4864 512
4
	0 512
	960 512
	960 544
	0 544
4
	4864 512
	5376 512
	5376 544
	4864 544
4
	0 544
	960 544
	960 576
	0 576
4
	1184 544
	2560 544
	2560 576
	1184 576
4
	4896 544
	5376 544
	5376 576
	4896 576
4
	0 576
	960 576
	960 608
	0 608
4
	1184 576
	2560 576
	2560 608
	1184 608
4
	4896 576
	5376 576
	5376 608
	4896 608
4
	0 608
	960 608
	960 640
	0 640
4
	1184 608
	2560 608
	2560 640
	1184 640
4
	4896 608
	5376 608
	5376 640
	4896 640
4
	0 640
	960 640
	960 672
	0 672
4
	1184 640
	2560 640
	2560 672
	1184 672
4
	4928 640
	5376 640
	5376 672
	4928 672
4
	0 672
	960 672
	960 704
	0 704
4
	1184 672
	2560 672
	2560 704
	1184 704
4
	4928 672
	5376 672
	5376 704
	4928 704
4
	0 704
	960 704
	960 736
	0 736
4
	1184 704
	2560 704
	2560 736
	1184 736
4
	4928 704
	5376 704
	5376 736
	4928 736
4
	0 736
	960 736
	960 768
	0 768
4
	1184 736
	2560 736
	2560 768
	1184 768
4
	4960 736
	5376 736
	5376 768
	4960 768
4
	0 768
	960 768
	960 800
	0 800
4
	1184 768
	2560 768
	2560 800
	1184 800
4
	4960 768
	5376 768
	5376 800
	4960 800
4
	0 800
	960 800
	960 832
	0 832
4
	1184 800
	2560 800
	2560 832
	1184 832
4
	4992 800
	5376 800
	5376 832
	4992 832
4
	0 832
	960 832
	960 864
	0 864
4
	1184 832
	2560 832
	2560 864
	1184 864
4
	3776 832
	3936 832
	3936 864
	3776 864
4
	4992 832
	5376 832
	5376 864
	4992 864
4
	0 864
	960 864
	960 896
	0 896
4
	1184 864
	2560 864
	2560 896
	1184 896
4
	3744 864
	3968 864
	3968 896
	3744 896
4
	4992 864
	5376 864
	5376 896
	4992 896
4
	0 896
	960 896
	960 928
	0 928
4
	1184 896
	2560 896
	2560 928
	1184 928
4
	3712 896
	4000 896
	4000 928
	3712 928
4
	5024 896
	5376 896
	5376 928
	5024 928
4
	0 928
	960 928
	960 960
	0 960
4
	1184 928
	2560 928
	2560 960
	1184 960
4
	3712 928
	4000 928
	4000 960
	3712 960
4
	5024 928
	5376 928
	5376 960
	5024 960
4
	0 960
	960 960
	960 992
	0 992
4
	1184 960
	2560 960
	2560 992
	1184 992
4
	3712 960
	4000 960
	4000 992
	3712 992
4
	5024 960
	5376 960
	5376 992
	5024 992
4
	0 992
	960 992
	960 1024
	0 1024
4
	1184 992
	2560 992
	2560 1024
	1184 1024
4
	3712 992
	4000 992
	4000 1024
	3712 1024
4
	5056 992
	5376 992
	5376 1024
	5056 1024
4
	0 1024
	960 1024
	960 1056
	0 1056
4
	3712 1024
	4000 1024
	4000 1056
	3712 1056
4
	5056 1024
	5376 1024
	5376 1056
	5056 1056
4
	0 1056
	960 1056
	960 1088
	0 1088
4
	3744 1056
	3968 1056
	3968 1088
	3744 1088
4
	5056 1056
	5376 1056
	5376 1088
	5056 1088
4
	0 1088
	960 1088
	960 1120
	0 1120
4
	2080 1088
	2176 1088
	2176 1120
	2080 1120
4
	3776 1088
	3936 1088
	3936 1120
	3776 1120
4
	5088 1088
	5376 1088
	5376 1120
	5088 1120
4
	0 1120
	960 1120
	960 1152
	0 1152
4
	992 1120
	1056 1120
	1056 1152
	992 1152
4
	2016 1120
	2240 1120
	2240 1152
	2016 1152
4
	5088 1120
	5376 1120
	5376 1152
	5088 1152
4
	0 1152
	1120 1152
	1120 1184
	0 1184
4
	1984 1152
	2272 1152
	2272 1184
	1984 1184
4
	5088 1152
	5376 1152
	5376 1184
	5088 1184
4
	0 1184
	96 1184
	96 1216
	0 1216
4
	128 1184
	1152 1184
	1152 1216
	128 1216
4
	1984 1184
	2272 1184
	2272 1216
	1984 1216
4
	5120 1184
	5376 1184
	5376 1216
	5120 1216
4
	0 1216
	96 1216
	96 1248
	0 1248
4
	160 1216
	1152 1216
	1152 1248
	160 1248
4
	1984 1216
	2272 1216
	2272 1248
	1984 1248
4
	5120 1216
	5376 1216
	5376 1248
	5120 1248
4
	0 1248
	96 1248
	96 1280
	0 1280
4
	192 1248
	1152 1248
	1152 1280
	192 1280
4
	1984 1248
	2272 1248
	2272 1280
	1984 1280
4
	5152 1248
	5376 1248
	5376 1280
	5152 1280
4
	0 1280
	96 1280
	96 1312
	0 1312
4
	192 1280
	1152 1280
	1152 1312
	192 1312
4
	1984 1280
	2272 1280
	2272 1312
	1984 1312
4
	5152 1280
	5376 1280
	5376 1312
	5152 1312
4
	0 1312
	96 1312
	96 1344
	0 1344
4
	224 1312
	1152 1312
	1152 1344
	224 1344
4
	2016 1312
	2240 1312
	2240 1344
	2016 1344
4
	5184 1312
	5376 1312
	5376 1344
	5184 1344
4
	0 1344
	96 1344
	96 1376
	0 1376
4
	224 1344
	1152 1344
	1152 1376
	224 1376
4
	2048 1344
	2208 1344
	2208 1376
	2048 1376
4
	4832 1344
	4960 1344
	4960 1376
	4832 1376
4
	5184 1344
	5376 1344
	5376 1376
	5184 1376
4
	0 1376
	64 1376
	64 1408
	0 1408
4
	224 1376
	1120 1376
	1120 1408
	224 1408
4
	4768 1376
	4992 1376
	4992 1408
	4768 1408
4
	5216 1376
	5376 1376
	5376 1408
	5216 1408
4
	0 1408
	64 1408
	64 1440
	0 1440
4
	224 1408
	960 1408
	960 1440
	224 1440
4
	4768 1408
	5024 1408
	5024 1440
	4768 1440
4
	5216 1408
	5376 1408
	5376 1440
	5216 1440
4
	0 1440
	64 1440
	64 1472
	0 1472
4
	320 1440
	960 1440
	960 1472
	320 1472
4
	4736 1440
	5024 1440
	5024 1472
	4736 1472
4
	5248 1440
	5376 1440
	5376 1472
	5248 1472
4
	0 1472
	64 1472
	64 1504
	0 1504
4
	352 1472
	960 1472
	960 1504
	352 1504
4
	4736 1472
	5024 1472
	5024 1504
	4736 1504
4
	5248 1472
	5376 1472
	5376 1504
	5248 1504
4
	0 1504
	64 1504
	64 1536
	0 1536
4
	480 1504
	960 1504
	960 1536
	480 1536
4
	4736 1504
	5024 1504
	5024 1536
	4736 1536
4
	5280 1504
	5376 1504
	5376 1536
	5280 1536
4
	0 1536
	64 1536
	64 1568
	0 1568
4
	704 1536
	928 1536
	928 1568
	704 1568
4
	4768 1536
	5024 1536
	5024 1568
	4768 1568
4
	5280 1536
	5376 1536
	5376 1568
	5280 1568
4
	0 1568
	32 1568
	32 1600
	0 1600
4
	2912 1568
	3072 1568
	3072 1600
	2912 1600
4
	4768 1568
	5024 1568
	5024 1600
	4768 1600
4
	5312 1568
	5376 1568
	5376 1600
	5312 1600
4
	0 1600
	32 1600
	32 1632
	0 1632
4
	2880 1600
	3104 1600
	3104 1632
	2880 1632
4
	4800 1600
	4960 1600
	4960 1632
	4800 1632
4
	5312 1600
	5376 1600
	5376 1632
	5312 1632
4
	0 1632
	32 1632
	32 1664
	0 1664
4
	2848 1632
	3104 1632
	3104 1664
	2848 1664
4
	5344 1632
	5376 1632
	5376 1664
	5344 1664
4
	0 1664
	32 1664
	32 1696
	0 1696
4
	2848 1664
	3136 1664
	3136 1696
	2848 1696
4
	5344 1664
	5376 1664
	5376 1696
	5344 1696
4
	0 1696
	32 1696
	32 1728
	0 1728
4
	2848 1696
	3136 1696
	3136 1728
	2848 1728
4
	5344 1696
	5376 1696
	5376 1728
	5344 1728
4
	0 1728
	32 1728
	32 1760
	0 1760
4
	2848 1728
	3136 1728
	3136 1760
	2848 1760
4
	5344 1728
	5376 1728
	5376 1760
	5344 1760
4
	0 1760
	32 1760
	32 1792
	0 1792
4
	736 1760
	928 1760
	928 1792
	736 1792
4
	2848 1760
	3104 1760
	3104 1792
	2848 1792
4
	5344 1760
	5376 1760
	5376 1792
	5344 1792
4
	0 1792
	32 1792
	32 1824
	0 1824
4
	704 1792
	1088 1792
	1088 1824
	704 1824
4
	2880 1792
	3104 1792
	3104 1824
	2880 1824
4
	4416 1792
	4576 1792
	4576 1824
	4416 1824
4
	5344 1792
	5376 1792
	5376 1824
	5344 1824
4
	0 1824
	32 1824
	32 1856
	0 1856
4
	672 1824
	1120 1824
	1120 1856
	672 1856
4
	2912 1824
	3072 1824
	3072 1856
	2912 1856
4
	4384 1824
	4608 1824
	4608 1856
	4384 1856
4
	5344 1824
	5376 1824
	5376 1856
	5344 1856
4
	0 1856
	32 1856
	32 1888
	0 1888
4
	640 1856
	1152 1856
	1152 1888
	640 1888
4
	4352 1856
	4640 1856
	4640 1888
	4352 1888
4
	5344 1856
	5376 1856
	5376 1888
	5344 1888
4
	0 1888
	32 1888
	32 1920
	0 1920
4
	576 1888
	1184 1888
	1184 1920
	576 1920
4
	4320 1888
	4640 1888
	4640 1920
	4320 1920
4
	5344 1888
	5376 1888
	5376 1920
	5344 1920
4
	0 1920
	32 1920
	32 1952
	0 1952
4
	544 1920
	1216 1920
	1216 1952
	544 1952
4
	4320 1920
	4672 1920
	4672 1952
	4320 1952
4
	5344 1920
	5376 1920
	5376 1952
	5344 1952
4
	0 1952
	64 1952
	64 1984
	0 1984
4
	512 1952
	1248 1952
	1248 1984
	512 1984
4
	4320 1952
	4672 1952
	4672 1984
	4320 1984
4
	5344 1952
	5376 1952
	5376 1984
	5344 1984
4
	0 1984
	64 1984
	64 2016
	0 2016
4
	480 1984
	1248 1984
	1248 2016
	480 2016
4
	4320 1984
	4640 1984
	4640 2016
	4320 2016
4
	5120 1984
	5184 1984
	5184 2016
	5120 2016
4
	5344 1984
	5376 1984
	5376 2016
	5344 2016
4
	0 2016
	64 2016
	64 2048
	0 2048
4
	448 2016
	1280 2016
	1280 2048
	448 2048
4
	4352 2016
	4640 2016
	4640 2048
	4352 2048
4
	5024 2016
	5280 2016
	5280 2048
	5024 2048
4
	5344 2016
	5376 2016
	5376 2048
	5344 2048
4
	0 2048
	64 2048
	64 2080
	0 2080
4
	384 2048
	1312 2048
	1312 2080
	384 2080
4
	4352 2048
	4640 2048
	4640 2080
	4352 2080
4
	4992 2048
	5312 2048
	5312 2080
	4992 2080
4
	5344 2048
	5376 2048
	5376 2080
	5344 2080
4
	0 2080
	64 2080
	64 2112
	0 2112
4
	352 2080
	1344 2080
	1344 2112
	352 2112
4
	3584 2080
	3712 2080
	3712 2112
	3584 2112
4
	4384 2080
	4576 2080
	4576 2112
	4384 2112
4
	4992 2080
	5376 2080
	5376 2112
	4992 2112
4
	0 2112
	64 2112
	64 2144
	0 2144
4
	320 2112
	1376 2112
	1376 2144
	320 2144
4
	3488 2112
	3776 2112
	3776 2144
	3488 2144
4
	4960 2112
	5376 2112
	5376 2144
	4960 2144
4
	0 2144
	96 2144
	96 2176
	0 2176
4
	288 2144
	1408 2144
	1408 2176
	288 2176
4
	3456 2144
	3808 2144
	3808 2176
	3456 2176
4
	4960 2144
	5376 2144
	5376 2176
	4960 2176
4
	0 2176
	96 2176
	96 2208
	0 2208
4
	256 2176
	1408 2176
	1408 2208
	256 2208
4
	3424 2176
	3840 2176
	3840 2208
	3424 2208
4
	4960 2176
	5376 2176
	5376 2208
	4960 2208
4
	0 2208
	96 2208
	96 2240
	0 2240
4
	192 2208
	960 2208
	960 2240
	192 2240
4
	1024 2208
	1440 2208
	1440 2240
	1024 2240
4
	3424 2208
	3872 2208
	3872 2240
	3424 2240
4
	4960 2208
	5376 2208
	5376 2240
	4960 2240
4
	0 2240
	96 2240
	96 2272
	0 2272
4
	160 2240
	1088 2240
	1088 2272
	160 2272
4
	1184 2240
	1472 2240
	1472 2272
	1184 2272
4
	3424 2240
	3872 2240
	3872 2272
	3424 2272
4
	4960 2240
	5376 2240
	5376 2272
	4960 2272
4
	0 2272
	96 2272
	96 2304
	0 2304
4
	128 2272
	1120 2272
	1120 2304
	128 2304
4
	1344 2272
	1504 2272
	1504 2304
	1344 2304
4
	3392 2272
	3872 2272
	3872 2304
	3392 2304
4
	4992 2272
	5376 2272
	5376 2304
	4992 2304
4
	0 2304
	1120 2304
	1120 2336
	0 2336
4
	1408 2304
	1472 2304
	1472 2336
	1408 2336
4
	3392 2304
	3872 2304
	3872 2336
	3392 2336
4
	4288 2304
	4640 2304
	4640 2336
	4288 2336
4
	5024 2304
	5312 2304
	5312 2336
	5024 2336
4
	5344 2304
	5376 2304
	5376 2336
	5344 2336
4
	0 2336
	1120 2336
	1120 2368
	0 2368
4
	1152 2336
	1248 2336
	1248 2368
	1152 2368
4
	1376 2336
	1440 2336
	1440 2368
	1376 2368
4
	3392 2336
	3872 2336
	3872 2368
	3392 2368
4
	4256 2336
	4704 2336
	4704 2368
	4256 2368
4
	5056 2336
	5280 2336
	5280 2368
	5056 2368
4
	5344 2336
	5376 2336
	5376 2368
	5344 2368
4
	0 2368
	320 2368
	320 2400
	0 2400
4
	384 2368
	1120 2368
	1120 2400
	384 2400
4
	1152 2368
	1408 2368
	1408 2400
	1152 2400
4
	3392 2368
	3872 2368
	3872 2400
	3392 2400
4
	4192 2368
	4736 2368
	4736 2400
	4192 2400
4
	5120 2368
	5216 2368
	5216 2400
	5120 2400
4
	5344 2368
	5376 2368
	5376 2400
	5344 2400
4
	0 2400
	224 2400
	224 2432
	0 2432
4
	352 2400
	1344 2400
	1344 2432
	352 2432
4
	3424 2400
	3872 2400
	3872 2432
	3424 2432
4
	4160 2400
	4768 2400
	4768 2432
	4160 2432
4
	5344 2400
	5376 2400
	5376 2432
	5344 2432
4
	0 2432
	128 2432
	128 2464
	0 2464
4
	320 2432
	1312 2432
	1312 2464
	320 2464
4
	3424 2432
	3840 2432
	3840 2464
	3424 2464
4
	4128 2432
	4800 2432
	4800 2464
	4128 2464
4
	5344 2432
	5376 2432
	5376 2464
	5344 2464
4
	0 2464
	128 2464
	128 2496
	0 2496
4
	224 2464
	1280 2464
	1280 2496
	224 2496
4
	3456 2464
	3808 2464
	3808 2496
	3456 2496
4
	4128 2464
	4800 2464
	4800 2496
	4128 2496
4
	5344 2464
	5376 2464
	5376 2496
	5344 2496
4
	0 2496
	96 2496
	96 2528
	0 2528
4
	160 2496
	864 2496
	864 2528
	160 2528
4
	928 2496
	1056 2496
	1056 2528
	928 2528
4
	1088 2496
	1248 2496
	1248 2528
	1088 2528
4
	3488 2496
	3776 2496
	3776 2528
	3488 2528
4
	4096 2496
	5024 2496
	5024 2528
	4096 2528
4
	5344 2496
	5376 2496
	5376 2528
	5344 2528
4
	0 2528
	96 2528
	96 2560
	0 2560
4
	128 2528
	800 2528
	800 2560
	128 2560
4
	896 2528
	992 2528
	992 2560
	896 2560
4
	3552 2528
	3744 2528
	3744 2560
	3552 2560
4
	4096 2528
	5024 2528
	5024 2560
	4096 2560
4
	5344 2528
	5376 2528
	5376 2560
	5344 2560
4
	0 2560
	96 2560
	96 2592
	0 2592
4
	128 2560
	736 2560
	736 2592
	128 2592
4
	864 2560
	928 2560
	928 2592
	864 2592
4
	4064 2560
	5056 2560
	5056 2592
	4064 2592
4
	5312 2560
	5376 2560
	5376 2592
	5312 2592
4
	0 2592
	640 2592
	640 2624
	0 2624
4
	832 2592
	896 2592
	896 2624
	832 2624
4
	3072 2592
	3232 2592
	3232 2624
	3072 2624
4
	4064 2592
	5056 2592
	5056 2624
	4064 2624
4
	5312 2592
	5376 2592
	5376 2624
	5312 2624
4
	0 2624
	576 2624
	576 2656
	0 2656
4
	768 2624
	864 2624
	864 2656
	768 2656
4
	3040 2624
	3264 2624
	3264 2656
	3040 2656
4
	4064 2624
	5056 2624
	5056 2656
	4064 2656
4
	5312 2624
	5376 2624
	5376 2656
	5312 2656
4
	0 2656
	512 2656
	512 2688
	0 2688
4
	736 2656
	832 2656
	832 2688
	736 2688
4
	3008 2656
	3296 2656
	3296 2688
	3008 2688
4
	4064 2656
	5056 2656
	5056 2688
	4064 2688
4
	5312 2656
	5376 2656
	5376 2688
	5312 2688
4
	0 2688
	416 2688
	416 2720
	0 2720
4
	704 2688
	768 2688
	768 2720
	704 2720
4
	3008 2688
	3296 2688
	3296 2720
	3008 2720
4
	4064 2688
	5056 2688
	5056 2720
	4064 2720
4
	5312 2688
	5376 2688
	5376 2720
	5312 2720
4
	0 2720
	352 2720
	352 2752
	0 2752
4
	640 2720
	736 2720
	736 2752
	640 2752
4
	3008 2720
	3296 2720
	3296 2752
	3008 2752
4
	4064 2720
	5024 2720
	5024 2752
	4064 2752
4
	5280 2720
	5376 2720
	5376 2752
	5280 2752
4
	0 2752
	256 2752
	256 2784
	0 2784
4
	608 2752
	704 2752
	704 2784
	608 2784
4
	1312 2752
	1344 2752
	1344 2784
	1312 2784
4
	3008 2752
	3296 2752
	3296 2784
	3008 2784
4
	4064 2752
	4960 2752
	4960 2784
	4064 2784
4
	5280 2752
	5376 2752
	5376 2784
	5280 2784
4
	0 2784
	288 2784
	288 2816
	0 2816
4
	576 2784
	672 2784
	672 2816
	576 2816
4
	3008 2784
	3296 2784
	3296 2816
	3008 2816
4
	4096 2784
	4832 2784
	4832 2816
	4096 2816
4
	5280 2784
	5376 2784
	5376 2816
	5280 2816
4
	0 2816
	224 2816
	224 2848
	0 2848
4
	256 2816
	320 2816
	320 2848
	256 2848
4
	544 2816
	608 2816
	608 2848
	544 2848
4
	3040 2816
	3264 2816
	3264 2848
	3040 2848
4
	4096 2816
	4832 2816
	4832 2848
	4096 2848
4
	5280 2816
	5376 2816
	5376 2848
	5280 2848
4
	0 2848
	224 2848
	224 2880
	0 2880
4
	288 2848
	352 2848
	352 2880
	288 2880
4
	480 2848
	576 2848
	576 2880
	480 2880
4
	1344 2848
	1376 2848
	1376 2880
	1344 2880
4
	3104 2848
	3200 2848
	3200 2880
	3104 2880
4
	4096 2848
	4832 2848
	4832 2880
	4096 2880
4
	5280 2848
	5376 2848
	5376 2880
	5280 2880
4
	0 2880
	192 2880
	192 2912
	0 2912
4
	320 2880
	384 2880
	384 2912
	320 2912
4
	543 2911
	545 2911
	545 2913
	543 2913
4
	448 2880
	544 2880
	544 2912
	448 2912
4
	1344 2880
	1376 2880
	1376 2912
	1344 2912
4
	4128 2880
	4800 2880
	4800 2912
	4128 2912
4
	5280 2880
	5376 2880
	5376 2912
	5280 2912
4
	0 2912
	160 2912
	160 2944
	0 2944
4
	352 2912
	384 2912
	384 2944
	352 2944
4
	416 2912
	480 2912
	480 2944
	416 2944
4
	544 2912
	1024 2912
	1024 2944
	544 2944
4
	1344 2912
	1376 2912
	1376 2944
	1344 2944
4
	4160 2912
	4768 2912
	4768 2944
	4160 2944
4
	5248 2912
	5376 2912
	5376 2944
	5248 2944
4
	0 2944
	160 2944
	160 2976
	0 2976
4
	352 2944
	448 2944
	448 2976
	352 2976
4
	544 2944
	704 2944
	704 2976
	544 2976
4
	1344 2944
	1408 2944
	1408 2976
	1344 2976
4
	4160 2944
	4768 2944
	4768 2976
	4160 2976
4
	5248 2944
	5376 2944
	5376 2976
	5248 2976
4
	0 2976
	128 2976
	128 3008
	0 3008
4
	1344 2976
	1408 2976
	1408 3008
	1344 3008
4
	4223 3007
	4225 3007
	4225 3009
	4223 3009
4
	4224 2976
	4704 2976
	4704 3008
	4224 3008
4
	5248 2976
	5376 2976
	5376 3008
	5248 3008
4
	0 3008
	128 3008
	128 3040
	0 3040
4
	1376 3008
	1408 3008
	1408 3040
	1376 3040
4
	4128 3008
	4224 3008
	4224 3040
	4128 3040
4
	4255 3039
	4257 3039
	4257 3041
	4255 3041
4
	4256 3008
	4672 3008
	4672 3040
	4256 3040
4
	5248 3008
	5376 3008
	5376 3040
	5248 3040
4
	0 3040
	96 3040
	96 3072
	0 3072
4
	1376 3040
	1408 3040
	1408 3072
	1376 3072
4
	4064 3040
	4256 3040
	4256 3072
	4064 3072
4
	4320 3040
	4608 3040
	4608 3072
	4320 3072
4
	5216 3040
	5376 3040
	5376 3072
	5216 3072
4
	0 3072
	64 3072
	64 3104
	0 3104
4
	1376 3072
	1440 3072
	1440 3104
	1376 3104
4
	4032 3072
	4288 3072
	4288 3104
	4032 3104
4
	5216 3072
	5376 3072
	5376 3104
	5216 3104
4
	0 3104
	64 3104
	64 3136
	0 3136
4
	1376 3104
	1440 3104
	1440 3136
	1376 3136
4
	4032 3104
	4320 3104
	4320 3136
	4032 3136
4
	5216 3104
	5376 3104
	5376 3136
	5216 3136
4
	0 3136
	64 3136
	64 3168
	0 3168
4
	1376 3136
	1440 3136
	1440 3168
	1376 3168
4
	4032 3136
	4320 3136
	4320 3168
	4032 3168
4
	5216 3136
	5376 3136
	5376 3168
	5216 3168
4
	0 3168
	64 3168
	64 3200
	0 3200
4
	768 3168
	800 3168
	800 3200
	768 3200
4
	1376 3168
	1472 3168
	1472 3200
	1376 3200
4
	4032 3168
	4320 3168
	4320 3200
	4032 3200
4
	5184 3168
	5376 3168
	5376 3200
	5184 3200
4
	0 3200
	64 3200
	64 3232
	0 3232
4
	768 3200
	800 3200
	800 3232
	768 3232
4
	1408 3200
	1472 3200
	1472 3232
	1408 3232
4
	4032 3200
	4320 3200
	4320 3232
	4032 3232
4
	5184 3200
	5376 3200
	5376 3232
	5184 3232
4
	0 3232
	96 3232
	96 3264
	0 3264
4
	768 3232
	800 3232
	800 3264
	768 3264
4
	1408 3232
	1472 3232
	1472 3264
	1408 3264
4
	4032 3232
	4288 3232
	4288 3264
	4032 3264
4
	5184 3232
	5376 3232
	5376 3264
	5184 3264
4
	0 3264
	96 3264
	96 3296
	0 3296
4
	736 3264
	800 3264
	800 3296
	736 3296
4
	1408 3264
	1472 3264
	1472 3296
	1408 3296
4
	1760 3264
	1952 3264
	1952 3296
	1760 3296
4
	4064 3264
	4256 3264
	4256 3296
	4064 3296
4
	5184 3264
	5376 3264
	5376 3296
	5184 3296
4
	0 3296
	128 3296
	128 3328
	0 3328
4
	736 3296
	800 3296
	800 3328
	736 3328
4
	1408 3296
	1504 3296
	1504 3328
	1408 3328
4
	1728 3296
	1984 3296
	1984 3328
	1728 3328
4
	5152 3296
	5376 3296
	5376 3328
	5152 3328
4
	0 3328
	128 3328
	128 3360
	0 3360
4
	736 3328
	832 3328
	832 3360
	736 3360
4
	1408 3328
	1504 3328
	1504 3360
	1408 3360
4
	1728 3328
	1984 3328
	1984 3360
	1728 3360
4
	5152 3328
	5376 3328
	5376 3360
	5152 3360
4
	0 3360
	128 3360
	128 3392
	0 3392
4
	704 3360
	832 3360
	832 3392
	704 3392
4
	1408 3360
	1504 3360
	1504 3392
	1408 3392
4
	1696 3360
	1984 3360
	1984 3392
	1696 3392
4
	5152 3360
	5376 3360
	5376 3392
	5152 3392
4
	0 3392
	160 3392
	160 3424
	0 3424
4
	704 3392
	800 3392
	800 3424
	704 3424
4
	863 3423
	865 3423
	865 3425
	863 3425
4
	864 3392
	896 3392
	896 3424
	864 3424
4
	1408 3392
	1568 3392
	1568 3424
	1408 3424
4
	1696 3392
	1984 3392
	1984 3424
	1696 3424
4
	5152 3392
	5376 3392
	5376 3424
	5152 3424
4
	0 3424
	160 3424
	160 3456
	0 3456
4
	704 3424
	736 3424
	736 3456
	704 3456
4
	832 3424
	864 3424
	864 3456
	832 3456
4
	959 3455
	961 3455
	961 3457
	959 3457
4
	928 3424
	960 3424
	960 3456
	928 3456
4
	1408 3424
	1632 3424
	1632 3456
	1408 3456
4
	1695 3455
	1697 3455
	1697 3457
	1695 3457
4
	1696 3424
	1984 3424
	1984 3456
	1696 3456
4
	5120 3424
	5376 3424
	5376 3456
	5120 3456
4
	0 3456
	160 3456
	160 3488
	0 3488
4
	832 3456
	864 3456
	864 3488
	832 3488
4
	1023 3487
	1025 3487
	1025 3489
	1023 3489
4
	960 3456
	1024 3456
	1024 3488
	960 3488
4
	1408 3456
	1696 3456
	1696 3488
	1408 3488
4
	1728 3456
	1984 3456
	1984 3488
	1728 3488
4
	5120 3456
	5376 3456
	5376 3488
	5120 3488
4
	0 3488
	192 3488
	192 3520
	0 3520
4
	832 3488
	896 3488
	896 3520
	832 3520
4
	1024 3488
	1088 3488
	1088 3520
	1024 3520
4
	1376 3488
	1952 3488
	1952 3520
	1376 3520
4
	5120 3488
	5376 3488
	5376 3520
	5120 3520
4
	0 3520
	192 3520
	192 3552
	0 3552
4
	832 3520
	928 3520
	928 3552
	832 3552
4
	1056 3520
	1152 3520
	1152 3552
	1056 3552
4
	1312 3520
	1920 3520
	1920 3552
	1312 3552
4
	5120 3520
	5376 3520
	5376 3552
	5120 3552
4
	0 3552
	192 3552
	192 3584
	0 3584
4
	832 3552
	928 3552
	928 3584
	832 3584
4
	1120 3552
	1216 3552
	1216 3584
	1120 3584
4
	1280 3552
	1920 3552
	1920 3584
	1280 3584
4
	2592 3552
	2816 3552
	2816 3584
	2592 3584
4
	2975 3583
	2977 3583
	2977 3585
	2975 3585
4
	2976 3552
	3168 3552
	3168 3584
	2976 3584
4
	3328 3552
	3360 3552
	3360 3584
	3328 3584
4
	5120 3552
	5376 3552
	5376 3584
	5120 3584
4
	0 3584
	192 3584
	192 3616
	0 3616
4
	832 3584
	992 3584
	992 3616
	832 3616
4
	1184 3584
	1984 3584
	1984 3616
	1184 3616
4
	2272 3584
	2976 3584
	2976 3616
	2272 3616
4
	3008 3584
	3168 3584
	3168 3616
	3008 3616
4
	5120 3584
	5376 3584
	5376 3616
	5120 3616
4
	0 3616
	224 3616
	224 3648
	0 3648
4
	832 3616
	1024 3616
	1024 3648
	832 3648
4
	1216 3616
	1376 3616
	1376 3648
	1216 3648
4
	1920 3616
	3200 3616
	3200 3648
	1920 3648
4
	5120 3616
	5376 3616
	5376 3648
	5120 3648
4
	0 3648
	224 3648
	224 3680
	0 3680
4
	864 3648
	1056 3648
	1056 3680
	864 3680
4
	1280 3648
	1504 3648
	1504 3680
	1280 3680
4
	3136 3648
	3200 3648
	3200 3680
	3136 3680
4
	5120 3648
	5376 3648
	5376 3680
	5120 3680
4
	0 3680
	224 3680
	224 3712
	0 3712
4
	1055 3711
	1057 3711
	1057 3713
	1055 3713
4
	800 3680
	1056 3680
	1056 3712
	800 3712
4
	1088 3680
	1120 3680
	1120 3712
	1088 3712
4
	1343 3711
	1345 3711
	1345 3713
	1343 3713
4
	1344 3680
	1600 3680
	1600 3712
	1344 3712
4
	5120 3680
	5376 3680
	5376 3712
	5120 3712
4
	0 3712
	224 3712
	224 3744
	0 3744
4
	832 3712
	928 3712
	928 3744
	832 3744
4
	960 3712
	1024 3712
	1024 3744
	960 3744
4
	1056 3712
	1120 3712
	1120 3744
	1056 3744
4
	1184 3712
	1248 3712
	1248 3744
	1184 3744
4
	1312 3712
	1344 3712
	1344 3744
	1312 3744
4
	1472 3712
	1728 3712
	1728 3744
	1472 3744
4
	2272 3712
	2432 3712
	2432 3744
	2272 3744
4
	5120 3712
	5376 3712
	5376 3744
	5120 3744
4
	0 3744
	224 3744
	224 3776
	0 3776
4
	864 3744
	992 3744
	992 3776
	864 3776
4
	1055 3775
	1057 3775
	1057 3777
	1055 3777
4
	1056 3744
	1088 3744
	1088 3776
	1056 3776
4
	1183 3775
	1185 3775
	1185 3777
	1183 3777
4
	1184 3744
	1216 3744
	1216 3776
	1184 3776
4
	1440 3744
	1568 3744
	1568 3776
	1440 3776
4
	1823 3775
	1825 3775
	1825 3777
	1823 3777
4
	1664 3744
	1824 3744
	1824 3776
	1664 3776
4
	2272 3744
	2528 3744
	2528 3776
	2272 3776
4
	5152 3744
	5376 3744
	5376 3776
	5152 3776
4
	0 3776
	224 3776
	224 3808
	0 3808
4
	864 3776
	960 3776
	960 3808
	864 3808
4
	1024 3776
	1056 3776
	1056 3808
	1024 3808
4
	1152 3776
	1184 3776
	1184 3808
	1152 3808
4
	1280 3776
	1312 3776
	1312 3808
	1280 3808
4
	1472 3776
	1760 3776
	1760 3808
	1472 3808
4
	1824 3776
	1952 3776
	1952 3808
	1824 3808
4
	2272 3776
	2336 3776
	2336 3808
	2272 3808
4
	2368 3776
	2656 3776
	2656 3808
	2368 3808
4
	5152 3776
	5376 3776
	5376 3808
	5152 3808
4
	0 3808
	256 3808
	256 3840
	0 3840
4
	864 3808
	928 3808
	928 3840
	864 3840
4
	992 3808
	1056 3808
	1056 3840
	992 3840
4
	1120 3808
	1184 3808
	1184 3840
	1120 3840
4
	1248 3808
	1312 3808
	1312 3840
	1248 3840
4
	1536 3808
	1920 3808
	1920 3840
	1536 3840
4
	2240 3808
	2784 3808
	2784 3840
	2240 3840
4
	5152 3808
	5376 3808
	5376 3840
	5152 3840
4
	0 3840
	256 3840
	256 3872
	0 3872
4
	864 3840
	928 3840
	928 3872
	864 3872
4
	992 3840
	1024 3840
	1024 3872
	992 3872
4
	1119 3871
	1121 3871
	1121 3873
	1119 3873
4
	1120 3840
	1152 3840
	1152 3872
	1120 3872
4
	1216 3840
	1280 3840
	1280 3872
	1216 3872
4
	1600 3840
	2016 3840
	2016 3872
	1600 3872
4
	2240 3840
	2464 3840
	2464 3872
	2240 3872
4
	2496 3840
	2784 3840
	2784 3872
	2496 3872
4
	5152 3840
	5376 3840
	5376 3872
	5152 3872
4
	0 3872
	288 3872
	288 3904
	0 3904
4
	640 3872
	704 3872
	704 3904
	640 3904
4
	864 3872
	896 3872
	896 3904
	864 3904
4
	960 3872
	1024 3872
	1024 3904
	960 3904
4
	1088 3872
	1120 3872
	1120 3904
	1088 3904
4
	1216 3872
	1248 3872
	1248 3904
	1216 3904
4
	1664 3872
	2016 3872
	2016 3904
	1664 3904
4
	2240 3872
	2368 3872
	2368 3904
	2240 3904
4
	2751 3903
	2753 3903
	2753 3905
	2751 3905
4
	2400 3872
	2752 3872
	2752 3904
	2400 3904
4
	2879 3903
	2881 3903
	2881 3905
	2879 3905
4
	2848 3872
	2880 3872
	2880 3904
	2848 3904
4
	3007 3903
	3009 3903
	3009 3905
	3007 3905
4
	2944 3872
	3008 3872
	3008 3904
	2944 3904
4
	3103 3903
	3105 3903
	3105 3905
	3103 3905
4
	3072 3872
	3104 3872
	3104 3904
	3072 3904
4
	3231 3903
	3233 3903
	3233 3905
	3231 3905
4
	3200 3872
	3232 3872
	3232 3904
	3200 3904
4
	5152 3872
	5376 3872
	5376 3904
	5152 3904
4
	0 3904
	288 3904
	288 3936
	0 3936
4
	672 3904
	928 3904
	928 3936
	672 3936
4
	960 3904
	992 3904
	992 3936
	960 3936
4
	1056 3904
	1120 3904
	1120 3936
	1056 3936
4
	1184 3904
	1248 3904
	1248 3936
	1184 3936
4
	1696 3904
	2016 3904
	2016 3936
	1696 3936
4
	2240 3904
	2272 3904
	2272 3936
	2240 3936
4
	2304 3904
	2688 3904
	2688 3936
	2304 3936
4
	2815 3935
	2817 3935
	2817 3937
	2815 3937
4
	2752 3904
	2816 3904
	2816 3936
	2752 3936
4
	2911 3935
	2913 3935
	2913 3937
	2911 3937
4
	2880 3904
	2912 3904
	2912 3936
	2880 3936
4
	3039 3935
	3041 3935
	3041 3937
	3039 3937
4
	3008 3904
	3040 3904
	3040 3936
	3008 3936
4
	3104 3904
	3168 3904
	3168 3936
	3104 3936
4
	3232 3904
	3264 3904
	3264 3936
	3232 3936
4
	5120 3904
	5376 3904
	5376 3936
	5120 3936
4
	0 3936
	320 3936
	320 3968
	0 3968
4
	704 3936
	1024 3936
	1024 3968
	704 3968
4
	1056 3936
	1088 3936
	1088 3968
	1056 3968
4
	1183 3967
	1185 3967
	1185 3969
	1183 3969
4
	1184 3936
	1216 3936
	1216 3968
	1184 3968
4
	1280 3936
	1312 3936
	1312 3968
	1280 3968
4
	1760 3936
	2016 3936
	2016 3968
	1760 3968
4
	2208 3936
	2592 3936
	2592 3968
	2208 3968
4
	2847 3967
	2849 3967
	2849 3969
	2847 3969
4
	2816 3936
	2848 3936
	2848 3968
	2816 3968
4
	2975 3967
	2977 3967
	2977 3969
	2975 3969
4
	2912 3936
	2976 3936
	2976 3968
	2912 3968
4
	3040 3936
	3072 3936
	3072 3968
	3040 3968
4
	5088 3936
	5376 3936
	5376 3968
	5088 3968
4
	0 3968
	352 3968
	352 4000
	0 4000
4
	768 3968
	1184 3968
	1184 4000
	768 4000
4
	1280 3968
	1312 3968
	1312 4000
	1280 4000
4
	1824 3968
	2016 3968
	2016 4000
	1824 4000
4
	2208 3968
	2496 3968
	2496 4000
	2208 4000
4
	2783 3999
	2785 3999
	2785 4001
	2783 4001
4
	2720 3968
	2784 3968
	2784 4000
	2720 4000
4
	2879 3999
	2881 3999
	2881 4001
	2879 4001
4
	2848 3968
	2880 3968
	2880 4000
	2848 4000
4
	2976 3968
	3008 3968
	3008 4000
	2976 4000
4
	5088 3968
	5376 3968
	5376 4000
	5088 4000
4
	0 4000
	352 4000
	352 4032
	0 4032
4
	832 4000
	1312 4000
	1312 4032
	832 4032
4
	1856 4000
	2016 4000
	2016 4032
	1856 4032
4
	2208 4000
	2304 4000
	2304 4032
	2208 4032
4
	2784 4000
	2816 4000
	2816 4032
	2784 4032
4
	2880 4000
	2944 4000
	2944 4032
	2880 4032
4
	5056 4000
	5376 4000
	5376 4032
	5056 4032
4
	0 4032
	384 4032
	384 4064
	0 4064
4
	864 4032
	1344 4032
	1344 4064
	864 4064
4
	1920 4032
	2016 4032
	2016 4064
	1920 4064
4
	2720 4032
	2752 4032
	2752 4064
	2720 4064
4
	5024 4032
	5376 4032
	5376 4064
	5024 4064
4
	0 4064
	416 4064
	416 4096
	0 4096
4
	928 4064
	1344 4064
	1344 4096
	928 4096
4
	1984 4064
	2016 4064
	2016 4096
	1984 4096
4
	4992 4064
	5376 4064
	5376 4096
	4992 4096
4
	0 4096
	448 4096
	448 4128
	0 4128
4
	992 4096
	1408 4096
	1408 4128
	992 4128
4
	2720 4096
	3232 4096
	3232 4128
	2720 4128
4
	4960 4096
	5376 4096
	5376 4128
	4960 4128
4
	0 4128
	448 4128
	448 4160
	0 4160
4
	1056 4128
	1472 4128
	1472 4160
	1056 4160
4
	2720 4128
	3552 4128
	3552 4160
	2720 4160
4
	4928 4128
	5376 4128
	5376 4160
	4928 4160
4
	0 4160
	480 4160
	480 4192
	0 4192
4
	1088 4160
	1504 4160
	1504 4192
	1088 4192
4
	2720 4160
	3360 4160
	3360 4192
	2720 4192
4
	4864 4160
	5376 4160
	5376 4192
	4864 4192
4
	0 4192
	512 4192
	512 4224
	0 4224
4
	1152 4192
	1536 4192
	1536 4224
	1152 4224
4
	2720 4192
	3168 4192
	3168 4224
	2720 4224
4
	4832 4192
	5376 4192
	5376 4224
	4832 4224
4
	0 4224
	544 4224
	544 4256
	0 4256
4
	1216 4224
	1600 4224
	1600 4256
	1216 4256
4
	2720 4224
	2944 4224
	2944 4256
	2720 4256
4
	4800 4224
	5376 4224
	5376 4256
	4800 4256
4
	0 4256
	576 4256
	576 4288
	0 4288
4
	1248 4256
	1664 4256
	1664 4288
	1248 4288
4
	2720 4256
	2752 4256
	2752 4288
	2720 4288
4
	4736 4256
	5376 4256
	5376 4288
	4736 4288
4
	0 4288
	672 4288
	672 4320
	0 4320
4
	1344 4288
	1696 4288
	1696 4320
	1344 4320
4
	4544 4288
	5376 4288
	5376 4320
	4544 4320
4
	0 4320
	736 4320
	736 4352
	0 4352
4
	1472 4320
	1760 4320
	1760 4352
	1472 4352
4
	4320 4320
	5376 4320
	5376 4352
	4320 4352
4
	0 4352
	800 4352
	800 4384
	0 4384
4
	1600 4352
	1792 4352
	1792 4384
	1600 4384
4
	3936 4352
	5376 4352
	5376 4384
	3936 4384
4
	0 4384
	864 4384
	864 4416
	0 4416
4
	1728 4384
	1856 4384
	1856 4416
	1728 4416
4
	3360 4384
	5376 4384
	5376 4416
	3360 4416
4
	0 4416
	1376 4416
	1376 4448
	0 4448
4
	1824 4416
	1920 4416
	1920 4448
	1824 4448
4
	3232 4416
	5376 4416
	5376 4448
	3232 4448
4
	0 4448
	1472 4448
	1472 4480
	0 4480
4
	3104 4448
	5376 4448
	5376 4480
	3104 4480
4
	0 4480
	1600 4480
	1600 4512
	0 4512
4
	2976 4480
	5376 4480
	5376 4512
	2976 4512
4
	0 4512
	1696 4512
	1696 4544
	0 4544
4
	2848 4512
	5376 4512
	5376 4544
	2848 4544
4
	0 4544
	1824 4544
	1824 4576
	0 4576
4
	2720 4544
	5376 4544
	5376 4576
	2720 4576
4
	0 4576
	1920 4576
	1920 4608
	0 4608
4
	2368 4576
	5376 4576
	5376 4608
	2368 4608
4
	0 4608
	5376 4608
	5376 4640
	0 4640
4
	-32 -32
	5408 -32
	5408 0
	-32 0
4
	-32 4640
	5408 4640
	5408 4672
	-32 4672
4
	-32 0
	0 0
	0 4640
	-32 4640
4
	5376 0
	5408 0
	5408 4640
	5376 4640
