1891
4
	0 0
	6624 0
	6624 32
	0 32
4
	0 32
	6624 32
	6624 64
	0 64
4
	0 64
	1984 64
	1984 96
	0 96
4
	2560 64
	2752 64
	2752 96
	2560 96
4
	2816 64
	3040 64
	3040 96
	2816 96
4
	3328 64
	6624 64
	6624 96
	3328 96
4
	0 96
	1952 96
	1952 128
	0 128
4
	2560 96
	2752 96
	2752 128
	2560 128
4
	2816 96
	2912 96
	2912 128
	2816 128
4
	3488 96
	6624 96
	6624 128
	3488 128
4
	0 128
	1760 128
	1760 160
	0 160
4
	1824 128
	1920 128
	1920 160
	1824 160
4
	2560 128
	2752 128
	2752 160
	2560 160
4
	3520 128
	6624 128
	6624 160
	3520 160
4
	0 160
	1696 160
	1696 192
	0 192
4
	2560 160
	2752 160
	2752 192
	2560 192
4
	3616 160
	6624 160
	6624 192
	3616 192
4
	0 192
	1664 192
	1664 224
	0 224
4
	2560 192
	2752 192
	2752 224
	2560 224
4
	3680 192
	6624 192
	6624 224
	3680 224
4
	0 224
	1600 224
	1600 256
	0 256
4
	2560 224
	2752 224
	2752 256
	2560 256
4
	3520 224
	3552 224
	3552 256
	3520 256
4
	3712 224
	6624 224
	6624 256
	3712 256
4
	0 256
	1536 256
	1536 288
	0 288
4
	2560 256
	2752 256
	2752 288
	2560 288
4
	3776 256
	6624 256
	6624 288
	3776 288
4
	0 288
	1504 288
	1504 320
	0 320
4
	2560 288
	2752 288
	2752 320
	2560 320
4
	3840 288
	6624 288
	6624 320
	3840 320
4
	0 320
	1440 320
	1440 352
	0 352
4
	2560 320
	2752 320
	2752 352
	2560 352
4
	3904 320
	6624 320
	6624 352
	3904 352
4
	0 352
	1376 352
	1376 384
	0 384
4
	2560 352
	2752 352
	2752 384
	2560 384
4
	3936 352
	6624 352
	6624 384
	3936 384
4
	0 384
	1312 384
	1312 416
	0 416
4
	2560 384
	2752 384
	2752 416
	2560 416
4
	3936 384
	6624 384
	6624 416
	3936 416
4
	0 416
	1280 416
	1280 448
	0 448
4
	2560 416
	2752 416
	2752 448
	2560 448
4
	3936 416
	6624 416
	6624 448
	3936 448
4
	0 448
	1280 448
	1280 480
	0 480
4
	2560 448
	2752 448
	2752 480
	2560 480
4
	3904 448
	6624 448
	6624 480
	3904 480
4
	0 480
	1248 480
	1248 512
	0 512
4
	2560 480
	2752 480
	2752 512
	2560 512
4
	3872 480
	6624 480
	6624 512
	3872 512
4
	0 512
	1312 512
	1312 544
	0 544
4
	2560 512
	2752 512
	2752 544
	2560 544
4
	3872 512
	6624 512
	6624 544
	3872 544
4
	0 544
	1344 544
	1344 576
	0 576
4
	2560 544
	2752 544
	2752 576
	2560 576
4
	3840 544
	6624 544
	6624 576
	3840 576
4
	0 576
	1344 576
	1344 608
	0 608
4
	2560 576
	2752 576
	2752 608
	2560 608
4
	3840 576
	6624 576
	6624 608
	3840 608
4
	0 608
	1376 608
	1376 640
	0 640
4
	2560 608
	2752 608
	2752 640
	2560 640
4
	3808 608
	6624 608
	6624 640
	3808 640
4
	0 640
	1408 640
	1408 672
	0 672
4
	2560 640
	2752 640
	2752 672
	2560 672
4
	3808 640
	4416 640
	4416 672
	3808 672
4
	4448 640
	6624 640
	6624 672
	4448 672
4
	0 672
	1408 672
	1408 704
	0 704
4
	2496 672
	2752 672
	2752 704
	2496 704
4
	3776 672
	4384 672
	4384 704
	3776 704
4
	4512 672
	6624 672
	6624 704
	4512 704
4
	0 704
	1440 704
	1440 736
	0 736
4
	2496 704
	2752 704
	2752 736
	2496 736
4
	3744 704
	4384 704
	4384 736
	3744 736
4
	4544 704
	6624 704
	6624 736
	4544 736
4
	0 736
	1440 736
	1440 768
	0 768
4
	2496 736
	2752 736
	2752 768
	2496 768
4
	3744 736
	4288 736
	4288 768
	3744 768
4
	4608 736
	6624 736
	6624 768
	4608 768
4
	0 768
	1472 768
	1472 800
	0 800
4
	2496 768
	2752 768
	2752 800
	2496 800
4
	3712 768
	4288 768
	4288 800
	3712 800
4
	4672 768
	6624 768
	6624 800
	4672 800
4
	0 800
	1504 800
	1504 832
	0 832
4
	2560 800
	2752 800
	2752 832
	2560 832
4
	3712 800
	4288 800
	4288 832
	3712 832
4
	4736 800
	6624 800
	6624 832
	4736 832
4
	0 832
	1504 832
	1504 864
	0 864
4
	2560 832
	2848 832
	2848 864
	2560 864
4
	3680 832
	4288 832
	4288 864
	3680 864
4
	4768 832
	6624 832
	6624 864
	4768 864
4
	0 864
	1536 864
	1536 896
	0 896
4
	2560 864
	2848 864
	2848 896
	2560 896
4
	3680 864
	4032 864
	4032 896
	3680 896
4
	4160 864
	4192 864
	4192 896
	4160 896
4
	4224 864
	4288 864
	4288 896
	4224 896
4
	4800 864
	6624 864
	6624 896
	4800 896
4
	0 896
	1536 896
	1536 928
	0 928
4
	2528 896
	2848 896
	2848 928
	2528 928
4
	3680 896
	4000 896
	4000 928
	3680 928
4
	4256 896
	4288 896
	4288 928
	4256 928
4
	4864 896
	6624 896
	6624 928
	4864 928
4
	0 928
	1568 928
	1568 960
	0 960
4
	2528 928
	2848 928
	2848 960
	2528 960
4
	3744 928
	4000 928
	4000 960
	3744 960
4
	4127 959
	4129 959
	4129 961
	4127 961
4
	4128 928
	4160 928
	4160 960
	4128 960
4
	4256 928
	4288 928
	4288 960
	4256 960
4
	4768 928
	4832 928
	4832 960
	4768 960
4
	4864 928
	6624 928
	6624 960
	4864 960
4
	0 960
	1568 960
	1568 992
	0 992
4
	2528 960
	2848 960
	2848 992
	2528 992
4
	3744 960
	3968 960
	3968 992
	3744 992
4
	4096 960
	4128 960
	4128 992
	4096 992
4
	4736 960
	6624 960
	6624 992
	4736 992
4
	0 992
	1600 992
	1600 1024
	0 1024
4
	2496 992
	2848 992
	2848 1024
	2496 1024
4
	3712 992
	3968 992
	3968 1024
	3712 1024
4
	4736 992
	4864 992
	4864 1024
	4736 1024
4
	4896 992
	6624 992
	6624 1024
	4896 1024
4
	0 1024
	1632 1024
	1632 1056
	0 1056
4
	2496 1024
	2816 1024
	2816 1056
	2496 1056
4
	3680 1024
	3936 1024
	3936 1056
	3680 1056
4
	4000 1024
	4032 1024
	4032 1056
	4000 1056
4
	4160 1024
	4192 1024
	4192 1056
	4160 1056
4
	4736 1024
	4864 1024
	4864 1056
	4736 1056
4
	4928 1024
	6624 1024
	6624 1056
	4928 1056
4
	0 1056
	1632 1056
	1632 1088
	0 1088
4
	2496 1056
	2816 1056
	2816 1088
	2496 1088
4
	3680 1056
	4224 1056
	4224 1088
	3680 1088
4
	4832 1056
	4864 1056
	4864 1088
	4832 1088
4
	4960 1056
	6624 1056
	6624 1088
	4960 1088
4
	0 1088
	1664 1088
	1664 1120
	0 1120
4
	2496 1088
	2816 1088
	2816 1120
	2496 1120
4
	3648 1088
	4192 1088
	4192 1120
	3648 1120
4
	4960 1088
	6624 1088
	6624 1120
	4960 1120
4
	0 1120
	1664 1120
	1664 1152
	0 1152
4
	2496 1120
	2816 1120
	2816 1152
	2496 1152
4
	3648 1120
	4032 1120
	4032 1152
	3648 1152
4
	4096 1120
	4128 1120
	4128 1152
	4096 1152
4
	4992 1120
	6624 1120
	6624 1152
	4992 1152
4
	0 1152
	1696 1152
	1696 1184
	0 1184
4
	2496 1152
	2816 1152
	2816 1184
	2496 1184
4
	3616 1152
	4032 1152
	4032 1184
	3616 1184
4
	4896 1152
	6624 1152
	6624 1184
	4896 1184
4
	0 1184
	1696 1184
	1696 1216
	0 1216
4
	2496 1184
	2816 1184
	2816 1216
	2496 1216
4
	3584 1184
	4000 1184
	4000 1216
	3584 1216
4
	4896 1184
	6624 1184
	6624 1216
	4896 1216
4
	0 1216
	1760 1216
	1760 1248
	0 1248
4
	2528 1216
	2816 1216
	2816 1248
	2528 1248
4
	3520 1216
	3968 1216
	3968 1248
	3520 1248
4
	4896 1216
	4992 1216
	4992 1248
	4896 1248
4
	5024 1216
	6624 1216
	6624 1248
	5024 1248
4
	0 1248
	1792 1248
	1792 1280
	0 1280
4
	2560 1248
	2816 1248
	2816 1280
	2560 1280
4
	3488 1248
	3936 1248
	3936 1280
	3488 1280
4
	5056 1248
	6624 1248
	6624 1280
	5056 1280
4
	0 1280
	1792 1280
	1792 1312
	0 1312
4
	2560 1280
	2816 1280
	2816 1312
	2560 1312
4
	3488 1280
	3904 1280
	3904 1312
	3488 1312
4
	5056 1280
	6624 1280
	6624 1312
	5056 1312
4
	0 1312
	1824 1312
	1824 1344
	0 1344
4
	2560 1312
	2752 1312
	2752 1344
	2560 1344
4
	3488 1312
	3872 1312
	3872 1344
	3488 1344
4
	5088 1312
	6624 1312
	6624 1344
	5088 1344
4
	0 1344
	1824 1344
	1824 1376
	0 1376
4
	2560 1344
	2752 1344
	2752 1376
	2560 1376
4
	3488 1344
	3872 1344
	3872 1376
	3488 1376
4
	4928 1344
	5024 1344
	5024 1376
	4928 1376
4
	5088 1344
	6624 1344
	6624 1376
	5088 1376
4
	0 1376
	1824 1376
	1824 1408
	0 1408
4
	2560 1376
	2752 1376
	2752 1408
	2560 1408
4
	2783 1407
	2785 1407
	2785 1409
	2783 1409
4
	2784 1376
	2816 1376
	2816 1408
	2784 1408
4
	3488 1376
	3840 1376
	3840 1408
	3488 1408
4
	4928 1376
	5056 1376
	5056 1408
	4928 1408
4
	5120 1376
	6624 1376
	6624 1408
	5120 1408
4
	0 1408
	1824 1408
	1824 1440
	0 1440
4
	2560 1408
	2784 1408
	2784 1440
	2560 1440
4
	3488 1408
	3840 1408
	3840 1440
	3488 1440
4
	4928 1408
	5056 1408
	5056 1440
	4928 1440
4
	5120 1408
	6624 1408
	6624 1440
	5120 1440
4
	0 1440
	1856 1440
	1856 1472
	0 1472
4
	2560 1440
	2752 1440
	2752 1472
	2560 1472
4
	3456 1440
	3872 1440
	3872 1472
	3456 1472
4
	4928 1440
	4992 1440
	4992 1472
	4928 1472
4
	5152 1440
	6624 1440
	6624 1472
	5152 1472
4
	0 1472
	1888 1472
	1888 1504
	0 1504
4
	2560 1472
	2752 1472
	2752 1504
	2560 1504
4
	3424 1472
	3904 1472
	3904 1504
	3424 1504
4
	5184 1472
	6624 1472
	6624 1504
	5184 1504
4
	0 1504
	1888 1504
	1888 1536
	0 1536
4
	2560 1504
	2752 1504
	2752 1536
	2560 1536
4
	3456 1504
	3968 1504
	3968 1536
	3456 1536
4
	5184 1504
	6624 1504
	6624 1536
	5184 1536
4
	0 1536
	1920 1536
	1920 1568
	0 1568
4
	2560 1536
	2752 1536
	2752 1568
	2560 1568
4
	3488 1536
	3648 1536
	3648 1568
	3488 1568
4
	3680 1536
	4000 1536
	4000 1568
	3680 1568
4
	4160 1536
	4256 1536
	4256 1568
	4160 1568
4
	5184 1536
	6624 1536
	6624 1568
	5184 1568
4
	0 1568
	1920 1568
	1920 1600
	0 1600
4
	2560 1568
	2752 1568
	2752 1600
	2560 1600
4
	3520 1568
	3648 1568
	3648 1600
	3520 1600
4
	3712 1568
	4032 1568
	4032 1600
	3712 1600
4
	4160 1568
	4256 1568
	4256 1600
	4160 1600
4
	5184 1568
	6624 1568
	6624 1600
	5184 1600
4
	0 1600
	1952 1600
	1952 1632
	0 1632
4
	2528 1600
	2784 1600
	2784 1632
	2528 1632
4
	3744 1600
	4064 1600
	4064 1632
	3744 1632
4
	4160 1600
	4256 1600
	4256 1632
	4160 1632
4
	5184 1600
	6624 1600
	6624 1632
	5184 1632
4
	0 1632
	1984 1632
	1984 1664
	0 1664
4
	2400 1632
	2784 1632
	2784 1664
	2400 1664
4
	3776 1632
	4096 1632
	4096 1664
	3776 1664
4
	4160 1632
	4256 1632
	4256 1664
	4160 1664
4
	5184 1632
	6624 1632
	6624 1664
	5184 1664
4
	0 1664
	1984 1664
	1984 1696
	0 1696
4
	2400 1664
	2976 1664
	2976 1696
	2400 1696
4
	3328 1664
	3360 1664
	3360 1696
	3328 1696
4
	3392 1664
	3424 1664
	3424 1696
	3392 1696
4
	3808 1664
	4128 1664
	4128 1696
	3808 1696
4
	4224 1664
	4288 1664
	4288 1696
	4224 1696
4
	5248 1664
	6624 1664
	6624 1696
	5248 1696
4
	0 1696
	2016 1696
	2016 1728
	0 1728
4
	2112 1696
	2208 1696
	2208 1728
	2112 1728
4
	2400 1696
	3072 1696
	3072 1728
	2400 1728
4
	3328 1696
	3488 1696
	3488 1728
	3328 1728
4
	3840 1696
	4160 1696
	4160 1728
	3840 1728
4
	4224 1696
	4352 1696
	4352 1728
	4224 1728
4
	5280 1696
	6624 1696
	6624 1728
	5280 1728
4
	0 1728
	2016 1728
	2016 1760
	0 1760
4
	2112 1728
	2240 1728
	2240 1760
	2112 1760
4
	2336 1728
	3200 1728
	3200 1760
	2336 1760
4
	3296 1728
	3520 1728
	3520 1760
	3296 1760
4
	3872 1728
	4192 1728
	4192 1760
	3872 1760
4
	4224 1728
	4352 1728
	4352 1760
	4224 1760
4
	5216 1728
	6624 1728
	6624 1760
	5216 1760
4
	0 1760
	2048 1760
	2048 1792
	0 1792
4
	2112 1760
	3200 1760
	3200 1792
	2112 1792
4
	3232 1760
	3520 1760
	3520 1792
	3232 1792
4
	4351 1791
	4353 1791
	4353 1793
	4351 1793
4
	3904 1760
	4352 1760
	4352 1792
	3904 1792
4
	5216 1760
	6624 1760
	6624 1792
	5216 1792
4
	0 1792
	3520 1792
	3520 1824
	0 1824
4
	3936 1792
	4256 1792
	4256 1824
	3936 1824
4
	4352 1792
	4416 1792
	4416 1824
	4352 1824
4
	5216 1792
	5344 1792
	5344 1824
	5216 1824
4
	5376 1792
	6624 1792
	6624 1824
	5376 1824
4
	0 1824
	3488 1824
	3488 1856
	0 1856
4
	3968 1824
	4288 1824
	4288 1856
	3968 1856
4
	5216 1824
	5344 1824
	5344 1856
	5216 1856
4
	5376 1824
	6624 1824
	6624 1856
	5376 1856
4
	0 1856
	3488 1856
	3488 1888
	0 1888
4
	4000 1856
	4320 1856
	4320 1888
	4000 1888
4
	5408 1856
	6624 1856
	6624 1888
	5408 1888
4
	0 1888
	3488 1888
	3488 1920
	0 1920
4
	4032 1888
	4352 1888
	4352 1920
	4032 1920
4
	4384 1888
	4512 1888
	4512 1920
	4384 1920
4
	5408 1888
	6624 1888
	6624 1920
	5408 1920
4
	0 1920
	3488 1920
	3488 1952
	0 1952
4
	4064 1920
	4512 1920
	4512 1952
	4064 1952
4
	5440 1920
	6624 1920
	6624 1952
	5440 1952
4
	0 1952
	3488 1952
	3488 1984
	0 1984
4
	4096 1952
	4512 1952
	4512 1984
	4096 1984
4
	5376 1952
	6624 1952
	6624 1984
	5376 1984
4
	0 1984
	3520 1984
	3520 2016
	0 2016
4
	4128 1984
	4544 1984
	4544 2016
	4128 2016
4
	5376 1984
	6624 1984
	6624 2016
	5376 2016
4
	0 2016
	3552 2016
	3552 2048
	0 2048
4
	4160 2016
	4544 2016
	4544 2048
	4160 2048
4
	5376 2016
	6624 2016
	6624 2048
	5376 2048
4
	0 2048
	3584 2048
	3584 2080
	0 2080
4
	4192 2048
	4544 2048
	4544 2080
	4192 2080
4
	5504 2048
	6624 2048
	6624 2080
	5504 2080
4
	0 2080
	3616 2080
	3616 2112
	0 2112
4
	4224 2080
	4544 2080
	4544 2112
	4224 2112
4
	5536 2080
	6624 2080
	6624 2112
	5536 2112
4
	0 2112
	3648 2112
	3648 2144
	0 2144
4
	4224 2112
	4544 2112
	4544 2144
	4224 2144
4
	5536 2112
	6624 2112
	6624 2144
	5536 2144
4
	0 2144
	3680 2144
	3680 2176
	0 2176
4
	4224 2144
	4544 2144
	4544 2176
	4224 2176
4
	5568 2144
	6624 2144
	6624 2176
	5568 2176
4
	0 2176
	3712 2176
	3712 2208
	0 2208
4
	4256 2176
	4512 2176
	4512 2208
	4256 2208
4
	5600 2176
	6624 2176
	6624 2208
	5600 2208
4
	0 2208
	3744 2208
	3744 2240
	0 2240
4
	4256 2208
	4512 2208
	4512 2240
	4256 2240
4
	5472 2208
	5504 2208
	5504 2240
	5472 2240
4
	5600 2208
	6624 2208
	6624 2240
	5600 2240
4
	0 2240
	3904 2240
	3904 2272
	0 2272
4
	4288 2240
	4512 2240
	4512 2272
	4288 2272
4
	5408 2240
	5504 2240
	5504 2272
	5408 2272
4
	5600 2240
	6624 2240
	6624 2272
	5600 2272
4
	0 2272
	3936 2272
	3936 2304
	0 2304
4
	4320 2272
	4544 2272
	4544 2304
	4320 2304
4
	5408 2272
	5536 2272
	5536 2304
	5408 2304
4
	5664 2272
	6624 2272
	6624 2304
	5664 2304
4
	0 2304
	4000 2304
	4000 2336
	0 2336
4
	4320 2304
	4544 2304
	4544 2336
	4320 2336
4
	5408 2304
	5568 2304
	5568 2336
	5408 2336
4
	5664 2304
	6624 2304
	6624 2336
	5664 2336
4
	0 2336
	4000 2336
	4000 2368
	0 2368
4
	4320 2336
	4544 2336
	4544 2368
	4320 2368
4
	5664 2336
	6624 2336
	6624 2368
	5664 2368
4
	0 2368
	4000 2368
	4000 2400
	0 2400
4
	4352 2368
	4576 2368
	4576 2400
	4352 2400
4
	5536 2368
	5568 2368
	5568 2400
	5536 2400
4
	5664 2368
	6624 2368
	6624 2400
	5664 2400
4
	0 2400
	4000 2400
	4000 2432
	0 2432
4
	4352 2400
	4576 2400
	4576 2432
	4352 2432
4
	5664 2400
	6624 2400
	6624 2432
	5664 2432
4
	0 2432
	4000 2432
	4000 2464
	0 2464
4
	4352 2432
	4576 2432
	4576 2464
	4352 2464
4
	5664 2432
	6624 2432
	6624 2464
	5664 2464
4
	0 2464
	3968 2464
	3968 2496
	0 2496
4
	4352 2464
	4576 2464
	4576 2496
	4352 2496
4
	5664 2464
	6624 2464
	6624 2496
	5664 2496
4
	0 2496
	3968 2496
	3968 2528
	0 2528
4
	4384 2496
	4544 2496
	4544 2528
	4384 2528
4
	5664 2496
	6624 2496
	6624 2528
	5664 2528
4
	0 2528
	3936 2528
	3936 2560
	0 2560
4
	4416 2528
	4448 2528
	4448 2560
	4416 2560
4
	5600 2528
	5632 2528
	5632 2560
	5600 2560
4
	5664 2528
	6624 2528
	6624 2560
	5664 2560
4
	0 2560
	3936 2560
	3936 2592
	0 2592
4
	5440 2560
	5472 2560
	5472 2592
	5440 2592
4
	5664 2560
	6624 2560
	6624 2592
	5664 2592
4
	0 2592
	3968 2592
	3968 2624
	0 2624
4
	5664 2592
	6624 2592
	6624 2624
	5664 2624
4
	0 2624
	3968 2624
	3968 2656
	0 2656
4
	5664 2624
	6624 2624
	6624 2656
	5664 2656
4
	0 2656
	3968 2656
	3968 2688
	0 2688
4
	4480 2656
	4640 2656
	4640 2688
	4480 2688
4
	5504 2656
	5536 2656
	5536 2688
	5504 2688
4
	5664 2656
	6624 2656
	6624 2688
	5664 2688
4
	0 2688
	3968 2688
	3968 2720
	0 2720
4
	4416 2688
	4640 2688
	4640 2720
	4416 2720
4
	5664 2688
	6624 2688
	6624 2720
	5664 2720
4
	0 2720
	4000 2720
	4000 2752
	0 2752
4
	4448 2720
	4640 2720
	4640 2752
	4448 2752
4
	5664 2720
	6624 2720
	6624 2752
	5664 2752
4
	0 2752
	4000 2752
	4000 2784
	0 2784
4
	4448 2752
	4672 2752
	4672 2784
	4448 2784
4
	5440 2752
	5472 2752
	5472 2784
	5440 2784
4
	5664 2752
	6624 2752
	6624 2784
	5664 2784
4
	0 2784
	4000 2784
	4000 2816
	0 2816
4
	4448 2784
	4672 2784
	4672 2816
	4448 2816
4
	5664 2784
	6624 2784
	6624 2816
	5664 2816
4
	0 2816
	4032 2816
	4032 2848
	0 2848
4
	4448 2816
	4672 2816
	4672 2848
	4448 2848
4
	5664 2816
	6624 2816
	6624 2848
	5664 2848
4
	0 2848
	4032 2848
	4032 2880
	0 2880
4
	4480 2848
	4704 2848
	4704 2880
	4480 2880
4
	5664 2848
	6624 2848
	6624 2880
	5664 2880
4
	0 2880
	4032 2880
	4032 2912
	0 2912
4
	4480 2880
	4704 2880
	4704 2912
	4480 2912
4
	5664 2880
	6624 2880
	6624 2912
	5664 2912
4
	0 2912
	4064 2912
	4064 2944
	0 2944
4
	4480 2912
	4704 2912
	4704 2944
	4480 2944
4
	5664 2912
	6624 2912
	6624 2944
	5664 2944
4
	0 2944
	4128 2944
	4128 2976
	0 2976
4
	4480 2944
	4768 2944
	4768 2976
	4480 2976
4
	5664 2944
	6624 2944
	6624 2976
	5664 2976
4
	0 2976
	4160 2976
	4160 3008
	0 3008
4
	4512 2976
	4800 2976
	4800 3008
	4512 3008
4
	5664 2976
	6624 2976
	6624 3008
	5664 3008
4
	0 3008
	4160 3008
	4160 3040
	0 3040
4
	4480 3008
	6624 3008
	6624 3040
	4480 3040
4
	0 3040
	4192 3040
	4192 3072
	0 3072
4
	4480 3040
	6624 3040
	6624 3072
	4480 3072
4
	0 3072
	4192 3072
	4192 3104
	0 3104
4
	4480 3072
	6624 3072
	6624 3104
	4480 3104
4
	0 3104
	4192 3104
	4192 3136
	0 3136
4
	4480 3104
	6624 3104
	6624 3136
	4480 3136
4
	0 3136
	4160 3136
	4160 3168
	0 3168
4
	4480 3136
	6624 3136
	6624 3168
	4480 3168
4
	0 3168
	4160 3168
	4160 3200
	0 3200
4
	4480 3168
	4800 3168
	4800 3200
	4480 3200
4
	5120 3168
	5248 3168
	5248 3200
	5120 3200
4
	5632 3168
	6624 3168
	6624 3200
	5632 3200
4
	0 3200
	4128 3200
	4128 3232
	0 3232
4
	4480 3200
	4768 3200
	4768 3232
	4480 3232
4
	5152 3200
	5184 3200
	5184 3232
	5152 3232
4
	5664 3200
	6624 3200
	6624 3232
	5664 3232
4
	0 3232
	4064 3232
	4064 3264
	0 3264
4
	4480 3232
	4704 3232
	4704 3264
	4480 3264
4
	5152 3232
	5184 3232
	5184 3264
	5152 3264
4
	5664 3232
	6624 3232
	6624 3264
	5664 3264
4
	0 3264
	4032 3264
	4032 3296
	0 3296
4
	4480 3264
	4704 3264
	4704 3296
	4480 3296
4
	5152 3264
	5184 3264
	5184 3296
	5152 3296
4
	5664 3264
	6624 3264
	6624 3296
	5664 3296
4
	0 3296
	4032 3296
	4032 3328
	0 3328
4
	4480 3296
	4672 3296
	4672 3328
	4480 3328
4
	5152 3296
	5184 3296
	5184 3328
	5152 3328
4
	5664 3296
	6624 3296
	6624 3328
	5664 3328
4
	0 3328
	4032 3328
	4032 3360
	0 3360
4
	4480 3328
	4672 3328
	4672 3360
	4480 3360
4
	5120 3328
	5248 3328
	5248 3360
	5120 3360
4
	5664 3328
	6624 3328
	6624 3360
	5664 3360
4
	0 3360
	4000 3360
	4000 3392
	0 3392
4
	4480 3360
	4672 3360
	4672 3392
	4480 3392
4
	5120 3360
	5248 3360
	5248 3392
	5120 3392
4
	5664 3360
	6624 3360
	6624 3392
	5664 3392
4
	0 3392
	4000 3392
	4000 3424
	0 3424
4
	4448 3392
	4672 3392
	4672 3424
	4448 3424
4
	5120 3392
	5248 3392
	5248 3424
	5120 3424
4
	5664 3392
	6624 3392
	6624 3424
	5664 3424
4
	0 3424
	4000 3424
	4000 3456
	0 3456
4
	4448 3424
	4640 3424
	4640 3456
	4448 3456
4
	5152 3424
	5216 3424
	5216 3456
	5152 3456
4
	5664 3424
	6624 3424
	6624 3456
	5664 3456
4
	0 3456
	4000 3456
	4000 3488
	0 3488
4
	4448 3456
	4640 3456
	4640 3488
	4448 3488
4
	5152 3456
	5216 3456
	5216 3488
	5152 3488
4
	5664 3456
	6624 3456
	6624 3488
	5664 3488
4
	0 3488
	3968 3488
	3968 3520
	0 3520
4
	4352 3488
	4640 3488
	4640 3520
	4352 3520
4
	5152 3488
	5216 3488
	5216 3520
	5152 3520
4
	5664 3488
	6624 3488
	6624 3520
	5664 3520
4
	0 3520
	3968 3520
	3968 3552
	0 3552
4
	4352 3520
	4608 3520
	4608 3552
	4352 3552
4
	5184 3520
	5216 3520
	5216 3552
	5184 3552
4
	5664 3520
	6624 3520
	6624 3552
	5664 3552
4
	0 3552
	3968 3552
	3968 3584
	0 3584
4
	4352 3552
	4608 3552
	4608 3584
	4352 3584
4
	5120 3552
	5248 3552
	5248 3584
	5120 3584
4
	5664 3552
	6624 3552
	6624 3584
	5664 3584
4
	0 3584
	3936 3584
	3936 3616
	0 3616
4
	4352 3584
	4608 3584
	4608 3616
	4352 3616
4
	5120 3584
	5248 3584
	5248 3616
	5120 3616
4
	5664 3584
	6624 3584
	6624 3616
	5664 3616
4
	0 3616
	3936 3616
	3936 3648
	0 3648
4
	4384 3616
	4608 3616
	4608 3648
	4384 3648
4
	4992 3616
	5088 3616
	5088 3648
	4992 3648
4
	5120 3616
	5248 3616
	5248 3648
	5120 3648
4
	5664 3616
	6624 3616
	6624 3648
	5664 3648
4
	0 3648
	3968 3648
	3968 3680
	0 3680
4
	4384 3648
	4576 3648
	4576 3680
	4384 3680
4
	4992 3648
	5248 3648
	5248 3680
	4992 3680
4
	5664 3648
	6624 3648
	6624 3680
	5664 3680
4
	0 3680
	3968 3680
	3968 3712
	0 3712
4
	4384 3680
	4576 3680
	4576 3712
	4384 3712
4
	5056 3680
	5312 3680
	5312 3712
	5056 3712
4
	5664 3680
	6624 3680
	6624 3712
	5664 3712
4
	0 3712
	4000 3712
	4000 3744
	0 3744
4
	4384 3712
	4576 3712
	4576 3744
	4384 3744
4
	5024 3712
	5344 3712
	5344 3744
	5024 3744
4
	5664 3712
	6624 3712
	6624 3744
	5664 3744
4
	0 3744
	4000 3744
	4000 3776
	0 3776
4
	4352 3744
	4576 3744
	4576 3776
	4352 3776
4
	5056 3744
	5344 3744
	5344 3776
	5056 3776
4
	5664 3744
	6624 3744
	6624 3776
	5664 3776
4
	0 3776
	4000 3776
	4000 3808
	0 3808
4
	4352 3776
	4544 3776
	4544 3808
	4352 3808
4
	5152 3776
	5312 3776
	5312 3808
	5152 3808
4
	5664 3776
	6624 3776
	6624 3808
	5664 3808
4
	0 3808
	4032 3808
	4032 3840
	0 3840
4
	4352 3808
	4544 3808
	4544 3840
	4352 3840
4
	5664 3808
	6624 3808
	6624 3840
	5664 3840
4
	0 3840
	4032 3840
	4032 3872
	0 3872
4
	4352 3840
	4544 3840
	4544 3872
	4352 3872
4
	5664 3840
	6624 3840
	6624 3872
	5664 3872
4
	0 3872
	4032 3872
	4032 3904
	0 3904
4
	4320 3872
	4544 3872
	4544 3904
	4320 3904
4
	5664 3872
	6624 3872
	6624 3904
	5664 3904
4
	0 3904
	3904 3904
	3904 3936
	0 3936
4
	4320 3904
	4512 3904
	4512 3936
	4320 3936
4
	5664 3904
	6624 3904
	6624 3936
	5664 3936
4
	0 3936
	1408 3936
	1408 3968
	0 3968
4
	1504 3936
	3744 3936
	3744 3968
	1504 3968
4
	4288 3936
	4512 3936
	4512 3968
	4288 3968
4
	5632 3936
	6624 3936
	6624 3968
	5632 3968
4
	0 3968
	1344 3968
	1344 4000
	0 4000
4
	1536 3968
	3712 3968
	3712 4000
	1536 4000
4
	4256 3968
	4512 3968
	4512 4000
	4256 4000
4
	5600 3968
	6624 3968
	6624 4000
	5600 4000
4
	0 4000
	1280 4000
	1280 4032
	0 4032
4
	1568 4000
	3680 4000
	3680 4032
	1568 4032
4
	4224 4000
	4576 4000
	4576 4032
	4224 4032
4
	5600 4000
	6624 4000
	6624 4032
	5600 4032
4
	0 4032
	1216 4032
	1216 4064
	0 4064
4
	1600 4032
	3648 4032
	3648 4064
	1600 4064
4
	4224 4032
	4576 4032
	4576 4064
	4224 4064
4
	5568 4032
	6624 4032
	6624 4064
	5568 4064
4
	0 4064
	1184 4064
	1184 4096
	0 4096
4
	1632 4064
	3616 4064
	3616 4096
	1632 4096
4
	4224 4064
	4576 4064
	4576 4096
	4224 4096
4
	5568 4064
	6624 4064
	6624 4096
	5568 4096
4
	0 4096
	1120 4096
	1120 4128
	0 4128
4
	1664 4096
	3584 4096
	3584 4128
	1664 4128
4
	4192 4096
	4544 4096
	4544 4128
	4192 4128
4
	4672 4096
	4736 4096
	4736 4128
	4672 4128
4
	5536 4096
	6624 4096
	6624 4128
	5536 4128
4
	0 4128
	1088 4128
	1088 4160
	0 4160
4
	1696 4128
	3552 4128
	3552 4160
	1696 4160
4
	4160 4128
	4544 4128
	4544 4160
	4160 4160
4
	4640 4128
	4736 4128
	4736 4160
	4640 4160
4
	5536 4128
	6624 4128
	6624 4160
	5536 4160
4
	0 4160
	1088 4160
	1088 4192
	0 4192
4
	1728 4160
	3520 4160
	3520 4192
	1728 4192
4
	4128 4160
	4544 4160
	4544 4192
	4128 4192
4
	4640 4160
	4736 4160
	4736 4192
	4640 4192
4
	5504 4160
	6624 4160
	6624 4192
	5504 4192
4
	0 4192
	1056 4192
	1056 4224
	0 4224
4
	1760 4192
	3488 4192
	3488 4224
	1760 4224
4
	4096 4192
	4512 4192
	4512 4224
	4096 4224
4
	4608 4192
	4704 4192
	4704 4224
	4608 4224
4
	4864 4192
	4928 4192
	4928 4224
	4864 4224
4
	5472 4192
	6624 4192
	6624 4224
	5472 4224
4
	0 4224
	1024 4224
	1024 4256
	0 4256
4
	1376 4224
	1504 4224
	1504 4256
	1376 4256
4
	1792 4224
	3488 4224
	3488 4256
	1792 4256
4
	4064 4224
	4480 4224
	4480 4256
	4064 4256
4
	4608 4224
	4704 4224
	4704 4256
	4608 4256
4
	4864 4224
	4928 4224
	4928 4256
	4864 4256
4
	5472 4224
	6624 4224
	6624 4256
	5472 4256
4
	0 4256
	864 4256
	864 4288
	0 4288
4
	1376 4256
	1568 4256
	1568 4288
	1376 4288
4
	1824 4256
	3488 4256
	3488 4288
	1824 4288
4
	4032 4256
	4352 4256
	4352 4288
	4032 4288
4
	4384 4256
	4448 4256
	4448 4288
	4384 4288
4
	4576 4256
	4672 4256
	4672 4288
	4576 4288
4
	4832 4256
	4928 4256
	4928 4288
	4832 4288
4
	5440 4256
	6624 4256
	6624 4288
	5440 4288
4
	0 4288
	800 4288
	800 4320
	0 4320
4
	1504 4288
	1568 4288
	1568 4320
	1504 4320
4
	1824 4288
	3488 4288
	3488 4320
	1824 4320
4
	4000 4288
	4320 4288
	4320 4320
	4000 4320
4
	4384 4288
	4448 4288
	4448 4320
	4384 4320
4
	4544 4288
	4672 4288
	4672 4320
	4544 4320
4
	4800 4288
	4928 4288
	4928 4320
	4800 4320
4
	5440 4288
	6624 4288
	6624 4320
	5440 4320
4
	0 4320
	736 4320
	736 4352
	0 4352
4
	1408 4320
	1600 4320
	1600 4352
	1408 4352
4
	1824 4320
	3488 4320
	3488 4352
	1824 4352
4
	4000 4320
	4288 4320
	4288 4352
	4000 4352
4
	4544 4320
	4640 4320
	4640 4352
	4544 4352
4
	4800 4320
	4896 4320
	4896 4352
	4800 4352
4
	5120 4320
	5184 4320
	5184 4352
	5120 4352
4
	5408 4320
	6624 4320
	6624 4352
	5408 4352
4
	0 4352
	704 4352
	704 4384
	0 4384
4
	1376 4352
	1600 4352
	1600 4384
	1376 4384
4
	1824 4352
	3488 4352
	3488 4384
	1824 4384
4
	4032 4352
	4256 4352
	4256 4384
	4032 4384
4
	4544 4352
	4608 4352
	4608 4384
	4544 4384
4
	4768 4352
	4864 4352
	4864 4384
	4768 4384
4
	5056 4352
	5088 4352
	5088 4384
	5056 4384
4
	5120 4352
	5216 4352
	5216 4384
	5120 4384
4
	5408 4352
	6624 4352
	6624 4384
	5408 4384
4
	0 4384
	640 4384
	640 4416
	0 4416
4
	1376 4384
	1600 4384
	1600 4416
	1376 4416
4
	1856 4384
	3136 4384
	3136 4416
	1856 4416
4
	3232 4384
	3488 4384
	3488 4416
	3232 4416
4
	4032 4384
	4224 4384
	4224 4416
	4032 4416
4
	4544 4384
	4608 4384
	4608 4416
	4544 4416
4
	4768 4384
	4864 4384
	4864 4416
	4768 4416
4
	5056 4384
	5280 4384
	5280 4416
	5056 4416
4
	5376 4384
	6624 4384
	6624 4416
	5376 4416
4
	0 4416
	576 4416
	576 4448
	0 4448
4
	1376 4416
	1600 4416
	1600 4448
	1376 4448
4
	1888 4416
	2016 4416
	2016 4448
	1888 4448
4
	2176 4416
	3040 4416
	3040 4448
	2176 4448
4
	3360 4416
	3488 4416
	3488 4448
	3360 4448
4
	4064 4416
	4192 4416
	4192 4448
	4064 4448
4
	4736 4416
	4832 4416
	4832 4448
	4736 4448
4
	5024 4416
	6624 4416
	6624 4448
	5024 4448
4
	0 4448
	544 4448
	544 4480
	0 4480
4
	1504 4448
	1600 4448
	1600 4480
	1504 4480
4
	2272 4448
	2912 4448
	2912 4480
	2272 4480
4
	3840 4448
	3904 4448
	3904 4480
	3840 4480
4
	4736 4448
	4832 4448
	4832 4480
	4736 4480
4
	5024 4448
	6624 4448
	6624 4480
	5024 4480
4
	0 4480
	480 4480
	480 4512
	0 4512
4
	1376 4480
	1568 4480
	1568 4512
	1376 4512
4
	2400 4480
	2816 4480
	2816 4512
	2400 4512
4
	3808 4480
	3968 4480
	3968 4512
	3808 4512
4
	4736 4480
	4800 4480
	4800 4512
	4736 4512
4
	4992 4480
	6624 4480
	6624 4512
	4992 4512
4
	0 4512
	416 4512
	416 4544
	0 4544
4
	1376 4512
	1504 4512
	1504 4544
	1376 4544
4
	2815 4543
	2817 4543
	2817 4545
	2815 4545
4
	2496 4512
	2816 4512
	2816 4544
	2496 4544
4
	3776 4512
	4000 4512
	4000 4544
	3776 4544
4
	4960 4512
	6624 4512
	6624 4544
	4960 4544
4
	0 4544
	352 4544
	352 4576
	0 4576
4
	2528 4544
	2784 4544
	2784 4576
	2528 4576
4
	2816 4544
	2848 4544
	2848 4576
	2816 4576
4
	3744 4544
	4000 4544
	4000 4576
	3744 4576
4
	4960 4544
	6624 4544
	6624 4576
	4960 4576
4
	0 4576
	320 4576
	320 4608
	0 4608
4
	2560 4576
	2752 4576
	2752 4608
	2560 4608
4
	2880 4576
	2912 4576
	2912 4608
	2880 4608
4
	2944 4576
	2976 4576
	2976 4608
	2944 4608
4
	3712 4576
	4000 4576
	4000 4608
	3712 4608
4
	4960 4576
	6624 4576
	6624 4608
	4960 4608
4
	0 4608
	256 4608
	256 4640
	0 4640
4
	2560 4608
	2752 4608
	2752 4640
	2560 4640
4
	3680 4608
	4000 4608
	4000 4640
	3680 4640
4
	5024 4608
	6624 4608
	6624 4640
	5024 4640
4
	0 4640
	192 4640
	192 4672
	0 4672
4
	1568 4640
	1696 4640
	1696 4672
	1568 4672
4
	2080 4640
	2240 4640
	2240 4672
	2080 4672
4
	2560 4640
	2752 4640
	2752 4672
	2560 4672
4
	3616 4640
	3968 4640
	3968 4672
	3616 4672
4
	5024 4640
	6624 4640
	6624 4672
	5024 4672
4
	0 4672
	128 4672
	128 4704
	0 4704
4
	1536 4672
	1760 4672
	1760 4704
	1536 4704
4
	2080 4672
	2272 4672
	2272 4704
	2080 4704
4
	2560 4672
	2752 4672
	2752 4704
	2560 4704
4
	2879 4703
	2881 4703
	2881 4705
	2879 4705
4
	2880 4672
	2912 4672
	2912 4704
	2880 4704
4
	3552 4672
	3936 4672
	3936 4704
	3552 4704
4
	5120 4672
	6624 4672
	6624 4704
	5120 4704
4
	0 4704
	128 4704
	128 4736
	0 4736
4
	1504 4704
	1824 4704
	1824 4736
	1504 4736
4
	2208 4704
	2304 4704
	2304 4736
	2208 4736
4
	2560 4704
	2752 4704
	2752 4736
	2560 4736
4
	2848 4704
	2880 4704
	2880 4736
	2848 4736
4
	3520 4704
	3904 4704
	3904 4736
	3520 4736
4
	5152 4704
	6624 4704
	6624 4736
	5152 4736
4
	0 4736
	128 4736
	128 4768
	0 4768
4
	800 4736
	992 4736
	992 4768
	800 4768
4
	1504 4736
	1856 4736
	1856 4768
	1504 4768
4
	2112 4736
	2304 4736
	2304 4768
	2112 4768
4
	2560 4736
	2752 4736
	2752 4768
	2560 4768
4
	3456 4736
	3872 4736
	3872 4768
	3456 4768
4
	5184 4736
	6624 4736
	6624 4768
	5184 4768
4
	0 4768
	160 4768
	160 4800
	0 4800
4
	800 4768
	992 4768
	992 4800
	800 4800
4
	1472 4768
	1856 4768
	1856 4800
	1472 4800
4
	2112 4768
	2336 4768
	2336 4800
	2112 4800
4
	2560 4768
	2752 4768
	2752 4800
	2560 4800
4
	3328 4768
	3840 4768
	3840 4800
	3328 4800
4
	4448 4768
	4544 4768
	4544 4800
	4448 4800
4
	5152 4768
	6624 4768
	6624 4800
	5152 4800
4
	0 4800
	160 4800
	160 4832
	0 4832
4
	928 4800
	1024 4800
	1024 4832
	928 4832
4
	1440 4800
	1856 4800
	1856 4832
	1440 4832
4
	2112 4800
	2336 4800
	2336 4832
	2112 4832
4
	2560 4800
	2752 4800
	2752 4832
	2560 4832
4
	3200 4800
	3808 4800
	3808 4832
	3200 4832
4
	4384 4800
	4416 4800
	4416 4832
	4384 4832
4
	4448 4800
	4608 4800
	4608 4832
	4448 4832
4
	5152 4800
	6624 4800
	6624 4832
	5152 4832
4
	0 4832
	192 4832
	192 4864
	0 4864
4
	832 4832
	1024 4832
	1024 4864
	832 4864
4
	1440 4832
	1824 4832
	1824 4864
	1440 4864
4
	2112 4832
	2336 4832
	2336 4864
	2112 4864
4
	2560 4832
	2752 4832
	2752 4864
	2560 4864
4
	3200 4832
	3808 4832
	3808 4864
	3200 4864
4
	4352 4832
	4640 4832
	4640 4864
	4352 4864
4
	5120 4832
	6624 4832
	6624 4864
	5120 4864
4
	0 4864
	192 4864
	192 4896
	0 4896
4
	800 4864
	1024 4864
	1024 4896
	800 4896
4
	1472 4864
	1824 4864
	1824 4896
	1472 4896
4
	2208 4864
	2304 4864
	2304 4896
	2208 4896
4
	2560 4864
	2752 4864
	2752 4896
	2560 4896
4
	2976 4864
	3040 4864
	3040 4896
	2976 4896
4
	3200 4864
	3808 4864
	3808 4896
	3200 4896
4
	4352 4864
	4640 4864
	4640 4896
	4352 4896
4
	5088 4864
	6624 4864
	6624 4896
	5088 4896
4
	0 4896
	224 4896
	224 4928
	0 4928
4
	800 4896
	1024 4896
	1024 4928
	800 4928
4
	1504 4896
	1792 4896
	1792 4928
	1504 4928
4
	2080 4896
	2304 4896
	2304 4928
	2080 4928
4
	2560 4896
	2752 4896
	2752 4928
	2560 4928
4
	2848 4896
	3040 4896
	3040 4928
	2848 4928
4
	3200 4896
	3840 4896
	3840 4928
	3200 4928
4
	4320 4896
	4608 4896
	4608 4928
	4320 4928
4
	5088 4896
	6624 4896
	6624 4928
	5088 4928
4
	0 4928
	256 4928
	256 4960
	0 4960
4
	800 4928
	1024 4928
	1024 4960
	800 4960
4
	1536 4928
	1792 4928
	1792 4960
	1536 4960
4
	2080 4928
	2240 4928
	2240 4960
	2080 4960
4
	2560 4928
	3072 4928
	3072 4960
	2560 4960
4
	3200 4928
	3840 4928
	3840 4960
	3200 4960
4
	4320 4928
	4576 4928
	4576 4960
	4320 4960
4
	5056 4928
	6624 4928
	6624 4960
	5056 4960
4
	0 4960
	256 4960
	256 4992
	0 4992
4
	928 4960
	992 4960
	992 4992
	928 4992
4
	1568 4960
	1760 4960
	1760 4992
	1568 4992
4
	2528 4960
	3072 4960
	3072 4992
	2528 4992
4
	3423 4991
	3425 4991
	3425 4993
	3423 4993
4
	3232 4960
	3424 4960
	3424 4992
	3232 4992
4
	3584 4960
	3872 4960
	3872 4992
	3584 4992
4
	4320 4960
	4608 4960
	4608 4992
	4320 4992
4
	5056 4960
	6624 4960
	6624 4992
	5056 4992
4
	0 4992
	288 4992
	288 5024
	0 5024
4
	800 4992
	992 4992
	992 5024
	800 5024
4
	1664 4992
	1760 4992
	1760 5024
	1664 5024
4
	2496 4992
	3104 4992
	3104 5024
	2496 5024
4
	3264 4992
	3328 4992
	3328 5024
	3264 5024
4
	3360 4992
	3392 4992
	3392 5024
	3360 5024
4
	3424 4992
	3456 4992
	3456 5024
	3424 5024
4
	3648 4992
	3904 4992
	3904 5024
	3648 5024
4
	4352 4992
	4416 4992
	4416 5024
	4352 5024
4
	4448 4992
	4576 4992
	4576 5024
	4448 5024
4
	5024 4992
	6624 4992
	6624 5024
	5024 5024
4
	0 5024
	288 5024
	288 5056
	0 5056
4
	800 5024
	928 5024
	928 5056
	800 5056
4
	2496 5024
	3104 5024
	3104 5056
	2496 5056
4
	3584 5024
	3616 5024
	3616 5056
	3584 5056
4
	3648 5024
	3904 5024
	3904 5056
	3648 5056
4
	4480 5024
	4608 5024
	4608 5056
	4480 5056
4
	4992 5024
	6624 5024
	6624 5056
	4992 5056
4
	0 5056
	320 5056
	320 5088
	0 5088
4
	2496 5056
	3072 5056
	3072 5088
	2496 5088
4
	3584 5056
	3616 5056
	3616 5088
	3584 5088
4
	3680 5056
	3936 5056
	3936 5088
	3680 5088
4
	4576 5056
	4640 5056
	4640 5088
	4576 5088
4
	4992 5056
	6624 5056
	6624 5088
	4992 5088
4
	0 5088
	320 5088
	320 5120
	0 5120
4
	2496 5088
	2976 5088
	2976 5120
	2496 5120
4
	3680 5088
	3936 5088
	3936 5120
	3680 5120
4
	4608 5088
	4736 5088
	4736 5120
	4608 5120
4
	4960 5088
	6624 5088
	6624 5120
	4960 5120
4
	0 5120
	352 5120
	352 5152
	0 5152
4
	2496 5120
	2848 5120
	2848 5152
	2496 5152
4
	3712 5120
	3968 5120
	3968 5152
	3712 5152
4
	4640 5120
	4768 5120
	4768 5152
	4640 5152
4
	4960 5120
	6624 5120
	6624 5152
	4960 5152
4
	0 5152
	384 5152
	384 5184
	0 5184
4
	2496 5152
	2816 5152
	2816 5184
	2496 5184
4
	3744 5152
	3968 5152
	3968 5184
	3744 5184
4
	4608 5152
	4736 5152
	4736 5184
	4608 5184
4
	4928 5152
	6624 5152
	6624 5184
	4928 5184
4
	0 5184
	384 5184
	384 5216
	0 5216
4
	2528 5184
	2784 5184
	2784 5216
	2528 5216
4
	3360 5184
	3392 5184
	3392 5216
	3360 5216
4
	3744 5184
	3904 5184
	3904 5216
	3744 5216
4
	4640 5184
	4768 5184
	4768 5216
	4640 5216
4
	4896 5184
	6624 5184
	6624 5216
	4896 5216
4
	0 5216
	416 5216
	416 5248
	0 5248
4
	2528 5216
	2752 5216
	2752 5248
	2528 5248
4
	3776 5216
	3872 5216
	3872 5248
	3776 5248
4
	4736 5216
	4800 5216
	4800 5248
	4736 5248
4
	4832 5216
	4864 5216
	4864 5248
	4832 5248
4
	4896 5216
	6624 5216
	6624 5248
	4896 5248
4
	0 5248
	512 5248
	512 5280
	0 5280
4
	2528 5248
	2752 5248
	2752 5280
	2528 5280
4
	4768 5248
	6624 5248
	6624 5280
	4768 5280
4
	0 5280
	512 5280
	512 5312
	0 5312
4
	2528 5280
	2752 5280
	2752 5312
	2528 5312
4
	4768 5280
	6624 5280
	6624 5312
	4768 5312
4
	0 5312
	544 5312
	544 5344
	0 5344
4
	1920 5312
	2080 5312
	2080 5344
	1920 5344
4
	2528 5312
	2784 5312
	2784 5344
	2528 5344
4
	3968 5312
	4064 5312
	4064 5344
	3968 5344
4
	4736 5312
	6624 5312
	6624 5344
	4736 5344
4
	0 5344
	576 5344
	576 5376
	0 5376
4
	1920 5344
	2112 5344
	2112 5376
	1920 5376
4
	2528 5344
	2752 5344
	2752 5376
	2528 5376
4
	3904 5344
	4096 5344
	4096 5376
	3904 5376
4
	4704 5344
	6624 5344
	6624 5376
	4704 5376
4
	0 5376
	608 5376
	608 5408
	0 5408
4
	2048 5376
	2144 5376
	2144 5408
	2048 5408
4
	2528 5376
	2752 5376
	2752 5408
	2528 5408
4
	3904 5376
	4128 5376
	4128 5408
	3904 5408
4
	4640 5376
	6624 5376
	6624 5408
	4640 5408
4
	0 5408
	672 5408
	672 5440
	0 5440
4
	1952 5408
	2144 5408
	2144 5440
	1952 5440
4
	2528 5408
	2752 5408
	2752 5440
	2528 5440
4
	3872 5408
	4128 5408
	4128 5440
	3872 5440
4
	4576 5408
	6624 5408
	6624 5440
	4576 5440
4
	0 5440
	736 5440
	736 5472
	0 5472
4
	1920 5440
	2176 5440
	2176 5472
	1920 5472
4
	2528 5440
	2752 5440
	2752 5472
	2528 5472
4
	3904 5440
	4160 5440
	4160 5472
	3904 5472
4
	4544 5440
	6624 5440
	6624 5472
	4544 5472
4
	0 5472
	800 5472
	800 5504
	0 5504
4
	1920 5472
	2176 5472
	2176 5504
	1920 5504
4
	2528 5472
	2752 5472
	2752 5504
	2528 5504
4
	3904 5472
	4160 5472
	4160 5504
	3904 5504
4
	4480 5472
	6624 5472
	6624 5504
	4480 5504
4
	0 5504
	832 5504
	832 5536
	0 5536
4
	1920 5504
	2176 5504
	2176 5536
	1920 5536
4
	2528 5504
	2752 5504
	2752 5536
	2528 5536
4
	3936 5504
	4192 5504
	4192 5536
	3936 5536
4
	4416 5504
	6624 5504
	6624 5536
	4416 5536
4
	0 5536
	896 5536
	896 5568
	0 5568
4
	2048 5536
	2144 5536
	2144 5568
	2048 5568
4
	2528 5536
	2752 5536
	2752 5568
	2528 5568
4
	3968 5536
	4192 5536
	4192 5568
	3968 5568
4
	4352 5536
	6624 5536
	6624 5568
	4352 5568
4
	0 5568
	960 5568
	960 5600
	0 5600
4
	1920 5568
	2144 5568
	2144 5600
	1920 5600
4
	2592 5568
	2720 5568
	2720 5600
	2592 5600
4
	3456 5568
	3520 5568
	3520 5600
	3456 5600
4
	3968 5568
	4224 5568
	4224 5600
	3968 5600
4
	4320 5568
	6624 5568
	6624 5600
	4320 5600
4
	0 5600
	1120 5600
	1120 5632
	0 5632
4
	1920 5600
	2080 5600
	2080 5632
	1920 5632
4
	3424 5600
	3648 5600
	3648 5632
	3424 5632
4
	4000 5600
	6624 5600
	6624 5632
	4000 5632
4
	0 5632
	1184 5632
	1184 5664
	0 5664
4
	3232 5632
	3264 5632
	3264 5664
	3232 5664
4
	3424 5632
	3648 5632
	3648 5664
	3424 5664
4
	4000 5632
	6624 5632
	6624 5664
	4000 5664
4
	0 5664
	1216 5664
	1216 5696
	0 5696
4
	3200 5664
	3296 5664
	3296 5696
	3200 5696
4
	3456 5664
	3680 5664
	3680 5696
	3456 5696
4
	4032 5664
	6624 5664
	6624 5696
	4032 5696
4
	0 5696
	1280 5696
	1280 5728
	0 5728
4
	3200 5696
	3296 5696
	3296 5728
	3200 5728
4
	3456 5696
	3680 5696
	3680 5728
	3456 5728
4
	3744 5696
	6624 5696
	6624 5728
	3744 5728
4
	0 5728
	1280 5728
	1280 5760
	0 5760
4
	2528 5728
	2752 5728
	2752 5760
	2528 5760
4
	3072 5728
	3296 5728
	3296 5760
	3072 5760
4
	3456 5728
	3680 5728
	3680 5760
	3456 5760
4
	3744 5728
	6624 5728
	6624 5760
	3744 5760
4
	0 5760
	1280 5760
	1280 5792
	0 5792
4
	2528 5760
	2752 5760
	2752 5792
	2528 5792
4
	3072 5760
	3296 5760
	3296 5792
	3072 5792
4
	3456 5760
	3680 5760
	3680 5792
	3456 5792
4
	3744 5760
	6624 5760
	6624 5792
	3744 5792
4
	0 5792
	1344 5792
	1344 5824
	0 5824
4
	2528 5792
	2752 5792
	2752 5824
	2528 5824
4
	3072 5792
	3328 5792
	3328 5824
	3072 5824
4
	3456 5792
	3712 5792
	3712 5824
	3456 5824
4
	3744 5792
	3840 5792
	3840 5824
	3744 5824
4
	3872 5792
	6624 5792
	6624 5824
	3872 5824
4
	0 5824
	1408 5824
	1408 5856
	0 5856
4
	2528 5824
	2752 5824
	2752 5856
	2528 5856
4
	3072 5824
	3328 5824
	3328 5856
	3072 5856
4
	3488 5824
	3712 5824
	3712 5856
	3488 5856
4
	3872 5824
	6624 5824
	6624 5856
	3872 5856
4
	0 5856
	1440 5856
	1440 5888
	0 5888
4
	2528 5856
	2752 5856
	2752 5888
	2528 5888
4
	3072 5856
	3360 5856
	3360 5888
	3072 5888
4
	3488 5856
	3712 5856
	3712 5888
	3488 5888
4
	3808 5856
	6624 5856
	6624 5888
	3808 5888
4
	0 5888
	1504 5888
	1504 5920
	0 5920
4
	2528 5888
	2752 5888
	2752 5920
	2528 5920
4
	2976 5888
	3040 5888
	3040 5920
	2976 5920
4
	3104 5888
	3360 5888
	3360 5920
	3104 5920
4
	3488 5888
	6624 5888
	6624 5920
	3488 5920
4
	0 5920
	1568 5920
	1568 5952
	0 5952
4
	2528 5920
	2752 5920
	2752 5952
	2528 5952
4
	2944 5920
	3072 5920
	3072 5952
	2944 5952
4
	3104 5920
	3360 5920
	3360 5952
	3104 5952
4
	3488 5920
	6624 5920
	6624 5952
	3488 5952
4
	0 5952
	1632 5952
	1632 5984
	0 5984
4
	2528 5952
	2752 5952
	2752 5984
	2528 5984
4
	2944 5952
	3072 5952
	3072 5984
	2944 5984
4
	3104 5952
	3360 5952
	3360 5984
	3104 5984
4
	3520 5952
	6624 5952
	6624 5984
	3520 5984
4
	0 5984
	1664 5984
	1664 6016
	0 6016
4
	2528 5984
	2752 5984
	2752 6016
	2528 6016
4
	2848 5984
	3072 5984
	3072 6016
	2848 6016
4
	3104 5984
	3392 5984
	3392 6016
	3104 6016
4
	3520 5984
	6624 5984
	6624 6016
	3520 6016
4
	0 6016
	1728 6016
	1728 6048
	0 6048
4
	2528 6016
	2752 6016
	2752 6048
	2528 6048
4
	2816 6016
	3008 6016
	3008 6048
	2816 6048
4
	3136 6016
	3392 6016
	3392 6048
	3136 6048
4
	3488 6016
	6624 6016
	6624 6048
	3488 6048
4
	0 6048
	1888 6048
	1888 6080
	0 6080
4
	2496 6048
	2752 6048
	2752 6080
	2496 6080
4
	2816 6048
	3008 6048
	3008 6080
	2816 6080
4
	3136 6048
	3392 6048
	3392 6080
	3136 6080
4
	3488 6048
	6624 6048
	6624 6080
	3488 6080
4
	0 6080
	1952 6080
	1952 6112
	0 6112
4
	2464 6080
	2752 6080
	2752 6112
	2464 6112
4
	2816 6080
	3008 6080
	3008 6112
	2816 6112
4
	3136 6080
	6624 6080
	6624 6112
	3136 6112
4
	0 6112
	6624 6112
	6624 6144
	0 6144
4
	0 6144
	6624 6144
	6624 6176
	0 6176
4
	0 6176
	6624 6176
	6624 6208
	0 6208
4
	0 6208
	6624 6208
	6624 6240
	0 6240
4
	0 6240
	6624 6240
	6624 6272
	0 6272
4
	0 6272
	6624 6272
	6624 6304
	0 6304
4
	0 6304
	6624 6304
	6624 6336
	0 6336
4
	0 6336
	6624 6336
	6624 6368
	0 6368
4
	0 6368
	6624 6368
	6624 6400
	0 6400
4
	0 6400
	6624 6400
	6624 6432
	0 6432
4
	0 6432
	6624 6432
	6624 6464
	0 6464
4
	0 6464
	6624 6464
	6624 6496
	0 6496
4
	0 6496
	6624 6496
	6624 6528
	0 6528
4
	0 6528
	6624 6528
	6624 6560
	0 6560
4
	0 6560
	6624 6560
	6624 6592
	0 6592
4
	0 6592
	6624 6592
	6624 6624
	0 6624
4
	0 6624
	6624 6624
	6624 6656
	0 6656
4
	0 6656
	6624 6656
	6624 6688
	0 6688
4
	0 6688
	6624 6688
	6624 6720
	0 6720
4
	0 6720
	6624 6720
	6624 6752
	0 6752
4
	0 6752
	6624 6752
	6624 6784
	0 6784
4
	0 6784
	6624 6784
	6624 6816
	0 6816
4
	0 6816
	3232 6816
	3232 6848
	0 6848
4
	3360 6816
	6624 6816
	6624 6848
	3360 6848
4
	0 6848
	3232 6848
	3232 6880
	0 6880
4
	3360 6848
	6624 6848
	6624 6880
	3360 6880
4
	0 6880
	3200 6880
	3200 6912
	0 6912
4
	3392 6880
	6624 6880
	6624 6912
	3392 6912
4
	0 6912
	3104 6912
	3104 6944
	0 6944
4
	3488 6912
	6624 6912
	6624 6944
	3488 6944
4
	0 6944
	3072 6944
	3072 6976
	0 6976
4
	3520 6944
	6624 6944
	6624 6976
	3520 6976
4
	0 6976
	3072 6976
	3072 7008
	0 7008
4
	3520 6976
	6624 6976
	6624 7008
	3520 7008
4
	0 7008
	3072 7008
	3072 7040
	0 7040
4
	3520 7008
	6624 7008
	6624 7040
	3520 7040
4
	0 7040
	3072 7040
	3072 7072
	0 7072
4
	3520 7040
	6624 7040
	6624 7072
	3520 7072
4
	0 7072
	3072 7072
	3072 7104
	0 7104
4
	3520 7072
	6624 7072
	6624 7104
	3520 7104
4
	0 7104
	3072 7104
	3072 7136
	0 7136
4
	3520 7104
	6624 7104
	6624 7136
	3520 7136
4
	0 7136
	3072 7136
	3072 7168
	0 7168
4
	3520 7136
	6624 7136
	6624 7168
	3520 7168
4
	0 7168
	3072 7168
	3072 7200
	0 7200
4
	3520 7168
	6624 7168
	6624 7200
	3520 7200
4
	0 7200
	3072 7200
	3072 7232
	0 7232
4
	3520 7200
	6624 7200
	6624 7232
	3520 7232
4
	0 7232
	3072 7232
	3072 7264
	0 7264
4
	3520 7232
	6624 7232
	6624 7264
	3520 7264
4
	0 7264
	3072 7264
	3072 7296
	0 7296
4
	3488 7264
	6624 7264
	6624 7296
	3488 7296
4
	0 7296
	3072 7296
	3072 7328
	0 7328
4
	3456 7296
	6624 7296
	6624 7328
	3456 7328
4
	0 7328
	3072 7328
	3072 7360
	0 7360
4
	3456 7328
	6624 7328
	6624 7360
	3456 7360
4
	0 7360
	3072 7360
	3072 7392
	0 7392
4
	3488 7360
	3584 7360
	3584 7392
	3488 7392
4
	4000 7360
	4128 7360
	4128 7392
	4000 7392
4
	5632 7360
	5760 7360
	5760 7392
	5632 7392
4
	6496 7360
	6624 7360
	6624 7392
	6496 7392
4
	0 7392
	3072 7392
	3072 7424
	0 7424
4
	3520 7392
	3552 7392
	3552 7424
	3520 7424
4
	4000 7392
	4128 7392
	4128 7424
	4000 7424
4
	5632 7392
	5728 7392
	5728 7424
	5632 7424
4
	6496 7392
	6624 7392
	6624 7424
	6496 7424
4
	0 7424
	3072 7424
	3072 7456
	0 7456
4
	6496 7424
	6624 7424
	6624 7456
	6496 7456
4
	0 7456
	3072 7456
	3072 7488
	0 7488
4
	6592 7456
	6624 7456
	6624 7488
	6592 7488
4
	0 7488
	3072 7488
	3072 7520
	0 7520
4
	6592 7488
	6624 7488
	6624 7520
	6592 7520
4
	0 7520
	3072 7520
	3072 7552
	0 7552
4
	6592 7520
	6624 7520
	6624 7552
	6592 7552
4
	0 7552
	3072 7552
	3072 7584
	0 7584
4
	6592 7552
	6624 7552
	6624 7584
	6592 7584
4
	0 7584
	3072 7584
	3072 7616
	0 7616
4
	6592 7584
	6624 7584
	6624 7616
	6592 7616
4
	0 7616
	3072 7616
	3072 7648
	0 7648
4
	6592 7616
	6624 7616
	6624 7648
	6592 7648
4
	0 7648
	3072 7648
	3072 7680
	0 7680
4
	6592 7648
	6624 7648
	6624 7680
	6592 7680
4
	0 7680
	3072 7680
	3072 7712
	0 7712
4
	6592 7680
	6624 7680
	6624 7712
	6592 7712
4
	0 7712
	3072 7712
	3072 7744
	0 7744
4
	4000 7712
	4096 7712
	4096 7744
	4000 7744
4
	5664 7712
	5760 7712
	5760 7744
	5664 7744
4
	6592 7712
	6624 7712
	6624 7744
	6592 7744
4
	0 7744
	3072 7744
	3072 7776
	0 7776
4
	3520 7744
	3584 7744
	3584 7776
	3520 7776
4
	4000 7744
	4128 7744
	4128 7776
	4000 7776
4
	4544 7744
	4608 7744
	4608 7776
	4544 7776
4
	5024 7744
	5152 7744
	5152 7776
	5024 7776
4
	5632 7744
	5760 7744
	5760 7776
	5632 7776
4
	6080 7744
	6144 7744
	6144 7776
	6080 7776
4
	6592 7744
	6624 7744
	6624 7776
	6592 7776
4
	0 7776
	3072 7776
	3072 7808
	0 7808
4
	3488 7776
	3616 7776
	3616 7808
	3488 7808
4
	4000 7776
	4128 7776
	4128 7808
	4000 7808
4
	4512 7776
	4640 7776
	4640 7808
	4512 7808
4
	5024 7776
	5152 7776
	5152 7808
	5024 7808
4
	5632 7776
	5760 7776
	5760 7808
	5632 7808
4
	6048 7776
	6176 7776
	6176 7808
	6048 7808
4
	6592 7776
	6624 7776
	6624 7808
	6592 7808
4
	0 7808
	3072 7808
	3072 7840
	0 7840
4
	3456 7808
	4672 7808
	4672 7840
	3456 7840
4
	5024 7808
	6208 7808
	6208 7840
	5024 7840
4
	6592 7808
	6624 7808
	6624 7840
	6592 7840
4
	0 7840
	3072 7840
	3072 7872
	0 7872
4
	3456 7840
	4640 7840
	4640 7872
	3456 7872
4
	5024 7840
	6176 7840
	6176 7872
	5024 7872
4
	6592 7840
	6624 7840
	6624 7872
	6592 7872
4
	0 7872
	3072 7872
	3072 7904
	0 7904
4
	3488 7872
	4608 7872
	4608 7904
	3488 7904
4
	5024 7872
	6144 7872
	6144 7904
	5024 7904
4
	6592 7872
	6624 7872
	6624 7904
	6592 7904
4
	0 7904
	3072 7904
	3072 7936
	0 7936
4
	3520 7904
	4608 7904
	4608 7936
	3520 7936
4
	5056 7904
	6144 7904
	6144 7936
	5056 7936
4
	6592 7904
	6624 7904
	6624 7936
	6592 7936
4
	0 7936
	3072 7936
	3072 7968
	0 7968
4
	3520 7936
	4608 7936
	4608 7968
	3520 7968
4
	5056 7936
	6144 7936
	6144 7968
	5056 7968
4
	6592 7936
	6624 7936
	6624 7968
	6592 7968
4
	0 7968
	3072 7968
	3072 8000
	0 8000
4
	3520 7968
	4608 7968
	4608 8000
	3520 8000
4
	5056 7968
	6144 7968
	6144 8000
	5056 8000
4
	6592 7968
	6624 7968
	6624 8000
	6592 8000
4
	0 8000
	3072 8000
	3072 8032
	0 8032
4
	3520 8000
	4608 8000
	4608 8032
	3520 8032
4
	5056 8000
	6144 8000
	6144 8032
	5056 8032
4
	6592 8000
	6624 8000
	6624 8032
	6592 8032
4
	0 8032
	3072 8032
	3072 8064
	0 8064
4
	3520 8032
	4608 8032
	4608 8064
	3520 8064
4
	5056 8032
	6144 8032
	6144 8064
	5056 8064
4
	6592 8032
	6624 8032
	6624 8064
	6592 8064
4
	0 8064
	3072 8064
	3072 8096
	0 8096
4
	3520 8064
	4608 8064
	4608 8096
	3520 8096
4
	5056 8064
	6144 8064
	6144 8096
	5056 8096
4
	6592 8064
	6624 8064
	6624 8096
	6592 8096
4
	0 8096
	3072 8096
	3072 8128
	0 8128
4
	3520 8096
	4608 8096
	4608 8128
	3520 8128
4
	5056 8096
	6144 8096
	6144 8128
	5056 8128
4
	6592 8096
	6624 8096
	6624 8128
	6592 8128
4
	0 8128
	3072 8128
	3072 8160
	0 8160
4
	3520 8128
	4608 8128
	4608 8160
	3520 8160
4
	5056 8128
	6144 8128
	6144 8160
	5056 8160
4
	6592 8128
	6624 8128
	6624 8160
	6592 8160
4
	0 8160
	3072 8160
	3072 8192
	0 8192
4
	3520 8160
	4608 8160
	4608 8192
	3520 8192
4
	5056 8160
	6144 8160
	6144 8192
	5056 8192
4
	6592 8160
	6624 8160
	6624 8192
	6592 8192
4
	0 8192
	3072 8192
	3072 8224
	0 8224
4
	3520 8192
	4608 8192
	4608 8224
	3520 8224
4
	5056 8192
	6144 8192
	6144 8224
	5056 8224
4
	6592 8192
	6624 8192
	6624 8224
	6592 8224
4
	0 8224
	3072 8224
	3072 8256
	0 8256
4
	3520 8224
	4608 8224
	4608 8256
	3520 8256
4
	5056 8224
	6144 8224
	6144 8256
	5056 8256
4
	6592 8224
	6624 8224
	6624 8256
	6592 8256
4
	0 8256
	3072 8256
	3072 8288
	0 8288
4
	3520 8256
	4608 8256
	4608 8288
	3520 8288
4
	5056 8256
	6176 8256
	6176 8288
	5056 8288
4
	6592 8256
	6624 8256
	6624 8288
	6592 8288
4
	0 8288
	3136 8288
	3136 8320
	0 8320
4
	3456 8288
	4672 8288
	4672 8320
	3456 8320
4
	4992 8288
	6208 8288
	6208 8320
	4992 8320
4
	6528 8288
	6624 8288
	6624 8320
	6528 8320
4
	0 8320
	3136 8320
	3136 8352
	0 8352
4
	3424 8320
	4672 8320
	4672 8352
	3424 8352
4
	4960 8320
	6208 8320
	6208 8352
	4960 8352
4
	6496 8320
	6624 8320
	6624 8352
	6496 8352
4
	0 8352
	3136 8352
	3136 8384
	0 8384
4
	3424 8352
	4672 8352
	4672 8384
	3424 8384
4
	4960 8352
	6208 8352
	6208 8384
	4960 8384
4
	6496 8352
	6624 8352
	6624 8384
	6496 8384
4
	0 8384
	3136 8384
	3136 8416
	0 8416
4
	3456 8384
	4640 8384
	4640 8416
	3456 8416
4
	4992 8384
	6144 8384
	6144 8416
	4992 8416
4
	6528 8384
	6624 8384
	6624 8416
	6528 8416
4
	0 8416
	3072 8416
	3072 8448
	0 8448
4
	3520 8416
	4608 8416
	4608 8448
	3520 8448
4
	5056 8416
	6144 8416
	6144 8448
	5056 8448
4
	6592 8416
	6624 8416
	6624 8448
	6592 8448
4
	0 8448
	3072 8448
	3072 8480
	0 8480
4
	3520 8448
	4608 8448
	4608 8480
	3520 8480
4
	5056 8448
	6144 8448
	6144 8480
	5056 8480
4
	6592 8448
	6624 8448
	6624 8480
	6592 8480
4
	0 8480
	3072 8480
	3072 8512
	0 8512
4
	3520 8480
	4608 8480
	4608 8512
	3520 8512
4
	5056 8480
	6144 8480
	6144 8512
	5056 8512
4
	6592 8480
	6624 8480
	6624 8512
	6592 8512
4
	0 8512
	3072 8512
	3072 8544
	0 8544
4
	3520 8512
	4608 8512
	4608 8544
	3520 8544
4
	5056 8512
	6144 8512
	6144 8544
	5056 8544
4
	6592 8512
	6624 8512
	6624 8544
	6592 8544
4
	0 8544
	3072 8544
	3072 8576
	0 8576
4
	3520 8544
	4608 8544
	4608 8576
	3520 8576
4
	5056 8544
	6144 8544
	6144 8576
	5056 8576
4
	6592 8544
	6624 8544
	6624 8576
	6592 8576
4
	0 8576
	3072 8576
	3072 8608
	0 8608
4
	3520 8576
	4608 8576
	4608 8608
	3520 8608
4
	5056 8576
	6144 8576
	6144 8608
	5056 8608
4
	6592 8576
	6624 8576
	6624 8608
	6592 8608
4
	0 8608
	3072 8608
	3072 8640
	0 8640
4
	3520 8608
	4608 8608
	4608 8640
	3520 8640
4
	5056 8608
	6144 8608
	6144 8640
	5056 8640
4
	6592 8608
	6624 8608
	6624 8640
	6592 8640
4
	0 8640
	3072 8640
	3072 8672
	0 8672
4
	3520 8640
	4608 8640
	4608 8672
	3520 8672
4
	5056 8640
	6144 8640
	6144 8672
	5056 8672
4
	6592 8640
	6624 8640
	6624 8672
	6592 8672
4
	0 8672
	3072 8672
	3072 8704
	0 8704
4
	3520 8672
	4608 8672
	4608 8704
	3520 8704
4
	5056 8672
	6144 8672
	6144 8704
	5056 8704
4
	6592 8672
	6624 8672
	6624 8704
	6592 8704
4
	0 8704
	3072 8704
	3072 8736
	0 8736
4
	3520 8704
	4608 8704
	4608 8736
	3520 8736
4
	5056 8704
	6144 8704
	6144 8736
	5056 8736
4
	6592 8704
	6624 8704
	6624 8736
	6592 8736
4
	0 8736
	3072 8736
	3072 8768
	0 8768
4
	3520 8736
	4608 8736
	4608 8768
	3520 8768
4
	5056 8736
	6144 8736
	6144 8768
	5056 8768
4
	6592 8736
	6624 8736
	6624 8768
	6592 8768
4
	0 8768
	3072 8768
	3072 8800
	0 8800
4
	3488 8768
	4608 8768
	4608 8800
	3488 8800
4
	5056 8768
	6176 8768
	6176 8800
	5056 8800
4
	6592 8768
	6624 8768
	6624 8800
	6592 8800
4
	0 8800
	3072 8800
	3072 8832
	0 8832
4
	3488 8800
	4640 8800
	4640 8832
	3488 8832
4
	5024 8800
	6176 8800
	6176 8832
	5024 8832
4
	6592 8800
	6624 8800
	6624 8832
	6592 8832
4
	0 8832
	3072 8832
	3072 8864
	0 8864
4
	3488 8832
	4672 8832
	4672 8864
	3488 8864
4
	4992 8832
	6176 8832
	6176 8864
	4992 8864
4
	6592 8832
	6624 8832
	6624 8864
	6592 8864
4
	0 8864
	3072 8864
	3072 8896
	0 8896
4
	3488 8864
	4640 8864
	4640 8896
	3488 8896
4
	4992 8864
	6176 8864
	6176 8896
	4992 8896
4
	6592 8864
	6624 8864
	6624 8896
	6592 8896
4
	0 8896
	3072 8896
	3072 8928
	0 8928
4
	3488 8896
	3616 8896
	3616 8928
	3488 8928
4
	4000 8896
	4128 8896
	4128 8928
	4000 8928
4
	4512 8896
	4608 8896
	4608 8928
	4512 8928
4
	5024 8896
	5120 8896
	5120 8928
	5024 8928
4
	5632 8896
	5760 8896
	5760 8928
	5632 8928
4
	6048 8896
	6176 8896
	6176 8928
	6048 8928
4
	6592 8896
	6624 8896
	6624 8928
	6592 8928
4
	0 8928
	3072 8928
	3072 8960
	0 8960
4
	4032 8928
	4128 8928
	4128 8960
	4032 8960
4
	4544 8928
	4576 8928
	4576 8960
	4544 8960
4
	5056 8928
	5088 8928
	5088 8960
	5056 8960
4
	5632 8928
	5728 8928
	5728 8960
	5632 8960
4
	6592 8928
	6624 8928
	6624 8960
	6592 8960
4
	0 8960
	3072 8960
	3072 8992
	0 8992
4
	6592 8960
	6624 8960
	6624 8992
	6592 8992
4
	0 8992
	3072 8992
	3072 9024
	0 9024
4
	6592 8992
	6624 8992
	6624 9024
	6592 9024
4
	0 9024
	3072 9024
	3072 9056
	0 9056
4
	6592 9024
	6624 9024
	6624 9056
	6592 9056
4
	0 9056
	3072 9056
	3072 9088
	0 9088
4
	6592 9056
	6624 9056
	6624 9088
	6592 9088
4
	0 9088
	3072 9088
	3072 9120
	0 9120
4
	6592 9088
	6624 9088
	6624 9120
	6592 9120
4
	0 9120
	3072 9120
	3072 9152
	0 9152
4
	6592 9120
	6624 9120
	6624 9152
	6592 9152
4
	0 9152
	3072 9152
	3072 9184
	0 9184
4
	6592 9152
	6624 9152
	6624 9184
	6592 9184
4
	0 9184
	3072 9184
	3072 9216
	0 9216
4
	6592 9184
	6624 9184
	6624 9216
	6592 9216
4
	0 9216
	3072 9216
	3072 9248
	0 9248
4
	6592 9216
	6624 9216
	6624 9248
	6592 9248
4
	0 9248
	3072 9248
	3072 9280
	0 9280
4
	4032 9248
	4096 9248
	4096 9280
	4032 9280
4
	5664 9248
	5728 9248
	5728 9280
	5664 9280
4
	6592 9248
	6624 9248
	6624 9280
	6592 9280
4
	0 9280
	3072 9280
	3072 9312
	0 9312
4
	3488 9280
	3616 9280
	3616 9312
	3488 9312
4
	4000 9280
	4128 9280
	4128 9312
	4000 9312
4
	4512 9280
	4640 9280
	4640 9312
	4512 9312
4
	5056 9280
	5120 9280
	5120 9312
	5056 9312
4
	5632 9280
	5760 9280
	5760 9312
	5632 9312
4
	6080 9280
	6144 9280
	6144 9312
	6080 9312
4
	6592 9280
	6624 9280
	6624 9312
	6592 9312
4
	0 9312
	3072 9312
	3072 9344
	0 9344
4
	3488 9312
	3616 9312
	3616 9344
	3488 9344
4
	4000 9312
	4128 9312
	4128 9344
	4000 9344
4
	4512 9312
	4640 9312
	4640 9344
	4512 9344
4
	5024 9312
	5152 9312
	5152 9344
	5024 9344
4
	5632 9312
	5760 9312
	5760 9344
	5632 9344
4
	6048 9312
	6176 9312
	6176 9344
	6048 9344
4
	6592 9312
	6624 9312
	6624 9344
	6592 9344
4
	0 9344
	3072 9344
	3072 9376
	0 9376
4
	3488 9344
	4640 9344
	4640 9376
	3488 9376
4
	4992 9344
	6208 9344
	6208 9376
	4992 9376
4
	6592 9344
	6624 9344
	6624 9376
	6592 9376
4
	0 9376
	3072 9376
	3072 9408
	0 9408
4
	3488 9376
	4640 9376
	4640 9408
	3488 9408
4
	4992 9376
	6176 9376
	6176 9408
	4992 9408
4
	6592 9376
	6624 9376
	6624 9408
	6592 9408
4
	0 9408
	3072 9408
	3072 9440
	0 9440
4
	3488 9408
	4640 9408
	4640 9440
	3488 9440
4
	5024 9408
	6144 9408
	6144 9440
	5024 9440
4
	6592 9408
	6624 9408
	6624 9440
	6592 9440
4
	0 9440
	3072 9440
	3072 9472
	0 9472
4
	3520 9440
	4608 9440
	4608 9472
	3520 9472
4
	5056 9440
	6144 9440
	6144 9472
	5056 9472
4
	6592 9440
	6624 9440
	6624 9472
	6592 9472
4
	0 9472
	3072 9472
	3072 9504
	0 9504
4
	3520 9472
	4608 9472
	4608 9504
	3520 9504
4
	5056 9472
	6144 9472
	6144 9504
	5056 9504
4
	6592 9472
	6624 9472
	6624 9504
	6592 9504
4
	0 9504
	3072 9504
	3072 9536
	0 9536
4
	3520 9504
	4608 9504
	4608 9536
	3520 9536
4
	5056 9504
	6144 9504
	6144 9536
	5056 9536
4
	6592 9504
	6624 9504
	6624 9536
	6592 9536
4
	0 9536
	3072 9536
	3072 9568
	0 9568
4
	3520 9536
	4608 9536
	4608 9568
	3520 9568
4
	5056 9536
	6144 9536
	6144 9568
	5056 9568
4
	6592 9536
	6624 9536
	6624 9568
	6592 9568
4
	0 9568
	3072 9568
	3072 9600
	0 9600
4
	3520 9568
	4608 9568
	4608 9600
	3520 9600
4
	5056 9568
	6144 9568
	6144 9600
	5056 9600
4
	6592 9568
	6624 9568
	6624 9600
	6592 9600
4
	0 9600
	3072 9600
	3072 9632
	0 9632
4
	3520 9600
	4608 9600
	4608 9632
	3520 9632
4
	5056 9600
	6144 9600
	6144 9632
	5056 9632
4
	6592 9600
	6624 9600
	6624 9632
	6592 9632
4
	0 9632
	3072 9632
	3072 9664
	0 9664
4
	3520 9632
	4608 9632
	4608 9664
	3520 9664
4
	5056 9632
	6144 9632
	6144 9664
	5056 9664
4
	6592 9632
	6624 9632
	6624 9664
	6592 9664
4
	0 9664
	3072 9664
	3072 9696
	0 9696
4
	3520 9664
	4608 9664
	4608 9696
	3520 9696
4
	5056 9664
	6144 9664
	6144 9696
	5056 9696
4
	6592 9664
	6624 9664
	6624 9696
	6592 9696
4
	0 9696
	3072 9696
	3072 9728
	0 9728
4
	3520 9696
	4608 9696
	4608 9728
	3520 9728
4
	5056 9696
	6144 9696
	6144 9728
	5056 9728
4
	6592 9696
	6624 9696
	6624 9728
	6592 9728
4
	0 9728
	3072 9728
	3072 9760
	0 9760
4
	3520 9728
	4608 9728
	4608 9760
	3520 9760
4
	5056 9728
	6144 9728
	6144 9760
	5056 9760
4
	6592 9728
	6624 9728
	6624 9760
	6592 9760
4
	0 9760
	3072 9760
	3072 9792
	0 9792
4
	3520 9760
	4608 9760
	4608 9792
	3520 9792
4
	5056 9760
	6144 9760
	6144 9792
	5056 9792
4
	6592 9760
	6624 9760
	6624 9792
	6592 9792
4
	0 9792
	3072 9792
	3072 9824
	0 9824
4
	3520 9792
	4608 9792
	4608 9824
	3520 9824
4
	5056 9792
	6208 9792
	6208 9824
	5056 9824
4
	6592 9792
	6624 9792
	6624 9824
	6592 9824
4
	0 9824
	3136 9824
	3136 9856
	0 9856
4
	3456 9824
	4672 9824
	4672 9856
	3456 9856
4
	4992 9824
	6208 9824
	6208 9856
	4992 9856
4
	6496 9824
	6624 9824
	6624 9856
	6496 9856
4
	0 9856
	3136 9856
	3136 9888
	0 9888
4
	3424 9856
	4672 9856
	4672 9888
	3424 9888
4
	4960 9856
	6208 9856
	6208 9888
	4960 9888
4
	6496 9856
	6624 9856
	6624 9888
	6496 9888
4
	0 9888
	3136 9888
	3136 9920
	0 9920
4
	3456 9888
	4672 9888
	4672 9920
	3456 9920
4
	4992 9888
	6208 9888
	6208 9920
	4992 9920
4
	6496 9888
	6624 9888
	6624 9920
	6496 9920
4
	0 9920
	3072 9920
	3072 9952
	0 9952
4
	3520 9920
	4608 9920
	4608 9952
	3520 9952
4
	5056 9920
	6144 9920
	6144 9952
	5056 9952
4
	6592 9920
	6624 9920
	6624 9952
	6592 9952
4
	0 9952
	3072 9952
	3072 9984
	0 9984
4
	3520 9952
	4608 9952
	4608 9984
	3520 9984
4
	5056 9952
	6144 9952
	6144 9984
	5056 9984
4
	6592 9952
	6624 9952
	6624 9984
	6592 9984
4
	0 9984
	3072 9984
	3072 10016
	0 10016
4
	3520 9984
	4608 9984
	4608 10016
	3520 10016
4
	5056 9984
	6144 9984
	6144 10016
	5056 10016
4
	6592 9984
	6624 9984
	6624 10016
	6592 10016
4
	0 10016
	3072 10016
	3072 10048
	0 10048
4
	3520 10016
	4608 10016
	4608 10048
	3520 10048
4
	5056 10016
	6144 10016
	6144 10048
	5056 10048
4
	6592 10016
	6624 10016
	6624 10048
	6592 10048
4
	0 10048
	3072 10048
	3072 10080
	0 10080
4
	3520 10048
	4608 10048
	4608 10080
	3520 10080
4
	5056 10048
	6144 10048
	6144 10080
	5056 10080
4
	6592 10048
	6624 10048
	6624 10080
	6592 10080
4
	0 10080
	3072 10080
	3072 10112
	0 10112
4
	3520 10080
	4608 10080
	4608 10112
	3520 10112
4
	5056 10080
	6144 10080
	6144 10112
	5056 10112
4
	6592 10080
	6624 10080
	6624 10112
	6592 10112
4
	0 10112
	3072 10112
	3072 10144
	0 10144
4
	3520 10112
	4608 10112
	4608 10144
	3520 10144
4
	5056 10112
	6144 10112
	6144 10144
	5056 10144
4
	6592 10112
	6624 10112
	6624 10144
	6592 10144
4
	0 10144
	3072 10144
	3072 10176
	0 10176
4
	3520 10144
	4608 10144
	4608 10176
	3520 10176
4
	5056 10144
	6144 10144
	6144 10176
	5056 10176
4
	6592 10144
	6624 10144
	6624 10176
	6592 10176
4
	0 10176
	3072 10176
	3072 10208
	0 10208
4
	3520 10176
	4608 10176
	4608 10208
	3520 10208
4
	5056 10176
	6144 10176
	6144 10208
	5056 10208
4
	6592 10176
	6624 10176
	6624 10208
	6592 10208
4
	0 10208
	3072 10208
	3072 10240
	0 10240
4
	3520 10208
	4608 10208
	4608 10240
	3520 10240
4
	5056 10208
	6144 10208
	6144 10240
	5056 10240
4
	6592 10208
	6624 10208
	6624 10240
	6592 10240
4
	0 10240
	3072 10240
	3072 10272
	0 10272
4
	3520 10240
	4608 10240
	4608 10272
	3520 10272
4
	5056 10240
	6144 10240
	6144 10272
	5056 10272
4
	6592 10240
	6624 10240
	6624 10272
	6592 10272
4
	0 10272
	3072 10272
	3072 10304
	0 10304
4
	3520 10272
	4608 10272
	4608 10304
	3520 10304
4
	5056 10272
	6144 10272
	6144 10304
	5056 10304
4
	6592 10272
	6624 10272
	6624 10304
	6592 10304
4
	0 10304
	3072 10304
	3072 10336
	0 10336
4
	3520 10304
	4640 10304
	4640 10336
	3520 10336
4
	5024 10304
	6176 10304
	6176 10336
	5024 10336
4
	6592 10304
	6624 10304
	6624 10336
	6592 10336
4
	0 10336
	3072 10336
	3072 10368
	0 10368
4
	3488 10336
	4640 10336
	4640 10368
	3488 10368
4
	5024 10336
	6176 10336
	6176 10368
	5024 10368
4
	6592 10336
	6624 10336
	6624 10368
	6592 10368
4
	0 10368
	3072 10368
	3072 10400
	0 10400
4
	3456 10368
	4640 10368
	4640 10400
	3456 10400
4
	5024 10368
	6176 10368
	6176 10400
	5024 10400
4
	6592 10368
	6624 10368
	6624 10400
	6592 10400
4
	0 10400
	3072 10400
	3072 10432
	0 10432
4
	3456 10400
	4640 10400
	4640 10432
	3456 10432
4
	5024 10400
	6176 10400
	6176 10432
	5024 10432
4
	6592 10400
	6624 10400
	6624 10432
	6592 10432
4
	0 10432
	3072 10432
	3072 10464
	0 10464
4
	3488 10432
	3584 10432
	3584 10464
	3488 10464
4
	4000 10432
	4128 10432
	4128 10464
	4000 10464
4
	4512 10432
	4640 10432
	4640 10464
	4512 10464
4
	5024 10432
	5152 10432
	5152 10464
	5024 10464
4
	5632 10432
	5760 10432
	5760 10464
	5632 10464
4
	6048 10432
	6176 10432
	6176 10464
	6048 10464
4
	6592 10432
	6624 10432
	6624 10464
	6592 10464
4
	0 10464
	3072 10464
	3072 10496
	0 10496
4
	3520 10464
	3552 10464
	3552 10496
	3520 10496
4
	4032 10464
	4128 10464
	4128 10496
	4032 10496
4
	5632 10464
	5728 10464
	5728 10496
	5632 10496
4
	6592 10464
	6624 10464
	6624 10496
	6592 10496
4
	0 10496
	3072 10496
	3072 10528
	0 10528
4
	6592 10496
	6624 10496
	6624 10528
	6592 10528
4
	0 10528
	2336 10528
	2336 10560
	0 10560
4
	2496 10528
	3072 10528
	3072 10560
	2496 10560
4
	6592 10528
	6624 10528
	6624 10560
	6592 10560
4
	0 10560
	2304 10560
	2304 10592
	0 10592
4
	2496 10560
	3072 10560
	3072 10592
	2496 10592
4
	6592 10560
	6624 10560
	6624 10592
	6592 10592
4
	0 10592
	2304 10592
	2304 10624
	0 10624
4
	2496 10592
	3072 10592
	3072 10624
	2496 10624
4
	6592 10592
	6624 10592
	6624 10624
	6592 10624
4
	0 10624
	2176 10624
	2176 10656
	0 10656
4
	2208 10624
	2304 10624
	2304 10656
	2208 10656
4
	2496 10624
	3072 10624
	3072 10656
	2496 10656
4
	6592 10624
	6624 10624
	6624 10656
	6592 10656
4
	0 10656
	2112 10656
	2112 10688
	0 10688
4
	2496 10656
	3072 10656
	3072 10688
	2496 10688
4
	6592 10656
	6624 10656
	6624 10688
	6592 10688
4
	0 10688
	2112 10688
	2112 10720
	0 10720
4
	2496 10688
	3072 10688
	3072 10720
	2496 10720
4
	6592 10688
	6624 10688
	6624 10720
	6592 10720
4
	0 10720
	1568 10720
	1568 10752
	0 10752
4
	1696 10720
	1792 10720
	1792 10752
	1696 10752
4
	1920 10720
	2080 10720
	2080 10752
	1920 10752
4
	2496 10720
	3072 10720
	3072 10752
	2496 10752
4
	6592 10720
	6624 10720
	6624 10752
	6592 10752
4
	0 10752
	1568 10752
	1568 10784
	0 10784
4
	1696 10752
	1792 10752
	1792 10784
	1696 10784
4
	1920 10752
	2080 10752
	2080 10784
	1920 10784
4
	2496 10752
	3072 10752
	3072 10784
	2496 10784
4
	6592 10752
	6624 10752
	6624 10784
	6592 10784
4
	0 10784
	1568 10784
	1568 10816
	0 10816
4
	1728 10784
	1792 10784
	1792 10816
	1728 10816
4
	2496 10784
	3136 10784
	3136 10816
	2496 10816
4
	4000 10784
	4096 10784
	4096 10816
	4000 10816
4
	5664 10784
	5760 10784
	5760 10816
	5664 10816
4
	6496 10784
	6624 10784
	6624 10816
	6496 10816
4
	0 10816
	1568 10816
	1568 10848
	0 10848
4
	2464 10816
	3136 10816
	3136 10848
	2464 10848
4
	4000 10816
	4128 10816
	4128 10848
	4000 10848
4
	4544 10816
	4608 10816
	4608 10848
	4544 10848
4
	5056 10816
	5120 10816
	5120 10848
	5056 10848
4
	5632 10816
	5760 10816
	5760 10848
	5632 10848
4
	6496 10816
	6624 10816
	6624 10848
	6496 10848
4
	0 10848
	1664 10848
	1664 10880
	0 10880
4
	2432 10848
	3136 10848
	3136 10880
	2432 10880
4
	4000 10848
	4128 10848
	4128 10880
	4000 10880
4
	4512 10848
	4640 10848
	4640 10880
	4512 10880
4
	5024 10848
	5152 10848
	5152 10880
	5024 10880
4
	5632 10848
	5760 10848
	5760 10880
	5632 10880
4
	6496 10848
	6624 10848
	6624 10880
	6496 10880
4
	0 10880
	1664 10880
	1664 10912
	0 10912
4
	2432 10880
	4672 10880
	4672 10912
	2432 10912
4
	4992 10880
	6624 10880
	6624 10912
	4992 10912
4
	0 10912
	1664 10912
	1664 10944
	0 10944
4
	2432 10912
	4640 10912
	4640 10944
	2432 10944
4
	4992 10912
	6624 10912
	6624 10944
	4992 10944
4
	0 10944
	1632 10944
	1632 10976
	0 10976
4
	2464 10944
	4608 10944
	4608 10976
	2464 10976
4
	5024 10944
	6624 10944
	6624 10976
	5024 10976
4
	0 10976
	1568 10976
	1568 11008
	0 11008
4
	2496 10976
	4608 10976
	4608 11008
	2496 11008
4
	5056 10976
	6624 10976
	6624 11008
	5056 11008
4
	0 11008
	1568 11008
	1568 11040
	0 11040
4
	2496 11008
	4608 11008
	4608 11040
	2496 11040
4
	5056 11008
	6624 11008
	6624 11040
	5056 11040
4
	0 11040
	1568 11040
	1568 11072
	0 11072
4
	1728 11040
	1792 11040
	1792 11072
	1728 11072
4
	1952 11040
	2080 11040
	2080 11072
	1952 11072
4
	2496 11040
	4608 11040
	4608 11072
	2496 11072
4
	5056 11040
	6624 11040
	6624 11072
	5056 11072
4
	0 11072
	1568 11072
	1568 11104
	0 11104
4
	1696 11072
	1792 11072
	1792 11104
	1696 11104
4
	1920 11072
	2080 11072
	2080 11104
	1920 11104
4
	2496 11072
	4608 11072
	4608 11104
	2496 11104
4
	5056 11072
	6624 11072
	6624 11104
	5056 11104
4
	0 11104
	2112 11104
	2112 11136
	0 11136
4
	2496 11104
	4608 11104
	4608 11136
	2496 11136
4
	5056 11104
	6624 11104
	6624 11136
	5056 11136
4
	0 11136
	2112 11136
	2112 11168
	0 11168
4
	2496 11136
	4608 11136
	4608 11168
	2496 11168
4
	5056 11136
	6624 11136
	6624 11168
	5056 11168
4
	0 11168
	2176 11168
	2176 11200
	0 11200
4
	2208 11168
	2304 11168
	2304 11200
	2208 11200
4
	2496 11168
	4608 11168
	4608 11200
	2496 11200
4
	5056 11168
	6624 11168
	6624 11200
	5056 11200
4
	0 11200
	2304 11200
	2304 11232
	0 11232
4
	2496 11200
	4608 11200
	4608 11232
	2496 11232
4
	5056 11200
	6624 11200
	6624 11232
	5056 11232
4
	0 11232
	2304 11232
	2304 11264
	0 11264
4
	2496 11232
	4608 11232
	4608 11264
	2496 11264
4
	5024 11232
	6624 11232
	6624 11264
	5024 11264
4
	0 11264
	2336 11264
	2336 11296
	0 11296
4
	2496 11264
	4736 11264
	4736 11296
	2496 11296
4
	4928 11264
	6624 11264
	6624 11296
	4928 11296
4
	0 11296
	2368 11296
	2368 11328
	0 11328
4
	2400 11296
	2464 11296
	2464 11328
	2400 11328
4
	2496 11296
	4768 11296
	4768 11328
	2496 11328
4
	4896 11296
	6624 11296
	6624 11328
	4896 11328
4
	0 11328
	4768 11328
	4768 11360
	0 11360
4
	4896 11328
	6624 11328
	6624 11360
	4896 11360
4
	0 11360
	4768 11360
	4768 11392
	0 11392
4
	4896 11360
	6624 11360
	6624 11392
	4896 11392
4
	0 11392
	4768 11392
	4768 11424
	0 11424
4
	4896 11392
	6624 11392
	6624 11424
	4896 11424
4
	0 11424
	3680 11424
	3680 11456
	0 11456
4
	3968 11424
	4160 11424
	4160 11456
	3968 11456
4
	4256 11424
	4384 11424
	4384 11456
	4256 11456
4
	4480 11424
	4736 11424
	4736 11456
	4480 11456
4
	4928 11424
	6624 11424
	6624 11456
	4928 11456
4
	0 11456
	3680 11456
	3680 11488
	0 11488
4
	3968 11456
	4128 11456
	4128 11488
	3968 11488
4
	4256 11456
	4384 11456
	4384 11488
	4256 11488
4
	4480 11456
	4640 11456
	4640 11488
	4480 11488
4
	4960 11456
	6624 11456
	6624 11488
	4960 11488
4
	0 11488
	3680 11488
	3680 11520
	0 11520
4
	4032 11488
	4096 11488
	4096 11520
	4032 11520
4
	4256 11488
	4384 11488
	4384 11520
	4256 11520
4
	4544 11488
	4608 11488
	4608 11520
	4544 11520
4
	4928 11488
	6624 11488
	6624 11520
	4928 11520
4
	0 11520
	3648 11520
	3648 11552
	0 11552
4
	4928 11520
	6624 11520
	6624 11552
	4928 11552
4
	0 11552
	3584 11552
	3584 11584
	0 11584
4
	4960 11552
	6624 11552
	6624 11584
	4960 11584
4
	0 11584
	3584 11584
	3584 11616
	0 11616
4
	5056 11584
	6624 11584
	6624 11616
	5056 11616
4
	0 11616
	3584 11616
	3584 11648
	0 11648
4
	5056 11616
	6624 11616
	6624 11648
	5056 11648
4
	0 11648
	3584 11648
	3584 11680
	0 11680
4
	5056 11648
	6624 11648
	6624 11680
	5056 11680
4
	0 11680
	3584 11680
	3584 11712
	0 11712
4
	5056 11680
	6624 11680
	6624 11712
	5056 11712
4
	0 11712
	3584 11712
	3584 11744
	0 11744
4
	5056 11712
	6624 11712
	6624 11744
	5056 11744
4
	0 11744
	3584 11744
	3584 11776
	0 11776
4
	5056 11744
	6624 11744
	6624 11776
	5056 11776
4
	0 11776
	3584 11776
	3584 11808
	0 11808
4
	5056 11776
	6624 11776
	6624 11808
	5056 11808
4
	0 11808
	3584 11808
	3584 11840
	0 11840
4
	5056 11808
	6624 11808
	6624 11840
	5056 11840
4
	0 11840
	3616 11840
	3616 11872
	0 11872
4
	4000 11840
	4128 11840
	4128 11872
	4000 11872
4
	4512 11840
	4640 11840
	4640 11872
	4512 11872
4
	5024 11840
	6624 11840
	6624 11872
	5024 11872
4
	0 11872
	3648 11872
	3648 11904
	0 11904
4
	3968 11872
	4160 11872
	4160 11904
	3968 11904
4
	4480 11872
	4672 11872
	4672 11904
	4480 11904
4
	4992 11872
	6624 11872
	6624 11904
	4992 11904
4
	0 11904
	3648 11904
	3648 11936
	0 11936
4
	3968 11904
	4160 11904
	4160 11936
	3968 11936
4
	4480 11904
	4672 11904
	4672 11936
	4480 11936
4
	4992 11904
	6624 11904
	6624 11936
	4992 11936
4
	0 11936
	3648 11936
	3648 11968
	0 11968
4
	3968 11936
	4160 11936
	4160 11968
	3968 11968
4
	4480 11936
	4672 11936
	4672 11968
	4480 11968
4
	4992 11936
	6624 11936
	6624 11968
	4992 11968
4
	0 11968
	3616 11968
	3616 12000
	0 12000
4
	3968 11968
	4128 11968
	4128 12000
	3968 12000
4
	4480 11968
	4640 11968
	4640 12000
	4480 12000
4
	4992 11968
	6624 11968
	6624 12000
	4992 12000
4
	0 12000
	3584 12000
	3584 12032
	0 12032
4
	4032 12000
	4096 12000
	4096 12032
	4032 12032
4
	4544 12000
	4608 12000
	4608 12032
	4544 12032
4
	5056 12000
	6624 12000
	6624 12032
	5056 12032
4
	0 12032
	3584 12032
	3584 12064
	0 12064
4
	5056 12032
	6624 12032
	6624 12064
	5056 12064
4
	0 12064
	3584 12064
	3584 12096
	0 12096
4
	5056 12064
	6624 12064
	6624 12096
	5056 12096
4
	0 12096
	3584 12096
	3584 12128
	0 12128
4
	5056 12096
	6624 12096
	6624 12128
	5056 12128
4
	0 12128
	3680 12128
	3680 12160
	0 12160
4
	4960 12128
	6624 12128
	6624 12160
	4960 12160
4
	0 12160
	3680 12160
	3680 12192
	0 12192
4
	4928 12160
	6624 12160
	6624 12192
	4928 12192
4
	0 12192
	3680 12192
	3680 12224
	0 12224
4
	4928 12192
	6624 12192
	6624 12224
	4928 12224
4
	0 12224
	3648 12224
	3648 12256
	0 12256
4
	4960 12224
	6624 12224
	6624 12256
	4960 12256
4
	0 12256
	3584 12256
	3584 12288
	0 12288
4
	5056 12256
	6624 12256
	6624 12288
	5056 12288
4
	0 12288
	3584 12288
	3584 12320
	0 12320
4
	5056 12288
	6624 12288
	6624 12320
	5056 12320
4
	0 12320
	3584 12320
	3584 12352
	0 12352
4
	5056 12320
	6624 12320
	6624 12352
	5056 12352
4
	0 12352
	3616 12352
	3616 12384
	0 12384
4
	4000 12352
	4128 12352
	4128 12384
	4000 12384
4
	4512 12352
	4640 12352
	4640 12384
	4512 12384
4
	5024 12352
	6624 12352
	6624 12384
	5024 12384
4
	0 12384
	3648 12384
	3648 12416
	0 12416
4
	3968 12384
	4160 12384
	4160 12416
	3968 12416
4
	4480 12384
	4672 12384
	4672 12416
	4480 12416
4
	4992 12384
	6624 12384
	6624 12416
	4992 12416
4
	0 12416
	3648 12416
	3648 12448
	0 12448
4
	3968 12416
	4160 12416
	4160 12448
	3968 12448
4
	4480 12416
	4672 12416
	4672 12448
	4480 12448
4
	4992 12416
	6624 12416
	6624 12448
	4992 12448
4
	0 12448
	3648 12448
	3648 12480
	0 12480
4
	3968 12448
	4160 12448
	4160 12480
	3968 12480
4
	4480 12448
	4672 12448
	4672 12480
	4480 12480
4
	4992 12448
	6624 12448
	6624 12480
	4992 12480
4
	0 12480
	3616 12480
	3616 12512
	0 12512
4
	3968 12480
	4128 12480
	4128 12512
	3968 12512
4
	4480 12480
	4640 12480
	4640 12512
	4480 12512
4
	4992 12480
	6624 12480
	6624 12512
	4992 12512
4
	0 12512
	3584 12512
	3584 12544
	0 12544
4
	4032 12512
	4096 12512
	4096 12544
	4032 12544
4
	4544 12512
	4608 12512
	4608 12544
	4544 12544
4
	5056 12512
	6624 12512
	6624 12544
	5056 12544
4
	0 12544
	3584 12544
	3584 12576
	0 12576
4
	5056 12544
	6624 12544
	6624 12576
	5056 12576
4
	0 12576
	3584 12576
	3584 12608
	0 12608
4
	5056 12576
	6624 12576
	6624 12608
	5056 12608
4
	0 12608
	3584 12608
	3584 12640
	0 12640
4
	5056 12608
	6624 12608
	6624 12640
	5056 12640
4
	0 12640
	3584 12640
	3584 12672
	0 12672
4
	5056 12640
	6624 12640
	6624 12672
	5056 12672
4
	0 12672
	3584 12672
	3584 12704
	0 12704
4
	5056 12672
	6624 12672
	6624 12704
	5056 12704
4
	0 12704
	3584 12704
	3584 12736
	0 12736
4
	5056 12704
	6624 12704
	6624 12736
	5056 12736
4
	0 12736
	3584 12736
	3584 12768
	0 12768
4
	5056 12736
	6624 12736
	6624 12768
	5056 12768
4
	0 12768
	3584 12768
	3584 12800
	0 12800
4
	5056 12768
	6624 12768
	6624 12800
	5056 12800
4
	0 12800
	3648 12800
	3648 12832
	0 12832
4
	4256 12800
	4352 12800
	4352 12832
	4256 12832
4
	4960 12800
	6624 12800
	6624 12832
	4960 12832
4
	0 12832
	3680 12832
	3680 12864
	0 12864
4
	4256 12832
	4384 12832
	4384 12864
	4256 12864
4
	4960 12832
	6624 12832
	6624 12864
	4960 12864
4
	0 12864
	3680 12864
	3680 12896
	0 12896
4
	4000 12864
	4128 12864
	4128 12896
	4000 12896
4
	4256 12864
	4384 12864
	4384 12896
	4256 12896
4
	4512 12864
	4640 12864
	4640 12896
	4512 12896
4
	4960 12864
	6624 12864
	6624 12896
	4960 12896
4
	0 12896
	3712 12896
	3712 12928
	0 12928
4
	3904 12896
	4160 12896
	4160 12928
	3904 12928
4
	4256 12896
	4384 12896
	4384 12928
	4256 12928
4
	4480 12896
	4672 12896
	4672 12928
	4480 12928
4
	4960 12896
	6624 12896
	6624 12928
	4960 12928
4
	0 12928
	3744 12928
	3744 12960
	0 12960
4
	3872 12928
	4160 12928
	4160 12960
	3872 12960
4
	4480 12928
	4672 12928
	4672 12960
	4480 12960
4
	4992 12928
	6624 12928
	6624 12960
	4992 12960
4
	0 12960
	3744 12960
	3744 12992
	0 12992
4
	3872 12960
	6624 12960
	6624 12992
	3872 12992
4
	0 12992
	3744 12992
	3744 13024
	0 13024
4
	3872 12992
	6624 12992
	6624 13024
	3872 13024
4
	0 13024
	3744 13024
	3744 13056
	0 13056
4
	3872 13024
	6624 13024
	6624 13056
	3872 13056
4
	0 13056
	3712 13056
	3712 13088
	0 13088
4
	3904 13056
	6624 13056
	6624 13088
	3904 13088
4
	0 13088
	3584 13088
	3584 13120
	0 13120
4
	4032 13088
	6624 13088
	6624 13120
	4032 13120
4
	0 13120
	3584 13120
	3584 13152
	0 13152
4
	4032 13120
	6624 13120
	6624 13152
	4032 13152
4
	0 13152
	3584 13152
	3584 13184
	0 13184
4
	4032 13152
	6624 13152
	6624 13184
	4032 13184
4
	0 13184
	3584 13184
	3584 13216
	0 13216
4
	4032 13184
	6624 13184
	6624 13216
	4032 13216
4
	0 13216
	3584 13216
	3584 13248
	0 13248
4
	4032 13216
	6624 13216
	6624 13248
	4032 13248
4
	0 13248
	3584 13248
	3584 13280
	0 13280
4
	4032 13248
	6624 13248
	6624 13280
	4032 13280
4
	0 13280
	3584 13280
	3584 13312
	0 13312
4
	4032 13280
	6624 13280
	6624 13312
	4032 13312
4
	0 13312
	3584 13312
	3584 13344
	0 13344
4
	4032 13312
	6624 13312
	6624 13344
	4032 13344
4
	0 13344
	3584 13344
	3584 13376
	0 13376
4
	4032 13344
	6624 13344
	6624 13376
	4032 13376
4
	0 13376
	3584 13376
	3584 13408
	0 13408
4
	4032 13376
	6624 13376
	6624 13408
	4032 13408
4
	0 13408
	3584 13408
	3584 13440
	0 13440
4
	4032 13408
	6624 13408
	6624 13440
	4032 13440
4
	0 13440
	3584 13440
	3584 13472
	0 13472
4
	4032 13440
	6624 13440
	6624 13472
	4032 13472
4
	0 13472
	3584 13472
	3584 13504
	0 13504
4
	4032 13472
	6624 13472
	6624 13504
	4032 13504
4
	0 13504
	3584 13504
	3584 13536
	0 13536
4
	4032 13504
	6624 13504
	6624 13536
	4032 13536
4
	0 13536
	3584 13536
	3584 13568
	0 13568
4
	4032 13536
	6624 13536
	6624 13568
	4032 13568
4
	0 13568
	3584 13568
	3584 13600
	0 13600
4
	4032 13568
	6624 13568
	6624 13600
	4032 13600
4
	0 13600
	3584 13600
	3584 13632
	0 13632
4
	4032 13600
	6624 13600
	6624 13632
	4032 13632
4
	0 13632
	3584 13632
	3584 13664
	0 13664
4
	4032 13632
	6624 13632
	6624 13664
	4032 13664
4
	0 13664
	3584 13664
	3584 13696
	0 13696
4
	4032 13664
	6624 13664
	6624 13696
	4032 13696
4
	0 13696
	3584 13696
	3584 13728
	0 13728
4
	4032 13696
	6624 13696
	6624 13728
	4032 13728
4
	0 13728
	3584 13728
	3584 13760
	0 13760
4
	4032 13728
	6624 13728
	6624 13760
	4032 13760
4
	0 13760
	3584 13760
	3584 13792
	0 13792
4
	4032 13760
	6624 13760
	6624 13792
	4032 13792
4
	0 13792
	3584 13792
	3584 13824
	0 13824
4
	4032 13792
	6624 13792
	6624 13824
	4032 13824
4
	0 13824
	3616 13824
	3616 13856
	0 13856
4
	4032 13824
	6624 13824
	6624 13856
	4032 13856
4
	0 13856
	3712 13856
	3712 13888
	0 13888
4
	3904 13856
	6624 13856
	6624 13888
	3904 13888
4
	0 13888
	3712 13888
	3712 13920
	0 13920
4
	3904 13888
	6624 13888
	6624 13920
	3904 13920
4
	0 13920
	3744 13920
	3744 13952
	0 13952
4
	3872 13920
	6624 13920
	6624 13952
	3872 13952
4
	0 13952
	3744 13952
	3744 13984
	0 13984
4
	3872 13952
	6624 13952
	6624 13984
	3872 13984
4
	0 13984
	3744 13984
	3744 14016
	0 14016
4
	3872 13984
	6624 13984
	6624 14016
	3872 14016
4
	0 14016
	3744 14016
	3744 14048
	0 14048
4
	3872 14016
	6624 14016
	6624 14048
	3872 14048
4
	0 14048
	3712 14048
	3712 14080
	0 14080
4
	3904 14048
	4672 14048
	4672 14080
	3904 14080
4
	4736 14048
	6624 14048
	6624 14080
	4736 14080
4
	0 14080
	3616 14080
	3616 14112
	0 14112
4
	4032 14080
	4672 14080
	4672 14112
	4032 14112
4
	4832 14080
	6624 14080
	6624 14112
	4832 14112
4
	0 14112
	3584 14112
	3584 14144
	0 14144
4
	4064 14112
	4192 14112
	4192 14144
	4064 14144
4
	4832 14112
	6624 14112
	6624 14144
	4832 14144
4
	0 14144
	3584 14144
	3584 14176
	0 14176
4
	4832 14144
	6624 14144
	6624 14176
	4832 14176
4
	0 14176
	3584 14176
	3584 14208
	0 14208
4
	4864 14176
	6624 14176
	6624 14208
	4864 14208
4
	0 14208
	3552 14208
	3552 14240
	0 14240
4
	4864 14208
	6624 14208
	6624 14240
	4864 14240
4
	0 14240
	3552 14240
	3552 14272
	0 14272
4
	4864 14240
	6624 14240
	6624 14272
	4864 14272
4
	0 14272
	3552 14272
	3552 14304
	0 14304
4
	4896 14272
	6624 14272
	6624 14304
	4896 14304
4
	0 14304
	3520 14304
	3520 14336
	0 14336
4
	4928 14304
	6624 14304
	6624 14336
	4928 14336
4
	0 14336
	3520 14336
	3520 14368
	0 14368
4
	4928 14336
	6624 14336
	6624 14368
	4928 14368
4
	0 14368
	3520 14368
	3520 14400
	0 14400
4
	4928 14368
	6624 14368
	6624 14400
	4928 14400
4
	0 14400
	3520 14400
	3520 14432
	0 14432
4
	4896 14400
	6624 14400
	6624 14432
	4896 14432
4
	0 14432
	3488 14432
	3488 14464
	0 14464
4
	4928 14432
	6624 14432
	6624 14464
	4928 14464
4
	0 14464
	3488 14464
	3488 14496
	0 14496
4
	4896 14464
	6624 14464
	6624 14496
	4896 14496
4
	0 14496
	3488 14496
	3488 14528
	0 14528
4
	4896 14496
	6624 14496
	6624 14528
	4896 14528
4
	0 14528
	3488 14528
	3488 14560
	0 14560
4
	4992 14528
	6624 14528
	6624 14560
	4992 14560
4
	0 14560
	3456 14560
	3456 14592
	0 14592
4
	5024 14560
	6624 14560
	6624 14592
	5024 14592
4
	0 14592
	3488 14592
	3488 14624
	0 14624
4
	5120 14592
	6624 14592
	6624 14624
	5120 14624
4
	0 14624
	3488 14624
	3488 14656
	0 14656
4
	5120 14624
	6624 14624
	6624 14656
	5120 14656
4
	0 14656
	3488 14656
	3488 14688
	0 14688
4
	5120 14656
	6624 14656
	6624 14688
	5120 14688
4
	0 14688
	3488 14688
	3488 14720
	0 14720
4
	5120 14688
	6624 14688
	6624 14720
	5120 14720
4
	0 14720
	3488 14720
	3488 14752
	0 14752
4
	3872 14720
	4000 14720
	4000 14752
	3872 14752
4
	5152 14720
	6624 14720
	6624 14752
	5152 14752
4
	0 14752
	3456 14752
	3456 14784
	0 14784
4
	3840 14752
	4032 14752
	4032 14784
	3840 14784
4
	5088 14752
	6624 14752
	6624 14784
	5088 14784
4
	0 14784
	3392 14784
	3392 14816
	0 14816
4
	3680 14784
	4032 14784
	4032 14816
	3680 14816
4
	5056 14784
	6624 14784
	6624 14816
	5056 14816
4
	0 14816
	3296 14816
	3296 14848
	0 14848
4
	3648 14816
	4032 14816
	4032 14848
	3648 14848
4
	5056 14816
	6624 14816
	6624 14848
	5056 14848
4
	0 14848
	3264 14848
	3264 14880
	0 14880
4
	3648 14848
	4032 14848
	4032 14880
	3648 14880
4
	5056 14848
	6624 14848
	6624 14880
	5056 14880
4
	0 14880
	3232 14880
	3232 14912
	0 14912
4
	3648 14880
	4032 14880
	4032 14912
	3648 14912
4
	5056 14880
	6624 14880
	6624 14912
	5056 14912
4
	0 14912
	3200 14912
	3200 14944
	0 14944
4
	3648 14912
	4032 14912
	4032 14944
	3648 14944
4
	5056 14912
	6624 14912
	6624 14944
	5056 14944
4
	0 14944
	3168 14944
	3168 14976
	0 14976
4
	3680 14944
	4064 14944
	4064 14976
	3680 14976
4
	5024 14944
	6624 14944
	6624 14976
	5024 14976
4
	0 14976
	3200 14976
	3200 15008
	0 15008
4
	3264 14976
	3296 14976
	3296 15008
	3264 15008
4
	3680 14976
	4096 14976
	4096 15008
	3680 15008
4
	4832 14976
	4960 14976
	4960 15008
	4832 15008
4
	5024 14976
	6624 14976
	6624 15008
	5024 15008
4
	0 15008
	3328 15008
	3328 15040
	0 15040
4
	3680 15008
	4096 15008
	4096 15040
	3680 15040
4
	4704 15008
	6624 15008
	6624 15040
	4704 15040
4
	0 15040
	3360 15040
	3360 15072
	0 15072
4
	3680 15040
	4096 15040
	4096 15072
	3680 15072
4
	4640 15040
	6624 15040
	6624 15072
	4640 15072
4
	0 15072
	3360 15072
	3360 15104
	0 15104
4
	3680 15072
	4096 15072
	4096 15104
	3680 15104
4
	4640 15072
	6624 15072
	6624 15104
	4640 15104
4
	0 15104
	3360 15104
	3360 15136
	0 15136
4
	3680 15104
	4064 15104
	4064 15136
	3680 15136
4
	4672 15104
	6624 15104
	6624 15136
	4672 15136
4
	0 15136
	3296 15136
	3296 15168
	0 15168
4
	3680 15136
	3872 15136
	3872 15168
	3680 15168
4
	4672 15136
	4832 15136
	4832 15168
	4672 15168
4
	4928 15136
	6624 15136
	6624 15168
	4928 15168
4
	0 15168
	3264 15168
	3264 15200
	0 15200
4
	3712 15168
	3840 15168
	3840 15200
	3712 15200
4
	4672 15168
	4704 15168
	4704 15200
	4672 15200
4
	4896 15168
	6624 15168
	6624 15200
	4896 15200
4
	0 15200
	3200 15200
	3200 15232
	0 15232
4
	4896 15200
	6624 15200
	6624 15232
	4896 15232
4
	0 15232
	3136 15232
	3136 15264
	0 15264
4
	4864 15232
	6624 15232
	6624 15264
	4864 15264
4
	0 15264
	3136 15264
	3136 15296
	0 15296
4
	4832 15264
	6624 15264
	6624 15296
	4832 15296
4
	0 15296
	1504 15296
	1504 15328
	0 15328
4
	1664 15296
	2624 15296
	2624 15328
	1664 15328
4
	2784 15296
	3136 15296
	3136 15328
	2784 15328
4
	4736 15296
	6624 15296
	6624 15328
	4736 15328
4
	0 15328
	1472 15328
	1472 15360
	0 15360
4
	1792 15328
	2496 15328
	2496 15360
	1792 15360
4
	2816 15328
	3104 15328
	3104 15360
	2816 15360
4
	4736 15328
	6624 15328
	6624 15360
	4736 15360
4
	0 15360
	1440 15360
	1440 15392
	0 15392
4
	1888 15360
	2400 15360
	2400 15392
	1888 15392
4
	2848 15360
	3104 15360
	3104 15392
	2848 15392
4
	4736 15360
	6624 15360
	6624 15392
	4736 15392
4
	0 15392
	1440 15392
	1440 15424
	0 15424
4
	1984 15392
	2304 15392
	2304 15424
	1984 15424
4
	2848 15392
	3104 15392
	3104 15424
	2848 15424
4
	4704 15392
	6624 15392
	6624 15424
	4704 15424
4
	0 15424
	1408 15424
	1408 15456
	0 15456
4
	2016 15424
	2272 15424
	2272 15456
	2016 15456
4
	2880 15424
	3136 15424
	3136 15456
	2880 15456
4
	4672 15424
	6624 15424
	6624 15456
	4672 15456
4
	0 15456
	1408 15456
	1408 15488
	0 15488
4
	2048 15456
	2240 15456
	2240 15488
	2048 15488
4
	2880 15456
	3168 15456
	3168 15488
	2880 15488
4
	4672 15456
	6624 15456
	6624 15488
	4672 15488
4
	0 15488
	1376 15488
	1376 15520
	0 15520
4
	2912 15488
	3168 15488
	3168 15520
	2912 15520
4
	4640 15488
	6624 15488
	6624 15520
	4640 15520
4
	0 15520
	1376 15520
	1376 15552
	0 15552
4
	2912 15520
	3200 15520
	3200 15552
	2912 15552
4
	4608 15520
	6624 15520
	6624 15552
	4608 15552
4
	0 15552
	1344 15552
	1344 15584
	0 15584
4
	2944 15552
	3264 15552
	3264 15584
	2944 15584
4
	4608 15552
	6624 15552
	6624 15584
	4608 15584
4
	0 15584
	1312 15584
	1312 15616
	0 15616
4
	2976 15584
	3296 15584
	3296 15616
	2976 15616
4
	4608 15584
	6624 15584
	6624 15616
	4608 15616
4
	0 15616
	1312 15616
	1312 15648
	0 15648
4
	2976 15616
	3296 15616
	3296 15648
	2976 15648
4
	4640 15616
	6624 15616
	6624 15648
	4640 15648
4
	0 15648
	1312 15648
	1312 15680
	0 15680
4
	2976 15648
	3296 15648
	3296 15680
	2976 15680
4
	4640 15648
	6624 15648
	6624 15680
	4640 15680
4
	0 15680
	1312 15680
	1312 15712
	0 15712
4
	2976 15680
	3296 15680
	3296 15712
	2976 15712
4
	4608 15680
	6624 15680
	6624 15712
	4608 15712
4
	0 15712
	1312 15712
	1312 15744
	0 15744
4
	2080 15712
	2208 15712
	2208 15744
	2080 15744
4
	2976 15712
	3296 15712
	3296 15744
	2976 15744
4
	4576 15712
	6624 15712
	6624 15744
	4576 15744
4
	0 15744
	1312 15744
	1312 15776
	0 15776
4
	1984 15744
	2272 15744
	2272 15776
	1984 15776
4
	2976 15744
	3328 15744
	3328 15776
	2976 15776
4
	4576 15744
	6624 15744
	6624 15776
	4576 15776
4
	0 15776
	1280 15776
	1280 15808
	0 15808
4
	1952 15776
	2304 15776
	2304 15808
	1952 15808
4
	3008 15776
	3360 15776
	3360 15808
	3008 15808
4
	4544 15776
	6624 15776
	6624 15808
	4544 15808
4
	0 15808
	1280 15808
	1280 15840
	0 15840
4
	1920 15808
	2336 15808
	2336 15840
	1920 15840
4
	2944 15808
	2976 15808
	2976 15840
	2944 15840
4
	3008 15808
	3360 15808
	3360 15840
	3008 15840
4
	4544 15808
	6624 15808
	6624 15840
	4544 15840
4
	0 15840
	1216 15840
	1216 15872
	0 15872
4
	1920 15840
	2336 15840
	2336 15872
	1920 15872
4
	3072 15840
	3392 15840
	3392 15872
	3072 15872
4
	4512 15840
	6624 15840
	6624 15872
	4512 15872
4
	0 15872
	1152 15872
	1152 15904
	0 15904
4
	1952 15872
	2368 15872
	2368 15904
	1952 15904
4
	3008 15872
	3040 15872
	3040 15904
	3008 15904
4
	3136 15872
	3392 15872
	3392 15904
	3136 15904
4
	4512 15872
	6624 15872
	6624 15904
	4512 15904
4
	0 15904
	1152 15904
	1152 15936
	0 15936
4
	1920 15904
	2400 15904
	2400 15936
	1920 15936
4
	3136 15904
	3424 15904
	3424 15936
	3136 15936
4
	4480 15904
	6624 15904
	6624 15936
	4480 15936
4
	0 15936
	1120 15936
	1120 15968
	0 15968
4
	1920 15936
	2400 15936
	2400 15968
	1920 15968
4
	3168 15936
	3424 15936
	3424 15968
	3168 15968
4
	4448 15936
	6624 15936
	6624 15968
	4448 15968
4
	0 15968
	1120 15968
	1120 16000
	0 16000
4
	1920 15968
	2400 15968
	2400 16000
	1920 16000
4
	3168 15968
	3456 15968
	3456 16000
	3168 16000
4
	4448 15968
	6624 15968
	6624 16000
	4448 16000
4
	0 16000
	1088 16000
	1088 16032
	0 16032
4
	1920 16000
	2400 16000
	2400 16032
	1920 16032
4
	3008 16000
	3040 16000
	3040 16032
	3008 16032
4
	3200 16000
	3456 16000
	3456 16032
	3200 16032
4
	4416 16000
	6624 16000
	6624 16032
	4416 16032
4
	0 16032
	1056 16032
	1056 16064
	0 16064
4
	1920 16032
	2368 16032
	2368 16064
	1920 16064
4
	3200 16032
	3456 16032
	3456 16064
	3200 16064
4
	4416 16032
	6624 16032
	6624 16064
	4416 16064
4
	0 16064
	1056 16064
	1056 16096
	0 16096
4
	1920 16064
	2336 16064
	2336 16096
	1920 16096
4
	3232 16064
	3456 16064
	3456 16096
	3232 16096
4
	4384 16064
	6624 16064
	6624 16096
	4384 16096
4
	0 16096
	1024 16096
	1024 16128
	0 16128
4
	1984 16096
	2272 16096
	2272 16128
	1984 16128
4
	3264 16096
	3456 16096
	3456 16128
	3264 16128
4
	4320 16096
	6624 16096
	6624 16128
	4320 16128
4
	0 16128
	1024 16128
	1024 16160
	0 16160
4
	1984 16128
	2272 16128
	2272 16160
	1984 16160
4
	3264 16128
	3392 16128
	3392 16160
	3264 16160
4
	4256 16128
	6624 16128
	6624 16160
	4256 16160
4
	0 16160
	992 16160
	992 16192
	0 16192
4
	2080 16160
	2208 16160
	2208 16192
	2080 16192
4
	4256 16160
	6624 16160
	6624 16192
	4256 16192
4
	0 16192
	992 16192
	992 16224
	0 16224
4
	4256 16192
	6624 16192
	6624 16224
	4256 16224
4
	0 16224
	960 16224
	960 16256
	0 16256
4
	3488 16224
	3584 16224
	3584 16256
	3488 16256
4
	4224 16224
	6624 16224
	6624 16256
	4224 16256
4
	0 16256
	928 16256
	928 16288
	0 16288
4
	3424 16256
	3584 16256
	3584 16288
	3424 16288
4
	4160 16256
	6624 16256
	6624 16288
	4160 16288
4
	0 16288
	928 16288
	928 16320
	0 16320
4
	3392 16288
	3648 16288
	3648 16320
	3392 16320
4
	4096 16288
	6624 16288
	6624 16320
	4096 16320
4
	0 16320
	896 16320
	896 16352
	0 16352
4
	3392 16320
	3680 16320
	3680 16352
	3392 16352
4
	4000 16320
	6624 16320
	6624 16352
	4000 16352
4
	0 16352
	896 16352
	896 16384
	0 16384
4
	3392 16352
	3680 16352
	3680 16384
	3392 16384
4
	3936 16352
	6624 16352
	6624 16384
	3936 16384
4
	0 16384
	864 16384
	864 16416
	0 16416
4
	3424 16384
	3680 16384
	3680 16416
	3424 16416
4
	3936 16384
	6624 16384
	6624 16416
	3936 16416
4
	0 16416
	832 16416
	832 16448
	0 16448
4
	3424 16416
	3712 16416
	3712 16448
	3424 16448
4
	3840 16416
	6624 16416
	6624 16448
	3840 16448
4
	0 16448
	832 16448
	832 16480
	0 16480
4
	3456 16448
	6624 16448
	6624 16480
	3456 16480
4
	0 16480
	800 16480
	800 16512
	0 16512
4
	3488 16480
	6624 16480
	6624 16512
	3488 16512
4
	0 16512
	800 16512
	800 16544
	0 16544
4
	3488 16512
	6624 16512
	6624 16544
	3488 16544
4
	0 16544
	768 16544
	768 16576
	0 16576
4
	3520 16544
	6624 16544
	6624 16576
	3520 16576
4
	0 16576
	768 16576
	768 16608
	0 16608
4
	3520 16576
	6624 16576
	6624 16608
	3520 16608
4
	0 16608
	736 16608
	736 16640
	0 16640
4
	3552 16608
	6624 16608
	6624 16640
	3552 16640
4
	0 16640
	736 16640
	736 16672
	0 16672
4
	3488 16640
	6624 16640
	6624 16672
	3488 16672
4
	0 16672
	800 16672
	800 16704
	0 16704
4
	3424 16672
	6624 16672
	6624 16704
	3424 16704
4
	0 16704
	864 16704
	864 16736
	0 16736
4
	3392 16704
	6624 16704
	6624 16736
	3392 16736
4
	0 16736
	928 16736
	928 16768
	0 16768
4
	3328 16736
	6624 16736
	6624 16768
	3328 16768
4
	0 16768
	960 16768
	960 16800
	0 16800
4
	3264 16768
	6624 16768
	6624 16800
	3264 16800
4
	0 16800
	1024 16800
	1024 16832
	0 16832
4
	3200 16800
	6624 16800
	6624 16832
	3200 16832
4
	0 16832
	1088 16832
	1088 16864
	0 16864
4
	3168 16832
	6624 16832
	6624 16864
	3168 16864
4
	0 16864
	1120 16864
	1120 16896
	0 16896
4
	3104 16864
	6624 16864
	6624 16896
	3104 16896
4
	0 16896
	1184 16896
	1184 16928
	0 16928
4
	2080 16896
	2208 16896
	2208 16928
	2080 16928
4
	3040 16896
	6624 16896
	6624 16928
	3040 16928
4
	0 16928
	1312 16928
	1312 16960
	0 16960
4
	2048 16928
	2240 16928
	2240 16960
	2048 16960
4
	2976 16928
	6624 16928
	6624 16960
	2976 16960
4
	0 16960
	6624 16960
	6624 16992
	0 16992
4
	0 16992
	6624 16992
	6624 17024
	0 17024
4
	0 17024
	6624 17024
	6624 17056
	0 17056
4
	-32 -32
	6656 -32
	6656 0
	-32 0
4
	-32 17056
	6656 17056
	6656 17088
	-32 17088
4
	-32 0
	0 0
	0 17056
	-32 17056
4
	6624 0
	6656 0
	6656 17056
	6624 17056
