243
4
	0 0
	704 0
	704 32
	0 32
4
	800 0
	1536 0
	1536 32
	800 32
4
	0 32
	512 32
	512 64
	0 64
4
	576 32
	704 32
	704 64
	576 64
4
	800 32
	896 32
	896 64
	800 64
4
	992 32
	1536 32
	1536 64
	992 64
4
	0 64
	512 64
	512 96
	0 96
4
	992 64
	1536 64
	1536 96
	992 96
4
	0 96
	512 96
	512 128
	0 128
4
	992 96
	1536 96
	1536 128
	992 128
4
	0 128
	512 128
	512 160
	0 160
4
	992 128
	1536 128
	1536 160
	992 160
4
	0 160
	512 160
	512 192
	0 192
4
	992 160
	1536 160
	1536 192
	992 192
4
	0 192
	512 192
	512 224
	0 224
4
	992 192
	1536 192
	1536 224
	992 224
4
	0 224
	512 224
	512 256
	0 256
4
	992 224
	1536 224
	1536 256
	992 256
4
	0 256
	512 256
	512 288
	0 288
4
	992 256
	1536 256
	1536 288
	992 288
4
	0 288
	512 288
	512 320
	0 320
4
	992 288
	1536 288
	1536 320
	992 320
4
	0 320
	512 320
	512 352
	0 352
4
	992 320
	1536 320
	1536 352
	992 352
4
	0 352
	512 352
	512 384
	0 384
4
	992 352
	1536 352
	1536 384
	992 384
4
	0 384
	576 384
	576 416
	0 416
4
	928 384
	1536 384
	1536 416
	928 416
4
	0 416
	576 416
	576 448
	0 448
4
	896 416
	1536 416
	1536 448
	896 448
4
	0 448
	576 448
	576 480
	0 480
4
	896 448
	1536 448
	1536 480
	896 480
4
	0 480
	576 480
	576 512
	0 512
4
	928 480
	1536 480
	1536 512
	928 512
4
	0 512
	576 512
	576 544
	0 544
4
	928 512
	1536 512
	1536 544
	928 544
4
	0 544
	512 544
	512 576
	0 576
4
	992 544
	1536 544
	1536 576
	992 576
4
	0 576
	544 576
	544 608
	0 608
4
	992 576
	1536 576
	1536 608
	992 608
4
	0 608
	576 608
	576 640
	0 640
4
	992 608
	1536 608
	1536 640
	992 640
4
	0 640
	640 640
	640 672
	0 672
4
	992 640
	1536 640
	1536 672
	992 672
4
	0 672
	640 672
	640 704
	0 704
4
	960 672
	1536 672
	1536 704
	960 704
4
	0 704
	608 704
	608 736
	0 736
4
	960 704
	1536 704
	1536 736
	960 736
4
	0 736
	576 736
	576 768
	0 768
4
	928 736
	1536 736
	1536 768
	928 768
4
	0 768
	576 768
	576 800
	0 800
4
	896 768
	1536 768
	1536 800
	896 800
4
	0 800
	288 800
	288 832
	0 832
4
	352 800
	544 800
	544 832
	352 832
4
	896 800
	1088 800
	1088 832
	896 832
4
	1120 800
	1536 800
	1536 832
	1120 832
4
	0 832
	224 832
	224 864
	0 864
4
	384 832
	512 832
	512 864
	384 864
4
	896 832
	1056 832
	1056 864
	896 864
4
	1152 832
	1184 832
	1184 864
	1152 864
4
	1376 832
	1536 832
	1536 864
	1376 864
4
	0 864
	96 864
	96 896
	0 896
4
	448 864
	480 864
	480 896
	448 896
4
	896 864
	1056 864
	1056 896
	896 896
4
	1376 864
	1536 864
	1536 896
	1376 896
4
	0 896
	96 896
	96 928
	0 928
4
	864 896
	1024 896
	1024 928
	864 928
4
	1376 896
	1536 896
	1536 928
	1376 928
4
	0 928
	96 928
	96 960
	0 960
4
	864 928
	1024 928
	1024 960
	864 960
4
	1440 928
	1536 928
	1536 960
	1440 960
4
	0 960
	96 960
	96 992
	0 992
4
	864 960
	1024 960
	1024 992
	864 992
4
	1440 960
	1536 960
	1536 992
	1440 992
4
	0 992
	96 992
	96 1024
	0 1024
4
	864 992
	1024 992
	1024 1024
	864 1024
4
	1376 992
	1536 992
	1536 1024
	1376 1024
4
	0 1024
	96 1024
	96 1056
	0 1056
4
	864 1024
	1024 1024
	1024 1056
	864 1056
4
	1120 1024
	1536 1024
	1536 1056
	1120 1056
4
	0 1056
	96 1056
	96 1088
	0 1088
4
	288 1056
	384 1056
	384 1088
	288 1088
4
	864 1056
	1024 1056
	1024 1088
	864 1088
4
	1120 1056
	1536 1056
	1536 1088
	1120 1088
4
	0 1088
	96 1088
	96 1120
	0 1120
4
	288 1088
	384 1088
	384 1120
	288 1120
4
	864 1088
	1024 1088
	1024 1120
	864 1120
4
	1120 1088
	1536 1088
	1536 1120
	1120 1120
4
	0 1120
	96 1120
	96 1152
	0 1152
4
	288 1120
	384 1120
	384 1152
	288 1152
4
	864 1120
	1024 1120
	1024 1152
	864 1152
4
	1152 1120
	1536 1120
	1536 1152
	1152 1152
4
	0 1152
	96 1152
	96 1184
	0 1184
4
	288 1152
	384 1152
	384 1184
	288 1184
4
	864 1152
	1024 1152
	1024 1184
	864 1184
4
	1152 1152
	1536 1152
	1536 1184
	1152 1184
4
	0 1184
	96 1184
	96 1216
	0 1216
4
	864 1184
	1024 1184
	1024 1216
	864 1216
4
	1152 1184
	1536 1184
	1536 1216
	1152 1216
4
	0 1216
	96 1216
	96 1248
	0 1248
4
	832 1216
	1024 1216
	1024 1248
	832 1248
4
	1152 1216
	1536 1216
	1536 1248
	1152 1248
4
	0 1248
	96 1248
	96 1280
	0 1280
4
	480 1248
	544 1248
	544 1280
	480 1280
4
	832 1248
	1024 1248
	1024 1280
	832 1280
4
	1152 1248
	1536 1248
	1536 1280
	1152 1280
4
	0 1280
	96 1280
	96 1312
	0 1312
4
	320 1280
	544 1280
	544 1312
	320 1312
4
	864 1280
	1024 1280
	1024 1312
	864 1312
4
	1152 1280
	1536 1280
	1536 1312
	1152 1312
4
	0 1312
	96 1312
	96 1344
	0 1344
4
	256 1312
	544 1312
	544 1344
	256 1344
4
	800 1312
	1120 1312
	1120 1344
	800 1344
4
	1152 1312
	1536 1312
	1536 1344
	1152 1344
4
	0 1344
	96 1344
	96 1376
	0 1376
4
	256 1344
	576 1344
	576 1376
	256 1376
4
	800 1344
	1120 1344
	1120 1376
	800 1376
4
	1184 1344
	1536 1344
	1536 1376
	1184 1376
4
	0 1376
	96 1376
	96 1408
	0 1408
4
	256 1376
	576 1376
	576 1408
	256 1408
4
	800 1376
	1120 1376
	1120 1408
	800 1408
4
	1184 1376
	1536 1376
	1536 1408
	1184 1408
4
	0 1408
	96 1408
	96 1440
	0 1440
4
	288 1408
	448 1408
	448 1440
	288 1440
4
	800 1408
	1120 1408
	1120 1440
	800 1440
4
	1184 1408
	1536 1408
	1536 1440
	1184 1440
4
	0 1440
	96 1440
	96 1472
	0 1472
4
	1312 1440
	1536 1440
	1536 1472
	1312 1472
4
	0 1472
	288 1472
	288 1504
	0 1504
4
	1280 1472
	1536 1472
	1536 1504
	1280 1504
4
	0 1504
	288 1504
	288 1536
	0 1536
4
	1248 1504
	1536 1504
	1536 1536
	1248 1536
4
	0 1536
	288 1536
	288 1568
	0 1568
4
	1248 1536
	1536 1536
	1536 1568
	1248 1568
4
	0 1568
	288 1568
	288 1600
	0 1600
4
	1280 1568
	1536 1568
	1536 1600
	1280 1600
4
	0 1600
	288 1600
	288 1632
	0 1632
4
	1280 1600
	1536 1600
	1536 1632
	1280 1632
4
	0 1632
	288 1632
	288 1664
	0 1664
4
	1376 1632
	1536 1632
	1536 1664
	1376 1664
4
	0 1664
	288 1664
	288 1696
	0 1696
4
	1376 1664
	1536 1664
	1536 1696
	1376 1696
4
	0 1696
	256 1696
	256 1728
	0 1728
4
	480 1696
	960 1696
	960 1728
	480 1728
4
	1376 1696
	1536 1696
	1536 1728
	1376 1728
4
	0 1728
	256 1728
	256 1760
	0 1760
4
	480 1728
	960 1728
	960 1760
	480 1760
4
	1376 1728
	1536 1728
	1536 1760
	1376 1760
4
	0 1760
	256 1760
	256 1792
	0 1792
4
	480 1760
	960 1760
	960 1792
	480 1792
4
	1344 1760
	1536 1760
	1536 1792
	1344 1792
4
	0 1792
	256 1792
	256 1824
	0 1824
4
	512 1792
	960 1792
	960 1824
	512 1824
4
	1312 1792
	1536 1792
	1536 1824
	1312 1824
4
	0 1824
	160 1824
	160 1856
	0 1856
4
	512 1824
	960 1824
	960 1856
	512 1856
4
	1280 1824
	1536 1824
	1536 1856
	1280 1856
4
	0 1856
	192 1856
	192 1888
	0 1888
4
	512 1856
	960 1856
	960 1888
	512 1888
4
	1280 1856
	1536 1856
	1536 1888
	1280 1888
4
	0 1888
	192 1888
	192 1920
	0 1920
4
	512 1888
	960 1888
	960 1920
	512 1920
4
	1280 1888
	1536 1888
	1536 1920
	1280 1920
4
	0 1920
	320 1920
	320 1952
	0 1952
4
	544 1920
	960 1920
	960 1952
	544 1952
4
	1152 1920
	1536 1920
	1536 1952
	1152 1952
4
	0 1952
	320 1952
	320 1984
	0 1984
4
	608 1952
	896 1952
	896 1984
	608 1984
4
	1152 1952
	1536 1952
	1536 1984
	1152 1984
4
	0 1984
	320 1984
	320 2016
	0 2016
4
	608 1984
	896 1984
	896 2016
	608 2016
4
	1152 1984
	1536 1984
	1536 2016
	1152 2016
4
	0 2016
	320 2016
	320 2048
	0 2048
4
	608 2016
	896 2016
	896 2048
	608 2048
4
	1184 2016
	1536 2016
	1536 2048
	1184 2048
4
	0 2048
	320 2048
	320 2080
	0 2080
4
	608 2048
	896 2048
	896 2080
	608 2080
4
	1184 2048
	1536 2048
	1536 2080
	1184 2080
4
	0 2080
	352 2080
	352 2112
	0 2112
4
	608 2080
	864 2080
	864 2112
	608 2112
4
	1152 2080
	1536 2080
	1536 2112
	1152 2112
4
	0 2112
	352 2112
	352 2144
	0 2144
4
	672 2112
	832 2112
	832 2144
	672 2144
4
	1152 2112
	1536 2112
	1536 2144
	1152 2144
4
	0 2144
	352 2144
	352 2176
	0 2176
4
	672 2144
	800 2144
	800 2176
	672 2176
4
	1152 2144
	1536 2144
	1536 2176
	1152 2176
4
	0 2176
	352 2176
	352 2208
	0 2208
4
	672 2176
	800 2176
	800 2208
	672 2208
4
	1152 2176
	1536 2176
	1536 2208
	1152 2208
4
	0 2208
	320 2208
	320 2240
	0 2240
4
	672 2208
	800 2208
	800 2240
	672 2240
4
	1184 2208
	1536 2208
	1536 2240
	1184 2240
4
	0 2240
	320 2240
	320 2272
	0 2272
4
	1184 2240
	1536 2240
	1536 2272
	1184 2272
4
	0 2272
	320 2272
	320 2304
	0 2304
4
	1152 2272
	1536 2272
	1536 2304
	1152 2304
4
	0 2304
	320 2304
	320 2336
	0 2336
4
	1152 2304
	1536 2304
	1536 2336
	1152 2336
4
	0 2336
	320 2336
	320 2368
	0 2368
4
	1152 2336
	1536 2336
	1536 2368
	1152 2368
4
	0 2368
	160 2368
	160 2400
	0 2400
4
	672 2368
	800 2368
	800 2400
	672 2400
4
	1344 2368
	1536 2368
	1536 2400
	1344 2400
4
	0 2400
	128 2400
	128 2432
	0 2432
4
	672 2400
	800 2400
	800 2432
	672 2432
4
	1376 2400
	1536 2400
	1536 2432
	1376 2432
4
	0 2432
	128 2432
	128 2464
	0 2464
4
	672 2432
	800 2432
	800 2464
	672 2464
4
	1376 2432
	1536 2432
	1536 2464
	1376 2464
4
	0 2464
	128 2464
	128 2496
	0 2496
4
	672 2464
	832 2464
	832 2496
	672 2496
4
	1376 2464
	1536 2464
	1536 2496
	1376 2496
4
	0 2496
	128 2496
	128 2528
	0 2528
4
	672 2496
	832 2496
	832 2528
	672 2528
4
	1376 2496
	1536 2496
	1536 2528
	1376 2528
4
	0 2528
	128 2528
	128 2560
	0 2560
4
	608 2528
	864 2528
	864 2560
	608 2560
4
	1376 2528
	1536 2528
	1536 2560
	1376 2560
4
	0 2560
	160 2560
	160 2592
	0 2592
4
	576 2560
	928 2560
	928 2592
	576 2592
4
	1344 2560
	1536 2560
	1536 2592
	1344 2592
4
	0 2592
	160 2592
	160 2624
	0 2624
4
	576 2592
	928 2592
	928 2624
	576 2624
4
	1344 2592
	1536 2592
	1536 2624
	1344 2624
4
	0 2624
	224 2624
	224 2656
	0 2656
4
	512 2624
	1536 2624
	1536 2656
	512 2656
4
	0 2656
	1536 2656
	1536 2688
	0 2688
4
	0 2688
	1536 2688
	1536 2720
	0 2720
4
	0 2720
	1536 2720
	1536 2752
	0 2752
4
	0 2752
	1536 2752
	1536 2784
	0 2784
4
	0 2784
	1536 2784
	1536 2816
	0 2816
4
	0 2816
	1536 2816
	1536 2848
	0 2848
4
	0 2848
	1536 2848
	1536 2880
	0 2880
4
	0 2880
	1536 2880
	1536 2912
	0 2912
4
	0 2912
	1536 2912
	1536 2944
	0 2944
4
	0 2944
	1536 2944
	1536 2976
	0 2976
4
	0 2976
	1536 2976
	1536 3008
	0 3008
4
	0 3008
	1536 3008
	1536 3040
	0 3040
4
	-32 -32
	1568 -32
	1568 0
	-32 0
4
	-32 3040
	1568 3040
	1568 3072
	-32 3072
4
	-32 0
	0 0
	0 3040
	-32 3040
4
	1536 0
	1568 0
	1568 3040
	1536 3040
