1500
4
	0 0
	8576 0
	8576 32
	0 32
4
	8800 0
	12480 0
	12480 32
	8800 32
4
	0 32
	8448 32
	8448 64
	0 64
4
	8480 32
	8576 32
	8576 64
	8480 64
4
	8800 32
	8896 32
	8896 64
	8800 64
4
	8928 32
	12480 32
	12480 64
	8928 64
4
	0 64
	8448 64
	8448 96
	0 96
4
	8928 64
	12480 64
	12480 96
	8928 96
4
	0 96
	8448 96
	8448 128
	0 128
4
	8928 96
	12480 96
	12480 128
	8928 128
4
	0 128
	8448 128
	8448 160
	0 160
4
	8928 128
	12480 128
	12480 160
	8928 160
4
	0 160
	8448 160
	8448 192
	0 192
4
	8928 160
	12480 160
	12480 192
	8928 192
4
	0 192
	8448 192
	8448 224
	0 224
4
	8928 192
	12480 192
	12480 224
	8928 224
4
	0 224
	8448 224
	8448 256
	0 256
4
	8928 224
	12480 224
	12480 256
	8928 256
4
	0 256
	8448 256
	8448 288
	0 288
4
	8928 256
	12480 256
	12480 288
	8928 288
4
	0 288
	8448 288
	8448 320
	0 320
4
	8928 288
	12480 288
	12480 320
	8928 320
4
	0 320
	8448 320
	8448 352
	0 352
4
	8928 320
	12480 320
	12480 352
	8928 352
4
	0 352
	8448 352
	8448 384
	0 384
4
	8928 352
	12480 352
	12480 384
	8928 384
4
	0 384
	8512 384
	8512 416
	0 416
4
	8864 384
	12480 384
	12480 416
	8864 416
4
	0 416
	8544 416
	8544 448
	0 448
4
	8832 416
	12480 416
	12480 448
	8832 448
4
	0 448
	8544 448
	8544 480
	0 480
4
	8832 448
	12480 448
	12480 480
	8832 480
4
	0 480
	8416 480
	8416 512
	0 512
4
	8960 480
	12480 480
	12480 512
	8960 512
4
	0 512
	8480 512
	8480 544
	0 544
4
	8928 512
	12480 512
	12480 544
	8928 544
4
	0 544
	8448 544
	8448 576
	0 576
4
	8928 544
	12480 544
	12480 576
	8928 576
4
	0 576
	8448 576
	8448 608
	0 608
4
	8928 576
	12480 576
	12480 608
	8928 608
4
	0 608
	8448 608
	8448 640
	0 640
4
	8928 608
	12480 608
	12480 640
	8928 640
4
	0 640
	8448 640
	8448 672
	0 672
4
	8928 640
	12480 640
	12480 672
	8928 672
4
	0 672
	8448 672
	8448 704
	0 704
4
	8928 672
	12480 672
	12480 704
	8928 704
4
	0 704
	8448 704
	8448 736
	0 736
4
	8928 704
	12480 704
	12480 736
	8928 736
4
	0 736
	8448 736
	8448 768
	0 768
4
	8928 736
	12480 736
	12480 768
	8928 768
4
	0 768
	8448 768
	8448 800
	0 800
4
	8928 768
	12480 768
	12480 800
	8928 800
4
	0 800
	8448 800
	8448 832
	0 832
4
	8928 800
	12480 800
	12480 832
	8928 832
4
	0 832
	8448 832
	8448 864
	0 864
4
	8928 832
	12480 832
	12480 864
	8928 864
4
	0 864
	8448 864
	8448 896
	0 896
4
	8960 864
	12480 864
	12480 896
	8960 896
4
	0 896
	8064 896
	8064 928
	0 928
4
	8096 896
	8256 896
	8256 928
	8096 928
4
	8320 896
	8416 896
	8416 928
	8320 928
4
	8992 896
	9088 896
	9088 928
	8992 928
4
	9120 896
	9280 896
	9280 928
	9120 928
4
	9312 896
	12480 896
	12480 928
	9312 928
4
	0 928
	8032 928
	8032 960
	0 960
4
	8320 928
	8416 928
	8416 960
	8320 960
4
	8992 928
	9088 928
	9088 960
	8992 960
4
	9344 928
	10912 928
	10912 960
	9344 960
4
	11008 928
	12480 928
	12480 960
	11008 960
4
	0 960
	8000 960
	8000 992
	0 992
4
	9376 960
	10816 960
	10816 992
	9376 992
4
	11072 960
	12480 960
	12480 992
	11072 992
4
	0 992
	7968 992
	7968 1024
	0 1024
4
	8256 992
	8416 992
	8416 1024
	8256 1024
4
	9408 992
	10816 992
	10816 1024
	9408 1024
4
	11072 992
	12480 992
	12480 1024
	11072 1024
4
	0 1024
	7936 1024
	7936 1056
	0 1056
4
	8256 1024
	8416 1024
	8416 1056
	8256 1056
4
	9440 1024
	10816 1024
	10816 1056
	9440 1056
4
	11104 1024
	12480 1024
	12480 1056
	11104 1056
4
	0 1056
	7936 1056
	7936 1088
	0 1088
4
	8256 1056
	8416 1056
	8416 1088
	8256 1088
4
	9472 1056
	10816 1056
	10816 1088
	9472 1088
4
	11168 1056
	12480 1056
	12480 1088
	11168 1088
4
	0 1088
	7936 1088
	7936 1120
	0 1120
4
	8288 1088
	8416 1088
	8416 1120
	8288 1120
4
	9504 1088
	10752 1088
	10752 1120
	9504 1120
4
	11232 1088
	12480 1088
	12480 1120
	11232 1120
4
	0 1120
	7904 1120
	7904 1152
	0 1152
4
	8288 1120
	8416 1120
	8416 1152
	8288 1152
4
	9536 1120
	10816 1120
	10816 1152
	9536 1152
4
	11232 1120
	12480 1120
	12480 1152
	11232 1152
4
	0 1152
	7872 1152
	7872 1184
	0 1184
4
	8320 1152
	8416 1152
	8416 1184
	8320 1184
4
	9568 1152
	10816 1152
	10816 1184
	9568 1184
4
	11232 1152
	12480 1152
	12480 1184
	11232 1184
4
	0 1184
	7776 1184
	7776 1216
	0 1216
4
	7808 1184
	7840 1184
	7840 1216
	7808 1216
4
	8320 1184
	8416 1184
	8416 1216
	8320 1216
4
	9600 1184
	10816 1184
	10816 1216
	9600 1216
4
	11232 1184
	12480 1184
	12480 1216
	11232 1216
4
	0 1216
	7744 1216
	7744 1248
	0 1248
4
	9632 1216
	10816 1216
	10816 1248
	9632 1248
4
	11232 1216
	12480 1216
	12480 1248
	11232 1248
4
	0 1248
	7712 1248
	7712 1280
	0 1280
4
	9024 1248
	9120 1248
	9120 1280
	9024 1280
4
	9664 1248
	10816 1248
	10816 1280
	9664 1280
4
	11232 1248
	12480 1248
	12480 1280
	11232 1280
4
	0 1280
	7680 1280
	7680 1312
	0 1312
4
	9024 1280
	9120 1280
	9120 1312
	9024 1312
4
	9696 1280
	10784 1280
	10784 1312
	9696 1312
4
	11168 1280
	12480 1280
	12480 1312
	11168 1312
4
	0 1312
	7648 1312
	7648 1344
	0 1344
4
	9024 1312
	9152 1312
	9152 1344
	9024 1344
4
	9696 1312
	10784 1312
	10784 1344
	9696 1344
4
	11168 1312
	12480 1312
	12480 1344
	11168 1344
4
	0 1344
	7648 1344
	7648 1376
	0 1376
4
	9024 1344
	9152 1344
	9152 1376
	9024 1376
4
	9696 1344
	10784 1344
	10784 1376
	9696 1376
4
	11168 1344
	12480 1344
	12480 1376
	11168 1376
4
	0 1376
	7680 1376
	7680 1408
	0 1408
4
	8032 1376
	8096 1376
	8096 1408
	8032 1408
4
	9024 1376
	9184 1376
	9184 1408
	9024 1408
4
	9632 1376
	10784 1376
	10784 1408
	9632 1408
4
	11168 1376
	12480 1376
	12480 1408
	11168 1408
4
	0 1408
	7680 1408
	7680 1440
	0 1440
4
	8032 1408
	8096 1408
	8096 1440
	8032 1440
4
	9024 1408
	9184 1408
	9184 1440
	9024 1440
4
	9632 1408
	10784 1408
	10784 1440
	9632 1440
4
	11168 1408
	12480 1408
	12480 1440
	11168 1440
4
	0 1440
	7680 1440
	7680 1472
	0 1472
4
	8032 1440
	8096 1440
	8096 1472
	8032 1472
4
	9024 1440
	9184 1440
	9184 1472
	9024 1472
4
	9632 1440
	10816 1440
	10816 1472
	9632 1472
4
	11168 1440
	12480 1440
	12480 1472
	11168 1472
4
	0 1472
	7680 1472
	7680 1504
	0 1504
4
	8032 1472
	8096 1472
	8096 1504
	8032 1504
4
	8320 1472
	8416 1472
	8416 1504
	8320 1504
4
	8992 1472
	9088 1472
	9088 1504
	8992 1504
4
	9632 1472
	10816 1472
	10816 1504
	9632 1504
4
	11168 1472
	12480 1472
	12480 1504
	11168 1504
4
	0 1504
	7680 1504
	7680 1536
	0 1536
4
	8032 1504
	8096 1504
	8096 1536
	8032 1536
4
	8320 1504
	8416 1504
	8416 1536
	8320 1536
4
	8992 1504
	9088 1504
	9088 1536
	8992 1536
4
	9632 1504
	10816 1504
	10816 1536
	9632 1536
4
	11168 1504
	12480 1504
	12480 1536
	11168 1536
4
	0 1536
	7648 1536
	7648 1568
	0 1568
4
	8128 1536
	8448 1536
	8448 1568
	8128 1568
4
	8992 1536
	9088 1536
	9088 1568
	8992 1568
4
	9248 1536
	9472 1536
	9472 1568
	9248 1568
4
	9696 1536
	10816 1536
	10816 1568
	9696 1568
4
	10848 1536
	10944 1536
	10944 1568
	10848 1568
4
	11040 1536
	11136 1536
	11136 1568
	11040 1568
4
	11232 1536
	12480 1536
	12480 1568
	11232 1568
4
	0 1568
	8448 1568
	8448 1600
	0 1600
4
	8960 1568
	9120 1568
	9120 1600
	8960 1600
4
	9248 1568
	9472 1568
	9472 1600
	9248 1600
4
	9632 1568
	10944 1568
	10944 1600
	9632 1600
4
	11040 1568
	12480 1568
	12480 1600
	11040 1600
4
	0 1600
	8448 1600
	8448 1632
	0 1632
4
	8960 1600
	10944 1600
	10944 1632
	8960 1632
4
	11040 1600
	12480 1600
	12480 1632
	11040 1632
4
	0 1632
	8448 1632
	8448 1664
	0 1664
4
	8960 1632
	10752 1632
	10752 1664
	8960 1664
4
	10848 1632
	10944 1632
	10944 1664
	10848 1664
4
	11040 1632
	11136 1632
	11136 1664
	11040 1664
4
	11232 1632
	12480 1632
	12480 1664
	11232 1664
4
	0 1664
	7648 1664
	7648 1696
	0 1696
4
	8288 1664
	8448 1664
	8448 1696
	8288 1696
4
	8960 1664
	10752 1664
	10752 1696
	8960 1696
4
	10848 1664
	10944 1664
	10944 1696
	10848 1696
4
	11040 1664
	11136 1664
	11136 1696
	11040 1696
4
	11232 1664
	12480 1664
	12480 1696
	11232 1696
4
	0 1696
	7648 1696
	7648 1728
	0 1728
4
	8960 1696
	9120 1696
	9120 1728
	8960 1728
4
	9632 1696
	9856 1696
	9856 1728
	9632 1728
4
	10208 1696
	10688 1696
	10688 1728
	10208 1728
4
	11456 1696
	12480 1696
	12480 1728
	11456 1728
4
	0 1728
	7648 1728
	7648 1760
	0 1760
4
	9696 1728
	9856 1728
	9856 1760
	9696 1760
4
	10208 1728
	10688 1728
	10688 1760
	10208 1760
4
	11456 1728
	12480 1728
	12480 1760
	11456 1760
4
	0 1760
	7648 1760
	7648 1792
	0 1792
4
	9792 1760
	9856 1760
	9856 1792
	9792 1792
4
	11584 1760
	12480 1760
	12480 1792
	11584 1792
4
	0 1792
	7648 1792
	7648 1824
	0 1824
4
	9760 1792
	9920 1792
	9920 1824
	9760 1824
4
	11616 1792
	12480 1792
	12480 1824
	11616 1824
4
	0 1824
	7648 1824
	7648 1856
	0 1856
4
	9760 1824
	9920 1824
	9920 1856
	9760 1856
4
	11616 1824
	12480 1824
	12480 1856
	11616 1856
4
	0 1856
	7648 1856
	7648 1888
	0 1888
4
	9760 1856
	9920 1856
	9920 1888
	9760 1888
4
	11616 1856
	12480 1856
	12480 1888
	11616 1888
4
	0 1888
	7648 1888
	7648 1920
	0 1920
4
	11616 1888
	12480 1888
	12480 1920
	11616 1920
4
	0 1920
	4800 1920
	4800 1952
	0 1952
4
	4832 1920
	7648 1920
	7648 1952
	4832 1952
4
	11616 1920
	12480 1920
	12480 1952
	11616 1952
4
	0 1952
	4544 1952
	4544 1984
	0 1984
4
	4576 1952
	4800 1952
	4800 1984
	4576 1984
4
	4864 1952
	7648 1952
	7648 1984
	4864 1984
4
	11616 1952
	12480 1952
	12480 1984
	11616 1984
4
	0 1984
	4512 1984
	4512 2016
	0 2016
4
	4576 1984
	4800 1984
	4800 2016
	4576 2016
4
	4896 1984
	7648 1984
	7648 2016
	4896 2016
4
	9760 1984
	9920 1984
	9920 2016
	9760 2016
4
	11616 1984
	12480 1984
	12480 2016
	11616 2016
4
	0 2016
	4480 2016
	4480 2048
	0 2048
4
	4576 2016
	4800 2016
	4800 2048
	4576 2048
4
	4928 2016
	7680 2016
	7680 2048
	4928 2048
4
	9760 2016
	9920 2016
	9920 2048
	9760 2048
4
	11616 2016
	12480 2016
	12480 2048
	11616 2048
4
	0 2048
	4448 2048
	4448 2080
	0 2080
4
	4576 2048
	4800 2048
	4800 2080
	4576 2080
4
	4960 2048
	7680 2048
	7680 2080
	4960 2080
4
	9760 2048
	9920 2048
	9920 2080
	9760 2080
4
	11616 2048
	12480 2048
	12480 2080
	11616 2080
4
	0 2080
	4416 2080
	4416 2112
	0 2112
4
	4576 2080
	4800 2080
	4800 2112
	4576 2112
4
	4992 2080
	7680 2080
	7680 2112
	4992 2112
4
	7872 2080
	7968 2080
	7968 2112
	7872 2112
4
	9760 2080
	9856 2080
	9856 2112
	9760 2112
4
	11584 2080
	12480 2080
	12480 2112
	11584 2112
4
	0 2112
	4384 2112
	4384 2144
	0 2144
4
	4576 2112
	4800 2112
	4800 2144
	4576 2144
4
	5024 2112
	7680 2112
	7680 2144
	5024 2144
4
	7872 2112
	7968 2112
	7968 2144
	7872 2144
4
	9664 2112
	9856 2112
	9856 2144
	9664 2144
4
	11456 2112
	12480 2112
	12480 2144
	11456 2144
4
	0 2144
	4352 2144
	4352 2176
	0 2176
4
	5056 2144
	7680 2144
	7680 2176
	5056 2176
4
	7840 2144
	7936 2144
	7936 2176
	7840 2176
4
	9664 2144
	9856 2144
	9856 2176
	9664 2176
4
	11456 2144
	12480 2144
	12480 2176
	11456 2176
4
	0 2176
	4320 2176
	4320 2208
	0 2208
4
	5088 2176
	7680 2176
	7680 2208
	5088 2208
4
	7840 2176
	7936 2176
	7936 2208
	7840 2208
4
	9664 2176
	9984 2176
	9984 2208
	9664 2208
4
	10464 2176
	10752 2176
	10752 2208
	10464 2208
4
	11232 2176
	12480 2176
	12480 2208
	11232 2208
4
	0 2208
	4288 2208
	4288 2240
	0 2240
4
	4384 2208
	4544 2208
	4544 2240
	4384 2240
4
	4832 2208
	4992 2208
	4992 2240
	4832 2240
4
	5056 2208
	7680 2208
	7680 2240
	5056 2240
4
	7808 2208
	7904 2208
	7904 2240
	7808 2240
4
	9664 2208
	9984 2208
	9984 2240
	9664 2240
4
	10464 2208
	10752 2208
	10752 2240
	10464 2240
4
	11232 2208
	12480 2208
	12480 2240
	11232 2240
4
	0 2240
	4256 2240
	4256 2272
	0 2272
4
	4384 2240
	4544 2240
	4544 2272
	4384 2272
4
	4832 2240
	4992 2240
	4992 2272
	4832 2272
4
	5088 2240
	7680 2240
	7680 2272
	5088 2272
4
	7808 2240
	7904 2240
	7904 2272
	7808 2272
4
	9664 2240
	9984 2240
	9984 2272
	9664 2272
4
	10080 2240
	10176 2240
	10176 2272
	10080 2272
4
	10272 2240
	10368 2240
	10368 2272
	10272 2272
4
	10464 2240
	10752 2240
	10752 2272
	10464 2272
4
	11232 2240
	12480 2240
	12480 2272
	11232 2272
4
	0 2272
	4224 2272
	4224 2304
	0 2304
4
	4384 2272
	4544 2272
	4544 2304
	4384 2304
4
	4832 2272
	4992 2272
	4992 2304
	4832 2304
4
	5120 2272
	7616 2272
	7616 2304
	5120 2304
4
	7840 2272
	7872 2272
	7872 2304
	7840 2304
4
	8064 2272
	8160 2272
	8160 2304
	8064 2304
4
	9664 2272
	10176 2272
	10176 2304
	9664 2304
4
	10272 2272
	10752 2272
	10752 2304
	10272 2304
4
	11232 2272
	12480 2272
	12480 2304
	11232 2304
4
	0 2304
	4192 2304
	4192 2336
	0 2336
4
	4384 2304
	4544 2304
	4544 2336
	4384 2336
4
	4832 2304
	4992 2304
	4992 2336
	4832 2336
4
	5152 2304
	7584 2304
	7584 2336
	5152 2336
4
	8000 2304
	8160 2304
	8160 2336
	8000 2336
4
	9664 2304
	10176 2304
	10176 2336
	9664 2336
4
	10272 2304
	10752 2304
	10752 2336
	10272 2336
4
	11232 2304
	12480 2304
	12480 2336
	11232 2336
4
	0 2336
	4160 2336
	4160 2368
	0 2368
4
	4384 2336
	4544 2336
	4544 2368
	4384 2368
4
	4832 2336
	4992 2336
	4992 2368
	4832 2368
4
	5184 2336
	7552 2336
	7552 2368
	5184 2368
4
	7968 2336
	8128 2336
	8128 2368
	7968 2368
4
	9728 2336
	9984 2336
	9984 2368
	9728 2368
4
	10080 2336
	10176 2336
	10176 2368
	10080 2368
4
	10272 2336
	10368 2336
	10368 2368
	10272 2368
4
	10464 2336
	10752 2336
	10752 2368
	10464 2368
4
	11232 2336
	12480 2336
	12480 2368
	11232 2368
4
	0 2368
	4224 2368
	4224 2400
	0 2400
4
	5216 2368
	7552 2368
	7552 2400
	5216 2400
4
	7936 2368
	8064 2368
	8064 2400
	7936 2400
4
	9728 2368
	9984 2368
	9984 2400
	9728 2400
4
	10080 2368
	10176 2368
	10176 2400
	10080 2400
4
	10272 2368
	10368 2368
	10368 2400
	10272 2400
4
	10464 2368
	10752 2368
	10752 2400
	10464 2400
4
	11232 2368
	12480 2368
	12480 2400
	11232 2400
4
	0 2400
	4224 2400
	4224 2432
	0 2432
4
	5216 2400
	7616 2400
	7616 2432
	5216 2432
4
	7936 2400
	8000 2400
	8000 2432
	7936 2432
4
	9696 2400
	9984 2400
	9984 2432
	9696 2432
4
	10464 2400
	10752 2400
	10752 2432
	10464 2432
4
	11232 2400
	12480 2400
	12480 2432
	11232 2432
4
	0 2432
	4224 2432
	4224 2464
	0 2464
4
	5216 2432
	7456 2432
	7456 2464
	5216 2464
4
	7488 2432
	7648 2432
	7648 2464
	7488 2464
4
	9664 2432
	9984 2432
	9984 2464
	9664 2464
4
	10464 2432
	10752 2432
	10752 2464
	10464 2464
4
	11232 2432
	12480 2432
	12480 2464
	11232 2464
4
	0 2464
	4224 2464
	4224 2496
	0 2496
4
	5216 2464
	7424 2464
	7424 2496
	5216 2496
4
	7520 2464
	7680 2464
	7680 2496
	7520 2496
4
	9632 2464
	9984 2464
	9984 2496
	9632 2496
4
	10464 2464
	10752 2464
	10752 2496
	10464 2496
4
	11232 2464
	12480 2464
	12480 2496
	11232 2496
4
	0 2496
	4224 2496
	4224 2528
	0 2528
4
	5216 2496
	7392 2496
	7392 2528
	5216 2528
4
	7520 2496
	7648 2496
	7648 2528
	7520 2528
4
	9600 2496
	9984 2496
	9984 2528
	9600 2528
4
	10464 2496
	10752 2496
	10752 2528
	10464 2528
4
	11232 2496
	12480 2496
	12480 2528
	11232 2528
4
	0 2528
	4160 2528
	4160 2560
	0 2560
4
	5216 2528
	7360 2528
	7360 2560
	5216 2560
4
	7552 2528
	7616 2528
	7616 2560
	7552 2560
4
	8000 2528
	8224 2528
	8224 2560
	8000 2560
4
	8256 2528
	8512 2528
	8512 2560
	8256 2560
4
	8864 2528
	9120 2528
	9120 2560
	8864 2560
4
	9568 2528
	9984 2528
	9984 2560
	9568 2560
4
	10464 2528
	10752 2528
	10752 2560
	10464 2560
4
	11232 2528
	12480 2528
	12480 2560
	11232 2560
4
	0 2560
	4192 2560
	4192 2592
	0 2592
4
	5216 2560
	7328 2560
	7328 2592
	5216 2592
4
	7712 2560
	7776 2560
	7776 2592
	7712 2592
4
	7968 2560
	8512 2560
	8512 2592
	7968 2592
4
	8864 2560
	9152 2560
	9152 2592
	8864 2592
4
	9536 2560
	9984 2560
	9984 2592
	9536 2592
4
	10464 2560
	10752 2560
	10752 2592
	10464 2592
4
	11232 2560
	12480 2560
	12480 2592
	11232 2592
4
	0 2592
	4224 2592
	4224 2624
	0 2624
4
	5184 2592
	7296 2592
	7296 2624
	5184 2624
4
	7680 2592
	7808 2592
	7808 2624
	7680 2624
4
	7968 2592
	8512 2592
	8512 2624
	7968 2624
4
	8864 2592
	9984 2592
	9984 2624
	8864 2624
4
	10464 2592
	10752 2592
	10752 2624
	10464 2624
4
	11232 2592
	12480 2592
	12480 2624
	11232 2624
4
	0 2624
	4256 2624
	4256 2656
	0 2656
4
	5152 2624
	7264 2624
	7264 2656
	5152 2656
4
	7680 2624
	7808 2624
	7808 2656
	7680 2656
4
	7904 2624
	8512 2624
	8512 2656
	7904 2656
4
	8832 2624
	9984 2624
	9984 2656
	8832 2656
4
	10464 2624
	10752 2624
	10752 2656
	10464 2656
4
	10848 2624
	10944 2624
	10944 2656
	10848 2656
4
	11040 2624
	11136 2624
	11136 2656
	11040 2656
4
	11232 2624
	12480 2624
	12480 2656
	11232 2656
4
	0 2656
	4288 2656
	4288 2688
	0 2688
4
	4928 2656
	7232 2656
	7232 2688
	4928 2688
4
	7680 2656
	7840 2656
	7840 2688
	7680 2688
4
	7872 2656
	8512 2656
	8512 2688
	7872 2688
4
	8832 2656
	10048 2656
	10048 2688
	8832 2688
4
	10464 2656
	10944 2656
	10944 2688
	10464 2688
4
	11040 2656
	12480 2656
	12480 2688
	11040 2688
4
	0 2688
	4320 2688
	4320 2720
	0 2720
4
	4896 2688
	7200 2688
	7200 2720
	4896 2720
4
	7712 2688
	8512 2688
	8512 2720
	7712 2720
4
	8864 2688
	10048 2688
	10048 2720
	8864 2720
4
	10400 2688
	10944 2688
	10944 2720
	10400 2720
4
	11040 2688
	12480 2688
	12480 2720
	11040 2720
4
	0 2720
	4320 2720
	4320 2752
	0 2752
4
	4896 2720
	7168 2720
	7168 2752
	4896 2752
4
	7776 2720
	8448 2720
	8448 2752
	7776 2752
4
	8928 2720
	10048 2720
	10048 2752
	8928 2752
4
	10400 2720
	10752 2720
	10752 2752
	10400 2752
4
	10848 2720
	10944 2720
	10944 2752
	10848 2752
4
	11040 2720
	11136 2720
	11136 2752
	11040 2752
4
	11232 2720
	12480 2720
	12480 2752
	11232 2752
4
	0 2752
	4288 2752
	4288 2784
	0 2784
4
	4896 2752
	7136 2752
	7136 2784
	4896 2784
4
	7776 2752
	8448 2752
	8448 2784
	7776 2784
4
	8928 2752
	10048 2752
	10048 2784
	8928 2784
4
	10400 2752
	10752 2752
	10752 2784
	10400 2784
4
	10848 2752
	10944 2752
	10944 2784
	10848 2784
4
	11040 2752
	11136 2752
	11136 2784
	11040 2784
4
	11232 2752
	12480 2752
	12480 2784
	11232 2784
4
	0 2784
	4256 2784
	4256 2816
	0 2816
4
	4928 2784
	5056 2784
	5056 2816
	4928 2816
4
	5152 2784
	7104 2784
	7104 2816
	5152 2816
4
	7744 2784
	8448 2784
	8448 2816
	7744 2816
4
	8928 2784
	10048 2784
	10048 2816
	8928 2816
4
	10400 2784
	10816 2784
	10816 2816
	10400 2816
4
	11232 2784
	12480 2784
	12480 2816
	11232 2816
4
	0 2816
	4288 2816
	4288 2848
	0 2848
4
	5184 2816
	7072 2816
	7072 2848
	5184 2848
4
	7712 2816
	8448 2816
	8448 2848
	7712 2848
4
	8928 2816
	10144 2816
	10144 2848
	8928 2848
4
	10336 2816
	10368 2816
	10368 2848
	10336 2848
4
	10400 2816
	10816 2816
	10816 2848
	10400 2848
4
	11232 2816
	12480 2816
	12480 2848
	11232 2848
4
	0 2848
	4288 2848
	4288 2880
	0 2880
4
	5216 2848
	7040 2848
	7040 2880
	5216 2880
4
	7680 2848
	8448 2848
	8448 2880
	7680 2880
4
	8928 2848
	10144 2848
	10144 2880
	8928 2880
4
	10336 2848
	10816 2848
	10816 2880
	10336 2880
4
	11232 2848
	12480 2848
	12480 2880
	11232 2880
4
	0 2880
	768 2880
	768 2912
	0 2912
4
	1376 2880
	4256 2880
	4256 2912
	1376 2912
4
	5216 2880
	7008 2880
	7008 2912
	5216 2912
4
	7648 2880
	8448 2880
	8448 2912
	7648 2912
4
	8928 2880
	10176 2880
	10176 2912
	8928 2912
4
	10272 2880
	10816 2880
	10816 2912
	10272 2912
4
	11232 2880
	12480 2880
	12480 2912
	11232 2912
4
	0 2912
	736 2912
	736 2944
	0 2944
4
	1408 2912
	3104 2912
	3104 2944
	1408 2944
4
	3456 2912
	4224 2912
	4224 2944
	3456 2944
4
	5216 2912
	6976 2912
	6976 2944
	5216 2944
4
	7616 2912
	8448 2912
	8448 2944
	7616 2944
4
	8928 2912
	10080 2912
	10080 2944
	8928 2944
4
	10368 2912
	10816 2912
	10816 2944
	10368 2944
4
	11232 2912
	12480 2912
	12480 2944
	11232 2944
4
	0 2944
	704 2944
	704 2976
	0 2976
4
	992 2944
	1152 2944
	1152 2976
	992 2976
4
	1440 2944
	3104 2944
	3104 2976
	1440 2976
4
	3456 2944
	4192 2944
	4192 2976
	3456 2976
4
	5216 2944
	6944 2944
	6944 2976
	5216 2976
4
	7584 2944
	8448 2944
	8448 2976
	7584 2976
4
	8928 2944
	10112 2944
	10112 2976
	8928 2976
4
	10336 2944
	10816 2944
	10816 2976
	10336 2976
4
	11232 2944
	12480 2944
	12480 2976
	11232 2976
4
	0 2976
	672 2976
	672 3008
	0 3008
4
	992 2976
	1152 2976
	1152 3008
	992 3008
4
	1472 2976
	1760 2976
	1760 3008
	1472 3008
4
	1824 2976
	1984 2976
	1984 3008
	1824 3008
4
	2016 2976
	3104 2976
	3104 3008
	2016 3008
4
	3456 2976
	4064 2976
	4064 3008
	3456 3008
4
	4128 2976
	4160 2976
	4160 3008
	4128 3008
4
	4768 2976
	4864 2976
	4864 3008
	4768 3008
4
	5216 2976
	6912 2976
	6912 3008
	5216 3008
4
	7552 2976
	8448 2976
	8448 3008
	7552 3008
4
	8928 2976
	10816 2976
	10816 3008
	8928 3008
4
	11232 2976
	11584 2976
	11584 3008
	11232 3008
4
	12256 2976
	12480 2976
	12480 3008
	12256 3008
4
	0 3008
	640 3008
	640 3040
	0 3040
4
	992 3008
	1152 3008
	1152 3040
	992 3040
4
	1504 3008
	1728 3008
	1728 3040
	1504 3040
4
	2048 3008
	3104 3008
	3104 3040
	2048 3040
4
	3456 3008
	4032 3008
	4032 3040
	3456 3040
4
	4768 3008
	4864 3008
	4864 3040
	4768 3040
4
	5216 3008
	6880 3008
	6880 3040
	5216 3040
4
	7520 3008
	8448 3008
	8448 3040
	7520 3040
4
	8928 3008
	10816 3008
	10816 3040
	8928 3040
4
	11232 3008
	11584 3008
	11584 3040
	11232 3040
4
	12256 3008
	12480 3008
	12480 3040
	12256 3040
4
	0 3040
	640 3040
	640 3072
	0 3072
4
	864 3040
	1152 3040
	1152 3072
	864 3072
4
	1536 3040
	1728 3040
	1728 3072
	1536 3072
4
	2080 3040
	3040 3040
	3040 3072
	2080 3072
4
	3520 3040
	4000 3040
	4000 3072
	3520 3072
4
	4768 3040
	4896 3040
	4896 3072
	4768 3072
4
	5216 3040
	6848 3040
	6848 3072
	5216 3072
4
	7488 3040
	8576 3040
	8576 3072
	7488 3072
4
	8800 3040
	10752 3040
	10752 3072
	8800 3072
4
	11232 3040
	11584 3040
	11584 3072
	11232 3072
4
	12320 3040
	12480 3040
	12480 3072
	12320 3072
4
	0 3072
	576 3072
	576 3104
	0 3104
4
	800 3072
	1152 3072
	1152 3104
	800 3104
4
	1536 3072
	1760 3072
	1760 3104
	1536 3104
4
	2112 3072
	3104 3072
	3104 3104
	2112 3104
4
	3456 3072
	4000 3072
	4000 3104
	3456 3104
4
	4768 3072
	4896 3072
	4896 3104
	4768 3104
4
	5216 3072
	6816 3072
	6816 3104
	5216 3104
4
	7456 3072
	8576 3072
	8576 3104
	7456 3104
4
	8800 3072
	10752 3072
	10752 3104
	8800 3104
4
	11232 3072
	11584 3072
	11584 3104
	11232 3104
4
	12320 3072
	12480 3072
	12480 3104
	12320 3104
4
	0 3104
	544 3104
	544 3136
	0 3136
4
	736 3104
	992 3104
	992 3136
	736 3136
4
	1568 3104
	1728 3104
	1728 3136
	1568 3136
4
	2112 3104
	3104 3104
	3104 3136
	2112 3136
4
	3456 3104
	4000 3104
	4000 3136
	3456 3136
4
	4768 3104
	4928 3104
	4928 3136
	4768 3136
4
	5216 3104
	6784 3104
	6784 3136
	5216 3136
4
	7424 3104
	8448 3104
	8448 3136
	7424 3136
4
	8480 3104
	8576 3104
	8576 3136
	8480 3136
4
	8800 3104
	8896 3104
	8896 3136
	8800 3136
4
	8928 3104
	10752 3104
	10752 3136
	8928 3136
4
	11232 3104
	11584 3104
	11584 3136
	11232 3136
4
	12320 3104
	12480 3104
	12480 3136
	12320 3136
4
	0 3136
	512 3136
	512 3168
	0 3168
4
	736 3136
	992 3136
	992 3168
	736 3168
4
	1568 3136
	1728 3136
	1728 3168
	1568 3168
4
	2112 3136
	3104 3136
	3104 3168
	2112 3168
4
	3456 3136
	3968 3136
	3968 3168
	3456 3168
4
	4768 3136
	4928 3136
	4928 3168
	4768 3168
4
	5184 3136
	6752 3136
	6752 3168
	5184 3168
4
	7392 3136
	8448 3136
	8448 3168
	7392 3168
4
	8928 3136
	10752 3136
	10752 3168
	8928 3168
4
	11232 3136
	11520 3136
	11520 3168
	11232 3168
4
	11744 3136
	11968 3136
	11968 3168
	11744 3168
4
	12320 3136
	12480 3136
	12480 3168
	12320 3168
4
	0 3168
	480 3168
	480 3200
	0 3200
4
	736 3168
	992 3168
	992 3200
	736 3200
4
	1600 3168
	1696 3168
	1696 3200
	1600 3200
4
	2144 3168
	3104 3168
	3104 3200
	2144 3200
4
	3456 3168
	3936 3168
	3936 3200
	3456 3200
4
	4768 3168
	4928 3168
	4928 3200
	4768 3200
4
	5152 3168
	6720 3168
	6720 3200
	5152 3200
4
	7360 3168
	8448 3168
	8448 3200
	7360 3200
4
	8928 3168
	10752 3168
	10752 3200
	8928 3200
4
	11232 3168
	11520 3168
	11520 3200
	11232 3200
4
	11744 3168
	11968 3168
	11968 3200
	11744 3200
4
	12320 3168
	12480 3168
	12480 3200
	12320 3200
4
	0 3200
	448 3200
	448 3232
	0 3232
4
	1600 3200
	1696 3200
	1696 3232
	1600 3232
4
	2176 3200
	3104 3200
	3104 3232
	2176 3232
4
	3456 3200
	3904 3200
	3904 3232
	3456 3232
4
	4768 3200
	5056 3200
	5056 3232
	4768 3232
4
	5120 3200
	6688 3200
	6688 3232
	5120 3232
4
	7328 3200
	8448 3200
	8448 3232
	7328 3232
4
	8928 3200
	10752 3200
	10752 3232
	8928 3232
4
	11232 3200
	11520 3200
	11520 3232
	11232 3232
4
	11744 3200
	11968 3200
	11968 3232
	11744 3232
4
	12352 3200
	12480 3200
	12480 3232
	12352 3232
4
	0 3232
	448 3232
	448 3264
	0 3264
4
	1600 3232
	1696 3232
	1696 3264
	1600 3264
4
	2208 3232
	3104 3232
	3104 3264
	2208 3264
4
	3520 3232
	3904 3232
	3904 3264
	3520 3264
4
	4832 3232
	4896 3232
	4896 3264
	4832 3264
4
	4928 3232
	6656 3232
	6656 3264
	4928 3264
4
	7296 3232
	8448 3232
	8448 3264
	7296 3264
4
	8928 3232
	10624 3232
	10624 3264
	8928 3264
4
	11328 3232
	11520 3232
	11520 3264
	11328 3264
4
	11744 3232
	11904 3232
	11904 3264
	11744 3264
4
	12352 3232
	12480 3232
	12480 3264
	12352 3264
4
	0 3264
	480 3264
	480 3296
	0 3296
4
	1600 3264
	1696 3264
	1696 3296
	1600 3296
4
	2272 3264
	2336 3264
	2336 3296
	2272 3296
4
	2848 3264
	2912 3264
	2912 3296
	2848 3296
4
	3520 3264
	3904 3264
	3904 3296
	3520 3296
4
	4928 3264
	6624 3264
	6624 3296
	4928 3296
4
	7264 3264
	8448 3264
	8448 3296
	7264 3296
4
	8928 3264
	10304 3264
	10304 3296
	8928 3296
4
	10336 3264
	10624 3264
	10624 3296
	10336 3296
4
	11328 3264
	11520 3264
	11520 3296
	11328 3296
4
	11744 3264
	11904 3264
	11904 3296
	11744 3296
4
	12352 3264
	12480 3264
	12480 3296
	12352 3296
4
	0 3296
	480 3296
	480 3328
	0 3328
4
	1600 3296
	1696 3296
	1696 3328
	1600 3328
4
	2848 3296
	2912 3296
	2912 3328
	2848 3328
4
	3520 3296
	3904 3296
	3904 3328
	3520 3328
4
	4928 3296
	6592 3296
	6592 3328
	4928 3328
4
	7232 3296
	8448 3296
	8448 3328
	7232 3328
4
	8928 3296
	10304 3296
	10304 3328
	8928 3328
4
	10400 3296
	10624 3296
	10624 3328
	10400 3328
4
	11328 3296
	11456 3296
	11456 3328
	11328 3328
4
	11808 3296
	11904 3296
	11904 3328
	11808 3328
4
	12352 3296
	12480 3296
	12480 3328
	12352 3328
4
	0 3328
	480 3328
	480 3360
	0 3360
4
	1568 3328
	1728 3328
	1728 3360
	1568 3360
4
	1984 3328
	2080 3328
	2080 3360
	1984 3360
4
	2848 3328
	2912 3328
	2912 3360
	2848 3360
4
	3520 3328
	3904 3328
	3904 3360
	3520 3360
4
	4928 3328
	6560 3328
	6560 3360
	4928 3360
4
	7200 3328
	8448 3328
	8448 3360
	7200 3360
4
	8928 3328
	10304 3328
	10304 3360
	8928 3360
4
	10432 3328
	10688 3328
	10688 3360
	10432 3360
4
	11296 3328
	11456 3328
	11456 3360
	11296 3360
4
	11808 3328
	11904 3328
	11904 3360
	11808 3360
4
	12352 3328
	12480 3328
	12480 3360
	12352 3360
4
	0 3360
	480 3360
	480 3392
	0 3392
4
	1568 3360
	1728 3360
	1728 3392
	1568 3392
4
	1984 3360
	2208 3360
	2208 3392
	1984 3392
4
	2816 3360
	2976 3360
	2976 3392
	2816 3392
4
	3520 3360
	3968 3360
	3968 3392
	3520 3392
4
	4256 3360
	4320 3360
	4320 3392
	4256 3392
4
	4512 3360
	4608 3360
	4608 3392
	4512 3392
4
	4960 3360
	6528 3360
	6528 3392
	4960 3392
4
	7168 3360
	8448 3360
	8448 3392
	7168 3392
4
	8928 3360
	10080 3360
	10080 3392
	8928 3392
4
	10464 3360
	10688 3360
	10688 3392
	10464 3392
4
	11296 3360
	11456 3360
	11456 3392
	11296 3392
4
	11808 3360
	11904 3360
	11904 3392
	11808 3392
4
	12320 3360
	12480 3360
	12480 3392
	12320 3392
4
	0 3392
	736 3392
	736 3424
	0 3424
4
	1568 3392
	1728 3392
	1728 3424
	1568 3424
4
	2016 3392
	2208 3392
	2208 3424
	2016 3424
4
	2816 3392
	2976 3392
	2976 3424
	2816 3424
4
	3520 3392
	4000 3392
	4000 3424
	3520 3424
4
	4256 3392
	4352 3392
	4352 3424
	4256 3424
4
	4512 3392
	4608 3392
	4608 3424
	4512 3424
4
	4928 3392
	6496 3392
	6496 3424
	4928 3424
4
	7136 3392
	8448 3392
	8448 3424
	7136 3424
4
	8928 3392
	10080 3392
	10080 3424
	8928 3424
4
	10528 3392
	10688 3392
	10688 3424
	10528 3424
4
	11296 3392
	11456 3392
	11456 3424
	11296 3424
4
	11808 3392
	11904 3392
	11904 3424
	11808 3424
4
	12320 3392
	12480 3392
	12480 3424
	12320 3424
4
	0 3424
	768 3424
	768 3456
	0 3456
4
	1568 3424
	1728 3424
	1728 3456
	1568 3456
4
	2144 3424
	2208 3424
	2208 3456
	2144 3456
4
	2816 3424
	2976 3424
	2976 3456
	2816 3456
4
	3520 3424
	4000 3424
	4000 3456
	3520 3456
4
	4256 3424
	4352 3424
	4352 3456
	4256 3456
4
	4512 3424
	4576 3424
	4576 3456
	4512 3456
4
	4896 3424
	6464 3424
	6464 3456
	4896 3456
4
	7104 3424
	8448 3424
	8448 3456
	7104 3456
4
	8928 3424
	10048 3424
	10048 3456
	8928 3456
4
	11808 3424
	11904 3424
	11904 3456
	11808 3456
4
	12320 3424
	12480 3424
	12480 3456
	12320 3456
4
	0 3456
	768 3456
	768 3488
	0 3488
4
	3488 3456
	4000 3456
	4000 3488
	3488 3488
4
	4288 3456
	4352 3456
	4352 3488
	4288 3488
4
	4512 3456
	4576 3456
	4576 3488
	4512 3488
4
	4864 3456
	6496 3456
	6496 3488
	4864 3488
4
	7072 3456
	8512 3456
	8512 3488
	7072 3488
4
	8864 3456
	10048 3456
	10048 3488
	8864 3488
4
	11808 3456
	11904 3456
	11904 3488
	11808 3488
4
	12320 3456
	12480 3456
	12480 3488
	12320 3488
4
	0 3488
	736 3488
	736 3520
	0 3520
4
	3488 3488
	4096 3488
	4096 3520
	3488 3520
4
	4288 3488
	4352 3488
	4352 3520
	4288 3520
4
	4480 3488
	4576 3488
	4576 3520
	4480 3520
4
	4768 3488
	6560 3488
	6560 3520
	4768 3520
4
	7040 3488
	8512 3488
	8512 3520
	7040 3520
4
	8832 3488
	10112 3488
	10112 3520
	8832 3520
4
	12320 3488
	12352 3488
	12352 3520
	12320 3520
4
	12384 3488
	12480 3488
	12480 3520
	12384 3520
4
	0 3520
	736 3520
	736 3552
	0 3552
4
	3488 3520
	4128 3520
	4128 3552
	3488 3552
4
	4288 3520
	4384 3520
	4384 3552
	4288 3552
4
	4480 3520
	4576 3520
	4576 3552
	4480 3552
4
	4736 3520
	6368 3520
	6368 3552
	4736 3552
4
	6432 3520
	6592 3520
	6592 3552
	6432 3552
4
	7008 3520
	8512 3520
	8512 3552
	7008 3552
4
	8832 3520
	10112 3520
	10112 3552
	8832 3552
4
	10528 3520
	10688 3520
	10688 3552
	10528 3552
4
	11296 3520
	11456 3520
	11456 3552
	11296 3552
4
	12384 3520
	12480 3520
	12480 3552
	12384 3552
4
	0 3552
	736 3552
	736 3584
	0 3584
4
	1568 3552
	1728 3552
	1728 3584
	1568 3584
4
	2144 3552
	2208 3552
	2208 3584
	2144 3584
4
	2816 3552
	2976 3552
	2976 3584
	2816 3584
4
	3520 3552
	4160 3552
	4160 3584
	3520 3584
4
	4288 3552
	4352 3552
	4352 3584
	4288 3584
4
	4480 3552
	4544 3552
	4544 3584
	4480 3584
4
	4704 3552
	6336 3552
	6336 3584
	4704 3584
4
	6432 3552
	6592 3552
	6592 3584
	6432 3584
4
	6976 3552
	8512 3552
	8512 3584
	6976 3584
4
	8864 3552
	10080 3552
	10080 3584
	8864 3584
4
	10528 3552
	10688 3552
	10688 3584
	10528 3584
4
	11296 3552
	11456 3552
	11456 3584
	11296 3584
4
	12384 3552
	12480 3552
	12480 3584
	12384 3584
4
	0 3584
	736 3584
	736 3616
	0 3616
4
	1568 3584
	1728 3584
	1728 3616
	1568 3616
4
	2016 3584
	2208 3584
	2208 3616
	2016 3616
4
	2816 3584
	2976 3584
	2976 3616
	2816 3616
4
	3520 3584
	4192 3584
	4192 3616
	3520 3616
4
	4672 3584
	6304 3584
	6304 3616
	4672 3616
4
	6464 3584
	6560 3584
	6560 3616
	6464 3616
4
	6944 3584
	7840 3584
	7840 3616
	6944 3616
4
	8160 3584
	8512 3584
	8512 3616
	8160 3616
4
	8864 3584
	9216 3584
	9216 3616
	8864 3616
4
	9536 3584
	10176 3584
	10176 3616
	9536 3616
4
	10528 3584
	10688 3584
	10688 3616
	10528 3616
4
	11296 3584
	11456 3584
	11456 3616
	11296 3616
4
	11808 3584
	11840 3584
	11840 3616
	11808 3616
4
	12224 3584
	12288 3584
	12288 3616
	12224 3616
4
	12320 3584
	12480 3584
	12480 3616
	12320 3616
4
	0 3616
	480 3616
	480 3648
	0 3648
4
	1568 3616
	1728 3616
	1728 3648
	1568 3648
4
	1984 3616
	2208 3616
	2208 3648
	1984 3648
4
	2816 3616
	2976 3616
	2976 3648
	2816 3648
4
	3520 3616
	4224 3616
	4224 3648
	3520 3648
4
	4672 3616
	5888 3616
	5888 3648
	4672 3648
4
	6048 3616
	6304 3616
	6304 3648
	6048 3648
4
	6496 3616
	6528 3616
	6528 3648
	6496 3648
4
	6912 3616
	7808 3616
	7808 3648
	6912 3648
4
	9568 3616
	10176 3616
	10176 3648
	9568 3648
4
	10560 3616
	10624 3616
	10624 3648
	10560 3648
4
	11328 3616
	11456 3616
	11456 3648
	11328 3648
4
	11808 3616
	11904 3616
	11904 3648
	11808 3648
4
	12192 3616
	12480 3616
	12480 3648
	12192 3648
4
	0 3648
	480 3648
	480 3680
	0 3680
4
	1568 3648
	1728 3648
	1728 3680
	1568 3680
4
	1984 3648
	2080 3648
	2080 3680
	1984 3680
4
	2848 3648
	2912 3648
	2912 3680
	2848 3680
4
	3520 3648
	4224 3648
	4224 3680
	3520 3680
4
	4640 3648
	5856 3648
	5856 3680
	4640 3680
4
	6624 3648
	6720 3648
	6720 3680
	6624 3680
4
	6880 3648
	7776 3648
	7776 3680
	6880 3680
4
	9600 3648
	10272 3648
	10272 3680
	9600 3680
4
	10336 3648
	10624 3648
	10624 3680
	10336 3680
4
	11328 3648
	11456 3648
	11456 3680
	11328 3680
4
	11776 3648
	11968 3648
	11968 3680
	11776 3680
4
	12128 3648
	12160 3648
	12160 3680
	12128 3680
4
	12192 3648
	12480 3648
	12480 3680
	12192 3680
4
	0 3680
	480 3680
	480 3712
	0 3712
4
	1600 3680
	1696 3680
	1696 3712
	1600 3712
4
	2848 3680
	2912 3680
	2912 3712
	2848 3712
4
	3520 3680
	4192 3680
	4192 3712
	3520 3712
4
	4640 3680
	5824 3680
	5824 3712
	4640 3712
4
	6592 3680
	6752 3680
	6752 3712
	6592 3712
4
	6848 3680
	7744 3680
	7744 3712
	6848 3712
4
	9632 3680
	10272 3680
	10272 3712
	9632 3712
4
	10336 3680
	10624 3680
	10624 3712
	10336 3712
4
	11328 3680
	11456 3680
	11456 3712
	11328 3712
4
	11552 3680
	12480 3680
	12480 3712
	11552 3712
4
	0 3712
	480 3712
	480 3744
	0 3744
4
	1600 3712
	1696 3712
	1696 3744
	1600 3744
4
	2240 3712
	2336 3712
	2336 3744
	2240 3744
4
	2848 3712
	2912 3712
	2912 3744
	2848 3744
4
	3520 3712
	4192 3712
	4192 3744
	3520 3744
4
	4672 3712
	5792 3712
	5792 3744
	4672 3744
4
	6592 3712
	6752 3712
	6752 3744
	6592 3744
4
	6816 3712
	7712 3712
	7712 3744
	6816 3744
4
	9664 3712
	10752 3712
	10752 3744
	9664 3744
4
	11232 3712
	11456 3712
	11456 3744
	11232 3744
4
	11552 3712
	12480 3712
	12480 3744
	11552 3744
4
	0 3744
	448 3744
	448 3776
	0 3776
4
	1600 3744
	1696 3744
	1696 3776
	1600 3776
4
	2208 3744
	3040 3744
	3040 3776
	2208 3776
4
	3520 3744
	4192 3744
	4192 3776
	3520 3776
4
	4672 3744
	5760 3744
	5760 3776
	4672 3776
4
	6624 3744
	7680 3744
	7680 3776
	6624 3776
4
	9696 3744
	10752 3744
	10752 3776
	9696 3776
4
	11232 3744
	12480 3744
	12480 3776
	11232 3776
4
	0 3776
	480 3776
	480 3808
	0 3808
4
	1600 3776
	1696 3776
	1696 3808
	1600 3808
4
	2176 3776
	3040 3776
	3040 3808
	2176 3808
4
	3520 3776
	4192 3776
	4192 3808
	3520 3808
4
	4672 3776
	5728 3776
	5728 3808
	4672 3808
4
	6240 3776
	6336 3776
	6336 3808
	6240 3808
4
	6688 3776
	7648 3776
	7648 3808
	6688 3808
4
	9728 3776
	10752 3776
	10752 3808
	9728 3808
4
	11232 3776
	12480 3776
	12480 3808
	11232 3808
4
	0 3808
	512 3808
	512 3840
	0 3840
4
	1600 3808
	1696 3808
	1696 3840
	1600 3840
4
	2144 3808
	3040 3808
	3040 3840
	2144 3840
4
	3520 3808
	4192 3808
	4192 3840
	3520 3840
4
	4672 3808
	5696 3808
	5696 3840
	4672 3840
4
	6208 3808
	6336 3808
	6336 3840
	6208 3840
4
	6720 3808
	7648 3808
	7648 3840
	6720 3840
4
	9728 3808
	10752 3808
	10752 3840
	9728 3840
4
	11168 3808
	12480 3808
	12480 3840
	11168 3840
4
	0 3840
	544 3840
	544 3872
	0 3872
4
	1568 3840
	1728 3840
	1728 3872
	1568 3872
4
	2112 3840
	3040 3840
	3040 3872
	2112 3872
4
	3520 3840
	4192 3840
	4192 3872
	3520 3872
4
	4672 3840
	5696 3840
	5696 3872
	4672 3872
4
	6144 3840
	6304 3840
	6304 3872
	6144 3872
4
	6720 3840
	7648 3840
	7648 3872
	6720 3872
4
	9696 3840
	10752 3840
	10752 3872
	9696 3872
4
	11168 3840
	12480 3840
	12480 3872
	11168 3872
4
	0 3872
	576 3872
	576 3904
	0 3904
4
	1568 3872
	1728 3872
	1728 3904
	1568 3904
4
	2112 3872
	3040 3872
	3040 3904
	2112 3904
4
	3520 3872
	4192 3872
	4192 3904
	3520 3904
4
	4672 3872
	5696 3872
	5696 3904
	4672 3904
4
	6112 3872
	6240 3872
	6240 3904
	6112 3904
4
	6688 3872
	7648 3872
	7648 3904
	6688 3904
4
	9696 3872
	10752 3872
	10752 3904
	9696 3904
4
	11168 3872
	12480 3872
	12480 3904
	11168 3904
4
	0 3904
	608 3904
	608 3936
	0 3936
4
	992 3904
	1152 3904
	1152 3936
	992 3936
4
	1536 3904
	1760 3904
	1760 3936
	1536 3936
4
	2112 3904
	3040 3904
	3040 3936
	2112 3936
4
	3520 3904
	4192 3904
	4192 3936
	3520 3936
4
	4672 3904
	5696 3904
	5696 3936
	4672 3936
4
	6112 3904
	6176 3904
	6176 3936
	6112 3936
4
	6400 3904
	6432 3904
	6432 3936
	6400 3936
4
	6656 3904
	7648 3904
	7648 3936
	6656 3936
4
	9696 3904
	10752 3904
	10752 3936
	9696 3936
4
	11168 3904
	12480 3904
	12480 3936
	11168 3936
4
	0 3936
	640 3936
	640 3968
	0 3968
4
	992 3936
	1152 3936
	1152 3968
	992 3968
4
	1536 3936
	1728 3936
	1728 3968
	1536 3968
4
	2080 3936
	3040 3936
	3040 3968
	2080 3968
4
	3520 3936
	4192 3936
	4192 3968
	3520 3968
4
	4672 3936
	5696 3936
	5696 3968
	4672 3968
4
	6368 3936
	6464 3936
	6464 3968
	6368 3968
4
	6592 3936
	7648 3936
	7648 3968
	6592 3968
4
	9696 3936
	10752 3936
	10752 3968
	9696 3968
4
	11168 3936
	12480 3936
	12480 3968
	11168 3968
4
	0 3968
	672 3968
	672 4000
	0 4000
4
	992 3968
	1152 3968
	1152 4000
	992 4000
4
	1504 3968
	1760 3968
	1760 4000
	1504 4000
4
	2048 3968
	3040 3968
	3040 4000
	2048 4000
4
	3520 3968
	4192 3968
	4192 4000
	3520 4000
4
	4672 3968
	5696 3968
	5696 4000
	4672 4000
4
	6368 3968
	6464 3968
	6464 4000
	6368 4000
4
	6592 3968
	7648 3968
	7648 4000
	6592 4000
4
	9696 3968
	10752 3968
	10752 4000
	9696 4000
4
	11168 3968
	12480 3968
	12480 4000
	11168 4000
4
	0 4000
	704 4000
	704 4032
	0 4032
4
	992 4000
	1152 4000
	1152 4032
	992 4032
4
	1472 4000
	1792 4000
	1792 4032
	1472 4032
4
	2016 4000
	3040 4000
	3040 4032
	2016 4032
4
	3520 4000
	4192 4000
	4192 4032
	3520 4032
4
	4672 4000
	5472 4000
	5472 4032
	4672 4032
4
	6336 4000
	6432 4000
	6432 4032
	6336 4032
4
	6592 4000
	7616 4000
	7616 4032
	6592 4032
4
	9696 4000
	9856 4000
	9856 4032
	9696 4032
4
	11168 4000
	12480 4000
	12480 4032
	11168 4032
4
	0 4032
	736 4032
	736 4064
	0 4064
4
	1151 4063
	1153 4063
	1153 4065
	1151 4065
4
	992 4032
	1152 4032
	1152 4064
	992 4064
4
	1440 4032
	3040 4032
	3040 4064
	1440 4064
4
	3520 4032
	4192 4032
	4192 4064
	3520 4064
4
	4672 4032
	5472 4032
	5472 4064
	4672 4064
4
	6336 4032
	6400 4032
	6400 4064
	6336 4064
4
	6592 4032
	7616 4032
	7616 4064
	6592 4064
4
	9696 4032
	9856 4032
	9856 4064
	9696 4064
4
	11168 4032
	12480 4032
	12480 4064
	11168 4064
4
	0 4064
	768 4064
	768 4096
	0 4096
4
	1152 4064
	1248 4064
	1248 4096
	1152 4096
4
	1408 4064
	3040 4064
	3040 4096
	1408 4096
4
	3520 4064
	4192 4064
	4192 4096
	3520 4096
4
	4672 4064
	5440 4064
	5440 4096
	4672 4096
4
	6304 4064
	6400 4064
	6400 4096
	6304 4096
4
	6592 4064
	7616 4064
	7616 4096
	6592 4096
4
	9792 4064
	9856 4064
	9856 4096
	9792 4096
4
	11232 4064
	12480 4064
	12480 4096
	11232 4096
4
	0 4096
	800 4096
	800 4128
	0 4128
4
	1152 4096
	1248 4096
	1248 4128
	1152 4128
4
	1376 4096
	3040 4096
	3040 4128
	1376 4128
4
	3520 4096
	4192 4096
	4192 4128
	3520 4128
4
	4672 4096
	5408 4096
	5408 4128
	4672 4128
4
	6304 4096
	6368 4096
	6368 4128
	6304 4128
4
	6592 4096
	7648 4096
	7648 4128
	6592 4128
4
	9760 4096
	9920 4096
	9920 4128
	9760 4128
4
	11232 4096
	12480 4096
	12480 4128
	11232 4128
4
	0 4128
	3040 4128
	3040 4160
	0 4160
4
	3520 4128
	4192 4128
	4192 4160
	3520 4160
4
	4672 4128
	5376 4128
	5376 4160
	4672 4160
4
	6592 4128
	7648 4128
	7648 4160
	6592 4160
4
	9760 4128
	9920 4128
	9920 4160
	9760 4160
4
	11232 4128
	12480 4128
	12480 4160
	11232 4160
4
	0 4160
	3040 4160
	3040 4192
	0 4192
4
	3520 4160
	4192 4160
	4192 4192
	3520 4192
4
	4672 4160
	5312 4160
	5312 4192
	4672 4192
4
	6592 4160
	7648 4160
	7648 4192
	6592 4192
4
	8352 4160
	8448 4160
	8448 4192
	8352 4192
4
	8992 4160
	9088 4160
	9088 4192
	8992 4192
4
	9760 4160
	9920 4160
	9920 4192
	9760 4192
4
	11232 4160
	12480 4160
	12480 4192
	11232 4192
4
	0 4192
	3040 4192
	3040 4224
	0 4224
4
	3520 4192
	4192 4192
	4192 4224
	3520 4224
4
	4288 4192
	4384 4192
	4384 4224
	4288 4224
4
	4480 4192
	4576 4192
	4576 4224
	4480 4224
4
	4672 4192
	5312 4192
	5312 4224
	4672 4224
4
	6624 4192
	7648 4192
	7648 4224
	6624 4224
4
	8320 4192
	8448 4192
	8448 4224
	8320 4224
4
	8960 4192
	9088 4192
	9088 4224
	8960 4224
4
	11232 4192
	12480 4192
	12480 4224
	11232 4224
4
	0 4224
	3040 4224
	3040 4256
	0 4256
4
	3520 4224
	4384 4224
	4384 4256
	3520 4256
4
	4480 4224
	5312 4224
	5312 4256
	4480 4256
4
	6624 4224
	7648 4224
	7648 4256
	6624 4256
4
	8288 4224
	8448 4224
	8448 4256
	8288 4256
4
	8928 4224
	9088 4224
	9088 4256
	8928 4256
4
	11232 4224
	12480 4224
	12480 4256
	11232 4256
4
	0 4256
	3040 4256
	3040 4288
	0 4288
4
	3520 4256
	4384 4256
	4384 4288
	3520 4288
4
	4480 4256
	5344 4256
	5344 4288
	4480 4288
4
	6624 4256
	7648 4256
	7648 4288
	6624 4288
4
	8288 4256
	8448 4256
	8448 4288
	8288 4288
4
	8928 4256
	9088 4256
	9088 4288
	8928 4288
4
	11232 4256
	12480 4256
	12480 4288
	11232 4288
4
	0 4288
	3040 4288
	3040 4320
	0 4320
4
	3520 4288
	4192 4288
	4192 4320
	3520 4320
4
	4288 4288
	4384 4288
	4384 4320
	4288 4320
4
	4480 4288
	4576 4288
	4576 4320
	4480 4320
4
	4672 4288
	5344 4288
	5344 4320
	4672 4320
4
	6624 4288
	7648 4288
	7648 4320
	6624 4320
4
	8288 4288
	8448 4288
	8448 4320
	8288 4320
4
	8928 4288
	9088 4288
	9088 4320
	8928 4320
4
	9760 4288
	9920 4288
	9920 4320
	9760 4320
4
	11232 4288
	12480 4288
	12480 4320
	11232 4320
4
	0 4320
	3040 4320
	3040 4352
	0 4352
4
	3520 4320
	4192 4320
	4192 4352
	3520 4352
4
	4672 4320
	5344 4320
	5344 4352
	4672 4352
4
	6624 4320
	7648 4320
	7648 4352
	6624 4352
4
	8288 4320
	8448 4320
	8448 4352
	8288 4352
4
	8928 4320
	9088 4320
	9088 4352
	8928 4352
4
	9760 4320
	9920 4320
	9920 4352
	9760 4352
4
	11232 4320
	12480 4320
	12480 4352
	11232 4352
4
	0 4352
	3040 4352
	3040 4384
	0 4384
4
	3520 4352
	4192 4352
	4192 4384
	3520 4384
4
	4672 4352
	5344 4352
	5344 4384
	4672 4384
4
	6592 4352
	7648 4352
	7648 4384
	6592 4384
4
	8288 4352
	8448 4352
	8448 4384
	8288 4384
4
	8928 4352
	9088 4352
	9088 4384
	8928 4384
4
	9760 4352
	9920 4352
	9920 4384
	9760 4384
4
	11232 4352
	12480 4352
	12480 4384
	11232 4384
4
	0 4384
	3040 4384
	3040 4416
	0 4416
4
	3520 4384
	4192 4384
	4192 4416
	3520 4416
4
	4672 4384
	5344 4384
	5344 4416
	4672 4416
4
	6560 4384
	7648 4384
	7648 4416
	6560 4416
4
	8288 4384
	8448 4384
	8448 4416
	8288 4416
4
	8928 4384
	9088 4384
	9088 4416
	8928 4416
4
	9760 4384
	9856 4384
	9856 4416
	9760 4416
4
	11232 4384
	12480 4384
	12480 4416
	11232 4416
4
	0 4416
	2048 4416
	2048 4448
	0 4448
4
	2080 4416
	2272 4416
	2272 4448
	2080 4448
4
	4768 4416
	4832 4416
	4832 4448
	4768 4448
4
	5184 4416
	5344 4416
	5344 4448
	5184 4448
4
	6528 4416
	7648 4416
	7648 4448
	6528 4448
4
	8288 4416
	8448 4416
	8448 4448
	8288 4448
4
	8928 4416
	9088 4416
	9088 4448
	8928 4448
4
	9664 4416
	9856 4416
	9856 4448
	9664 4448
4
	11232 4416
	12480 4416
	12480 4448
	11232 4448
4
	0 4448
	2048 4448
	2048 4480
	0 4480
4
	2080 4448
	2272 4448
	2272 4480
	2080 4480
4
	4768 4448
	4832 4448
	4832 4480
	4768 4480
4
	5184 4448
	5344 4448
	5344 4480
	5184 4480
4
	6496 4448
	7648 4448
	7648 4480
	6496 4480
4
	8288 4448
	8448 4448
	8448 4480
	8288 4480
4
	8928 4448
	9088 4448
	9088 4480
	8928 4480
4
	9664 4448
	9856 4448
	9856 4480
	9664 4480
4
	11232 4448
	12480 4448
	12480 4480
	11232 4480
4
	0 4480
	1920 4480
	1920 4512
	0 4512
4
	4768 4480
	4832 4480
	4832 4512
	4768 4512
4
	6464 4480
	7648 4480
	7648 4512
	6464 4512
4
	8288 4480
	8448 4480
	8448 4512
	8288 4512
4
	8928 4480
	9088 4480
	9088 4512
	8928 4512
4
	9664 4480
	10752 4480
	10752 4512
	9664 4512
4
	11232 4480
	12480 4480
	12480 4512
	11232 4512
4
	0 4512
	1920 4512
	1920 4544
	0 4544
4
	4736 4512
	4896 4512
	4896 4544
	4736 4544
4
	6432 4512
	7648 4512
	7648 4544
	6432 4544
4
	8288 4512
	8448 4512
	8448 4544
	8288 4544
4
	8928 4512
	9088 4512
	9088 4544
	8928 4544
4
	9664 4512
	10752 4512
	10752 4544
	9664 4544
4
	11232 4512
	12480 4512
	12480 4544
	11232 4544
4
	0 4544
	1920 4544
	1920 4576
	0 4576
4
	4736 4544
	4896 4544
	4896 4576
	4736 4576
4
	6240 4544
	7648 4544
	7648 4576
	6240 4576
4
	8288 4544
	8448 4544
	8448 4576
	8288 4576
4
	8928 4544
	9088 4544
	9088 4576
	8928 4576
4
	9664 4544
	10752 4544
	10752 4576
	9664 4576
4
	11232 4544
	12480 4544
	12480 4576
	11232 4576
4
	0 4576
	1920 4576
	1920 4608
	0 4608
4
	4736 4576
	4896 4576
	4896 4608
	4736 4608
4
	6240 4576
	7648 4576
	7648 4608
	6240 4608
4
	8288 4576
	8448 4576
	8448 4608
	8288 4608
4
	8928 4576
	9088 4576
	9088 4608
	8928 4608
4
	9664 4576
	10752 4576
	10752 4608
	9664 4608
4
	11232 4576
	12480 4576
	12480 4608
	11232 4608
4
	0 4608
	1920 4608
	1920 4640
	0 4640
4
	6240 4608
	7648 4608
	7648 4640
	6240 4640
4
	8288 4608
	8448 4608
	8448 4640
	8288 4640
4
	8928 4608
	9088 4608
	9088 4640
	8928 4640
4
	9664 4608
	10752 4608
	10752 4640
	9664 4640
4
	11232 4608
	12480 4608
	12480 4640
	11232 4640
4
	0 4640
	1920 4640
	1920 4672
	0 4672
4
	6240 4640
	7648 4640
	7648 4672
	6240 4672
4
	8288 4640
	8448 4640
	8448 4672
	8288 4672
4
	8928 4640
	9088 4640
	9088 4672
	8928 4672
4
	9728 4640
	10752 4640
	10752 4672
	9728 4672
4
	11232 4640
	12480 4640
	12480 4672
	11232 4672
4
	0 4672
	1920 4672
	1920 4704
	0 4704
4
	6240 4672
	7648 4672
	7648 4704
	6240 4704
4
	8288 4672
	8448 4672
	8448 4704
	8288 4704
4
	8928 4672
	9088 4672
	9088 4704
	8928 4704
4
	9728 4672
	10752 4672
	10752 4704
	9728 4704
4
	11232 4672
	12480 4672
	12480 4704
	11232 4704
4
	0 4704
	1920 4704
	1920 4736
	0 4736
4
	4736 4704
	4896 4704
	4896 4736
	4736 4736
4
	6208 4704
	7680 4704
	7680 4736
	6208 4736
4
	8288 4704
	8448 4704
	8448 4736
	8288 4736
4
	8928 4704
	9088 4704
	9088 4736
	8928 4736
4
	9696 4704
	10816 4704
	10816 4736
	9696 4736
4
	11168 4704
	12480 4704
	12480 4736
	11168 4736
4
	0 4736
	1920 4736
	1920 4768
	0 4768
4
	4736 4736
	4896 4736
	4896 4768
	4736 4768
4
	6208 4736
	7712 4736
	7712 4768
	6208 4768
4
	8288 4736
	8448 4736
	8448 4768
	8288 4768
4
	8928 4736
	9088 4736
	9088 4768
	8928 4768
4
	9664 4736
	10816 4736
	10816 4768
	9664 4768
4
	11168 4736
	12480 4736
	12480 4768
	11168 4768
4
	0 4768
	1920 4768
	1920 4800
	0 4800
4
	4736 4768
	4896 4768
	4896 4800
	4736 4800
4
	6208 4768
	7744 4768
	7744 4800
	6208 4800
4
	7936 4768
	8064 4768
	8064 4800
	7936 4800
4
	8288 4768
	8416 4768
	8416 4800
	8288 4800
4
	8928 4768
	9056 4768
	9056 4800
	8928 4800
4
	9632 4768
	10816 4768
	10816 4800
	9632 4800
4
	11168 4768
	12480 4768
	12480 4800
	11168 4800
4
	0 4800
	1920 4800
	1920 4832
	0 4832
4
	4768 4800
	4832 4800
	4832 4832
	4768 4832
4
	5216 4800
	5280 4800
	5280 4832
	5216 4832
4
	6208 4800
	7776 4800
	7776 4832
	6208 4832
4
	7904 4800
	8064 4800
	8064 4832
	7904 4832
4
	8288 4800
	8384 4800
	8384 4832
	8288 4832
4
	8928 4800
	9024 4800
	9024 4832
	8928 4832
4
	9312 4800
	9440 4800
	9440 4832
	9312 4832
4
	9600 4800
	10816 4800
	10816 4832
	9600 4832
4
	11168 4800
	12480 4800
	12480 4832
	11168 4832
4
	0 4832
	2048 4832
	2048 4864
	0 4864
4
	2080 4832
	2240 4832
	2240 4864
	2080 4864
4
	3136 4832
	3424 4832
	3424 4864
	3136 4864
4
	4768 4832
	4832 4832
	4832 4864
	4768 4864
4
	5184 4832
	5344 4832
	5344 4864
	5184 4864
4
	6208 4832
	7808 4832
	7808 4864
	6208 4864
4
	7904 4832
	8064 4832
	8064 4864
	7904 4864
4
	9280 4832
	9440 4832
	9440 4864
	9280 4864
4
	9568 4832
	10848 4832
	10848 4864
	9568 4864
4
	11136 4832
	12480 4832
	12480 4864
	11136 4864
4
	0 4864
	2048 4864
	2048 4896
	0 4896
4
	2080 4864
	2240 4864
	2240 4896
	2080 4896
4
	3136 4864
	3424 4864
	3424 4896
	3136 4896
4
	4768 4864
	4832 4864
	4832 4896
	4768 4896
4
	5184 4864
	5344 4864
	5344 4896
	5184 4896
4
	6240 4864
	7840 4864
	7840 4896
	6240 4896
4
	7904 4864
	8064 4864
	8064 4896
	7904 4896
4
	9280 4864
	9472 4864
	9472 4896
	9280 4896
4
	9536 4864
	10880 4864
	10880 4896
	9536 4896
4
	10912 4864
	12480 4864
	12480 4896
	10912 4896
4
	0 4896
	2272 4896
	2272 4928
	0 4928
4
	2752 4896
	5344 4896
	5344 4928
	2752 4928
4
	6176 4896
	8064 4896
	8064 4928
	6176 4928
4
	9280 4896
	12480 4896
	12480 4928
	9280 4928
4
	0 4928
	2272 4928
	2272 4960
	0 4960
4
	2752 4928
	5344 4928
	5344 4960
	2752 4960
4
	6176 4928
	8032 4928
	8032 4960
	6176 4960
4
	9312 4928
	12480 4928
	12480 4960
	9312 4960
4
	0 4960
	2272 4960
	2272 4992
	0 4992
4
	2368 4960
	2464 4960
	2464 4992
	2368 4992
4
	2560 4960
	2656 4960
	2656 4992
	2560 4992
4
	2752 4960
	5344 4960
	5344 4992
	2752 4992
4
	6176 4960
	8032 4960
	8032 4992
	6176 4992
4
	9344 4960
	12480 4960
	12480 4992
	9344 4992
4
	0 4992
	2464 4992
	2464 5024
	0 5024
4
	2560 4992
	5344 4992
	5344 5024
	2560 5024
4
	6176 4992
	8032 4992
	8032 5024
	6176 5024
4
	9344 4992
	12480 4992
	12480 5024
	9344 5024
4
	0 5024
	2464 5024
	2464 5056
	0 5056
4
	2560 5024
	5344 5024
	5344 5056
	2560 5056
4
	6208 5024
	8032 5024
	8032 5056
	6208 5056
4
	9344 5024
	12480 5024
	12480 5056
	9344 5056
4
	0 5056
	2272 5056
	2272 5088
	0 5088
4
	2368 5056
	2464 5056
	2464 5088
	2368 5088
4
	2560 5056
	2656 5056
	2656 5088
	2560 5088
4
	2752 5056
	5312 5056
	5312 5088
	2752 5088
4
	6208 5056
	8032 5056
	8032 5088
	6208 5088
4
	9344 5056
	12480 5056
	12480 5088
	9344 5088
4
	0 5088
	2272 5088
	2272 5120
	0 5120
4
	2752 5088
	5312 5088
	5312 5120
	2752 5120
4
	6208 5088
	8032 5088
	8032 5120
	6208 5120
4
	9344 5088
	12480 5088
	12480 5120
	9344 5120
4
	0 5120
	2272 5120
	2272 5152
	0 5152
4
	2752 5120
	5344 5120
	5344 5152
	2752 5152
4
	6208 5120
	8032 5120
	8032 5152
	6208 5152
4
	9344 5120
	12480 5120
	12480 5152
	9344 5152
4
	0 5152
	2272 5152
	2272 5184
	0 5184
4
	2752 5152
	5376 5152
	5376 5184
	2752 5184
4
	6208 5152
	8032 5152
	8032 5184
	6208 5184
4
	8384 5152
	8544 5152
	8544 5184
	8384 5184
4
	8832 5152
	8992 5152
	8992 5184
	8832 5184
4
	9056 5152
	9312 5152
	9312 5184
	9056 5184
4
	9344 5152
	12480 5152
	12480 5184
	9344 5184
4
	0 5184
	2272 5184
	2272 5216
	0 5216
4
	2752 5184
	5408 5184
	5408 5216
	2752 5216
4
	6240 5184
	8032 5184
	8032 5216
	6240 5216
4
	8064 5184
	8320 5184
	8320 5216
	8064 5216
4
	8384 5184
	8544 5184
	8544 5216
	8384 5216
4
	8832 5184
	8992 5184
	8992 5216
	8832 5216
4
	9056 5184
	9312 5184
	9312 5216
	9056 5216
4
	9344 5184
	12480 5184
	12480 5216
	9344 5216
4
	0 5216
	2272 5216
	2272 5248
	0 5248
4
	2752 5216
	5440 5216
	5440 5248
	2752 5248
4
	6240 5216
	8032 5216
	8032 5248
	6240 5248
4
	8319 5247
	8321 5247
	8321 5249
	8319 5249
4
	8064 5216
	8320 5216
	8320 5248
	8064 5248
4
	8384 5216
	8544 5216
	8544 5248
	8384 5248
4
	8832 5216
	8992 5216
	8992 5248
	8832 5248
4
	9055 5247
	9057 5247
	9057 5249
	9055 5249
4
	9056 5216
	9312 5216
	9312 5248
	9056 5248
4
	9344 5216
	12480 5216
	12480 5248
	9344 5248
4
	0 5248
	2272 5248
	2272 5280
	0 5280
4
	2752 5248
	5472 5248
	5472 5280
	2752 5280
4
	6240 5248
	8032 5248
	8032 5280
	6240 5280
4
	8096 5248
	8160 5248
	8160 5280
	8096 5280
4
	8192 5248
	8256 5248
	8256 5280
	8192 5280
4
	8320 5248
	8544 5248
	8544 5280
	8320 5280
4
	8832 5248
	9056 5248
	9056 5280
	8832 5280
4
	9120 5248
	9184 5248
	9184 5280
	9120 5280
4
	9216 5248
	9280 5248
	9280 5280
	9216 5280
4
	9344 5248
	12480 5248
	12480 5280
	9344 5280
4
	0 5280
	2272 5280
	2272 5312
	0 5312
4
	2752 5280
	5504 5280
	5504 5312
	2752 5312
4
	6240 5280
	8032 5280
	8032 5312
	6240 5312
4
	8096 5280
	8160 5280
	8160 5312
	8096 5312
4
	8320 5280
	8544 5280
	8544 5312
	8320 5312
4
	8832 5280
	9056 5280
	9056 5312
	8832 5312
4
	9120 5280
	9184 5280
	9184 5312
	9120 5312
4
	9216 5280
	9280 5280
	9280 5312
	9216 5312
4
	9344 5280
	12480 5280
	12480 5312
	9344 5312
4
	0 5312
	2272 5312
	2272 5344
	0 5344
4
	2752 5312
	5696 5312
	5696 5344
	2752 5344
4
	6240 5312
	8032 5312
	8032 5344
	6240 5344
4
	8320 5312
	8544 5312
	8544 5344
	8320 5344
4
	8608 5312
	8672 5312
	8672 5344
	8608 5344
4
	8704 5312
	8768 5312
	8768 5344
	8704 5344
4
	8832 5312
	9056 5312
	9056 5344
	8832 5344
4
	9344 5312
	12480 5312
	12480 5344
	9344 5344
4
	0 5344
	2272 5344
	2272 5376
	0 5376
4
	2752 5344
	5696 5344
	5696 5376
	2752 5376
4
	5792 5344
	5920 5344
	5920 5376
	5792 5376
4
	6016 5344
	6144 5344
	6144 5376
	6016 5376
4
	6240 5344
	8032 5344
	8032 5376
	6240 5376
4
	8320 5344
	8544 5344
	8544 5376
	8320 5376
4
	8735 5375
	8737 5375
	8737 5377
	8735 5377
4
	8608 5344
	8736 5344
	8736 5376
	8608 5376
4
	8832 5344
	9056 5344
	9056 5376
	8832 5376
4
	9344 5344
	12480 5344
	12480 5376
	9344 5376
4
	0 5376
	2272 5376
	2272 5408
	0 5408
4
	2752 5376
	5920 5376
	5920 5408
	2752 5408
4
	6016 5376
	8032 5376
	8032 5408
	6016 5408
4
	8320 5376
	8544 5376
	8544 5408
	8320 5408
4
	8608 5376
	8640 5376
	8640 5408
	8608 5408
4
	8736 5376
	8768 5376
	8768 5408
	8736 5408
4
	8832 5376
	9024 5376
	9024 5408
	8832 5408
4
	9344 5376
	12480 5376
	12480 5408
	9344 5408
4
	0 5408
	2272 5408
	2272 5440
	0 5440
4
	2752 5408
	5920 5408
	5920 5440
	2752 5440
4
	6016 5408
	8032 5408
	8032 5440
	6016 5440
4
	8352 5408
	8448 5408
	8448 5440
	8352 5440
4
	8928 5408
	9024 5408
	9024 5440
	8928 5440
4
	9344 5408
	12480 5408
	12480 5440
	9344 5440
4
	0 5440
	2272 5440
	2272 5472
	0 5472
4
	2752 5440
	5920 5440
	5920 5472
	2752 5472
4
	6016 5440
	8032 5440
	8032 5472
	6016 5472
4
	8352 5440
	8448 5440
	8448 5472
	8352 5472
4
	8928 5440
	9024 5440
	9024 5472
	8928 5472
4
	9344 5440
	12480 5440
	12480 5472
	9344 5472
4
	0 5472
	2272 5472
	2272 5504
	0 5504
4
	2752 5472
	5696 5472
	5696 5504
	2752 5504
4
	6240 5472
	8064 5472
	8064 5504
	6240 5504
4
	8352 5472
	8448 5472
	8448 5504
	8352 5504
4
	8544 5472
	8864 5472
	8864 5504
	8544 5504
4
	8928 5472
	9024 5472
	9024 5504
	8928 5504
4
	9312 5472
	12480 5472
	12480 5504
	9312 5504
4
	0 5504
	2272 5504
	2272 5536
	0 5536
4
	2752 5504
	5696 5504
	5696 5536
	2752 5536
4
	6240 5504
	8096 5504
	8096 5536
	6240 5536
4
	8352 5504
	8448 5504
	8448 5536
	8352 5536
4
	8544 5504
	8864 5504
	8864 5536
	8544 5536
4
	8928 5504
	9024 5504
	9024 5536
	8928 5536
4
	9280 5504
	12480 5504
	12480 5536
	9280 5536
4
	0 5536
	2272 5536
	2272 5568
	0 5568
4
	2752 5536
	5696 5536
	5696 5568
	2752 5568
4
	6240 5536
	8128 5536
	8128 5568
	6240 5568
4
	8352 5536
	8448 5536
	8448 5568
	8352 5568
4
	8544 5536
	8864 5536
	8864 5568
	8544 5568
4
	8928 5536
	9024 5536
	9024 5568
	8928 5568
4
	9248 5536
	12480 5536
	12480 5568
	9248 5568
4
	0 5568
	2272 5568
	2272 5600
	0 5600
4
	2752 5568
	5696 5568
	5696 5600
	2752 5600
4
	6240 5568
	8160 5568
	8160 5600
	6240 5600
4
	8352 5568
	8448 5568
	8448 5600
	8352 5600
4
	8544 5568
	8864 5568
	8864 5600
	8544 5600
4
	8928 5568
	9024 5568
	9024 5600
	8928 5600
4
	9216 5568
	12480 5568
	12480 5600
	9216 5600
4
	0 5600
	2304 5600
	2304 5632
	0 5632
4
	2720 5600
	5696 5600
	5696 5632
	2720 5632
4
	6240 5600
	8192 5600
	8192 5632
	6240 5632
4
	8352 5600
	9024 5600
	9024 5632
	8352 5632
4
	9184 5600
	12480 5600
	12480 5632
	9184 5632
4
	0 5632
	2304 5632
	2304 5664
	0 5664
4
	2720 5632
	5696 5632
	5696 5664
	2720 5664
4
	6240 5632
	8224 5632
	8224 5664
	6240 5664
4
	8352 5632
	9024 5632
	9024 5664
	8352 5664
4
	9152 5632
	12480 5632
	12480 5664
	9152 5664
4
	0 5664
	2272 5664
	2272 5696
	0 5696
4
	2752 5664
	5696 5664
	5696 5696
	2752 5696
4
	6240 5664
	12480 5664
	12480 5696
	6240 5696
4
	0 5696
	2240 5696
	2240 5728
	0 5728
4
	2400 5696
	2432 5696
	2432 5728
	2400 5728
4
	2784 5696
	5696 5696
	5696 5728
	2784 5728
4
	6144 5696
	12480 5696
	12480 5728
	6144 5728
4
	0 5728
	2208 5728
	2208 5760
	0 5760
4
	2368 5728
	2464 5728
	2464 5760
	2368 5760
4
	2560 5728
	2656 5728
	2656 5760
	2560 5760
4
	2816 5728
	5920 5728
	5920 5760
	2816 5760
4
	6016 5728
	12480 5728
	12480 5760
	6016 5760
4
	0 5760
	2176 5760
	2176 5792
	0 5792
4
	2368 5760
	2464 5760
	2464 5792
	2368 5792
4
	2560 5760
	2656 5760
	2656 5792
	2560 5792
4
	2848 5760
	5920 5760
	5920 5792
	2848 5792
4
	6016 5760
	12480 5760
	12480 5792
	6016 5792
4
	0 5792
	2144 5792
	2144 5824
	0 5824
4
	2368 5792
	2432 5792
	2432 5824
	2368 5824
4
	2592 5792
	2656 5792
	2656 5824
	2592 5824
4
	2880 5792
	5920 5792
	5920 5824
	2880 5824
4
	6016 5792
	12480 5792
	12480 5824
	6016 5824
4
	0 5824
	2080 5824
	2080 5856
	0 5856
4
	2368 5824
	2432 5824
	2432 5856
	2368 5856
4
	2592 5824
	2656 5824
	2656 5856
	2592 5856
4
	2944 5824
	5728 5824
	5728 5856
	2944 5856
4
	5824 5824
	5920 5824
	5920 5856
	5824 5856
4
	6016 5824
	6112 5824
	6112 5856
	6016 5856
4
	6208 5824
	12480 5824
	12480 5856
	6208 5856
4
	0 5856
	2048 5856
	2048 5888
	0 5888
4
	2336 5856
	2432 5856
	2432 5888
	2336 5888
4
	2592 5856
	2688 5856
	2688 5888
	2592 5888
4
	2976 5856
	5728 5856
	5728 5888
	2976 5888
4
	6208 5856
	12480 5856
	12480 5888
	6208 5888
4
	0 5888
	2016 5888
	2016 5920
	0 5920
4
	2336 5888
	2432 5888
	2432 5920
	2336 5920
4
	2624 5888
	2688 5888
	2688 5920
	2624 5920
4
	3008 5888
	5728 5888
	5728 5920
	3008 5920
4
	6208 5888
	12480 5888
	12480 5920
	6208 5920
4
	0 5920
	1984 5920
	1984 5952
	0 5952
4
	2368 5920
	2400 5920
	2400 5952
	2368 5952
4
	2624 5920
	2688 5920
	2688 5952
	2624 5952
4
	3040 5920
	5728 5920
	5728 5952
	3040 5952
4
	6208 5920
	12480 5920
	12480 5952
	6208 5952
4
	0 5952
	2112 5952
	2112 5984
	0 5984
4
	3072 5952
	5728 5952
	5728 5984
	3072 5984
4
	6208 5952
	12480 5952
	12480 5984
	6208 5984
4
	0 5984
	1920 5984
	1920 6016
	0 6016
4
	1952 5984
	2112 5984
	2112 6016
	1952 6016
4
	2848 5984
	3008 5984
	3008 6016
	2848 6016
4
	3104 5984
	5728 5984
	5728 6016
	3104 6016
4
	6208 5984
	12480 5984
	12480 6016
	6208 6016
4
	0 6016
	1920 6016
	1920 6048
	0 6048
4
	2848 6016
	3008 6016
	3008 6048
	2848 6048
4
	3072 6016
	5728 6016
	5728 6048
	3072 6048
4
	6208 6016
	12480 6016
	12480 6048
	6208 6048
4
	0 6048
	1920 6048
	1920 6080
	0 6080
4
	3072 6048
	5728 6048
	5728 6080
	3072 6080
4
	6208 6048
	12480 6048
	12480 6080
	6208 6080
4
	0 6080
	1920 6080
	1920 6112
	0 6112
4
	3072 6080
	5728 6080
	5728 6112
	3072 6112
4
	6208 6080
	12480 6080
	12480 6112
	6208 6112
4
	0 6112
	1920 6112
	1920 6144
	0 6144
4
	3072 6112
	5728 6112
	5728 6144
	3072 6144
4
	6208 6112
	12480 6112
	12480 6144
	6208 6144
4
	0 6144
	1920 6144
	1920 6176
	0 6176
4
	3104 6144
	5728 6144
	5728 6176
	3104 6176
4
	6208 6144
	12480 6144
	12480 6176
	6208 6176
4
	0 6176
	1920 6176
	1920 6208
	0 6208
4
	2208 6176
	2304 6176
	2304 6208
	2208 6208
4
	3136 6176
	5792 6176
	5792 6208
	3136 6208
4
	6144 6176
	12480 6176
	12480 6208
	6144 6208
4
	0 6208
	1920 6208
	1920 6240
	0 6240
4
	2208 6208
	2304 6208
	2304 6240
	2208 6240
4
	3136 6208
	5792 6208
	5792 6240
	3136 6240
4
	6112 6208
	12480 6208
	12480 6240
	6112 6240
4
	0 6240
	1920 6240
	1920 6272
	0 6272
4
	2208 6240
	2304 6240
	2304 6272
	2208 6272
4
	3136 6240
	5792 6240
	5792 6272
	3136 6272
4
	6112 6240
	12480 6240
	12480 6272
	6112 6272
4
	0 6272
	1920 6272
	1920 6304
	0 6304
4
	2144 6272
	2304 6272
	2304 6304
	2144 6304
4
	3136 6272
	5792 6272
	5792 6304
	3136 6304
4
	6144 6272
	12480 6272
	12480 6304
	6144 6304
4
	0 6304
	1920 6304
	1920 6336
	0 6336
4
	2144 6304
	2304 6304
	2304 6336
	2144 6336
4
	3136 6304
	5472 6304
	5472 6336
	3136 6336
4
	5568 6304
	5792 6304
	5792 6336
	5568 6336
4
	6144 6304
	6368 6304
	6368 6336
	6144 6336
4
	6464 6304
	12480 6304
	12480 6336
	6464 6336
4
	0 6336
	1920 6336
	1920 6368
	0 6368
4
	2208 6336
	2304 6336
	2304 6368
	2208 6368
4
	3136 6336
	5440 6336
	5440 6368
	3136 6368
4
	6496 6336
	12480 6336
	12480 6368
	6496 6368
4
	0 6368
	1920 6368
	1920 6400
	0 6400
4
	2208 6368
	2304 6368
	2304 6400
	2208 6400
4
	3136 6368
	5408 6368
	5408 6400
	3136 6400
4
	6528 6368
	12480 6368
	12480 6400
	6528 6400
4
	0 6400
	1920 6400
	1920 6432
	0 6432
4
	2208 6400
	2304 6400
	2304 6432
	2208 6432
4
	3136 6400
	5376 6400
	5376 6432
	3136 6432
4
	6560 6400
	12480 6400
	12480 6432
	6560 6432
4
	0 6432
	1920 6432
	1920 6464
	0 6464
4
	3104 6432
	5408 6432
	5408 6464
	3104 6464
4
	6528 6432
	12480 6432
	12480 6464
	6528 6464
4
	0 6464
	1920 6464
	1920 6496
	0 6496
4
	3072 6464
	5408 6464
	5408 6496
	3072 6496
4
	6528 6464
	12480 6464
	12480 6496
	6528 6496
4
	0 6496
	1920 6496
	1920 6528
	0 6528
4
	3072 6496
	5408 6496
	5408 6528
	3072 6528
4
	6528 6496
	12480 6496
	12480 6528
	6528 6528
4
	0 6528
	1920 6528
	1920 6560
	0 6560
4
	2848 6528
	3040 6528
	3040 6560
	2848 6560
4
	3072 6528
	5408 6528
	5408 6560
	3072 6560
4
	6528 6528
	12480 6528
	12480 6560
	6528 6560
4
	0 6560
	1920 6560
	1920 6592
	0 6592
4
	2848 6560
	3040 6560
	3040 6592
	2848 6592
4
	3072 6560
	5408 6560
	5408 6592
	3072 6592
4
	6528 6560
	12480 6560
	12480 6592
	6528 6592
4
	0 6592
	1920 6592
	1920 6624
	0 6624
4
	3104 6592
	5344 6592
	5344 6624
	3104 6624
4
	6624 6592
	12480 6592
	12480 6624
	6624 6624
4
	0 6624
	2112 6624
	2112 6656
	0 6656
4
	3072 6624
	5344 6624
	5344 6656
	3072 6656
4
	6624 6624
	12480 6624
	12480 6656
	6624 6656
4
	0 6656
	2112 6656
	2112 6688
	0 6688
4
	3040 6656
	5312 6656
	5312 6688
	3040 6688
4
	6624 6656
	12480 6656
	12480 6688
	6624 6688
4
	0 6688
	2016 6688
	2016 6720
	0 6720
4
	3008 6688
	5312 6688
	5312 6720
	3008 6720
4
	6624 6688
	12480 6688
	12480 6720
	6624 6720
4
	0 6720
	2048 6720
	2048 6752
	0 6752
4
	2976 6720
	5312 6720
	5312 6752
	2976 6752
4
	6656 6720
	12480 6720
	12480 6752
	6656 6752
4
	0 6752
	2080 6752
	2080 6784
	0 6784
4
	2944 6752
	5312 6752
	5312 6784
	2944 6784
4
	6048 6752
	6272 6752
	6272 6784
	6048 6784
4
	6656 6752
	12480 6752
	12480 6784
	6656 6784
4
	0 6784
	2112 6784
	2112 6816
	0 6816
4
	2912 6784
	5312 6784
	5312 6816
	2912 6816
4
	6048 6784
	6272 6784
	6272 6816
	6048 6816
4
	6656 6784
	12480 6784
	12480 6816
	6656 6816
4
	0 6816
	2144 6816
	2144 6848
	0 6848
4
	2880 6816
	5312 6816
	5312 6848
	2880 6848
4
	6048 6816
	6336 6816
	6336 6848
	6048 6848
4
	6624 6816
	12480 6816
	12480 6848
	6624 6848
4
	0 6848
	2144 6848
	2144 6880
	0 6880
4
	2880 6848
	5312 6848
	5312 6880
	2880 6880
4
	6048 6848
	6336 6848
	6336 6880
	6048 6880
4
	6624 6848
	12480 6848
	12480 6880
	6624 6880
4
	0 6880
	2208 6880
	2208 6912
	0 6912
4
	2848 6880
	5312 6880
	5312 6912
	2848 6912
4
	6048 6880
	6336 6880
	6336 6912
	6048 6912
4
	6624 6880
	12480 6880
	12480 6912
	6624 6912
4
	0 6912
	2208 6912
	2208 6944
	0 6944
4
	2848 6912
	5312 6912
	5312 6944
	2848 6944
4
	6112 6912
	6336 6912
	6336 6944
	6112 6944
4
	6624 6912
	12480 6912
	12480 6944
	6624 6944
4
	0 6944
	2208 6944
	2208 6976
	0 6976
4
	2848 6944
	5408 6944
	5408 6976
	2848 6976
4
	6208 6944
	6272 6944
	6272 6976
	6208 6976
4
	6560 6944
	12480 6944
	12480 6976
	6560 6976
4
	0 6976
	2016 6976
	2016 7008
	0 7008
4
	2048 6976
	2208 6976
	2208 7008
	2048 7008
4
	2848 6976
	2976 6976
	2976 7008
	2848 7008
4
	3008 6976
	5408 6976
	5408 7008
	3008 7008
4
	6208 6976
	6272 6976
	6272 7008
	6208 7008
4
	6560 6976
	12480 6976
	12480 7008
	6560 7008
4
	0 7008
	1984 7008
	1984 7040
	0 7040
4
	3040 7008
	5408 7008
	5408 7040
	3040 7040
4
	6560 7008
	12480 7008
	12480 7040
	6560 7040
4
	0 7040
	1984 7040
	1984 7072
	0 7072
4
	2080 7040
	2176 7040
	2176 7072
	2080 7072
4
	2848 7040
	2944 7040
	2944 7072
	2848 7072
4
	3040 7040
	5408 7040
	5408 7072
	3040 7072
4
	6560 7040
	12480 7040
	12480 7072
	6560 7072
4
	0 7072
	1984 7072
	1984 7104
	0 7104
4
	2048 7072
	2208 7072
	2208 7104
	2048 7104
4
	2816 7072
	2976 7072
	2976 7104
	2816 7104
4
	3040 7072
	5408 7072
	5408 7104
	3040 7104
4
	6560 7072
	12480 7072
	12480 7104
	6560 7104
4
	0 7104
	2272 7104
	2272 7136
	0 7136
4
	2752 7104
	5312 7104
	5312 7136
	2752 7136
4
	6528 7104
	12480 7104
	12480 7136
	6528 7136
4
	0 7136
	2272 7136
	2272 7168
	0 7168
4
	2752 7136
	5312 7136
	5312 7168
	2752 7168
4
	6496 7136
	12480 7136
	12480 7168
	6496 7168
4
	0 7168
	2208 7168
	2208 7200
	0 7200
4
	2816 7168
	5312 7168
	5312 7200
	2816 7200
4
	6176 7168
	6336 7168
	6336 7200
	6176 7200
4
	6464 7168
	12480 7168
	12480 7200
	6464 7200
4
	0 7200
	2176 7200
	2176 7232
	0 7232
4
	2848 7200
	5312 7200
	5312 7232
	2848 7232
4
	5984 7200
	12480 7200
	12480 7232
	5984 7232
4
	0 7232
	2112 7232
	2112 7264
	0 7264
4
	2912 7232
	5312 7232
	5312 7264
	2912 7264
4
	5856 7232
	12480 7232
	12480 7264
	5856 7264
4
	0 7264
	2112 7264
	2112 7296
	0 7296
4
	2912 7264
	5440 7264
	5440 7296
	2912 7296
4
	5664 7264
	5824 7264
	5824 7296
	5664 7296
4
	5856 7264
	12480 7264
	12480 7296
	5856 7296
4
	0 7296
	2112 7296
	2112 7328
	0 7328
4
	2912 7296
	5440 7296
	5440 7328
	2912 7328
4
	5664 7296
	5824 7296
	5824 7328
	5664 7328
4
	5856 7296
	12480 7296
	12480 7328
	5856 7328
4
	0 7328
	2112 7328
	2112 7360
	0 7360
4
	2912 7328
	5504 7328
	5504 7360
	2912 7360
4
	5600 7328
	5824 7328
	5824 7360
	5600 7360
4
	5856 7328
	12480 7328
	12480 7360
	5856 7360
4
	0 7360
	2144 7360
	2144 7392
	0 7392
4
	2880 7360
	5504 7360
	5504 7392
	2880 7392
4
	5600 7360
	12480 7360
	12480 7392
	5600 7392
4
	0 7392
	2176 7392
	2176 7424
	0 7424
4
	2848 7392
	5504 7392
	5504 7424
	2848 7424
4
	5600 7392
	12480 7392
	12480 7424
	5600 7424
4
	0 7424
	2208 7424
	2208 7456
	0 7456
4
	2816 7424
	5504 7424
	5504 7456
	2816 7456
4
	5600 7424
	12480 7424
	12480 7456
	5600 7456
4
	0 7456
	2240 7456
	2240 7488
	0 7488
4
	2432 7456
	2592 7456
	2592 7488
	2432 7488
4
	2784 7456
	5088 7456
	5088 7488
	2784 7488
4
	6080 7456
	12480 7456
	12480 7488
	6080 7488
4
	0 7488
	2272 7488
	2272 7520
	0 7520
4
	2400 7488
	2624 7488
	2624 7520
	2400 7520
4
	2752 7488
	5056 7488
	5056 7520
	2752 7520
4
	6112 7488
	12480 7488
	12480 7520
	6112 7520
4
	0 7520
	2304 7520
	2304 7552
	0 7552
4
	2400 7520
	2624 7520
	2624 7552
	2400 7552
4
	2720 7520
	5024 7520
	5024 7552
	2720 7552
4
	6144 7520
	12480 7520
	12480 7552
	6144 7552
4
	0 7552
	2336 7552
	2336 7584
	0 7584
4
	2400 7552
	2624 7552
	2624 7584
	2400 7584
4
	2688 7552
	4992 7552
	4992 7584
	2688 7584
4
	6176 7552
	12480 7552
	12480 7584
	6176 7584
4
	0 7584
	2368 7584
	2368 7616
	0 7616
4
	2400 7584
	2624 7584
	2624 7616
	2400 7616
4
	2656 7584
	4960 7584
	4960 7616
	2656 7616
4
	6208 7584
	12480 7584
	12480 7616
	6208 7616
4
	0 7616
	4928 7616
	4928 7648
	0 7648
4
	6240 7616
	12480 7616
	12480 7648
	6240 7648
4
	0 7648
	4928 7648
	4928 7680
	0 7680
4
	6240 7648
	12480 7648
	12480 7680
	6240 7680
4
	0 7680
	4928 7680
	4928 7712
	0 7712
4
	6240 7680
	12480 7680
	12480 7712
	6240 7712
4
	0 7712
	4928 7712
	4928 7744
	0 7744
4
	6240 7712
	12480 7712
	12480 7744
	6240 7744
4
	0 7744
	4928 7744
	4928 7776
	0 7776
4
	6240 7744
	12480 7744
	12480 7776
	6240 7776
4
	0 7776
	4928 7776
	4928 7808
	0 7808
4
	5248 7776
	5408 7776
	5408 7808
	5248 7808
4
	5792 7776
	5952 7776
	5952 7808
	5792 7808
4
	6144 7776
	6176 7776
	6176 7808
	6144 7808
4
	6240 7776
	12480 7776
	12480 7808
	6240 7808
4
	0 7808
	4928 7808
	4928 7840
	0 7840
4
	5248 7808
	5408 7808
	5408 7840
	5248 7840
4
	5792 7808
	5952 7808
	5952 7840
	5792 7840
4
	6144 7808
	6208 7808
	6208 7840
	6144 7840
4
	6240 7808
	12480 7808
	12480 7840
	6240 7840
4
	0 7840
	4928 7840
	4928 7872
	0 7872
4
	5248 7840
	5408 7840
	5408 7872
	5248 7872
4
	5792 7840
	5952 7840
	5952 7872
	5792 7872
4
	6240 7840
	12480 7840
	12480 7872
	6240 7872
4
	0 7872
	4928 7872
	4928 7904
	0 7904
4
	5248 7872
	5408 7872
	5408 7904
	5248 7904
4
	5792 7872
	5952 7872
	5952 7904
	5792 7904
4
	6240 7872
	12480 7872
	12480 7904
	6240 7904
4
	0 7904
	4928 7904
	4928 7936
	0 7936
4
	5248 7904
	5408 7904
	5408 7936
	5248 7936
4
	5792 7904
	5952 7904
	5952 7936
	5792 7936
4
	6144 7904
	6208 7904
	6208 7936
	6144 7936
4
	6240 7904
	12480 7904
	12480 7936
	6240 7936
4
	0 7936
	4928 7936
	4928 7968
	0 7968
4
	5280 7936
	5376 7936
	5376 7968
	5280 7968
4
	5824 7936
	5920 7936
	5920 7968
	5824 7968
4
	6144 7936
	12480 7936
	12480 7968
	6144 7968
4
	0 7968
	4992 7968
	4992 8000
	0 8000
4
	5280 7968
	5376 7968
	5376 8000
	5280 8000
4
	5824 7968
	5920 7968
	5920 8000
	5824 8000
4
	6144 7968
	12480 7968
	12480 8000
	6144 8000
4
	0 8000
	5024 8000
	5024 8032
	0 8032
4
	5184 8000
	5376 8000
	5376 8032
	5184 8032
4
	5824 8000
	5920 8000
	5920 8032
	5824 8032
4
	6112 8000
	12480 8000
	12480 8032
	6112 8032
4
	0 8032
	5056 8032
	5056 8064
	0 8064
4
	5184 8032
	5376 8032
	5376 8064
	5184 8064
4
	5824 8032
	5920 8032
	5920 8064
	5824 8064
4
	6080 8032
	12480 8032
	12480 8064
	6080 8064
4
	0 8064
	5088 8064
	5088 8096
	0 8096
4
	5184 8064
	5376 8064
	5376 8096
	5184 8096
4
	5824 8064
	5920 8064
	5920 8096
	5824 8096
4
	6080 8064
	12480 8064
	12480 8096
	6080 8096
4
	0 8096
	5120 8096
	5120 8128
	0 8128
4
	5184 8096
	5376 8096
	5376 8128
	5184 8128
4
	5824 8096
	5920 8096
	5920 8128
	5824 8128
4
	6048 8096
	12480 8096
	12480 8128
	6048 8128
4
	0 8128
	5120 8128
	5120 8160
	0 8160
4
	5184 8128
	5376 8128
	5376 8160
	5184 8160
4
	5824 8128
	5920 8128
	5920 8160
	5824 8160
4
	5984 8128
	12480 8128
	12480 8160
	5984 8160
4
	0 8160
	5152 8160
	5152 8192
	0 8192
4
	5184 8160
	5376 8160
	5376 8192
	5184 8192
4
	5472 8160
	5728 8160
	5728 8192
	5472 8192
4
	5824 8160
	5920 8160
	5920 8192
	5824 8192
4
	5952 8160
	12480 8160
	12480 8192
	5952 8192
4
	0 8192
	5376 8192
	5376 8224
	0 8224
4
	5472 8192
	5728 8192
	5728 8224
	5472 8224
4
	5824 8192
	5920 8192
	5920 8224
	5824 8224
4
	5952 8192
	12480 8192
	12480 8224
	5952 8224
4
	0 8224
	5376 8224
	5376 8256
	0 8256
4
	5472 8224
	5728 8224
	5728 8256
	5472 8256
4
	5824 8224
	12480 8224
	12480 8256
	5824 8256
4
	0 8256
	5376 8256
	5376 8288
	0 8288
4
	5504 8256
	5696 8256
	5696 8288
	5504 8288
4
	5824 8256
	12480 8256
	12480 8288
	5824 8288
4
	0 8288
	5376 8288
	5376 8320
	0 8320
4
	5504 8288
	5696 8288
	5696 8320
	5504 8320
4
	5824 8288
	12480 8288
	12480 8320
	5824 8320
4
	0 8320
	5408 8320
	5408 8352
	0 8352
4
	5504 8320
	5696 8320
	5696 8352
	5504 8352
4
	5792 8320
	12480 8320
	12480 8352
	5792 8352
4
	0 8352
	12480 8352
	12480 8384
	0 8384
4
	0 8384
	12480 8384
	12480 8416
	0 8416
4
	0 8416
	12480 8416
	12480 8448
	0 8448
4
	0 8448
	12480 8448
	12480 8480
	0 8480
4
	0 8480
	12480 8480
	12480 8512
	0 8512
4
	0 8512
	12480 8512
	12480 8544
	0 8544
4
	-32 -32
	12512 -32
	12512 0
	-32 0
4
	-32 8544
	12512 8544
	12512 8576
	-32 8576
4
	-32 0
	0 0
	0 8544
	-32 8544
4
	12480 0
	12512 0
	12512 8544
	12480 8544
