568
4
	0 0
	1824 0
	1824 32
	0 32
4
	2016 0
	3840 0
	3840 32
	2016 32
4
	0 32
	1824 32
	1824 64
	0 64
4
	2016 32
	3840 32
	3840 64
	2016 64
4
	0 64
	1696 64
	1696 96
	0 96
4
	2144 64
	3840 64
	3840 96
	2144 96
4
	0 96
	1696 96
	1696 128
	0 128
4
	2144 96
	3840 96
	3840 128
	2144 128
4
	0 128
	1696 128
	1696 160
	0 160
4
	2144 128
	3840 128
	3840 160
	2144 160
4
	0 160
	1696 160
	1696 192
	0 192
4
	2144 160
	3840 160
	3840 192
	2144 192
4
	0 192
	1696 192
	1696 224
	0 224
4
	2144 192
	3840 192
	3840 224
	2144 224
4
	0 224
	1696 224
	1696 256
	0 256
4
	2144 224
	3840 224
	3840 256
	2144 256
4
	0 256
	1696 256
	1696 288
	0 288
4
	2144 256
	3840 256
	3840 288
	2144 288
4
	0 288
	1696 288
	1696 320
	0 320
4
	2144 288
	3840 288
	3840 320
	2144 320
4
	0 320
	1696 320
	1696 352
	0 352
4
	2144 320
	3840 320
	3840 352
	2144 352
4
	0 352
	1696 352
	1696 384
	0 384
4
	2144 352
	3840 352
	3840 384
	2144 384
4
	0 384
	1696 384
	1696 416
	0 416
4
	2144 384
	3840 384
	3840 416
	2144 416
4
	0 416
	1696 416
	1696 448
	0 448
4
	2144 416
	3840 416
	3840 448
	2144 448
4
	0 448
	1696 448
	1696 480
	0 480
4
	2144 448
	3840 448
	3840 480
	2144 480
4
	0 480
	1696 480
	1696 512
	0 512
4
	2144 480
	3840 480
	3840 512
	2144 512
4
	0 512
	1696 512
	1696 544
	0 544
4
	2144 512
	3840 512
	3840 544
	2144 544
4
	0 544
	1664 544
	1664 576
	0 576
4
	2144 544
	2336 544
	2336 576
	2144 576
4
	2368 544
	3840 544
	3840 576
	2368 576
4
	0 576
	1344 576
	1344 608
	0 608
4
	1376 576
	1440 576
	1440 608
	1376 608
4
	2400 576
	2464 576
	2464 608
	2400 608
4
	2496 576
	3840 576
	3840 608
	2496 608
4
	0 608
	1312 608
	1312 640
	0 640
4
	2528 608
	3840 608
	3840 640
	2528 640
4
	0 640
	1312 640
	1312 672
	0 672
4
	2528 640
	3840 640
	3840 672
	2528 672
4
	0 672
	1312 672
	1312 704
	0 704
4
	2528 672
	3840 672
	3840 704
	2528 704
4
	0 704
	1312 704
	1312 736
	0 736
4
	2528 704
	3840 704
	3840 736
	2528 736
4
	0 736
	1312 736
	1312 768
	0 768
4
	2528 736
	3840 736
	3840 768
	2528 768
4
	0 768
	1312 768
	1312 800
	0 800
4
	2528 768
	3840 768
	3840 800
	2528 800
4
	0 800
	1312 800
	1312 832
	0 832
4
	2528 800
	3840 800
	3840 832
	2528 832
4
	0 832
	1312 832
	1312 864
	0 864
4
	2528 832
	3840 832
	3840 864
	2528 864
4
	0 864
	1312 864
	1312 896
	0 896
4
	2528 864
	3840 864
	3840 896
	2528 896
4
	0 896
	1312 896
	1312 928
	0 928
4
	2528 896
	3840 896
	3840 928
	2528 928
4
	0 928
	1312 928
	1312 960
	0 960
4
	2528 928
	3840 928
	3840 960
	2528 960
4
	0 960
	1344 960
	1344 992
	0 992
4
	1376 960
	1440 960
	1440 992
	1376 992
4
	2400 960
	2464 960
	2464 992
	2400 992
4
	2496 960
	3840 960
	3840 992
	2496 992
4
	0 992
	1472 992
	1472 1024
	0 1024
4
	1504 992
	1664 992
	1664 1024
	1504 1024
4
	2208 992
	3840 992
	3840 1024
	2208 1024
4
	0 1024
	1696 1024
	1696 1056
	0 1056
4
	2144 1024
	3840 1024
	3840 1056
	2144 1056
4
	0 1056
	1696 1056
	1696 1088
	0 1088
4
	2144 1056
	3840 1056
	3840 1088
	2144 1088
4
	0 1088
	1696 1088
	1696 1120
	0 1120
4
	2144 1088
	3840 1088
	3840 1120
	2144 1120
4
	0 1120
	1696 1120
	1696 1152
	0 1152
4
	2144 1120
	3840 1120
	3840 1152
	2144 1152
4
	0 1152
	1696 1152
	1696 1184
	0 1184
4
	2144 1152
	3840 1152
	3840 1184
	2144 1184
4
	0 1184
	1696 1184
	1696 1216
	0 1216
4
	2144 1184
	3840 1184
	3840 1216
	2144 1216
4
	0 1216
	1696 1216
	1696 1248
	0 1248
4
	2144 1216
	3840 1216
	3840 1248
	2144 1248
4
	0 1248
	1696 1248
	1696 1280
	0 1280
4
	2144 1248
	3840 1248
	3840 1280
	2144 1280
4
	0 1280
	1696 1280
	1696 1312
	0 1312
4
	2144 1280
	3840 1280
	3840 1312
	2144 1312
4
	0 1312
	1696 1312
	1696 1344
	0 1344
4
	2144 1312
	3840 1312
	3840 1344
	2144 1344
4
	0 1344
	1696 1344
	1696 1376
	0 1376
4
	2144 1344
	3840 1344
	3840 1376
	2144 1376
4
	0 1376
	1696 1376
	1696 1408
	0 1408
4
	2144 1376
	3840 1376
	3840 1408
	2144 1408
4
	0 1408
	1760 1408
	1760 1440
	0 1440
4
	2080 1408
	3840 1408
	3840 1440
	2080 1440
4
	0 1440
	1760 1440
	1760 1472
	0 1472
4
	2080 1440
	3840 1440
	3840 1472
	2080 1472
4
	0 1472
	1760 1472
	1760 1504
	0 1504
4
	2080 1472
	3840 1472
	3840 1504
	2080 1504
4
	0 1504
	1760 1504
	1760 1536
	0 1536
4
	2080 1504
	3840 1504
	3840 1536
	2080 1536
4
	0 1536
	1760 1536
	1760 1568
	0 1568
4
	2080 1536
	3840 1536
	3840 1568
	2080 1568
4
	0 1568
	1760 1568
	1760 1600
	0 1600
4
	2080 1568
	3840 1568
	3840 1600
	2080 1600
4
	0 1600
	1760 1600
	1760 1632
	0 1632
4
	2080 1600
	3840 1600
	3840 1632
	2080 1632
4
	0 1632
	1760 1632
	1760 1664
	0 1664
4
	2080 1632
	3840 1632
	3840 1664
	2080 1664
4
	0 1664
	1760 1664
	1760 1696
	0 1696
4
	2080 1664
	3840 1664
	3840 1696
	2080 1696
4
	0 1696
	1696 1696
	1696 1728
	0 1728
4
	2144 1696
	3840 1696
	3840 1728
	2144 1728
4
	0 1728
	1696 1728
	1696 1760
	0 1760
4
	2144 1728
	3840 1728
	3840 1760
	2144 1760
4
	0 1760
	1824 1760
	1824 1792
	0 1792
4
	2016 1760
	3840 1760
	3840 1792
	2016 1792
4
	0 1792
	1824 1792
	1824 1824
	0 1824
4
	2016 1792
	3840 1792
	3840 1824
	2016 1824
4
	0 1824
	1824 1824
	1824 1856
	0 1856
4
	2016 1824
	3840 1824
	3840 1856
	2016 1856
4
	0 1856
	1696 1856
	1696 1888
	0 1888
4
	2144 1856
	3840 1856
	3840 1888
	2144 1888
4
	0 1888
	1696 1888
	1696 1920
	0 1920
4
	2144 1888
	3840 1888
	3840 1920
	2144 1920
4
	0 1920
	1696 1920
	1696 1952
	0 1952
4
	2144 1920
	3840 1920
	3840 1952
	2144 1952
4
	0 1952
	1760 1952
	1760 1984
	0 1984
4
	2080 1952
	3840 1952
	3840 1984
	2080 1984
4
	0 1984
	1760 1984
	1760 2016
	0 2016
4
	2080 1984
	3840 1984
	3840 2016
	2080 2016
4
	0 2016
	1760 2016
	1760 2048
	0 2048
4
	2080 2016
	3840 2016
	3840 2048
	2080 2048
4
	0 2048
	1760 2048
	1760 2080
	0 2080
4
	2080 2048
	3840 2048
	3840 2080
	2080 2080
4
	0 2080
	1760 2080
	1760 2112
	0 2112
4
	2080 2080
	3840 2080
	3840 2112
	2080 2112
4
	0 2112
	1760 2112
	1760 2144
	0 2144
4
	2080 2112
	3840 2112
	3840 2144
	2080 2144
4
	0 2144
	1760 2144
	1760 2176
	0 2176
4
	2080 2144
	3840 2144
	3840 2176
	2080 2176
4
	0 2176
	1760 2176
	1760 2208
	0 2208
4
	2080 2176
	3840 2176
	3840 2208
	2080 2208
4
	0 2208
	1760 2208
	1760 2240
	0 2240
4
	2080 2208
	3840 2208
	3840 2240
	2080 2240
4
	0 2240
	1696 2240
	1696 2272
	0 2272
4
	2144 2240
	3840 2240
	3840 2272
	2144 2272
4
	0 2272
	1824 2272
	1824 2304
	0 2304
4
	2016 2272
	3840 2272
	3840 2304
	2016 2304
4
	0 2304
	1824 2304
	1824 2336
	0 2336
4
	2016 2304
	3840 2304
	3840 2336
	2016 2336
4
	0 2336
	1824 2336
	1824 2368
	0 2368
4
	2016 2336
	3840 2336
	3840 2368
	2016 2368
4
	0 2368
	1728 2368
	1728 2400
	0 2400
4
	2112 2368
	3840 2368
	3840 2400
	2112 2400
4
	0 2400
	1728 2400
	1728 2432
	0 2432
4
	2112 2400
	3840 2400
	3840 2432
	2112 2432
4
	0 2432
	1728 2432
	1728 2464
	0 2464
4
	2112 2432
	3840 2432
	3840 2464
	2112 2464
4
	0 2464
	1728 2464
	1728 2496
	0 2496
4
	2112 2464
	3840 2464
	3840 2496
	2112 2496
4
	0 2496
	1728 2496
	1728 2528
	0 2528
4
	2112 2496
	3840 2496
	3840 2528
	2112 2528
4
	0 2528
	1728 2528
	1728 2560
	0 2560
4
	2112 2528
	3840 2528
	3840 2560
	2112 2560
4
	0 2560
	1728 2560
	1728 2592
	0 2592
4
	2112 2560
	3840 2560
	3840 2592
	2112 2592
4
	0 2592
	1696 2592
	1696 2624
	0 2624
4
	2144 2592
	3840 2592
	3840 2624
	2144 2624
4
	0 2624
	1696 2624
	1696 2656
	0 2656
4
	2144 2624
	3840 2624
	3840 2656
	2144 2656
4
	0 2656
	1696 2656
	1696 2688
	0 2688
4
	2144 2656
	3840 2656
	3840 2688
	2144 2688
4
	0 2688
	1696 2688
	1696 2720
	0 2720
4
	2144 2688
	3840 2688
	3840 2720
	2144 2720
4
	0 2720
	1792 2720
	1792 2752
	0 2752
4
	2080 2720
	3840 2720
	3840 2752
	2080 2752
4
	0 2752
	1856 2752
	1856 2784
	0 2784
4
	1984 2752
	3840 2752
	3840 2784
	1984 2784
4
	0 2784
	1792 2784
	1792 2816
	0 2816
4
	2048 2784
	3840 2784
	3840 2816
	2048 2816
4
	0 2816
	1696 2816
	1696 2848
	0 2848
4
	1728 2816
	1824 2816
	1824 2848
	1728 2848
4
	2016 2816
	3840 2816
	3840 2848
	2016 2848
4
	0 2848
	1248 2848
	1248 2880
	0 2880
4
	1280 2848
	1696 2848
	1696 2880
	1280 2880
4
	1760 2848
	1824 2848
	1824 2880
	1760 2880
4
	2016 2848
	3840 2848
	3840 2880
	2016 2880
4
	0 2880
	1216 2880
	1216 2912
	0 2912
4
	1312 2880
	1696 2880
	1696 2912
	1312 2912
4
	1792 2880
	1824 2880
	1824 2912
	1792 2912
4
	1984 2880
	3840 2880
	3840 2912
	1984 2912
4
	0 2912
	1152 2912
	1152 2944
	0 2944
4
	1312 2912
	1600 2912
	1600 2944
	1312 2944
4
	1759 2943
	1761 2943
	1761 2945
	1759 2945
4
	1760 2912
	1824 2912
	1824 2944
	1760 2944
4
	1984 2912
	3840 2912
	3840 2944
	1984 2944
4
	0 2944
	1120 2944
	1120 2976
	0 2976
4
	1344 2944
	1536 2944
	1536 2976
	1344 2976
4
	1727 2975
	1729 2975
	1729 2977
	1727 2977
4
	1728 2944
	1760 2944
	1760 2976
	1728 2976
4
	2112 2944
	3840 2944
	3840 2976
	2112 2976
4
	0 2976
	1088 2976
	1088 3008
	0 3008
4
	1184 2976
	1216 2976
	1216 3008
	1184 3008
4
	1376 2976
	1440 2976
	1440 3008
	1376 3008
4
	1695 3007
	1697 3007
	1697 3009
	1695 3009
4
	1696 2976
	1728 2976
	1728 3008
	1696 3008
4
	2144 2976
	3840 2976
	3840 3008
	2144 3008
4
	0 3008
	1024 3008
	1024 3040
	0 3040
4
	1056 3008
	1120 3008
	1120 3040
	1056 3040
4
	1152 3008
	1248 3008
	1248 3040
	1152 3040
4
	1663 3039
	1665 3039
	1665 3041
	1663 3041
4
	1664 3008
	1696 3008
	1696 3040
	1664 3040
4
	2144 3008
	3840 3008
	3840 3040
	2144 3040
4
	0 3040
	992 3040
	992 3072
	0 3072
4
	1088 3040
	1280 3040
	1280 3072
	1088 3072
4
	1376 3040
	1472 3040
	1472 3072
	1376 3072
4
	1632 3040
	1664 3040
	1664 3072
	1632 3072
4
	2144 3040
	3840 3040
	3840 3072
	2144 3072
4
	0 3072
	960 3072
	960 3104
	0 3104
4
	1088 3072
	1312 3072
	1312 3104
	1088 3104
4
	1376 3072
	1472 3072
	1472 3104
	1376 3104
4
	1599 3103
	1601 3103
	1601 3105
	1599 3105
4
	1600 3072
	1664 3072
	1664 3104
	1600 3104
4
	2176 3072
	3840 3072
	3840 3104
	2176 3104
4
	0 3104
	960 3104
	960 3136
	0 3136
4
	1056 3104
	1280 3104
	1280 3136
	1056 3136
4
	1567 3135
	1569 3135
	1569 3137
	1567 3137
4
	1568 3104
	1600 3104
	1600 3136
	1568 3136
4
	2272 3104
	3840 3104
	3840 3136
	2272 3136
4
	0 3136
	928 3136
	928 3168
	0 3168
4
	1056 3136
	1248 3136
	1248 3168
	1056 3168
4
	1536 3136
	1568 3136
	1568 3168
	1536 3168
4
	2272 3136
	3840 3136
	3840 3168
	2272 3168
4
	0 3168
	896 3168
	896 3200
	0 3200
4
	1088 3168
	1216 3168
	1216 3200
	1088 3200
4
	1503 3199
	1505 3199
	1505 3201
	1503 3201
4
	1504 3168
	1568 3168
	1568 3200
	1504 3200
4
	2272 3168
	3840 3168
	3840 3200
	2272 3200
4
	0 3200
	928 3200
	928 3232
	0 3232
4
	1120 3200
	1184 3200
	1184 3232
	1120 3232
4
	1472 3200
	1504 3200
	1504 3232
	1472 3232
4
	1536 3200
	1728 3200
	1728 3232
	1536 3232
4
	2080 3200
	3840 3200
	3840 3232
	2080 3232
4
	0 3232
	992 3232
	992 3264
	0 3264
4
	1408 3232
	1440 3232
	1440 3264
	1408 3264
4
	1600 3232
	1824 3232
	1824 3264
	1600 3264
4
	2016 3232
	3840 3232
	3840 3264
	2016 3264
4
	0 3264
	1024 3264
	1024 3296
	0 3296
4
	1376 3264
	1472 3264
	1472 3296
	1376 3296
4
	1535 3295
	1537 3295
	1537 3297
	1535 3297
4
	1536 3264
	1568 3264
	1568 3296
	1536 3296
4
	1792 3264
	1824 3264
	1824 3296
	1792 3296
4
	2016 3264
	2048 3264
	2048 3296
	2016 3296
4
	2240 3264
	3840 3264
	3840 3296
	2240 3296
4
	0 3296
	1088 3296
	1088 3328
	0 3328
4
	1312 3296
	1472 3296
	1472 3328
	1312 3328
4
	1503 3327
	1505 3327
	1505 3329
	1503 3329
4
	1504 3296
	1536 3296
	1536 3328
	1504 3328
4
	1792 3296
	1824 3296
	1824 3328
	1792 3328
4
	2016 3296
	2048 3296
	2048 3328
	2016 3328
4
	2272 3296
	3840 3296
	3840 3328
	2272 3328
4
	0 3328
	1088 3328
	1088 3360
	0 3360
4
	1120 3328
	1184 3328
	1184 3360
	1120 3360
4
	1280 3328
	1504 3328
	1504 3360
	1280 3360
4
	1792 3328
	1824 3328
	1824 3360
	1792 3360
4
	2016 3328
	2048 3328
	2048 3360
	2016 3360
4
	2304 3328
	3840 3328
	3840 3360
	2304 3360
4
	0 3360
	1056 3360
	1056 3392
	0 3392
4
	1120 3360
	1184 3360
	1184 3392
	1120 3392
4
	1280 3360
	1472 3360
	1472 3392
	1280 3392
4
	1792 3360
	1824 3360
	1824 3392
	1792 3392
4
	2016 3360
	2048 3360
	2048 3392
	2016 3392
4
	2336 3360
	2368 3360
	2368 3392
	2336 3392
4
	2400 3360
	3840 3360
	3840 3392
	2400 3392
4
	0 3392
	1056 3392
	1056 3424
	0 3424
4
	1248 3392
	1472 3392
	1472 3424
	1248 3424
4
	1792 3392
	1824 3392
	1824 3424
	1792 3424
4
	2400 3392
	3840 3392
	3840 3424
	2400 3424
4
	0 3424
	1024 3424
	1024 3456
	0 3456
4
	1215 3455
	1217 3455
	1217 3457
	1215 3457
4
	1216 3424
	1440 3424
	1440 3456
	1216 3456
4
	2432 3424
	3840 3424
	3840 3456
	2432 3456
4
	0 3456
	1024 3456
	1024 3488
	0 3488
4
	1183 3487
	1185 3487
	1185 3489
	1183 3489
4
	1184 3456
	1216 3456
	1216 3488
	1184 3488
4
	1248 3456
	1408 3456
	1408 3488
	1248 3488
4
	2464 3456
	3840 3456
	3840 3488
	2464 3488
4
	0 3488
	992 3488
	992 3520
	0 3520
4
	1152 3488
	1184 3488
	1184 3520
	1152 3520
4
	1280 3488
	1376 3488
	1376 3520
	1280 3520
4
	2496 3488
	2592 3488
	2592 3520
	2496 3520
4
	2624 3488
	3840 3488
	3840 3520
	2624 3520
4
	0 3520
	992 3520
	992 3552
	0 3552
4
	1120 3520
	1184 3520
	1184 3552
	1120 3552
4
	1280 3520
	1344 3520
	1344 3552
	1280 3552
4
	2496 3520
	2560 3520
	2560 3552
	2496 3552
4
	2656 3520
	3840 3520
	3840 3552
	2656 3552
4
	0 3552
	992 3552
	992 3584
	0 3584
4
	1088 3552
	1184 3552
	1184 3584
	1088 3584
4
	1280 3552
	1344 3552
	1344 3584
	1280 3584
4
	2496 3552
	2560 3552
	2560 3584
	2496 3584
4
	2656 3552
	3840 3552
	3840 3584
	2656 3584
4
	0 3584
	960 3584
	960 3616
	0 3616
4
	1055 3615
	1057 3615
	1057 3617
	1055 3617
4
	1056 3584
	1152 3584
	1152 3616
	1056 3616
4
	1280 3584
	1344 3584
	1344 3616
	1280 3616
4
	2528 3584
	2592 3584
	2592 3616
	2528 3616
4
	2688 3584
	3840 3584
	3840 3616
	2688 3616
4
	320 3616
	640 3616
	640 3648
	320 3648
4
	768 3616
	960 3616
	960 3648
	768 3648
4
	1023 3647
	1025 3647
	1025 3649
	1023 3649
4
	1024 3616
	1056 3616
	1056 3648
	1024 3648
4
	1248 3616
	1312 3616
	1312 3648
	1248 3648
4
	2528 3616
	2624 3616
	2624 3648
	2528 3648
4
	2752 3616
	3072 3616
	3072 3648
	2752 3648
4
	3200 3616
	3520 3616
	3520 3648
	3200 3648
4
	320 3648
	448 3648
	448 3680
	320 3680
4
	800 3648
	960 3648
	960 3680
	800 3680
4
	991 3679
	993 3679
	993 3681
	991 3681
4
	992 3648
	1024 3648
	1024 3680
	992 3680
4
	1216 3648
	1280 3648
	1280 3680
	1216 3680
4
	2560 3648
	2624 3648
	2624 3680
	2560 3680
4
	2784 3648
	3040 3648
	3040 3680
	2784 3680
4
	3392 3648
	3520 3648
	3520 3680
	3392 3680
4
	320 3680
	448 3680
	448 3712
	320 3712
4
	800 3680
	992 3680
	992 3712
	800 3712
4
	1184 3680
	1248 3680
	1248 3712
	1184 3712
4
	2592 3680
	2656 3680
	2656 3712
	2592 3712
4
	2816 3680
	3040 3680
	3040 3712
	2816 3712
4
	3392 3680
	3520 3680
	3520 3712
	3392 3712
4
	320 3712
	448 3712
	448 3744
	320 3744
4
	800 3712
	864 3712
	864 3744
	800 3744
4
	896 3712
	992 3712
	992 3744
	896 3744
4
	1152 3712
	1216 3712
	1216 3744
	1152 3744
4
	2624 3712
	2688 3712
	2688 3744
	2624 3744
4
	2816 3712
	2944 3712
	2944 3744
	2816 3744
4
	2976 3712
	3040 3712
	3040 3744
	2976 3744
4
	3392 3712
	3520 3712
	3520 3744
	3392 3744
4
	800 3744
	864 3744
	864 3776
	800 3776
4
	928 3744
	992 3744
	992 3776
	928 3776
4
	1120 3744
	1376 3744
	1376 3776
	1120 3776
4
	2464 3744
	2688 3744
	2688 3776
	2464 3776
4
	2816 3744
	2912 3744
	2912 3776
	2816 3776
4
	2976 3744
	3040 3744
	3040 3776
	2976 3776
4
	800 3776
	864 3776
	864 3808
	800 3808
4
	2976 3776
	3040 3776
	3040 3808
	2976 3808
4
	800 3904
	832 3904
	832 3936
	800 3936
4
	2976 3904
	3008 3904
	3008 3936
	2976 3936
4
	800 3936
	864 3936
	864 3968
	800 3968
4
	896 3936
	992 3936
	992 3968
	896 3968
4
	1152 3936
	1376 3936
	1376 3968
	1152 3968
4
	2464 3936
	2688 3936
	2688 3968
	2464 3968
4
	2816 3936
	2944 3936
	2944 3968
	2816 3968
4
	2976 3936
	3008 3936
	3008 3968
	2976 3968
4
	320 3968
	448 3968
	448 4000
	320 4000
4
	800 3968
	864 3968
	864 4000
	800 4000
4
	1023 3999
	1025 3999
	1025 4001
	1023 4001
4
	896 3968
	1024 3968
	1024 4000
	896 4000
4
	1152 3968
	1216 3968
	1216 4000
	1152 4000
4
	2624 3968
	2688 3968
	2688 4000
	2624 4000
4
	2816 3968
	2944 3968
	2944 4000
	2816 4000
4
	2976 3968
	3008 3968
	3008 4000
	2976 4000
4
	3392 3968
	3520 3968
	3520 4000
	3392 4000
4
	320 4000
	448 4000
	448 4032
	320 4032
4
	800 4000
	928 4000
	928 4032
	800 4032
4
	1024 4000
	1056 4000
	1056 4032
	1024 4032
4
	1184 4000
	1248 4000
	1248 4032
	1184 4032
4
	2592 4000
	2656 4000
	2656 4032
	2592 4032
4
	2816 4000
	3040 4000
	3040 4032
	2816 4032
4
	3392 4000
	3520 4000
	3520 4032
	3392 4032
4
	320 4032
	544 4032
	544 4064
	320 4064
4
	800 4032
	864 4032
	864 4064
	800 4064
4
	1216 4032
	1280 4032
	1280 4064
	1216 4064
4
	2560 4032
	2624 4032
	2624 4064
	2560 4064
4
	2912 4032
	3040 4032
	3040 4064
	2912 4064
4
	3200 4032
	3520 4032
	3520 4064
	3200 4064
4
	352 4064
	960 4064
	960 4096
	352 4096
4
	1056 4064
	1120 4064
	1120 4096
	1056 4096
4
	1248 4064
	1312 4064
	1312 4096
	1248 4096
4
	2528 4064
	2592 4064
	2592 4096
	2528 4096
4
	2720 4064
	2816 4064
	2816 4096
	2720 4096
4
	2880 4064
	3488 4064
	3488 4096
	2880 4096
4
	0 4096
	960 4096
	960 4128
	0 4128
4
	1088 4096
	1152 4096
	1152 4128
	1088 4128
4
	1280 4096
	1344 4096
	1344 4128
	1280 4128
4
	2496 4096
	2560 4096
	2560 4128
	2496 4128
4
	2688 4096
	2784 4096
	2784 4128
	2688 4128
4
	2880 4096
	3840 4096
	3840 4128
	2880 4128
4
	0 4128
	992 4128
	992 4160
	0 4160
4
	1120 4128
	1184 4128
	1184 4160
	1120 4160
4
	1280 4128
	1344 4128
	1344 4160
	1280 4160
4
	2496 4128
	2560 4128
	2560 4160
	2496 4160
4
	2688 4128
	2752 4128
	2752 4160
	2688 4160
4
	2848 4128
	3840 4128
	3840 4160
	2848 4160
4
	0 4160
	992 4160
	992 4192
	0 4192
4
	1183 4191
	1185 4191
	1185 4193
	1183 4193
4
	1152 4160
	1184 4160
	1184 4192
	1152 4192
4
	1248 4160
	1344 4160
	1344 4192
	1248 4192
4
	2496 4160
	2592 4160
	2592 4192
	2496 4192
4
	2687 4191
	2689 4191
	2689 4193
	2687 4193
4
	2688 4160
	2720 4160
	2720 4192
	2688 4192
4
	2848 4160
	3840 4160
	3840 4192
	2848 4192
4
	0 4192
	1024 4192
	1024 4224
	0 4224
4
	1184 4192
	1344 4192
	1344 4224
	1184 4224
4
	2464 4192
	2624 4192
	2624 4224
	2464 4224
4
	2655 4223
	2657 4223
	2657 4225
	2655 4225
4
	2656 4192
	2688 4192
	2688 4224
	2656 4224
4
	2816 4192
	3840 4192
	3840 4224
	2816 4224
4
	0 4224
	1024 4224
	1024 4256
	0 4256
4
	1216 4224
	1376 4224
	1376 4256
	1216 4256
4
	2432 4224
	2656 4224
	2656 4256
	2432 4256
4
	2816 4224
	3840 4224
	3840 4256
	2816 4256
4
	0 4256
	1024 4256
	1024 4288
	0 4288
4
	1248 4256
	1408 4256
	1408 4288
	1248 4288
4
	2400 4256
	2656 4256
	2656 4288
	2400 4288
4
	2816 4256
	3840 4256
	3840 4288
	2816 4288
4
	0 4288
	1120 4288
	1120 4320
	0 4320
4
	1280 4288
	1472 4288
	1472 4320
	1280 4320
4
	2368 4288
	2624 4288
	2624 4320
	2368 4320
4
	2752 4288
	3840 4288
	3840 4320
	2752 4320
4
	0 4320
	1152 4320
	1152 4352
	0 4352
4
	1312 4320
	1504 4320
	1504 4352
	1312 4352
4
	1792 4320
	1824 4320
	1824 4352
	1792 4352
4
	2016 4320
	2048 4320
	2048 4352
	2016 4352
4
	2368 4320
	2560 4320
	2560 4352
	2368 4352
4
	2720 4320
	3840 4320
	3840 4352
	2720 4352
4
	0 4352
	1152 4352
	1152 4384
	0 4384
4
	1312 4352
	1536 4352
	1536 4384
	1312 4384
4
	1792 4352
	1824 4352
	1824 4384
	1792 4384
4
	2016 4352
	2048 4352
	2048 4384
	2016 4384
4
	2336 4352
	2528 4352
	2528 4384
	2336 4384
4
	2688 4352
	3840 4352
	3840 4384
	2688 4384
4
	0 4384
	1152 4384
	1152 4416
	0 4416
4
	1344 4384
	1568 4384
	1568 4416
	1344 4416
4
	1792 4384
	1824 4384
	1824 4416
	1792 4416
4
	2016 4384
	2048 4384
	2048 4416
	2016 4416
4
	2304 4384
	2496 4384
	2496 4416
	2304 4416
4
	2688 4384
	3840 4384
	3840 4416
	2688 4416
4
	0 4416
	1152 4416
	1152 4448
	0 4448
4
	1376 4416
	1600 4416
	1600 4448
	1376 4448
4
	1632 4416
	1664 4416
	1664 4448
	1632 4448
4
	1760 4416
	1824 4416
	1824 4448
	1760 4448
4
	2016 4416
	2080 4416
	2080 4448
	2016 4448
4
	2272 4416
	2464 4416
	2464 4448
	2272 4448
4
	2720 4416
	3840 4416
	3840 4448
	2720 4448
4
	0 4448
	960 4448
	960 4480
	0 4480
4
	1024 4448
	1088 4448
	1088 4480
	1024 4480
4
	1408 4448
	1824 4448
	1824 4480
	1408 4480
4
	2016 4448
	2400 4448
	2400 4480
	2016 4480
4
	2752 4448
	2816 4448
	2816 4480
	2752 4480
4
	2880 4448
	3840 4448
	3840 4480
	2880 4480
4
	0 4480
	928 4480
	928 4512
	0 4512
4
	1440 4480
	1632 4480
	1632 4512
	1440 4512
4
	1664 4480
	1728 4480
	1728 4512
	1664 4512
4
	2112 4480
	2176 4480
	2176 4512
	2112 4512
4
	2208 4480
	2368 4480
	2368 4512
	2208 4512
4
	2912 4480
	3840 4480
	3840 4512
	2912 4512
4
	0 4512
	928 4512
	928 4544
	0 4544
4
	1472 4512
	1600 4512
	1600 4544
	1472 4544
4
	2272 4512
	2336 4512
	2336 4544
	2272 4544
4
	2944 4512
	3840 4512
	3840 4544
	2944 4544
4
	0 4544
	960 4544
	960 4576
	0 4576
4
	1504 4544
	1568 4544
	1568 4576
	1504 4576
4
	2271 4575
	2273 4575
	2273 4577
	2271 4577
4
	2272 4544
	2304 4544
	2304 4576
	2272 4576
4
	2655 4575
	2657 4575
	2657 4577
	2655 4577
4
	2624 4544
	2656 4544
	2656 4576
	2624 4576
4
	2912 4544
	3840 4544
	3840 4576
	2912 4576
4
	0 4576
	992 4576
	992 4608
	0 4608
4
	1151 4607
	1153 4607
	1153 4609
	1151 4609
4
	1152 4576
	1184 4576
	1184 4608
	1152 4608
4
	1567 4607
	1569 4607
	1569 4609
	1567 4609
4
	1536 4576
	1568 4576
	1568 4608
	1536 4608
4
	2239 4607
	2241 4607
	2241 4609
	2239 4609
4
	2240 4576
	2272 4576
	2272 4608
	2240 4608
4
	2687 4607
	2689 4607
	2689 4609
	2687 4609
4
	2656 4576
	2688 4576
	2688 4608
	2656 4608
4
	2880 4576
	3840 4576
	3840 4608
	2880 4608
4
	0 4608
	1024 4608
	1024 4640
	0 4640
4
	1120 4608
	1152 4608
	1152 4640
	1120 4640
4
	1599 4639
	1601 4639
	1601 4641
	1599 4641
4
	1568 4608
	1600 4608
	1600 4640
	1568 4640
4
	1664 4608
	1856 4608
	1856 4640
	1664 4640
4
	1984 4608
	2176 4608
	2176 4640
	1984 4640
4
	2207 4639
	2209 4639
	2209 4641
	2207 4641
4
	2208 4608
	2240 4608
	2240 4640
	2208 4640
4
	2688 4608
	2720 4608
	2720 4640
	2688 4640
4
	2848 4608
	3840 4608
	3840 4640
	2848 4640
4
	0 4640
	1024 4640
	1024 4672
	0 4672
4
	1088 4640
	1152 4640
	1152 4672
	1088 4672
4
	1312 4640
	1440 4640
	1440 4672
	1312 4672
4
	1600 4640
	1760 4640
	1760 4672
	1600 4672
4
	2048 4640
	2208 4640
	2208 4672
	2048 4672
4
	2368 4640
	2528 4640
	2528 4672
	2368 4672
4
	2688 4640
	2752 4640
	2752 4672
	2688 4672
4
	2816 4640
	3840 4640
	3840 4672
	2816 4672
4
	0 4672
	1120 4672
	1120 4704
	0 4704
4
	1312 4672
	1472 4672
	1472 4704
	1312 4704
4
	1632 4672
	1696 4672
	1696 4704
	1632 4704
4
	2144 4672
	2176 4672
	2176 4704
	2144 4704
4
	2368 4672
	2528 4672
	2528 4704
	2368 4704
4
	2720 4672
	2784 4672
	2784 4704
	2720 4704
4
	2816 4672
	3840 4672
	3840 4704
	2816 4704
4
	0 4704
	1088 4704
	1088 4736
	0 4736
4
	1312 4704
	1472 4704
	1472 4736
	1312 4736
4
	1695 4735
	1697 4735
	1697 4737
	1695 4737
4
	1664 4704
	1696 4704
	1696 4736
	1664 4736
4
	2079 4735
	2081 4735
	2081 4737
	2079 4737
4
	2080 4704
	2112 4704
	2112 4736
	2080 4736
4
	2368 4704
	2528 4704
	2528 4736
	2368 4736
4
	2752 4704
	3840 4704
	3840 4736
	2752 4736
4
	0 4736
	1120 4736
	1120 4768
	0 4768
4
	1312 4736
	1536 4736
	1536 4768
	1312 4768
4
	1759 4767
	1761 4767
	1761 4769
	1759 4769
4
	1696 4736
	1760 4736
	1760 4768
	1696 4768
4
	1824 4736
	2016 4736
	2016 4768
	1824 4768
4
	2047 4767
	2049 4767
	2049 4769
	2047 4769
4
	2048 4736
	2080 4736
	2080 4768
	2048 4768
4
	2304 4736
	2528 4736
	2528 4768
	2304 4768
4
	2688 4736
	3840 4736
	3840 4768
	2688 4768
4
	0 4768
	1152 4768
	1152 4800
	0 4800
4
	1312 4768
	1632 4768
	1632 4800
	1312 4800
4
	1760 4768
	2048 4768
	2048 4800
	1760 4800
4
	2208 4768
	2528 4768
	2528 4800
	2208 4800
4
	2656 4768
	3840 4768
	3840 4800
	2656 4800
4
	0 4800
	1184 4800
	1184 4832
	0 4832
4
	1312 4800
	1696 4800
	1696 4832
	1312 4832
4
	1728 4800
	2048 4800
	2048 4832
	1728 4832
4
	2144 4800
	2528 4800
	2528 4832
	2144 4832
4
	2624 4800
	3840 4800
	3840 4832
	2624 4832
4
	0 4832
	1216 4832
	1216 4864
	0 4864
4
	1280 4832
	2560 4832
	2560 4864
	1280 4864
4
	2592 4832
	3840 4832
	3840 4864
	2592 4864
4
	0 4864
	1248 4864
	1248 4896
	0 4896
4
	1280 4864
	3840 4864
	3840 4896
	1280 4896
4
	0 4896
	3840 4896
	3840 4928
	0 4928
4
	0 4928
	3840 4928
	3840 4960
	0 4960
4
	0 4960
	3840 4960
	3840 4992
	0 4992
4
	0 4992
	3840 4992
	3840 5024
	0 5024
4
	0 5024
	3840 5024
	3840 5056
	0 5056
4
	0 5056
	3840 5056
	3840 5088
	0 5088
4
	0 5088
	3840 5088
	3840 5120
	0 5120
4
	0 5120
	3840 5120
	3840 5152
	0 5152
4
	0 5152
	3840 5152
	3840 5184
	0 5184
4
	0 5184
	3840 5184
	3840 5216
	0 5216
4
	0 5216
	3840 5216
	3840 5248
	0 5248
4
	0 5248
	3840 5248
	3840 5280
	0 5280
4
	0 5280
	3840 5280
	3840 5312
	0 5312
4
	0 5312
	3840 5312
	3840 5344
	0 5344
4
	0 5344
	3840 5344
	3840 5376
	0 5376
4
	0 5376
	3840 5376
	3840 5408
	0 5408
4
	0 5408
	3840 5408
	3840 5440
	0 5440
4
	0 5440
	3840 5440
	3840 5472
	0 5472
4
	0 5472
	3840 5472
	3840 5504
	0 5504
4
	0 5504
	3840 5504
	3840 5536
	0 5536
4
	0 5536
	3840 5536
	3840 5568
	0 5568
4
	0 5568
	3840 5568
	3840 5600
	0 5600
4
	0 5600
	3840 5600
	3840 5632
	0 5632
4
	0 5632
	3840 5632
	3840 5664
	0 5664
4
	0 5664
	3840 5664
	3840 5696
	0 5696
4
	0 5696
	3840 5696
	3840 5728
	0 5728
4
	0 5728
	3840 5728
	3840 5760
	0 5760
4
	-32 -32
	3872 -32
	3872 0
	-32 0
4
	-32 5760
	3872 5760
	3872 5792
	-32 5792
4
	-32 0
	0 0
	0 5760
	-32 5760
4
	3840 0
	3872 0
	3872 5760
	3840 5760
