413
4
	0 0
	1088 0
	1088 32
	0 32
4
	1312 0
	2400 0
	2400 32
	1312 32
4
	0 32
	1088 32
	1088 64
	0 64
4
	1312 32
	1408 32
	1408 64
	1312 64
4
	1440 32
	2400 32
	2400 64
	1440 64
4
	0 64
	960 64
	960 96
	0 96
4
	1440 64
	2400 64
	2400 96
	1440 96
4
	0 96
	960 96
	960 128
	0 128
4
	1440 96
	2400 96
	2400 128
	1440 128
4
	0 128
	960 128
	960 160
	0 160
4
	1440 128
	2400 128
	2400 160
	1440 160
4
	0 160
	960 160
	960 192
	0 192
4
	1440 160
	2400 160
	2400 192
	1440 192
4
	0 192
	960 192
	960 224
	0 224
4
	1440 192
	2400 192
	2400 224
	1440 224
4
	0 224
	960 224
	960 256
	0 256
4
	1440 224
	2400 224
	2400 256
	1440 256
4
	0 256
	960 256
	960 288
	0 288
4
	1440 256
	2400 256
	2400 288
	1440 288
4
	0 288
	960 288
	960 320
	0 320
4
	1440 288
	2400 288
	2400 320
	1440 320
4
	0 320
	960 320
	960 352
	0 352
4
	1440 320
	2400 320
	2400 352
	1440 352
4
	0 352
	960 352
	960 384
	0 384
4
	1440 352
	2400 352
	2400 384
	1440 384
4
	0 384
	960 384
	960 416
	0 416
4
	1440 384
	2400 384
	2400 416
	1440 416
4
	0 416
	960 416
	960 448
	0 448
4
	1440 416
	2400 416
	2400 448
	1440 448
4
	0 448
	960 448
	960 480
	0 480
4
	1440 448
	2400 448
	2400 480
	1440 480
4
	0 480
	960 480
	960 512
	0 512
4
	1440 480
	2400 480
	2400 512
	1440 512
4
	0 512
	960 512
	960 544
	0 544
4
	1440 512
	2400 512
	2400 544
	1440 544
4
	0 544
	928 544
	928 576
	0 576
4
	1440 544
	2400 544
	2400 576
	1440 576
4
	0 576
	800 576
	800 608
	0 608
4
	1504 576
	2400 576
	2400 608
	1504 608
4
	0 608
	672 608
	672 640
	0 640
4
	1504 608
	1664 608
	1664 640
	1504 640
4
	1792 608
	2400 608
	2400 640
	1792 640
4
	0 640
	672 640
	672 672
	0 672
4
	1824 640
	2400 640
	2400 672
	1824 672
4
	0 672
	640 672
	640 704
	0 704
4
	736 672
	896 672
	896 704
	736 704
4
	1504 672
	1664 672
	1664 704
	1504 704
4
	1856 672
	2400 672
	2400 704
	1856 704
4
	0 704
	608 704
	608 736
	0 736
4
	736 704
	896 704
	896 736
	736 736
4
	1504 704
	1664 704
	1664 736
	1504 736
4
	1792 704
	2400 704
	2400 736
	1792 736
4
	0 736
	608 736
	608 768
	0 768
4
	736 736
	896 736
	896 768
	736 768
4
	1504 736
	1664 736
	1664 768
	1504 768
4
	1792 736
	2400 736
	2400 768
	1792 768
4
	0 768
	608 768
	608 800
	0 800
4
	736 768
	896 768
	896 800
	736 800
4
	1504 768
	1664 768
	1664 800
	1504 800
4
	1792 768
	2400 768
	2400 800
	1792 800
4
	0 800
	608 800
	608 832
	0 832
4
	736 800
	896 800
	896 832
	736 832
4
	1504 800
	1664 800
	1664 832
	1504 832
4
	1792 800
	2400 800
	2400 832
	1792 832
4
	0 832
	608 832
	608 864
	0 864
4
	736 832
	896 832
	896 864
	736 864
4
	1504 832
	1664 832
	1664 864
	1504 864
4
	1792 832
	2400 832
	2400 864
	1792 864
4
	0 864
	640 864
	640 896
	0 896
4
	1856 864
	2400 864
	2400 896
	1856 896
4
	0 896
	672 896
	672 928
	0 928
4
	1824 896
	2400 896
	2400 928
	1824 928
4
	0 928
	672 928
	672 960
	0 960
4
	1504 928
	1664 928
	1664 960
	1504 960
4
	1792 928
	2400 928
	2400 960
	1792 960
4
	0 960
	800 960
	800 992
	0 992
4
	1504 960
	2400 960
	2400 992
	1504 992
4
	0 992
	928 992
	928 1024
	0 1024
4
	1440 992
	2400 992
	2400 1024
	1440 1024
4
	0 1024
	960 1024
	960 1056
	0 1056
4
	1440 1024
	2400 1024
	2400 1056
	1440 1056
4
	0 1056
	960 1056
	960 1088
	0 1088
4
	1440 1056
	2400 1056
	2400 1088
	1440 1088
4
	0 1088
	960 1088
	960 1120
	0 1120
4
	1440 1088
	2400 1088
	2400 1120
	1440 1120
4
	0 1120
	960 1120
	960 1152
	0 1152
4
	1440 1120
	2400 1120
	2400 1152
	1440 1152
4
	0 1152
	1024 1152
	1024 1184
	0 1184
4
	1376 1152
	2400 1152
	2400 1184
	1376 1184
4
	0 1184
	1024 1184
	1024 1216
	0 1216
4
	1344 1184
	2400 1184
	2400 1216
	1344 1216
4
	0 1216
	1024 1216
	1024 1248
	0 1248
4
	1344 1216
	2400 1216
	2400 1248
	1344 1248
4
	0 1248
	1024 1248
	1024 1280
	0 1280
4
	1376 1248
	2400 1248
	2400 1280
	1376 1280
4
	0 1280
	1024 1280
	1024 1312
	0 1312
4
	1376 1280
	2400 1280
	2400 1312
	1376 1312
4
	0 1312
	864 1312
	864 1344
	0 1344
4
	1536 1312
	2400 1312
	2400 1344
	1536 1344
4
	0 1344
	256 1344
	256 1376
	0 1376
4
	384 1344
	480 1344
	480 1376
	384 1376
4
	1792 1344
	1888 1344
	1888 1376
	1792 1376
4
	2112 1344
	2400 1344
	2400 1376
	2112 1376
4
	0 1376
	224 1376
	224 1408
	0 1408
4
	2144 1376
	2400 1376
	2400 1408
	2144 1408
4
	0 1408
	192 1408
	192 1440
	0 1440
4
	2176 1408
	2400 1408
	2400 1440
	2176 1440
4
	0 1440
	224 1440
	224 1472
	0 1472
4
	2176 1440
	2400 1440
	2400 1472
	2176 1472
4
	0 1472
	224 1472
	224 1504
	0 1504
4
	2176 1472
	2400 1472
	2400 1504
	2176 1504
4
	0 1504
	256 1504
	256 1536
	0 1536
4
	2176 1504
	2400 1504
	2400 1536
	2176 1536
4
	0 1536
	256 1536
	256 1568
	0 1568
4
	2176 1536
	2400 1536
	2400 1568
	2176 1568
4
	0 1568
	256 1568
	256 1600
	0 1600
4
	2176 1568
	2400 1568
	2400 1600
	2176 1600
4
	0 1600
	256 1600
	256 1632
	0 1632
4
	2208 1600
	2400 1600
	2400 1632
	2208 1632
4
	0 1632
	256 1632
	256 1664
	0 1664
4
	2208 1632
	2400 1632
	2400 1664
	2208 1664
4
	0 1664
	256 1664
	256 1696
	0 1696
4
	320 1664
	416 1664
	416 1696
	320 1696
4
	1536 1664
	1600 1664
	1600 1696
	1536 1696
4
	2208 1664
	2400 1664
	2400 1696
	2208 1696
4
	0 1696
	928 1696
	928 1728
	0 1728
4
	1504 1696
	1728 1696
	1728 1728
	1504 1728
4
	1856 1696
	2048 1696
	2048 1728
	1856 1728
4
	2176 1696
	2400 1696
	2400 1728
	2176 1728
4
	0 1728
	960 1728
	960 1760
	0 1760
4
	1504 1728
	2400 1728
	2400 1760
	1504 1760
4
	0 1760
	960 1760
	960 1792
	0 1792
4
	1504 1760
	2400 1760
	2400 1792
	1504 1792
4
	0 1792
	928 1792
	928 1824
	0 1824
4
	1504 1792
	2400 1792
	2400 1824
	1504 1824
4
	0 1824
	320 1824
	320 1856
	0 1856
4
	704 1824
	928 1824
	928 1856
	704 1856
4
	1536 1824
	1728 1824
	1728 1856
	1536 1856
4
	2176 1824
	2400 1824
	2400 1856
	2176 1856
4
	0 1856
	224 1856
	224 1888
	0 1888
4
	2176 1856
	2400 1856
	2400 1888
	2176 1888
4
	0 1888
	224 1888
	224 1920
	0 1920
4
	2176 1888
	2400 1888
	2400 1920
	2176 1920
4
	0 1920
	224 1920
	224 1952
	0 1952
4
	2176 1920
	2400 1920
	2400 1952
	2176 1952
4
	0 1952
	224 1952
	224 1984
	0 1984
4
	2176 1952
	2400 1952
	2400 1984
	2176 1984
4
	0 1984
	224 1984
	224 2016
	0 2016
4
	2176 1984
	2400 1984
	2400 2016
	2176 2016
4
	0 2016
	224 2016
	224 2048
	0 2048
4
	2176 2016
	2400 2016
	2400 2048
	2176 2048
4
	0 2048
	224 2048
	224 2080
	0 2080
4
	2176 2048
	2400 2048
	2400 2080
	2176 2080
4
	0 2080
	160 2080
	160 2112
	0 2112
4
	2208 2080
	2400 2080
	2400 2112
	2208 2112
4
	0 2112
	160 2112
	160 2144
	0 2144
4
	288 2112
	352 2112
	352 2144
	288 2144
4
	2208 2112
	2400 2112
	2400 2144
	2208 2144
4
	0 2144
	832 2144
	832 2176
	0 2176
4
	1536 2144
	1824 2144
	1824 2176
	1536 2176
4
	2016 2144
	2400 2144
	2400 2176
	2016 2176
4
	0 2176
	896 2176
	896 2208
	0 2208
4
	1472 2176
	1888 2176
	1888 2208
	1472 2208
4
	1984 2176
	2400 2176
	2400 2208
	1984 2208
4
	0 2208
	896 2208
	896 2240
	0 2240
4
	1472 2208
	1888 2208
	1888 2240
	1472 2240
4
	2016 2208
	2400 2208
	2400 2240
	2016 2240
4
	0 2240
	928 2240
	928 2272
	0 2272
4
	1472 2240
	1888 2240
	1888 2272
	1472 2272
4
	2016 2240
	2400 2240
	2400 2272
	2016 2272
4
	0 2272
	192 2272
	192 2304
	0 2304
4
	704 2272
	832 2272
	832 2304
	704 2304
4
	1536 2272
	1824 2272
	1824 2304
	1536 2304
4
	2016 2272
	2400 2272
	2400 2304
	2016 2304
4
	0 2304
	192 2304
	192 2336
	0 2336
4
	2208 2304
	2400 2304
	2400 2336
	2208 2336
4
	0 2336
	192 2336
	192 2368
	0 2368
4
	2208 2336
	2400 2336
	2400 2368
	2208 2368
4
	0 2368
	192 2368
	192 2400
	0 2400
4
	2208 2368
	2400 2368
	2400 2400
	2208 2400
4
	0 2400
	224 2400
	224 2432
	0 2432
4
	2176 2400
	2400 2400
	2400 2432
	2176 2432
4
	0 2432
	224 2432
	224 2464
	0 2464
4
	2112 2432
	2400 2432
	2400 2464
	2112 2464
4
	0 2464
	256 2464
	256 2496
	0 2496
4
	2112 2464
	2400 2464
	2400 2496
	2112 2496
4
	0 2496
	256 2496
	256 2528
	0 2528
4
	2112 2496
	2400 2496
	2400 2528
	2112 2528
4
	0 2528
	256 2528
	256 2560
	0 2560
4
	1344 2528
	1472 2528
	1472 2560
	1344 2560
4
	2112 2528
	2400 2528
	2400 2560
	2112 2560
4
	0 2560
	288 2560
	288 2592
	0 2592
4
	352 2560
	512 2560
	512 2592
	352 2592
4
	864 2560
	1152 2560
	1152 2592
	864 2592
4
	1248 2560
	1536 2560
	1536 2592
	1248 2592
4
	2112 2560
	2400 2560
	2400 2592
	2112 2592
4
	0 2592
	288 2592
	288 2624
	0 2624
4
	352 2592
	512 2592
	512 2624
	352 2624
4
	672 2592
	1152 2592
	1152 2624
	672 2624
4
	1248 2592
	1824 2592
	1824 2624
	1248 2624
4
	2080 2592
	2400 2592
	2400 2624
	2080 2624
4
	0 2624
	224 2624
	224 2656
	0 2656
4
	320 2624
	512 2624
	512 2656
	320 2656
4
	672 2624
	1152 2624
	1152 2656
	672 2656
4
	1248 2624
	1824 2624
	1824 2656
	1248 2656
4
	2080 2624
	2400 2624
	2400 2656
	2080 2656
4
	0 2656
	224 2656
	224 2688
	0 2688
4
	352 2656
	512 2656
	512 2688
	352 2688
4
	672 2656
	1152 2656
	1152 2688
	672 2688
4
	1248 2656
	1824 2656
	1824 2688
	1248 2688
4
	2080 2656
	2400 2656
	2400 2688
	2080 2688
4
	0 2688
	224 2688
	224 2720
	0 2720
4
	352 2688
	512 2688
	512 2720
	352 2720
4
	672 2688
	1152 2688
	1152 2720
	672 2720
4
	1248 2688
	1728 2688
	1728 2720
	1248 2720
4
	2176 2688
	2400 2688
	2400 2720
	2176 2720
4
	0 2720
	224 2720
	224 2752
	0 2752
4
	352 2720
	512 2720
	512 2752
	352 2752
4
	672 2720
	1024 2720
	1024 2752
	672 2752
4
	1376 2720
	1728 2720
	1728 2752
	1376 2752
4
	2208 2720
	2400 2720
	2400 2752
	2208 2752
4
	0 2752
	192 2752
	192 2784
	0 2784
4
	672 2752
	1024 2752
	1024 2784
	672 2784
4
	1376 2752
	1696 2752
	1696 2784
	1376 2784
4
	2208 2752
	2400 2752
	2400 2784
	2208 2784
4
	0 2784
	224 2784
	224 2816
	0 2816
4
	640 2784
	1024 2784
	1024 2816
	640 2816
4
	1376 2784
	1696 2784
	1696 2816
	1376 2816
4
	2208 2784
	2400 2784
	2400 2816
	2208 2816
4
	0 2816
	352 2816
	352 2848
	0 2848
4
	512 2816
	576 2816
	576 2848
	512 2848
4
	608 2816
	1024 2816
	1024 2848
	608 2848
4
	1376 2816
	1728 2816
	1728 2848
	1376 2848
4
	2176 2816
	2400 2816
	2400 2848
	2176 2848
4
	0 2848
	384 2848
	384 2880
	0 2880
4
	480 2848
	1024 2848
	1024 2880
	480 2880
4
	1376 2848
	1792 2848
	1792 2880
	1376 2880
4
	2144 2848
	2400 2848
	2400 2880
	2144 2880
4
	0 2880
	384 2880
	384 2912
	0 2912
4
	448 2880
	1024 2880
	1024 2912
	448 2912
4
	1376 2880
	1824 2880
	1824 2912
	1376 2912
4
	2112 2880
	2400 2880
	2400 2912
	2112 2912
4
	0 2912
	1024 2912
	1024 2944
	0 2944
4
	1376 2912
	2400 2912
	2400 2944
	1376 2944
4
	0 2944
	928 2944
	928 2976
	0 2976
4
	1440 2944
	2400 2944
	2400 2976
	1440 2976
4
	0 2976
	928 2976
	928 3008
	0 3008
4
	1440 2976
	2400 2976
	2400 3008
	1440 3008
4
	0 3008
	928 3008
	928 3040
	0 3040
4
	1440 3008
	2400 3008
	2400 3040
	1440 3040
4
	0 3040
	928 3040
	928 3072
	0 3072
4
	1440 3040
	2400 3040
	2400 3072
	1440 3072
4
	0 3072
	928 3072
	928 3104
	0 3104
4
	1440 3072
	2400 3072
	2400 3104
	1440 3104
4
	0 3104
	1120 3104
	1120 3136
	0 3136
4
	1280 3104
	1408 3104
	1408 3136
	1280 3136
4
	1440 3104
	2400 3104
	2400 3136
	1440 3136
4
	0 3136
	1120 3136
	1120 3168
	0 3168
4
	1280 3136
	1408 3136
	1408 3168
	1280 3168
4
	1440 3136
	2400 3136
	2400 3168
	1440 3168
4
	0 3168
	1056 3168
	1056 3200
	0 3200
4
	1280 3168
	2400 3168
	2400 3200
	1280 3200
4
	0 3200
	864 3200
	864 3232
	0 3232
4
	928 3200
	1056 3200
	1056 3232
	928 3232
4
	1280 3200
	1408 3200
	1408 3232
	1280 3232
4
	1504 3200
	2400 3200
	2400 3232
	1504 3232
4
	0 3232
	768 3232
	768 3264
	0 3264
4
	1600 3232
	2400 3232
	2400 3264
	1600 3264
4
	0 3264
	256 3264
	256 3296
	0 3296
4
	2112 3264
	2400 3264
	2400 3296
	2112 3296
4
	0 3296
	224 3296
	224 3328
	0 3328
4
	2144 3296
	2400 3296
	2400 3328
	2144 3328
4
	0 3328
	192 3328
	192 3360
	0 3360
4
	2176 3328
	2400 3328
	2400 3360
	2176 3360
4
	0 3360
	160 3360
	160 3392
	0 3392
4
	2208 3360
	2400 3360
	2400 3392
	2208 3392
4
	0 3392
	160 3392
	160 3424
	0 3424
4
	288 3392
	384 3392
	384 3424
	288 3424
4
	2208 3392
	2400 3392
	2400 3424
	2208 3424
4
	0 3424
	160 3424
	160 3456
	0 3456
4
	224 3424
	512 3424
	512 3456
	224 3456
4
	768 3424
	832 3424
	832 3456
	768 3456
4
	2208 3424
	2400 3424
	2400 3456
	2208 3456
4
	0 3456
	192 3456
	192 3488
	0 3488
4
	224 3456
	832 3456
	832 3488
	224 3488
4
	2176 3456
	2400 3456
	2400 3488
	2176 3488
4
	0 3488
	192 3488
	192 3520
	0 3520
4
	224 3488
	864 3488
	864 3520
	224 3520
4
	2176 3488
	2400 3488
	2400 3520
	2176 3520
4
	0 3520
	864 3520
	864 3552
	0 3552
4
	1408 3520
	1536 3520
	1536 3552
	1408 3552
4
	2176 3520
	2400 3520
	2400 3552
	2176 3552
4
	0 3552
	192 3552
	192 3584
	0 3584
4
	224 3552
	864 3552
	864 3584
	224 3584
4
	1344 3552
	1568 3552
	1568 3584
	1344 3584
4
	1600 3552
	1696 3552
	1696 3584
	1600 3584
4
	2048 3552
	2400 3552
	2400 3584
	2048 3584
4
	0 3584
	192 3584
	192 3616
	0 3616
4
	1344 3584
	2400 3584
	2400 3616
	1344 3616
4
	0 3616
	160 3616
	160 3648
	0 3648
4
	1344 3616
	2400 3616
	2400 3648
	1344 3648
4
	0 3648
	160 3648
	160 3680
	0 3680
4
	1408 3648
	2400 3648
	2400 3680
	1408 3680
4
	0 3680
	160 3680
	160 3712
	0 3712
4
	1504 3680
	2176 3680
	2176 3712
	1504 3712
4
	2208 3680
	2400 3680
	2400 3712
	2208 3712
4
	0 3712
	160 3712
	160 3744
	0 3744
4
	2208 3712
	2400 3712
	2400 3744
	2208 3744
4
	0 3744
	160 3744
	160 3776
	0 3776
4
	2208 3744
	2400 3744
	2400 3776
	2208 3776
4
	0 3776
	160 3776
	160 3808
	0 3808
4
	2208 3776
	2400 3776
	2400 3808
	2208 3808
4
	0 3808
	160 3808
	160 3840
	0 3840
4
	512 3808
	608 3808
	608 3840
	512 3840
4
	2208 3808
	2400 3808
	2400 3840
	2208 3840
4
	0 3840
	800 3840
	800 3872
	0 3872
4
	2208 3840
	2400 3840
	2400 3872
	2208 3872
4
	0 3872
	864 3872
	864 3904
	0 3904
4
	1120 3872
	1184 3872
	1184 3904
	1120 3904
4
	2208 3872
	2400 3872
	2400 3904
	2208 3904
4
	0 3904
	864 3904
	864 3936
	0 3936
4
	1056 3904
	1248 3904
	1248 3936
	1056 3936
4
	2208 3904
	2400 3904
	2400 3936
	2208 3936
4
	0 3936
	832 3936
	832 3968
	0 3968
4
	1056 3936
	1248 3936
	1248 3968
	1056 3968
4
	2208 3936
	2400 3936
	2400 3968
	2208 3968
4
	0 3968
	800 3968
	800 4000
	0 4000
4
	992 3968
	1280 3968
	1280 4000
	992 4000
4
	1504 3968
	1792 3968
	1792 4000
	1504 4000
4
	1824 3968
	2112 3968
	2112 4000
	1824 4000
4
	2208 3968
	2400 3968
	2400 4000
	2208 4000
4
	0 4000
	160 4000
	160 4032
	0 4032
4
	992 4000
	1280 4000
	1280 4032
	992 4032
4
	1504 4000
	2112 4000
	2112 4032
	1504 4032
4
	2176 4000
	2400 4000
	2400 4032
	2176 4032
4
	0 4032
	160 4032
	160 4064
	0 4064
4
	992 4032
	1280 4032
	1280 4064
	992 4064
4
	1504 4032
	2112 4032
	2112 4064
	1504 4064
4
	2176 4032
	2400 4032
	2400 4064
	2176 4064
4
	0 4064
	160 4064
	160 4096
	0 4096
4
	1056 4064
	1248 4064
	1248 4096
	1056 4096
4
	1504 4064
	2112 4064
	2112 4096
	1504 4096
4
	2176 4064
	2400 4064
	2400 4096
	2176 4096
4
	0 4096
	192 4096
	192 4128
	0 4128
4
	1056 4096
	1088 4096
	1088 4128
	1056 4128
4
	1120 4096
	1184 4096
	1184 4128
	1120 4128
4
	1216 4096
	1248 4096
	1248 4128
	1216 4128
4
	1824 4096
	2112 4096
	2112 4128
	1824 4128
4
	2176 4096
	2400 4096
	2400 4128
	2176 4128
4
	0 4128
	192 4128
	192 4160
	0 4160
4
	1120 4128
	1184 4128
	1184 4160
	1120 4160
4
	2176 4128
	2400 4128
	2400 4160
	2176 4160
4
	0 4160
	192 4160
	192 4192
	0 4192
4
	2208 4160
	2400 4160
	2400 4192
	2208 4192
4
	0 4192
	192 4192
	192 4224
	0 4224
4
	2208 4192
	2400 4192
	2400 4224
	2208 4224
4
	0 4224
	192 4224
	192 4256
	0 4256
4
	2208 4224
	2400 4224
	2400 4256
	2208 4256
4
	0 4256
	160 4256
	160 4288
	0 4288
4
	2208 4256
	2400 4256
	2400 4288
	2208 4288
4
	0 4288
	160 4288
	160 4320
	0 4320
4
	2208 4288
	2400 4288
	2400 4320
	2208 4320
4
	0 4320
	160 4320
	160 4352
	0 4352
4
	800 4320
	896 4320
	896 4352
	800 4352
4
	2208 4320
	2400 4320
	2400 4352
	2208 4352
4
	0 4352
	160 4352
	160 4384
	0 4384
4
	800 4352
	896 4352
	896 4384
	800 4384
4
	1280 4352
	1376 4352
	1376 4384
	1280 4384
4
	1440 4352
	1504 4352
	1504 4384
	1440 4384
4
	1888 4352
	2016 4352
	2016 4384
	1888 4384
4
	2176 4352
	2400 4352
	2400 4384
	2176 4384
4
	0 4384
	256 4384
	256 4416
	0 4416
4
	768 4384
	928 4384
	928 4416
	768 4416
4
	1248 4384
	2048 4384
	2048 4416
	1248 4416
4
	2144 4384
	2400 4384
	2400 4416
	2144 4416
4
	0 4416
	928 4416
	928 4448
	0 4448
4
	1184 4416
	2048 4416
	2048 4448
	1184 4448
4
	2112 4416
	2400 4416
	2400 4448
	2112 4448
4
	0 4448
	928 4448
	928 4480
	0 4480
4
	1184 4448
	2048 4448
	2048 4480
	1184 4480
4
	2080 4448
	2400 4448
	2400 4480
	2080 4480
4
	0 4480
	928 4480
	928 4512
	0 4512
4
	1248 4480
	1408 4480
	1408 4512
	1248 4512
4
	1888 4480
	2400 4480
	2400 4512
	1888 4512
4
	0 4512
	256 4512
	256 4544
	0 4544
4
	768 4512
	896 4512
	896 4544
	768 4544
4
	1280 4512
	1376 4512
	1376 4544
	1280 4544
4
	1440 4512
	2400 4512
	2400 4544
	1440 4544
4
	0 4544
	160 4544
	160 4576
	0 4576
4
	1440 4544
	2400 4544
	2400 4576
	1440 4576
4
	0 4576
	160 4576
	160 4608
	0 4608
4
	1440 4576
	2400 4576
	2400 4608
	1440 4608
4
	0 4608
	160 4608
	160 4640
	0 4640
4
	1440 4608
	2400 4608
	2400 4640
	1440 4640
4
	0 4640
	160 4640
	160 4672
	0 4672
4
	1440 4640
	2400 4640
	2400 4672
	1440 4672
4
	0 4672
	160 4672
	160 4704
	0 4704
4
	1440 4672
	2400 4672
	2400 4704
	1440 4704
4
	0 4704
	160 4704
	160 4736
	0 4736
4
	1440 4704
	2400 4704
	2400 4736
	1440 4736
4
	0 4736
	192 4736
	192 4768
	0 4768
4
	1408 4736
	2400 4736
	2400 4768
	1408 4768
4
	0 4768
	224 4768
	224 4800
	0 4800
4
	1376 4768
	2400 4768
	2400 4800
	1376 4800
4
	0 4800
	2400 4800
	2400 4832
	0 4832
4
	0 4832
	2400 4832
	2400 4864
	0 4864
4
	0 4864
	2400 4864
	2400 4896
	0 4896
4
	0 4896
	2400 4896
	2400 4928
	0 4928
4
	0 4928
	2400 4928
	2400 4960
	0 4960
4
	-32 -32
	2432 -32
	2432 0
	-32 0
4
	-32 4960
	2432 4960
	2432 4992
	-32 4992
4
	-32 0
	0 0
	0 4960
	-32 4960
4
	2400 0
	2432 0
	2432 4960
	2400 4960
