1093
4
	0 0
	9696 0
	9696 32
	0 32
4
	0 32
	9696 32
	9696 64
	0 64
4
	0 64
	9696 64
	9696 96
	0 96
4
	0 96
	9696 96
	9696 128
	0 128
4
	0 128
	1824 128
	1824 160
	0 160
4
	1920 128
	2048 128
	2048 160
	1920 160
4
	2112 128
	2816 128
	2816 160
	2112 160
4
	2848 128
	9696 128
	9696 160
	2848 160
4
	0 160
	1792 160
	1792 192
	0 192
4
	2112 160
	2720 160
	2720 192
	2112 192
4
	2880 160
	9696 160
	9696 192
	2880 192
4
	0 192
	1792 192
	1792 224
	0 224
4
	2112 192
	2592 192
	2592 224
	2112 224
4
	2912 192
	9696 192
	9696 224
	2912 224
4
	0 224
	1792 224
	1792 256
	0 256
4
	2144 224
	2560 224
	2560 256
	2144 256
4
	2912 224
	9696 224
	9696 256
	2912 256
4
	0 256
	1792 256
	1792 288
	0 288
4
	2144 256
	2560 256
	2560 288
	2144 288
4
	2656 256
	2816 256
	2816 288
	2656 288
4
	2912 256
	9696 256
	9696 288
	2912 288
4
	0 288
	1728 288
	1728 320
	0 320
4
	2208 288
	2496 288
	2496 320
	2208 320
4
	2656 288
	2816 288
	2816 320
	2656 320
4
	2976 288
	9696 288
	9696 320
	2976 320
4
	0 320
	1728 320
	1728 352
	0 352
4
	2144 320
	2496 320
	2496 352
	2144 352
4
	2656 320
	2816 320
	2816 352
	2656 352
4
	2976 320
	9696 320
	9696 352
	2976 352
4
	0 352
	1728 352
	1728 384
	0 384
4
	2144 352
	2496 352
	2496 384
	2144 384
4
	2656 352
	2816 352
	2816 384
	2656 384
4
	2976 352
	9696 352
	9696 384
	2976 384
4
	0 384
	1728 384
	1728 416
	0 416
4
	2144 384
	2496 384
	2496 416
	2144 416
4
	2656 384
	2816 384
	2816 416
	2656 416
4
	2976 384
	9696 384
	9696 416
	2976 416
4
	0 416
	1888 416
	1888 448
	0 448
4
	2144 416
	2496 416
	2496 448
	2144 448
4
	2656 416
	2816 416
	2816 448
	2656 448
4
	2976 416
	9696 416
	9696 448
	2976 448
4
	0 448
	1888 448
	1888 480
	0 480
4
	2144 448
	2496 448
	2496 480
	2144 480
4
	2656 448
	2816 448
	2816 480
	2656 480
4
	2976 448
	9696 448
	9696 480
	2976 480
4
	0 480
	1888 480
	1888 512
	0 512
4
	2144 480
	2496 480
	2496 512
	2144 512
4
	2656 480
	2816 480
	2816 512
	2656 512
4
	2976 480
	9696 480
	9696 512
	2976 512
4
	0 512
	1888 512
	1888 544
	0 544
4
	2144 512
	2496 512
	2496 544
	2144 544
4
	2656 512
	2816 512
	2816 544
	2656 544
4
	2976 512
	9696 512
	9696 544
	2976 544
4
	0 544
	1888 544
	1888 576
	0 576
4
	2144 544
	2496 544
	2496 576
	2144 576
4
	2976 544
	9696 544
	9696 576
	2976 576
4
	0 576
	1888 576
	1888 608
	0 608
4
	2112 576
	2496 576
	2496 608
	2112 608
4
	2976 576
	9696 576
	9696 608
	2976 608
4
	0 608
	1888 608
	1888 640
	0 640
4
	2112 608
	2496 608
	2496 640
	2112 640
4
	2976 608
	9696 608
	9696 640
	2976 640
4
	0 640
	1888 640
	1888 672
	0 672
4
	2080 640
	2496 640
	2496 672
	2080 672
4
	2976 640
	9696 640
	9696 672
	2976 672
4
	0 672
	1888 672
	1888 704
	0 704
4
	1984 672
	2496 672
	2496 704
	1984 704
4
	2560 672
	2656 672
	2656 704
	2560 704
4
	2752 672
	9696 672
	9696 704
	2752 704
4
	0 704
	1888 704
	1888 736
	0 736
4
	1984 704
	2656 704
	2656 736
	1984 736
4
	2752 704
	9696 704
	9696 736
	2752 736
4
	0 736
	1888 736
	1888 768
	0 768
4
	1984 736
	2656 736
	2656 768
	1984 768
4
	2752 736
	9696 736
	9696 768
	2752 768
4
	0 768
	1888 768
	1888 800
	0 800
4
	1984 768
	2528 768
	2528 800
	1984 800
4
	2560 768
	2656 768
	2656 800
	2560 800
4
	2752 768
	9696 768
	9696 800
	2752 800
4
	0 800
	1792 800
	1792 832
	0 832
4
	2080 800
	2528 800
	2528 832
	2080 832
4
	2848 800
	9696 800
	9696 832
	2848 832
4
	0 832
	1664 832
	1664 864
	0 864
4
	2112 832
	2528 832
	2528 864
	2112 864
4
	2976 832
	9696 832
	9696 864
	2976 864
4
	0 864
	1664 864
	1664 896
	0 896
4
	1696 864
	1728 864
	1728 896
	1696 896
4
	2112 864
	2528 864
	2528 896
	2112 896
4
	2976 864
	9696 864
	9696 896
	2976 896
4
	0 896
	1664 896
	1664 928
	0 928
4
	2272 896
	2368 896
	2368 928
	2272 928
4
	2976 896
	9696 896
	9696 928
	2976 928
4
	0 928
	1664 928
	1664 960
	0 960
4
	2272 928
	2368 928
	2368 960
	2272 960
4
	2976 928
	9696 928
	9696 960
	2976 960
4
	0 960
	1664 960
	1664 992
	0 992
4
	2976 960
	9696 960
	9696 992
	2976 992
4
	0 992
	1664 992
	1664 1024
	0 1024
4
	2976 992
	9696 992
	9696 1024
	2976 1024
4
	0 1024
	1664 1024
	1664 1056
	0 1056
4
	2976 1024
	9696 1024
	9696 1056
	2976 1056
4
	0 1056
	1664 1056
	1664 1088
	0 1088
4
	2976 1056
	9696 1056
	9696 1088
	2976 1088
4
	0 1088
	1664 1088
	1664 1120
	0 1120
4
	2976 1088
	9696 1088
	9696 1120
	2976 1120
4
	0 1120
	1664 1120
	1664 1152
	0 1152
4
	2976 1120
	9696 1120
	9696 1152
	2976 1152
4
	0 1152
	1664 1152
	1664 1184
	0 1184
4
	2976 1152
	9696 1152
	9696 1184
	2976 1184
4
	0 1184
	1664 1184
	1664 1216
	0 1216
4
	2976 1184
	9696 1184
	9696 1216
	2976 1216
4
	0 1216
	1216 1216
	1216 1248
	0 1248
4
	1504 1216
	1664 1216
	1664 1248
	1504 1248
4
	2976 1216
	3232 1216
	3232 1248
	2976 1248
4
	3328 1216
	3616 1216
	3616 1248
	3328 1248
4
	3712 1216
	9696 1216
	9696 1248
	3712 1248
4
	0 1248
	1184 1248
	1184 1280
	0 1280
4
	1536 1248
	1664 1248
	1664 1280
	1536 1280
4
	4128 1248
	9696 1248
	9696 1280
	4128 1280
4
	0 1280
	1152 1280
	1152 1312
	0 1312
4
	4128 1280
	4224 1280
	4224 1312
	4128 1312
4
	4576 1280
	9696 1280
	9696 1312
	4576 1312
4
	0 1312
	1120 1312
	1120 1344
	0 1344
4
	4128 1312
	4224 1312
	4224 1344
	4128 1344
4
	4576 1312
	9696 1312
	9696 1344
	4576 1344
4
	0 1344
	1152 1344
	1152 1376
	0 1376
4
	4160 1344
	4224 1344
	4224 1376
	4160 1376
4
	4576 1344
	9696 1344
	9696 1376
	4576 1376
4
	0 1376
	1184 1376
	1184 1408
	0 1408
4
	1536 1376
	1664 1376
	1664 1408
	1536 1408
4
	4576 1376
	9696 1376
	9696 1408
	4576 1408
4
	0 1408
	1664 1408
	1664 1440
	0 1440
4
	2112 1408
	2176 1408
	2176 1440
	2112 1440
4
	2496 1408
	2528 1408
	2528 1440
	2496 1440
4
	4640 1408
	9696 1408
	9696 1440
	4640 1440
4
	0 1440
	1664 1440
	1664 1472
	0 1472
4
	2080 1440
	2176 1440
	2176 1472
	2080 1472
4
	2496 1440
	2592 1440
	2592 1472
	2496 1472
4
	4640 1440
	9696 1440
	9696 1472
	4640 1472
4
	0 1472
	1664 1472
	1664 1504
	0 1504
4
	2048 1472
	2176 1472
	2176 1504
	2048 1504
4
	2496 1472
	2592 1472
	2592 1504
	2496 1504
4
	4640 1472
	9696 1472
	9696 1504
	4640 1504
4
	0 1504
	1664 1504
	1664 1536
	0 1536
4
	2048 1504
	2144 1504
	2144 1536
	2048 1536
4
	2528 1504
	2624 1504
	2624 1536
	2528 1536
4
	4640 1504
	9696 1504
	9696 1536
	4640 1536
4
	0 1536
	1664 1536
	1664 1568
	0 1568
4
	4640 1536
	9696 1536
	9696 1568
	4640 1568
4
	0 1568
	1664 1568
	1664 1600
	0 1600
4
	4640 1568
	9696 1568
	9696 1600
	4640 1600
4
	0 1600
	1664 1600
	1664 1632
	0 1632
4
	4640 1600
	9696 1600
	9696 1632
	4640 1632
4
	0 1632
	1664 1632
	1664 1664
	0 1664
4
	4576 1632
	9696 1632
	9696 1664
	4576 1664
4
	0 1664
	1664 1664
	1664 1696
	0 1696
4
	2272 1664
	2368 1664
	2368 1696
	2272 1696
4
	4160 1664
	4224 1664
	4224 1696
	4160 1696
4
	4576 1664
	9696 1664
	9696 1696
	4576 1696
4
	0 1696
	1664 1696
	1664 1728
	0 1728
4
	2272 1696
	2368 1696
	2368 1728
	2272 1728
4
	4160 1696
	4224 1696
	4224 1728
	4160 1728
4
	4576 1696
	9696 1696
	9696 1728
	4576 1728
4
	0 1728
	1664 1728
	1664 1760
	0 1760
4
	2272 1728
	2368 1728
	2368 1760
	2272 1760
4
	4160 1728
	4224 1728
	4224 1760
	4160 1760
4
	4576 1728
	9696 1728
	9696 1760
	4576 1760
4
	0 1760
	1664 1760
	1664 1792
	0 1792
4
	2272 1760
	2368 1760
	2368 1792
	2272 1792
4
	2976 1760
	3232 1760
	3232 1792
	2976 1792
4
	3328 1760
	3616 1760
	3616 1792
	3328 1792
4
	3712 1760
	9696 1760
	9696 1792
	3712 1792
4
	0 1792
	1664 1792
	1664 1824
	0 1824
4
	2976 1792
	3232 1792
	3232 1824
	2976 1824
4
	3328 1792
	3616 1792
	3616 1824
	3328 1824
4
	3712 1792
	9696 1792
	9696 1824
	3712 1824
4
	0 1824
	1664 1824
	1664 1856
	0 1856
4
	2976 1824
	9696 1824
	9696 1856
	2976 1856
4
	0 1856
	1664 1856
	1664 1888
	0 1888
4
	2976 1856
	9696 1856
	9696 1888
	2976 1888
4
	0 1888
	1664 1888
	1664 1920
	0 1920
4
	2080 1888
	2112 1888
	2112 1920
	2080 1920
4
	2976 1888
	9696 1888
	9696 1920
	2976 1920
4
	0 1920
	1664 1920
	1664 1952
	0 1952
4
	2048 1920
	2144 1920
	2144 1952
	2048 1952
4
	2464 1920
	2592 1920
	2592 1952
	2464 1952
4
	2976 1920
	9696 1920
	9696 1952
	2976 1952
4
	0 1952
	1664 1952
	1664 1984
	0 1984
4
	2080 1952
	2176 1952
	2176 1984
	2080 1984
4
	2464 1952
	2560 1952
	2560 1984
	2464 1984
4
	2976 1952
	9696 1952
	9696 1984
	2976 1984
4
	0 1984
	1216 1984
	1216 2016
	0 2016
4
	1504 1984
	1664 1984
	1664 2016
	1504 2016
4
	2112 1984
	2176 1984
	2176 2016
	2112 2016
4
	2464 1984
	2528 1984
	2528 2016
	2464 2016
4
	2976 1984
	9696 1984
	9696 2016
	2976 2016
4
	0 2016
	1184 2016
	1184 2048
	0 2048
4
	1536 2016
	1664 2016
	1664 2048
	1536 2048
4
	2144 2016
	2176 2016
	2176 2048
	2144 2048
4
	2464 2016
	2496 2016
	2496 2048
	2464 2048
4
	2976 2016
	9696 2016
	9696 2048
	2976 2048
4
	0 2048
	1152 2048
	1152 2080
	0 2080
4
	2976 2048
	9696 2048
	9696 2080
	2976 2080
4
	0 2080
	1120 2080
	1120 2112
	0 2112
4
	2976 2080
	9696 2080
	9696 2112
	2976 2112
4
	0 2112
	1152 2112
	1152 2144
	0 2144
4
	2976 2112
	9696 2112
	9696 2144
	2976 2144
4
	0 2144
	1184 2144
	1184 2176
	0 2176
4
	1536 2144
	1664 2144
	1664 2176
	1536 2176
4
	2976 2144
	9696 2144
	9696 2176
	2976 2176
4
	0 2176
	1664 2176
	1664 2208
	0 2208
4
	2976 2176
	9696 2176
	9696 2208
	2976 2208
4
	0 2208
	1664 2208
	1664 2240
	0 2240
4
	2976 2208
	9696 2208
	9696 2240
	2976 2240
4
	0 2240
	1664 2240
	1664 2272
	0 2272
4
	2976 2240
	9696 2240
	9696 2272
	2976 2272
4
	0 2272
	1664 2272
	1664 2304
	0 2304
4
	2976 2272
	9696 2272
	9696 2304
	2976 2304
4
	0 2304
	1664 2304
	1664 2336
	0 2336
4
	2976 2304
	9696 2304
	9696 2336
	2976 2336
4
	0 2336
	1664 2336
	1664 2368
	0 2368
4
	2976 2336
	9696 2336
	9696 2368
	2976 2368
4
	0 2368
	1696 2368
	1696 2400
	0 2400
4
	2944 2368
	9696 2368
	9696 2400
	2944 2400
4
	0 2400
	1792 2400
	1792 2432
	0 2432
4
	2848 2400
	9696 2400
	9696 2432
	2848 2432
4
	0 2432
	1824 2432
	1824 2464
	0 2464
4
	2816 2432
	9696 2432
	9696 2464
	2816 2464
4
	0 2464
	1824 2464
	1824 2496
	0 2496
4
	2816 2464
	9696 2464
	9696 2496
	2816 2496
4
	0 2496
	1824 2496
	1824 2528
	0 2528
4
	1920 2496
	2144 2496
	2144 2528
	1920 2528
4
	2496 2496
	2720 2496
	2720 2528
	2496 2528
4
	2816 2496
	9696 2496
	9696 2528
	2816 2528
4
	0 2528
	2144 2528
	2144 2560
	0 2560
4
	2496 2528
	9696 2528
	9696 2560
	2496 2560
4
	0 2560
	2144 2560
	2144 2592
	0 2592
4
	2496 2560
	9696 2560
	9696 2592
	2496 2592
4
	0 2592
	2144 2592
	2144 2624
	0 2624
4
	2464 2592
	9696 2592
	9696 2624
	2464 2624
4
	0 2624
	2144 2624
	2144 2656
	0 2656
4
	2464 2624
	9696 2624
	9696 2656
	2464 2656
4
	0 2656
	2144 2656
	2144 2688
	0 2688
4
	2496 2656
	9696 2656
	9696 2688
	2496 2688
4
	0 2688
	2080 2688
	2080 2720
	0 2720
4
	2560 2688
	9696 2688
	9696 2720
	2560 2720
4
	0 2720
	2080 2720
	2080 2752
	0 2752
4
	2560 2720
	9696 2720
	9696 2752
	2560 2752
4
	0 2752
	2080 2752
	2080 2784
	0 2784
4
	2560 2752
	9696 2752
	9696 2784
	2560 2784
4
	0 2784
	2080 2784
	2080 2816
	0 2816
4
	2560 2784
	9696 2784
	9696 2816
	2560 2816
4
	0 2816
	2080 2816
	2080 2848
	0 2848
4
	2560 2816
	9696 2816
	9696 2848
	2560 2848
4
	0 2848
	2080 2848
	2080 2880
	0 2880
4
	2560 2848
	9696 2848
	9696 2880
	2560 2880
4
	0 2880
	2080 2880
	2080 2912
	0 2912
4
	2560 2880
	9696 2880
	9696 2912
	2560 2912
4
	0 2912
	2080 2912
	2080 2944
	0 2944
4
	2560 2912
	9696 2912
	9696 2944
	2560 2944
4
	0 2944
	2080 2944
	2080 2976
	0 2976
4
	2560 2944
	9696 2944
	9696 2976
	2560 2976
4
	0 2976
	2080 2976
	2080 3008
	0 3008
4
	2560 2976
	9696 2976
	9696 3008
	2560 3008
4
	0 3008
	2080 3008
	2080 3040
	0 3040
4
	2560 3008
	9696 3008
	9696 3040
	2560 3040
4
	0 3040
	2080 3040
	2080 3072
	0 3072
4
	2560 3040
	9696 3040
	9696 3072
	2560 3072
4
	0 3072
	2080 3072
	2080 3104
	0 3104
4
	2560 3072
	9696 3072
	9696 3104
	2560 3104
4
	0 3104
	2080 3104
	2080 3136
	0 3136
4
	2560 3104
	9696 3104
	9696 3136
	2560 3136
4
	0 3136
	2080 3136
	2080 3168
	0 3168
4
	2560 3136
	9696 3136
	9696 3168
	2560 3168
4
	0 3168
	2080 3168
	2080 3200
	0 3200
4
	2560 3168
	9696 3168
	9696 3200
	2560 3200
4
	0 3200
	2080 3200
	2080 3232
	0 3232
4
	2560 3200
	9696 3200
	9696 3232
	2560 3232
4
	0 3232
	2112 3232
	2112 3264
	0 3264
4
	2560 3232
	9696 3232
	9696 3264
	2560 3264
4
	0 3264
	2080 3264
	2080 3296
	0 3296
4
	2560 3264
	9696 3264
	9696 3296
	2560 3296
4
	0 3296
	2080 3296
	2080 3328
	0 3328
4
	2560 3296
	9696 3296
	9696 3328
	2560 3328
4
	0 3328
	2080 3328
	2080 3360
	0 3360
4
	2560 3328
	9696 3328
	9696 3360
	2560 3360
4
	0 3360
	2080 3360
	2080 3392
	0 3392
4
	2560 3360
	9696 3360
	9696 3392
	2560 3392
4
	0 3392
	2080 3392
	2080 3424
	0 3424
4
	2560 3392
	9696 3392
	9696 3424
	2560 3424
4
	0 3424
	2080 3424
	2080 3456
	0 3456
4
	2560 3424
	9696 3424
	9696 3456
	2560 3456
4
	0 3456
	2080 3456
	2080 3488
	0 3488
4
	2560 3456
	9696 3456
	9696 3488
	2560 3488
4
	0 3488
	2080 3488
	2080 3520
	0 3520
4
	2560 3488
	9696 3488
	9696 3520
	2560 3520
4
	0 3520
	2080 3520
	2080 3552
	0 3552
4
	2560 3520
	9696 3520
	9696 3552
	2560 3552
4
	0 3552
	2080 3552
	2080 3584
	0 3584
4
	2560 3552
	9696 3552
	9696 3584
	2560 3584
4
	0 3584
	2080 3584
	2080 3616
	0 3616
4
	2560 3584
	9696 3584
	9696 3616
	2560 3616
4
	0 3616
	2080 3616
	2080 3648
	0 3648
4
	2528 3616
	9696 3616
	9696 3648
	2528 3648
4
	0 3648
	2080 3648
	2080 3680
	0 3680
4
	2560 3648
	9696 3648
	9696 3680
	2560 3680
4
	0 3680
	2080 3680
	2080 3712
	0 3712
4
	2560 3680
	9696 3680
	9696 3712
	2560 3712
4
	0 3712
	2080 3712
	2080 3744
	0 3744
4
	2560 3712
	9696 3712
	9696 3744
	2560 3744
4
	0 3744
	2080 3744
	2080 3776
	0 3776
4
	2560 3744
	9696 3744
	9696 3776
	2560 3776
4
	0 3776
	2080 3776
	2080 3808
	0 3808
4
	2560 3776
	9696 3776
	9696 3808
	2560 3808
4
	0 3808
	2080 3808
	2080 3840
	0 3840
4
	2560 3808
	9696 3808
	9696 3840
	2560 3840
4
	0 3840
	2080 3840
	2080 3872
	0 3872
4
	2560 3840
	9696 3840
	9696 3872
	2560 3872
4
	0 3872
	2080 3872
	2080 3904
	0 3904
4
	2560 3872
	9696 3872
	9696 3904
	2560 3904
4
	0 3904
	2080 3904
	2080 3936
	0 3936
4
	2560 3904
	9696 3904
	9696 3936
	2560 3936
4
	0 3936
	2080 3936
	2080 3968
	0 3968
4
	2560 3936
	9696 3936
	9696 3968
	2560 3968
4
	0 3968
	2080 3968
	2080 4000
	0 4000
4
	2560 3968
	9696 3968
	9696 4000
	2560 4000
4
	0 4000
	2080 4000
	2080 4032
	0 4032
4
	2560 4000
	9696 4000
	9696 4032
	2560 4032
4
	0 4032
	2080 4032
	2080 4064
	0 4064
4
	2560 4032
	9696 4032
	9696 4064
	2560 4064
4
	0 4064
	1472 4064
	1472 4096
	0 4096
4
	1632 4064
	2208 4064
	2208 4096
	1632 4096
4
	2432 4064
	9696 4064
	9696 4096
	2432 4096
4
	0 4096
	1440 4096
	1440 4128
	0 4128
4
	1664 4096
	2208 4096
	2208 4128
	1664 4128
4
	2432 4096
	9696 4096
	9696 4128
	2432 4128
4
	0 4128
	1408 4128
	1408 4160
	0 4160
4
	1696 4128
	2208 4128
	2208 4160
	1696 4160
4
	2432 4128
	2528 4128
	2528 4160
	2432 4160
4
	2560 4128
	9696 4128
	9696 4160
	2560 4160
4
	0 4160
	1376 4160
	1376 4192
	0 4192
4
	1728 4160
	2080 4160
	2080 4192
	1728 4192
4
	2560 4160
	9696 4160
	9696 4192
	2560 4192
4
	0 4192
	1376 4192
	1376 4224
	0 4224
4
	1728 4192
	2144 4192
	2144 4224
	1728 4224
4
	2496 4192
	9696 4192
	9696 4224
	2496 4224
4
	0 4224
	1376 4224
	1376 4256
	0 4256
4
	1696 4224
	2176 4224
	2176 4256
	1696 4256
4
	2464 4224
	9696 4224
	9696 4256
	2464 4256
4
	0 4256
	1376 4256
	1376 4288
	0 4288
4
	1696 4256
	2176 4256
	2176 4288
	1696 4288
4
	2464 4256
	6080 4256
	6080 4288
	2464 4288
4
	8416 4256
	9696 4256
	9696 4288
	8416 4288
4
	0 4288
	1376 4288
	1376 4320
	0 4320
4
	1728 4288
	2176 4288
	2176 4320
	1728 4320
4
	2464 4288
	7008 4288
	7008 4320
	2464 4320
4
	7104 4288
	9696 4288
	9696 4320
	7104 4320
4
	0 4320
	1056 4320
	1056 4352
	0 4352
4
	1152 4320
	1376 4320
	1376 4352
	1152 4352
4
	1728 4320
	2176 4320
	2176 4352
	1728 4352
4
	2464 4320
	2720 4320
	2720 4352
	2464 4352
4
	2816 4320
	7008 4320
	7008 4352
	2816 4352
4
	7104 4320
	9696 4320
	9696 4352
	7104 4352
4
	0 4352
	1024 4352
	1024 4384
	0 4384
4
	2016 4352
	2176 4352
	2176 4384
	2016 4384
4
	2464 4352
	2624 4352
	2624 4384
	2464 4384
4
	2848 4352
	7008 4352
	7008 4384
	2848 4384
4
	7104 4352
	9696 4352
	9696 4384
	7104 4384
4
	0 4384
	992 4384
	992 4416
	0 4416
4
	2048 4384
	2144 4384
	2144 4416
	2048 4416
4
	2496 4384
	2592 4384
	2592 4416
	2496 4416
4
	2880 4384
	7008 4384
	7008 4416
	2880 4416
4
	7104 4384
	9696 4384
	9696 4416
	7104 4416
4
	0 4416
	960 4416
	960 4448
	0 4448
4
	2048 4416
	2144 4416
	2144 4448
	2048 4448
4
	2496 4416
	2592 4416
	2592 4448
	2496 4448
4
	2912 4416
	6176 4416
	6176 4448
	2912 4448
4
	6784 4416
	6944 4416
	6944 4448
	6784 4448
4
	7552 4416
	7712 4416
	7712 4448
	7552 4448
4
	8320 4416
	9696 4416
	9696 4448
	8320 4448
4
	0 4448
	928 4448
	928 4480
	0 4480
4
	2944 4448
	6080 4448
	6080 4480
	2944 4480
4
	8448 4448
	9696 4448
	9696 4480
	8448 4480
4
	0 4480
	896 4480
	896 4512
	0 4512
4
	2976 4480
	6048 4480
	6048 4512
	2976 4512
4
	8480 4480
	9696 4480
	9696 4512
	8480 4512
4
	0 4512
	896 4512
	896 4544
	0 4544
4
	2976 4512
	6016 4512
	6016 4544
	2976 4544
4
	8512 4512
	9696 4512
	9696 4544
	8512 4544
4
	0 4544
	896 4544
	896 4576
	0 4576
4
	2976 4544
	5984 4544
	5984 4576
	2976 4576
4
	8544 4544
	9696 4544
	9696 4576
	8544 4576
4
	0 4576
	896 4576
	896 4608
	0 4608
4
	2976 4576
	5952 4576
	5952 4608
	2976 4608
4
	8576 4576
	9696 4576
	9696 4608
	8576 4608
4
	0 4608
	896 4608
	896 4640
	0 4640
4
	2976 4608
	3488 4608
	3488 4640
	2976 4640
4
	3520 4608
	5920 4608
	5920 4640
	3520 4640
4
	8608 4608
	9696 4608
	9696 4640
	8608 4640
4
	0 4640
	896 4640
	896 4672
	0 4672
4
	2976 4640
	3456 4640
	3456 4672
	2976 4672
4
	3552 4640
	3648 4640
	3648 4672
	3552 4672
4
	3680 4640
	5888 4640
	5888 4672
	3680 4672
4
	8640 4640
	9696 4640
	9696 4672
	8640 4672
4
	0 4672
	896 4672
	896 4704
	0 4704
4
	2976 4672
	3424 4672
	3424 4704
	2976 4704
4
	3712 4672
	5856 4672
	5856 4704
	3712 4704
4
	8672 4672
	9696 4672
	9696 4704
	8672 4704
4
	0 4704
	864 4704
	864 4736
	0 4736
4
	3168 4704
	3424 4704
	3424 4736
	3168 4736
4
	3744 4704
	5824 4704
	5824 4736
	3744 4736
4
	8704 4704
	9696 4704
	9696 4736
	8704 4736
4
	0 4736
	832 4736
	832 4768
	0 4768
4
	3776 4736
	5792 4736
	5792 4768
	3776 4768
4
	8736 4736
	9696 4736
	9696 4768
	8736 4768
4
	0 4768
	672 4768
	672 4800
	0 4800
4
	3808 4768
	5760 4768
	5760 4800
	3808 4800
4
	8768 4768
	9696 4768
	9696 4800
	8768 4800
4
	0 4800
	640 4800
	640 4832
	0 4832
4
	768 4800
	832 4800
	832 4832
	768 4832
4
	3776 4800
	5728 4800
	5728 4832
	3776 4832
4
	8800 4800
	9696 4800
	9696 4832
	8800 4832
4
	0 4832
	608 4832
	608 4864
	0 4864
4
	736 4832
	864 4832
	864 4864
	736 4864
4
	1440 4832
	1664 4832
	1664 4864
	1440 4864
4
	2208 4832
	2432 4832
	2432 4864
	2208 4864
4
	3776 4832
	5696 4832
	5696 4864
	3776 4864
4
	8832 4832
	9696 4832
	9696 4864
	8832 4864
4
	0 4864
	608 4864
	608 4896
	0 4896
4
	704 4864
	864 4864
	864 4896
	704 4896
4
	1440 4864
	1664 4864
	1664 4896
	1440 4896
4
	2208 4864
	2432 4864
	2432 4896
	2208 4896
4
	3360 4864
	3456 4864
	3456 4896
	3360 4896
4
	3776 4864
	5664 4864
	5664 4896
	3776 4896
4
	8864 4864
	9696 4864
	9696 4896
	8864 4896
4
	0 4896
	608 4896
	608 4928
	0 4928
4
	672 4896
	832 4896
	832 4928
	672 4928
4
	1440 4896
	1664 4896
	1664 4928
	1440 4928
4
	2208 4896
	2432 4896
	2432 4928
	2208 4928
4
	3296 4896
	3456 4896
	3456 4928
	3296 4928
4
	3808 4896
	5632 4896
	5632 4928
	3808 4928
4
	8896 4896
	9696 4896
	9696 4928
	8896 4928
4
	0 4928
	608 4928
	608 4960
	0 4960
4
	640 4928
	800 4928
	800 4960
	640 4960
4
	1440 4928
	1664 4928
	1664 4960
	1440 4960
4
	2208 4928
	2432 4928
	2432 4960
	2208 4960
4
	3264 4928
	3424 4928
	3424 4960
	3264 4960
4
	3808 4928
	5632 4928
	5632 4960
	3808 4960
4
	8896 4928
	9696 4928
	9696 4960
	8896 4960
4
	0 4960
	608 4960
	608 4992
	0 4992
4
	640 4960
	768 4960
	768 4992
	640 4992
4
	1440 4960
	1664 4960
	1664 4992
	1440 4992
4
	2208 4960
	2432 4960
	2432 4992
	2208 4992
4
	3232 4960
	3360 4960
	3360 4992
	3232 4992
4
	3776 4960
	5632 4960
	5632 4992
	3776 4992
4
	8896 4960
	9696 4960
	9696 4992
	8896 4992
4
	0 4992
	576 4992
	576 5024
	0 5024
4
	640 4992
	736 4992
	736 5024
	640 5024
4
	1440 4992
	1664 4992
	1664 5024
	1440 5024
4
	2208 4992
	2432 4992
	2432 5024
	2208 5024
4
	3232 4992
	3296 4992
	3296 5024
	3232 5024
4
	3488 4992
	3552 4992
	3552 5024
	3488 5024
4
	3776 4992
	5632 4992
	5632 5024
	3776 5024
4
	8896 4992
	9696 4992
	9696 5024
	8896 5024
4
	0 5024
	544 5024
	544 5056
	0 5056
4
	1440 5024
	1664 5024
	1664 5056
	1440 5056
4
	2208 5024
	2432 5024
	2432 5056
	2208 5056
4
	3488 5024
	3584 5024
	3584 5056
	3488 5056
4
	3712 5024
	4480 5024
	4480 5056
	3712 5056
4
	4960 5024
	5152 5024
	5152 5056
	4960 5056
4
	5376 5024
	5632 5024
	5632 5056
	5376 5056
4
	8896 5024
	9696 5024
	9696 5056
	8896 5056
4
	0 5056
	544 5056
	544 5088
	0 5088
4
	1440 5056
	1664 5056
	1664 5088
	1440 5088
4
	2208 5056
	2432 5056
	2432 5088
	2208 5088
4
	3488 5056
	3584 5056
	3584 5088
	3488 5088
4
	3680 5056
	4480 5056
	4480 5088
	3680 5088
4
	4960 5056
	5152 5056
	5152 5088
	4960 5088
4
	5472 5056
	5632 5056
	5632 5088
	5472 5088
4
	8896 5056
	9696 5056
	9696 5088
	8896 5088
4
	0 5088
	544 5088
	544 5120
	0 5120
4
	3456 5088
	3552 5088
	3552 5120
	3456 5120
4
	3680 5088
	4480 5088
	4480 5120
	3680 5120
4
	4960 5088
	5152 5088
	5152 5120
	4960 5120
4
	5472 5088
	5632 5088
	5632 5120
	5472 5120
4
	8896 5088
	9696 5088
	9696 5120
	8896 5120
4
	0 5120
	64 5120
	64 5152
	0 5152
4
	128 5120
	288 5120
	288 5152
	128 5152
4
	384 5120
	544 5120
	544 5152
	384 5152
4
	3424 5120
	3520 5120
	3520 5152
	3424 5152
4
	3680 5120
	4480 5120
	4480 5152
	3680 5152
4
	4960 5120
	5152 5120
	5152 5152
	4960 5152
4
	5472 5120
	5632 5120
	5632 5152
	5472 5152
4
	8896 5120
	9696 5120
	9696 5152
	8896 5152
4
	0 5152
	64 5152
	64 5184
	0 5184
4
	384 5152
	544 5152
	544 5184
	384 5184
4
	3424 5152
	3520 5152
	3520 5184
	3424 5184
4
	3680 5152
	4192 5152
	4192 5184
	3680 5184
4
	4224 5152
	4480 5152
	4480 5184
	4224 5184
4
	4960 5152
	5120 5152
	5120 5184
	4960 5184
4
	5472 5152
	5632 5152
	5632 5184
	5472 5184
4
	8896 5152
	9696 5152
	9696 5184
	8896 5184
4
	0 5184
	64 5184
	64 5216
	0 5216
4
	1824 5184
	2048 5184
	2048 5216
	1824 5216
4
	3424 5184
	3488 5184
	3488 5216
	3424 5216
4
	3680 5184
	4192 5184
	4192 5216
	3680 5216
4
	4224 5184
	4448 5184
	4448 5216
	4224 5216
4
	4960 5184
	5024 5184
	5024 5216
	4960 5216
4
	5472 5184
	5632 5184
	5632 5216
	5472 5216
4
	8896 5184
	9696 5184
	9696 5216
	8896 5216
4
	0 5216
	64 5216
	64 5248
	0 5248
4
	1824 5216
	2048 5216
	2048 5248
	1824 5248
4
	3680 5216
	4192 5216
	4192 5248
	3680 5248
4
	4320 5216
	4384 5216
	4384 5248
	4320 5248
4
	4960 5216
	5024 5216
	5024 5248
	4960 5248
4
	5376 5216
	5632 5216
	5632 5248
	5376 5248
4
	8896 5216
	9696 5216
	9696 5248
	8896 5248
4
	1760 5248
	2112 5248
	2112 5280
	1760 5280
4
	3680 5248
	4192 5248
	4192 5280
	3680 5280
4
	4960 5248
	5024 5248
	5024 5280
	4960 5280
4
	5376 5248
	5632 5248
	5632 5280
	5376 5280
4
	8896 5248
	9696 5248
	9696 5280
	8896 5280
4
	1760 5280
	2112 5280
	2112 5312
	1760 5312
4
	3680 5280
	4192 5280
	4192 5312
	3680 5312
4
	4960 5280
	5024 5280
	5024 5312
	4960 5312
4
	5376 5280
	5632 5280
	5632 5312
	5376 5312
4
	8896 5280
	9696 5280
	9696 5312
	8896 5312
4
	1120 5312
	1216 5312
	1216 5344
	1120 5344
4
	1760 5312
	2112 5312
	2112 5344
	1760 5344
4
	2656 5312
	2752 5312
	2752 5344
	2656 5344
4
	3680 5312
	4192 5312
	4192 5344
	3680 5344
4
	4960 5312
	5024 5312
	5024 5344
	4960 5344
4
	5376 5312
	5632 5312
	5632 5344
	5376 5344
4
	8896 5312
	9696 5312
	9696 5344
	8896 5344
4
	1120 5344
	1216 5344
	1216 5376
	1120 5376
4
	1760 5344
	2112 5344
	2112 5376
	1760 5376
4
	2656 5344
	2752 5344
	2752 5376
	2656 5376
4
	3680 5344
	4192 5344
	4192 5376
	3680 5376
4
	4320 5344
	4384 5344
	4384 5376
	4320 5376
4
	4960 5344
	5024 5344
	5024 5376
	4960 5376
4
	5472 5344
	5632 5344
	5632 5376
	5472 5376
4
	8896 5344
	9696 5344
	9696 5376
	8896 5376
4
	1120 5376
	1216 5376
	1216 5408
	1120 5408
4
	1760 5376
	2112 5376
	2112 5408
	1760 5408
4
	2656 5376
	2752 5376
	2752 5408
	2656 5408
4
	3680 5376
	4192 5376
	4192 5408
	3680 5408
4
	4224 5376
	4448 5376
	4448 5408
	4224 5408
4
	4960 5376
	5120 5376
	5120 5408
	4960 5408
4
	5472 5376
	5632 5376
	5632 5408
	5472 5408
4
	8896 5376
	9696 5376
	9696 5408
	8896 5408
4
	1760 5408
	2112 5408
	2112 5440
	1760 5440
4
	3680 5408
	4192 5408
	4192 5440
	3680 5440
4
	4224 5408
	4480 5408
	4480 5440
	4224 5440
4
	4960 5408
	5152 5408
	5152 5440
	4960 5440
4
	5472 5408
	5632 5408
	5632 5440
	5472 5440
4
	8896 5408
	9696 5408
	9696 5440
	8896 5440
4
	1760 5440
	2112 5440
	2112 5472
	1760 5472
4
	3680 5440
	4480 5440
	4480 5472
	3680 5472
4
	4960 5440
	5152 5440
	5152 5472
	4960 5472
4
	5472 5440
	5632 5440
	5632 5472
	5472 5472
4
	8896 5440
	9696 5440
	9696 5472
	8896 5472
4
	0 5472
	64 5472
	64 5504
	0 5504
4
	1824 5472
	2048 5472
	2048 5504
	1824 5504
4
	3680 5472
	4480 5472
	4480 5504
	3680 5504
4
	4960 5472
	5152 5472
	5152 5504
	4960 5504
4
	5472 5472
	5632 5472
	5632 5504
	5472 5504
4
	8896 5472
	9696 5472
	9696 5504
	8896 5504
4
	0 5504
	64 5504
	64 5536
	0 5536
4
	416 5504
	480 5504
	480 5536
	416 5536
4
	1824 5504
	2048 5504
	2048 5536
	1824 5536
4
	3424 5504
	3488 5504
	3488 5536
	3424 5536
4
	3680 5504
	4480 5504
	4480 5536
	3680 5536
4
	4960 5504
	5152 5504
	5152 5536
	4960 5536
4
	5376 5504
	5632 5504
	5632 5536
	5376 5536
4
	8896 5504
	9696 5504
	9696 5536
	8896 5536
4
	0 5536
	64 5536
	64 5568
	0 5568
4
	384 5536
	544 5536
	544 5568
	384 5568
4
	3424 5536
	3520 5536
	3520 5568
	3424 5568
4
	3680 5536
	4480 5536
	4480 5568
	3680 5568
4
	4960 5536
	5152 5536
	5152 5568
	4960 5568
4
	5376 5536
	5632 5536
	5632 5568
	5376 5568
4
	8896 5536
	9696 5536
	9696 5568
	8896 5568
4
	0 5568
	32 5568
	32 5600
	0 5600
4
	128 5568
	288 5568
	288 5600
	128 5600
4
	384 5568
	544 5568
	544 5600
	384 5600
4
	704 5568
	736 5568
	736 5600
	704 5600
4
	3424 5568
	3520 5568
	3520 5600
	3424 5600
4
	3680 5568
	5632 5568
	5632 5600
	3680 5600
4
	8896 5568
	9696 5568
	9696 5600
	8896 5600
4
	0 5600
	544 5600
	544 5632
	0 5632
4
	704 5600
	736 5600
	736 5632
	704 5632
4
	1440 5600
	1664 5600
	1664 5632
	1440 5632
4
	2208 5600
	2432 5600
	2432 5632
	2208 5632
4
	3456 5600
	3552 5600
	3552 5632
	3456 5632
4
	3680 5600
	5632 5600
	5632 5632
	3680 5632
4
	8896 5600
	9696 5600
	9696 5632
	8896 5632
4
	0 5632
	544 5632
	544 5664
	0 5664
4
	672 5632
	768 5632
	768 5664
	672 5664
4
	1440 5632
	1664 5632
	1664 5664
	1440 5664
4
	2208 5632
	2432 5632
	2432 5664
	2208 5664
4
	3488 5632
	3584 5632
	3584 5664
	3488 5664
4
	3680 5632
	5632 5632
	5632 5664
	3680 5664
4
	8896 5632
	9696 5632
	9696 5664
	8896 5664
4
	0 5664
	544 5664
	544 5696
	0 5696
4
	640 5664
	800 5664
	800 5696
	640 5696
4
	1440 5664
	1664 5664
	1664 5696
	1440 5696
4
	2208 5664
	2432 5664
	2432 5696
	2208 5696
4
	3488 5664
	3584 5664
	3584 5696
	3488 5696
4
	3712 5664
	5632 5664
	5632 5696
	3712 5696
4
	8864 5664
	9696 5664
	9696 5696
	8864 5696
4
	0 5696
	544 5696
	544 5728
	0 5728
4
	608 5696
	832 5696
	832 5728
	608 5728
4
	1440 5696
	1664 5696
	1664 5728
	1440 5728
4
	2208 5696
	2432 5696
	2432 5728
	2208 5728
4
	3232 5696
	3296 5696
	3296 5728
	3232 5728
4
	3520 5696
	3552 5696
	3552 5728
	3520 5728
4
	3776 5696
	5664 5696
	5664 5728
	3776 5728
4
	8832 5696
	9696 5696
	9696 5728
	8832 5728
4
	0 5728
	544 5728
	544 5760
	0 5760
4
	640 5728
	864 5728
	864 5760
	640 5760
4
	1440 5728
	1664 5728
	1664 5760
	1440 5760
4
	2208 5728
	2432 5728
	2432 5760
	2208 5760
4
	3232 5728
	3360 5728
	3360 5760
	3232 5760
4
	3776 5728
	5696 5728
	5696 5760
	3776 5760
4
	8800 5728
	9696 5728
	9696 5760
	8800 5760
4
	0 5760
	576 5760
	576 5792
	0 5792
4
	672 5760
	928 5760
	928 5792
	672 5792
4
	1440 5760
	1664 5760
	1664 5792
	1440 5792
4
	2208 5760
	2432 5760
	2432 5792
	2208 5792
4
	3264 5760
	3424 5760
	3424 5792
	3264 5792
4
	3808 5760
	5728 5760
	5728 5792
	3808 5792
4
	8768 5760
	9696 5760
	9696 5792
	8768 5792
4
	0 5792
	576 5792
	576 5824
	0 5824
4
	704 5792
	928 5792
	928 5824
	704 5824
4
	1440 5792
	1664 5792
	1664 5824
	1440 5824
4
	2208 5792
	2432 5792
	2432 5824
	2208 5824
4
	3296 5792
	3456 5792
	3456 5824
	3296 5824
4
	3808 5792
	5760 5792
	5760 5824
	3808 5824
4
	8736 5792
	9696 5792
	9696 5824
	8736 5824
4
	0 5824
	640 5824
	640 5856
	0 5856
4
	736 5824
	896 5824
	896 5856
	736 5856
4
	1440 5824
	1664 5824
	1664 5856
	1440 5856
4
	2208 5824
	2432 5824
	2432 5856
	2208 5856
4
	3360 5824
	3424 5824
	3424 5856
	3360 5856
4
	3776 5824
	5792 5824
	5792 5856
	3776 5856
4
	8704 5824
	9696 5824
	9696 5856
	8704 5856
4
	0 5856
	672 5856
	672 5888
	0 5888
4
	768 5856
	864 5856
	864 5888
	768 5888
4
	3744 5856
	5856 5856
	5856 5888
	3744 5888
4
	8672 5856
	9696 5856
	9696 5888
	8672 5888
4
	0 5888
	704 5888
	704 5920
	0 5920
4
	3776 5888
	5888 5888
	5888 5920
	3776 5920
4
	8640 5888
	9696 5888
	9696 5920
	8640 5920
4
	0 5920
	704 5920
	704 5952
	0 5952
4
	3776 5920
	5920 5920
	5920 5952
	3776 5952
4
	8608 5920
	9696 5920
	9696 5952
	8608 5952
4
	0 5952
	672 5952
	672 5984
	0 5984
4
	3168 5952
	3392 5952
	3392 5984
	3168 5984
4
	3744 5952
	5920 5952
	5920 5984
	3744 5984
4
	8576 5952
	9696 5952
	9696 5984
	8576 5984
4
	0 5984
	896 5984
	896 6016
	0 6016
4
	2976 5984
	3104 5984
	3104 6016
	2976 6016
4
	3168 5984
	3424 5984
	3424 6016
	3168 6016
4
	3712 5984
	5952 5984
	5952 6016
	3712 6016
4
	8544 5984
	9696 5984
	9696 6016
	8544 6016
4
	0 6016
	896 6016
	896 6048
	0 6048
4
	2976 6016
	3424 6016
	3424 6048
	2976 6048
4
	3680 6016
	5984 6016
	5984 6048
	3680 6048
4
	8512 6016
	9696 6016
	9696 6048
	8512 6048
4
	0 6048
	896 6048
	896 6080
	0 6080
4
	2976 6048
	3456 6048
	3456 6080
	2976 6080
4
	3552 6048
	6016 6048
	6016 6080
	3552 6080
4
	8480 6048
	9696 6048
	9696 6080
	8480 6080
4
	0 6080
	896 6080
	896 6112
	0 6112
4
	2976 6080
	3488 6080
	3488 6112
	2976 6112
4
	3520 6080
	6048 6080
	6048 6112
	3520 6112
4
	8448 6080
	9696 6080
	9696 6112
	8448 6112
4
	0 6112
	896 6112
	896 6144
	0 6144
4
	2976 6112
	6080 6112
	6080 6144
	2976 6144
4
	8416 6112
	9696 6112
	9696 6144
	8416 6144
4
	0 6144
	896 6144
	896 6176
	0 6176
4
	2976 6144
	6176 6144
	6176 6176
	2976 6176
4
	6400 6144
	6560 6144
	6560 6176
	6400 6176
4
	6784 6144
	6944 6144
	6944 6176
	6784 6176
4
	7168 6144
	7328 6144
	7328 6176
	7168 6176
4
	7552 6144
	7712 6144
	7712 6176
	7552 6176
4
	7936 6144
	8096 6144
	8096 6176
	7936 6176
4
	8320 6144
	9696 6144
	9696 6176
	8320 6176
4
	0 6176
	896 6176
	896 6208
	0 6208
4
	2976 6176
	7392 6176
	7392 6208
	2976 6208
4
	7488 6176
	9696 6176
	9696 6208
	7488 6208
4
	0 6208
	928 6208
	928 6240
	0 6240
4
	2944 6208
	7392 6208
	7392 6240
	2944 6240
4
	7488 6208
	9696 6208
	9696 6240
	7488 6240
4
	0 6240
	960 6240
	960 6272
	0 6272
4
	2912 6240
	7392 6240
	7392 6272
	2912 6272
4
	7488 6240
	9696 6240
	9696 6272
	7488 6272
4
	0 6272
	992 6272
	992 6304
	0 6304
4
	2048 6272
	2144 6272
	2144 6304
	2048 6304
4
	2496 6272
	2592 6272
	2592 6304
	2496 6304
4
	2880 6272
	7392 6272
	7392 6304
	2880 6304
4
	7488 6272
	9696 6272
	9696 6304
	7488 6304
4
	0 6304
	1024 6304
	1024 6336
	0 6336
4
	2048 6304
	2144 6304
	2144 6336
	2048 6336
4
	2496 6304
	2592 6304
	2592 6336
	2496 6336
4
	2848 6304
	6080 6304
	6080 6336
	2848 6336
4
	8384 6304
	9696 6304
	9696 6336
	8384 6336
4
	0 6336
	1056 6336
	1056 6368
	0 6368
4
	1152 6336
	1376 6336
	1376 6368
	1152 6368
4
	1728 6336
	2176 6336
	2176 6368
	1728 6368
4
	2464 6336
	2720 6336
	2720 6368
	2464 6368
4
	2816 6336
	9696 6336
	9696 6368
	2816 6368
4
	0 6368
	1376 6368
	1376 6400
	0 6400
4
	1728 6368
	2176 6368
	2176 6400
	1728 6400
4
	2464 6368
	9696 6368
	9696 6400
	2464 6400
4
	0 6400
	1376 6400
	1376 6432
	0 6432
4
	1728 6400
	2176 6400
	2176 6432
	1728 6432
4
	2464 6400
	9696 6400
	9696 6432
	2464 6432
4
	0 6432
	1376 6432
	1376 6464
	0 6464
4
	1696 6432
	2176 6432
	2176 6464
	1696 6464
4
	2464 6432
	9696 6432
	9696 6464
	2464 6464
4
	0 6464
	1376 6464
	1376 6496
	0 6496
4
	1696 6464
	2176 6464
	2176 6496
	1696 6496
4
	2464 6464
	9696 6464
	9696 6496
	2464 6496
4
	0 6496
	1376 6496
	1376 6528
	0 6528
4
	1728 6496
	2144 6496
	2144 6528
	1728 6528
4
	2496 6496
	9696 6496
	9696 6528
	2496 6528
4
	0 6528
	1376 6528
	1376 6560
	0 6560
4
	1728 6528
	2080 6528
	2080 6560
	1728 6560
4
	2560 6528
	9696 6528
	9696 6560
	2560 6560
4
	0 6560
	1408 6560
	1408 6592
	0 6592
4
	1696 6560
	2208 6560
	2208 6592
	1696 6592
4
	2432 6560
	9696 6560
	9696 6592
	2432 6592
4
	0 6592
	1440 6592
	1440 6624
	0 6624
4
	1664 6592
	2208 6592
	2208 6624
	1664 6624
4
	2432 6592
	9696 6592
	9696 6624
	2432 6624
4
	0 6624
	1472 6624
	1472 6656
	0 6656
4
	1632 6624
	2208 6624
	2208 6656
	1632 6656
4
	2432 6624
	2528 6624
	2528 6656
	2432 6656
4
	2560 6624
	9696 6624
	9696 6656
	2560 6656
4
	0 6656
	2080 6656
	2080 6688
	0 6688
4
	2560 6656
	9696 6656
	9696 6688
	2560 6688
4
	0 6688
	2080 6688
	2080 6720
	0 6720
4
	2560 6688
	9696 6688
	9696 6720
	2560 6720
4
	0 6720
	2080 6720
	2080 6752
	0 6752
4
	2560 6720
	9696 6720
	9696 6752
	2560 6752
4
	0 6752
	2080 6752
	2080 6784
	0 6784
4
	2560 6752
	9696 6752
	9696 6784
	2560 6784
4
	0 6784
	2080 6784
	2080 6816
	0 6816
4
	2560 6784
	9696 6784
	9696 6816
	2560 6816
4
	0 6816
	2080 6816
	2080 6848
	0 6848
4
	2560 6816
	9696 6816
	9696 6848
	2560 6848
4
	0 6848
	2080 6848
	2080 6880
	0 6880
4
	2560 6848
	9696 6848
	9696 6880
	2560 6880
4
	0 6880
	2080 6880
	2080 6912
	0 6912
4
	2560 6880
	9696 6880
	9696 6912
	2560 6912
4
	0 6912
	2080 6912
	2080 6944
	0 6944
4
	2560 6912
	9696 6912
	9696 6944
	2560 6944
4
	0 6944
	2080 6944
	2080 6976
	0 6976
4
	2560 6944
	9696 6944
	9696 6976
	2560 6976
4
	0 6976
	2080 6976
	2080 7008
	0 7008
4
	2560 6976
	9696 6976
	9696 7008
	2560 7008
4
	0 7008
	2080 7008
	2080 7040
	0 7040
4
	2560 7008
	9696 7008
	9696 7040
	2560 7040
4
	0 7040
	2080 7040
	2080 7072
	0 7072
4
	2528 7040
	9696 7040
	9696 7072
	2528 7072
4
	0 7072
	2080 7072
	2080 7104
	0 7104
4
	2528 7072
	9696 7072
	9696 7104
	2528 7104
4
	0 7104
	2080 7104
	2080 7136
	0 7136
4
	2560 7104
	9696 7104
	9696 7136
	2560 7136
4
	0 7136
	2080 7136
	2080 7168
	0 7168
4
	2560 7136
	9696 7136
	9696 7168
	2560 7168
4
	0 7168
	2080 7168
	2080 7200
	0 7200
4
	2560 7168
	9696 7168
	9696 7200
	2560 7200
4
	0 7200
	2080 7200
	2080 7232
	0 7232
4
	2560 7200
	9696 7200
	9696 7232
	2560 7232
4
	0 7232
	2080 7232
	2080 7264
	0 7264
4
	2560 7232
	9696 7232
	9696 7264
	2560 7264
4
	0 7264
	2080 7264
	2080 7296
	0 7296
4
	2560 7264
	9696 7264
	9696 7296
	2560 7296
4
	0 7296
	2080 7296
	2080 7328
	0 7328
4
	2560 7296
	9696 7296
	9696 7328
	2560 7328
4
	0 7328
	2080 7328
	2080 7360
	0 7360
4
	2560 7328
	9696 7328
	9696 7360
	2560 7360
4
	0 7360
	2080 7360
	2080 7392
	0 7392
4
	2560 7360
	9696 7360
	9696 7392
	2560 7392
4
	0 7392
	2080 7392
	2080 7424
	0 7424
4
	2560 7392
	9696 7392
	9696 7424
	2560 7424
4
	0 7424
	2080 7424
	2080 7456
	0 7456
4
	2528 7424
	9696 7424
	9696 7456
	2528 7456
4
	0 7456
	2080 7456
	2080 7488
	0 7488
4
	2528 7456
	9696 7456
	9696 7488
	2528 7488
4
	0 7488
	2080 7488
	2080 7520
	0 7520
4
	2560 7488
	9696 7488
	9696 7520
	2560 7520
4
	0 7520
	2080 7520
	2080 7552
	0 7552
4
	2560 7520
	9696 7520
	9696 7552
	2560 7552
4
	0 7552
	2080 7552
	2080 7584
	0 7584
4
	2560 7552
	9696 7552
	9696 7584
	2560 7584
4
	0 7584
	2080 7584
	2080 7616
	0 7616
4
	2560 7584
	9696 7584
	9696 7616
	2560 7616
4
	0 7616
	2080 7616
	2080 7648
	0 7648
4
	2560 7616
	9696 7616
	9696 7648
	2560 7648
4
	0 7648
	2080 7648
	2080 7680
	0 7680
4
	2560 7648
	9696 7648
	9696 7680
	2560 7680
4
	0 7680
	2080 7680
	2080 7712
	0 7712
4
	2560 7680
	9696 7680
	9696 7712
	2560 7712
4
	0 7712
	2080 7712
	2080 7744
	0 7744
4
	2560 7712
	9696 7712
	9696 7744
	2560 7744
4
	0 7744
	2080 7744
	2080 7776
	0 7776
4
	2560 7744
	9696 7744
	9696 7776
	2560 7776
4
	0 7776
	2080 7776
	2080 7808
	0 7808
4
	2560 7776
	9696 7776
	9696 7808
	2560 7808
4
	0 7808
	2080 7808
	2080 7840
	0 7840
4
	2560 7808
	9696 7808
	9696 7840
	2560 7840
4
	0 7840
	2080 7840
	2080 7872
	0 7872
4
	2560 7840
	9696 7840
	9696 7872
	2560 7872
4
	0 7872
	2080 7872
	2080 7904
	0 7904
4
	2560 7872
	9696 7872
	9696 7904
	2560 7904
4
	0 7904
	2080 7904
	2080 7936
	0 7936
4
	2560 7904
	9696 7904
	9696 7936
	2560 7936
4
	0 7936
	2080 7936
	2080 7968
	0 7968
4
	2560 7936
	9696 7936
	9696 7968
	2560 7968
4
	0 7968
	2080 7968
	2080 8000
	0 8000
4
	2560 7968
	9696 7968
	9696 8000
	2560 8000
4
	0 8000
	2080 8000
	2080 8032
	0 8032
4
	2560 8000
	9696 8000
	9696 8032
	2560 8032
4
	0 8032
	544 8032
	544 8064
	0 8064
4
	672 8032
	2144 8032
	2144 8064
	672 8064
4
	2496 8032
	9696 8032
	9696 8064
	2496 8064
4
	0 8064
	512 8064
	512 8096
	0 8096
4
	671 8095
	673 8095
	673 8097
	671 8097
4
	672 8064
	2144 8064
	2144 8096
	672 8096
4
	2464 8064
	9696 8064
	9696 8096
	2464 8096
4
	0 8096
	480 8096
	480 8128
	0 8128
4
	608 8096
	672 8096
	672 8128
	608 8128
4
	800 8096
	2144 8096
	2144 8128
	800 8128
4
	2464 8096
	9696 8096
	9696 8128
	2464 8128
4
	0 8128
	480 8128
	480 8160
	0 8160
4
	576 8128
	672 8128
	672 8160
	576 8160
4
	832 8128
	2144 8128
	2144 8160
	832 8160
4
	2496 8128
	9696 8128
	9696 8160
	2496 8160
4
	0 8160
	416 8160
	416 8192
	0 8192
4
	448 8160
	480 8160
	480 8192
	448 8192
4
	608 8160
	640 8160
	640 8192
	608 8192
4
	864 8160
	1824 8160
	1824 8192
	864 8192
4
	1920 8160
	2144 8160
	2144 8192
	1920 8192
4
	2496 8160
	2720 8160
	2720 8192
	2496 8192
4
	2816 8160
	9696 8160
	9696 8192
	2816 8192
4
	0 8192
	384 8192
	384 8224
	0 8224
4
	896 8192
	1824 8192
	1824 8224
	896 8224
4
	2816 8192
	9696 8192
	9696 8224
	2816 8224
4
	0 8224
	384 8224
	384 8256
	0 8256
4
	896 8224
	1824 8224
	1824 8256
	896 8256
4
	2816 8224
	9696 8224
	9696 8256
	2816 8256
4
	0 8256
	384 8256
	384 8288
	0 8288
4
	928 8256
	1824 8256
	1824 8288
	928 8288
4
	2816 8256
	9696 8256
	9696 8288
	2816 8288
4
	0 8288
	384 8288
	384 8320
	0 8320
4
	960 8288
	1824 8288
	1824 8320
	960 8320
4
	2848 8288
	2880 8288
	2880 8320
	2848 8320
4
	2944 8288
	9696 8288
	9696 8320
	2944 8320
4
	0 8320
	448 8320
	448 8352
	0 8352
4
	1024 8320
	1664 8320
	1664 8352
	1024 8352
4
	2976 8320
	9696 8320
	9696 8352
	2976 8352
4
	0 8352
	480 8352
	480 8384
	0 8384
4
	1056 8352
	1664 8352
	1664 8384
	1056 8384
4
	2976 8352
	9696 8352
	9696 8384
	2976 8384
4
	0 8384
	512 8384
	512 8416
	0 8416
4
	1088 8384
	1664 8384
	1664 8416
	1088 8416
4
	2976 8384
	9696 8384
	9696 8416
	2976 8416
4
	0 8416
	544 8416
	544 8448
	0 8448
4
	1056 8416
	1664 8416
	1664 8448
	1056 8448
4
	2976 8416
	9696 8416
	9696 8448
	2976 8448
4
	0 8448
	576 8448
	576 8480
	0 8480
4
	992 8448
	1664 8448
	1664 8480
	992 8480
4
	2976 8448
	9696 8448
	9696 8480
	2976 8480
4
	0 8480
	576 8480
	576 8512
	0 8512
4
	960 8480
	1120 8480
	1120 8512
	960 8512
4
	1184 8480
	1664 8480
	1664 8512
	1184 8512
4
	2976 8480
	9696 8480
	9696 8512
	2976 8512
4
	0 8512
	640 8512
	640 8544
	0 8544
4
	960 8512
	1120 8512
	1120 8544
	960 8544
4
	1216 8512
	1664 8512
	1664 8544
	1216 8544
4
	2976 8512
	9696 8512
	9696 8544
	2976 8544
4
	0 8544
	640 8544
	640 8576
	0 8576
4
	992 8544
	1088 8544
	1088 8576
	992 8576
4
	1216 8544
	1472 8544
	1472 8576
	1216 8576
4
	2976 8544
	9696 8544
	9696 8576
	2976 8576
4
	0 8576
	704 8576
	704 8608
	0 8608
4
	864 8576
	896 8576
	896 8608
	864 8608
4
	2976 8576
	9696 8576
	9696 8608
	2976 8608
4
	0 8608
	736 8608
	736 8640
	0 8640
4
	832 8608
	928 8608
	928 8640
	832 8640
4
	2976 8608
	9696 8608
	9696 8640
	2976 8640
4
	0 8640
	768 8640
	768 8672
	0 8672
4
	800 8640
	960 8640
	960 8672
	800 8672
4
	2976 8640
	9696 8640
	9696 8672
	2976 8672
4
	0 8672
	768 8672
	768 8704
	0 8704
4
	800 8672
	960 8672
	960 8704
	800 8704
4
	2976 8672
	9696 8672
	9696 8704
	2976 8704
4
	0 8704
	928 8704
	928 8736
	0 8736
4
	1184 8704
	1280 8704
	1280 8736
	1184 8736
4
	2976 8704
	9696 8704
	9696 8736
	2976 8736
4
	0 8736
	864 8736
	864 8768
	0 8768
4
	1184 8736
	1344 8736
	1344 8768
	1184 8768
4
	2976 8736
	9696 8736
	9696 8768
	2976 8768
4
	0 8768
	832 8768
	832 8800
	0 8800
4
	1216 8768
	1376 8768
	1376 8800
	1216 8800
4
	2976 8768
	9696 8768
	9696 8800
	2976 8800
4
	0 8800
	864 8800
	864 8832
	0 8832
4
	1280 8800
	1408 8800
	1408 8832
	1280 8832
4
	2976 8800
	9696 8800
	9696 8832
	2976 8832
4
	0 8832
	864 8832
	864 8864
	0 8864
4
	1056 8832
	1120 8832
	1120 8864
	1056 8864
4
	1344 8832
	1408 8832
	1408 8864
	1344 8864
4
	2976 8832
	9696 8832
	9696 8864
	2976 8864
4
	0 8864
	928 8864
	928 8896
	0 8896
4
	1056 8864
	1152 8864
	1152 8896
	1056 8896
4
	2976 8864
	9696 8864
	9696 8896
	2976 8896
4
	0 8896
	928 8896
	928 8928
	0 8928
4
	1056 8896
	1152 8896
	1152 8928
	1056 8928
4
	2272 8896
	2368 8896
	2368 8928
	2272 8928
4
	2976 8896
	3232 8896
	3232 8928
	2976 8928
4
	3328 8896
	3616 8896
	3616 8928
	3328 8928
4
	3712 8896
	9696 8896
	9696 8928
	3712 8928
4
	0 8928
	928 8928
	928 8960
	0 8960
4
	1088 8928
	1184 8928
	1184 8960
	1088 8960
4
	2240 8928
	2432 8928
	2432 8960
	2240 8960
4
	4128 8928
	9696 8928
	9696 8960
	4128 8960
4
	0 8960
	928 8960
	928 8992
	0 8992
4
	1120 8960
	1216 8960
	1216 8992
	1120 8992
4
	2208 8960
	2432 8960
	2432 8992
	2208 8992
4
	4128 8960
	4224 8960
	4224 8992
	4128 8992
4
	4576 8960
	9696 8960
	9696 8992
	4576 8992
4
	0 8992
	928 8992
	928 9024
	0 9024
4
	1120 8992
	1216 8992
	1216 9024
	1120 9024
4
	2208 8992
	2432 8992
	2432 9024
	2208 9024
4
	4128 8992
	4224 8992
	4224 9024
	4128 9024
4
	4576 8992
	9696 8992
	9696 9024
	4576 9024
4
	0 9024
	928 9024
	928 9056
	0 9056
4
	1152 9024
	1184 9024
	1184 9056
	1152 9056
4
	2208 9024
	2432 9024
	2432 9056
	2208 9056
4
	4160 9024
	4224 9024
	4224 9056
	4160 9056
4
	4576 9024
	9696 9024
	9696 9056
	4576 9056
4
	0 9056
	928 9056
	928 9088
	0 9088
4
	2240 9056
	2432 9056
	2432 9088
	2240 9088
4
	4576 9056
	9696 9056
	9696 9088
	4576 9088
4
	0 9088
	928 9088
	928 9120
	0 9120
4
	2272 9088
	2400 9088
	2400 9120
	2272 9120
4
	4640 9088
	9696 9088
	9696 9120
	4640 9120
4
	0 9120
	896 9120
	896 9152
	0 9152
4
	4640 9120
	9696 9120
	9696 9152
	4640 9152
4
	0 9152
	896 9152
	896 9184
	0 9184
4
	4640 9152
	9696 9152
	9696 9184
	4640 9184
4
	0 9184
	896 9184
	896 9216
	0 9216
4
	4640 9184
	9696 9184
	9696 9216
	4640 9216
4
	0 9216
	896 9216
	896 9248
	0 9248
4
	4640 9216
	9696 9216
	9696 9248
	4640 9248
4
	0 9248
	896 9248
	896 9280
	0 9280
4
	4640 9248
	9696 9248
	9696 9280
	4640 9280
4
	0 9280
	928 9280
	928 9312
	0 9312
4
	4640 9280
	9696 9280
	9696 9312
	4640 9312
4
	0 9312
	1056 9312
	1056 9344
	0 9344
4
	4576 9312
	9696 9312
	9696 9344
	4576 9344
4
	0 9344
	1056 9344
	1056 9376
	0 9376
4
	4160 9344
	4224 9344
	4224 9376
	4160 9376
4
	4576 9344
	9696 9344
	9696 9376
	4576 9376
4
	0 9376
	1056 9376
	1056 9408
	0 9408
4
	4160 9376
	4224 9376
	4224 9408
	4160 9408
4
	4576 9376
	9696 9376
	9696 9408
	4576 9408
4
	0 9408
	1056 9408
	1056 9440
	0 9440
4
	4160 9408
	4224 9408
	4224 9440
	4160 9440
4
	4576 9408
	9696 9408
	9696 9440
	4576 9440
4
	0 9440
	1280 9440
	1280 9472
	0 9472
4
	2976 9440
	3232 9440
	3232 9472
	2976 9472
4
	3328 9440
	3616 9440
	3616 9472
	3328 9472
4
	3712 9440
	9696 9440
	9696 9472
	3712 9472
4
	0 9472
	1280 9472
	1280 9504
	0 9504
4
	2976 9472
	3232 9472
	3232 9504
	2976 9504
4
	3328 9472
	3616 9472
	3616 9504
	3328 9504
4
	3712 9472
	9696 9472
	9696 9504
	3712 9504
4
	0 9504
	1280 9504
	1280 9536
	0 9536
4
	2976 9504
	9696 9504
	9696 9536
	2976 9536
4
	0 9536
	1280 9536
	1280 9568
	0 9568
4
	2976 9536
	9696 9536
	9696 9568
	2976 9568
4
	0 9568
	1280 9568
	1280 9600
	0 9600
4
	2976 9568
	9696 9568
	9696 9600
	2976 9600
4
	0 9600
	1280 9600
	1280 9632
	0 9632
4
	2976 9600
	9696 9600
	9696 9632
	2976 9632
4
	0 9632
	1280 9632
	1280 9664
	0 9664
4
	2912 9632
	9696 9632
	9696 9664
	2912 9664
4
	0 9664
	1312 9664
	1312 9696
	0 9696
4
	2912 9664
	9696 9664
	9696 9696
	2912 9696
4
	0 9696
	1344 9696
	1344 9728
	0 9728
4
	2912 9696
	9696 9696
	9696 9728
	2912 9728
4
	0 9728
	1376 9728
	1376 9760
	0 9760
4
	2656 9728
	2720 9728
	2720 9760
	2656 9760
4
	2912 9728
	9696 9728
	9696 9760
	2912 9760
4
	0 9760
	1408 9760
	1408 9792
	0 9792
4
	2656 9760
	2752 9760
	2752 9792
	2656 9792
4
	2912 9760
	9696 9760
	9696 9792
	2912 9792
4
	0 9792
	1440 9792
	1440 9824
	0 9824
4
	2656 9792
	2752 9792
	2752 9824
	2656 9824
4
	2912 9792
	9696 9792
	9696 9824
	2912 9824
4
	0 9824
	2048 9824
	2048 9856
	0 9856
4
	2688 9824
	2784 9824
	2784 9856
	2688 9856
4
	2912 9824
	9696 9824
	9696 9856
	2912 9856
4
	0 9856
	2048 9856
	2048 9888
	0 9888
4
	2720 9856
	2784 9856
	2784 9888
	2720 9888
4
	2912 9856
	9696 9856
	9696 9888
	2912 9888
4
	0 9888
	2048 9888
	2048 9920
	0 9920
4
	2720 9888
	2816 9888
	2816 9920
	2720 9920
4
	2944 9888
	9696 9888
	9696 9920
	2944 9920
4
	0 9920
	2048 9920
	2048 9952
	0 9952
4
	2464 9920
	2528 9920
	2528 9952
	2464 9952
4
	2720 9920
	2784 9920
	2784 9952
	2720 9952
4
	3008 9920
	9696 9920
	9696 9952
	3008 9952
4
	0 9952
	2048 9952
	2048 9984
	0 9984
4
	2464 9952
	2592 9952
	2592 9984
	2464 9984
4
	3008 9952
	9696 9952
	9696 9984
	3008 9984
4
	0 9984
	2048 9984
	2048 10016
	0 10016
4
	2496 9984
	2688 9984
	2688 10016
	2496 10016
4
	3040 9984
	9696 9984
	9696 10016
	3040 10016
4
	0 10016
	2048 10016
	2048 10048
	0 10048
4
	2528 10016
	2688 10016
	2688 10048
	2528 10048
4
	3008 10016
	9696 10016
	9696 10048
	3008 10048
4
	0 10048
	2080 10048
	2080 10080
	0 10080
4
	2592 10048
	2656 10048
	2656 10080
	2592 10080
4
	2944 10048
	3104 10048
	3104 10080
	2944 10080
4
	3136 10048
	9696 10048
	9696 10080
	3136 10080
4
	0 10080
	2176 10080
	2176 10112
	0 10112
4
	2912 10080
	3072 10080
	3072 10112
	2912 10112
4
	3168 10080
	9696 10080
	9696 10112
	3168 10112
4
	0 10112
	2208 10112
	2208 10144
	0 10144
4
	2912 10112
	3072 10112
	3072 10144
	2912 10144
4
	3200 10112
	9696 10112
	9696 10144
	3200 10144
4
	0 10144
	2176 10144
	2176 10176
	0 10176
4
	2944 10144
	3040 10144
	3040 10176
	2944 10176
4
	3232 10144
	9696 10144
	9696 10176
	3232 10176
4
	0 10176
	2208 10176
	2208 10208
	0 10208
4
	2400 10176
	2624 10176
	2624 10208
	2400 10208
4
	2816 10176
	2848 10176
	2848 10208
	2816 10208
4
	2976 10176
	3008 10176
	3008 10208
	2976 10208
4
	3232 10176
	9696 10176
	9696 10208
	3232 10208
4
	0 10208
	2336 10208
	2336 10240
	0 10240
4
	2400 10208
	2656 10208
	2656 10240
	2400 10240
4
	2784 10208
	2880 10208
	2880 10240
	2784 10240
4
	3232 10208
	9696 10208
	9696 10240
	3232 10240
4
	0 10240
	2656 10240
	2656 10272
	0 10272
4
	2752 10240
	2912 10240
	2912 10272
	2752 10272
4
	3264 10240
	9696 10240
	9696 10272
	3264 10272
4
	0 10272
	2688 10272
	2688 10304
	0 10304
4
	2752 10272
	2912 10272
	2912 10304
	2752 10304
4
	3296 10272
	9696 10272
	9696 10304
	3296 10304
4
	0 10304
	2880 10304
	2880 10336
	0 10336
4
	3328 10304
	9696 10304
	9696 10336
	3328 10336
4
	0 10336
	2816 10336
	2816 10368
	0 10368
4
	3424 10336
	9696 10336
	9696 10368
	3424 10368
4
	0 10368
	2784 10368
	2784 10400
	0 10400
4
	3424 10368
	9696 10368
	9696 10400
	3424 10400
4
	0 10400
	2816 10400
	2816 10432
	0 10432
4
	3360 10400
	9696 10400
	9696 10432
	3360 10432
4
	0 10432
	2848 10432
	2848 10464
	0 10464
4
	3360 10432
	9696 10432
	9696 10464
	3360 10464
4
	0 10464
	2880 10464
	2880 10496
	0 10496
4
	3360 10464
	3424 10464
	3424 10496
	3360 10496
4
	3456 10464
	9696 10464
	9696 10496
	3456 10496
4
	0 10496
	2912 10496
	2912 10528
	0 10528
4
	3456 10496
	9696 10496
	9696 10528
	3456 10528
4
	0 10528
	2944 10528
	2944 10560
	0 10560
4
	3456 10528
	9696 10528
	9696 10560
	3456 10560
4
	0 10560
	2976 10560
	2976 10592
	0 10592
4
	3456 10560
	9696 10560
	9696 10592
	3456 10592
4
	0 10592
	3008 10592
	3008 10624
	0 10624
4
	3360 10592
	9696 10592
	9696 10624
	3360 10624
4
	0 10624
	3072 10624
	3072 10656
	0 10656
4
	3360 10624
	9696 10624
	9696 10656
	3360 10656
4
	0 10656
	3104 10656
	3104 10688
	0 10688
4
	3360 10656
	9696 10656
	9696 10688
	3360 10688
4
	0 10688
	3200 10688
	3200 10720
	0 10720
4
	3360 10688
	9696 10688
	9696 10720
	3360 10720
4
	0 10720
	3328 10720
	3328 10752
	0 10752
4
	3360 10720
	9696 10720
	9696 10752
	3360 10752
4
	0 10752
	9696 10752
	9696 10784
	0 10784
4
	0 10784
	9696 10784
	9696 10816
	0 10816
4
	0 10816
	9696 10816
	9696 10848
	0 10848
4
	0 10848
	9696 10848
	9696 10880
	0 10880
4
	0 10880
	9696 10880
	9696 10912
	0 10912
4
	0 10912
	9696 10912
	9696 10944
	0 10944
4
	-32 -32
	9728 -32
	9728 0
	-32 0
4
	-32 10944
	9728 10944
	9728 10976
	-32 10976
4
	-32 0
	0 0
	0 10944
	-32 10944
4
	9696 0
	9728 0
	9728 10944
	9696 10944
