1296
4
	0 0
	8224 0
	8224 32
	0 32
4
	0 32
	8224 32
	8224 64
	0 64
4
	0 64
	8224 64
	8224 96
	0 96
4
	0 96
	8224 96
	8224 128
	0 128
4
	0 128
	8224 128
	8224 160
	0 160
4
	0 160
	8224 160
	8224 192
	0 192
4
	0 192
	8224 192
	8224 224
	0 224
4
	0 224
	8224 224
	8224 256
	0 256
4
	0 256
	3168 256
	3168 288
	0 288
4
	3488 256
	3776 256
	3776 288
	3488 288
4
	3904 256
	8224 256
	8224 288
	3904 288
4
	0 288
	2912 288
	2912 320
	0 320
4
	4096 288
	8224 288
	8224 320
	4096 320
4
	0 320
	1536 320
	1536 352
	0 352
4
	1696 320
	2560 320
	2560 352
	1696 352
4
	2976 320
	3072 320
	3072 352
	2976 352
4
	4096 320
	8224 320
	8224 352
	4096 352
4
	0 352
	928 352
	928 384
	0 384
4
	2240 352
	2336 352
	2336 384
	2240 384
4
	4128 352
	8224 352
	8224 384
	4128 384
4
	0 384
	640 384
	640 416
	0 416
4
	4160 384
	8224 384
	8224 416
	4160 416
4
	0 416
	608 416
	608 448
	0 448
4
	4256 416
	8224 416
	8224 448
	4256 448
4
	0 448
	608 448
	608 480
	0 480
4
	4256 448
	8224 448
	8224 480
	4256 480
4
	0 480
	608 480
	608 512
	0 512
4
	4288 480
	8224 480
	8224 512
	4288 512
4
	0 512
	576 512
	576 544
	0 544
4
	4288 512
	8224 512
	8224 544
	4288 544
4
	0 544
	576 544
	576 576
	0 576
4
	4320 544
	8224 544
	8224 576
	4320 576
4
	0 576
	576 576
	576 608
	0 608
4
	4352 576
	8224 576
	8224 608
	4352 608
4
	0 608
	544 608
	544 640
	0 640
4
	4416 608
	8224 608
	8224 640
	4416 640
4
	0 640
	512 640
	512 672
	0 672
4
	4480 640
	8224 640
	8224 672
	4480 672
4
	0 672
	480 672
	480 704
	0 704
4
	3040 672
	3136 672
	3136 704
	3040 704
4
	4544 672
	8224 672
	8224 704
	4544 704
4
	0 704
	480 704
	480 736
	0 736
4
	3040 704
	3136 704
	3136 736
	3040 736
4
	4608 704
	8224 704
	8224 736
	4608 736
4
	0 736
	448 736
	448 768
	0 768
4
	3040 736
	3136 736
	3136 768
	3040 768
4
	4640 736
	8224 736
	8224 768
	4640 768
4
	0 768
	448 768
	448 800
	0 800
4
	1984 768
	2112 768
	2112 800
	1984 800
4
	2432 768
	2496 768
	2496 800
	2432 800
4
	4672 768
	8224 768
	8224 800
	4672 800
4
	0 800
	448 800
	448 832
	0 832
4
	960 800
	1472 800
	1472 832
	960 832
4
	1792 800
	2752 800
	2752 832
	1792 832
4
	4704 800
	8224 800
	8224 832
	4704 832
4
	0 832
	448 832
	448 864
	0 864
4
	736 832
	2880 832
	2880 864
	736 864
4
	4736 832
	8224 832
	8224 864
	4736 864
4
	0 864
	288 864
	288 896
	0 896
4
	704 864
	2880 864
	2880 896
	704 896
4
	3776 864
	3872 864
	3872 896
	3776 896
4
	4736 864
	8224 864
	8224 896
	4736 896
4
	0 896
	288 896
	288 928
	0 928
4
	736 896
	1824 896
	1824 928
	736 928
4
	1856 896
	2048 896
	2048 928
	1856 928
4
	2400 896
	2912 896
	2912 928
	2400 928
4
	3456 896
	3552 896
	3552 928
	3456 928
4
	3776 896
	3872 896
	3872 928
	3776 928
4
	4768 896
	8224 896
	8224 928
	4768 928
4
	0 928
	288 928
	288 960
	0 960
4
	864 928
	1184 928
	1184 960
	864 960
4
	1344 928
	1504 928
	1504 960
	1344 960
4
	1888 928
	2016 928
	2016 960
	1888 960
4
	2752 928
	2944 928
	2944 960
	2752 960
4
	3456 928
	3552 928
	3552 960
	3456 960
4
	3776 928
	3872 928
	3872 960
	3776 960
4
	4768 928
	8224 928
	8224 960
	4768 960
4
	0 960
	288 960
	288 992
	0 992
4
	1344 960
	1504 960
	1504 992
	1344 992
4
	2784 960
	2944 960
	2944 992
	2784 992
4
	3488 960
	3520 960
	3520 992
	3488 992
4
	4832 960
	8224 960
	8224 992
	4832 992
4
	0 992
	288 992
	288 1024
	0 1024
4
	1344 992
	1504 992
	1504 1024
	1344 1024
4
	2816 992
	2944 992
	2944 1024
	2816 1024
4
	4864 992
	8224 992
	8224 1024
	4864 1024
4
	0 1024
	288 1024
	288 1056
	0 1056
4
	1376 1024
	1504 1024
	1504 1056
	1376 1056
4
	2592 1024
	2656 1024
	2656 1056
	2592 1056
4
	2848 1024
	2976 1024
	2976 1056
	2848 1056
4
	4896 1024
	8224 1024
	8224 1056
	4896 1056
4
	0 1056
	288 1056
	288 1088
	0 1088
4
	2560 1056
	2720 1056
	2720 1088
	2560 1088
4
	2880 1056
	2976 1056
	2976 1088
	2880 1088
4
	5056 1056
	8224 1056
	8224 1088
	5056 1088
4
	0 1088
	256 1088
	256 1120
	0 1120
4
	2560 1088
	2720 1088
	2720 1120
	2560 1120
4
	2880 1088
	3008 1088
	3008 1120
	2880 1120
4
	5280 1088
	8224 1088
	8224 1120
	5280 1120
4
	0 1120
	256 1120
	256 1152
	0 1152
4
	832 1120
	960 1120
	960 1152
	832 1152
4
	2560 1120
	2720 1120
	2720 1152
	2560 1152
4
	2880 1120
	3008 1120
	3008 1152
	2880 1152
4
	5280 1120
	8224 1120
	8224 1152
	5280 1152
4
	0 1152
	256 1152
	256 1184
	0 1184
4
	800 1152
	1024 1152
	1024 1184
	800 1184
4
	2560 1152
	2720 1152
	2720 1184
	2560 1184
4
	2880 1152
	3008 1152
	3008 1184
	2880 1184
4
	5408 1152
	8224 1152
	8224 1184
	5408 1184
4
	0 1184
	256 1184
	256 1216
	0 1216
4
	768 1184
	1056 1184
	1056 1216
	768 1216
4
	2560 1184
	2688 1184
	2688 1216
	2560 1216
4
	2880 1184
	3008 1184
	3008 1216
	2880 1216
4
	5440 1184
	8224 1184
	8224 1216
	5440 1216
4
	0 1216
	256 1216
	256 1248
	0 1248
4
	768 1216
	1088 1216
	1088 1248
	768 1248
4
	2880 1216
	3008 1216
	3008 1248
	2880 1248
4
	5440 1216
	8224 1216
	8224 1248
	5440 1248
4
	0 1248
	256 1248
	256 1280
	0 1280
4
	448 1248
	480 1248
	480 1280
	448 1280
4
	800 1248
	1120 1248
	1120 1280
	800 1280
4
	1600 1248
	1664 1248
	1664 1280
	1600 1280
4
	2880 1248
	3008 1248
	3008 1280
	2880 1280
4
	4064 1248
	4160 1248
	4160 1280
	4064 1280
4
	5472 1248
	8224 1248
	8224 1280
	5472 1280
4
	0 1280
	352 1280
	352 1312
	0 1312
4
	448 1280
	512 1280
	512 1312
	448 1312
4
	832 1280
	1152 1280
	1152 1312
	832 1312
4
	1504 1280
	1696 1280
	1696 1312
	1504 1312
4
	2880 1280
	3008 1280
	3008 1312
	2880 1312
4
	4064 1280
	4192 1280
	4192 1312
	4064 1312
4
	5472 1280
	8224 1280
	8224 1312
	5472 1312
4
	0 1312
	480 1312
	480 1344
	0 1344
4
	864 1312
	1184 1312
	1184 1344
	864 1344
4
	1504 1312
	1696 1312
	1696 1344
	1504 1344
4
	2912 1312
	2976 1312
	2976 1344
	2912 1344
4
	4064 1312
	4192 1312
	4192 1344
	4064 1344
4
	5504 1312
	8224 1312
	8224 1344
	5504 1344
4
	0 1344
	512 1344
	512 1376
	0 1376
4
	864 1344
	1216 1344
	1216 1376
	864 1376
4
	1472 1344
	1728 1344
	1728 1376
	1472 1376
4
	4096 1344
	4160 1344
	4160 1376
	4096 1376
4
	5536 1344
	8224 1344
	8224 1376
	5536 1376
4
	0 1376
	512 1376
	512 1408
	0 1408
4
	896 1376
	1280 1376
	1280 1408
	896 1408
4
	1472 1376
	1728 1376
	1728 1408
	1472 1408
4
	4928 1376
	5088 1376
	5088 1408
	4928 1408
4
	5536 1376
	8224 1376
	8224 1408
	5536 1408
4
	0 1408
	576 1408
	576 1440
	0 1440
4
	864 1408
	1760 1408
	1760 1440
	864 1440
4
	4864 1408
	5152 1408
	5152 1440
	4864 1440
4
	5536 1408
	8224 1408
	8224 1440
	5536 1440
4
	0 1440
	608 1440
	608 1472
	0 1472
4
	864 1440
	1760 1440
	1760 1472
	864 1472
4
	1791 1471
	1793 1471
	1793 1473
	1791 1473
4
	1792 1440
	1824 1440
	1824 1472
	1792 1472
4
	4832 1440
	5184 1440
	5184 1472
	4832 1472
4
	5568 1440
	8224 1440
	8224 1472
	5568 1472
4
	0 1472
	608 1472
	608 1504
	0 1504
4
	864 1472
	1792 1472
	1792 1504
	864 1504
4
	4800 1472
	5216 1472
	5216 1504
	4800 1504
4
	5600 1472
	8224 1472
	8224 1504
	5600 1504
4
	0 1504
	608 1504
	608 1536
	0 1536
4
	864 1504
	1824 1504
	1824 1536
	864 1536
4
	4800 1504
	5248 1504
	5248 1536
	4800 1536
4
	5632 1504
	8224 1504
	8224 1536
	5632 1536
4
	0 1536
	608 1536
	608 1568
	0 1568
4
	704 1536
	1984 1536
	1984 1568
	704 1568
4
	4800 1536
	5376 1536
	5376 1568
	4800 1568
4
	5632 1536
	8224 1536
	8224 1568
	5632 1568
4
	0 1568
	640 1568
	640 1600
	0 1600
4
	672 1568
	2080 1568
	2080 1600
	672 1600
4
	4800 1568
	5216 1568
	5216 1600
	4800 1600
4
	5344 1568
	5504 1568
	5504 1600
	5344 1600
4
	5664 1568
	8224 1568
	8224 1600
	5664 1600
4
	0 1600
	640 1600
	640 1632
	0 1632
4
	672 1600
	2112 1600
	2112 1632
	672 1632
4
	4896 1600
	5120 1600
	5120 1632
	4896 1632
4
	5696 1600
	8224 1600
	8224 1632
	5696 1632
4
	0 1632
	640 1632
	640 1664
	0 1664
4
	672 1632
	2112 1632
	2112 1664
	672 1664
4
	2879 1663
	2881 1663
	2881 1665
	2879 1665
4
	2880 1632
	2976 1632
	2976 1664
	2880 1664
4
	4896 1632
	5120 1632
	5120 1664
	4896 1664
4
	5728 1632
	8224 1632
	8224 1664
	5728 1664
4
	0 1664
	640 1664
	640 1696
	0 1696
4
	704 1664
	2048 1664
	2048 1696
	704 1696
4
	2847 1695
	2849 1695
	2849 1697
	2847 1697
4
	2848 1664
	2880 1664
	2880 1696
	2848 1696
4
	4896 1664
	5120 1664
	5120 1696
	4896 1696
4
	5632 1664
	5696 1664
	5696 1696
	5632 1696
4
	5760 1664
	8224 1664
	8224 1696
	5760 1696
4
	0 1696
	1920 1696
	1920 1728
	0 1728
4
	2815 1727
	2817 1727
	2817 1729
	2815 1729
4
	2816 1696
	2848 1696
	2848 1728
	2816 1728
4
	4896 1696
	5216 1696
	5216 1728
	4896 1728
4
	5824 1696
	8224 1696
	8224 1728
	5824 1728
4
	0 1728
	1888 1728
	1888 1760
	0 1760
4
	2783 1759
	2785 1759
	2785 1761
	2783 1761
4
	2784 1728
	2816 1728
	2816 1760
	2784 1760
4
	2943 1759
	2945 1759
	2945 1761
	2943 1761
4
	2944 1728
	2976 1728
	2976 1760
	2944 1760
4
	4896 1728
	5120 1728
	5120 1760
	4896 1760
4
	5856 1728
	6144 1728
	6144 1760
	5856 1760
4
	6208 1728
	8224 1728
	8224 1760
	6208 1760
4
	0 1760
	1888 1760
	1888 1792
	0 1792
4
	2751 1791
	2753 1791
	2753 1793
	2751 1793
4
	2752 1760
	2784 1760
	2784 1792
	2752 1792
4
	2911 1791
	2913 1791
	2913 1793
	2911 1793
4
	2912 1760
	2944 1760
	2944 1792
	2912 1792
4
	4864 1760
	5120 1760
	5120 1792
	4864 1792
4
	6272 1760
	8224 1760
	8224 1792
	6272 1792
4
	0 1792
	1888 1792
	1888 1824
	0 1824
4
	2720 1792
	2752 1792
	2752 1824
	2720 1824
4
	2879 1823
	2881 1823
	2881 1825
	2879 1825
4
	2880 1792
	2912 1792
	2912 1824
	2880 1824
4
	4864 1792
	5120 1792
	5120 1824
	4864 1824
4
	6336 1792
	8224 1792
	8224 1824
	6336 1824
4
	0 1824
	1888 1824
	1888 1856
	0 1856
4
	2848 1824
	2880 1824
	2880 1856
	2848 1856
4
	3104 1824
	3200 1824
	3200 1856
	3104 1856
4
	4864 1824
	5088 1824
	5088 1856
	4864 1856
4
	6400 1824
	8224 1824
	8224 1856
	6400 1856
4
	0 1856
	1888 1856
	1888 1888
	0 1888
4
	3104 1856
	3200 1856
	3200 1888
	3104 1888
4
	4704 1856
	4800 1856
	4800 1888
	4704 1888
4
	4864 1856
	5088 1856
	5088 1888
	4864 1888
4
	6464 1856
	8224 1856
	8224 1888
	6464 1888
4
	0 1888
	1920 1888
	1920 1920
	0 1920
4
	2240 1888
	2336 1888
	2336 1920
	2240 1920
4
	3104 1888
	3168 1888
	3168 1920
	3104 1920
4
	4704 1888
	4800 1888
	4800 1920
	4704 1920
4
	4864 1888
	5088 1888
	5088 1920
	4864 1920
4
	5920 1888
	6016 1888
	6016 1920
	5920 1920
4
	6528 1888
	8224 1888
	8224 1920
	6528 1920
4
	0 1920
	1920 1920
	1920 1952
	0 1952
4
	2016 1920
	2432 1920
	2432 1952
	2016 1952
4
	4288 1920
	4352 1920
	4352 1952
	4288 1952
4
	4704 1920
	4800 1920
	4800 1952
	4704 1952
4
	4864 1920
	5088 1920
	5088 1952
	4864 1952
4
	5888 1920
	6016 1920
	6016 1952
	5888 1952
4
	6144 1920
	6208 1920
	6208 1952
	6144 1952
4
	6688 1920
	8224 1920
	8224 1952
	6688 1952
4
	0 1952
	2528 1952
	2528 1984
	0 1984
4
	4224 1952
	4384 1952
	4384 1984
	4224 1984
4
	4704 1952
	4800 1952
	4800 1984
	4704 1984
4
	4864 1952
	5088 1952
	5088 1984
	4864 1984
4
	5440 1952
	5504 1952
	5504 1984
	5440 1984
4
	5888 1952
	6016 1952
	6016 1984
	5888 1984
4
	6752 1952
	8224 1952
	8224 1984
	6752 1984
4
	0 1984
	2528 1984
	2528 2016
	0 2016
4
	2688 1984
	2784 1984
	2784 2016
	2688 2016
4
	4224 1984
	4384 1984
	4384 2016
	4224 2016
4
	4928 1984
	5088 1984
	5088 2016
	4928 2016
4
	5440 1984
	5504 1984
	5504 2016
	5440 2016
4
	5952 1984
	6016 1984
	6016 2016
	5952 2016
4
	6784 1984
	8224 1984
	8224 2016
	6784 2016
4
	0 2016
	2496 2016
	2496 2048
	0 2048
4
	2688 2016
	2784 2016
	2784 2048
	2688 2048
4
	4256 2016
	4384 2016
	4384 2048
	4256 2048
4
	4928 2016
	5088 2016
	5088 2048
	4928 2048
4
	5952 2016
	6016 2016
	6016 2048
	5952 2048
4
	6784 2016
	8224 2016
	8224 2048
	6784 2048
4
	2495 2079
	2497 2079
	2497 2081
	2495 2081
4
	0 2048
	2496 2048
	2496 2080
	0 2080
4
	2528 2048
	2592 2048
	2592 2080
	2528 2080
4
	2720 2048
	2784 2048
	2784 2080
	2720 2080
4
	2879 2079
	2881 2079
	2881 2081
	2879 2081
4
	2880 2048
	2912 2048
	2912 2080
	2880 2080
4
	4256 2048
	4352 2048
	4352 2080
	4256 2080
4
	4928 2048
	5024 2048
	5024 2080
	4928 2080
4
	6624 2048
	8224 2048
	8224 2080
	6624 2080
4
	0 2080
	2464 2080
	2464 2112
	0 2112
4
	2496 2080
	2592 2080
	2592 2112
	2496 2112
4
	2848 2080
	2880 2080
	2880 2112
	2848 2112
4
	4928 2080
	5024 2080
	5024 2112
	4928 2112
4
	5312 2080
	5440 2080
	5440 2112
	5312 2112
4
	5760 2080
	5856 2080
	5856 2112
	5760 2112
4
	6560 2080
	8224 2080
	8224 2112
	6560 2112
4
	0 2112
	2464 2112
	2464 2144
	0 2144
4
	2496 2112
	2592 2112
	2592 2144
	2496 2144
4
	3200 2112
	3232 2112
	3232 2144
	3200 2144
4
	5280 2112
	5440 2112
	5440 2144
	5280 2144
4
	5696 2112
	5920 2112
	5920 2144
	5696 2144
4
	6560 2112
	8224 2112
	8224 2144
	6560 2144
4
	0 2144
	2400 2144
	2400 2176
	0 2176
4
	2528 2144
	2592 2144
	2592 2176
	2528 2176
4
	2944 2144
	2976 2144
	2976 2176
	2944 2176
4
	3200 2144
	3264 2144
	3264 2176
	3200 2176
4
	5280 2144
	5440 2144
	5440 2176
	5280 2176
4
	5664 2144
	5952 2144
	5952 2176
	5664 2176
4
	6528 2144
	8224 2144
	8224 2176
	6528 2176
4
	0 2176
	2400 2176
	2400 2208
	0 2208
4
	2944 2176
	3072 2176
	3072 2208
	2944 2208
4
	3200 2176
	3264 2176
	3264 2208
	3200 2208
4
	4320 2176
	4384 2176
	4384 2208
	4320 2208
4
	5632 2176
	5952 2176
	5952 2208
	5632 2208
4
	6528 2176
	8224 2176
	8224 2208
	6528 2208
4
	0 2208
	2400 2208
	2400 2240
	0 2240
4
	2912 2208
	3168 2208
	3168 2240
	2912 2240
4
	3200 2208
	3296 2208
	3296 2240
	3200 2240
4
	4320 2208
	4384 2208
	4384 2240
	4320 2240
4
	5600 2208
	5952 2208
	5952 2240
	5600 2240
4
	6496 2208
	8224 2208
	8224 2240
	6496 2240
4
	0 2240
	2400 2240
	2400 2272
	0 2272
4
	2912 2240
	3296 2240
	3296 2272
	2912 2272
4
	5600 2240
	5952 2240
	5952 2272
	5600 2272
4
	6400 2240
	6848 2240
	6848 2272
	6400 2272
4
	6880 2240
	8224 2240
	8224 2272
	6880 2272
4
	0 2272
	2400 2272
	2400 2304
	0 2304
4
	2912 2272
	3232 2272
	3232 2304
	2912 2304
4
	5600 2272
	5952 2272
	5952 2304
	5600 2304
4
	6432 2272
	6848 2272
	6848 2304
	6432 2304
4
	6880 2272
	8224 2272
	8224 2304
	6880 2304
4
	0 2304
	2400 2304
	2400 2336
	0 2336
4
	2912 2304
	3200 2304
	3200 2336
	2912 2336
4
	4384 2304
	4512 2304
	4512 2336
	4384 2336
4
	5600 2304
	5984 2304
	5984 2336
	5600 2336
4
	6432 2304
	6848 2304
	6848 2336
	6432 2336
4
	6880 2304
	8224 2304
	8224 2336
	6880 2336
4
	0 2336
	2464 2336
	2464 2368
	0 2368
4
	2944 2336
	3200 2336
	3200 2368
	2944 2368
4
	4384 2336
	4512 2336
	4512 2368
	4384 2368
4
	5600 2336
	6016 2336
	6016 2368
	5600 2368
4
	6528 2336
	6848 2336
	6848 2368
	6528 2368
4
	6880 2336
	8224 2336
	8224 2368
	6880 2368
4
	0 2368
	2176 2368
	2176 2400
	0 2400
4
	2368 2368
	2496 2368
	2496 2400
	2368 2400
4
	2976 2368
	3168 2368
	3168 2400
	2976 2400
4
	4384 2368
	4512 2368
	4512 2400
	4384 2400
4
	5600 2368
	6048 2368
	6048 2400
	5600 2400
4
	6560 2368
	6816 2368
	6816 2400
	6560 2400
4
	6880 2368
	8224 2368
	8224 2400
	6880 2400
4
	0 2400
	2176 2400
	2176 2432
	0 2432
4
	2400 2400
	2528 2400
	2528 2432
	2400 2432
4
	3072 2400
	3168 2400
	3168 2432
	3072 2432
4
	4384 2400
	4512 2400
	4512 2432
	4384 2432
4
	5504 2400
	5568 2400
	5568 2432
	5504 2432
4
	5599 2431
	5601 2431
	5601 2433
	5599 2433
4
	5600 2400
	5888 2400
	5888 2432
	5600 2432
4
	5920 2400
	6016 2400
	6016 2432
	5920 2432
4
	6592 2400
	6816 2400
	6816 2432
	6592 2432
4
	6880 2400
	8224 2400
	8224 2432
	6880 2432
4
	0 2432
	2144 2432
	2144 2464
	0 2464
4
	2464 2432
	2560 2432
	2560 2464
	2464 2464
4
	5472 2432
	5600 2432
	5600 2464
	5472 2464
4
	5664 2432
	5856 2432
	5856 2464
	5664 2464
4
	5952 2432
	6016 2432
	6016 2464
	5952 2464
4
	6592 2432
	6752 2432
	6752 2464
	6592 2464
4
	6880 2432
	8224 2432
	8224 2464
	6880 2464
4
	0 2464
	1056 2464
	1056 2496
	0 2496
4
	1120 2464
	2144 2464
	2144 2496
	1120 2496
4
	2496 2464
	2592 2464
	2592 2496
	2496 2496
4
	4544 2464
	4672 2464
	4672 2496
	4544 2496
4
	5472 2464
	5632 2464
	5632 2496
	5472 2496
4
	5728 2464
	5792 2464
	5792 2496
	5728 2496
4
	6880 2464
	8224 2464
	8224 2496
	6880 2496
4
	0 2496
	1024 2496
	1024 2528
	0 2528
4
	1152 2496
	2176 2496
	2176 2528
	1152 2528
4
	2559 2527
	2561 2527
	2561 2529
	2559 2529
4
	2560 2496
	2592 2496
	2592 2528
	2560 2528
4
	4512 2496
	4672 2496
	4672 2528
	4512 2528
4
	5504 2496
	5664 2496
	5664 2528
	5504 2528
4
	6560 2496
	6688 2496
	6688 2528
	6560 2528
4
	6880 2496
	8224 2496
	8224 2528
	6880 2528
4
	0 2528
	992 2528
	992 2560
	0 2560
4
	1184 2528
	2144 2528
	2144 2560
	1184 2560
4
	2528 2528
	2560 2528
	2560 2560
	2528 2560
4
	3104 2528
	3200 2528
	3200 2560
	3104 2560
4
	3776 2528
	3840 2528
	3840 2560
	3776 2560
4
	4512 2528
	4672 2528
	4672 2560
	4512 2560
4
	5536 2528
	5632 2528
	5632 2560
	5536 2560
4
	6496 2528
	6720 2528
	6720 2560
	6496 2560
4
	6880 2528
	8224 2528
	8224 2560
	6880 2560
4
	0 2560
	992 2560
	992 2592
	0 2592
4
	1024 2560
	1120 2560
	1120 2592
	1024 2592
4
	1216 2560
	2048 2560
	2048 2592
	1216 2592
4
	2112 2560
	2144 2560
	2144 2592
	2112 2592
4
	2272 2560
	2336 2560
	2336 2592
	2272 2592
4
	3072 2560
	3200 2560
	3200 2592
	3072 2592
4
	3776 2560
	3904 2560
	3904 2592
	3776 2592
4
	4544 2560
	4672 2560
	4672 2592
	4544 2592
4
	6464 2560
	6752 2560
	6752 2592
	6464 2592
4
	6880 2560
	8224 2560
	8224 2592
	6880 2592
4
	0 2592
	960 2592
	960 2624
	0 2624
4
	1024 2592
	1120 2592
	1120 2624
	1024 2624
4
	1216 2592
	2048 2592
	2048 2624
	1216 2624
4
	2272 2592
	2336 2592
	2336 2624
	2272 2624
4
	3104 2592
	3168 2592
	3168 2624
	3104 2624
4
	3744 2592
	3904 2592
	3904 2624
	3744 2624
4
	4576 2592
	4640 2592
	4640 2624
	4576 2624
4
	4992 2592
	5024 2592
	5024 2624
	4992 2624
4
	6464 2592
	6784 2592
	6784 2624
	6464 2624
4
	6880 2592
	8224 2592
	8224 2624
	6880 2624
4
	0 2624
	800 2624
	800 2656
	0 2656
4
	1248 2624
	2048 2624
	2048 2656
	1248 2656
4
	2208 2624
	2240 2624
	2240 2656
	2208 2656
4
	2272 2624
	2336 2624
	2336 2656
	2272 2656
4
	3744 2624
	3904 2624
	3904 2656
	3744 2656
4
	4992 2624
	5024 2624
	5024 2656
	4992 2656
4
	6464 2624
	6784 2624
	6784 2656
	6464 2656
4
	6880 2624
	8224 2624
	8224 2656
	6880 2656
4
	0 2656
	768 2656
	768 2688
	0 2688
4
	1248 2656
	2016 2656
	2016 2688
	1248 2688
4
	3488 2656
	3584 2656
	3584 2688
	3488 2688
4
	3776 2656
	3872 2656
	3872 2688
	3776 2688
4
	6464 2656
	6784 2656
	6784 2688
	6464 2688
4
	6912 2656
	8224 2656
	8224 2688
	6912 2688
4
	0 2688
	704 2688
	704 2720
	0 2720
4
	1280 2688
	1568 2688
	1568 2720
	1280 2720
4
	1696 2688
	1888 2688
	1888 2720
	1696 2720
4
	3456 2688
	3584 2688
	3584 2720
	3456 2720
4
	4032 2688
	4128 2688
	4128 2720
	4032 2720
4
	6464 2688
	6784 2688
	6784 2720
	6464 2720
4
	6912 2688
	8224 2688
	8224 2720
	6912 2720
4
	0 2720
	608 2720
	608 2752
	0 2752
4
	1280 2720
	1568 2720
	1568 2752
	1280 2752
4
	3456 2720
	3584 2720
	3584 2752
	3456 2752
4
	4032 2720
	4192 2720
	4192 2752
	4032 2752
4
	5344 2720
	5504 2720
	5504 2752
	5344 2752
4
	6112 2720
	6176 2720
	6176 2752
	6112 2752
4
	6400 2720
	6784 2720
	6784 2752
	6400 2752
4
	6912 2720
	8224 2720
	8224 2752
	6912 2752
4
	0 2752
	544 2752
	544 2784
	0 2784
4
	1280 2752
	1568 2752
	1568 2784
	1280 2784
4
	3488 2752
	3584 2752
	3584 2784
	3488 2784
4
	4032 2752
	4192 2752
	4192 2784
	4032 2784
4
	5312 2752
	5568 2752
	5568 2784
	5312 2784
4
	6080 2752
	6208 2752
	6208 2784
	6080 2784
4
	6400 2752
	6752 2752
	6752 2784
	6400 2784
4
	6912 2752
	8224 2752
	8224 2784
	6912 2784
4
	0 2784
	512 2784
	512 2816
	0 2816
4
	1280 2784
	1568 2784
	1568 2816
	1280 2816
4
	4064 2784
	4128 2784
	4128 2816
	4064 2816
4
	5312 2784
	5600 2784
	5600 2816
	5312 2816
4
	6080 2784
	6336 2784
	6336 2816
	6080 2816
4
	6400 2784
	6720 2784
	6720 2816
	6400 2816
4
	6912 2784
	8224 2784
	8224 2816
	6912 2816
4
	0 2816
	512 2816
	512 2848
	0 2848
4
	1312 2816
	1536 2816
	1536 2848
	1312 2848
4
	5312 2816
	5632 2816
	5632 2848
	5312 2848
4
	6112 2816
	6528 2816
	6528 2848
	6112 2848
4
	6592 2816
	6624 2816
	6624 2848
	6592 2848
4
	6912 2816
	8224 2816
	8224 2848
	6912 2848
4
	0 2848
	512 2848
	512 2880
	0 2880
4
	1312 2848
	1536 2848
	1536 2880
	1312 2880
4
	5344 2848
	5632 2848
	5632 2880
	5344 2880
4
	6112 2848
	6528 2848
	6528 2880
	6112 2880
4
	6912 2848
	8224 2848
	8224 2880
	6912 2880
4
	0 2880
	544 2880
	544 2912
	0 2912
4
	1312 2880
	1536 2880
	1536 2912
	1312 2912
4
	5312 2880
	5664 2880
	5664 2912
	5312 2912
4
	6080 2880
	6432 2880
	6432 2912
	6080 2912
4
	6912 2880
	8224 2880
	8224 2912
	6912 2912
4
	0 2912
	544 2912
	544 2944
	0 2944
4
	1312 2912
	1536 2912
	1536 2944
	1312 2944
4
	5280 2912
	5664 2912
	5664 2944
	5280 2944
4
	6048 2912
	6464 2912
	6464 2944
	6048 2944
4
	6912 2912
	8224 2912
	8224 2944
	6912 2944
4
	0 2944
	576 2944
	576 2976
	0 2976
4
	1312 2944
	1536 2944
	1536 2976
	1312 2976
4
	5056 2944
	5152 2944
	5152 2976
	5056 2976
4
	5248 2944
	5664 2944
	5664 2976
	5248 2976
4
	6048 2944
	6464 2944
	6464 2976
	6048 2976
4
	6752 2944
	6784 2944
	6784 2976
	6752 2976
4
	6848 2944
	8224 2944
	8224 2976
	6848 2976
4
	0 2976
	576 2976
	576 3008
	0 3008
4
	1312 2976
	1536 2976
	1536 3008
	1312 3008
4
	4928 2976
	5152 2976
	5152 3008
	4928 3008
4
	5184 2976
	5664 2976
	5664 3008
	5184 3008
4
	6048 2976
	6432 2976
	6432 3008
	6048 3008
4
	6752 2976
	6784 2976
	6784 3008
	6752 3008
4
	6848 2976
	8224 2976
	8224 3008
	6848 3008
4
	0 3008
	608 3008
	608 3040
	0 3040
4
	1312 3008
	1536 3008
	1536 3040
	1312 3040
4
	3712 3008
	3776 3008
	3776 3040
	3712 3040
4
	4928 3008
	5632 3008
	5632 3040
	4928 3040
4
	6048 3008
	6432 3008
	6432 3040
	6048 3040
4
	6848 3008
	8224 3008
	8224 3040
	6848 3040
4
	0 3040
	608 3040
	608 3072
	0 3072
4
	1376 3040
	1472 3040
	1472 3072
	1376 3072
4
	2080 3040
	2176 3040
	2176 3072
	2080 3072
4
	4928 3040
	5632 3040
	5632 3072
	4928 3072
4
	6080 3040
	6400 3040
	6400 3072
	6080 3072
4
	6848 3040
	8224 3040
	8224 3072
	6848 3072
4
	0 3072
	640 3072
	640 3104
	0 3104
4
	2080 3072
	2176 3072
	2176 3104
	2080 3104
4
	4960 3072
	5440 3072
	5440 3104
	4960 3104
4
	5536 3072
	5600 3072
	5600 3104
	5536 3104
4
	6080 3072
	6368 3072
	6368 3104
	6080 3104
4
	6848 3072
	8224 3072
	8224 3104
	6848 3104
4
	0 3104
	640 3104
	640 3136
	0 3136
4
	2080 3104
	2176 3104
	2176 3136
	2080 3136
4
	5056 3104
	5408 3104
	5408 3136
	5056 3136
4
	6112 3104
	6336 3104
	6336 3136
	6112 3136
4
	6848 3104
	8224 3104
	8224 3136
	6848 3136
4
	0 3136
	672 3136
	672 3168
	0 3168
4
	2080 3136
	2176 3136
	2176 3168
	2080 3168
4
	5056 3136
	5440 3136
	5440 3168
	5056 3168
4
	6848 3136
	8224 3136
	8224 3168
	6848 3168
4
	0 3168
	672 3168
	672 3200
	0 3200
4
	5088 3168
	5472 3168
	5472 3200
	5088 3200
4
	6848 3168
	8224 3168
	8224 3200
	6848 3200
4
	0 3200
	704 3200
	704 3232
	0 3232
4
	1536 3200
	1632 3200
	1632 3232
	1536 3232
4
	3552 3200
	3616 3200
	3616 3232
	3552 3232
4
	5056 3200
	5440 3200
	5440 3232
	5056 3232
4
	6848 3200
	8224 3200
	8224 3232
	6848 3232
4
	0 3232
	704 3232
	704 3264
	0 3264
4
	1504 3232
	1664 3232
	1664 3264
	1504 3264
4
	1696 3232
	1760 3232
	1760 3264
	1696 3264
4
	3552 3232
	3680 3232
	3680 3264
	3552 3264
4
	5024 3232
	5376 3232
	5376 3264
	5024 3264
4
	6848 3232
	8224 3232
	8224 3264
	6848 3264
4
	0 3264
	736 3264
	736 3296
	0 3296
4
	1504 3264
	1664 3264
	1664 3296
	1504 3296
4
	1696 3264
	1760 3264
	1760 3296
	1696 3296
4
	3520 3264
	3680 3264
	3680 3296
	3520 3296
4
	5056 3264
	5152 3264
	5152 3296
	5056 3296
4
	5215 3295
	5217 3295
	5217 3297
	5215 3297
4
	5184 3264
	5216 3264
	5216 3296
	5184 3296
4
	5600 3264
	5696 3264
	5696 3296
	5600 3296
4
	6912 3264
	8224 3264
	8224 3296
	6912 3296
4
	0 3296
	736 3296
	736 3328
	0 3328
4
	1504 3296
	1664 3296
	1664 3328
	1504 3328
4
	3488 3296
	3680 3296
	3680 3328
	3488 3328
4
	5056 3296
	5120 3296
	5120 3328
	5056 3328
4
	5279 3327
	5281 3327
	5281 3329
	5279 3329
4
	5216 3296
	5280 3296
	5280 3328
	5216 3328
4
	5568 3296
	5728 3296
	5728 3328
	5568 3328
4
	6304 3296
	6368 3296
	6368 3328
	6304 3328
4
	6944 3296
	8224 3296
	8224 3328
	6944 3328
4
	0 3328
	736 3328
	736 3360
	0 3360
4
	1504 3328
	1632 3328
	1632 3360
	1504 3360
4
	3424 3328
	3648 3328
	3648 3360
	3424 3360
4
	5184 3328
	5248 3328
	5248 3360
	5184 3360
4
	5280 3328
	5344 3328
	5344 3360
	5280 3360
4
	5568 3328
	5696 3328
	5696 3360
	5568 3360
4
	6304 3328
	6368 3328
	6368 3360
	6304 3360
4
	6976 3328
	8224 3328
	8224 3360
	6976 3360
4
	0 3360
	768 3360
	768 3392
	0 3392
4
	1120 3360
	1248 3360
	1248 3392
	1120 3392
4
	3392 3360
	3680 3360
	3680 3392
	3392 3392
4
	5568 3360
	5696 3360
	5696 3392
	5568 3392
4
	7008 3360
	8224 3360
	8224 3392
	7008 3392
4
	0 3392
	768 3392
	768 3424
	0 3424
4
	1120 3392
	1248 3392
	1248 3424
	1120 3424
4
	1888 3392
	1984 3392
	1984 3424
	1888 3424
4
	3360 3392
	3680 3392
	3680 3424
	3360 3424
4
	5600 3392
	5696 3392
	5696 3424
	5600 3424
4
	6368 3392
	6464 3392
	6464 3424
	6368 3424
4
	7040 3392
	8224 3392
	8224 3424
	7040 3424
4
	0 3424
	768 3424
	768 3456
	0 3456
4
	1120 3424
	1248 3424
	1248 3456
	1120 3456
4
	1888 3424
	1984 3424
	1984 3456
	1888 3456
4
	3328 3424
	3680 3424
	3680 3456
	3328 3456
4
	4128 3424
	4320 3424
	4320 3456
	4128 3456
4
	6400 3424
	6432 3424
	6432 3456
	6400 3456
4
	7104 3424
	8224 3424
	8224 3456
	7104 3456
4
	0 3456
	800 3456
	800 3488
	0 3488
4
	1888 3456
	1984 3456
	1984 3488
	1888 3488
4
	3328 3456
	3584 3456
	3584 3488
	3328 3488
4
	3616 3456
	3680 3456
	3680 3488
	3616 3488
4
	4000 3456
	4096 3456
	4096 3488
	4000 3488
4
	4128 3456
	4384 3456
	4384 3488
	4128 3488
4
	6400 3456
	6432 3456
	6432 3488
	6400 3488
4
	7136 3456
	8224 3456
	8224 3488
	7136 3488
4
	0 3488
	832 3488
	832 3520
	0 3520
4
	3296 3488
	3584 3488
	3584 3520
	3296 3520
4
	3936 3488
	4096 3488
	4096 3520
	3936 3520
4
	4160 3488
	4416 3488
	4416 3520
	4160 3520
4
	6400 3488
	6496 3488
	6496 3520
	6400 3520
4
	7168 3488
	8224 3488
	8224 3520
	7168 3520
4
	0 3520
	832 3520
	832 3552
	0 3552
4
	3264 3520
	3616 3520
	3616 3552
	3264 3552
4
	3936 3520
	4128 3520
	4128 3552
	3936 3552
4
	4288 3520
	4448 3520
	4448 3552
	4288 3552
4
	6400 3520
	6528 3520
	6528 3552
	6400 3552
4
	7200 3520
	8224 3520
	8224 3552
	7200 3552
4
	0 3552
	832 3552
	832 3584
	0 3584
4
	2400 3552
	2496 3552
	2496 3584
	2400 3584
4
	3232 3552
	3616 3552
	3616 3584
	3232 3584
4
	3936 3552
	4160 3552
	4160 3584
	3936 3584
4
	4352 3552
	4480 3552
	4480 3584
	4352 3584
4
	6400 3552
	6496 3552
	6496 3584
	6400 3584
4
	7008 3552
	7040 3552
	7040 3584
	7008 3584
4
	7104 3552
	7168 3552
	7168 3584
	7104 3584
4
	7264 3552
	8224 3552
	8224 3584
	7264 3584
4
	0 3584
	832 3584
	832 3616
	0 3616
4
	2400 3584
	2528 3584
	2528 3616
	2400 3616
4
	3232 3584
	3584 3584
	3584 3616
	3232 3616
4
	3968 3584
	4160 3584
	4160 3616
	3968 3616
4
	4384 3584
	4448 3584
	4448 3616
	4384 3616
4
	7296 3584
	8224 3584
	8224 3616
	7296 3616
4
	0 3616
	832 3616
	832 3648
	0 3648
4
	2432 3616
	2496 3616
	2496 3648
	2432 3648
4
	3200 3616
	3584 3616
	3584 3648
	3200 3648
4
	3936 3616
	4192 3616
	4192 3648
	3936 3648
4
	4576 3616
	4672 3616
	4672 3648
	4576 3648
4
	7296 3616
	8224 3616
	8224 3648
	7296 3648
4
	0 3648
	832 3648
	832 3680
	0 3680
4
	2112 3648
	2304 3648
	2304 3680
	2112 3680
4
	3264 3648
	3552 3648
	3552 3680
	3264 3680
4
	3936 3648
	4288 3648
	4288 3680
	3936 3680
4
	4480 3648
	4672 3648
	4672 3680
	4480 3680
4
	7264 3648
	8224 3648
	8224 3680
	7264 3680
4
	0 3680
	864 3680
	864 3712
	0 3712
4
	1536 3680
	1600 3680
	1600 3712
	1536 3712
4
	2048 3680
	2528 3680
	2528 3712
	2048 3712
4
	3296 3680
	3456 3680
	3456 3712
	3296 3712
4
	3488 3680
	3552 3680
	3552 3712
	3488 3712
4
	3968 3680
	4288 3680
	4288 3712
	3968 3712
4
	4480 3680
	4672 3680
	4672 3712
	4480 3712
4
	5664 3680
	5728 3680
	5728 3712
	5664 3712
4
	7296 3680
	8224 3680
	8224 3712
	7296 3712
4
	0 3712
	864 3712
	864 3744
	0 3744
4
	960 3712
	1024 3712
	1024 3744
	960 3744
4
	1536 3712
	1600 3712
	1600 3744
	1536 3744
4
	1984 3712
	2656 3712
	2656 3744
	1984 3744
4
	3328 3712
	3424 3712
	3424 3744
	3328 3744
4
	3968 3712
	4320 3712
	4320 3744
	3968 3744
4
	4512 3712
	4704 3712
	4704 3744
	4512 3744
4
	5664 3712
	5728 3712
	5728 3744
	5664 3744
4
	6368 3712
	6432 3712
	6432 3744
	6368 3744
4
	7360 3712
	7424 3712
	7424 3744
	7360 3744
4
	7456 3712
	8224 3712
	8224 3744
	7456 3744
4
	0 3744
	864 3744
	864 3776
	0 3776
4
	1920 3744
	2688 3744
	2688 3776
	1920 3776
4
	4000 3744
	4352 3744
	4352 3776
	4000 3776
4
	4512 3744
	4704 3744
	4704 3776
	4512 3776
4
	7552 3744
	8224 3744
	8224 3776
	7552 3776
4
	0 3776
	864 3776
	864 3808
	0 3808
4
	1856 3776
	2720 3776
	2720 3808
	1856 3808
4
	4000 3776
	4352 3776
	4352 3808
	4000 3808
4
	4416 3776
	4480 3776
	4480 3808
	4416 3808
4
	4511 3807
	4513 3807
	4513 3809
	4511 3809
4
	4512 3776
	4736 3776
	4736 3808
	4512 3808
4
	7584 3776
	8224 3776
	8224 3808
	7584 3808
4
	0 3808
	864 3808
	864 3840
	0 3840
4
	1792 3808
	2752 3808
	2752 3840
	1792 3840
4
	2976 3808
	3040 3808
	3040 3840
	2976 3840
4
	4032 3808
	4512 3808
	4512 3840
	4032 3840
4
	4544 3808
	4736 3808
	4736 3840
	4544 3840
4
	4768 3808
	4864 3808
	4864 3840
	4768 3840
4
	7616 3808
	8224 3808
	8224 3840
	7616 3840
4
	0 3840
	864 3840
	864 3872
	0 3872
4
	1728 3840
	2752 3840
	2752 3872
	1728 3872
4
	2944 3840
	3104 3840
	3104 3872
	2944 3872
4
	4064 3840
	4512 3840
	4512 3872
	4064 3872
4
	4544 3840
	4736 3840
	4736 3872
	4544 3872
4
	4768 3840
	4896 3840
	4896 3872
	4768 3872
4
	7648 3840
	8224 3840
	8224 3872
	7648 3872
4
	0 3872
	864 3872
	864 3904
	0 3904
4
	1696 3872
	2784 3872
	2784 3904
	1696 3904
4
	2912 3872
	3104 3872
	3104 3904
	2912 3904
4
	4064 3872
	4512 3872
	4512 3904
	4064 3904
4
	4544 3872
	4736 3872
	4736 3904
	4544 3904
4
	4768 3872
	4896 3872
	4896 3904
	4768 3904
4
	6688 3872
	6784 3872
	6784 3904
	6688 3904
4
	7648 3872
	8224 3872
	8224 3904
	7648 3904
4
	0 3904
	832 3904
	832 3936
	0 3936
4
	1600 3904
	2816 3904
	2816 3936
	1600 3936
4
	2912 3904
	3072 3904
	3072 3936
	2912 3936
4
	3584 3904
	3616 3904
	3616 3936
	3584 3936
4
	4096 3904
	4448 3904
	4448 3936
	4096 3936
4
	4576 3904
	4672 3904
	4672 3936
	4576 3936
4
	6688 3904
	6912 3904
	6912 3936
	6688 3936
4
	7040 3904
	7072 3904
	7072 3936
	7040 3936
4
	7648 3904
	8224 3904
	8224 3936
	7648 3936
4
	0 3936
	832 3936
	832 3968
	0 3968
4
	1504 3936
	2848 3936
	2848 3968
	1504 3968
4
	2944 3936
	3072 3936
	3072 3968
	2944 3968
4
	3232 3936
	3296 3936
	3296 3968
	3232 3968
4
	4128 3936
	4448 3936
	4448 3968
	4128 3968
4
	6656 3936
	6944 3936
	6944 3968
	6656 3968
4
	7040 3936
	7072 3936
	7072 3968
	7040 3968
4
	7680 3936
	8224 3936
	8224 3968
	7680 3968
4
	0 3968
	832 3968
	832 4000
	0 4000
4
	1376 3968
	2848 3968
	2848 4000
	1376 4000
4
	2976 3968
	3040 3968
	3040 4000
	2976 4000
4
	3232 3968
	3328 3968
	3328 4000
	3232 4000
4
	4128 3968
	4448 3968
	4448 4000
	4128 4000
4
	6016 3968
	6112 3968
	6112 4000
	6016 4000
4
	6560 3968
	6976 3968
	6976 4000
	6560 4000
4
	7680 3968
	8224 3968
	8224 4000
	7680 4000
4
	0 4000
	832 4000
	832 4032
	0 4032
4
	1088 4000
	1184 4000
	1184 4032
	1088 4032
4
	1280 4000
	2880 4000
	2880 4032
	1280 4032
4
	3200 4000
	3360 4000
	3360 4032
	3200 4032
4
	4064 4000
	4448 4000
	4448 4032
	4064 4032
4
	5984 4000
	6144 4000
	6144 4032
	5984 4032
4
	6560 4000
	6976 4000
	6976 4032
	6560 4032
4
	7712 4000
	8224 4000
	8224 4032
	7712 4032
4
	0 4032
	832 4032
	832 4064
	0 4064
4
	1056 4032
	2912 4032
	2912 4064
	1056 4064
4
	3200 4032
	3392 4032
	3392 4064
	3200 4064
4
	4064 4032
	4416 4032
	4416 4064
	4064 4064
4
	5984 4032
	6144 4032
	6144 4064
	5984 4064
4
	6560 4032
	7008 4032
	7008 4064
	6560 4064
4
	7744 4032
	8224 4032
	8224 4064
	7744 4064
4
	0 4064
	2944 4064
	2944 4096
	0 4096
4
	3168 4064
	3392 4064
	3392 4096
	3168 4096
4
	3456 4064
	3552 4064
	3552 4096
	3456 4096
4
	4064 4064
	4384 4064
	4384 4096
	4064 4096
4
	5984 4064
	6144 4064
	6144 4096
	5984 4096
4
	6560 4064
	7008 4064
	7008 4096
	6560 4096
4
	7744 4064
	8224 4064
	8224 4096
	7744 4096
4
	0 4096
	2944 4096
	2944 4128
	0 4128
4
	3232 4096
	3360 4096
	3360 4128
	3232 4128
4
	3424 4096
	3552 4096
	3552 4128
	3424 4128
4
	4096 4096
	4352 4096
	4352 4128
	4096 4128
4
	6016 4096
	6112 4096
	6112 4128
	6016 4128
4
	6720 4096
	6976 4096
	6976 4128
	6720 4128
4
	7776 4096
	8224 4096
	8224 4128
	7776 4128
4
	0 4128
	3008 4128
	3008 4160
	0 4160
4
	3424 4128
	3552 4128
	3552 4160
	3424 4160
4
	4160 4128
	4288 4128
	4288 4160
	4160 4160
4
	6496 4128
	6560 4128
	6560 4160
	6496 4160
4
	6720 4128
	6976 4128
	6976 4160
	6720 4160
4
	7808 4128
	8224 4128
	8224 4160
	7808 4160
4
	0 4160
	2208 4160
	2208 4192
	0 4192
4
	2240 4160
	3104 4160
	3104 4192
	2240 4192
4
	3392 4160
	3584 4160
	3584 4192
	3392 4192
4
	6496 4160
	6560 4160
	6560 4192
	6496 4192
4
	6752 4160
	6944 4160
	6944 4192
	6752 4192
4
	7840 4160
	8224 4160
	8224 4192
	7840 4192
4
	0 4192
	2080 4192
	2080 4224
	0 4224
4
	2432 4192
	3232 4192
	3232 4224
	2432 4224
4
	3424 4192
	3616 4192
	3616 4224
	3424 4224
4
	7872 4192
	8224 4192
	8224 4224
	7872 4224
4
	0 4224
	1952 4224
	1952 4256
	0 4256
4
	2496 4224
	3680 4224
	3680 4256
	2496 4256
4
	4480 4224
	4608 4224
	4608 4256
	4480 4256
4
	7904 4224
	8224 4224
	8224 4256
	7904 4256
4
	0 4256
	1856 4256
	1856 4288
	0 4288
4
	2239 4287
	2241 4287
	2241 4289
	2239 4289
4
	2240 4256
	2336 4256
	2336 4288
	2240 4288
4
	2496 4256
	3744 4256
	3744 4288
	2496 4288
4
	4480 4256
	4608 4256
	4608 4288
	4480 4288
4
	7424 4256
	7520 4256
	7520 4288
	7424 4288
4
	7936 4256
	8224 4256
	8224 4288
	7936 4288
4
	0 4288
	1792 4288
	1792 4320
	0 4320
4
	2208 4288
	2240 4288
	2240 4320
	2208 4320
4
	2528 4288
	3808 4288
	3808 4320
	2528 4320
4
	4480 4288
	4608 4288
	4608 4320
	4480 4320
4
	5088 4288
	5152 4288
	5152 4320
	5088 4320
4
	5312 4288
	5408 4288
	5408 4320
	5312 4320
4
	5568 4288
	5632 4288
	5632 4320
	5568 4320
4
	7424 4288
	7520 4288
	7520 4320
	7424 4320
4
	7968 4288
	8224 4288
	8224 4320
	7968 4320
4
	0 4320
	1664 4320
	1664 4352
	0 4352
4
	2208 4320
	2240 4320
	2240 4352
	2208 4352
4
	2560 4320
	3872 4320
	3872 4352
	2560 4352
4
	4096 4320
	4128 4320
	4128 4352
	4096 4352
4
	5088 4320
	5152 4320
	5152 4352
	5088 4352
4
	5312 4320
	5408 4320
	5408 4352
	5312 4352
4
	5568 4320
	5632 4320
	5632 4352
	5568 4352
4
	7968 4320
	8224 4320
	8224 4352
	7968 4352
4
	0 4352
	1664 4352
	1664 4384
	0 4384
4
	2208 4352
	2240 4352
	2240 4384
	2208 4384
4
	2656 4352
	3936 4352
	3936 4384
	2656 4384
4
	4032 4352
	4160 4352
	4160 4384
	4032 4384
4
	5088 4352
	5152 4352
	5152 4384
	5088 4384
4
	5312 4352
	5408 4352
	5408 4384
	5312 4384
4
	5568 4352
	5632 4352
	5632 4384
	5568 4384
4
	8032 4352
	8224 4352
	8224 4384
	8032 4384
4
	0 4384
	1664 4384
	1664 4416
	0 4416
4
	2208 4384
	2240 4384
	2240 4416
	2208 4416
4
	2720 4384
	4160 4384
	4160 4416
	2720 4416
4
	5088 4384
	5152 4384
	5152 4416
	5088 4416
4
	5312 4384
	5408 4384
	5408 4416
	5312 4416
4
	5568 4384
	5728 4384
	5728 4416
	5568 4416
4
	7072 4384
	7136 4384
	7136 4416
	7072 4416
4
	8064 4384
	8224 4384
	8224 4416
	8064 4416
4
	0 4416
	1632 4416
	1632 4448
	0 4448
4
	2208 4416
	2240 4416
	2240 4448
	2208 4448
4
	2304 4416
	2336 4416
	2336 4448
	2304 4448
4
	2784 4416
	4192 4416
	4192 4448
	2784 4448
4
	4992 4416
	5152 4416
	5152 4448
	4992 4448
4
	5312 4416
	5408 4416
	5408 4448
	5312 4448
4
	5568 4416
	5760 4416
	5760 4448
	5568 4448
4
	7072 4416
	7136 4416
	7136 4448
	7072 4448
4
	8064 4416
	8224 4416
	8224 4448
	8064 4448
4
	0 4448
	1600 4448
	1600 4480
	0 4480
4
	2208 4448
	2240 4448
	2240 4480
	2208 4480
4
	2304 4448
	2336 4448
	2336 4480
	2304 4480
4
	2816 4448
	4160 4448
	4160 4480
	2816 4480
4
	4992 4448
	5152 4448
	5152 4480
	4992 4480
4
	8096 4448
	8224 4448
	8224 4480
	8096 4480
4
	0 4480
	1632 4480
	1632 4512
	0 4512
4
	2208 4480
	2240 4480
	2240 4512
	2208 4512
4
	2304 4480
	2336 4480
	2336 4512
	2304 4512
4
	2816 4480
	4096 4480
	4096 4512
	2816 4512
4
	5280 4480
	5408 4480
	5408 4512
	5280 4512
4
	8096 4480
	8224 4480
	8224 4512
	8096 4512
4
	0 4512
	1632 4512
	1632 4544
	0 4544
4
	2208 4512
	2240 4512
	2240 4544
	2208 4544
4
	2304 4512
	2336 4512
	2336 4544
	2304 4544
4
	2848 4512
	4096 4512
	4096 4544
	2848 4544
4
	5216 4512
	5440 4512
	5440 4544
	5216 4544
4
	7968 4512
	8032 4512
	8032 4544
	7968 4544
4
	8096 4512
	8224 4512
	8224 4544
	8096 4544
4
	0 4544
	1632 4544
	1632 4576
	0 4576
4
	2208 4544
	2240 4544
	2240 4576
	2208 4576
4
	2304 4544
	2336 4544
	2336 4576
	2304 4576
4
	2880 4544
	4096 4544
	4096 4576
	2880 4576
4
	5216 4544
	5440 4544
	5440 4576
	5216 4576
4
	8128 4544
	8224 4544
	8224 4576
	8128 4576
4
	0 4576
	1632 4576
	1632 4608
	0 4608
4
	2912 4576
	4128 4576
	4128 4608
	2912 4608
4
	4928 4576
	4960 4576
	4960 4608
	4928 4608
4
	5184 4576
	5472 4576
	5472 4608
	5184 4608
4
	8128 4576
	8224 4576
	8224 4608
	8128 4608
4
	0 4608
	1632 4608
	1632 4640
	0 4640
4
	2912 4608
	4128 4608
	4128 4640
	2912 4640
4
	5152 4608
	5504 4608
	5504 4640
	5152 4640
4
	5632 4608
	5760 4608
	5760 4640
	5632 4640
4
	8128 4608
	8224 4608
	8224 4640
	8128 4640
4
	0 4640
	1664 4640
	1664 4672
	0 4672
4
	2944 4640
	4192 4640
	4192 4672
	2944 4672
4
	4352 4640
	4448 4640
	4448 4672
	4352 4672
4
	4960 4640
	5472 4640
	5472 4672
	4960 4672
4
	5600 4640
	5760 4640
	5760 4672
	5600 4672
4
	8128 4640
	8224 4640
	8224 4672
	8128 4672
4
	0 4672
	1664 4672
	1664 4704
	0 4704
4
	2944 4672
	4224 4672
	4224 4704
	2944 4704
4
	4352 4672
	4448 4672
	4448 4704
	4352 4704
4
	4992 4672
	5440 4672
	5440 4704
	4992 4704
4
	5600 4672
	5760 4672
	5760 4704
	5600 4704
4
	8160 4672
	8224 4672
	8224 4704
	8160 4704
4
	0 4704
	1664 4704
	1664 4736
	0 4736
4
	2976 4704
	4288 4704
	4288 4736
	2976 4736
4
	4352 4704
	4448 4704
	4448 4736
	4352 4736
4
	4480 4704
	4576 4704
	4576 4736
	4480 4736
4
	4928 4704
	4960 4704
	4960 4736
	4928 4736
4
	4992 4704
	5440 4704
	5440 4736
	4992 4736
4
	8160 4704
	8224 4704
	8224 4736
	8160 4736
4
	0 4736
	1664 4736
	1664 4768
	0 4768
4
	2976 4736
	4576 4736
	4576 4768
	2976 4768
4
	5216 4736
	5376 4736
	5376 4768
	5216 4768
4
	8160 4736
	8224 4736
	8224 4768
	8160 4768
4
	0 4768
	1664 4768
	1664 4800
	0 4800
4
	2976 4768
	4576 4768
	4576 4800
	2976 4800
4
	5312 4768
	5344 4768
	5344 4800
	5312 4800
4
	8160 4768
	8224 4768
	8224 4800
	8160 4800
4
	0 4800
	1664 4800
	1664 4832
	0 4832
4
	2080 4800
	2208 4800
	2208 4832
	2080 4832
4
	2976 4800
	4512 4800
	4512 4832
	2976 4832
4
	8160 4800
	8224 4800
	8224 4832
	8160 4832
4
	0 4832
	1632 4832
	1632 4864
	0 4864
4
	2016 4832
	2240 4832
	2240 4864
	2016 4864
4
	3008 4832
	4512 4832
	4512 4864
	3008 4864
4
	6496 4832
	6528 4832
	6528 4864
	6496 4864
4
	7360 4832
	7392 4832
	7392 4864
	7360 4864
4
	8160 4832
	8224 4832
	8224 4864
	8160 4864
4
	0 4864
	1632 4864
	1632 4896
	0 4896
4
	1920 4864
	2272 4864
	2272 4896
	1920 4896
4
	3008 4864
	4512 4864
	4512 4896
	3008 4896
4
	5120 4864
	5152 4864
	5152 4896
	5120 4896
4
	5600 4864
	5760 4864
	5760 4896
	5600 4896
4
	6464 4864
	6528 4864
	6528 4896
	6464 4896
4
	8160 4864
	8224 4864
	8224 4896
	8160 4896
4
	0 4896
	1600 4896
	1600 4928
	0 4928
4
	1792 4896
	2272 4896
	2272 4928
	1792 4928
4
	3040 4896
	4544 4896
	4544 4928
	3040 4928
4
	5024 4896
	5152 4896
	5152 4928
	5024 4928
4
	5600 4896
	5760 4896
	5760 4928
	5600 4928
4
	8160 4896
	8224 4896
	8224 4928
	8160 4928
4
	0 4928
	1600 4928
	1600 4960
	0 4960
4
	1696 4928
	2272 4928
	2272 4960
	1696 4960
4
	3040 4928
	4576 4928
	4576 4960
	3040 4960
4
	5024 4928
	5184 4928
	5184 4960
	5024 4960
4
	5600 4928
	5760 4928
	5760 4960
	5600 4960
4
	8160 4928
	8224 4928
	8224 4960
	8160 4960
4
	0 4960
	2272 4960
	2272 4992
	0 4992
4
	3072 4960
	4576 4960
	4576 4992
	3072 4992
4
	5024 4960
	5184 4960
	5184 4992
	5024 4992
4
	7968 4960
	8032 4960
	8032 4992
	7968 4992
4
	8160 4960
	8224 4960
	8224 4992
	8160 4992
4
	0 4992
	2272 4992
	2272 5024
	0 5024
4
	3072 4992
	4512 4992
	4512 5024
	3072 5024
4
	7936 4992
	8064 4992
	8064 5024
	7936 5024
4
	8160 4992
	8224 4992
	8224 5024
	8160 5024
4
	0 5024
	2272 5024
	2272 5056
	0 5056
4
	3104 5024
	4512 5024
	4512 5056
	3104 5056
4
	7936 5024
	8064 5024
	8064 5056
	7936 5056
4
	8160 5024
	8224 5024
	8224 5056
	8160 5056
4
	0 5056
	2240 5056
	2240 5088
	0 5088
4
	3104 5056
	4512 5056
	4512 5088
	3104 5088
4
	7936 5056
	8064 5056
	8064 5088
	7936 5088
4
	8160 5056
	8224 5056
	8224 5088
	8160 5088
4
	0 5088
	2240 5088
	2240 5120
	0 5120
4
	3072 5088
	4512 5088
	4512 5120
	3072 5120
4
	7936 5088
	8000 5088
	8000 5120
	7936 5120
4
	8160 5088
	8224 5088
	8224 5120
	8160 5120
4
	0 5120
	2240 5120
	2240 5152
	0 5152
4
	3040 5120
	4512 5120
	4512 5152
	3040 5152
4
	8160 5120
	8224 5120
	8224 5152
	8160 5152
4
	0 5152
	2240 5152
	2240 5184
	0 5184
4
	3040 5152
	4576 5152
	4576 5184
	3040 5184
4
	8160 5152
	8224 5152
	8224 5184
	8160 5184
4
	0 5184
	2272 5184
	2272 5216
	0 5216
4
	3040 5184
	4576 5184
	4576 5216
	3040 5216
4
	8160 5184
	8224 5184
	8224 5216
	8160 5216
4
	0 5216
	2272 5216
	2272 5248
	0 5248
4
	3072 5216
	4576 5216
	4576 5248
	3072 5248
4
	8160 5216
	8224 5216
	8224 5248
	8160 5248
4
	0 5248
	2272 5248
	2272 5280
	0 5280
4
	3104 5248
	4576 5248
	4576 5280
	3104 5280
4
	6400 5248
	6496 5248
	6496 5280
	6400 5280
4
	8160 5248
	8224 5248
	8224 5280
	8160 5280
4
	0 5280
	2272 5280
	2272 5312
	0 5312
4
	3104 5280
	4640 5280
	4640 5312
	3104 5312
4
	6048 5280
	6240 5280
	6240 5312
	6048 5312
4
	6400 5280
	6496 5280
	6496 5312
	6400 5312
4
	8160 5280
	8224 5280
	8224 5312
	8160 5312
4
	0 5312
	2272 5312
	2272 5344
	0 5344
4
	3104 5312
	4704 5312
	4704 5344
	3104 5344
4
	6048 5312
	6240 5312
	6240 5344
	6048 5344
4
	6495 5343
	6497 5343
	6497 5345
	6495 5345
4
	6432 5312
	6496 5312
	6496 5344
	6432 5344
4
	8160 5312
	8224 5312
	8224 5344
	8160 5344
4
	0 5344
	2272 5344
	2272 5376
	0 5376
4
	3104 5344
	4736 5344
	4736 5376
	3104 5376
4
	6400 5344
	6464 5344
	6464 5376
	6400 5376
4
	6496 5344
	6560 5344
	6560 5376
	6496 5376
4
	8160 5344
	8224 5344
	8224 5376
	8160 5376
4
	0 5376
	2272 5376
	2272 5408
	0 5408
4
	3136 5376
	4736 5376
	4736 5408
	3136 5408
4
	6400 5376
	6464 5376
	6464 5408
	6400 5408
4
	6496 5376
	6592 5376
	6592 5408
	6496 5408
4
	8128 5376
	8224 5376
	8224 5408
	8128 5408
4
	0 5408
	2272 5408
	2272 5440
	0 5440
4
	3168 5408
	3392 5408
	3392 5440
	3168 5440
4
	3520 5408
	4736 5408
	4736 5440
	3520 5440
4
	6400 5408
	6464 5408
	6464 5440
	6400 5440
4
	6496 5408
	6592 5408
	6592 5440
	6496 5440
4
	8032 5408
	8224 5408
	8224 5440
	8032 5440
4
	0 5440
	2240 5440
	2240 5472
	0 5472
4
	3552 5440
	4736 5440
	4736 5472
	3552 5472
4
	6496 5440
	6656 5440
	6656 5472
	6496 5472
4
	7968 5440
	8224 5440
	8224 5472
	7968 5472
4
	0 5472
	2240 5472
	2240 5504
	0 5504
4
	3584 5472
	4736 5472
	4736 5504
	3584 5504
4
	6496 5472
	6656 5472
	6656 5504
	6496 5504
4
	7904 5472
	8224 5472
	8224 5504
	7904 5504
4
	0 5504
	2240 5504
	2240 5536
	0 5536
4
	3456 5504
	4704 5504
	4704 5536
	3456 5536
4
	6496 5504
	6688 5504
	6688 5536
	6496 5536
4
	7840 5504
	8224 5504
	8224 5536
	7840 5536
4
	0 5536
	2240 5536
	2240 5568
	0 5568
4
	3424 5536
	4704 5536
	4704 5568
	3424 5568
4
	6016 5536
	6048 5536
	6048 5568
	6016 5568
4
	6496 5536
	6688 5536
	6688 5568
	6496 5568
4
	7392 5536
	7424 5536
	7424 5568
	7392 5568
4
	7456 5536
	8224 5536
	8224 5568
	7456 5568
4
	0 5568
	2240 5568
	2240 5600
	0 5600
4
	3424 5568
	3936 5568
	3936 5600
	3424 5600
4
	3968 5568
	4704 5568
	4704 5600
	3968 5600
4
	5920 5568
	6080 5568
	6080 5600
	5920 5600
4
	6368 5568
	6432 5568
	6432 5600
	6368 5600
4
	6528 5568
	6688 5568
	6688 5600
	6528 5600
4
	7360 5568
	8224 5568
	8224 5600
	7360 5600
4
	0 5600
	2208 5600
	2208 5632
	0 5632
4
	3424 5600
	3936 5600
	3936 5632
	3424 5632
4
	4032 5600
	4672 5600
	4672 5632
	4032 5632
4
	5920 5600
	6080 5600
	6080 5632
	5920 5632
4
	6368 5600
	6496 5600
	6496 5632
	6368 5632
4
	6528 5600
	6720 5600
	6720 5632
	6528 5632
4
	6816 5600
	6848 5600
	6848 5632
	6816 5632
4
	7296 5600
	8224 5600
	8224 5632
	7296 5632
4
	0 5632
	2208 5632
	2208 5664
	0 5664
4
	3424 5632
	3936 5632
	3936 5664
	3424 5664
4
	4064 5632
	4608 5632
	4608 5664
	4064 5664
4
	5856 5632
	6016 5632
	6016 5664
	5856 5664
4
	6368 5632
	6496 5632
	6496 5664
	6368 5664
4
	6528 5632
	6688 5632
	6688 5664
	6528 5664
4
	7232 5632
	8224 5632
	8224 5664
	7232 5664
4
	0 5664
	2208 5664
	2208 5696
	0 5696
4
	3424 5664
	3936 5664
	3936 5696
	3424 5696
4
	4160 5664
	4512 5664
	4512 5696
	4160 5696
4
	5856 5664
	5920 5664
	5920 5696
	5856 5696
4
	5952 5664
	5984 5664
	5984 5696
	5952 5696
4
	6368 5664
	6496 5664
	6496 5696
	6368 5696
4
	6560 5664
	6656 5664
	6656 5696
	6560 5696
4
	7168 5664
	8224 5664
	8224 5696
	7168 5696
4
	0 5696
	2208 5696
	2208 5728
	0 5728
4
	3424 5696
	3680 5696
	3680 5728
	3424 5728
4
	6368 5696
	6496 5696
	6496 5728
	6368 5728
4
	6560 5696
	6624 5696
	6624 5728
	6560 5728
4
	7104 5696
	8224 5696
	8224 5728
	7104 5728
4
	0 5728
	2176 5728
	2176 5760
	0 5760
4
	3456 5728
	3680 5728
	3680 5760
	3456 5760
4
	6368 5728
	6496 5728
	6496 5760
	6368 5760
4
	7072 5728
	8224 5728
	8224 5760
	7072 5760
4
	0 5760
	2144 5760
	2144 5792
	0 5792
4
	3520 5760
	3616 5760
	3616 5792
	3520 5792
4
	6176 5760
	6240 5760
	6240 5792
	6176 5792
4
	6368 5760
	6496 5760
	6496 5792
	6368 5792
4
	7040 5760
	8224 5760
	8224 5792
	7040 5792
4
	0 5792
	2080 5792
	2080 5824
	0 5824
4
	6176 5792
	6304 5792
	6304 5824
	6176 5824
4
	6336 5792
	6560 5792
	6560 5824
	6336 5824
4
	7008 5792
	8224 5792
	8224 5824
	7008 5824
4
	0 5824
	2048 5824
	2048 5856
	0 5856
4
	6176 5824
	6304 5824
	6304 5856
	6176 5856
4
	6336 5824
	6560 5824
	6560 5856
	6336 5856
4
	6976 5824
	8224 5824
	8224 5856
	6976 5856
4
	0 5856
	1952 5856
	1952 5888
	0 5888
4
	6080 5856
	6112 5856
	6112 5888
	6080 5888
4
	6144 5856
	6304 5856
	6304 5888
	6144 5888
4
	6336 5856
	6560 5856
	6560 5888
	6336 5888
4
	6944 5856
	8224 5856
	8224 5888
	6944 5888
4
	0 5888
	1888 5888
	1888 5920
	0 5920
4
	6080 5888
	6240 5888
	6240 5920
	6080 5920
4
	6336 5888
	6560 5888
	6560 5920
	6336 5920
4
	6880 5888
	8224 5888
	8224 5920
	6880 5920
4
	0 5920
	1856 5920
	1856 5952
	0 5952
4
	6112 5920
	6208 5920
	6208 5952
	6112 5952
4
	6336 5920
	6560 5920
	6560 5952
	6336 5952
4
	6848 5920
	8224 5920
	8224 5952
	6848 5952
4
	0 5952
	1824 5952
	1824 5984
	0 5984
4
	6112 5952
	6208 5952
	6208 5984
	6112 5984
4
	6304 5952
	6560 5952
	6560 5984
	6304 5984
4
	6784 5952
	8224 5952
	8224 5984
	6784 5984
4
	0 5984
	1824 5984
	1824 6016
	0 6016
4
	5856 5984
	5888 5984
	5888 6016
	5856 6016
4
	6304 5984
	6560 5984
	6560 6016
	6304 6016
4
	6752 5984
	8224 5984
	8224 6016
	6752 6016
4
	0 6016
	1824 6016
	1824 6048
	0 6048
4
	5824 6016
	5888 6016
	5888 6048
	5824 6048
4
	6304 6016
	6528 6016
	6528 6048
	6304 6048
4
	6720 6016
	8224 6016
	8224 6048
	6720 6048
4
	0 6048
	1792 6048
	1792 6080
	0 6080
4
	3232 6048
	3264 6048
	3264 6080
	3232 6080
4
	6304 6048
	6528 6048
	6528 6080
	6304 6080
4
	6688 6048
	8224 6048
	8224 6080
	6688 6080
4
	0 6080
	1792 6080
	1792 6112
	0 6112
4
	3232 6080
	3360 6080
	3360 6112
	3232 6112
4
	5632 6080
	5664 6080
	5664 6112
	5632 6112
4
	5728 6080
	5856 6080
	5856 6112
	5728 6112
4
	6304 6080
	6528 6080
	6528 6112
	6304 6112
4
	6656 6080
	8224 6080
	8224 6112
	6656 6112
4
	0 6112
	1792 6112
	1792 6144
	0 6144
4
	2784 6112
	2880 6112
	2880 6144
	2784 6144
4
	3200 6112
	3488 6112
	3488 6144
	3200 6144
4
	5600 6112
	5952 6112
	5952 6144
	5600 6144
4
	6208 6112
	6528 6112
	6528 6144
	6208 6144
4
	6624 6112
	8224 6112
	8224 6144
	6624 6144
4
	0 6144
	1760 6144
	1760 6176
	0 6176
4
	2688 6144
	2976 6144
	2976 6176
	2688 6176
4
	3200 6144
	3584 6144
	3584 6176
	3200 6176
4
	4192 6144
	4256 6144
	4256 6176
	4192 6176
4
	5600 6144
	6016 6144
	6016 6176
	5600 6176
4
	6144 6144
	6528 6144
	6528 6176
	6144 6176
4
	6592 6144
	8224 6144
	8224 6176
	6592 6176
4
	0 6176
	1792 6176
	1792 6208
	0 6208
4
	2624 6176
	3072 6176
	3072 6208
	2624 6208
4
	3200 6176
	3584 6176
	3584 6208
	3200 6208
4
	4192 6176
	4320 6176
	4320 6208
	4192 6208
4
	5632 6176
	6080 6176
	6080 6208
	5632 6208
4
	6144 6176
	8224 6176
	8224 6208
	6144 6208
4
	0 6208
	1792 6208
	1792 6240
	0 6240
4
	2560 6208
	2784 6208
	2784 6240
	2560 6240
4
	2880 6208
	3648 6208
	3648 6240
	2880 6240
4
	4160 6208
	4320 6208
	4320 6240
	4160 6240
4
	5696 6208
	8224 6208
	8224 6240
	5696 6240
4
	0 6240
	1792 6240
	1792 6272
	0 6272
4
	2496 6240
	2720 6240
	2720 6272
	2496 6272
4
	2976 6240
	3744 6240
	3744 6272
	2976 6272
4
	4128 6240
	4320 6240
	4320 6272
	4128 6272
4
	5664 6240
	8224 6240
	8224 6272
	5664 6272
4
	0 6272
	1792 6272
	1792 6304
	0 6304
4
	2464 6272
	2624 6272
	2624 6304
	2464 6304
4
	3072 6272
	3776 6272
	3776 6304
	3072 6304
4
	4128 6272
	4288 6272
	4288 6304
	4128 6304
4
	5696 6272
	8224 6272
	8224 6304
	5696 6304
4
	0 6304
	1824 6304
	1824 6336
	0 6336
4
	2464 6304
	2560 6304
	2560 6336
	2464 6336
4
	3168 6304
	3776 6304
	3776 6336
	3168 6336
4
	4128 6304
	4256 6304
	4256 6336
	4128 6336
4
	5792 6304
	8224 6304
	8224 6336
	5792 6336
4
	0 6336
	1824 6336
	1824 6368
	0 6368
4
	2432 6336
	2528 6336
	2528 6368
	2432 6368
4
	3264 6336
	3744 6336
	3744 6368
	3264 6368
4
	4160 6336
	4256 6336
	4256 6368
	4160 6368
4
	5856 6336
	8224 6336
	8224 6368
	5856 6368
4
	0 6368
	1856 6368
	1856 6400
	0 6400
4
	2432 6368
	2528 6368
	2528 6400
	2432 6400
4
	3360 6368
	3776 6368
	3776 6400
	3360 6400
4
	4544 6368
	4640 6368
	4640 6400
	4544 6400
4
	5952 6368
	8224 6368
	8224 6400
	5952 6400
4
	0 6400
	1856 6400
	1856 6432
	0 6432
4
	2400 6400
	2496 6400
	2496 6432
	2400 6432
4
	3520 6400
	3808 6400
	3808 6432
	3520 6432
4
	3872 6400
	3904 6400
	3904 6432
	3872 6432
4
	4512 6400
	4672 6400
	4672 6432
	4512 6432
4
	5984 6400
	8224 6400
	8224 6432
	5984 6432
4
	0 6432
	1888 6432
	1888 6464
	0 6464
4
	2400 6432
	2496 6432
	2496 6464
	2400 6464
4
	3680 6432
	3840 6432
	3840 6464
	3680 6464
4
	3871 6463
	3873 6463
	3873 6465
	3871 6465
4
	3872 6432
	3904 6432
	3904 6464
	3872 6464
4
	4480 6432
	4704 6432
	4704 6464
	4480 6464
4
	5984 6432
	8224 6432
	8224 6464
	5984 6464
4
	0 6464
	1888 6464
	1888 6496
	0 6496
4
	2368 6464
	2464 6464
	2464 6496
	2368 6496
4
	3712 6464
	3872 6464
	3872 6496
	3712 6496
4
	4480 6464
	4704 6464
	4704 6496
	4480 6496
4
	6016 6464
	8224 6464
	8224 6496
	6016 6496
4
	0 6496
	1888 6496
	1888 6528
	0 6528
4
	2368 6496
	2464 6496
	2464 6528
	2368 6528
4
	3744 6496
	3904 6496
	3904 6528
	3744 6528
4
	4480 6496
	4704 6496
	4704 6528
	4480 6528
4
	6016 6496
	8224 6496
	8224 6528
	6016 6528
4
	0 6528
	1888 6528
	1888 6560
	0 6560
4
	2336 6528
	2432 6528
	2432 6560
	2336 6560
4
	3776 6528
	3936 6528
	3936 6560
	3776 6560
4
	4512 6528
	4704 6528
	4704 6560
	4512 6560
4
	5120 6528
	5184 6528
	5184 6560
	5120 6560
4
	5856 6528
	5920 6528
	5920 6560
	5856 6560
4
	6048 6528
	8224 6528
	8224 6560
	6048 6560
4
	0 6560
	1888 6560
	1888 6592
	0 6592
4
	2336 6560
	2432 6560
	2432 6592
	2336 6592
4
	3808 6560
	3968 6560
	3968 6592
	3808 6592
4
	4544 6560
	4672 6560
	4672 6592
	4544 6592
4
	5088 6560
	5184 6560
	5184 6592
	5088 6592
4
	5856 6560
	5920 6560
	5920 6592
	5856 6592
4
	6048 6560
	8224 6560
	8224 6592
	6048 6592
4
	0 6592
	1888 6592
	1888 6624
	0 6624
4
	2304 6592
	2432 6592
	2432 6624
	2304 6624
4
	3840 6592
	4000 6592
	4000 6624
	3840 6624
4
	5120 6592
	5184 6592
	5184 6624
	5120 6624
4
	6048 6592
	8224 6592
	8224 6624
	6048 6624
4
	0 6624
	1888 6624
	1888 6656
	0 6656
4
	2304 6624
	2400 6624
	2400 6656
	2304 6656
4
	3872 6624
	4000 6624
	4000 6656
	3872 6656
4
	6080 6624
	8224 6624
	8224 6656
	6080 6656
4
	0 6656
	1888 6656
	1888 6688
	0 6688
4
	2272 6656
	2400 6656
	2400 6688
	2272 6688
4
	3904 6656
	4000 6656
	4000 6688
	3904 6688
4
	6016 6656
	8224 6656
	8224 6688
	6016 6688
4
	0 6688
	1920 6688
	1920 6720
	0 6720
4
	2272 6688
	2368 6688
	2368 6720
	2272 6720
4
	3936 6688
	4000 6688
	4000 6720
	3936 6720
4
	5952 6688
	8224 6688
	8224 6720
	5952 6720
4
	0 6720
	1920 6720
	1920 6752
	0 6752
4
	2272 6720
	2368 6720
	2368 6752
	2272 6752
4
	3936 6720
	4032 6720
	4032 6752
	3936 6752
4
	5920 6720
	8224 6720
	8224 6752
	5920 6752
4
	0 6752
	1920 6752
	1920 6784
	0 6784
4
	2240 6752
	2336 6752
	2336 6784
	2240 6784
4
	3936 6752
	4032 6752
	4032 6784
	3936 6784
4
	5504 6752
	5664 6752
	5664 6784
	5504 6784
4
	5856 6752
	8224 6752
	8224 6784
	5856 6784
4
	0 6784
	1920 6784
	1920 6816
	0 6816
4
	2240 6784
	2336 6784
	2336 6816
	2240 6816
4
	3936 6784
	4032 6784
	4032 6816
	3936 6816
4
	5408 6784
	5696 6784
	5696 6816
	5408 6816
4
	5824 6784
	8224 6784
	8224 6816
	5824 6816
4
	0 6816
	1952 6816
	1952 6848
	0 6848
4
	2208 6816
	2304 6816
	2304 6848
	2208 6848
4
	3936 6816
	4032 6816
	4032 6848
	3936 6848
4
	5376 6816
	5760 6816
	5760 6848
	5376 6848
4
	5792 6816
	8224 6816
	8224 6848
	5792 6848
4
	0 6848
	1984 6848
	1984 6880
	0 6880
4
	2208 6848
	2304 6848
	2304 6880
	2208 6880
4
	3968 6848
	4032 6848
	4032 6880
	3968 6880
4
	5344 6848
	8224 6848
	8224 6880
	5344 6880
4
	0 6880
	2016 6880
	2016 6912
	0 6912
4
	2208 6880
	2304 6880
	2304 6912
	2208 6912
4
	3968 6880
	4064 6880
	4064 6912
	3968 6912
4
	5312 6880
	8224 6880
	8224 6912
	5312 6912
4
	0 6912
	2048 6912
	2048 6944
	0 6944
4
	2208 6912
	2304 6912
	2304 6944
	2208 6944
4
	3968 6912
	4064 6912
	4064 6944
	3968 6944
4
	5312 6912
	8224 6912
	8224 6944
	5312 6944
4
	0 6944
	2080 6944
	2080 6976
	0 6976
4
	2208 6944
	2304 6944
	2304 6976
	2208 6976
4
	3936 6944
	4064 6944
	4064 6976
	3936 6976
4
	5280 6944
	8224 6944
	8224 6976
	5280 6976
4
	0 6976
	2112 6976
	2112 7008
	0 7008
4
	2208 6976
	2304 6976
	2304 7008
	2208 7008
4
	3904 6976
	4032 6976
	4032 7008
	3904 7008
4
	4256 6976
	4320 6976
	4320 7008
	4256 7008
4
	5280 6976
	8224 6976
	8224 7008
	5280 7008
4
	0 7008
	2144 7008
	2144 7040
	0 7040
4
	2208 7008
	2304 7008
	2304 7040
	2208 7040
4
	3872 7008
	4000 7008
	4000 7040
	3872 7040
4
	4064 7008
	4320 7008
	4320 7040
	4064 7040
4
	5280 7008
	8224 7008
	8224 7040
	5280 7040
4
	0 7040
	2144 7040
	2144 7072
	0 7072
4
	2208 7040
	2304 7040
	2304 7072
	2208 7072
4
	3840 7040
	3968 7040
	3968 7072
	3840 7072
4
	4032 7040
	4288 7040
	4288 7072
	4032 7072
4
	5248 7040
	8224 7040
	8224 7072
	5248 7072
4
	0 7072
	2176 7072
	2176 7104
	0 7104
4
	2208 7072
	2272 7072
	2272 7104
	2208 7104
4
	3808 7072
	4224 7072
	4224 7104
	3808 7104
4
	5184 7072
	8224 7072
	8224 7104
	5184 7104
4
	0 7104
	2272 7104
	2272 7136
	0 7136
4
	2432 7104
	2560 7104
	2560 7136
	2432 7136
4
	3776 7104
	4224 7104
	4224 7136
	3776 7136
4
	5120 7104
	8224 7104
	8224 7136
	5120 7136
4
	0 7136
	2304 7136
	2304 7168
	0 7168
4
	2432 7136
	2560 7136
	2560 7168
	2432 7168
4
	3744 7136
	4224 7136
	4224 7168
	3744 7168
4
	5024 7136
	8224 7136
	8224 7168
	5024 7168
4
	0 7168
	2304 7168
	2304 7200
	0 7200
4
	2432 7168
	2560 7168
	2560 7200
	2432 7200
4
	3712 7168
	3840 7168
	3840 7200
	3712 7200
4
	3872 7168
	4192 7168
	4192 7200
	3872 7200
4
	4960 7168
	8224 7168
	8224 7200
	4960 7200
4
	0 7200
	2336 7200
	2336 7232
	0 7232
4
	2464 7200
	2528 7200
	2528 7232
	2464 7232
4
	3648 7200
	3840 7200
	3840 7232
	3648 7232
4
	3872 7200
	4160 7200
	4160 7232
	3872 7232
4
	4928 7200
	8224 7200
	8224 7232
	4928 7232
4
	0 7232
	2336 7232
	2336 7264
	0 7264
4
	3584 7232
	3776 7232
	3776 7264
	3584 7264
4
	3872 7232
	4096 7232
	4096 7264
	3872 7264
4
	4896 7232
	8224 7232
	8224 7264
	4896 7264
4
	0 7264
	2368 7264
	2368 7296
	0 7296
4
	3520 7264
	3712 7264
	3712 7296
	3520 7296
4
	3872 7264
	4064 7264
	4064 7296
	3872 7296
4
	4800 7264
	8224 7264
	8224 7296
	4800 7296
4
	0 7296
	2368 7296
	2368 7328
	0 7328
4
	3456 7296
	3680 7296
	3680 7328
	3456 7328
4
	3904 7296
	4000 7296
	4000 7328
	3904 7328
4
	4704 7296
	8224 7296
	8224 7328
	4704 7328
4
	0 7328
	2400 7328
	2400 7360
	0 7360
4
	3424 7328
	3616 7328
	3616 7360
	3424 7360
4
	4608 7328
	8224 7328
	8224 7360
	4608 7360
4
	0 7360
	2400 7360
	2400 7392
	0 7392
4
	3360 7360
	3552 7360
	3552 7392
	3360 7392
4
	4544 7360
	8224 7360
	8224 7392
	4544 7392
4
	0 7392
	2432 7392
	2432 7424
	0 7424
4
	3296 7392
	3488 7392
	3488 7424
	3296 7424
4
	3648 7392
	3744 7392
	3744 7424
	3648 7424
4
	4512 7392
	8224 7392
	8224 7424
	4512 7424
4
	0 7424
	2432 7424
	2432 7456
	0 7456
4
	3232 7424
	3424 7424
	3424 7456
	3232 7456
4
	3648 7424
	3744 7424
	3744 7456
	3648 7456
4
	4480 7424
	8224 7424
	8224 7456
	4480 7456
4
	0 7456
	2464 7456
	2464 7488
	0 7488
4
	3168 7456
	3392 7456
	3392 7488
	3168 7488
4
	3648 7456
	3744 7456
	3744 7488
	3648 7488
4
	4448 7456
	8224 7456
	8224 7488
	4448 7488
4
	0 7488
	2496 7488
	2496 7520
	0 7520
4
	3104 7488
	3328 7488
	3328 7520
	3104 7520
4
	3648 7488
	3744 7488
	3744 7520
	3648 7520
4
	4416 7488
	8224 7488
	8224 7520
	4416 7520
4
	0 7520
	2528 7520
	2528 7552
	0 7552
4
	3008 7520
	3264 7520
	3264 7552
	3008 7552
4
	4352 7520
	8224 7520
	8224 7552
	4352 7552
4
	0 7552
	2560 7552
	2560 7584
	0 7584
4
	2944 7552
	3200 7552
	3200 7584
	2944 7584
4
	4320 7552
	8224 7552
	8224 7584
	4320 7584
4
	0 7584
	2592 7584
	2592 7616
	0 7616
4
	2880 7584
	3136 7584
	3136 7616
	2880 7616
4
	4256 7584
	8224 7584
	8224 7616
	4256 7616
4
	0 7616
	3136 7616
	3136 7648
	0 7648
4
	4192 7616
	8224 7616
	8224 7648
	4192 7648
4
	0 7648
	3136 7648
	3136 7680
	0 7680
4
	4160 7648
	8224 7648
	8224 7680
	4160 7680
4
	0 7680
	3168 7680
	3168 7712
	0 7712
4
	4032 7680
	4064 7680
	4064 7712
	4032 7712
4
	4160 7680
	8224 7680
	8224 7712
	4160 7712
4
	0 7712
	3200 7712
	3200 7744
	0 7744
4
	4032 7712
	4064 7712
	4064 7744
	4032 7744
4
	4128 7712
	8224 7712
	8224 7744
	4128 7744
4
	0 7744
	3232 7744
	3232 7776
	0 7776
4
	4000 7744
	8224 7744
	8224 7776
	4000 7776
4
	0 7776
	3232 7776
	3232 7808
	0 7808
4
	3840 7776
	8224 7776
	8224 7808
	3840 7808
4
	0 7808
	8224 7808
	8224 7840
	0 7840
4
	0 7840
	8224 7840
	8224 7872
	0 7872
4
	0 7872
	8224 7872
	8224 7904
	0 7904
4
	0 7904
	8224 7904
	8224 7936
	0 7936
4
	0 7936
	8224 7936
	8224 7968
	0 7968
4
	0 7968
	8224 7968
	8224 8000
	0 8000
4
	0 8000
	8224 8000
	8224 8032
	0 8032
4
	0 8032
	8224 8032
	8224 8064
	0 8064
4
	0 8064
	8224 8064
	8224 8096
	0 8096
4
	0 8096
	8224 8096
	8224 8128
	0 8128
4
	0 8128
	8224 8128
	8224 8160
	0 8160
4
	0 8160
	8224 8160
	8224 8192
	0 8192
4
	0 8192
	8224 8192
	8224 8224
	0 8224
4
	0 8224
	8224 8224
	8224 8256
	0 8256
4
	0 8256
	8224 8256
	8224 8288
	0 8288
4
	0 8288
	8224 8288
	8224 8320
	0 8320
4
	0 8320
	8224 8320
	8224 8352
	0 8352
4
	-32 -32
	8256 -32
	8256 0
	-32 0
4
	-32 8352
	8256 8352
	8256 8384
	-32 8384
4
	-32 0
	0 0
	0 8352
	-32 8352
4
	8224 0
	8256 0
	8256 8352
	8224 8352
