578
4
	0 0
	11488 0
	11488 32
	0 32
4
	0 32
	11488 32
	11488 64
	0 64
4
	0 64
	11488 64
	11488 96
	0 96
4
	0 96
	11488 96
	11488 128
	0 128
4
	0 128
	11488 128
	11488 160
	0 160
4
	0 160
	11488 160
	11488 192
	0 192
4
	0 192
	11488 192
	11488 224
	0 224
4
	0 224
	11488 224
	11488 256
	0 256
4
	0 256
	11488 256
	11488 288
	0 288
4
	0 288
	11488 288
	11488 320
	0 320
4
	0 320
	11488 320
	11488 352
	0 352
4
	0 352
	11488 352
	11488 384
	0 384
4
	0 384
	11488 384
	11488 416
	0 416
4
	0 416
	11488 416
	11488 448
	0 448
4
	0 448
	6656 448
	6656 480
	0 480
4
	6720 448
	11488 448
	11488 480
	6720 480
4
	0 480
	6624 480
	6624 512
	0 512
4
	6752 480
	6880 480
	6880 512
	6752 512
4
	6944 480
	11488 480
	11488 512
	6944 512
4
	0 512
	6592 512
	6592 544
	0 544
4
	6976 512
	11488 512
	11488 544
	6976 544
4
	0 544
	6560 544
	6560 576
	0 576
4
	7008 544
	11488 544
	11488 576
	7008 576
4
	0 576
	6528 576
	6528 608
	0 608
4
	6848 576
	6912 576
	6912 608
	6848 608
4
	7040 576
	11488 576
	11488 608
	7040 608
4
	0 608
	6496 608
	6496 640
	0 640
4
	6752 608
	6784 608
	6784 640
	6752 640
4
	7072 608
	11488 608
	11488 640
	7072 640
4
	0 640
	6496 640
	6496 672
	0 672
4
	6592 640
	6624 640
	6624 672
	6592 672
4
	7104 640
	11488 640
	11488 672
	7104 672
4
	0 672
	6496 672
	6496 704
	0 704
4
	7136 672
	11488 672
	11488 704
	7136 704
4
	0 704
	6496 704
	6496 736
	0 736
4
	7168 704
	11488 704
	11488 736
	7168 736
4
	0 736
	6496 736
	6496 768
	0 768
4
	7168 736
	11488 736
	11488 768
	7168 768
4
	0 768
	6496 768
	6496 800
	0 800
4
	7136 768
	11488 768
	11488 800
	7136 800
4
	0 800
	6496 800
	6496 832
	0 832
4
	7136 800
	11488 800
	11488 832
	7136 832
4
	0 832
	6496 832
	6496 864
	0 864
4
	7168 832
	11488 832
	11488 864
	7168 864
4
	0 864
	6464 864
	6464 896
	0 896
4
	7232 864
	11488 864
	11488 896
	7232 896
4
	0 896
	6464 896
	6464 928
	0 928
4
	7264 896
	11488 896
	11488 928
	7264 928
4
	0 928
	6432 928
	6432 960
	0 960
4
	7264 928
	11488 928
	11488 960
	7264 960
4
	0 960
	6432 960
	6432 992
	0 992
4
	7264 960
	11488 960
	11488 992
	7264 992
4
	0 992
	6432 992
	6432 1024
	0 1024
4
	7264 992
	11488 992
	11488 1024
	7264 1024
4
	0 1024
	6432 1024
	6432 1056
	0 1056
4
	7264 1024
	11488 1024
	11488 1056
	7264 1056
4
	0 1056
	6432 1056
	6432 1088
	0 1088
4
	7296 1056
	11488 1056
	11488 1088
	7296 1088
4
	0 1088
	6432 1088
	6432 1120
	0 1120
4
	7328 1088
	11488 1088
	11488 1120
	7328 1120
4
	0 1120
	6432 1120
	6432 1152
	0 1152
4
	7328 1120
	11488 1120
	11488 1152
	7328 1152
4
	0 1152
	6432 1152
	6432 1184
	0 1184
4
	7360 1152
	11488 1152
	11488 1184
	7360 1184
4
	0 1184
	6400 1184
	6400 1216
	0 1216
4
	7424 1184
	11488 1184
	11488 1216
	7424 1216
4
	0 1216
	6432 1216
	6432 1248
	0 1248
4
	7488 1216
	8480 1216
	8480 1248
	7488 1248
4
	8544 1216
	11488 1216
	11488 1248
	8544 1248
4
	0 1248
	6432 1248
	6432 1280
	0 1280
4
	7552 1248
	8352 1248
	8352 1280
	7552 1280
4
	8608 1248
	11488 1248
	11488 1280
	8608 1280
4
	0 1280
	6400 1280
	6400 1312
	0 1312
4
	7584 1280
	8352 1280
	8352 1312
	7584 1312
4
	8704 1280
	11488 1280
	11488 1312
	8704 1312
4
	0 1312
	6432 1312
	6432 1344
	0 1344
4
	7616 1312
	8352 1312
	8352 1344
	7616 1344
4
	8800 1312
	11488 1312
	11488 1344
	8800 1344
4
	0 1344
	6432 1344
	6432 1376
	0 1376
4
	6496 1344
	6624 1344
	6624 1376
	6496 1376
4
	7648 1344
	8128 1344
	8128 1376
	7648 1376
4
	8160 1344
	8352 1344
	8352 1376
	8160 1376
4
	8864 1344
	11488 1344
	11488 1376
	8864 1376
4
	0 1376
	6432 1376
	6432 1408
	0 1408
4
	6464 1376
	6624 1376
	6624 1408
	6464 1408
4
	6880 1376
	6976 1376
	6976 1408
	6880 1408
4
	7648 1376
	8064 1376
	8064 1408
	7648 1408
4
	8160 1376
	8352 1376
	8352 1408
	8160 1408
4
	8960 1376
	11488 1376
	11488 1408
	8960 1408
4
	0 1408
	6432 1408
	6432 1440
	0 1440
4
	6464 1408
	6656 1408
	6656 1440
	6464 1440
4
	6880 1408
	7008 1408
	7008 1440
	6880 1440
4
	8192 1408
	8288 1408
	8288 1440
	8192 1440
4
	9024 1408
	11488 1408
	11488 1440
	9024 1440
4
	0 1440
	6432 1440
	6432 1472
	0 1472
4
	6464 1440
	6656 1440
	6656 1472
	6464 1472
4
	6880 1440
	7008 1440
	7008 1472
	6880 1472
4
	9056 1440
	11488 1440
	11488 1472
	9056 1472
4
	0 1472
	6624 1472
	6624 1504
	0 1504
4
	6880 1472
	6976 1472
	6976 1504
	6880 1504
4
	7072 1472
	7296 1472
	7296 1504
	7072 1504
4
	9120 1472
	11488 1472
	11488 1504
	9120 1504
4
	0 1504
	6528 1504
	6528 1536
	0 1536
4
	7008 1504
	7328 1504
	7328 1536
	7008 1536
4
	9120 1504
	11488 1504
	11488 1536
	9120 1536
4
	0 1536
	6560 1536
	6560 1568
	0 1568
4
	6944 1536
	7360 1536
	7360 1568
	6944 1568
4
	9120 1536
	11488 1536
	11488 1568
	9120 1568
4
	0 1568
	6656 1568
	6656 1600
	0 1600
4
	6912 1568
	7424 1568
	7424 1600
	6912 1600
4
	9152 1568
	11488 1568
	11488 1600
	9152 1600
4
	0 1600
	6752 1600
	6752 1632
	0 1632
4
	6848 1600
	7456 1600
	7456 1632
	6848 1632
4
	9152 1600
	11488 1600
	11488 1632
	9152 1632
4
	0 1632
	7488 1632
	7488 1664
	0 1664
4
	7616 1632
	7744 1632
	7744 1664
	7616 1664
4
	9184 1632
	11488 1632
	11488 1664
	9184 1664
4
	0 1664
	7520 1664
	7520 1696
	0 1696
4
	7584 1664
	7840 1664
	7840 1696
	7584 1696
4
	9184 1664
	11488 1664
	11488 1696
	9184 1696
4
	0 1696
	7936 1696
	7936 1728
	0 1728
4
	9216 1696
	11488 1696
	11488 1728
	9216 1728
4
	0 1728
	7968 1728
	7968 1760
	0 1760
4
	9216 1728
	11488 1728
	11488 1760
	9216 1760
4
	0 1760
	8032 1760
	8032 1792
	0 1792
4
	9216 1760
	11488 1760
	11488 1792
	9216 1792
4
	0 1792
	8096 1792
	8096 1824
	0 1824
4
	9216 1792
	11488 1792
	11488 1824
	9216 1824
4
	0 1824
	8352 1824
	8352 1856
	0 1856
4
	9248 1824
	11488 1824
	11488 1856
	9248 1856
4
	0 1856
	8512 1856
	8512 1888
	0 1888
4
	9280 1856
	11488 1856
	11488 1888
	9280 1888
4
	0 1888
	8704 1888
	8704 1920
	0 1920
4
	9312 1888
	11488 1888
	11488 1920
	9312 1920
4
	0 1920
	8832 1920
	8832 1952
	0 1952
4
	9344 1920
	11488 1920
	11488 1952
	9344 1952
4
	0 1952
	8896 1952
	8896 1984
	0 1984
4
	9376 1952
	11488 1952
	11488 1984
	9376 1984
4
	0 1984
	8928 1984
	8928 2016
	0 2016
4
	9408 1984
	11488 1984
	11488 2016
	9408 2016
4
	0 2016
	8960 2016
	8960 2048
	0 2048
4
	9440 2016
	11488 2016
	11488 2048
	9440 2048
4
	0 2048
	8992 2048
	8992 2080
	0 2080
4
	9056 2048
	9120 2048
	9120 2080
	9056 2080
4
	9472 2048
	11488 2048
	11488 2080
	9472 2080
4
	0 2080
	9120 2080
	9120 2112
	0 2112
4
	9536 2080
	11488 2080
	11488 2112
	9536 2112
4
	0 2112
	9088 2112
	9088 2144
	0 2144
4
	9536 2112
	11488 2112
	11488 2144
	9536 2144
4
	0 2144
	9152 2144
	9152 2176
	0 2176
4
	9568 2144
	11488 2144
	11488 2176
	9568 2176
4
	0 2176
	9184 2176
	9184 2208
	0 2208
4
	9568 2176
	11488 2176
	11488 2208
	9568 2208
4
	0 2208
	9248 2208
	9248 2240
	0 2240
4
	9600 2208
	11488 2208
	11488 2240
	9600 2240
4
	0 2240
	9280 2240
	9280 2272
	0 2272
4
	9632 2240
	11488 2240
	11488 2272
	9632 2272
4
	0 2272
	9312 2272
	9312 2304
	0 2304
4
	9632 2272
	11488 2272
	11488 2304
	9632 2304
4
	0 2304
	9344 2304
	9344 2336
	0 2336
4
	9664 2304
	11488 2304
	11488 2336
	9664 2336
4
	0 2336
	9376 2336
	9376 2368
	0 2368
4
	9696 2336
	11488 2336
	11488 2368
	9696 2368
4
	0 2368
	9408 2368
	9408 2400
	0 2400
4
	9696 2368
	11488 2368
	11488 2400
	9696 2400
4
	0 2400
	9440 2400
	9440 2432
	0 2432
4
	9728 2400
	11488 2400
	11488 2432
	9728 2432
4
	0 2432
	9472 2432
	9472 2464
	0 2464
4
	9728 2432
	11488 2432
	11488 2464
	9728 2464
4
	0 2464
	9504 2464
	9504 2496
	0 2496
4
	9760 2464
	11488 2464
	11488 2496
	9760 2496
4
	0 2496
	9504 2496
	9504 2528
	0 2528
4
	9792 2496
	11488 2496
	11488 2528
	9792 2528
4
	0 2528
	9504 2528
	9504 2560
	0 2560
4
	9824 2528
	11488 2528
	11488 2560
	9824 2560
4
	0 2560
	9504 2560
	9504 2592
	0 2592
4
	9824 2560
	11488 2560
	11488 2592
	9824 2592
4
	0 2592
	9504 2592
	9504 2624
	0 2624
4
	9856 2592
	11488 2592
	11488 2624
	9856 2624
4
	0 2624
	9504 2624
	9504 2656
	0 2656
4
	9888 2624
	11488 2624
	11488 2656
	9888 2656
4
	0 2656
	9504 2656
	9504 2688
	0 2688
4
	9920 2656
	11488 2656
	11488 2688
	9920 2688
4
	0 2688
	9472 2688
	9472 2720
	0 2720
4
	9952 2688
	11488 2688
	11488 2720
	9952 2720
4
	0 2720
	9472 2720
	9472 2752
	0 2752
4
	9952 2720
	11488 2720
	11488 2752
	9952 2752
4
	0 2752
	9472 2752
	9472 2784
	0 2784
4
	9696 2752
	9856 2752
	9856 2784
	9696 2784
4
	9920 2752
	11488 2752
	11488 2784
	9920 2784
4
	0 2784
	9440 2784
	9440 2816
	0 2816
4
	9664 2784
	9888 2784
	9888 2816
	9664 2816
4
	9920 2784
	11488 2784
	11488 2816
	9920 2816
4
	0 2816
	9440 2816
	9440 2848
	0 2848
4
	9664 2816
	11488 2816
	11488 2848
	9664 2848
4
	0 2848
	9344 2848
	9344 2880
	0 2880
4
	9632 2848
	11488 2848
	11488 2880
	9632 2880
4
	0 2880
	9216 2880
	9216 2912
	0 2912
4
	9632 2880
	11488 2880
	11488 2912
	9632 2912
4
	0 2912
	9184 2912
	9184 2944
	0 2944
4
	9600 2912
	11488 2912
	11488 2944
	9600 2944
4
	0 2944
	9120 2944
	9120 2976
	0 2976
4
	9568 2944
	11488 2944
	11488 2976
	9568 2976
4
	0 2976
	9024 2976
	9024 3008
	0 3008
4
	9568 2976
	11488 2976
	11488 3008
	9568 3008
4
	0 3008
	8960 3008
	8960 3040
	0 3040
4
	9536 3008
	11488 3008
	11488 3040
	9536 3040
4
	0 3040
	8864 3040
	8864 3072
	0 3072
4
	9536 3040
	11488 3040
	11488 3072
	9536 3072
4
	0 3072
	8736 3072
	8736 3104
	0 3104
4
	9504 3072
	11488 3072
	11488 3104
	9504 3104
4
	0 3104
	8640 3104
	8640 3136
	0 3136
4
	9472 3104
	11488 3104
	11488 3136
	9472 3136
4
	0 3136
	8608 3136
	8608 3168
	0 3168
4
	9440 3136
	11488 3136
	11488 3168
	9440 3168
4
	0 3168
	8576 3168
	8576 3200
	0 3200
4
	9408 3168
	11488 3168
	11488 3200
	9408 3200
4
	0 3200
	7840 3200
	7840 3232
	0 3232
4
	8256 3200
	8544 3200
	8544 3232
	8256 3232
4
	9376 3200
	11488 3200
	11488 3232
	9376 3232
4
	0 3232
	7744 3232
	7744 3264
	0 3264
4
	8352 3232
	8384 3232
	8384 3264
	8352 3264
4
	8800 3232
	8960 3232
	8960 3264
	8800 3264
4
	9344 3232
	11488 3232
	11488 3264
	9344 3264
4
	0 3264
	7616 3264
	7616 3296
	0 3296
4
	7648 3264
	7744 3264
	7744 3296
	7648 3296
4
	8768 3264
	8992 3264
	8992 3296
	8768 3296
4
	9312 3264
	11488 3264
	11488 3296
	9312 3296
4
	0 3296
	7584 3296
	7584 3328
	0 3328
4
	7680 3296
	7744 3296
	7744 3328
	7680 3328
4
	8768 3296
	9024 3296
	9024 3328
	8768 3328
4
	9184 3296
	11488 3296
	11488 3328
	9184 3328
4
	0 3328
	7584 3328
	7584 3360
	0 3360
4
	8768 3328
	11488 3328
	11488 3360
	8768 3360
4
	0 3360
	7552 3360
	7552 3392
	0 3392
4
	8768 3360
	11488 3360
	11488 3392
	8768 3392
4
	0 3392
	7520 3392
	7520 3424
	0 3424
4
	8736 3392
	11488 3392
	11488 3424
	8736 3424
4
	0 3424
	7488 3424
	7488 3456
	0 3456
4
	8672 3424
	11488 3424
	11488 3456
	8672 3456
4
	0 3456
	7392 3456
	7392 3488
	0 3488
4
	8224 3456
	8288 3456
	8288 3488
	8224 3488
4
	8608 3456
	11488 3456
	11488 3488
	8608 3488
4
	0 3488
	7328 3488
	7328 3520
	0 3520
4
	7680 3488
	7840 3488
	7840 3520
	7680 3520
4
	8224 3488
	8288 3488
	8288 3520
	8224 3520
4
	8672 3488
	11488 3488
	11488 3520
	8672 3520
4
	0 3520
	7264 3520
	7264 3552
	0 3552
4
	7680 3520
	7840 3520
	7840 3552
	7680 3552
4
	8224 3520
	8288 3520
	8288 3552
	8224 3552
4
	8384 3520
	11488 3520
	11488 3552
	8384 3552
4
	0 3552
	6848 3552
	6848 3584
	0 3584
4
	7008 3552
	7136 3552
	7136 3584
	7008 3584
4
	7680 3552
	11488 3552
	11488 3584
	7680 3584
4
	0 3584
	6816 3584
	6816 3616
	0 3616
4
	7520 3584
	11488 3584
	11488 3616
	7520 3616
4
	0 3616
	6784 3616
	6784 3648
	0 3648
4
	7424 3616
	11488 3616
	11488 3648
	7424 3648
4
	0 3648
	6720 3648
	6720 3680
	0 3680
4
	7328 3648
	11488 3648
	11488 3680
	7328 3680
4
	0 3680
	6624 3680
	6624 3712
	0 3712
4
	7264 3680
	11488 3680
	11488 3712
	7264 3712
4
	0 3712
	6368 3712
	6368 3744
	0 3744
4
	7200 3712
	11488 3712
	11488 3744
	7200 3744
4
	0 3744
	6368 3744
	6368 3776
	0 3776
4
	7136 3744
	11488 3744
	11488 3776
	7136 3776
4
	0 3776
	6368 3776
	6368 3808
	0 3808
4
	7104 3776
	11488 3776
	11488 3808
	7104 3808
4
	0 3808
	6368 3808
	6368 3840
	0 3840
4
	7040 3808
	11488 3808
	11488 3840
	7040 3840
4
	0 3840
	6208 3840
	6208 3872
	0 3872
4
	7040 3840
	11488 3840
	11488 3872
	7040 3872
4
	0 3872
	6208 3872
	6208 3904
	0 3904
4
	7008 3872
	11488 3872
	11488 3904
	7008 3904
4
	0 3904
	6208 3904
	6208 3936
	0 3936
4
	7008 3904
	11488 3904
	11488 3936
	7008 3936
4
	0 3936
	6240 3936
	6240 3968
	0 3968
4
	6976 3936
	11488 3936
	11488 3968
	6976 3968
4
	0 3968
	6240 3968
	6240 4000
	0 4000
4
	6976 3968
	11488 3968
	11488 4000
	6976 4000
4
	0 4000
	6272 4000
	6272 4032
	0 4032
4
	6976 4000
	11488 4000
	11488 4032
	6976 4032
4
	0 4032
	6272 4032
	6272 4064
	0 4064
4
	6944 4032
	11488 4032
	11488 4064
	6944 4064
4
	0 4064
	6272 4064
	6272 4096
	0 4096
4
	6944 4064
	11488 4064
	11488 4096
	6944 4096
4
	0 4096
	6304 4096
	6304 4128
	0 4128
4
	6944 4096
	11488 4096
	11488 4128
	6944 4128
4
	0 4128
	6336 4128
	6336 4160
	0 4160
4
	6944 4128
	11488 4128
	11488 4160
	6944 4160
4
	0 4160
	6368 4160
	6368 4192
	0 4192
4
	6944 4160
	11488 4160
	11488 4192
	6944 4192
4
	0 4192
	6368 4192
	6368 4224
	0 4224
4
	6944 4192
	11488 4192
	11488 4224
	6944 4224
4
	0 4224
	6400 4224
	6400 4256
	0 4256
4
	6944 4224
	11488 4224
	11488 4256
	6944 4256
4
	0 4256
	6432 4256
	6432 4288
	0 4288
4
	6944 4256
	11488 4256
	11488 4288
	6944 4288
4
	0 4288
	6464 4288
	6464 4320
	0 4320
4
	6944 4288
	11488 4288
	11488 4320
	6944 4320
4
	0 4320
	6464 4320
	6464 4352
	0 4352
4
	6944 4320
	11488 4320
	11488 4352
	6944 4352
4
	0 4352
	6496 4352
	6496 4384
	0 4384
4
	6944 4352
	11488 4352
	11488 4384
	6944 4384
4
	0 4384
	6528 4384
	6528 4416
	0 4416
4
	6944 4384
	11488 4384
	11488 4416
	6944 4416
4
	0 4416
	6528 4416
	6528 4448
	0 4448
4
	6976 4416
	11488 4416
	11488 4448
	6976 4448
4
	0 4448
	6560 4448
	6560 4480
	0 4480
4
	6976 4448
	11488 4448
	11488 4480
	6976 4480
4
	0 4480
	6560 4480
	6560 4512
	0 4512
4
	6976 4480
	11488 4480
	11488 4512
	6976 4512
4
	0 4512
	6592 4512
	6592 4544
	0 4544
4
	7008 4512
	11488 4512
	11488 4544
	7008 4544
4
	0 4544
	6624 4544
	6624 4576
	0 4576
4
	7040 4544
	11488 4544
	11488 4576
	7040 4576
4
	0 4576
	6624 4576
	6624 4608
	0 4608
4
	7040 4576
	11488 4576
	11488 4608
	7040 4608
4
	0 4608
	6624 4608
	6624 4640
	0 4640
4
	7008 4608
	11488 4608
	11488 4640
	7008 4640
4
	0 4640
	6592 4640
	6592 4672
	0 4672
4
	7008 4640
	11488 4640
	11488 4672
	7008 4672
4
	0 4672
	6592 4672
	6592 4704
	0 4704
4
	7008 4672
	11488 4672
	11488 4704
	7008 4704
4
	0 4704
	6592 4704
	6592 4736
	0 4736
4
	6976 4704
	11488 4704
	11488 4736
	6976 4736
4
	0 4736
	6624 4736
	6624 4768
	0 4768
4
	6976 4736
	11488 4736
	11488 4768
	6976 4768
4
	0 4768
	6656 4768
	6656 4800
	0 4800
4
	6976 4768
	11488 4768
	11488 4800
	6976 4800
4
	0 4800
	6656 4800
	6656 4832
	0 4832
4
	6976 4800
	11488 4800
	11488 4832
	6976 4832
4
	0 4832
	6688 4832
	6688 4864
	0 4864
4
	6976 4832
	11488 4832
	11488 4864
	6976 4864
4
	0 4864
	6688 4864
	6688 4896
	0 4896
4
	6976 4864
	11488 4864
	11488 4896
	6976 4896
4
	0 4896
	6688 4896
	6688 4928
	0 4928
4
	7008 4896
	11488 4896
	11488 4928
	7008 4928
4
	0 4928
	6720 4928
	6720 4960
	0 4960
4
	7008 4928
	11488 4928
	11488 4960
	7008 4960
4
	0 4960
	6720 4960
	6720 4992
	0 4992
4
	7008 4960
	11488 4960
	11488 4992
	7008 4992
4
	0 4992
	6720 4992
	6720 5024
	0 5024
4
	7008 4992
	11488 4992
	11488 5024
	7008 5024
4
	0 5024
	6720 5024
	6720 5056
	0 5056
4
	6976 5024
	11488 5024
	11488 5056
	6976 5056
4
	0 5056
	6720 5056
	6720 5088
	0 5088
4
	6944 5056
	11488 5056
	11488 5088
	6944 5088
4
	0 5088
	6720 5088
	6720 5120
	0 5120
4
	6944 5088
	11488 5088
	11488 5120
	6944 5120
4
	0 5120
	6720 5120
	6720 5152
	0 5152
4
	6944 5120
	11488 5120
	11488 5152
	6944 5152
4
	0 5152
	6688 5152
	6688 5184
	0 5184
4
	6976 5152
	11488 5152
	11488 5184
	6976 5184
4
	0 5184
	6688 5184
	6688 5216
	0 5216
4
	6976 5184
	11488 5184
	11488 5216
	6976 5216
4
	0 5216
	2656 5216
	2656 5248
	0 5248
4
	2720 5216
	3040 5216
	3040 5248
	2720 5248
4
	3200 5216
	6624 5216
	6624 5248
	3200 5248
4
	6976 5216
	11488 5216
	11488 5248
	6976 5248
4
	0 5248
	2592 5248
	2592 5280
	0 5280
4
	3232 5248
	6592 5248
	6592 5280
	3232 5280
4
	6976 5248
	11488 5248
	11488 5280
	6976 5280
4
	0 5280
	2528 5280
	2528 5312
	0 5312
4
	3264 5280
	6560 5280
	6560 5312
	3264 5312
4
	7008 5280
	11488 5280
	11488 5312
	7008 5312
4
	0 5312
	2368 5312
	2368 5344
	0 5344
4
	3360 5312
	3392 5312
	3392 5344
	3360 5344
4
	3488 5312
	6528 5312
	6528 5344
	3488 5344
4
	7008 5312
	11488 5312
	11488 5344
	7008 5344
4
	0 5344
	2272 5344
	2272 5376
	0 5376
4
	3616 5344
	6464 5344
	6464 5376
	3616 5376
4
	7040 5344
	11488 5344
	11488 5376
	7040 5376
4
	0 5376
	2240 5376
	2240 5408
	0 5408
4
	3776 5376
	6464 5376
	6464 5408
	3776 5408
4
	7072 5376
	11488 5376
	11488 5408
	7072 5408
4
	0 5408
	2176 5408
	2176 5440
	0 5440
4
	3840 5408
	6464 5408
	6464 5440
	3840 5440
4
	7168 5408
	11488 5408
	11488 5440
	7168 5440
4
	0 5440
	2144 5440
	2144 5472
	0 5472
4
	3872 5440
	6432 5440
	6432 5472
	3872 5472
4
	7168 5440
	11488 5440
	11488 5472
	7168 5472
4
	0 5472
	2112 5472
	2112 5504
	0 5504
4
	2720 5472
	2848 5472
	2848 5504
	2720 5504
4
	3968 5472
	6432 5472
	6432 5504
	3968 5504
4
	7168 5472
	11488 5472
	11488 5504
	7168 5504
4
	0 5504
	2112 5504
	2112 5536
	0 5536
4
	2496 5504
	2912 5504
	2912 5536
	2496 5536
4
	4064 5504
	6400 5504
	6400 5536
	4064 5536
4
	7200 5504
	11488 5504
	11488 5536
	7200 5536
4
	0 5536
	2080 5536
	2080 5568
	0 5568
4
	2432 5536
	3168 5536
	3168 5568
	2432 5568
4
	4128 5536
	6400 5536
	6400 5568
	4128 5568
4
	7200 5536
	11488 5536
	11488 5568
	7200 5568
4
	0 5568
	1984 5568
	1984 5600
	0 5600
4
	2336 5568
	3328 5568
	3328 5600
	2336 5600
4
	4192 5568
	6400 5568
	6400 5600
	4192 5600
4
	6752 5568
	6784 5568
	6784 5600
	6752 5600
4
	7200 5568
	11488 5568
	11488 5600
	7200 5600
4
	0 5600
	1824 5600
	1824 5632
	0 5632
4
	2304 5600
	3360 5600
	3360 5632
	2304 5632
4
	4256 5600
	6432 5600
	6432 5632
	4256 5632
4
	6688 5600
	6848 5600
	6848 5632
	6688 5632
4
	7200 5600
	11488 5600
	11488 5632
	7200 5632
4
	0 5632
	1824 5632
	1824 5664
	0 5664
4
	2272 5632
	3392 5632
	3392 5664
	2272 5664
4
	4320 5632
	6464 5632
	6464 5664
	4320 5664
4
	6656 5632
	6880 5632
	6880 5664
	6656 5664
4
	7200 5632
	11488 5632
	11488 5664
	7200 5664
4
	0 5664
	1792 5664
	1792 5696
	0 5696
4
	2240 5664
	3424 5664
	3424 5696
	2240 5696
4
	3552 5664
	3808 5664
	3808 5696
	3552 5696
4
	4352 5664
	6528 5664
	6528 5696
	4352 5696
4
	6656 5664
	6944 5664
	6944 5696
	6656 5696
4
	7168 5664
	11488 5664
	11488 5696
	7168 5696
4
	0 5696
	1792 5696
	1792 5728
	0 5728
4
	2080 5696
	3840 5696
	3840 5728
	2080 5728
4
	4384 5696
	6944 5696
	6944 5728
	4384 5728
4
	7168 5696
	11488 5696
	11488 5728
	7168 5728
4
	0 5728
	1792 5728
	1792 5760
	0 5760
4
	2048 5728
	3904 5728
	3904 5760
	2048 5760
4
	4416 5728
	6944 5728
	6944 5760
	4416 5760
4
	7168 5728
	11488 5728
	11488 5760
	7168 5760
4
	0 5760
	1824 5760
	1824 5792
	0 5792
4
	2048 5760
	3936 5760
	3936 5792
	2048 5792
4
	4448 5760
	6944 5760
	6944 5792
	4448 5792
4
	7168 5760
	11488 5760
	11488 5792
	7168 5792
4
	0 5792
	1824 5792
	1824 5824
	0 5824
4
	2048 5792
	3968 5792
	3968 5824
	2048 5824
4
	4608 5792
	6912 5792
	6912 5824
	4608 5824
4
	7168 5792
	11488 5792
	11488 5824
	7168 5824
4
	0 5824
	1824 5824
	1824 5856
	0 5856
4
	2048 5824
	3968 5824
	3968 5856
	2048 5856
4
	4672 5824
	6912 5824
	6912 5856
	4672 5856
4
	7168 5824
	11488 5824
	11488 5856
	7168 5856
4
	0 5856
	1856 5856
	1856 5888
	0 5888
4
	1920 5856
	4000 5856
	4000 5888
	1920 5888
4
	4704 5856
	6912 5856
	6912 5888
	4704 5888
4
	7168 5856
	11488 5856
	11488 5888
	7168 5888
4
	0 5888
	4064 5888
	4064 5920
	0 5920
4
	4768 5888
	6944 5888
	6944 5920
	4768 5920
4
	7168 5888
	11488 5888
	11488 5920
	7168 5920
4
	0 5920
	4096 5920
	4096 5952
	0 5952
4
	4832 5920
	6944 5920
	6944 5952
	4832 5952
4
	7168 5920
	11488 5920
	11488 5952
	7168 5952
4
	0 5952
	4192 5952
	4192 5984
	0 5984
4
	4864 5952
	6944 5952
	6944 5984
	4864 5984
4
	7168 5952
	11488 5952
	11488 5984
	7168 5984
4
	0 5984
	4320 5984
	4320 6016
	0 6016
4
	4896 5984
	6944 5984
	6944 6016
	4896 6016
4
	7168 5984
	11488 5984
	11488 6016
	7168 6016
4
	0 6016
	4384 6016
	4384 6048
	0 6048
4
	4960 6016
	6944 6016
	6944 6048
	4960 6048
4
	7168 6016
	11488 6016
	11488 6048
	7168 6048
4
	0 6048
	4448 6048
	4448 6080
	0 6080
4
	4960 6048
	6944 6048
	6944 6080
	4960 6080
4
	7168 6048
	11488 6048
	11488 6080
	7168 6080
4
	0 6080
	4480 6080
	4480 6112
	0 6112
4
	4960 6080
	6944 6080
	6944 6112
	4960 6112
4
	7168 6080
	11488 6080
	11488 6112
	7168 6112
4
	0 6112
	4480 6112
	4480 6144
	0 6144
4
	4960 6112
	6944 6112
	6944 6144
	4960 6144
4
	7168 6112
	11488 6112
	11488 6144
	7168 6144
4
	0 6144
	4512 6144
	4512 6176
	0 6176
4
	4928 6144
	6944 6144
	6944 6176
	4928 6176
4
	7168 6144
	11488 6144
	11488 6176
	7168 6176
4
	0 6176
	4512 6176
	4512 6208
	0 6208
4
	4960 6176
	6944 6176
	6944 6208
	4960 6208
4
	7168 6176
	11488 6176
	11488 6208
	7168 6208
4
	0 6208
	4544 6208
	4544 6240
	0 6240
4
	4992 6208
	6944 6208
	6944 6240
	4992 6240
4
	7168 6208
	11488 6208
	11488 6240
	7168 6240
4
	0 6240
	4544 6240
	4544 6272
	0 6272
4
	5024 6240
	6944 6240
	6944 6272
	5024 6272
4
	7168 6240
	11488 6240
	11488 6272
	7168 6272
4
	0 6272
	4576 6272
	4576 6304
	0 6304
4
	5024 6272
	6944 6272
	6944 6304
	5024 6304
4
	7200 6272
	11488 6272
	11488 6304
	7200 6304
4
	0 6304
	4608 6304
	4608 6336
	0 6336
4
	4640 6304
	4768 6304
	4768 6336
	4640 6336
4
	5056 6304
	6944 6304
	6944 6336
	5056 6336
4
	7232 6304
	11488 6304
	11488 6336
	7232 6336
4
	0 6336
	4864 6336
	4864 6368
	0 6368
4
	5088 6336
	6944 6336
	6944 6368
	5088 6368
4
	7232 6336
	11488 6336
	11488 6368
	7232 6368
4
	0 6368
	4928 6368
	4928 6400
	0 6400
4
	5152 6368
	6912 6368
	6912 6400
	5152 6400
4
	7232 6368
	11488 6368
	11488 6400
	7232 6400
4
	0 6400
	4992 6400
	4992 6432
	0 6432
4
	5184 6400
	6368 6400
	6368 6432
	5184 6432
4
	6560 6400
	6912 6400
	6912 6432
	6560 6432
4
	7232 6400
	11488 6400
	11488 6432
	7232 6432
4
	0 6432
	5024 6432
	5024 6464
	0 6464
4
	5248 6432
	6368 6432
	6368 6464
	5248 6464
4
	6624 6432
	6848 6432
	6848 6464
	6624 6464
4
	7200 6432
	11488 6432
	11488 6464
	7200 6464
4
	0 6464
	5056 6464
	5056 6496
	0 6496
4
	5280 6464
	6336 6464
	6336 6496
	5280 6496
4
	6720 6464
	6784 6464
	6784 6496
	6720 6496
4
	7168 6464
	11488 6464
	11488 6496
	7168 6496
4
	0 6496
	5088 6496
	5088 6528
	0 6528
4
	5312 6496
	6336 6496
	6336 6528
	5312 6528
4
	7136 6496
	11488 6496
	11488 6528
	7136 6528
4
	0 6528
	5120 6528
	5120 6560
	0 6560
4
	5344 6528
	6272 6528
	6272 6560
	5344 6560
4
	7136 6528
	11488 6528
	11488 6560
	7136 6560
4
	0 6560
	5120 6560
	5120 6592
	0 6592
4
	5472 6560
	6240 6560
	6240 6592
	5472 6592
4
	6720 6560
	6752 6560
	6752 6592
	6720 6592
4
	6848 6560
	11488 6560
	11488 6592
	6848 6592
4
	0 6592
	5152 6592
	5152 6624
	0 6624
4
	5536 6592
	6208 6592
	6208 6624
	5536 6624
4
	6656 6592
	11488 6592
	11488 6624
	6656 6624
4
	0 6624
	5152 6624
	5152 6656
	0 6656
4
	5632 6624
	6176 6624
	6176 6656
	5632 6656
4
	6592 6624
	11488 6624
	11488 6656
	6592 6656
4
	0 6656
	5184 6656
	5184 6688
	0 6688
4
	5696 6656
	6112 6656
	6112 6688
	5696 6688
4
	6528 6656
	11488 6656
	11488 6688
	6528 6688
4
	0 6688
	5184 6688
	5184 6720
	0 6720
4
	5792 6688
	6016 6688
	6016 6720
	5792 6720
4
	6496 6688
	11488 6688
	11488 6720
	6496 6720
4
	0 6720
	5312 6720
	5312 6752
	0 6752
4
	5856 6720
	5920 6720
	5920 6752
	5856 6752
4
	6464 6720
	11488 6720
	11488 6752
	6464 6752
4
	0 6752
	5472 6752
	5472 6784
	0 6784
4
	6400 6752
	11488 6752
	11488 6784
	6400 6784
4
	0 6784
	5504 6784
	5504 6816
	0 6816
4
	6400 6784
	11488 6784
	11488 6816
	6400 6816
4
	0 6816
	5568 6816
	5568 6848
	0 6848
4
	6368 6816
	11488 6816
	11488 6848
	6368 6848
4
	0 6848
	5632 6848
	5632 6880
	0 6880
4
	6304 6848
	11488 6848
	11488 6880
	6304 6880
4
	0 6880
	5664 6880
	5664 6912
	0 6912
4
	6208 6880
	11488 6880
	11488 6912
	6208 6912
4
	0 6912
	5728 6912
	5728 6944
	0 6944
4
	6176 6912
	11488 6912
	11488 6944
	6176 6944
4
	0 6944
	5824 6944
	5824 6976
	0 6976
4
	6144 6944
	11488 6944
	11488 6976
	6144 6976
4
	0 6976
	5952 6976
	5952 7008
	0 7008
4
	5984 6976
	11488 6976
	11488 7008
	5984 7008
4
	0 7008
	11488 7008
	11488 7040
	0 7040
4
	0 7040
	11488 7040
	11488 7072
	0 7072
4
	0 7072
	11488 7072
	11488 7104
	0 7104
4
	0 7104
	11488 7104
	11488 7136
	0 7136
4
	0 7136
	11488 7136
	11488 7168
	0 7168
4
	0 7168
	11488 7168
	11488 7200
	0 7200
4
	0 7200
	11488 7200
	11488 7232
	0 7232
4
	0 7232
	11488 7232
	11488 7264
	0 7264
4
	0 7264
	11488 7264
	11488 7296
	0 7296
4
	0 7296
	11488 7296
	11488 7328
	0 7328
4
	0 7328
	11488 7328
	11488 7360
	0 7360
4
	0 7360
	11488 7360
	11488 7392
	0 7392
4
	0 7392
	11488 7392
	11488 7424
	0 7424
4
	0 7424
	11488 7424
	11488 7456
	0 7456
4
	0 7456
	11488 7456
	11488 7488
	0 7488
4
	0 7488
	11488 7488
	11488 7520
	0 7520
4
	0 7520
	11488 7520
	11488 7552
	0 7552
4
	0 7552
	11488 7552
	11488 7584
	0 7584
4
	0 7584
	11488 7584
	11488 7616
	0 7616
4
	0 7616
	11488 7616
	11488 7648
	0 7648
4
	0 7648
	11488 7648
	11488 7680
	0 7680
4
	0 7680
	11488 7680
	11488 7712
	0 7712
4
	0 7712
	11488 7712
	11488 7744
	0 7744
4
	0 7744
	11488 7744
	11488 7776
	0 7776
4
	0 7776
	11488 7776
	11488 7808
	0 7808
4
	0 7808
	11488 7808
	11488 7840
	0 7840
4
	0 7840
	11488 7840
	11488 7872
	0 7872
4
	0 7872
	11488 7872
	11488 7904
	0 7904
4
	0 7904
	11488 7904
	11488 7936
	0 7936
4
	0 7936
	11488 7936
	11488 7968
	0 7968
4
	0 7968
	11488 7968
	11488 8000
	0 8000
4
	0 8000
	11488 8000
	11488 8032
	0 8032
4
	0 8032
	11488 8032
	11488 8064
	0 8064
4
	-32 -32
	11520 -32
	11520 0
	-32 0
4
	-32 8064
	11520 8064
	11520 8096
	-32 8096
4
	-32 0
	0 0
	0 8064
	-32 8064
4
	11488 0
	11520 0
	11520 8064
	11488 8064
