973
4
	0 0
	7904 0
	7904 32
	0 32
4
	0 32
	5216 32
	5216 64
	0 64
4
	5280 32
	5920 32
	5920 64
	5280 64
4
	6304 32
	6432 32
	6432 64
	6304 64
4
	6560 32
	6592 32
	6592 64
	6560 64
4
	6720 32
	6784 32
	6784 64
	6720 64
4
	6816 32
	7904 32
	7904 64
	6816 64
4
	0 64
	5216 64
	5216 96
	0 96
4
	5280 64
	5408 64
	5408 96
	5280 96
4
	5919 95
	5921 95
	5921 97
	5919 97
4
	5632 64
	5920 64
	5920 96
	5632 96
4
	6304 64
	6432 64
	6432 96
	6304 96
4
	6720 64
	6784 64
	6784 96
	6720 96
4
	6816 64
	6944 64
	6944 96
	6816 96
4
	7072 64
	7904 64
	7904 96
	7072 96
4
	0 96
	5216 96
	5216 128
	0 128
4
	5312 96
	5376 96
	5376 128
	5312 128
4
	5632 96
	5856 96
	5856 128
	5632 128
4
	5920 96
	6048 96
	6048 128
	5920 128
4
	6144 96
	6272 96
	6272 128
	6144 128
4
	7072 96
	7904 96
	7904 128
	7072 128
4
	0 128
	5216 128
	5216 160
	0 160
4
	5664 128
	5856 128
	5856 160
	5664 160
4
	5920 128
	6016 128
	6016 160
	5920 160
4
	6144 128
	6272 128
	6272 160
	6144 160
4
	7104 128
	7904 128
	7904 160
	7104 160
4
	0 160
	5088 160
	5088 192
	0 192
4
	5696 160
	5856 160
	5856 192
	5696 192
4
	7104 160
	7904 160
	7904 192
	7104 192
4
	0 192
	5088 192
	5088 224
	0 224
4
	5728 192
	5856 192
	5856 224
	5728 224
4
	7104 192
	7904 192
	7904 224
	7104 224
4
	0 224
	4832 224
	4832 256
	0 256
4
	5760 224
	5856 224
	5856 256
	5760 256
4
	7104 224
	7904 224
	7904 256
	7104 256
4
	0 256
	4832 256
	4832 288
	0 288
4
	5760 256
	5856 256
	5856 288
	5760 288
4
	7104 256
	7904 256
	7904 288
	7104 288
4
	0 288
	3872 288
	3872 320
	0 320
4
	4256 288
	4832 288
	4832 320
	4256 320
4
	5760 288
	5856 288
	5856 320
	5760 320
4
	7104 288
	7904 288
	7904 320
	7104 320
4
	0 320
	3872 320
	3872 352
	0 352
4
	4256 320
	4928 320
	4928 352
	4256 352
4
	5760 320
	5856 320
	5856 352
	5760 352
4
	7104 320
	7904 320
	7904 352
	7104 352
4
	0 352
	3840 352
	3840 384
	0 384
4
	4288 352
	4928 352
	4928 384
	4288 384
4
	5760 352
	5856 352
	5856 384
	5760 384
4
	7104 352
	7904 352
	7904 384
	7104 384
4
	0 384
	3840 384
	3840 416
	0 416
4
	4288 384
	4928 384
	4928 416
	4288 416
4
	5760 384
	5888 384
	5888 416
	5760 416
4
	7104 384
	7904 384
	7904 416
	7104 416
4
	0 416
	3840 416
	3840 448
	0 448
4
	4288 416
	4928 416
	4928 448
	4288 448
4
	5760 416
	5888 416
	5888 448
	5760 448
4
	7072 416
	7904 416
	7904 448
	7072 448
4
	0 448
	3840 448
	3840 480
	0 480
4
	4288 448
	4928 448
	4928 480
	4288 480
4
	5760 448
	5888 448
	5888 480
	5760 480
4
	7072 448
	7904 448
	7904 480
	7072 480
4
	0 480
	3872 480
	3872 512
	0 512
4
	4256 480
	4896 480
	4896 512
	4256 512
4
	5280 480
	5440 480
	5440 512
	5280 512
4
	5760 480
	5920 480
	5920 512
	5760 512
4
	6304 480
	6432 480
	6432 512
	6304 512
4
	6816 480
	6944 480
	6944 512
	6816 512
4
	7072 480
	7904 480
	7904 512
	7072 512
4
	0 512
	3872 512
	3872 544
	0 544
4
	4256 512
	4928 512
	4928 544
	4256 544
4
	5280 512
	5472 512
	5472 544
	5280 544
4
	5728 512
	5920 512
	5920 544
	5728 544
4
	6304 512
	6432 512
	6432 544
	6304 544
4
	6784 512
	7904 512
	7904 544
	6784 544
4
	0 544
	1824 544
	1824 576
	0 576
4
	1984 544
	2048 544
	2048 576
	1984 576
4
	2208 544
	2336 544
	2336 576
	2208 576
4
	2496 544
	2688 544
	2688 576
	2496 576
4
	2720 544
	3488 544
	3488 576
	2720 576
4
	3520 544
	3872 544
	3872 576
	3520 576
4
	4256 544
	4928 544
	4928 576
	4256 576
4
	5280 544
	5440 544
	5440 576
	5280 576
4
	5728 544
	5920 544
	5920 576
	5728 576
4
	6304 544
	6432 544
	6432 576
	6304 576
4
	6816 544
	7904 544
	7904 576
	6816 576
4
	0 576
	1824 576
	1824 608
	0 608
4
	2208 576
	2336 576
	2336 608
	2208 608
4
	2496 576
	2688 576
	2688 608
	2496 608
4
	2720 576
	3488 576
	3488 608
	2720 608
4
	3520 576
	3872 576
	3872 608
	3520 608
4
	4256 576
	4928 576
	4928 608
	4256 608
4
	5280 576
	5408 576
	5408 608
	5280 608
4
	5760 576
	5920 576
	5920 608
	5760 608
4
	6304 576
	6432 576
	6432 608
	6304 608
4
	6816 576
	6944 576
	6944 608
	6816 608
4
	7072 576
	7904 576
	7904 608
	7072 608
4
	0 608
	224 608
	224 640
	0 640
4
	1728 608
	1760 608
	1760 640
	1728 640
4
	2240 608
	2304 608
	2304 640
	2240 640
4
	2496 608
	2688 608
	2688 640
	2496 640
4
	2720 608
	3360 608
	3360 640
	2720 640
4
	3552 608
	3712 608
	3712 640
	3552 640
4
	4288 608
	4928 608
	4928 640
	4288 640
4
	5760 608
	5920 608
	5920 640
	5760 640
4
	7072 608
	7904 608
	7904 640
	7072 640
4
	0 640
	224 640
	224 672
	0 672
4
	1728 640
	1760 640
	1760 672
	1728 672
4
	2240 640
	2304 640
	2304 672
	2240 672
4
	2752 640
	3360 640
	3360 672
	2752 672
4
	3552 640
	3744 640
	3744 672
	3552 672
4
	4288 640
	4928 640
	4928 672
	4288 672
4
	5824 640
	5920 640
	5920 672
	5824 672
4
	7072 640
	7904 640
	7904 672
	7072 672
4
	0 672
	224 672
	224 704
	0 704
4
	1728 672
	1760 672
	1760 704
	1728 704
4
	2752 672
	3360 672
	3360 704
	2752 704
4
	3552 672
	3648 672
	3648 704
	3552 704
4
	4224 672
	4928 672
	4928 704
	4224 704
4
	5824 672
	5888 672
	5888 704
	5824 704
4
	7072 672
	7328 672
	7328 704
	7072 704
4
	7360 672
	7904 672
	7904 704
	7360 704
4
	0 704
	256 704
	256 736
	0 736
4
	1696 704
	1792 704
	1792 736
	1696 736
4
	2752 704
	3296 704
	3296 736
	2752 736
4
	3488 704
	3520 704
	3520 736
	3488 736
4
	4224 704
	4928 704
	4928 736
	4224 736
4
	5792 704
	5888 704
	5888 736
	5792 736
4
	7360 704
	7904 704
	7904 736
	7360 736
4
	0 736
	256 736
	256 768
	0 768
4
	1696 736
	1792 736
	1792 768
	1696 768
4
	2752 736
	3296 736
	3296 768
	2752 768
4
	3456 736
	3584 736
	3584 768
	3456 768
4
	4224 736
	4896 736
	4896 768
	4224 768
4
	5792 736
	5888 736
	5888 768
	5792 768
4
	7360 736
	7904 736
	7904 768
	7360 768
4
	0 768
	224 768
	224 800
	0 800
4
	2752 768
	3296 768
	3296 800
	2752 800
4
	3424 768
	3584 768
	3584 800
	3424 800
4
	4224 768
	4960 768
	4960 800
	4224 800
4
	5792 768
	5888 768
	5888 800
	5792 800
4
	7360 768
	7904 768
	7904 800
	7360 800
4
	0 800
	224 800
	224 832
	0 832
4
	2752 800
	3296 800
	3296 832
	2752 832
4
	3456 800
	3552 800
	3552 832
	3456 832
4
	4224 800
	4960 800
	4960 832
	4224 832
4
	5792 800
	5888 800
	5888 832
	5792 832
4
	7360 800
	7904 800
	7904 832
	7360 832
4
	0 832
	256 832
	256 864
	0 864
4
	1696 832
	1792 832
	1792 864
	1696 864
4
	2752 832
	3328 832
	3328 864
	2752 864
4
	3488 832
	3552 832
	3552 864
	3488 864
4
	4288 832
	5024 832
	5024 864
	4288 864
4
	5792 832
	5888 832
	5888 864
	5792 864
4
	7360 832
	7904 832
	7904 864
	7360 864
4
	0 864
	256 864
	256 896
	0 896
4
	1696 864
	1792 864
	1792 896
	1696 896
4
	2752 864
	3328 864
	3328 896
	2752 896
4
	4288 864
	5088 864
	5088 896
	4288 896
4
	5792 864
	5920 864
	5920 896
	5792 896
4
	7360 864
	7904 864
	7904 896
	7360 896
4
	0 896
	224 896
	224 928
	0 928
4
	1728 896
	1760 896
	1760 928
	1728 928
4
	2752 896
	3328 896
	3328 928
	2752 928
4
	4288 896
	5120 896
	5120 928
	4288 928
4
	5792 896
	5920 896
	5920 928
	5792 928
4
	7360 896
	7904 896
	7904 928
	7360 928
4
	0 928
	224 928
	224 960
	0 960
4
	1728 928
	1760 928
	1760 960
	1728 960
4
	2720 928
	3328 928
	3328 960
	2720 960
4
	4288 928
	5120 928
	5120 960
	4288 960
4
	5792 928
	5920 928
	5920 960
	5792 960
4
	7328 928
	7904 928
	7904 960
	7328 960
4
	0 960
	224 960
	224 992
	0 992
4
	1728 960
	1760 960
	1760 992
	1728 992
4
	2720 960
	3328 960
	3328 992
	2720 992
4
	4288 960
	5120 960
	5120 992
	4288 992
4
	5792 960
	5920 960
	5920 992
	5792 992
4
	7328 960
	7904 960
	7904 992
	7328 992
4
	0 992
	1824 992
	1824 1024
	0 1024
4
	2208 992
	2336 992
	2336 1024
	2208 1024
4
	2720 992
	3360 992
	3360 1024
	2720 1024
4
	3744 992
	3872 992
	3872 1024
	3744 1024
4
	4256 992
	5120 992
	5120 1024
	4256 1024
4
	5280 992
	5408 992
	5408 1024
	5280 1024
4
	5504 992
	5536 992
	5536 1024
	5504 1024
4
	5632 992
	5664 992
	5664 1024
	5632 1024
4
	5792 992
	5920 992
	5920 1024
	5792 1024
4
	6304 992
	6432 992
	6432 1024
	6304 1024
4
	6816 992
	6944 992
	6944 1024
	6816 1024
4
	7328 992
	7904 992
	7904 1024
	7328 1024
4
	0 1024
	1824 1024
	1824 1056
	0 1056
4
	2208 1024
	2336 1024
	2336 1056
	2208 1056
4
	2720 1024
	3360 1024
	3360 1056
	2720 1056
4
	3744 1024
	3872 1024
	3872 1056
	3744 1056
4
	4256 1024
	5536 1024
	5536 1056
	4256 1056
4
	5632 1024
	5920 1024
	5920 1056
	5632 1056
4
	6304 1024
	6432 1024
	6432 1056
	6304 1056
4
	6784 1024
	7904 1024
	7904 1056
	6784 1056
4
	0 1056
	1824 1056
	1824 1088
	0 1088
4
	2208 1056
	2336 1056
	2336 1088
	2208 1088
4
	2720 1056
	2880 1056
	2880 1088
	2720 1088
4
	3168 1056
	3360 1056
	3360 1088
	3168 1088
4
	3744 1056
	3872 1056
	3872 1088
	3744 1088
4
	4256 1056
	4896 1056
	4896 1088
	4256 1088
4
	5280 1056
	5472 1056
	5472 1088
	5280 1088
4
	5504 1056
	5536 1056
	5536 1088
	5504 1088
4
	5632 1056
	5664 1056
	5664 1088
	5632 1088
4
	5792 1056
	5920 1056
	5920 1088
	5792 1088
4
	6304 1056
	6432 1056
	6432 1088
	6304 1088
4
	6816 1056
	7904 1056
	7904 1088
	6816 1088
4
	0 1088
	1824 1088
	1824 1120
	0 1120
4
	2080 1088
	2112 1088
	2112 1120
	2080 1120
4
	2208 1088
	2336 1088
	2336 1120
	2208 1120
4
	2720 1088
	2848 1088
	2848 1120
	2720 1120
4
	3232 1088
	3360 1088
	3360 1120
	3232 1120
4
	3744 1088
	3872 1088
	3872 1120
	3744 1120
4
	4256 1088
	4384 1088
	4384 1120
	4256 1120
4
	4416 1088
	4736 1088
	4736 1120
	4416 1120
4
	4768 1088
	4896 1088
	4896 1120
	4768 1120
4
	5280 1088
	5472 1088
	5472 1120
	5280 1120
4
	5792 1088
	5920 1088
	5920 1120
	5792 1120
4
	6304 1088
	6432 1088
	6432 1120
	6304 1120
4
	6816 1088
	6944 1088
	6944 1120
	6816 1120
4
	7072 1088
	7904 1088
	7904 1120
	7072 1120
4
	0 1120
	1856 1120
	1856 1152
	0 1152
4
	3232 1120
	3328 1120
	3328 1152
	3232 1152
4
	4224 1120
	4320 1120
	4320 1152
	4224 1152
4
	4416 1120
	4736 1120
	4736 1152
	4416 1152
4
	5408 1120
	5472 1120
	5472 1152
	5408 1152
4
	5824 1120
	5856 1120
	5856 1152
	5824 1152
4
	7072 1120
	7904 1120
	7904 1152
	7072 1152
4
	0 1152
	1856 1152
	1856 1184
	0 1184
4
	4288 1152
	4320 1152
	4320 1184
	4288 1184
4
	5824 1152
	5856 1152
	5856 1184
	5824 1184
4
	7104 1152
	7904 1152
	7904 1184
	7104 1184
4
	0 1184
	1856 1184
	1856 1216
	0 1216
4
	4288 1184
	4320 1184
	4320 1216
	4288 1216
4
	5824 1184
	5856 1184
	5856 1216
	5824 1216
4
	7104 1184
	7904 1184
	7904 1216
	7104 1216
4
	0 1216
	1824 1216
	1824 1248
	0 1248
4
	4256 1216
	4352 1216
	4352 1248
	4256 1248
4
	5824 1216
	5856 1216
	5856 1248
	5824 1248
4
	7104 1216
	7904 1216
	7904 1248
	7104 1248
4
	0 1248
	1856 1248
	1856 1280
	0 1280
4
	4256 1248
	4352 1248
	4352 1280
	4256 1280
4
	5824 1248
	5856 1248
	5856 1280
	5824 1280
4
	7104 1248
	7904 1248
	7904 1280
	7104 1280
4
	0 1280
	1888 1280
	1888 1312
	0 1312
4
	5824 1280
	5888 1280
	5888 1312
	5824 1312
4
	7104 1280
	7904 1280
	7904 1312
	7104 1312
4
	0 1312
	1920 1312
	1920 1344
	0 1344
4
	5824 1312
	5856 1312
	5856 1344
	5824 1344
4
	7104 1312
	7904 1312
	7904 1344
	7104 1344
4
	0 1344
	1952 1344
	1952 1376
	0 1376
4
	4256 1344
	4352 1344
	4352 1376
	4256 1376
4
	5824 1344
	5856 1344
	5856 1376
	5824 1376
4
	7104 1344
	7904 1344
	7904 1376
	7104 1376
4
	0 1376
	1984 1376
	1984 1408
	0 1408
4
	4256 1376
	4352 1376
	4352 1408
	4256 1408
4
	5824 1376
	5984 1376
	5984 1408
	5824 1408
4
	7104 1376
	7904 1376
	7904 1408
	7104 1408
4
	0 1408
	2016 1408
	2016 1440
	0 1440
4
	4256 1408
	4320 1408
	4320 1440
	4256 1440
4
	5824 1408
	5984 1408
	5984 1440
	5824 1440
4
	7104 1408
	7904 1408
	7904 1440
	7104 1440
4
	0 1440
	2048 1440
	2048 1472
	0 1472
4
	2432 1440
	2656 1440
	2656 1472
	2432 1472
4
	3232 1440
	3328 1440
	3328 1472
	3232 1472
4
	4256 1440
	4320 1440
	4320 1472
	4256 1472
4
	5824 1440
	5984 1440
	5984 1472
	5824 1472
4
	7072 1440
	7904 1440
	7904 1472
	7072 1472
4
	0 1472
	2112 1472
	2112 1504
	0 1504
4
	2400 1472
	2656 1472
	2656 1504
	2400 1504
4
	3232 1472
	3328 1472
	3328 1504
	3232 1504
4
	4288 1472
	4320 1472
	4320 1504
	4288 1504
4
	5824 1472
	6304 1472
	6304 1504
	5824 1504
4
	7072 1472
	7904 1472
	7904 1504
	7072 1504
4
	0 1504
	2336 1504
	2336 1536
	0 1536
4
	2432 1504
	2656 1504
	2656 1536
	2432 1536
4
	2720 1504
	2880 1504
	2880 1536
	2720 1536
4
	3168 1504
	3360 1504
	3360 1536
	3168 1536
4
	3392 1504
	3488 1504
	3488 1536
	3392 1536
4
	3584 1504
	3616 1504
	3616 1536
	3584 1536
4
	3744 1504
	3872 1504
	3872 1536
	3744 1536
4
	4256 1504
	4384 1504
	4384 1536
	4256 1536
4
	4768 1504
	4896 1504
	4896 1536
	4768 1536
4
	5280 1504
	5408 1504
	5408 1536
	5280 1536
4
	5792 1504
	6432 1504
	6432 1536
	5792 1536
4
	6528 1504
	6560 1504
	6560 1536
	6528 1536
4
	6656 1504
	6688 1504
	6688 1536
	6656 1536
4
	6816 1504
	6944 1504
	6944 1536
	6816 1536
4
	7072 1504
	7904 1504
	7904 1536
	7072 1536
4
	0 1536
	3488 1536
	3488 1568
	0 1568
4
	3584 1536
	5408 1536
	5408 1568
	3584 1568
4
	5792 1536
	6560 1536
	6560 1568
	5792 1568
4
	6656 1536
	7904 1536
	7904 1568
	6656 1568
4
	0 1568
	3360 1568
	3360 1600
	0 1600
4
	3456 1568
	3488 1568
	3488 1600
	3456 1600
4
	3584 1568
	3616 1568
	3616 1600
	3584 1600
4
	3744 1568
	4896 1568
	4896 1600
	3744 1600
4
	5184 1568
	5408 1568
	5408 1600
	5184 1600
4
	5792 1568
	5952 1568
	5952 1600
	5792 1600
4
	6240 1568
	6432 1568
	6432 1600
	6240 1600
4
	6464 1568
	6496 1568
	6496 1600
	6464 1600
4
	6528 1568
	6560 1568
	6560 1600
	6528 1600
4
	6656 1568
	6688 1568
	6688 1600
	6656 1600
4
	6816 1568
	7456 1568
	7456 1600
	6816 1600
4
	7616 1568
	7648 1568
	7648 1600
	7616 1600
4
	7840 1568
	7904 1568
	7904 1600
	7840 1600
4
	0 1600
	3360 1600
	3360 1632
	0 1632
4
	3744 1600
	4896 1600
	4896 1632
	3744 1632
4
	5184 1600
	5408 1600
	5408 1632
	5184 1632
4
	5792 1600
	5920 1600
	5920 1632
	5792 1632
4
	6240 1600
	6432 1600
	6432 1632
	6240 1632
4
	6816 1600
	6944 1600
	6944 1632
	6816 1632
4
	7040 1600
	7456 1600
	7456 1632
	7040 1632
4
	7840 1600
	7904 1600
	7904 1632
	7840 1632
4
	0 1632
	3296 1632
	3296 1664
	0 1664
4
	3776 1632
	4768 1632
	4768 1664
	3776 1664
4
	5184 1632
	5344 1632
	5344 1664
	5184 1664
4
	6848 1632
	6880 1632
	6880 1664
	6848 1664
4
	7040 1632
	7360 1632
	7360 1664
	7040 1664
4
	7872 1632
	7904 1632
	7904 1664
	7872 1664
4
	0 1664
	3296 1664
	3296 1696
	0 1696
4
	3776 1664
	4768 1664
	4768 1696
	3776 1696
4
	5184 1664
	5344 1664
	5344 1696
	5184 1696
4
	6848 1664
	6880 1664
	6880 1696
	6848 1696
4
	7776 1664
	7904 1664
	7904 1696
	7776 1696
4
	0 1696
	3296 1696
	3296 1728
	0 1728
4
	3776 1696
	4320 1696
	4320 1728
	3776 1728
4
	5184 1696
	5344 1696
	5344 1728
	5184 1728
4
	6848 1696
	6880 1696
	6880 1728
	6848 1728
4
	7776 1696
	7904 1696
	7904 1728
	7776 1728
4
	0 1728
	3296 1728
	3296 1760
	0 1760
4
	3776 1728
	4320 1728
	4320 1760
	3776 1760
4
	5184 1728
	5344 1728
	5344 1760
	5184 1760
4
	6848 1728
	6976 1728
	6976 1760
	6848 1760
4
	7776 1728
	7904 1728
	7904 1760
	7776 1760
4
	0 1760
	3296 1760
	3296 1792
	0 1792
4
	3776 1760
	4320 1760
	4320 1792
	3776 1792
4
	4576 1760
	5024 1760
	5024 1792
	4576 1792
4
	5184 1760
	5344 1760
	5344 1792
	5184 1792
4
	6848 1760
	6976 1760
	6976 1792
	6848 1792
4
	7776 1760
	7904 1760
	7904 1792
	7776 1792
4
	0 1792
	3296 1792
	3296 1824
	0 1824
4
	3776 1792
	4320 1792
	4320 1824
	3776 1824
4
	4576 1792
	5024 1792
	5024 1824
	4576 1824
4
	5184 1792
	5344 1792
	5344 1824
	5184 1824
4
	6848 1792
	6976 1792
	6976 1824
	6848 1824
4
	7776 1792
	7904 1792
	7904 1824
	7776 1824
4
	0 1824
	3296 1824
	3296 1856
	0 1856
4
	3776 1824
	4320 1824
	4320 1856
	3776 1856
4
	4544 1824
	5056 1824
	5056 1856
	4544 1856
4
	5184 1824
	5344 1824
	5344 1856
	5184 1856
4
	6848 1824
	6976 1824
	6976 1856
	6848 1856
4
	7776 1824
	7904 1824
	7904 1856
	7776 1856
4
	0 1856
	3296 1856
	3296 1888
	0 1888
4
	3776 1856
	4320 1856
	4320 1888
	3776 1888
4
	4576 1856
	5024 1856
	5024 1888
	4576 1888
4
	5184 1856
	5344 1856
	5344 1888
	5184 1888
4
	6848 1856
	6976 1856
	6976 1888
	6848 1888
4
	7776 1856
	7904 1856
	7904 1888
	7776 1888
4
	0 1888
	3424 1888
	3424 1920
	0 1920
4
	3776 1888
	4320 1888
	4320 1920
	3776 1920
4
	4576 1888
	5024 1888
	5024 1920
	4576 1920
4
	5184 1888
	5344 1888
	5344 1920
	5184 1920
4
	6848 1888
	6976 1888
	6976 1920
	6848 1920
4
	7776 1888
	7904 1888
	7904 1920
	7776 1920
4
	0 1920
	3424 1920
	3424 1952
	0 1952
4
	3776 1920
	4320 1920
	4320 1952
	3776 1952
4
	4576 1920
	5024 1920
	5024 1952
	4576 1952
4
	5184 1920
	5344 1920
	5344 1952
	5184 1952
4
	6848 1920
	6976 1920
	6976 1952
	6848 1952
4
	7200 1920
	7520 1920
	7520 1952
	7200 1952
4
	7776 1920
	7904 1920
	7904 1952
	7776 1952
4
	0 1952
	3424 1952
	3424 1984
	0 1984
4
	3712 1952
	4320 1952
	4320 1984
	3712 1984
4
	5184 1952
	5344 1952
	5344 1984
	5184 1984
4
	6848 1952
	6976 1952
	6976 1984
	6848 1984
4
	7200 1952
	7520 1952
	7520 1984
	7200 1984
4
	7776 1952
	7904 1952
	7904 1984
	7776 1984
4
	0 1984
	3424 1984
	3424 2016
	0 2016
4
	3712 1984
	4320 1984
	4320 2016
	3712 2016
4
	5184 1984
	5344 1984
	5344 2016
	5184 2016
4
	6848 1984
	6976 1984
	6976 2016
	6848 2016
4
	7200 1984
	7520 1984
	7520 2016
	7200 2016
4
	7776 1984
	7904 1984
	7904 2016
	7776 2016
4
	0 2016
	3424 2016
	3424 2048
	0 2048
4
	3744 2016
	4384 2016
	4384 2048
	3744 2048
4
	4768 2016
	4896 2016
	4896 2048
	4768 2048
4
	5184 2016
	5408 2016
	5408 2048
	5184 2048
4
	5792 2016
	5952 2016
	5952 2048
	5792 2048
4
	6016 2016
	6176 2016
	6176 2048
	6016 2048
4
	6240 2016
	6432 2016
	6432 2048
	6240 2048
4
	6816 2016
	6976 2016
	6976 2048
	6816 2048
4
	7200 2016
	7520 2016
	7520 2048
	7200 2048
4
	7840 2016
	7904 2016
	7904 2048
	7840 2048
4
	0 2048
	3424 2048
	3424 2080
	0 2080
4
	3744 2048
	4384 2048
	4384 2080
	3744 2080
4
	4768 2048
	4896 2048
	4896 2080
	4768 2080
4
	5184 2048
	6432 2048
	6432 2080
	5184 2080
4
	6816 2048
	6944 2048
	6944 2080
	6816 2080
4
	7328 2048
	7456 2048
	7456 2080
	7328 2080
4
	7840 2048
	7904 2048
	7904 2080
	7840 2080
4
	0 2080
	3424 2080
	3424 2112
	0 2112
4
	3744 2080
	4384 2080
	4384 2112
	3744 2112
4
	4768 2080
	4896 2080
	4896 2112
	4768 2112
4
	5280 2080
	5408 2080
	5408 2112
	5280 2112
4
	5600 2080
	6432 2080
	6432 2112
	5600 2112
4
	6816 2080
	6944 2080
	6944 2112
	6816 2112
4
	7328 2080
	7456 2080
	7456 2112
	7328 2112
4
	7840 2080
	7904 2080
	7904 2112
	7840 2112
4
	0 2112
	3424 2112
	3424 2144
	0 2144
4
	3712 2112
	4384 2112
	4384 2144
	3712 2144
4
	4768 2112
	4896 2112
	4896 2144
	4768 2144
4
	5280 2112
	5440 2112
	5440 2144
	5280 2144
4
	5664 2112
	6432 2112
	6432 2144
	5664 2144
4
	6816 2112
	6944 2112
	6944 2144
	6816 2144
4
	7328 2112
	7456 2112
	7456 2144
	7328 2144
4
	7840 2112
	7904 2112
	7904 2144
	7840 2144
4
	0 2144
	3424 2144
	3424 2176
	0 2176
4
	3680 2144
	4320 2144
	4320 2176
	3680 2176
4
	5280 2144
	5440 2144
	5440 2176
	5280 2176
4
	5920 2144
	6368 2144
	6368 2176
	5920 2176
4
	6848 2144
	6912 2144
	6912 2176
	6848 2176
4
	7872 2144
	7904 2144
	7904 2176
	7872 2176
4
	0 2176
	3424 2176
	3424 2208
	0 2208
4
	3680 2176
	4320 2176
	4320 2208
	3680 2208
4
	5920 2176
	6368 2176
	6368 2208
	5920 2208
4
	6848 2176
	6880 2176
	6880 2208
	6848 2208
4
	7840 2176
	7904 2176
	7904 2208
	7840 2208
4
	0 2208
	3424 2208
	3424 2240
	0 2240
4
	3776 2208
	4320 2208
	4320 2240
	3776 2240
4
	6272 2208
	6368 2208
	6368 2240
	6272 2240
4
	6848 2208
	6880 2208
	6880 2240
	6848 2240
4
	7840 2208
	7904 2208
	7904 2240
	7840 2240
4
	0 2240
	3328 2240
	3328 2272
	0 2272
4
	3744 2240
	4320 2240
	4320 2272
	3744 2272
4
	4544 2240
	4576 2240
	4576 2272
	4544 2272
4
	5024 2240
	5056 2240
	5056 2272
	5024 2272
4
	6272 2240
	6368 2240
	6368 2272
	6272 2272
4
	6816 2240
	6912 2240
	6912 2272
	6816 2272
4
	7872 2240
	7904 2240
	7904 2272
	7872 2272
4
	0 2272
	3328 2272
	3328 2304
	0 2304
4
	3744 2272
	4320 2272
	4320 2304
	3744 2304
4
	4544 2272
	4576 2272
	4576 2304
	4544 2304
4
	5024 2272
	5056 2272
	5056 2304
	5024 2304
4
	6272 2272
	6368 2272
	6368 2304
	6272 2304
4
	6816 2272
	6912 2272
	6912 2304
	6816 2304
4
	7616 2272
	7680 2272
	7680 2304
	7616 2304
4
	7872 2272
	7904 2272
	7904 2304
	7872 2304
4
	0 2304
	3328 2304
	3328 2336
	0 2336
4
	3776 2304
	4320 2304
	4320 2336
	3776 2336
4
	6272 2304
	6368 2304
	6368 2336
	6272 2336
4
	7168 2304
	7232 2304
	7232 2336
	7168 2336
4
	7616 2304
	7680 2304
	7680 2336
	7616 2336
4
	7872 2304
	7904 2304
	7904 2336
	7872 2336
4
	0 2336
	3328 2336
	3328 2368
	0 2368
4
	3776 2336
	4416 2336
	4416 2368
	3776 2368
4
	6272 2336
	6368 2336
	6368 2368
	6272 2368
4
	7104 2336
	7232 2336
	7232 2368
	7104 2368
4
	7584 2336
	7744 2336
	7744 2368
	7584 2368
4
	7872 2336
	7904 2336
	7904 2368
	7872 2368
4
	0 2368
	3328 2368
	3328 2400
	0 2400
4
	3744 2368
	4416 2368
	4416 2400
	3744 2400
4
	6272 2368
	6368 2368
	6368 2400
	6272 2400
4
	6816 2368
	6912 2368
	6912 2400
	6816 2400
4
	7104 2368
	7264 2368
	7264 2400
	7104 2400
4
	7584 2368
	7744 2368
	7744 2400
	7584 2400
4
	7872 2368
	7904 2368
	7904 2400
	7872 2400
4
	0 2400
	1952 2400
	1952 2432
	0 2432
4
	2048 2400
	3328 2400
	3328 2432
	2048 2432
4
	3744 2400
	4416 2400
	4416 2432
	3744 2432
4
	6272 2400
	6368 2400
	6368 2432
	6272 2432
4
	6816 2400
	6912 2400
	6912 2432
	6816 2432
4
	7136 2400
	7264 2400
	7264 2432
	7136 2432
4
	7616 2400
	7680 2400
	7680 2432
	7616 2432
4
	7872 2400
	7904 2400
	7904 2432
	7872 2432
4
	0 2432
	1952 2432
	1952 2464
	0 2464
4
	2048 2432
	3296 2432
	3296 2464
	2048 2464
4
	3712 2432
	4416 2432
	4416 2464
	3712 2464
4
	6272 2432
	6432 2432
	6432 2464
	6272 2464
4
	6848 2432
	6912 2432
	6912 2464
	6848 2464
4
	7136 2432
	7232 2432
	7232 2464
	7136 2464
4
	7616 2432
	7744 2432
	7744 2464
	7616 2464
4
	7872 2432
	7904 2432
	7904 2464
	7872 2464
4
	0 2464
	1952 2464
	1952 2496
	0 2496
4
	2048 2464
	3296 2464
	3296 2496
	2048 2496
4
	3680 2464
	4448 2464
	4448 2496
	3680 2496
4
	5280 2464
	5376 2464
	5376 2496
	5280 2496
4
	6336 2464
	6432 2464
	6432 2496
	6336 2496
4
	6848 2464
	6880 2464
	6880 2496
	6848 2496
4
	7168 2464
	7232 2464
	7232 2496
	7168 2496
4
	7648 2464
	7744 2464
	7744 2496
	7648 2496
4
	7840 2464
	7904 2464
	7904 2496
	7840 2496
4
	0 2496
	1952 2496
	1952 2528
	0 2528
4
	2048 2496
	3296 2496
	3296 2528
	2048 2528
4
	3712 2496
	4480 2496
	4480 2528
	3712 2528
4
	4864 2496
	5152 2496
	5152 2528
	4864 2528
4
	5280 2496
	5440 2496
	5440 2528
	5280 2528
4
	6336 2496
	6432 2496
	6432 2528
	6336 2528
4
	6848 2496
	6880 2496
	6880 2528
	6848 2528
4
	7840 2496
	7904 2496
	7904 2528
	7840 2528
4
	0 2528
	1952 2528
	1952 2560
	0 2560
4
	2080 2528
	3360 2528
	3360 2560
	2080 2560
4
	3744 2528
	4448 2528
	4448 2560
	3744 2560
4
	4608 2528
	5152 2528
	5152 2560
	4608 2560
4
	5280 2528
	5440 2528
	5440 2560
	5280 2560
4
	5792 2528
	5920 2528
	5920 2560
	5792 2560
4
	6304 2528
	6432 2528
	6432 2560
	6304 2560
4
	6816 2528
	6944 2528
	6944 2560
	6816 2560
4
	7328 2528
	7456 2528
	7456 2560
	7328 2560
4
	7616 2528
	7648 2528
	7648 2560
	7616 2560
4
	7840 2528
	7904 2528
	7904 2560
	7840 2560
4
	0 2560
	1952 2560
	1952 2592
	0 2592
4
	2048 2560
	3360 2560
	3360 2592
	2048 2592
4
	3744 2560
	5408 2560
	5408 2592
	3744 2592
4
	5792 2560
	5920 2560
	5920 2592
	5792 2592
4
	6048 2560
	6112 2560
	6112 2592
	6048 2592
4
	6144 2560
	6208 2560
	6208 2592
	6144 2592
4
	6240 2560
	6432 2560
	6432 2592
	6240 2592
4
	6816 2560
	7904 2560
	7904 2592
	6816 2592
4
	0 2592
	1824 2592
	1824 2624
	0 2624
4
	1888 2592
	1952 2592
	1952 2624
	1888 2624
4
	2048 2592
	2112 2592
	2112 2624
	2048 2624
4
	2208 2592
	2336 2592
	2336 2624
	2208 2624
4
	2432 2592
	2624 2592
	2624 2624
	2432 2624
4
	2720 2592
	2848 2592
	2848 2624
	2720 2624
4
	3232 2592
	3360 2592
	3360 2624
	3232 2624
4
	3744 2592
	5408 2592
	5408 2624
	3744 2624
4
	5792 2592
	5920 2592
	5920 2624
	5792 2624
4
	6048 2592
	6112 2592
	6112 2624
	6048 2624
4
	6144 2592
	6176 2592
	6176 2624
	6144 2624
4
	6240 2592
	6432 2592
	6432 2624
	6240 2624
4
	6816 2592
	7904 2592
	7904 2624
	6816 2624
4
	0 2624
	1824 2624
	1824 2656
	0 2656
4
	2208 2624
	2336 2624
	2336 2656
	2208 2656
4
	2432 2624
	2624 2624
	2624 2656
	2432 2656
4
	2720 2624
	2848 2624
	2848 2656
	2720 2656
4
	3232 2624
	3360 2624
	3360 2656
	3232 2656
4
	3744 2624
	5408 2624
	5408 2656
	3744 2656
4
	5792 2624
	5920 2624
	5920 2656
	5792 2656
4
	6304 2624
	6432 2624
	6432 2656
	6304 2656
4
	6816 2624
	7904 2624
	7904 2656
	6816 2656
4
	0 2656
	1760 2656
	1760 2688
	0 2688
4
	2208 2656
	2304 2656
	2304 2688
	2208 2688
4
	2432 2656
	2624 2656
	2624 2688
	2432 2688
4
	3264 2656
	3296 2656
	3296 2688
	3264 2688
4
	3776 2656
	5344 2656
	5344 2688
	3776 2688
4
	6336 2656
	6368 2656
	6368 2688
	6336 2688
4
	6720 2656
	7904 2656
	7904 2688
	6720 2688
4
	0 2688
	1760 2688
	1760 2720
	0 2720
4
	2432 2688
	2624 2688
	2624 2720
	2432 2720
4
	3264 2688
	3296 2688
	3296 2720
	3264 2720
4
	3776 2688
	5344 2688
	5344 2720
	3776 2720
4
	6336 2688
	6368 2688
	6368 2720
	6336 2720
4
	6720 2688
	7904 2688
	7904 2720
	6720 2720
4
	0 2720
	1760 2720
	1760 2752
	0 2752
4
	2272 2720
	2336 2720
	2336 2752
	2272 2752
4
	3264 2720
	3296 2720
	3296 2752
	3264 2752
4
	3776 2720
	5344 2720
	5344 2752
	3776 2752
4
	6336 2720
	6368 2720
	6368 2752
	6336 2752
4
	6720 2720
	7904 2720
	7904 2752
	6720 2752
4
	0 2752
	1792 2752
	1792 2784
	0 2784
4
	3232 2752
	3328 2752
	3328 2784
	3232 2784
4
	3776 2752
	5344 2752
	5344 2784
	3776 2784
4
	6304 2752
	6400 2752
	6400 2784
	6304 2784
4
	6720 2752
	7904 2752
	7904 2784
	6720 2784
4
	0 2784
	1568 2784
	1568 2816
	0 2816
4
	1728 2784
	1792 2784
	1792 2816
	1728 2816
4
	3232 2784
	3328 2784
	3328 2816
	3232 2816
4
	3776 2784
	5344 2784
	5344 2816
	3776 2816
4
	5568 2784
	5664 2784
	5664 2816
	5568 2816
4
	5695 2815
	5697 2815
	5697 2817
	5695 2817
4
	5696 2784
	5728 2784
	5728 2816
	5696 2816
4
	6304 2784
	6400 2784
	6400 2816
	6304 2816
4
	6720 2784
	7904 2784
	7904 2816
	6720 2816
4
	0 2816
	1568 2816
	1568 2848
	0 2848
4
	3776 2816
	5344 2816
	5344 2848
	3776 2848
4
	5568 2816
	5696 2816
	5696 2848
	5568 2848
4
	6720 2816
	7904 2816
	7904 2848
	6720 2848
4
	0 2848
	1568 2848
	1568 2880
	0 2880
4
	3776 2848
	5344 2848
	5344 2880
	3776 2880
4
	5536 2848
	5664 2848
	5664 2880
	5536 2880
4
	6720 2848
	7904 2848
	7904 2880
	6720 2880
4
	0 2880
	1664 2880
	1664 2912
	0 2912
4
	1728 2880
	1792 2880
	1792 2912
	1728 2912
4
	3232 2880
	3328 2880
	3328 2912
	3232 2912
4
	3776 2880
	5344 2880
	5344 2912
	3776 2912
4
	5728 2880
	5760 2880
	5760 2912
	5728 2912
4
	6304 2880
	6400 2880
	6400 2912
	6304 2912
4
	6720 2880
	7904 2880
	7904 2912
	6720 2912
4
	0 2912
	1792 2912
	1792 2944
	0 2944
4
	3232 2912
	3328 2912
	3328 2944
	3232 2944
4
	3776 2912
	5344 2912
	5344 2944
	3776 2944
4
	5600 2912
	5632 2912
	5632 2944
	5600 2944
4
	6304 2912
	6400 2912
	6400 2944
	6304 2944
4
	6720 2912
	7904 2912
	7904 2944
	6720 2944
4
	0 2944
	1760 2944
	1760 2976
	0 2976
4
	3264 2944
	3296 2944
	3296 2976
	3264 2976
4
	3776 2944
	5344 2944
	5344 2976
	3776 2976
4
	6336 2944
	6368 2944
	6368 2976
	6336 2976
4
	6720 2944
	7904 2944
	7904 2976
	6720 2976
4
	0 2976
	1760 2976
	1760 3008
	0 3008
4
	2208 2976
	2304 2976
	2304 3008
	2208 3008
4
	3264 2976
	3296 2976
	3296 3008
	3264 3008
4
	3776 2976
	5344 2976
	5344 3008
	3776 3008
4
	5888 2976
	6176 2976
	6176 3008
	5888 3008
4
	6336 2976
	6368 2976
	6368 3008
	6336 3008
4
	6720 2976
	7904 2976
	7904 3008
	6720 3008
4
	0 3008
	1760 3008
	1760 3040
	0 3040
4
	2208 3008
	2304 3008
	2304 3040
	2208 3040
4
	3264 3008
	3296 3008
	3296 3040
	3264 3040
4
	3776 3008
	5344 3008
	5344 3040
	3776 3040
4
	5888 3008
	6176 3008
	6176 3040
	5888 3040
4
	6336 3008
	6368 3008
	6368 3040
	6336 3040
4
	6848 3008
	7904 3008
	7904 3040
	6848 3040
4
	0 3040
	1824 3040
	1824 3072
	0 3072
4
	2208 3040
	2368 3040
	2368 3072
	2208 3072
4
	2656 3040
	2880 3040
	2880 3072
	2656 3072
4
	3168 3040
	3360 3040
	3360 3072
	3168 3072
4
	3744 3040
	5664 3040
	5664 3072
	3744 3072
4
	5792 3040
	6176 3040
	6176 3072
	5792 3072
4
	6304 3040
	6432 3040
	6432 3072
	6304 3072
4
	6816 3040
	7904 3040
	7904 3072
	6816 3072
4
	0 3072
	1824 3072
	1824 3104
	0 3104
4
	2208 3072
	2368 3072
	2368 3104
	2208 3104
4
	2656 3072
	2880 3072
	2880 3104
	2656 3104
4
	3168 3072
	3360 3072
	3360 3104
	3168 3104
4
	3744 3072
	6432 3072
	6432 3104
	3744 3104
4
	6816 3072
	7904 3072
	7904 3104
	6816 3104
4
	0 3104
	352 3104
	352 3136
	0 3136
4
	608 3104
	800 3104
	800 3136
	608 3136
4
	992 3104
	1024 3104
	1024 3136
	992 3136
4
	1184 3104
	1344 3104
	1344 3136
	1184 3136
4
	1472 3104
	1504 3104
	1504 3136
	1472 3136
4
	1632 3104
	1824 3104
	1824 3136
	1632 3136
4
	2208 3104
	2368 3104
	2368 3136
	2208 3136
4
	2656 3104
	2880 3104
	2880 3136
	2656 3136
4
	3168 3104
	3360 3104
	3360 3136
	3168 3136
4
	3744 3104
	3872 3104
	3872 3136
	3744 3136
4
	4000 3104
	4064 3104
	4064 3136
	4000 3136
4
	4256 3104
	5088 3104
	5088 3136
	4256 3136
4
	5280 3104
	5408 3104
	5408 3136
	5280 3136
4
	5792 3104
	5920 3104
	5920 3136
	5792 3136
4
	6304 3104
	6432 3104
	6432 3136
	6304 3136
4
	6816 3104
	7904 3104
	7904 3136
	6816 3136
4
	0 3136
	288 3136
	288 3168
	0 3168
4
	672 3136
	800 3136
	800 3168
	672 3168
4
	1184 3136
	1344 3136
	1344 3168
	1184 3168
4
	1696 3136
	1824 3136
	1824 3168
	1696 3168
4
	2208 3136
	2336 3136
	2336 3168
	2208 3168
4
	2720 3136
	2848 3136
	2848 3168
	2720 3168
4
	3168 3136
	3360 3136
	3360 3168
	3168 3168
4
	3744 3136
	3872 3136
	3872 3168
	3744 3168
4
	4000 3136
	4064 3136
	4064 3168
	4000 3168
4
	4256 3136
	5088 3136
	5088 3168
	4256 3168
4
	5280 3136
	5408 3136
	5408 3168
	5280 3168
4
	5919 3167
	5921 3167
	5921 3169
	5919 3169
4
	5792 3136
	5920 3136
	5920 3168
	5792 3168
4
	6304 3136
	6432 3136
	6432 3168
	6304 3168
4
	6816 3136
	7904 3136
	7904 3168
	6816 3168
4
	0 3168
	224 3168
	224 3200
	0 3200
4
	1216 3168
	1248 3168
	1248 3200
	1216 3200
4
	2208 3168
	2304 3168
	2304 3200
	2208 3200
4
	3168 3168
	3296 3168
	3296 3200
	3168 3200
4
	4000 3168
	4064 3168
	4064 3200
	4000 3200
4
	4384 3168
	5088 3168
	5088 3200
	4384 3200
4
	5919 3199
	5921 3199
	5921 3201
	5919 3201
4
	5920 3168
	5952 3168
	5952 3200
	5920 3200
4
	6816 3168
	7904 3168
	7904 3200
	6816 3200
4
	0 3200
	224 3200
	224 3232
	0 3232
4
	1216 3200
	1248 3200
	1248 3232
	1216 3232
4
	3264 3200
	3296 3200
	3296 3232
	3264 3232
4
	4384 3200
	5088 3200
	5088 3232
	4384 3232
4
	5888 3200
	5920 3200
	5920 3232
	5888 3232
4
	6784 3200
	7904 3200
	7904 3232
	6784 3232
4
	0 3232
	224 3232
	224 3264
	0 3264
4
	1216 3232
	1248 3232
	1248 3264
	1216 3264
4
	3232 3232
	3296 3232
	3296 3264
	3232 3264
4
	4384 3232
	5088 3232
	5088 3264
	4384 3264
4
	6784 3232
	7904 3232
	7904 3264
	6784 3264
4
	0 3264
	256 3264
	256 3296
	0 3296
4
	1184 3264
	1280 3264
	1280 3296
	1184 3296
4
	3232 3264
	3296 3264
	3296 3296
	3232 3296
4
	6784 3264
	7904 3264
	7904 3296
	6784 3296
4
	0 3296
	32 3296
	32 3328
	0 3328
4
	192 3296
	256 3296
	256 3328
	192 3328
4
	1184 3296
	1280 3296
	1280 3328
	1184 3328
4
	3232 3296
	3296 3296
	3296 3328
	3232 3328
4
	6784 3296
	7904 3296
	7904 3328
	6784 3328
4
	0 3328
	32 3328
	32 3360
	0 3360
4
	3232 3328
	3296 3328
	3296 3360
	3232 3360
4
	6784 3328
	7904 3328
	7904 3360
	6784 3360
4
	0 3360
	32 3360
	32 3392
	0 3392
4
	3232 3360
	3296 3360
	3296 3392
	3232 3392
4
	6752 3360
	7904 3360
	7904 3392
	6752 3392
4
	0 3392
	128 3392
	128 3424
	0 3424
4
	192 3392
	256 3392
	256 3424
	192 3424
4
	1184 3392
	1280 3392
	1280 3424
	1184 3424
4
	3232 3392
	3296 3392
	3296 3424
	3232 3424
4
	6752 3392
	7904 3392
	7904 3424
	6752 3424
4
	0 3424
	256 3424
	256 3456
	0 3456
4
	1184 3424
	1280 3424
	1280 3456
	1184 3456
4
	3232 3424
	3296 3424
	3296 3456
	3232 3456
4
	3424 3424
	3488 3424
	3488 3456
	3424 3456
4
	6752 3424
	7904 3424
	7904 3456
	6752 3456
4
	0 3456
	384 3456
	384 3488
	0 3488
4
	1216 3456
	1248 3456
	1248 3488
	1216 3488
4
	3264 3456
	3552 3456
	3552 3488
	3264 3488
4
	4384 3456
	4704 3456
	4704 3488
	4384 3488
4
	6720 3456
	7904 3456
	7904 3488
	6720 3488
4
	0 3488
	384 3488
	384 3520
	0 3520
4
	1056 3488
	1408 3488
	1408 3520
	1056 3520
4
	2208 3488
	2304 3488
	2304 3520
	2208 3520
4
	3168 3488
	3616 3488
	3616 3520
	3168 3520
4
	3872 3488
	3968 3488
	3968 3520
	3872 3520
4
	4384 3488
	4704 3488
	4704 3520
	4384 3520
4
	6592 3488
	6656 3488
	6656 3520
	6592 3520
4
	6688 3488
	7904 3488
	7904 3520
	6688 3520
4
	0 3520
	384 3520
	384 3552
	0 3552
4
	1056 3520
	1408 3520
	1408 3552
	1056 3552
4
	2208 3520
	2304 3520
	2304 3552
	2208 3552
4
	2816 3520
	2880 3520
	2880 3552
	2816 3552
4
	2944 3520
	3104 3520
	3104 3552
	2944 3552
4
	3168 3520
	3680 3520
	3680 3552
	3168 3552
4
	3872 3520
	3968 3520
	3968 3552
	3872 3552
4
	4384 3520
	4800 3520
	4800 3552
	4384 3552
4
	5696 3520
	5792 3520
	5792 3552
	5696 3552
4
	6496 3520
	7904 3520
	7904 3552
	6496 3552
4
	0 3552
	384 3552
	384 3584
	0 3584
4
	672 3552
	800 3552
	800 3584
	672 3584
4
	992 3552
	1024 3552
	1024 3584
	992 3584
4
	1056 3552
	1408 3552
	1408 3584
	1056 3584
4
	1472 3552
	1504 3552
	1504 3584
	1472 3584
4
	1632 3552
	1824 3552
	1824 3584
	1632 3584
4
	2208 3552
	2336 3552
	2336 3584
	2208 3584
4
	2720 3552
	2880 3552
	2880 3584
	2720 3584
4
	2912 3552
	3104 3552
	3104 3584
	2912 3584
4
	3168 3552
	4000 3552
	4000 3584
	3168 3584
4
	4096 3552
	4128 3552
	4128 3584
	4096 3584
4
	4256 3552
	4928 3552
	4928 3584
	4256 3584
4
	5280 3552
	5408 3552
	5408 3584
	5280 3584
4
	5504 3552
	5536 3552
	5536 3584
	5504 3584
4
	5632 3552
	5664 3552
	5664 3584
	5632 3584
4
	5696 3552
	5920 3552
	5920 3584
	5696 3584
4
	5984 3552
	6080 3552
	6080 3584
	5984 3584
4
	6304 3552
	7904 3552
	7904 3584
	6304 3584
4
	0 3584
	384 3584
	384 3616
	0 3616
4
	672 3584
	1824 3584
	1824 3616
	672 3616
4
	2208 3584
	4000 3584
	4000 3616
	2208 3616
4
	4096 3584
	5536 3584
	5536 3616
	4096 3616
4
	5632 3584
	7904 3584
	7904 3616
	5632 3616
4
	0 3616
	384 3616
	384 3648
	0 3648
4
	672 3616
	1824 3616
	1824 3648
	672 3648
4
	2208 3616
	4000 3616
	4000 3648
	2208 3648
4
	4096 3616
	5536 3616
	5536 3648
	4096 3648
4
	5632 3616
	5664 3616
	5664 3648
	5632 3648
4
	5792 3616
	5920 3616
	5920 3648
	5792 3648
4
	6304 3616
	7904 3616
	7904 3648
	6304 3648
4
	0 3648
	384 3648
	384 3680
	0 3680
4
	672 3648
	1824 3648
	1824 3680
	672 3680
4
	2208 3648
	4000 3648
	4000 3680
	2208 3680
4
	4096 3648
	5536 3648
	5536 3680
	4096 3680
4
	5792 3648
	5920 3648
	5920 3680
	5792 3680
4
	6304 3648
	7904 3648
	7904 3680
	6304 3680
4
	0 3680
	384 3680
	384 3712
	0 3712
4
	704 3680
	1760 3680
	1760 3712
	704 3712
4
	2240 3680
	3872 3680
	3872 3712
	2240 3712
4
	4224 3680
	5504 3680
	5504 3712
	4224 3712
4
	6336 3680
	7904 3680
	7904 3712
	6336 3712
4
	0 3712
	384 3712
	384 3744
	0 3744
4
	704 3712
	1792 3712
	1792 3744
	704 3744
4
	2240 3712
	3840 3712
	3840 3744
	2240 3744
4
	4256 3712
	5504 3712
	5504 3744
	4256 3744
4
	6144 3712
	6208 3712
	6208 3744
	6144 3744
4
	6336 3712
	7904 3712
	7904 3744
	6336 3744
4
	0 3744
	384 3744
	384 3776
	0 3776
4
	704 3744
	1792 3744
	1792 3776
	704 3776
4
	2240 3744
	3872 3744
	3872 3776
	2240 3776
4
	4256 3744
	5472 3744
	5472 3776
	4256 3776
4
	6240 3744
	6272 3744
	6272 3776
	6240 3776
4
	6336 3744
	7904 3744
	7904 3776
	6336 3776
4
	0 3776
	256 3776
	256 3808
	0 3808
4
	704 3776
	1792 3776
	1792 3808
	704 3808
4
	2208 3776
	3872 3776
	3872 3808
	2208 3808
4
	4256 3776
	5472 3776
	5472 3808
	4256 3808
4
	6208 3776
	7904 3776
	7904 3808
	6208 3808
4
	0 3808
	32 3808
	32 3840
	0 3840
4
	192 3808
	256 3808
	256 3840
	192 3840
4
	704 3808
	1792 3808
	1792 3840
	704 3840
4
	2208 3808
	2272 3808
	2272 3840
	2208 3840
4
	2400 3808
	3872 3808
	3872 3840
	2400 3840
4
	4256 3808
	5472 3808
	5472 3840
	4256 3840
4
	6080 3808
	7904 3808
	7904 3840
	6080 3840
4
	0 3840
	32 3840
	32 3872
	0 3872
4
	704 3840
	1792 3840
	1792 3872
	704 3872
4
	2432 3840
	3872 3840
	3872 3872
	2432 3872
4
	4192 3840
	5472 3840
	5472 3872
	4192 3872
4
	6048 3840
	7904 3840
	7904 3872
	6048 3872
4
	0 3872
	32 3872
	32 3904
	0 3904
4
	704 3872
	1792 3872
	1792 3904
	704 3904
4
	2432 3872
	3872 3872
	3872 3904
	2432 3904
4
	4192 3872
	5344 3872
	5344 3904
	4192 3904
4
	6048 3872
	7904 3872
	7904 3904
	6048 3904
4
	0 3904
	128 3904
	128 3936
	0 3936
4
	192 3904
	256 3904
	256 3936
	192 3936
4
	704 3904
	1792 3904
	1792 3936
	704 3936
4
	2208 3904
	2272 3904
	2272 3936
	2208 3936
4
	2336 3904
	3872 3904
	3872 3936
	2336 3936
4
	4224 3904
	5344 3904
	5344 3936
	4224 3936
4
	6016 3904
	7904 3904
	7904 3936
	6016 3936
4
	0 3936
	256 3936
	256 3968
	0 3968
4
	704 3936
	1792 3936
	1792 3968
	704 3968
4
	2208 3936
	3872 3936
	3872 3968
	2208 3968
4
	4224 3936
	5344 3936
	5344 3968
	4224 3968
4
	6016 3936
	7904 3936
	7904 3968
	6016 3968
4
	0 3968
	224 3968
	224 4000
	0 4000
4
	704 3968
	1792 3968
	1792 4000
	704 4000
4
	2240 3968
	3872 3968
	3872 4000
	2240 4000
4
	4224 3968
	5344 3968
	5344 4000
	4224 4000
4
	6080 3968
	7904 3968
	7904 4000
	6080 4000
4
	0 4000
	224 4000
	224 4032
	0 4032
4
	608 4000
	1792 4000
	1792 4032
	608 4032
4
	2240 4000
	3936 4000
	3936 4032
	2240 4032
4
	4096 4000
	5440 4000
	5440 4032
	4096 4032
4
	6112 4000
	7904 4000
	7904 4032
	6112 4032
4
	0 4032
	224 4032
	224 4064
	0 4064
4
	608 4032
	1760 4032
	1760 4064
	608 4064
4
	2240 4032
	4000 4032
	4000 4064
	2240 4064
4
	4096 4032
	5440 4032
	5440 4064
	4096 4064
4
	6080 4032
	7904 4032
	7904 4064
	6080 4064
4
	0 4064
	320 4064
	320 4096
	0 4096
4
	448 4064
	480 4064
	480 4096
	448 4096
4
	608 4064
	1824 4064
	1824 4096
	608 4096
4
	1920 4064
	1952 4064
	1952 4096
	1920 4096
4
	2048 4064
	2080 4064
	2080 4096
	2048 4096
4
	2208 4064
	4064 4064
	4064 4096
	2208 4096
4
	4096 4064
	5440 4064
	5440 4096
	4096 4096
4
	5792 4064
	5920 4064
	5920 4096
	5792 4096
4
	6048 4064
	7904 4064
	7904 4096
	6048 4096
4
	0 4096
	1952 4096
	1952 4128
	0 4128
4
	2048 4096
	5472 4096
	5472 4128
	2048 4128
4
	5792 4096
	5920 4096
	5920 4128
	5792 4128
4
	6048 4096
	7904 4096
	7904 4128
	6048 4128
4
	0 4128
	1920 4128
	1920 4160
	0 4160
4
	2080 4128
	5504 4128
	5504 4160
	2080 4160
4
	5792 4128
	5920 4128
	5920 4160
	5792 4160
4
	6016 4128
	7904 4128
	7904 4160
	6016 4160
4
	0 4160
	1952 4160
	1952 4192
	0 4192
4
	2080 4160
	5472 4160
	5472 4192
	2080 4192
4
	5792 4160
	5920 4160
	5920 4192
	5792 4192
4
	6016 4160
	7904 4160
	7904 4192
	6016 4192
4
	0 4192
	1952 4192
	1952 4224
	0 4224
4
	2048 4192
	5408 4192
	5408 4224
	2048 4224
4
	6080 4192
	7904 4192
	7904 4224
	6080 4224
4
	0 4224
	1952 4224
	1952 4256
	0 4256
4
	2048 4224
	5408 4224
	5408 4256
	2048 4256
4
	6112 4224
	6176 4224
	6176 4256
	6112 4256
4
	6208 4224
	7904 4224
	7904 4256
	6208 4256
4
	0 4256
	1952 4256
	1952 4288
	0 4288
4
	2048 4256
	5344 4256
	5344 4288
	2048 4288
4
	6304 4256
	7904 4256
	7904 4288
	6304 4288
4
	0 4288
	5344 4288
	5344 4320
	0 4320
4
	6304 4288
	7904 4288
	7904 4320
	6304 4320
4
	0 4320
	5344 4320
	5344 4352
	0 4352
4
	6304 4320
	7904 4320
	7904 4352
	6304 4352
4
	0 4352
	5344 4352
	5344 4384
	0 4384
4
	6144 4352
	6240 4352
	6240 4384
	6144 4384
4
	6304 4352
	7904 4352
	7904 4384
	6304 4384
4
	0 4384
	5344 4384
	5344 4416
	0 4416
4
	6176 4384
	6240 4384
	6240 4416
	6176 4416
4
	6304 4384
	7904 4384
	7904 4416
	6304 4416
4
	0 4416
	5344 4416
	5344 4448
	0 4448
4
	6080 4416
	6208 4416
	6208 4448
	6080 4448
4
	6304 4416
	7904 4416
	7904 4448
	6304 4448
4
	0 4448
	5376 4448
	5376 4480
	0 4480
4
	6080 4448
	6240 4448
	6240 4480
	6080 4480
4
	6304 4448
	6560 4448
	6560 4480
	6304 4480
4
	6656 4448
	7904 4448
	7904 4480
	6656 4480
4
	0 4480
	5376 4480
	5376 4512
	0 4512
4
	6080 4480
	6240 4480
	6240 4512
	6080 4512
4
	6336 4480
	6560 4480
	6560 4512
	6336 4512
4
	6656 4480
	7904 4480
	7904 4512
	6656 4512
4
	0 4512
	5408 4512
	5408 4544
	0 4544
4
	6080 4512
	6144 4512
	6144 4544
	6080 4544
4
	6336 4512
	6560 4512
	6560 4544
	6336 4544
4
	6656 4512
	7904 4512
	7904 4544
	6656 4544
4
	0 4544
	5408 4544
	5408 4576
	0 4576
4
	5920 4544
	6048 4544
	6048 4576
	5920 4576
4
	6080 4544
	6144 4544
	6144 4576
	6080 4576
4
	6336 4544
	6560 4544
	6560 4576
	6336 4576
4
	6656 4544
	7904 4544
	7904 4576
	6656 4576
4
	0 4576
	5408 4576
	5408 4608
	0 4608
4
	5504 4576
	5536 4576
	5536 4608
	5504 4608
4
	5632 4576
	5664 4576
	5664 4608
	5632 4608
4
	5792 4576
	6048 4576
	6048 4608
	5792 4608
4
	6080 4576
	6144 4576
	6144 4608
	6080 4608
4
	6240 4576
	6560 4576
	6560 4608
	6240 4608
4
	6688 4576
	7904 4576
	7904 4608
	6688 4608
4
	0 4608
	5536 4608
	5536 4640
	0 4640
4
	5632 4608
	6560 4608
	6560 4640
	5632 4640
4
	6656 4608
	7904 4608
	7904 4640
	6656 4640
4
	0 4640
	5536 4640
	5536 4672
	0 4672
4
	5632 4640
	5952 4640
	5952 4672
	5632 4672
4
	6176 4640
	6560 4640
	6560 4672
	6176 4672
4
	6656 4640
	7904 4640
	7904 4672
	6656 4672
4
	0 4672
	5408 4672
	5408 4704
	0 4704
4
	5664 4672
	5696 4672
	5696 4704
	5664 4704
4
	5792 4672
	5952 4672
	5952 4704
	5792 4704
4
	6304 4672
	6432 4672
	6432 4704
	6304 4704
4
	6816 4672
	7904 4672
	7904 4704
	6816 4704
4
	0 4704
	5376 4704
	5376 4736
	0 4736
4
	6752 4704
	7904 4704
	7904 4736
	6752 4736
4
	0 4736
	5408 4736
	5408 4768
	0 4768
4
	6752 4736
	7904 4736
	7904 4768
	6752 4768
4
	0 4768
	5408 4768
	5408 4800
	0 4800
4
	6752 4768
	7904 4768
	7904 4800
	6752 4800
4
	0 4800
	5408 4800
	5408 4832
	0 4832
4
	6752 4800
	7904 4800
	7904 4832
	6752 4832
4
	0 4832
	5440 4832
	5440 4864
	0 4864
4
	6752 4832
	7904 4832
	7904 4864
	6752 4864
4
	0 4864
	5440 4864
	5440 4896
	0 4896
4
	6752 4864
	7904 4864
	7904 4896
	6752 4896
4
	0 4896
	5440 4896
	5440 4928
	0 4928
4
	6752 4896
	7904 4896
	7904 4928
	6752 4928
4
	0 4928
	5440 4928
	5440 4960
	0 4960
4
	6752 4928
	7904 4928
	7904 4960
	6752 4960
4
	0 4960
	5408 4960
	5408 4992
	0 4992
4
	6752 4960
	7904 4960
	7904 4992
	6752 4992
4
	0 4992
	5376 4992
	5376 5024
	0 5024
4
	6752 4992
	7904 4992
	7904 5024
	6752 5024
4
	0 5024
	5344 5024
	5344 5056
	0 5056
4
	6240 5024
	6400 5024
	6400 5056
	6240 5056
4
	6752 5024
	7904 5024
	7904 5056
	6752 5056
4
	0 5056
	5376 5056
	5376 5088
	0 5088
4
	5568 5056
	5696 5056
	5696 5088
	5568 5088
4
	5824 5056
	5856 5056
	5856 5088
	5824 5088
4
	6240 5056
	6400 5056
	6400 5088
	6240 5088
4
	6752 5056
	7904 5056
	7904 5088
	6752 5088
4
	0 5088
	5408 5088
	5408 5120
	0 5120
4
	5536 5088
	5920 5088
	5920 5120
	5536 5120
4
	6016 5088
	6048 5088
	6048 5120
	6016 5120
4
	6144 5088
	6176 5088
	6176 5120
	6144 5120
4
	6240 5088
	6432 5088
	6432 5120
	6240 5120
4
	6528 5088
	6560 5088
	6560 5120
	6528 5120
4
	6656 5088
	6688 5088
	6688 5120
	6656 5120
4
	6752 5088
	7904 5088
	7904 5120
	6752 5120
4
	0 5120
	5440 5120
	5440 5152
	0 5152
4
	5504 5120
	6048 5120
	6048 5152
	5504 5152
4
	6144 5120
	6560 5120
	6560 5152
	6144 5152
4
	6656 5120
	7904 5120
	7904 5152
	6656 5152
4
	0 5152
	6016 5152
	6016 5184
	0 5184
4
	6176 5152
	6528 5152
	6528 5184
	6176 5184
4
	6688 5152
	7904 5152
	7904 5184
	6688 5184
4
	0 5184
	6048 5184
	6048 5216
	0 5216
4
	6176 5184
	6560 5184
	6560 5216
	6176 5216
4
	6688 5184
	7904 5184
	7904 5216
	6688 5216
4
	0 5216
	6048 5216
	6048 5248
	0 5248
4
	6144 5216
	6560 5216
	6560 5248
	6144 5248
4
	6656 5216
	7904 5216
	7904 5248
	6656 5248
4
	0 5248
	6048 5248
	6048 5280
	0 5280
4
	6144 5248
	6560 5248
	6560 5280
	6144 5280
4
	6656 5248
	7904 5248
	7904 5280
	6656 5280
4
	0 5280
	6048 5280
	6048 5312
	0 5312
4
	6144 5280
	6560 5280
	6560 5312
	6144 5312
4
	6656 5280
	7904 5280
	7904 5312
	6656 5312
4
	0 5312
	7904 5312
	7904 5344
	0 5344
4
	-32 -32
	7936 -32
	7936 0
	-32 0
4
	-32 5344
	7936 5344
	7936 5376
	-32 5376
4
	-32 0
	0 0
	0 5344
	-32 5344
4
	7904 0
	7936 0
	7936 5344
	7904 5344
