436
4
	0 0
	2848 0
	2848 32
	0 32
4
	0 32
	2848 32
	2848 64
	0 64
4
	0 64
	704 64
	704 96
	0 96
4
	736 64
	832 64
	832 96
	736 96
4
	992 64
	1088 64
	1088 96
	992 96
4
	1152 64
	2848 64
	2848 96
	1152 96
4
	0 96
	704 96
	704 128
	0 128
4
	736 96
	832 96
	832 128
	736 128
4
	992 96
	1088 96
	1088 128
	992 128
4
	1152 96
	1920 96
	1920 128
	1152 128
4
	1952 96
	2048 96
	2048 128
	1952 128
4
	2080 96
	2848 96
	2848 128
	2080 128
4
	0 128
	704 128
	704 160
	0 160
4
	736 128
	832 128
	832 160
	736 160
4
	992 128
	1088 128
	1088 160
	992 160
4
	1152 128
	1920 128
	1920 160
	1152 160
4
	1952 128
	2048 128
	2048 160
	1952 160
4
	2080 128
	2848 128
	2848 160
	2080 160
4
	0 160
	704 160
	704 192
	0 192
4
	736 160
	832 160
	832 192
	736 192
4
	992 160
	1088 160
	1088 192
	992 192
4
	1184 160
	1920 160
	1920 192
	1184 192
4
	1952 160
	2048 160
	2048 192
	1952 192
4
	2080 160
	2848 160
	2848 192
	2080 192
4
	0 192
	704 192
	704 224
	0 224
4
	736 192
	832 192
	832 224
	736 224
4
	992 192
	1088 192
	1088 224
	992 224
4
	1248 192
	1920 192
	1920 224
	1248 224
4
	1952 192
	2048 192
	2048 224
	1952 224
4
	2080 192
	2848 192
	2848 224
	2080 224
4
	0 224
	704 224
	704 256
	0 256
4
	736 224
	832 224
	832 256
	736 256
4
	992 224
	1088 224
	1088 256
	992 256
4
	1504 224
	1600 224
	1600 256
	1504 256
4
	1824 224
	1920 224
	1920 256
	1824 256
4
	2080 224
	2848 224
	2848 256
	2080 256
4
	0 256
	704 256
	704 288
	0 288
4
	736 256
	832 256
	832 288
	736 288
4
	992 256
	1088 256
	1088 288
	992 288
4
	2080 256
	2848 256
	2848 288
	2080 288
4
	0 288
	704 288
	704 320
	0 320
4
	2112 288
	2848 288
	2848 320
	2112 320
4
	0 320
	704 320
	704 352
	0 352
4
	2112 320
	2848 320
	2848 352
	2112 352
4
	0 352
	704 352
	704 384
	0 384
4
	2112 352
	2848 352
	2848 384
	2112 384
4
	0 384
	704 384
	704 416
	0 416
4
	2112 384
	2848 384
	2848 416
	2112 416
4
	0 416
	704 416
	704 448
	0 448
4
	2112 416
	2848 416
	2848 448
	2112 448
4
	0 448
	768 448
	768 480
	0 480
4
	896 448
	1056 448
	1056 480
	896 480
4
	1248 448
	1344 448
	1344 480
	1248 480
4
	2112 448
	2848 448
	2848 480
	2112 480
4
	0 480
	864 480
	864 512
	0 512
4
	896 480
	1056 480
	1056 512
	896 512
4
	1088 480
	1184 480
	1184 512
	1088 512
4
	1248 480
	1344 480
	1344 512
	1248 512
4
	2112 480
	2848 480
	2848 512
	2112 512
4
	0 512
	864 512
	864 544
	0 544
4
	896 512
	1184 512
	1184 544
	896 544
4
	1248 512
	1344 512
	1344 544
	1248 544
4
	2144 512
	2848 512
	2848 544
	2144 544
4
	0 544
	864 544
	864 576
	0 576
4
	896 544
	1184 544
	1184 576
	896 576
4
	1248 544
	1344 544
	1344 576
	1248 576
4
	2144 544
	2848 544
	2848 576
	2144 576
4
	0 576
	864 576
	864 608
	0 608
4
	896 576
	1184 576
	1184 608
	896 608
4
	1248 576
	1344 576
	1344 608
	1248 608
4
	1760 576
	1856 576
	1856 608
	1760 608
4
	2144 576
	2848 576
	2848 608
	2144 608
4
	0 608
	864 608
	864 640
	0 640
4
	896 608
	1184 608
	1184 640
	896 640
4
	1248 608
	1344 608
	1344 640
	1248 640
4
	1664 608
	2112 608
	2112 640
	1664 640
4
	2144 608
	2848 608
	2848 640
	2144 640
4
	0 640
	1536 640
	1536 672
	0 672
4
	1600 640
	2848 640
	2848 672
	1600 672
4
	0 672
	1536 672
	1536 704
	0 704
4
	1600 672
	2848 672
	2848 704
	1600 704
4
	0 704
	1440 704
	1440 736
	0 736
4
	1664 704
	1696 704
	1696 736
	1664 736
4
	1760 704
	2848 704
	2848 736
	1760 736
4
	0 736
	1344 736
	1344 768
	0 768
4
	1760 736
	2848 736
	2848 768
	1760 768
4
	0 768
	1344 768
	1344 800
	0 800
4
	1760 768
	2848 768
	2848 800
	1760 800
4
	0 800
	1344 800
	1344 832
	0 832
4
	1760 800
	2848 800
	2848 832
	1760 832
4
	0 832
	1344 832
	1344 864
	0 864
4
	1760 832
	2848 832
	2848 864
	1760 864
4
	0 864
	1344 864
	1344 896
	0 896
4
	1760 864
	2848 864
	2848 896
	1760 896
4
	0 896
	1344 896
	1344 928
	0 928
4
	1760 896
	2848 896
	2848 928
	1760 928
4
	0 928
	1344 928
	1344 960
	0 960
4
	1760 928
	2848 928
	2848 960
	1760 960
4
	0 960
	1344 960
	1344 992
	0 992
4
	1824 960
	2848 960
	2848 992
	1824 992
4
	0 992
	1280 992
	1280 1024
	0 1024
4
	1792 992
	2048 992
	2048 1024
	1792 1024
4
	2080 992
	2144 992
	2144 1024
	2080 1024
4
	2176 992
	2848 992
	2848 1024
	2176 1024
4
	0 1024
	864 1024
	864 1056
	0 1056
4
	928 1024
	1280 1024
	1280 1056
	928 1056
4
	1792 1024
	2048 1024
	2048 1056
	1792 1056
4
	2080 1024
	2144 1024
	2144 1056
	2080 1056
4
	2176 1024
	2336 1024
	2336 1056
	2176 1056
4
	2464 1024
	2848 1024
	2848 1056
	2464 1056
4
	0 1056
	864 1056
	864 1088
	0 1088
4
	1120 1056
	1280 1056
	1280 1088
	1120 1088
4
	1792 1056
	2048 1056
	2048 1088
	1792 1088
4
	2080 1056
	2144 1056
	2144 1088
	2080 1088
4
	2176 1056
	2336 1056
	2336 1088
	2176 1088
4
	2464 1056
	2624 1056
	2624 1088
	2464 1088
4
	2720 1056
	2848 1056
	2848 1088
	2720 1088
4
	0 1088
	864 1088
	864 1120
	0 1120
4
	1184 1088
	1280 1088
	1280 1120
	1184 1120
4
	1792 1088
	2048 1088
	2048 1120
	1792 1120
4
	2080 1088
	2144 1088
	2144 1120
	2080 1120
4
	2176 1088
	2336 1088
	2336 1120
	2176 1120
4
	2464 1088
	2624 1088
	2624 1120
	2464 1120
4
	2720 1088
	2848 1088
	2848 1120
	2720 1120
4
	0 1120
	864 1120
	864 1152
	0 1152
4
	1184 1120
	1280 1120
	1280 1152
	1184 1152
4
	1888 1120
	2048 1120
	2048 1152
	1888 1152
4
	2176 1120
	2336 1120
	2336 1152
	2176 1152
4
	2464 1120
	2624 1120
	2624 1152
	2464 1152
4
	2720 1120
	2848 1120
	2848 1152
	2720 1152
4
	0 1152
	864 1152
	864 1184
	0 1184
4
	1184 1152
	1280 1152
	1280 1184
	1184 1184
4
	2720 1152
	2848 1152
	2848 1184
	2720 1184
4
	0 1184
	864 1184
	864 1216
	0 1216
4
	1184 1184
	1280 1184
	1280 1216
	1184 1216
4
	2080 1184
	2112 1184
	2112 1216
	2080 1216
4
	2720 1184
	2848 1184
	2848 1216
	2720 1216
4
	0 1216
	832 1216
	832 1248
	0 1248
4
	1184 1216
	1280 1216
	1280 1248
	1184 1248
4
	2048 1216
	2112 1216
	2112 1248
	2048 1248
4
	2240 1216
	2304 1216
	2304 1248
	2240 1248
4
	2560 1216
	2624 1216
	2624 1248
	2560 1248
4
	2784 1216
	2848 1216
	2848 1248
	2784 1248
4
	0 1248
	832 1248
	832 1280
	0 1280
4
	1184 1248
	1280 1248
	1280 1280
	1184 1280
4
	2016 1248
	2112 1248
	2112 1280
	2016 1280
4
	2240 1248
	2368 1248
	2368 1280
	2240 1280
4
	2528 1248
	2624 1248
	2624 1280
	2528 1280
4
	2784 1248
	2848 1248
	2848 1280
	2784 1280
4
	0 1280
	832 1280
	832 1312
	0 1312
4
	1184 1280
	1280 1280
	1280 1312
	1184 1312
4
	2016 1280
	2112 1280
	2112 1312
	2016 1312
4
	2272 1280
	2400 1280
	2400 1312
	2272 1312
4
	2528 1280
	2656 1280
	2656 1312
	2528 1312
4
	2784 1280
	2848 1280
	2848 1312
	2784 1312
4
	0 1312
	832 1312
	832 1344
	0 1344
4
	1184 1312
	1280 1312
	1280 1344
	1184 1344
4
	2048 1312
	2080 1312
	2080 1344
	2048 1344
4
	2304 1312
	2400 1312
	2400 1344
	2304 1344
4
	2560 1312
	2656 1312
	2656 1344
	2560 1344
4
	2784 1312
	2848 1312
	2848 1344
	2784 1344
4
	0 1344
	832 1344
	832 1376
	0 1376
4
	1184 1344
	1280 1344
	1280 1376
	1184 1376
4
	2784 1344
	2848 1344
	2848 1376
	2784 1376
4
	0 1376
	832 1376
	832 1408
	0 1408
4
	1184 1376
	1280 1376
	1280 1408
	1184 1408
4
	2784 1376
	2848 1376
	2848 1408
	2784 1408
4
	0 1408
	864 1408
	864 1440
	0 1440
4
	1184 1408
	1280 1408
	1280 1440
	1184 1440
4
	0 1440
	864 1440
	864 1472
	0 1472
4
	1184 1440
	1280 1440
	1280 1472
	1184 1472
4
	0 1472
	864 1472
	864 1504
	0 1504
4
	1184 1472
	1280 1472
	1280 1504
	1184 1504
4
	0 1504
	864 1504
	864 1536
	0 1536
4
	1184 1504
	1280 1504
	1280 1536
	1184 1536
4
	2784 1504
	2848 1504
	2848 1536
	2784 1536
4
	0 1536
	864 1536
	864 1568
	0 1568
4
	1184 1536
	1280 1536
	1280 1568
	1184 1568
4
	2784 1536
	2848 1536
	2848 1568
	2784 1568
4
	0 1568
	864 1568
	864 1600
	0 1600
4
	1184 1568
	1280 1568
	1280 1600
	1184 1600
4
	2496 1568
	2528 1568
	2528 1600
	2496 1600
4
	2784 1568
	2848 1568
	2848 1600
	2784 1600
4
	0 1600
	864 1600
	864 1632
	0 1632
4
	992 1600
	1280 1600
	1280 1632
	992 1632
4
	2400 1600
	2528 1600
	2528 1632
	2400 1632
4
	2784 1600
	2848 1600
	2848 1632
	2784 1632
4
	0 1632
	864 1632
	864 1664
	0 1664
4
	992 1632
	1280 1632
	1280 1664
	992 1664
4
	2400 1632
	2528 1632
	2528 1664
	2400 1664
4
	2784 1632
	2848 1632
	2848 1664
	2784 1664
4
	0 1664
	864 1664
	864 1696
	0 1696
4
	992 1664
	1280 1664
	1280 1696
	992 1696
4
	1760 1664
	1856 1664
	1856 1696
	1760 1696
4
	2176 1664
	2240 1664
	2240 1696
	2176 1696
4
	2432 1664
	2528 1664
	2528 1696
	2432 1696
4
	2624 1664
	2848 1664
	2848 1696
	2624 1696
4
	0 1696
	608 1696
	608 1728
	0 1728
4
	704 1696
	864 1696
	864 1728
	704 1728
4
	1760 1696
	1856 1696
	1856 1728
	1760 1728
4
	1888 1696
	1952 1696
	1952 1728
	1888 1728
4
	2176 1696
	2272 1696
	2272 1728
	2176 1728
4
	2624 1696
	2848 1696
	2848 1728
	2624 1728
4
	0 1728
	608 1728
	608 1760
	0 1760
4
	704 1728
	832 1728
	832 1760
	704 1760
4
	1760 1728
	1952 1728
	1952 1760
	1760 1760
4
	2176 1728
	2304 1728
	2304 1760
	2176 1760
4
	2624 1728
	2848 1728
	2848 1760
	2624 1760
4
	0 1760
	576 1760
	576 1792
	0 1792
4
	1760 1760
	1952 1760
	1952 1792
	1760 1792
4
	2176 1760
	2336 1760
	2336 1792
	2176 1792
4
	2624 1760
	2848 1760
	2848 1792
	2624 1792
4
	0 1792
	576 1792
	576 1824
	0 1824
4
	1632 1792
	1952 1792
	1952 1824
	1632 1824
4
	2176 1792
	2208 1792
	2208 1824
	2176 1824
4
	2240 1792
	2336 1792
	2336 1824
	2240 1824
4
	2560 1792
	2848 1792
	2848 1824
	2560 1824
4
	0 1824
	576 1824
	576 1856
	0 1856
4
	1600 1824
	1856 1824
	1856 1856
	1600 1856
4
	2240 1824
	2848 1824
	2848 1856
	2240 1856
4
	0 1856
	576 1856
	576 1888
	0 1888
4
	1632 1856
	1856 1856
	1856 1888
	1632 1888
4
	2240 1856
	2848 1856
	2848 1888
	2240 1888
4
	0 1888
	576 1888
	576 1920
	0 1920
4
	1536 1888
	1568 1888
	1568 1920
	1536 1920
4
	1600 1888
	1856 1888
	1856 1920
	1600 1920
4
	2272 1888
	2848 1888
	2848 1920
	2272 1920
4
	0 1920
	608 1920
	608 1952
	0 1952
4
	1504 1920
	1856 1920
	1856 1952
	1504 1952
4
	1920 1920
	2208 1920
	2208 1952
	1920 1952
4
	2272 1920
	2848 1920
	2848 1952
	2272 1952
4
	0 1952
	608 1952
	608 1984
	0 1984
4
	1248 1952
	1344 1952
	1344 1984
	1248 1984
4
	1504 1952
	2848 1952
	2848 1984
	1504 1984
4
	0 1984
	608 1984
	608 2016
	0 2016
4
	672 1984
	896 1984
	896 2016
	672 2016
4
	992 1984
	1152 1984
	1152 2016
	992 2016
4
	1248 1984
	1344 1984
	1344 2016
	1248 2016
4
	1504 1984
	2848 1984
	2848 2016
	1504 2016
4
	0 2016
	576 2016
	576 2048
	0 2048
4
	672 2016
	896 2016
	896 2048
	672 2048
4
	992 2016
	1152 2016
	1152 2048
	992 2048
4
	1248 2016
	1344 2016
	1344 2048
	1248 2048
4
	1504 2016
	2848 2016
	2848 2048
	1504 2048
4
	0 2048
	64 2048
	64 2080
	0 2080
4
	128 2048
	384 2048
	384 2080
	128 2080
4
	480 2048
	1344 2048
	1344 2080
	480 2080
4
	1504 2048
	2848 2048
	2848 2080
	1504 2080
4
	0 2080
	64 2080
	64 2112
	0 2112
4
	128 2080
	384 2080
	384 2112
	128 2112
4
	480 2080
	1344 2080
	1344 2112
	480 2112
4
	1504 2080
	2848 2080
	2848 2112
	1504 2112
4
	0 2112
	64 2112
	64 2144
	0 2144
4
	128 2112
	384 2112
	384 2144
	128 2144
4
	480 2112
	1344 2112
	1344 2144
	480 2144
4
	1504 2112
	2848 2112
	2848 2144
	1504 2144
4
	0 2144
	64 2144
	64 2176
	0 2176
4
	128 2144
	384 2144
	384 2176
	128 2176
4
	480 2144
	1344 2144
	1344 2176
	480 2176
4
	1504 2144
	2848 2144
	2848 2176
	1504 2176
4
	0 2176
	64 2176
	64 2208
	0 2208
4
	128 2176
	384 2176
	384 2208
	128 2208
4
	448 2176
	1344 2176
	1344 2208
	448 2208
4
	1504 2176
	2848 2176
	2848 2208
	1504 2208
4
	0 2208
	64 2208
	64 2240
	0 2240
4
	448 2208
	1344 2208
	1344 2240
	448 2240
4
	1504 2208
	2848 2208
	2848 2240
	1504 2240
4
	0 2240
	64 2240
	64 2272
	0 2272
4
	448 2240
	1344 2240
	1344 2272
	448 2272
4
	1504 2240
	2848 2240
	2848 2272
	1504 2272
4
	0 2272
	64 2272
	64 2304
	0 2304
4
	736 2272
	832 2272
	832 2304
	736 2304
4
	992 2272
	1344 2272
	1344 2304
	992 2304
4
	1504 2272
	2848 2272
	2848 2304
	1504 2304
4
	0 2304
	64 2304
	64 2336
	0 2336
4
	992 2304
	1344 2304
	1344 2336
	992 2336
4
	1504 2304
	2848 2304
	2848 2336
	1504 2336
4
	0 2336
	64 2336
	64 2368
	0 2368
4
	1056 2336
	1344 2336
	1344 2368
	1056 2368
4
	1504 2336
	2848 2336
	2848 2368
	1504 2368
4
	0 2368
	64 2368
	64 2400
	0 2400
4
	1056 2368
	1344 2368
	1344 2400
	1056 2400
4
	1504 2368
	2848 2368
	2848 2400
	1504 2400
4
	0 2400
	64 2400
	64 2432
	0 2432
4
	736 2400
	832 2400
	832 2432
	736 2432
4
	1056 2400
	1344 2400
	1344 2432
	1056 2432
4
	1504 2400
	2848 2400
	2848 2432
	1504 2432
4
	0 2432
	64 2432
	64 2464
	0 2464
4
	256 2432
	352 2432
	352 2464
	256 2464
4
	512 2432
	832 2432
	832 2464
	512 2464
4
	1184 2432
	1344 2432
	1344 2464
	1184 2464
4
	1504 2432
	2848 2432
	2848 2464
	1504 2464
4
	0 2464
	64 2464
	64 2496
	0 2496
4
	256 2464
	352 2464
	352 2496
	256 2496
4
	544 2464
	832 2464
	832 2496
	544 2496
4
	1184 2464
	1344 2464
	1344 2496
	1184 2496
4
	1504 2464
	2848 2464
	2848 2496
	1504 2496
4
	0 2496
	96 2496
	96 2528
	0 2528
4
	256 2496
	352 2496
	352 2528
	256 2528
4
	544 2496
	576 2496
	576 2528
	544 2528
4
	736 2496
	832 2496
	832 2528
	736 2528
4
	1248 2496
	1344 2496
	1344 2528
	1248 2528
4
	1504 2496
	2848 2496
	2848 2528
	1504 2528
4
	0 2528
	96 2528
	96 2560
	0 2560
4
	128 2528
	224 2528
	224 2560
	128 2560
4
	256 2528
	352 2528
	352 2560
	256 2560
4
	544 2528
	576 2528
	576 2560
	544 2560
4
	736 2528
	832 2528
	832 2560
	736 2560
4
	1248 2528
	1344 2528
	1344 2560
	1248 2560
4
	1504 2528
	2848 2528
	2848 2560
	1504 2560
4
	0 2560
	96 2560
	96 2592
	0 2592
4
	128 2560
	224 2560
	224 2592
	128 2592
4
	256 2560
	352 2560
	352 2592
	256 2592
4
	736 2560
	832 2560
	832 2592
	736 2592
4
	928 2560
	1024 2560
	1024 2592
	928 2592
4
	1504 2560
	2848 2560
	2848 2592
	1504 2592
4
	0 2592
	96 2592
	96 2624
	0 2624
4
	128 2592
	224 2592
	224 2624
	128 2624
4
	256 2592
	352 2592
	352 2624
	256 2624
4
	736 2592
	832 2592
	832 2624
	736 2624
4
	928 2592
	1056 2592
	1056 2624
	928 2624
4
	1504 2592
	2848 2592
	2848 2624
	1504 2624
4
	0 2624
	96 2624
	96 2656
	0 2656
4
	223 2655
	225 2655
	225 2657
	223 2657
4
	128 2624
	224 2624
	224 2656
	128 2656
4
	256 2624
	352 2624
	352 2656
	256 2656
4
	512 2624
	576 2624
	576 2656
	512 2656
4
	736 2624
	832 2624
	832 2656
	736 2656
4
	896 2624
	1056 2624
	1056 2656
	896 2656
4
	1504 2624
	2848 2624
	2848 2656
	1504 2656
4
	0 2656
	96 2656
	96 2688
	0 2688
4
	224 2656
	448 2656
	448 2688
	224 2688
4
	480 2656
	576 2656
	576 2688
	480 2688
4
	736 2656
	832 2656
	832 2688
	736 2688
4
	896 2656
	1056 2656
	1056 2688
	896 2688
4
	1248 2656
	1344 2656
	1344 2688
	1248 2688
4
	1504 2656
	2848 2656
	2848 2688
	1504 2688
4
	0 2688
	1376 2688
	1376 2720
	0 2720
4
	1504 2688
	2848 2688
	2848 2720
	1504 2720
4
	0 2720
	1408 2720
	1408 2752
	0 2752
4
	1504 2720
	2848 2720
	2848 2752
	1504 2752
4
	0 2752
	1376 2752
	1376 2784
	0 2784
4
	1504 2752
	2848 2752
	2848 2784
	1504 2784
4
	0 2784
	1344 2784
	1344 2816
	0 2816
4
	1504 2784
	2848 2784
	2848 2816
	1504 2816
4
	0 2816
	1344 2816
	1344 2848
	0 2848
4
	1504 2816
	2848 2816
	2848 2848
	1504 2848
4
	0 2848
	1344 2848
	1344 2880
	0 2880
4
	1504 2848
	2848 2848
	2848 2880
	1504 2880
4
	0 2880
	1344 2880
	1344 2912
	0 2912
4
	1504 2880
	2848 2880
	2848 2912
	1504 2912
4
	0 2912
	1344 2912
	1344 2944
	0 2944
4
	1504 2912
	2848 2912
	2848 2944
	1504 2944
4
	0 2944
	1344 2944
	1344 2976
	0 2976
4
	1504 2944
	2848 2944
	2848 2976
	1504 2976
4
	0 2976
	1344 2976
	1344 3008
	0 3008
4
	1504 2976
	2848 2976
	2848 3008
	1504 3008
4
	0 3008
	64 3008
	64 3040
	0 3040
4
	736 3008
	832 3008
	832 3040
	736 3040
4
	1088 3008
	1216 3008
	1216 3040
	1088 3040
4
	1248 3008
	1344 3008
	1344 3040
	1248 3040
4
	1504 3008
	2848 3008
	2848 3040
	1504 3040
4
	0 3040
	256 3040
	256 3072
	0 3072
4
	736 3040
	832 3040
	832 3072
	736 3072
4
	1088 3040
	1216 3040
	1216 3072
	1088 3072
4
	1248 3040
	1344 3040
	1344 3072
	1248 3072
4
	1504 3040
	2848 3040
	2848 3072
	1504 3072
4
	0 3072
	256 3072
	256 3104
	0 3104
4
	1248 3072
	1344 3072
	1344 3104
	1248 3104
4
	1504 3072
	2848 3072
	2848 3104
	1504 3104
4
	0 3104
	256 3104
	256 3136
	0 3136
4
	1248 3104
	1344 3104
	1344 3136
	1248 3136
4
	1504 3104
	2848 3104
	2848 3136
	1504 3136
4
	0 3136
	256 3136
	256 3168
	0 3168
4
	736 3136
	832 3136
	832 3168
	736 3168
4
	1248 3136
	1344 3136
	1344 3168
	1248 3168
4
	1504 3136
	2848 3136
	2848 3168
	1504 3168
4
	0 3168
	256 3168
	256 3200
	0 3200
4
	736 3168
	832 3168
	832 3200
	736 3200
4
	1248 3168
	1344 3168
	1344 3200
	1248 3200
4
	1504 3168
	2848 3168
	2848 3200
	1504 3200
4
	0 3200
	256 3200
	256 3232
	0 3232
4
	544 3200
	896 3200
	896 3232
	544 3232
4
	1248 3200
	1344 3200
	1344 3232
	1248 3232
4
	1504 3200
	2848 3200
	2848 3232
	1504 3232
4
	0 3232
	256 3232
	256 3264
	0 3264
4
	544 3232
	896 3232
	896 3264
	544 3264
4
	1248 3232
	1344 3232
	1344 3264
	1248 3264
4
	1504 3232
	2848 3232
	2848 3264
	1504 3264
4
	0 3264
	256 3264
	256 3296
	0 3296
4
	544 3264
	896 3264
	896 3296
	544 3296
4
	1248 3264
	1344 3264
	1344 3296
	1248 3296
4
	1504 3264
	2848 3264
	2848 3296
	1504 3296
4
	0 3296
	256 3296
	256 3328
	0 3328
4
	576 3296
	1024 3296
	1024 3328
	576 3328
4
	1248 3296
	1344 3296
	1344 3328
	1248 3328
4
	1504 3296
	2848 3296
	2848 3328
	1504 3328
4
	0 3328
	128 3328
	128 3360
	0 3360
4
	576 3328
	1024 3328
	1024 3360
	576 3360
4
	1504 3328
	2848 3328
	2848 3360
	1504 3360
4
	0 3360
	96 3360
	96 3392
	0 3392
4
	576 3360
	896 3360
	896 3392
	576 3392
4
	1504 3360
	2848 3360
	2848 3392
	1504 3392
4
	0 3392
	64 3392
	64 3424
	0 3424
4
	736 3392
	1088 3392
	1088 3424
	736 3424
4
	1248 3392
	1344 3392
	1344 3424
	1248 3424
4
	1472 3392
	2848 3392
	2848 3424
	1472 3424
4
	0 3424
	64 3424
	64 3456
	0 3456
4
	736 3424
	1088 3424
	1088 3456
	736 3456
4
	1248 3424
	1344 3424
	1344 3456
	1248 3456
4
	1472 3424
	2848 3424
	2848 3456
	1472 3456
4
	0 3456
	64 3456
	64 3488
	0 3488
4
	480 3456
	2848 3456
	2848 3488
	480 3488
4
	0 3488
	192 3488
	192 3520
	0 3520
4
	224 3488
	288 3488
	288 3520
	224 3520
4
	480 3488
	2848 3488
	2848 3520
	480 3520
4
	0 3520
	288 3520
	288 3552
	0 3552
4
	480 3520
	2848 3520
	2848 3552
	480 3552
4
	0 3552
	256 3552
	256 3584
	0 3584
4
	448 3552
	2848 3552
	2848 3584
	448 3584
4
	0 3584
	288 3584
	288 3616
	0 3616
4
	448 3584
	2848 3584
	2848 3616
	448 3616
4
	0 3616
	288 3616
	288 3648
	0 3648
4
	448 3616
	2848 3616
	2848 3648
	448 3648
4
	0 3648
	288 3648
	288 3680
	0 3680
4
	480 3648
	2848 3648
	2848 3680
	480 3680
4
	0 3680
	224 3680
	224 3712
	0 3712
4
	256 3680
	288 3680
	288 3712
	256 3712
4
	480 3680
	2848 3680
	2848 3712
	480 3712
4
	0 3712
	224 3712
	224 3744
	0 3744
4
	448 3712
	2848 3712
	2848 3744
	448 3744
4
	0 3744
	2848 3744
	2848 3776
	0 3776
4
	-32 -32
	2880 -32
	2880 0
	-32 0
4
	-32 3776
	2880 3776
	2880 3808
	-32 3808
4
	-32 0
	0 0
	0 3776
	-32 3776
4
	2848 0
	2880 0
	2880 3776
	2848 3776
