356
4
	0 0
	896 0
	896 32
	0 32
4
	960 0
	2976 0
	2976 32
	960 32
4
	0 32
	896 32
	896 64
	0 64
4
	960 32
	2976 32
	2976 64
	960 64
4
	0 64
	800 64
	800 96
	0 96
4
	960 64
	1056 64
	1056 96
	960 96
4
	1120 64
	2976 64
	2976 96
	1120 96
4
	0 96
	736 96
	736 128
	0 128
4
	1120 96
	2976 96
	2976 128
	1120 128
4
	0 128
	768 128
	768 160
	0 160
4
	1120 128
	2976 128
	2976 160
	1120 160
4
	0 160
	768 160
	768 192
	0 192
4
	1120 160
	2976 160
	2976 192
	1120 192
4
	0 192
	768 192
	768 224
	0 224
4
	1152 192
	2976 192
	2976 224
	1152 224
4
	0 224
	704 224
	704 256
	0 256
4
	1120 224
	2976 224
	2976 256
	1120 256
4
	0 256
	704 256
	704 288
	0 288
4
	1088 256
	2976 256
	2976 288
	1088 288
4
	0 288
	768 288
	768 320
	0 320
4
	1088 288
	2976 288
	2976 320
	1088 320
4
	0 320
	800 320
	800 352
	0 352
4
	1088 320
	1952 320
	1952 352
	1088 352
4
	2816 320
	2976 320
	2976 352
	2816 352
4
	0 352
	800 352
	800 384
	0 384
4
	1088 352
	1920 352
	1920 384
	1088 384
4
	2816 352
	2976 352
	2976 384
	2816 384
4
	0 384
	800 384
	800 416
	0 416
4
	1056 384
	1856 384
	1856 416
	1056 416
4
	2848 384
	2976 384
	2976 416
	2848 416
4
	0 416
	800 416
	800 448
	0 448
4
	1056 416
	1856 416
	1856 448
	1056 448
4
	2848 416
	2976 416
	2976 448
	2848 448
4
	0 448
	832 448
	832 480
	0 480
4
	1056 448
	1856 448
	1856 480
	1056 480
4
	2816 448
	2976 448
	2976 480
	2816 480
4
	0 480
	896 480
	896 512
	0 512
4
	960 480
	1856 480
	1856 512
	960 512
4
	2016 480
	2176 480
	2176 512
	2016 512
4
	2240 480
	2336 480
	2336 512
	2240 512
4
	2816 480
	2976 480
	2976 512
	2816 512
4
	0 512
	896 512
	896 544
	0 544
4
	960 512
	1856 512
	1856 544
	960 544
4
	2016 512
	2176 512
	2176 544
	2016 544
4
	2240 512
	2976 512
	2976 544
	2240 544
4
	0 544
	896 544
	896 576
	0 576
4
	960 544
	1856 544
	1856 576
	960 576
4
	2016 544
	2176 544
	2176 576
	2016 576
4
	2240 544
	2976 544
	2976 576
	2240 576
4
	0 576
	64 576
	64 608
	0 608
4
	192 576
	256 576
	256 608
	192 608
4
	352 576
	448 576
	448 608
	352 608
4
	672 576
	832 576
	832 608
	672 608
4
	992 576
	1088 576
	1088 608
	992 608
4
	1216 576
	1248 576
	1248 608
	1216 608
4
	1344 576
	1376 576
	1376 608
	1344 608
4
	1696 576
	1856 576
	1856 608
	1696 608
4
	2048 576
	2112 576
	2112 608
	2048 608
4
	2368 576
	2560 576
	2560 608
	2368 608
4
	2784 576
	2976 576
	2976 608
	2784 608
4
	0 608
	64 608
	64 640
	0 640
4
	320 608
	448 608
	448 640
	320 640
4
	736 608
	832 608
	832 640
	736 640
4
	992 608
	1088 608
	1088 640
	992 640
4
	1344 608
	1376 608
	1376 640
	1344 640
4
	1664 608
	1856 608
	1856 640
	1664 640
4
	2048 608
	2112 608
	2112 640
	2048 640
4
	2368 608
	2560 608
	2560 640
	2368 640
4
	2784 608
	2976 608
	2976 640
	2784 640
4
	0 640
	64 640
	64 672
	0 672
4
	320 640
	448 640
	448 672
	320 672
4
	736 640
	832 640
	832 672
	736 672
4
	992 640
	1088 640
	1088 672
	992 672
4
	1120 640
	1152 640
	1152 672
	1120 672
4
	1344 640
	1376 640
	1376 672
	1344 672
4
	1408 640
	1600 640
	1600 672
	1408 672
4
	1696 640
	1856 640
	1856 672
	1696 672
4
	2048 640
	2112 640
	2112 672
	2048 672
4
	2368 640
	2560 640
	2560 672
	2368 672
4
	2752 640
	2976 640
	2976 672
	2752 672
4
	0 672
	64 672
	64 704
	0 704
4
	320 672
	448 672
	448 704
	320 704
4
	736 672
	832 672
	832 704
	736 704
4
	992 672
	1088 672
	1088 704
	992 704
4
	1728 672
	1856 672
	1856 704
	1728 704
4
	2048 672
	2112 672
	2112 704
	2048 704
4
	2784 672
	2976 672
	2976 704
	2784 704
4
	0 704
	64 704
	64 736
	0 736
4
	319 735
	321 735
	321 737
	319 737
4
	320 704
	448 704
	448 736
	320 736
4
	736 704
	832 704
	832 736
	736 736
4
	992 704
	1088 704
	1088 736
	992 736
4
	1792 704
	1856 704
	1856 736
	1792 736
4
	2048 704
	2112 704
	2112 736
	2048 736
4
	2816 704
	2976 704
	2976 736
	2816 736
4
	0 736
	64 736
	64 768
	0 768
4
	256 736
	320 736
	320 768
	256 768
4
	480 736
	576 736
	576 768
	480 768
4
	736 736
	832 736
	832 768
	736 768
4
	992 736
	1088 736
	1088 768
	992 768
4
	1792 736
	1856 736
	1856 768
	1792 768
4
	2048 736
	2112 736
	2112 768
	2048 768
4
	2816 736
	2976 736
	2976 768
	2816 768
4
	0 768
	64 768
	64 800
	0 800
4
	256 768
	320 768
	320 800
	256 800
4
	480 768
	576 768
	576 800
	480 800
4
	736 768
	832 768
	832 800
	736 800
4
	992 768
	1088 768
	1088 800
	992 800
4
	1728 768
	1856 768
	1856 800
	1728 800
4
	2048 768
	2112 768
	2112 800
	2048 800
4
	2816 768
	2976 768
	2976 800
	2816 800
4
	0 800
	64 800
	64 832
	0 832
4
	736 800
	832 800
	832 832
	736 832
4
	992 800
	1152 800
	1152 832
	992 832
4
	1696 800
	1856 800
	1856 832
	1696 832
4
	2048 800
	2112 800
	2112 832
	2048 832
4
	2816 800
	2976 800
	2976 832
	2816 832
4
	0 832
	64 832
	64 864
	0 864
4
	736 832
	832 832
	832 864
	736 864
4
	992 832
	1184 832
	1184 864
	992 864
4
	1696 832
	1856 832
	1856 864
	1696 864
4
	2048 832
	2112 832
	2112 864
	2048 864
4
	2528 832
	2592 832
	2592 864
	2528 864
4
	2816 832
	2976 832
	2976 864
	2816 864
4
	736 864
	832 864
	832 896
	736 896
4
	992 864
	1184 864
	1184 896
	992 896
4
	1696 864
	1856 864
	1856 896
	1696 896
4
	2048 864
	2112 864
	2112 896
	2048 896
4
	2400 864
	2432 864
	2432 896
	2400 896
4
	2464 864
	2592 864
	2592 896
	2464 896
4
	2816 864
	2976 864
	2976 896
	2816 896
4
	736 896
	832 896
	832 928
	736 928
4
	992 896
	1184 896
	1184 928
	992 928
4
	1760 896
	1856 896
	1856 928
	1760 928
4
	2048 896
	2112 896
	2112 928
	2048 928
4
	2400 896
	2560 896
	2560 928
	2400 928
4
	2816 896
	2976 896
	2976 928
	2816 928
4
	736 928
	832 928
	832 960
	736 960
4
	992 928
	1152 928
	1152 960
	992 960
4
	1792 928
	1856 928
	1856 960
	1792 960
4
	2048 928
	2112 928
	2112 960
	2048 960
4
	2400 928
	2592 928
	2592 960
	2400 960
4
	2816 928
	2976 928
	2976 960
	2816 960
4
	0 960
	64 960
	64 992
	0 992
4
	736 960
	832 960
	832 992
	736 992
4
	992 960
	1152 960
	1152 992
	992 992
4
	1792 960
	1856 960
	1856 992
	1792 992
4
	2048 960
	2112 960
	2112 992
	2048 992
4
	2400 960
	2592 960
	2592 992
	2400 992
4
	2816 960
	2976 960
	2976 992
	2816 992
4
	0 992
	64 992
	64 1024
	0 1024
4
	288 992
	352 992
	352 1024
	288 1024
4
	736 992
	832 992
	832 1024
	736 1024
4
	992 992
	1152 992
	1152 1024
	992 1024
4
	1728 992
	1856 992
	1856 1024
	1728 1024
4
	2048 992
	2112 992
	2112 1024
	2048 1024
4
	2559 1023
	2561 1023
	2561 1025
	2559 1025
4
	2432 992
	2560 992
	2560 1024
	2432 1024
4
	2816 992
	2976 992
	2976 1024
	2816 1024
4
	0 1024
	64 1024
	64 1056
	0 1056
4
	192 1024
	384 1024
	384 1056
	192 1056
4
	736 1024
	832 1024
	832 1056
	736 1056
4
	992 1024
	1120 1024
	1120 1056
	992 1056
4
	1696 1024
	1856 1024
	1856 1056
	1696 1056
4
	2048 1024
	2112 1024
	2112 1056
	2048 1056
4
	2464 1024
	2528 1024
	2528 1056
	2464 1056
4
	2560 1024
	2976 1024
	2976 1056
	2560 1056
4
	0 1056
	96 1056
	96 1088
	0 1088
4
	192 1056
	384 1056
	384 1088
	192 1088
4
	736 1056
	832 1056
	832 1088
	736 1088
4
	992 1056
	1120 1056
	1120 1088
	992 1088
4
	1696 1056
	1856 1056
	1856 1088
	1696 1088
4
	2048 1056
	2144 1056
	2144 1088
	2048 1088
4
	2560 1056
	2976 1056
	2976 1088
	2560 1088
4
	0 1088
	96 1088
	96 1120
	0 1120
4
	224 1088
	416 1088
	416 1120
	224 1120
4
	736 1088
	832 1088
	832 1120
	736 1120
4
	992 1088
	1120 1088
	1120 1120
	992 1120
4
	1728 1088
	1760 1088
	1760 1120
	1728 1120
4
	1792 1088
	1856 1088
	1856 1120
	1792 1120
4
	2048 1088
	2144 1088
	2144 1120
	2048 1120
4
	2560 1088
	2976 1088
	2976 1120
	2560 1120
4
	0 1120
	64 1120
	64 1152
	0 1152
4
	224 1120
	416 1120
	416 1152
	224 1152
4
	736 1120
	800 1120
	800 1152
	736 1152
4
	992 1120
	1088 1120
	1088 1152
	992 1152
4
	1792 1120
	1856 1120
	1856 1152
	1792 1152
4
	2048 1120
	2112 1120
	2112 1152
	2048 1152
4
	2496 1120
	2976 1120
	2976 1152
	2496 1152
4
	0 1152
	64 1152
	64 1184
	0 1184
4
	224 1152
	352 1152
	352 1184
	224 1184
4
	992 1152
	1088 1152
	1088 1184
	992 1184
4
	1792 1152
	1856 1152
	1856 1184
	1792 1184
4
	2048 1152
	2112 1152
	2112 1184
	2048 1184
4
	2496 1152
	2976 1152
	2976 1184
	2496 1184
4
	0 1184
	64 1184
	64 1216
	0 1216
4
	224 1184
	352 1184
	352 1216
	224 1216
4
	992 1184
	1088 1184
	1088 1216
	992 1216
4
	1152 1184
	1184 1184
	1184 1216
	1152 1216
4
	1792 1184
	1856 1184
	1856 1216
	1792 1216
4
	2048 1184
	2176 1184
	2176 1216
	2048 1216
4
	2496 1184
	2976 1184
	2976 1216
	2496 1216
4
	0 1216
	128 1216
	128 1248
	0 1248
4
	736 1216
	832 1216
	832 1248
	736 1248
4
	992 1216
	1120 1216
	1120 1248
	992 1248
4
	1792 1216
	1856 1216
	1856 1248
	1792 1248
4
	2048 1216
	2176 1216
	2176 1248
	2048 1248
4
	2496 1216
	2976 1216
	2976 1248
	2496 1248
4
	0 1248
	128 1248
	128 1280
	0 1280
4
	736 1248
	832 1248
	832 1280
	736 1280
4
	992 1248
	1120 1248
	1120 1280
	992 1280
4
	1280 1248
	1408 1248
	1408 1280
	1280 1280
4
	1472 1248
	1568 1248
	1568 1280
	1472 1280
4
	1792 1248
	1856 1248
	1856 1280
	1792 1280
4
	2048 1248
	2176 1248
	2176 1280
	2048 1280
4
	2560 1248
	2976 1248
	2976 1280
	2560 1280
4
	0 1280
	128 1280
	128 1312
	0 1312
4
	256 1280
	320 1280
	320 1312
	256 1312
4
	448 1280
	576 1280
	576 1312
	448 1312
4
	736 1280
	832 1280
	832 1312
	736 1312
4
	992 1280
	1408 1280
	1408 1312
	992 1312
4
	1472 1280
	1856 1280
	1856 1312
	1472 1312
4
	2048 1280
	2432 1280
	2432 1312
	2048 1312
4
	2496 1280
	2976 1280
	2976 1312
	2496 1312
4
	0 1312
	64 1312
	64 1344
	0 1344
4
	256 1312
	320 1312
	320 1344
	256 1344
4
	448 1312
	576 1312
	576 1344
	448 1344
4
	736 1312
	832 1312
	832 1344
	736 1344
4
	992 1312
	1408 1312
	1408 1344
	992 1344
4
	1472 1312
	1856 1312
	1856 1344
	1472 1344
4
	2048 1312
	2976 1312
	2976 1344
	2048 1344
4
	0 1344
	64 1344
	64 1376
	0 1376
4
	512 1344
	576 1344
	576 1376
	512 1376
4
	736 1344
	832 1344
	832 1376
	736 1376
4
	1792 1344
	1856 1344
	1856 1376
	1792 1376
4
	2048 1344
	2976 1344
	2976 1376
	2048 1376
4
	0 1376
	64 1376
	64 1408
	0 1408
4
	736 1376
	832 1376
	832 1408
	736 1408
4
	2048 1376
	2976 1376
	2976 1408
	2048 1408
4
	0 1408
	64 1408
	64 1440
	0 1440
4
	736 1408
	832 1408
	832 1440
	736 1440
4
	2048 1408
	2976 1408
	2976 1440
	2048 1440
4
	0 1440
	64 1440
	64 1472
	0 1472
4
	736 1440
	832 1440
	832 1472
	736 1472
4
	2048 1440
	2976 1440
	2976 1472
	2048 1472
4
	0 1472
	64 1472
	64 1504
	0 1504
4
	256 1472
	576 1472
	576 1504
	256 1504
4
	672 1472
	832 1472
	832 1504
	672 1504
4
	2048 1472
	2976 1472
	2976 1504
	2048 1504
4
	0 1504
	64 1504
	64 1536
	0 1536
4
	256 1504
	576 1504
	576 1536
	256 1536
4
	672 1504
	1152 1504
	1152 1536
	672 1536
4
	1216 1504
	1856 1504
	1856 1536
	1216 1536
4
	2048 1504
	2976 1504
	2976 1536
	2048 1536
4
	0 1536
	1152 1536
	1152 1568
	0 1568
4
	1216 1536
	1856 1536
	1856 1568
	1216 1568
4
	2048 1536
	2976 1536
	2976 1568
	2048 1568
4
	0 1568
	1152 1568
	1152 1600
	0 1600
4
	1216 1568
	1856 1568
	1856 1600
	1216 1600
4
	2048 1568
	2976 1568
	2976 1600
	2048 1600
4
	0 1600
	1088 1600
	1088 1632
	0 1632
4
	1504 1600
	1728 1600
	1728 1632
	1504 1632
4
	1760 1600
	1856 1600
	1856 1632
	1760 1632
4
	2048 1600
	2976 1600
	2976 1632
	2048 1632
4
	0 1632
	1088 1632
	1088 1664
	0 1664
4
	1504 1632
	1728 1632
	1728 1664
	1504 1664
4
	1760 1632
	1856 1632
	1856 1664
	1760 1664
4
	2048 1632
	2976 1632
	2976 1664
	2048 1664
4
	0 1664
	1088 1664
	1088 1696
	0 1696
4
	1600 1664
	1728 1664
	1728 1696
	1600 1696
4
	1760 1664
	1856 1664
	1856 1696
	1760 1696
4
	2048 1664
	2976 1664
	2976 1696
	2048 1696
4
	0 1696
	1088 1696
	1088 1728
	0 1728
4
	1600 1696
	1728 1696
	1728 1728
	1600 1728
4
	1760 1696
	1856 1696
	1856 1728
	1760 1728
4
	2048 1696
	2976 1696
	2976 1728
	2048 1728
4
	0 1728
	1088 1728
	1088 1760
	0 1760
4
	1600 1728
	1728 1728
	1728 1760
	1600 1760
4
	1760 1728
	1856 1728
	1856 1760
	1760 1760
4
	2048 1728
	2976 1728
	2976 1760
	2048 1760
4
	0 1760
	1088 1760
	1088 1792
	0 1792
4
	1760 1760
	1856 1760
	1856 1792
	1760 1792
4
	2048 1760
	2976 1760
	2976 1792
	2048 1792
4
	0 1792
	1088 1792
	1088 1824
	0 1824
4
	1760 1792
	1856 1792
	1856 1824
	1760 1824
4
	2048 1792
	2976 1792
	2976 1824
	2048 1824
4
	0 1824
	1088 1824
	1088 1856
	0 1856
4
	1760 1824
	1856 1824
	1856 1856
	1760 1856
4
	2048 1824
	2976 1824
	2976 1856
	2048 1856
4
	0 1856
	1088 1856
	1088 1888
	0 1888
4
	1440 1856
	1472 1856
	1472 1888
	1440 1888
4
	1760 1856
	1856 1856
	1856 1888
	1760 1888
4
	2048 1856
	2976 1856
	2976 1888
	2048 1888
4
	0 1888
	1088 1888
	1088 1920
	0 1920
4
	1344 1888
	1472 1888
	1472 1920
	1344 1920
4
	1760 1888
	1856 1888
	1856 1920
	1760 1920
4
	2048 1888
	2976 1888
	2976 1920
	2048 1920
4
	0 1920
	1088 1920
	1088 1952
	0 1952
4
	1344 1920
	1472 1920
	1472 1952
	1344 1952
4
	1760 1920
	1856 1920
	1856 1952
	1760 1952
4
	2048 1920
	2976 1920
	2976 1952
	2048 1952
4
	0 1952
	1088 1952
	1088 1984
	0 1984
4
	1760 1952
	1856 1952
	1856 1984
	1760 1984
4
	2048 1952
	2976 1952
	2976 1984
	2048 1984
4
	0 1984
	1088 1984
	1088 2016
	0 2016
4
	1760 1984
	1856 1984
	1856 2016
	1760 2016
4
	2048 1984
	2976 1984
	2976 2016
	2048 2016
4
	0 2016
	1088 2016
	1088 2048
	0 2048
4
	1536 2016
	1568 2016
	1568 2048
	1536 2048
4
	1760 2016
	1856 2016
	1856 2048
	1760 2048
4
	2048 2016
	2976 2016
	2976 2048
	2048 2048
4
	0 2048
	1088 2048
	1088 2080
	0 2080
4
	1504 2048
	1600 2048
	1600 2080
	1504 2080
4
	1760 2048
	1856 2048
	1856 2080
	1760 2080
4
	2048 2048
	2976 2048
	2976 2080
	2048 2080
4
	0 2080
	1088 2080
	1088 2112
	0 2112
4
	1504 2080
	1568 2080
	1568 2112
	1504 2112
4
	1760 2080
	1856 2080
	1856 2112
	1760 2112
4
	2048 2080
	2976 2080
	2976 2112
	2048 2112
4
	0 2112
	1088 2112
	1088 2144
	0 2144
4
	1760 2112
	1856 2112
	1856 2144
	1760 2144
4
	2048 2112
	2976 2112
	2976 2144
	2048 2144
4
	0 2144
	1088 2144
	1088 2176
	0 2176
4
	1760 2144
	1856 2144
	1856 2176
	1760 2176
4
	2048 2144
	2976 2144
	2976 2176
	2048 2176
4
	0 2176
	1120 2176
	1120 2208
	0 2208
4
	1760 2176
	1856 2176
	1856 2208
	1760 2208
4
	1888 2176
	2016 2176
	2016 2208
	1888 2208
4
	2048 2176
	2976 2176
	2976 2208
	2048 2208
4
	0 2208
	1152 2208
	1152 2240
	0 2240
4
	1760 2208
	1856 2208
	1856 2240
	1760 2240
4
	1888 2208
	2016 2208
	2016 2240
	1888 2240
4
	2048 2208
	2976 2208
	2976 2240
	2048 2240
4
	0 2240
	1152 2240
	1152 2272
	0 2272
4
	1376 2240
	1504 2240
	1504 2272
	1376 2272
4
	1760 2240
	1856 2240
	1856 2272
	1760 2272
4
	1888 2240
	2976 2240
	2976 2272
	1888 2272
4
	0 2272
	1120 2272
	1120 2304
	0 2304
4
	1376 2272
	1504 2272
	1504 2304
	1376 2304
4
	1760 2272
	1856 2272
	1856 2304
	1760 2304
4
	1920 2272
	2976 2272
	2976 2304
	1920 2304
4
	0 2304
	1088 2304
	1088 2336
	0 2336
4
	1280 2304
	1664 2304
	1664 2336
	1280 2336
4
	1728 2304
	2976 2304
	2976 2336
	1728 2336
4
	0 2336
	1088 2336
	1088 2368
	0 2368
4
	1120 2336
	1248 2336
	1248 2368
	1120 2368
4
	1280 2336
	2976 2336
	2976 2368
	1280 2368
4
	0 2368
	1088 2368
	1088 2400
	0 2400
4
	1120 2368
	2976 2368
	2976 2400
	1120 2400
4
	0 2400
	1088 2400
	1088 2432
	0 2432
4
	1120 2400
	2976 2400
	2976 2432
	1120 2432
4
	0 2432
	2976 2432
	2976 2464
	0 2464
4
	-32 -32
	3008 -32
	3008 0
	-32 0
4
	-32 2464
	3008 2464
	3008 2496
	-32 2496
4
	-32 0
	0 0
	0 2464
	-32 2464
4
	2976 0
	3008 0
	3008 2464
	2976 2464
