1337
4
	0 0
	10240 0
	10240 32
	0 32
4
	0 32
	10240 32
	10240 64
	0 64
4
	0 64
	10240 64
	10240 96
	0 96
4
	0 96
	10240 96
	10240 128
	0 128
4
	0 128
	10240 128
	10240 160
	0 160
4
	0 160
	10240 160
	10240 192
	0 192
4
	0 192
	10240 192
	10240 224
	0 224
4
	0 224
	10240 224
	10240 256
	0 256
4
	0 256
	10240 256
	10240 288
	0 288
4
	0 288
	10240 288
	10240 320
	0 320
4
	0 320
	10240 320
	10240 352
	0 352
4
	0 352
	10240 352
	10240 384
	0 384
4
	0 384
	10240 384
	10240 416
	0 416
4
	0 416
	10240 416
	10240 448
	0 448
4
	0 448
	10240 448
	10240 480
	0 480
4
	0 480
	10240 480
	10240 512
	0 512
4
	0 512
	10240 512
	10240 544
	0 544
4
	0 544
	10240 544
	10240 576
	0 576
4
	0 576
	10240 576
	10240 608
	0 608
4
	0 608
	10240 608
	10240 640
	0 640
4
	0 640
	10240 640
	10240 672
	0 672
4
	0 672
	10240 672
	10240 704
	0 704
4
	0 704
	10240 704
	10240 736
	0 736
4
	0 736
	10240 736
	10240 768
	0 768
4
	0 768
	10240 768
	10240 800
	0 800
4
	0 800
	10240 800
	10240 832
	0 832
4
	0 832
	10240 832
	10240 864
	0 864
4
	0 864
	10240 864
	10240 896
	0 896
4
	0 896
	10240 896
	10240 928
	0 928
4
	0 928
	10240 928
	10240 960
	0 960
4
	0 960
	10240 960
	10240 992
	0 992
4
	0 992
	10240 992
	10240 1024
	0 1024
4
	0 1024
	10240 1024
	10240 1056
	0 1056
4
	0 1056
	10240 1056
	10240 1088
	0 1088
4
	0 1088
	10240 1088
	10240 1120
	0 1120
4
	0 1120
	10240 1120
	10240 1152
	0 1152
4
	0 1152
	10240 1152
	10240 1184
	0 1184
4
	0 1184
	10240 1184
	10240 1216
	0 1216
4
	0 1216
	10240 1216
	10240 1248
	0 1248
4
	0 1248
	10240 1248
	10240 1280
	0 1280
4
	0 1280
	10240 1280
	10240 1312
	0 1312
4
	0 1312
	10240 1312
	10240 1344
	0 1344
4
	0 1344
	10240 1344
	10240 1376
	0 1376
4
	0 1376
	10240 1376
	10240 1408
	0 1408
4
	0 1408
	10240 1408
	10240 1440
	0 1440
4
	0 1440
	10240 1440
	10240 1472
	0 1472
4
	0 1472
	10240 1472
	10240 1504
	0 1504
4
	0 1504
	10240 1504
	10240 1536
	0 1536
4
	0 1536
	10240 1536
	10240 1568
	0 1568
4
	0 1568
	10240 1568
	10240 1600
	0 1600
4
	0 1600
	10240 1600
	10240 1632
	0 1632
4
	0 1632
	10240 1632
	10240 1664
	0 1664
4
	0 1664
	10240 1664
	10240 1696
	0 1696
4
	0 1696
	10240 1696
	10240 1728
	0 1728
4
	0 1728
	10240 1728
	10240 1760
	0 1760
4
	0 1760
	10240 1760
	10240 1792
	0 1792
4
	0 1792
	10240 1792
	10240 1824
	0 1824
4
	0 1824
	10240 1824
	10240 1856
	0 1856
4
	0 1856
	10240 1856
	10240 1888
	0 1888
4
	0 1888
	10240 1888
	10240 1920
	0 1920
4
	0 1920
	10240 1920
	10240 1952
	0 1952
4
	0 1952
	10240 1952
	10240 1984
	0 1984
4
	0 1984
	10240 1984
	10240 2016
	0 2016
4
	0 2016
	10240 2016
	10240 2048
	0 2048
4
	0 2048
	10240 2048
	10240 2080
	0 2080
4
	0 2080
	4160 2080
	4160 2112
	0 2112
4
	4480 2080
	10240 2080
	10240 2112
	4480 2112
4
	0 2112
	4160 2112
	4160 2144
	0 2144
4
	4480 2112
	10240 2112
	10240 2144
	4480 2144
4
	0 2144
	4160 2144
	4160 2176
	0 2176
4
	4480 2144
	10240 2144
	10240 2176
	4480 2176
4
	0 2176
	4160 2176
	4160 2208
	0 2208
4
	4480 2176
	10240 2176
	10240 2208
	4480 2208
4
	0 2208
	4160 2208
	4160 2240
	0 2240
4
	4480 2208
	10240 2208
	10240 2240
	4480 2240
4
	0 2240
	4160 2240
	4160 2272
	0 2272
4
	4480 2240
	10240 2240
	10240 2272
	4480 2272
4
	0 2272
	4160 2272
	4160 2304
	0 2304
4
	4480 2272
	10240 2272
	10240 2304
	4480 2304
4
	0 2304
	4160 2304
	4160 2336
	0 2336
4
	4480 2304
	10240 2304
	10240 2336
	4480 2336
4
	0 2336
	4160 2336
	4160 2368
	0 2368
4
	4480 2336
	10240 2336
	10240 2368
	4480 2368
4
	0 2368
	4160 2368
	4160 2400
	0 2400
4
	4480 2368
	10240 2368
	10240 2400
	4480 2400
4
	0 2400
	4160 2400
	4160 2432
	0 2432
4
	4480 2400
	10240 2400
	10240 2432
	4480 2432
4
	0 2432
	4160 2432
	4160 2464
	0 2464
4
	4480 2432
	10240 2432
	10240 2464
	4480 2464
4
	0 2464
	4160 2464
	4160 2496
	0 2496
4
	4480 2464
	10240 2464
	10240 2496
	4480 2496
4
	0 2496
	4160 2496
	4160 2528
	0 2528
4
	4480 2496
	10240 2496
	10240 2528
	4480 2528
4
	0 2528
	4160 2528
	4160 2560
	0 2560
4
	4480 2528
	10240 2528
	10240 2560
	4480 2560
4
	0 2560
	4160 2560
	4160 2592
	0 2592
4
	4480 2560
	10240 2560
	10240 2592
	4480 2592
4
	0 2592
	4160 2592
	4160 2624
	0 2624
4
	4480 2592
	10240 2592
	10240 2624
	4480 2624
4
	0 2624
	4160 2624
	4160 2656
	0 2656
4
	4480 2624
	10240 2624
	10240 2656
	4480 2656
4
	0 2656
	4160 2656
	4160 2688
	0 2688
4
	4480 2656
	10240 2656
	10240 2688
	4480 2688
4
	0 2688
	4160 2688
	4160 2720
	0 2720
4
	4480 2688
	10240 2688
	10240 2720
	4480 2720
4
	0 2720
	4160 2720
	4160 2752
	0 2752
4
	4480 2720
	10240 2720
	10240 2752
	4480 2752
4
	0 2752
	4160 2752
	4160 2784
	0 2784
4
	4480 2752
	10240 2752
	10240 2784
	4480 2784
4
	0 2784
	4160 2784
	4160 2816
	0 2816
4
	4480 2784
	10240 2784
	10240 2816
	4480 2816
4
	0 2816
	4160 2816
	4160 2848
	0 2848
4
	4480 2816
	10240 2816
	10240 2848
	4480 2848
4
	0 2848
	4160 2848
	4160 2880
	0 2880
4
	4480 2848
	10240 2848
	10240 2880
	4480 2880
4
	0 2880
	4160 2880
	4160 2912
	0 2912
4
	4480 2880
	10240 2880
	10240 2912
	4480 2912
4
	0 2912
	4160 2912
	4160 2944
	0 2944
4
	4512 2912
	10240 2912
	10240 2944
	4512 2944
4
	0 2944
	4160 2944
	4160 2976
	0 2976
4
	4512 2944
	10240 2944
	10240 2976
	4512 2976
4
	0 2976
	4160 2976
	4160 3008
	0 3008
4
	4512 2976
	10240 2976
	10240 3008
	4512 3008
4
	0 3008
	4160 3008
	4160 3040
	0 3040
4
	4512 3008
	10240 3008
	10240 3040
	4512 3040
4
	0 3040
	4160 3040
	4160 3072
	0 3072
4
	4512 3040
	10240 3040
	10240 3072
	4512 3072
4
	0 3072
	4160 3072
	4160 3104
	0 3104
4
	4512 3072
	10240 3072
	10240 3104
	4512 3104
4
	0 3104
	4160 3104
	4160 3136
	0 3136
4
	4512 3104
	10240 3104
	10240 3136
	4512 3136
4
	0 3136
	4160 3136
	4160 3168
	0 3168
4
	4512 3136
	10240 3136
	10240 3168
	4512 3168
4
	0 3168
	4160 3168
	4160 3200
	0 3200
4
	4512 3168
	10240 3168
	10240 3200
	4512 3200
4
	0 3200
	4160 3200
	4160 3232
	0 3232
4
	4512 3200
	10240 3200
	10240 3232
	4512 3232
4
	0 3232
	4160 3232
	4160 3264
	0 3264
4
	4512 3232
	10240 3232
	10240 3264
	4512 3264
4
	0 3264
	4160 3264
	4160 3296
	0 3296
4
	4512 3264
	10240 3264
	10240 3296
	4512 3296
4
	0 3296
	4160 3296
	4160 3328
	0 3328
4
	4512 3296
	10240 3296
	10240 3328
	4512 3328
4
	0 3328
	4160 3328
	4160 3360
	0 3360
4
	4512 3328
	10240 3328
	10240 3360
	4512 3360
4
	0 3360
	4160 3360
	4160 3392
	0 3392
4
	4512 3360
	10240 3360
	10240 3392
	4512 3392
4
	0 3392
	4160 3392
	4160 3424
	0 3424
4
	4512 3392
	10240 3392
	10240 3424
	4512 3424
4
	0 3424
	4160 3424
	4160 3456
	0 3456
4
	4512 3424
	10240 3424
	10240 3456
	4512 3456
4
	0 3456
	4160 3456
	4160 3488
	0 3488
4
	4512 3456
	10240 3456
	10240 3488
	4512 3488
4
	0 3488
	4160 3488
	4160 3520
	0 3520
4
	4512 3488
	10240 3488
	10240 3520
	4512 3520
4
	0 3520
	4160 3520
	4160 3552
	0 3552
4
	4512 3520
	10240 3520
	10240 3552
	4512 3552
4
	0 3552
	4160 3552
	4160 3584
	0 3584
4
	4480 3552
	10240 3552
	10240 3584
	4480 3584
4
	0 3584
	4160 3584
	4160 3616
	0 3616
4
	4480 3584
	10240 3584
	10240 3616
	4480 3616
4
	0 3616
	4160 3616
	4160 3648
	0 3648
4
	4480 3616
	10240 3616
	10240 3648
	4480 3648
4
	0 3648
	4160 3648
	4160 3680
	0 3680
4
	4480 3648
	10240 3648
	10240 3680
	4480 3680
4
	0 3680
	4160 3680
	4160 3712
	0 3712
4
	4480 3680
	10240 3680
	10240 3712
	4480 3712
4
	0 3712
	4160 3712
	4160 3744
	0 3744
4
	4480 3712
	10240 3712
	10240 3744
	4480 3744
4
	0 3744
	4160 3744
	4160 3776
	0 3776
4
	4480 3744
	10240 3744
	10240 3776
	4480 3776
4
	0 3776
	4160 3776
	4160 3808
	0 3808
4
	4480 3776
	10240 3776
	10240 3808
	4480 3808
4
	0 3808
	4160 3808
	4160 3840
	0 3840
4
	4480 3808
	10240 3808
	10240 3840
	4480 3840
4
	0 3840
	4160 3840
	4160 3872
	0 3872
4
	4480 3840
	10240 3840
	10240 3872
	4480 3872
4
	0 3872
	4160 3872
	4160 3904
	0 3904
4
	4480 3872
	10240 3872
	10240 3904
	4480 3904
4
	0 3904
	4160 3904
	4160 3936
	0 3936
4
	4480 3904
	10240 3904
	10240 3936
	4480 3936
4
	0 3936
	4160 3936
	4160 3968
	0 3968
4
	4480 3936
	10240 3936
	10240 3968
	4480 3968
4
	0 3968
	4160 3968
	4160 4000
	0 4000
4
	4480 3968
	10240 3968
	10240 4000
	4480 4000
4
	0 4000
	4160 4000
	4160 4032
	0 4032
4
	4480 4000
	10240 4000
	10240 4032
	4480 4032
4
	0 4032
	4160 4032
	4160 4064
	0 4064
4
	4480 4032
	10240 4032
	10240 4064
	4480 4064
4
	0 4064
	4160 4064
	4160 4096
	0 4096
4
	4480 4064
	10240 4064
	10240 4096
	4480 4096
4
	0 4096
	4160 4096
	4160 4128
	0 4128
4
	4480 4096
	10240 4096
	10240 4128
	4480 4128
4
	0 4128
	4160 4128
	4160 4160
	0 4160
4
	4480 4128
	10240 4128
	10240 4160
	4480 4160
4
	0 4160
	4160 4160
	4160 4192
	0 4192
4
	4480 4160
	10240 4160
	10240 4192
	4480 4192
4
	0 4192
	4160 4192
	4160 4224
	0 4224
4
	4480 4192
	10240 4192
	10240 4224
	4480 4224
4
	0 4224
	4160 4224
	4160 4256
	0 4256
4
	4480 4224
	10240 4224
	10240 4256
	4480 4256
4
	0 4256
	4160 4256
	4160 4288
	0 4288
4
	4480 4256
	10240 4256
	10240 4288
	4480 4288
4
	0 4288
	4160 4288
	4160 4320
	0 4320
4
	4480 4288
	10240 4288
	10240 4320
	4480 4320
4
	0 4320
	4160 4320
	4160 4352
	0 4352
4
	4480 4320
	10240 4320
	10240 4352
	4480 4352
4
	0 4352
	4160 4352
	4160 4384
	0 4384
4
	4480 4352
	10240 4352
	10240 4384
	4480 4384
4
	0 4384
	4160 4384
	4160 4416
	0 4416
4
	4480 4384
	10240 4384
	10240 4416
	4480 4416
4
	0 4416
	4160 4416
	4160 4448
	0 4448
4
	4480 4416
	10240 4416
	10240 4448
	4480 4448
4
	0 4448
	4160 4448
	4160 4480
	0 4480
4
	4480 4448
	10240 4448
	10240 4480
	4480 4480
4
	0 4480
	4160 4480
	4160 4512
	0 4512
4
	4480 4480
	10240 4480
	10240 4512
	4480 4512
4
	0 4512
	4160 4512
	4160 4544
	0 4544
4
	4480 4512
	10240 4512
	10240 4544
	4480 4544
4
	0 4544
	4160 4544
	4160 4576
	0 4576
4
	4480 4544
	10240 4544
	10240 4576
	4480 4576
4
	0 4576
	4160 4576
	4160 4608
	0 4608
4
	4480 4576
	10240 4576
	10240 4608
	4480 4608
4
	0 4608
	4160 4608
	4160 4640
	0 4640
4
	4480 4608
	10240 4608
	10240 4640
	4480 4640
4
	0 4640
	4160 4640
	4160 4672
	0 4672
4
	4480 4640
	10240 4640
	10240 4672
	4480 4672
4
	0 4672
	4160 4672
	4160 4704
	0 4704
4
	4480 4672
	10240 4672
	10240 4704
	4480 4704
4
	0 4704
	4160 4704
	4160 4736
	0 4736
4
	4480 4704
	10240 4704
	10240 4736
	4480 4736
4
	0 4736
	4160 4736
	4160 4768
	0 4768
4
	4480 4736
	10240 4736
	10240 4768
	4480 4768
4
	0 4768
	4160 4768
	4160 4800
	0 4800
4
	4480 4768
	10240 4768
	10240 4800
	4480 4800
4
	0 4800
	4160 4800
	4160 4832
	0 4832
4
	4480 4800
	10240 4800
	10240 4832
	4480 4832
4
	0 4832
	4160 4832
	4160 4864
	0 4864
4
	4480 4832
	10240 4832
	10240 4864
	4480 4864
4
	0 4864
	4160 4864
	4160 4896
	0 4896
4
	4480 4864
	10240 4864
	10240 4896
	4480 4896
4
	0 4896
	4160 4896
	4160 4928
	0 4928
4
	4480 4896
	10240 4896
	10240 4928
	4480 4928
4
	0 4928
	4160 4928
	4160 4960
	0 4960
4
	4480 4928
	10240 4928
	10240 4960
	4480 4960
4
	0 4960
	4160 4960
	4160 4992
	0 4992
4
	4480 4960
	10240 4960
	10240 4992
	4480 4992
4
	0 4992
	4160 4992
	4160 5024
	0 5024
4
	4480 4992
	10240 4992
	10240 5024
	4480 5024
4
	0 5024
	4160 5024
	4160 5056
	0 5056
4
	4480 5024
	10240 5024
	10240 5056
	4480 5056
4
	0 5056
	4160 5056
	4160 5088
	0 5088
4
	4480 5056
	10240 5056
	10240 5088
	4480 5088
4
	0 5088
	4160 5088
	4160 5120
	0 5120
4
	4480 5088
	10240 5088
	10240 5120
	4480 5120
4
	0 5120
	4160 5120
	4160 5152
	0 5152
4
	4480 5120
	10240 5120
	10240 5152
	4480 5152
4
	0 5152
	4160 5152
	4160 5184
	0 5184
4
	4480 5152
	10240 5152
	10240 5184
	4480 5184
4
	0 5184
	4160 5184
	4160 5216
	0 5216
4
	4544 5184
	10240 5184
	10240 5216
	4544 5216
4
	0 5216
	4160 5216
	4160 5248
	0 5248
4
	4544 5216
	10240 5216
	10240 5248
	4544 5248
4
	0 5248
	3936 5248
	3936 5280
	0 5280
4
	4512 5248
	10240 5248
	10240 5280
	4512 5280
4
	0 5280
	3872 5280
	3872 5312
	0 5312
4
	4512 5280
	10240 5280
	10240 5312
	4512 5312
4
	0 5312
	3808 5312
	3808 5344
	0 5344
4
	4512 5312
	10240 5312
	10240 5344
	4512 5344
4
	0 5344
	3776 5344
	3776 5376
	0 5376
4
	4544 5344
	10240 5344
	10240 5376
	4544 5376
4
	0 5376
	3776 5376
	3776 5408
	0 5408
4
	4576 5376
	4768 5376
	4768 5408
	4576 5408
4
	4928 5376
	10240 5376
	10240 5408
	4928 5408
4
	0 5408
	3808 5408
	3808 5440
	0 5440
4
	4928 5408
	10240 5408
	10240 5440
	4928 5440
4
	0 5440
	3776 5440
	3776 5472
	0 5472
4
	4960 5440
	10240 5440
	10240 5472
	4960 5472
4
	0 5472
	3648 5472
	3648 5504
	0 5504
4
	3712 5472
	3776 5472
	3776 5504
	3712 5504
4
	4992 5472
	10240 5472
	10240 5504
	4992 5504
4
	0 5504
	3552 5504
	3552 5536
	0 5536
4
	3712 5504
	3744 5504
	3744 5536
	3712 5536
4
	5024 5504
	10240 5504
	10240 5536
	5024 5536
4
	0 5536
	3456 5536
	3456 5568
	0 5568
4
	4992 5536
	10240 5536
	10240 5568
	4992 5568
4
	0 5568
	3360 5568
	3360 5600
	0 5600
4
	4960 5568
	10240 5568
	10240 5600
	4960 5600
4
	0 5600
	3104 5600
	3104 5632
	0 5632
4
	3136 5600
	3264 5600
	3264 5632
	3136 5632
4
	3584 5600
	3616 5600
	3616 5632
	3584 5632
4
	4960 5600
	10240 5600
	10240 5632
	4960 5632
4
	0 5632
	3040 5632
	3040 5664
	0 5664
4
	3168 5632
	3200 5632
	3200 5664
	3168 5664
4
	3520 5632
	3648 5632
	3648 5664
	3520 5664
4
	4992 5632
	10240 5632
	10240 5664
	4992 5664
4
	0 5664
	3040 5664
	3040 5696
	0 5696
4
	3168 5664
	3232 5664
	3232 5696
	3168 5696
4
	3520 5664
	3648 5664
	3648 5696
	3520 5696
4
	5056 5664
	10240 5664
	10240 5696
	5056 5696
4
	0 5696
	2880 5696
	2880 5728
	0 5728
4
	3520 5696
	3584 5696
	3584 5728
	3520 5728
4
	5088 5696
	10240 5696
	10240 5728
	5088 5728
4
	0 5728
	2880 5728
	2880 5760
	0 5760
4
	4896 5728
	4960 5728
	4960 5760
	4896 5760
4
	5120 5728
	10240 5728
	10240 5760
	5120 5760
4
	0 5760
	2880 5760
	2880 5792
	0 5792
4
	4864 5760
	5024 5760
	5024 5792
	4864 5792
4
	5088 5760
	10240 5760
	10240 5792
	5088 5792
4
	0 5792
	3040 5792
	3040 5824
	0 5824
4
	4768 5792
	10240 5792
	10240 5824
	4768 5824
4
	0 5824
	3040 5824
	3040 5856
	0 5856
4
	4768 5824
	10240 5824
	10240 5856
	4768 5856
4
	0 5856
	3040 5856
	3040 5888
	0 5888
4
	4736 5856
	10240 5856
	10240 5888
	4736 5888
4
	0 5888
	3040 5888
	3040 5920
	0 5920
4
	4736 5888
	10240 5888
	10240 5920
	4736 5920
4
	0 5920
	3104 5920
	3104 5952
	0 5952
4
	4736 5920
	10240 5920
	10240 5952
	4736 5952
4
	0 5952
	3104 5952
	3104 5984
	0 5984
4
	4704 5952
	10240 5952
	10240 5984
	4704 5984
4
	0 5984
	3136 5984
	3136 6016
	0 6016
4
	4608 5984
	4640 5984
	4640 6016
	4608 6016
4
	4704 5984
	10240 5984
	10240 6016
	4704 6016
4
	0 6016
	3136 6016
	3136 6048
	0 6048
4
	4768 6016
	10240 6016
	10240 6048
	4768 6048
4
	0 6048
	3136 6048
	3136 6080
	0 6080
4
	4768 6048
	10240 6048
	10240 6080
	4768 6080
4
	0 6080
	3072 6080
	3072 6112
	0 6112
4
	4512 6080
	4544 6080
	4544 6112
	4512 6112
4
	4736 6080
	10240 6080
	10240 6112
	4736 6112
4
	0 6112
	3008 6112
	3008 6144
	0 6144
4
	3040 6112
	3072 6112
	3072 6144
	3040 6144
4
	4736 6112
	10240 6112
	10240 6144
	4736 6144
4
	0 6144
	3008 6144
	3008 6176
	0 6176
4
	4608 6144
	4672 6144
	4672 6176
	4608 6176
4
	4736 6144
	10240 6144
	10240 6176
	4736 6176
4
	0 6176
	3008 6176
	3008 6208
	0 6208
4
	4704 6176
	10240 6176
	10240 6208
	4704 6208
4
	0 6208
	3008 6208
	3008 6240
	0 6240
4
	4704 6208
	10240 6208
	10240 6240
	4704 6240
4
	0 6240
	2848 6240
	2848 6272
	0 6272
4
	4672 6240
	10240 6240
	10240 6272
	4672 6272
4
	0 6272
	2816 6272
	2816 6304
	0 6304
4
	4256 6272
	4320 6272
	4320 6304
	4256 6304
4
	4608 6272
	10240 6272
	10240 6304
	4608 6304
4
	0 6304
	2816 6304
	2816 6336
	0 6336
4
	4224 6304
	4352 6304
	4352 6336
	4224 6336
4
	4544 6304
	10240 6304
	10240 6336
	4544 6336
4
	0 6336
	3008 6336
	3008 6368
	0 6368
4
	4192 6336
	10240 6336
	10240 6368
	4192 6368
4
	0 6368
	3008 6368
	3008 6400
	0 6400
4
	4160 6368
	10240 6368
	10240 6400
	4160 6400
4
	0 6400
	3008 6400
	3008 6432
	0 6432
4
	4128 6400
	10240 6400
	10240 6432
	4128 6432
4
	0 6432
	2976 6432
	2976 6464
	0 6464
4
	4128 6432
	10240 6432
	10240 6464
	4128 6464
4
	0 6464
	3040 6464
	3040 6496
	0 6496
4
	4160 6464
	10240 6464
	10240 6496
	4160 6496
4
	0 6496
	3040 6496
	3040 6528
	0 6528
4
	4192 6496
	10240 6496
	10240 6528
	4192 6528
4
	0 6528
	3040 6528
	3040 6560
	0 6560
4
	3072 6528
	3168 6528
	3168 6560
	3072 6560
4
	4192 6528
	10240 6528
	10240 6560
	4192 6560
4
	0 6560
	3040 6560
	3040 6592
	0 6592
4
	3072 6560
	3200 6560
	3200 6592
	3072 6592
4
	4192 6560
	10240 6560
	10240 6592
	4192 6592
4
	0 6592
	3040 6592
	3040 6624
	0 6624
4
	3072 6592
	3200 6592
	3200 6624
	3072 6624
4
	4192 6592
	10240 6592
	10240 6624
	4192 6624
4
	0 6624
	3040 6624
	3040 6656
	0 6656
4
	3072 6624
	3200 6624
	3200 6656
	3072 6656
4
	3232 6624
	3296 6624
	3296 6656
	3232 6656
4
	3776 6624
	3840 6624
	3840 6656
	3776 6656
4
	4064 6624
	4160 6624
	4160 6656
	4064 6656
4
	4192 6624
	10240 6624
	10240 6656
	4192 6656
4
	0 6656
	3168 6656
	3168 6688
	0 6688
4
	3232 6656
	3296 6656
	3296 6688
	3232 6688
4
	3776 6656
	3840 6656
	3840 6688
	3776 6688
4
	4064 6656
	10240 6656
	10240 6688
	4064 6688
4
	0 6688
	3104 6688
	3104 6720
	0 6720
4
	3232 6688
	3328 6688
	3328 6720
	3232 6720
4
	3744 6688
	10240 6688
	10240 6720
	3744 6720
4
	0 6720
	3360 6720
	3360 6752
	0 6752
4
	3744 6720
	10240 6720
	10240 6752
	3744 6752
4
	0 6752
	3360 6752
	3360 6784
	0 6784
4
	3744 6752
	10240 6752
	10240 6784
	3744 6784
4
	0 6784
	3360 6784
	3360 6816
	0 6816
4
	3744 6784
	10240 6784
	10240 6816
	3744 6816
4
	0 6816
	3360 6816
	3360 6848
	0 6848
4
	3744 6816
	3904 6816
	3904 6848
	3744 6848
4
	4192 6816
	10240 6816
	10240 6848
	4192 6848
4
	0 6848
	2912 6848
	2912 6880
	0 6880
4
	3296 6848
	3360 6848
	3360 6880
	3296 6880
4
	3776 6848
	3808 6848
	3808 6880
	3776 6880
4
	4160 6848
	10240 6848
	10240 6880
	4160 6880
4
	0 6880
	2912 6880
	2912 6912
	0 6912
4
	3296 6880
	3360 6880
	3360 6912
	3296 6912
4
	3776 6880
	3808 6880
	3808 6912
	3776 6912
4
	4160 6880
	10240 6880
	10240 6912
	4160 6912
4
	0 6912
	2912 6912
	2912 6944
	0 6944
4
	3296 6912
	3360 6912
	3360 6944
	3296 6944
4
	3776 6912
	3808 6912
	3808 6944
	3776 6944
4
	4160 6912
	10240 6912
	10240 6944
	4160 6944
4
	0 6944
	2912 6944
	2912 6976
	0 6976
4
	3296 6944
	3360 6944
	3360 6976
	3296 6976
4
	3776 6944
	3808 6944
	3808 6976
	3776 6976
4
	4160 6944
	10240 6944
	10240 6976
	4160 6976
4
	0 6976
	2912 6976
	2912 7008
	0 7008
4
	3296 6976
	3360 6976
	3360 7008
	3296 7008
4
	3776 6976
	3808 6976
	3808 7008
	3776 7008
4
	4224 6976
	10240 6976
	10240 7008
	4224 7008
4
	0 7008
	2912 7008
	2912 7040
	0 7040
4
	3296 7008
	3360 7008
	3360 7040
	3296 7040
4
	3776 7008
	3808 7008
	3808 7040
	3776 7040
4
	4224 7008
	10240 7008
	10240 7040
	4224 7040
4
	0 7040
	2880 7040
	2880 7072
	0 7072
4
	3040 7040
	3392 7040
	3392 7072
	3040 7072
4
	3776 7040
	3808 7040
	3808 7072
	3776 7072
4
	4224 7040
	10240 7040
	10240 7072
	4224 7072
4
	0 7072
	2880 7072
	2880 7104
	0 7104
4
	3104 7072
	3360 7072
	3360 7104
	3104 7104
4
	3776 7072
	3808 7072
	3808 7104
	3776 7104
4
	4224 7072
	10240 7072
	10240 7104
	4224 7104
4
	0 7104
	2848 7104
	2848 7136
	0 7136
4
	3776 7104
	3808 7104
	3808 7136
	3776 7136
4
	3936 7104
	4000 7104
	4000 7136
	3936 7136
4
	4224 7104
	10240 7104
	10240 7136
	4224 7136
4
	0 7136
	2816 7136
	2816 7168
	0 7168
4
	3776 7136
	3808 7136
	3808 7168
	3776 7168
4
	3936 7136
	4000 7136
	4000 7168
	3936 7168
4
	4224 7136
	10240 7136
	10240 7168
	4224 7168
4
	0 7168
	2784 7168
	2784 7200
	0 7200
4
	3776 7168
	3808 7168
	3808 7200
	3776 7200
4
	3936 7168
	4000 7168
	4000 7200
	3936 7200
4
	4224 7168
	10240 7168
	10240 7200
	4224 7200
4
	0 7200
	2784 7200
	2784 7232
	0 7232
4
	3776 7200
	3808 7200
	3808 7232
	3776 7232
4
	3936 7200
	4000 7200
	4000 7232
	3936 7232
4
	4224 7200
	10240 7200
	10240 7232
	4224 7232
4
	0 7232
	2784 7232
	2784 7264
	0 7264
4
	3008 7232
	3392 7232
	3392 7264
	3008 7264
4
	3776 7232
	3808 7232
	3808 7264
	3776 7264
4
	3936 7232
	4000 7232
	4000 7264
	3936 7264
4
	4224 7232
	10240 7232
	10240 7264
	4224 7264
4
	0 7264
	2784 7264
	2784 7296
	0 7296
4
	3008 7264
	3104 7264
	3104 7296
	3008 7296
4
	3776 7264
	3808 7264
	3808 7296
	3776 7296
4
	3936 7264
	4000 7264
	4000 7296
	3936 7296
4
	4224 7264
	10240 7264
	10240 7296
	4224 7296
4
	0 7296
	2784 7296
	2784 7328
	0 7328
4
	3008 7296
	3072 7296
	3072 7328
	3008 7328
4
	3776 7296
	3808 7296
	3808 7328
	3776 7328
4
	3936 7296
	4000 7296
	4000 7328
	3936 7328
4
	4192 7296
	10240 7296
	10240 7328
	4192 7328
4
	0 7328
	3072 7328
	3072 7360
	0 7360
4
	3776 7328
	3808 7328
	3808 7360
	3776 7360
4
	3936 7328
	4000 7328
	4000 7360
	3936 7360
4
	4192 7328
	10240 7328
	10240 7360
	4192 7360
4
	0 7360
	3040 7360
	3040 7392
	0 7392
4
	3136 7360
	3168 7360
	3168 7392
	3136 7392
4
	3776 7360
	3808 7360
	3808 7392
	3776 7392
4
	3936 7360
	10240 7360
	10240 7392
	3936 7392
4
	0 7392
	3040 7392
	3040 7424
	0 7424
4
	3136 7392
	3168 7392
	3168 7424
	3136 7424
4
	3776 7392
	3808 7392
	3808 7424
	3776 7424
4
	3968 7392
	10240 7392
	10240 7424
	3968 7424
4
	0 7424
	3072 7424
	3072 7456
	0 7456
4
	3136 7424
	3200 7424
	3200 7456
	3136 7456
4
	3776 7424
	3808 7424
	3808 7456
	3776 7456
4
	3968 7424
	4032 7424
	4032 7456
	3968 7456
4
	4064 7424
	10240 7424
	10240 7456
	4064 7456
4
	0 7456
	3200 7456
	3200 7488
	0 7488
4
	4128 7456
	10240 7456
	10240 7488
	4128 7488
4
	0 7488
	3200 7488
	3200 7520
	0 7520
4
	4192 7488
	10240 7488
	10240 7520
	4192 7520
4
	0 7520
	3200 7520
	3200 7552
	0 7552
4
	4192 7520
	10240 7520
	10240 7552
	4192 7552
4
	0 7552
	3200 7552
	3200 7584
	0 7584
4
	4192 7552
	10240 7552
	10240 7584
	4192 7584
4
	0 7584
	3200 7584
	3200 7616
	0 7616
4
	4192 7584
	10240 7584
	10240 7616
	4192 7616
4
	0 7616
	3232 7616
	3232 7648
	0 7648
4
	4192 7616
	10240 7616
	10240 7648
	4192 7648
4
	0 7648
	3232 7648
	3232 7680
	0 7680
4
	4160 7648
	10240 7648
	10240 7680
	4160 7680
4
	0 7680
	3232 7680
	3232 7712
	0 7712
4
	4160 7680
	10240 7680
	10240 7712
	4160 7712
4
	0 7712
	3232 7712
	3232 7744
	0 7744
4
	3264 7712
	3360 7712
	3360 7744
	3264 7744
4
	4224 7712
	5376 7712
	5376 7744
	4224 7744
4
	5408 7712
	10240 7712
	10240 7744
	5408 7744
4
	0 7744
	3360 7744
	3360 7776
	0 7776
4
	4288 7744
	5376 7744
	5376 7776
	4288 7776
4
	5408 7744
	10240 7744
	10240 7776
	5408 7776
4
	0 7776
	3328 7776
	3328 7808
	0 7808
4
	4256 7776
	4352 7776
	4352 7808
	4256 7808
4
	4544 7776
	5376 7776
	5376 7808
	4544 7808
4
	5408 7776
	10240 7776
	10240 7808
	5408 7808
4
	0 7808
	3296 7808
	3296 7840
	0 7840
4
	4224 7808
	4352 7808
	4352 7840
	4224 7840
4
	4544 7808
	5376 7808
	5376 7840
	4544 7840
4
	5440 7808
	10240 7808
	10240 7840
	5440 7840
4
	0 7840
	3232 7840
	3232 7872
	0 7872
4
	4224 7840
	4352 7840
	4352 7872
	4224 7872
4
	4416 7840
	4704 7840
	4704 7872
	4416 7872
4
	5568 7840
	10240 7840
	10240 7872
	5568 7872
4
	0 7872
	3232 7872
	3232 7904
	0 7904
4
	4256 7872
	4352 7872
	4352 7904
	4256 7904
4
	4576 7872
	4640 7872
	4640 7904
	4576 7904
4
	5568 7872
	5728 7872
	5728 7904
	5568 7904
4
	5792 7872
	10240 7872
	10240 7904
	5792 7904
4
	0 7904
	3296 7904
	3296 7936
	0 7936
4
	5568 7904
	5728 7904
	5728 7936
	5568 7936
4
	5792 7904
	10240 7904
	10240 7936
	5792 7936
4
	0 7936
	3296 7936
	3296 7968
	0 7968
4
	5568 7936
	5728 7936
	5728 7968
	5568 7968
4
	5792 7936
	10240 7936
	10240 7968
	5792 7968
4
	0 7968
	3296 7968
	3296 8000
	0 8000
4
	5760 7968
	10240 7968
	10240 8000
	5760 8000
4
	0 8000
	3296 8000
	3296 8032
	0 8032
4
	3392 8000
	3424 8000
	3424 8032
	3392 8032
4
	3456 8000
	3520 8000
	3520 8032
	3456 8032
4
	5760 8000
	10240 8000
	10240 8032
	5760 8032
4
	0 8032
	3296 8032
	3296 8064
	0 8064
4
	3328 8032
	3552 8032
	3552 8064
	3328 8064
4
	5792 8032
	10240 8032
	10240 8064
	5792 8064
4
	0 8064
	3424 8064
	3424 8096
	0 8096
4
	3456 8064
	3552 8064
	3552 8096
	3456 8096
4
	5792 8064
	6784 8064
	6784 8096
	5792 8096
4
	6943 8095
	6945 8095
	6945 8097
	6943 8097
4
	6944 8064
	6976 8064
	6976 8096
	6944 8096
4
	7104 8064
	10240 8064
	10240 8096
	7104 8096
4
	0 8096
	3360 8096
	3360 8128
	0 8128
4
	3456 8096
	3552 8096
	3552 8128
	3456 8128
4
	5792 8096
	6752 8096
	6752 8128
	5792 8128
4
	6816 8096
	6944 8096
	6944 8128
	6816 8128
4
	7104 8096
	10240 8096
	10240 8128
	7104 8128
4
	0 8128
	3328 8128
	3328 8160
	0 8160
4
	5792 8128
	6720 8128
	6720 8160
	5792 8160
4
	7040 8128
	10240 8128
	10240 8160
	7040 8160
4
	0 8160
	3328 8160
	3328 8192
	0 8192
4
	5824 8160
	6688 8160
	6688 8192
	5824 8192
4
	7072 8160
	10240 8160
	10240 8192
	7072 8192
4
	0 8192
	3328 8192
	3328 8224
	0 8224
4
	5824 8192
	6688 8192
	6688 8224
	5824 8224
4
	7104 8192
	10240 8192
	10240 8224
	7104 8224
4
	0 8224
	3328 8224
	3328 8256
	0 8256
4
	6272 8224
	6368 8224
	6368 8256
	6272 8256
4
	6400 8224
	6688 8224
	6688 8256
	6400 8256
4
	7104 8224
	10240 8224
	10240 8256
	7104 8256
4
	0 8256
	3328 8256
	3328 8288
	0 8288
4
	6272 8256
	6368 8256
	6368 8288
	6272 8288
4
	6624 8256
	6688 8256
	6688 8288
	6624 8288
4
	7136 8256
	7200 8256
	7200 8288
	7136 8288
4
	7232 8256
	10240 8256
	10240 8288
	7232 8288
4
	0 8288
	3328 8288
	3328 8320
	0 8320
4
	4896 8288
	5088 8288
	5088 8320
	4896 8320
4
	6624 8288
	6688 8288
	6688 8320
	6624 8320
4
	7264 8288
	10240 8288
	10240 8320
	7264 8320
4
	0 8320
	3328 8320
	3328 8352
	0 8352
4
	3552 8320
	3616 8320
	3616 8352
	3552 8352
4
	3744 8320
	3904 8320
	3904 8352
	3744 8352
4
	4896 8320
	5088 8320
	5088 8352
	4896 8352
4
	6624 8320
	6688 8320
	6688 8352
	6624 8352
4
	7264 8320
	10240 8320
	10240 8352
	7264 8352
4
	0 8352
	3328 8352
	3328 8384
	0 8384
4
	3488 8352
	3616 8352
	3616 8384
	3488 8384
4
	3744 8352
	4096 8352
	4096 8384
	3744 8384
4
	4896 8352
	5088 8352
	5088 8384
	4896 8384
4
	5312 8352
	5440 8352
	5440 8384
	5312 8384
4
	6624 8352
	6688 8352
	6688 8384
	6624 8384
4
	7264 8352
	10240 8352
	10240 8384
	7264 8384
4
	0 8384
	3360 8384
	3360 8416
	0 8416
4
	3456 8384
	3552 8384
	3552 8416
	3456 8416
4
	3744 8384
	4192 8384
	4192 8416
	3744 8416
4
	4896 8384
	5088 8384
	5088 8416
	4896 8416
4
	5280 8384
	5440 8384
	5440 8416
	5280 8416
4
	6624 8384
	6688 8384
	6688 8416
	6624 8416
4
	7264 8384
	10240 8384
	10240 8416
	7264 8416
4
	0 8416
	4224 8416
	4224 8448
	0 8448
4
	4896 8416
	5088 8416
	5088 8448
	4896 8448
4
	5216 8416
	5472 8416
	5472 8448
	5216 8448
4
	6624 8416
	6688 8416
	6688 8448
	6624 8448
4
	7264 8416
	10240 8416
	10240 8448
	7264 8448
4
	0 8448
	4224 8448
	4224 8480
	0 8480
4
	4864 8448
	5024 8448
	5024 8480
	4864 8480
4
	5184 8448
	5440 8448
	5440 8480
	5184 8480
4
	6624 8448
	6688 8448
	6688 8480
	6624 8480
4
	7264 8448
	10240 8448
	10240 8480
	7264 8480
4
	0 8480
	4256 8480
	4256 8512
	0 8512
4
	4864 8480
	5088 8480
	5088 8512
	4864 8512
4
	5120 8480
	5408 8480
	5408 8512
	5120 8512
4
	6624 8480
	6688 8480
	6688 8512
	6624 8512
4
	7264 8480
	10240 8480
	10240 8512
	7264 8512
4
	0 8512
	4256 8512
	4256 8544
	0 8544
4
	4864 8512
	5344 8512
	5344 8544
	4864 8544
4
	6624 8512
	6688 8512
	6688 8544
	6624 8544
4
	7264 8512
	10240 8512
	10240 8544
	7264 8544
4
	0 8544
	4256 8544
	4256 8576
	0 8576
4
	4480 8544
	4576 8544
	4576 8576
	4480 8576
4
	4768 8544
	5280 8544
	5280 8576
	4768 8576
4
	6624 8544
	6688 8544
	6688 8576
	6624 8576
4
	7264 8544
	10240 8544
	10240 8576
	7264 8576
4
	0 8576
	4288 8576
	4288 8608
	0 8608
4
	4416 8576
	4576 8576
	4576 8608
	4416 8608
4
	4736 8576
	5248 8576
	5248 8608
	4736 8608
4
	6624 8576
	6688 8576
	6688 8608
	6624 8608
4
	7264 8576
	10240 8576
	10240 8608
	7264 8608
4
	0 8608
	4288 8608
	4288 8640
	0 8640
4
	4416 8608
	5280 8608
	5280 8640
	4416 8640
4
	6624 8608
	6688 8608
	6688 8640
	6624 8640
4
	7264 8608
	10240 8608
	10240 8640
	7264 8640
4
	0 8640
	4320 8640
	4320 8672
	0 8672
4
	4416 8640
	5280 8640
	5280 8672
	4416 8672
4
	5312 8640
	5440 8640
	5440 8672
	5312 8672
4
	6624 8640
	6912 8640
	6912 8672
	6624 8672
4
	7264 8640
	10240 8640
	10240 8672
	7264 8672
4
	0 8672
	4320 8672
	4320 8704
	0 8704
4
	4416 8672
	5248 8672
	5248 8704
	4416 8704
4
	5312 8672
	5440 8672
	5440 8704
	5312 8704
4
	6624 8672
	7008 8672
	7008 8704
	6624 8704
4
	7104 8672
	10240 8672
	10240 8704
	7104 8704
4
	0 8704
	4320 8704
	4320 8736
	0 8736
4
	4512 8704
	5248 8704
	5248 8736
	4512 8736
4
	5312 8704
	5376 8704
	5376 8736
	5312 8736
4
	6720 8704
	7008 8704
	7008 8736
	6720 8736
4
	7264 8704
	10240 8704
	10240 8736
	7264 8736
4
	0 8736
	4320 8736
	4320 8768
	0 8768
4
	4512 8736
	5248 8736
	5248 8768
	4512 8768
4
	5312 8736
	5408 8736
	5408 8768
	5312 8768
4
	7104 8736
	7168 8736
	7168 8768
	7104 8768
4
	7264 8736
	10240 8736
	10240 8768
	7264 8768
4
	0 8768
	4320 8768
	4320 8800
	0 8800
4
	4512 8768
	5248 8768
	5248 8800
	4512 8800
4
	5344 8768
	5440 8768
	5440 8800
	5344 8800
4
	5632 8768
	5696 8768
	5696 8800
	5632 8800
4
	7104 8768
	7168 8768
	7168 8800
	7104 8800
4
	7264 8768
	10240 8768
	10240 8800
	7264 8800
4
	0 8800
	4288 8800
	4288 8832
	0 8832
4
	4512 8800
	5248 8800
	5248 8832
	4512 8832
4
	5376 8800
	5440 8800
	5440 8832
	5376 8832
4
	5632 8800
	5728 8800
	5728 8832
	5632 8832
4
	7264 8800
	10240 8800
	10240 8832
	7264 8832
4
	0 8832
	4320 8832
	4320 8864
	0 8864
4
	4448 8832
	5216 8832
	5216 8864
	4448 8864
4
	5664 8832
	5728 8832
	5728 8864
	5664 8864
4
	7264 8832
	10240 8832
	10240 8864
	7264 8864
4
	0 8864
	4352 8864
	4352 8896
	0 8896
4
	4448 8864
	5248 8864
	5248 8896
	4448 8896
4
	5664 8864
	5760 8864
	5760 8896
	5664 8896
4
	7264 8864
	10240 8864
	10240 8896
	7264 8896
4
	0 8896
	4384 8896
	4384 8928
	0 8928
4
	4448 8896
	5248 8896
	5248 8928
	4448 8928
4
	5696 8896
	5760 8896
	5760 8928
	5696 8928
4
	7264 8896
	10240 8896
	10240 8928
	7264 8928
4
	0 8928
	5280 8928
	5280 8960
	0 8960
4
	5696 8928
	5792 8928
	5792 8960
	5696 8960
4
	7264 8928
	10240 8928
	10240 8960
	7264 8960
4
	0 8960
	5280 8960
	5280 8992
	0 8992
4
	5728 8960
	5760 8960
	5760 8992
	5728 8992
4
	7264 8960
	10240 8960
	10240 8992
	7264 8992
4
	0 8992
	2944 8992
	2944 9024
	0 9024
4
	3232 8992
	5280 8992
	5280 9024
	3232 9024
4
	7264 8992
	10240 8992
	10240 9024
	7264 9024
4
	0 9024
	2944 9024
	2944 9056
	0 9056
4
	3232 9024
	5280 9024
	5280 9056
	3232 9056
4
	5728 9024
	5760 9024
	5760 9056
	5728 9056
4
	6272 9024
	6560 9024
	6560 9056
	6272 9056
4
	7264 9024
	10240 9024
	10240 9056
	7264 9056
4
	0 9056
	2944 9056
	2944 9088
	0 9088
4
	3328 9056
	5120 9056
	5120 9088
	3328 9088
4
	5216 9056
	5248 9056
	5248 9088
	5216 9088
4
	5727 9087
	5729 9087
	5729 9089
	5727 9089
4
	5728 9056
	5760 9056
	5760 9088
	5728 9088
4
	6208 9056
	6624 9056
	6624 9088
	6208 9088
4
	7264 9056
	10240 9056
	10240 9088
	7264 9088
4
	0 9088
	2944 9088
	2944 9120
	0 9120
4
	3328 9088
	5056 9088
	5056 9120
	3328 9120
4
	5664 9088
	5728 9088
	5728 9120
	5664 9120
4
	6176 9088
	6688 9088
	6688 9120
	6176 9120
4
	7264 9088
	10240 9088
	10240 9120
	7264 9120
4
	0 9120
	2912 9120
	2912 9152
	0 9152
4
	3264 9120
	3744 9120
	3744 9152
	3264 9152
4
	3776 9120
	5056 9120
	5056 9152
	3776 9152
4
	5600 9120
	5728 9120
	5728 9152
	5600 9152
4
	6144 9120
	6688 9120
	6688 9152
	6144 9152
4
	7264 9120
	10240 9120
	10240 9152
	7264 9152
4
	0 9152
	2912 9152
	2912 9184
	0 9184
4
	3264 9152
	3744 9152
	3744 9184
	3264 9184
4
	3904 9152
	5056 9152
	5056 9184
	3904 9184
4
	5600 9152
	5696 9152
	5696 9184
	5600 9184
4
	6144 9152
	6720 9152
	6720 9184
	6144 9184
4
	7104 9152
	7136 9152
	7136 9184
	7104 9184
4
	7264 9152
	10240 9152
	10240 9184
	7264 9184
4
	0 9184
	2912 9184
	2912 9216
	0 9216
4
	3296 9184
	3744 9184
	3744 9216
	3296 9216
4
	3872 9184
	5056 9184
	5056 9216
	3872 9216
4
	6112 9184
	6752 9184
	6752 9216
	6112 9216
4
	7040 9184
	7072 9184
	7072 9216
	7040 9216
4
	7104 9184
	7136 9184
	7136 9216
	7104 9216
4
	7264 9184
	10240 9184
	10240 9216
	7264 9216
4
	0 9216
	2912 9216
	2912 9248
	0 9248
4
	3648 9216
	3744 9216
	3744 9248
	3648 9248
4
	3840 9216
	5312 9216
	5312 9248
	3840 9248
4
	5440 9216
	5504 9216
	5504 9248
	5440 9248
4
	6112 9216
	6752 9216
	6752 9248
	6112 9248
4
	7040 9216
	7072 9216
	7072 9248
	7040 9248
4
	7104 9216
	7136 9216
	7136 9248
	7104 9248
4
	7264 9216
	10240 9216
	10240 9248
	7264 9248
4
	0 9248
	2912 9248
	2912 9280
	0 9280
4
	3808 9248
	5312 9248
	5312 9280
	3808 9280
4
	5440 9248
	5504 9248
	5504 9280
	5440 9280
4
	6080 9248
	6752 9248
	6752 9280
	6080 9280
4
	7040 9248
	7072 9248
	7072 9280
	7040 9280
4
	7104 9248
	7136 9248
	7136 9280
	7104 9280
4
	7264 9248
	10240 9248
	10240 9280
	7264 9280
4
	0 9280
	2912 9280
	2912 9312
	0 9312
4
	3776 9280
	5312 9280
	5312 9312
	3776 9312
4
	6080 9280
	6784 9280
	6784 9312
	6080 9312
4
	7040 9280
	7072 9280
	7072 9312
	7040 9312
4
	7104 9280
	7136 9280
	7136 9312
	7104 9312
4
	7264 9280
	10240 9280
	10240 9312
	7264 9312
4
	0 9312
	2880 9312
	2880 9344
	0 9344
4
	3776 9312
	5344 9312
	5344 9344
	3776 9344
4
	6080 9312
	6784 9312
	6784 9344
	6080 9344
4
	7040 9312
	7072 9312
	7072 9344
	7040 9344
4
	7104 9312
	7136 9312
	7136 9344
	7104 9344
4
	7264 9312
	10240 9312
	10240 9344
	7264 9344
4
	0 9344
	2880 9344
	2880 9376
	0 9376
4
	3808 9344
	5344 9344
	5344 9376
	3808 9376
4
	6080 9344
	6784 9344
	6784 9376
	6080 9376
4
	7040 9344
	7072 9344
	7072 9376
	7040 9376
4
	7104 9344
	7136 9344
	7136 9376
	7104 9376
4
	7264 9344
	10240 9344
	10240 9376
	7264 9376
4
	0 9376
	2816 9376
	2816 9408
	0 9408
4
	3840 9376
	5312 9376
	5312 9408
	3840 9408
4
	6080 9376
	6784 9376
	6784 9408
	6080 9408
4
	7040 9376
	7072 9376
	7072 9408
	7040 9408
4
	7104 9376
	7136 9376
	7136 9408
	7104 9408
4
	7264 9376
	10240 9376
	10240 9408
	7264 9408
4
	0 9408
	2976 9408
	2976 9440
	0 9440
4
	3072 9408
	3136 9408
	3136 9440
	3072 9440
4
	3872 9408
	5280 9408
	5280 9440
	3872 9440
4
	6080 9408
	6784 9408
	6784 9440
	6080 9440
4
	7040 9408
	7072 9408
	7072 9440
	7040 9440
4
	7104 9408
	7136 9408
	7136 9440
	7104 9440
4
	7264 9408
	10240 9408
	10240 9440
	7264 9440
4
	0 9440
	3168 9440
	3168 9472
	0 9472
4
	3904 9440
	5248 9440
	5248 9472
	3904 9472
4
	5568 9440
	5632 9440
	5632 9472
	5568 9472
4
	6080 9440
	6752 9440
	6752 9472
	6080 9472
4
	7008 9440
	7072 9440
	7072 9472
	7008 9472
4
	7264 9440
	10240 9440
	10240 9472
	7264 9472
4
	0 9472
	2816 9472
	2816 9504
	0 9504
4
	3072 9472
	3168 9472
	3168 9504
	3072 9504
4
	3936 9472
	5184 9472
	5184 9504
	3936 9504
4
	5568 9472
	5632 9472
	5632 9504
	5568 9504
4
	6112 9472
	6752 9472
	6752 9504
	6112 9504
4
	7008 9472
	7072 9472
	7072 9504
	7008 9504
4
	7264 9472
	10240 9472
	10240 9504
	7264 9504
4
	0 9504
	2816 9504
	2816 9536
	0 9536
4
	3968 9504
	5152 9504
	5152 9536
	3968 9536
4
	6112 9504
	6752 9504
	6752 9536
	6112 9536
4
	7008 9504
	7072 9504
	7072 9536
	7008 9536
4
	7264 9504
	10240 9504
	10240 9536
	7264 9536
4
	0 9536
	2816 9536
	2816 9568
	0 9568
4
	3968 9536
	5152 9536
	5152 9568
	3968 9568
4
	5408 9536
	5472 9536
	5472 9568
	5408 9568
4
	6144 9536
	6720 9536
	6720 9568
	6144 9568
4
	7008 9536
	7072 9536
	7072 9568
	7008 9568
4
	7264 9536
	10240 9536
	10240 9568
	7264 9568
4
	0 9568
	2816 9568
	2816 9600
	0 9600
4
	4000 9568
	5152 9568
	5152 9600
	4000 9600
4
	5408 9568
	5472 9568
	5472 9600
	5408 9600
4
	6144 9568
	6688 9568
	6688 9600
	6144 9600
4
	7008 9568
	7072 9568
	7072 9600
	7008 9600
4
	7264 9568
	10240 9568
	10240 9600
	7264 9600
4
	0 9600
	2816 9600
	2816 9632
	0 9632
4
	4000 9600
	5120 9600
	5120 9632
	4000 9632
4
	5248 9600
	5312 9600
	5312 9632
	5248 9632
4
	5664 9600
	5792 9600
	5792 9632
	5664 9632
4
	6176 9600
	6656 9600
	6656 9632
	6176 9632
4
	7008 9600
	7072 9600
	7072 9632
	7008 9632
4
	7264 9600
	7392 9600
	7392 9632
	7264 9632
4
	7552 9600
	7616 9600
	7616 9632
	7552 9632
4
	7648 9600
	8832 9600
	8832 9632
	7648 9632
4
	8960 9600
	10240 9600
	10240 9632
	8960 9632
4
	0 9632
	2816 9632
	2816 9664
	0 9664
4
	4032 9632
	5120 9632
	5120 9664
	4032 9664
4
	5248 9632
	5312 9632
	5312 9664
	5248 9664
4
	5632 9632
	5792 9632
	5792 9664
	5632 9664
4
	6240 9632
	6624 9632
	6624 9664
	6240 9664
4
	7008 9632
	7072 9632
	7072 9664
	7008 9664
4
	7264 9632
	7392 9632
	7392 9664
	7264 9664
4
	7936 9632
	8800 9632
	8800 9664
	7936 9664
4
	8960 9632
	10240 9632
	10240 9664
	8960 9664
4
	0 9664
	2816 9664
	2816 9696
	0 9696
4
	3424 9664
	3488 9664
	3488 9696
	3424 9696
4
	4096 9664
	5120 9664
	5120 9696
	4096 9696
4
	5280 9664
	5312 9664
	5312 9696
	5280 9696
4
	5664 9664
	5792 9664
	5792 9696
	5664 9696
4
	6304 9664
	6560 9664
	6560 9696
	6304 9696
4
	7008 9664
	7072 9664
	7072 9696
	7008 9696
4
	7264 9664
	7392 9664
	7392 9696
	7264 9696
4
	7936 9664
	8000 9664
	8000 9696
	7936 9696
4
	8032 9664
	8832 9664
	8832 9696
	8032 9696
4
	8992 9664
	10240 9664
	10240 9696
	8992 9696
4
	0 9696
	2816 9696
	2816 9728
	0 9728
4
	3424 9696
	3520 9696
	3520 9728
	3424 9728
4
	4128 9696
	5152 9696
	5152 9728
	4128 9728
4
	5632 9696
	5792 9696
	5792 9728
	5632 9728
4
	7008 9696
	7072 9696
	7072 9728
	7008 9728
4
	7264 9696
	7392 9696
	7392 9728
	7264 9728
4
	8096 9696
	8800 9696
	8800 9728
	8096 9728
4
	8992 9696
	10240 9696
	10240 9728
	8992 9728
4
	0 9728
	2816 9728
	2816 9760
	0 9760
4
	3456 9728
	3552 9728
	3552 9760
	3456 9760
4
	4160 9728
	5184 9728
	5184 9760
	4160 9760
4
	5664 9728
	5792 9728
	5792 9760
	5664 9760
4
	7008 9728
	7072 9728
	7072 9760
	7008 9760
4
	7264 9728
	7392 9728
	7392 9760
	7264 9760
4
	8128 9728
	8800 9728
	8800 9760
	8128 9760
4
	8992 9728
	10240 9728
	10240 9760
	8992 9760
4
	0 9760
	2848 9760
	2848 9792
	0 9792
4
	3456 9760
	3616 9760
	3616 9792
	3456 9792
4
	4128 9760
	5120 9760
	5120 9792
	4128 9792
4
	7008 9760
	7392 9760
	7392 9792
	7008 9792
4
	8160 9760
	8768 9760
	8768 9792
	8160 9792
4
	9024 9760
	10240 9760
	10240 9792
	9024 9792
4
	0 9792
	2848 9792
	2848 9824
	0 9824
4
	3520 9792
	3648 9792
	3648 9824
	3520 9824
4
	4128 9792
	5120 9792
	5120 9824
	4128 9824
4
	7264 9792
	7328 9792
	7328 9824
	7264 9824
4
	8192 9792
	8736 9792
	8736 9824
	8192 9824
4
	9056 9792
	10240 9792
	10240 9824
	9056 9824
4
	0 9824
	2848 9824
	2848 9856
	0 9856
4
	3584 9824
	3680 9824
	3680 9856
	3584 9856
4
	4096 9824
	5120 9824
	5120 9856
	4096 9856
4
	5216 9824
	5280 9824
	5280 9856
	5216 9856
4
	8000 9824
	8096 9824
	8096 9856
	8000 9856
4
	8224 9824
	8704 9824
	8704 9856
	8224 9856
4
	9056 9824
	10240 9824
	10240 9856
	9056 9856
4
	0 9856
	2848 9856
	2848 9888
	0 9888
4
	3616 9856
	3776 9856
	3776 9888
	3616 9888
4
	3968 9856
	4000 9856
	4000 9888
	3968 9888
4
	4096 9856
	5120 9856
	5120 9888
	4096 9888
4
	5184 9856
	5280 9856
	5280 9888
	5184 9888
4
	8000 9856
	8128 9856
	8128 9888
	8000 9888
4
	8256 9856
	8672 9856
	8672 9888
	8256 9888
4
	9056 9856
	10240 9856
	10240 9888
	9056 9888
4
	0 9888
	2848 9888
	2848 9920
	0 9920
4
	3648 9888
	5312 9888
	5312 9920
	3648 9920
4
	8032 9888
	8096 9888
	8096 9920
	8032 9920
4
	8288 9888
	8640 9888
	8640 9920
	8288 9920
4
	9056 9888
	10240 9888
	10240 9920
	9056 9920
4
	0 9920
	2848 9920
	2848 9952
	0 9952
4
	3712 9920
	3744 9920
	3744 9952
	3712 9952
4
	3776 9920
	5312 9920
	5312 9952
	3776 9952
4
	8320 9920
	8608 9920
	8608 9952
	8320 9952
4
	8960 9920
	8992 9920
	8992 9952
	8960 9952
4
	9024 9920
	10240 9920
	10240 9952
	9024 9952
4
	0 9952
	2848 9952
	2848 9984
	0 9984
4
	4000 9952
	5280 9952
	5280 9984
	4000 9984
4
	8352 9952
	8576 9952
	8576 9984
	8352 9984
4
	8960 9952
	10240 9952
	10240 9984
	8960 9984
4
	0 9984
	2848 9984
	2848 10016
	0 10016
4
	4000 9984
	5280 9984
	5280 10016
	4000 10016
4
	8384 9984
	8544 9984
	8544 10016
	8384 10016
4
	8960 9984
	10240 9984
	10240 10016
	8960 10016
4
	0 10016
	2848 10016
	2848 10048
	0 10048
4
	4000 10016
	5280 10016
	5280 10048
	4000 10048
4
	8384 10016
	8512 10016
	8512 10048
	8384 10048
4
	8960 10016
	10240 10016
	10240 10048
	8960 10048
4
	0 10048
	2848 10048
	2848 10080
	0 10080
4
	4000 10048
	5248 10048
	5248 10080
	4000 10080
4
	8352 10048
	8416 10048
	8416 10080
	8352 10080
4
	8960 10048
	10240 10048
	10240 10080
	8960 10080
4
	0 10080
	2848 10080
	2848 10112
	0 10112
4
	2912 10080
	3008 10080
	3008 10112
	2912 10112
4
	4000 10080
	5152 10080
	5152 10112
	4000 10112
4
	8960 10080
	10240 10080
	10240 10112
	8960 10112
4
	0 10112
	2848 10112
	2848 10144
	0 10144
4
	2944 10112
	3008 10112
	3008 10144
	2944 10144
4
	4000 10112
	5184 10112
	5184 10144
	4000 10144
4
	8960 10112
	10240 10112
	10240 10144
	8960 10144
4
	0 10144
	2848 10144
	2848 10176
	0 10176
4
	2944 10144
	3040 10144
	3040 10176
	2944 10176
4
	4000 10144
	5184 10144
	5184 10176
	4000 10176
4
	8960 10144
	10240 10144
	10240 10176
	8960 10176
4
	0 10176
	2816 10176
	2816 10208
	0 10208
4
	4032 10176
	5184 10176
	5184 10208
	4032 10208
4
	6368 10176
	6400 10176
	6400 10208
	6368 10208
4
	6496 10176
	6560 10176
	6560 10208
	6496 10208
4
	7136 10176
	7424 10176
	7424 10208
	7136 10208
4
	8960 10176
	10240 10176
	10240 10208
	8960 10208
4
	0 10208
	2816 10208
	2816 10240
	0 10240
4
	4032 10208
	5152 10208
	5152 10240
	4032 10240
4
	5280 10208
	5344 10208
	5344 10240
	5280 10240
4
	6176 10208
	6272 10208
	6272 10240
	6176 10240
4
	6336 10208
	6560 10208
	6560 10240
	6336 10240
4
	7104 10208
	7424 10208
	7424 10240
	7104 10240
4
	8960 10208
	10240 10208
	10240 10240
	8960 10240
4
	0 10240
	2816 10240
	2816 10272
	0 10272
4
	4032 10240
	5152 10240
	5152 10272
	4032 10272
4
	5280 10240
	5312 10240
	5312 10272
	5280 10272
4
	5536 10240
	5632 10240
	5632 10272
	5536 10272
4
	6176 10240
	6272 10240
	6272 10272
	6176 10272
4
	6336 10240
	6560 10240
	6560 10272
	6336 10272
4
	6848 10240
	6912 10240
	6912 10272
	6848 10272
4
	7136 10240
	7424 10240
	7424 10272
	7136 10272
4
	8928 10240
	10240 10240
	10240 10272
	8928 10272
4
	0 10272
	2816 10272
	2816 10304
	0 10304
4
	4032 10272
	5184 10272
	5184 10304
	4032 10304
4
	5536 10272
	5632 10272
	5632 10304
	5536 10304
4
	6208 10272
	6592 10272
	6592 10304
	6208 10304
4
	7136 10272
	7424 10272
	7424 10304
	7136 10304
4
	8512 10272
	8544 10272
	8544 10304
	8512 10304
4
	8928 10272
	10240 10272
	10240 10304
	8928 10304
4
	0 10304
	2816 10304
	2816 10336
	0 10336
4
	4032 10304
	5408 10304
	5408 10336
	4032 10336
4
	5536 10304
	5664 10304
	5664 10336
	5536 10336
4
	5824 10304
	5856 10304
	5856 10336
	5824 10336
4
	6208 10304
	6624 10304
	6624 10336
	6208 10336
4
	6848 10304
	7424 10304
	7424 10336
	6848 10336
4
	8928 10304
	10240 10304
	10240 10336
	8928 10336
4
	0 10336
	2848 10336
	2848 10368
	0 10368
4
	4032 10336
	5888 10336
	5888 10368
	4032 10368
4
	6208 10336
	6624 10336
	6624 10368
	6208 10368
4
	6848 10336
	7424 10336
	7424 10368
	6848 10368
4
	8992 10336
	10240 10336
	10240 10368
	8992 10368
4
	0 10368
	2848 10368
	2848 10400
	0 10400
4
	4032 10368
	5920 10368
	5920 10400
	4032 10400
4
	6208 10368
	6624 10368
	6624 10400
	6208 10400
4
	6848 10368
	7424 10368
	7424 10400
	6848 10400
4
	9024 10368
	10240 10368
	10240 10400
	9024 10400
4
	0 10400
	2880 10400
	2880 10432
	0 10432
4
	4032 10400
	6016 10400
	6016 10432
	4032 10432
4
	6208 10400
	6624 10400
	6624 10432
	6208 10432
4
	6784 10400
	7424 10400
	7424 10432
	6784 10432
4
	8608 10400
	8640 10400
	8640 10432
	8608 10432
4
	9024 10400
	10240 10400
	10240 10432
	9024 10432
4
	0 10432
	2912 10432
	2912 10464
	0 10464
4
	4032 10432
	6048 10432
	6048 10464
	4032 10464
4
	6208 10432
	7424 10432
	7424 10464
	6208 10464
4
	8608 10432
	8640 10432
	8640 10464
	8608 10464
4
	9024 10432
	10240 10432
	10240 10464
	9024 10464
4
	0 10464
	2880 10464
	2880 10496
	0 10496
4
	4032 10464
	6048 10464
	6048 10496
	4032 10496
4
	6208 10464
	7424 10464
	7424 10496
	6208 10496
4
	8576 10464
	8672 10464
	8672 10496
	8576 10496
4
	9024 10464
	10240 10464
	10240 10496
	9024 10496
4
	0 10496
	2880 10496
	2880 10528
	0 10528
4
	4032 10496
	6048 10496
	6048 10528
	4032 10528
4
	6208 10496
	7424 10496
	7424 10528
	6208 10528
4
	7648 10496
	7712 10496
	7712 10528
	7648 10528
4
	8576 10496
	8672 10496
	8672 10528
	8576 10528
4
	9024 10496
	10240 10496
	10240 10528
	9024 10528
4
	0 10528
	2944 10528
	2944 10560
	0 10560
4
	4128 10528
	6048 10528
	6048 10560
	4128 10560
4
	6208 10528
	7360 10528
	7360 10560
	6208 10560
4
	7648 10528
	7712 10528
	7712 10560
	7648 10560
4
	8576 10528
	8672 10528
	8672 10560
	8576 10560
4
	9056 10528
	10240 10528
	10240 10560
	9056 10560
4
	0 10560
	2976 10560
	2976 10592
	0 10592
4
	4128 10560
	6048 10560
	6048 10592
	4128 10592
4
	6208 10560
	7360 10560
	7360 10592
	6208 10592
4
	7648 10560
	7712 10560
	7712 10592
	7648 10592
4
	8544 10560
	8672 10560
	8672 10592
	8544 10592
4
	9056 10560
	10240 10560
	10240 10592
	9056 10592
4
	0 10592
	2976 10592
	2976 10624
	0 10624
4
	4096 10592
	6048 10592
	6048 10624
	4096 10624
4
	6208 10592
	7360 10592
	7360 10624
	6208 10624
4
	7648 10592
	7712 10592
	7712 10624
	7648 10624
4
	7872 10592
	7936 10592
	7936 10624
	7872 10624
4
	8544 10592
	8704 10592
	8704 10624
	8544 10624
4
	9056 10592
	10240 10592
	10240 10624
	9056 10624
4
	0 10624
	3008 10624
	3008 10656
	0 10656
4
	4096 10624
	6048 10624
	6048 10656
	4096 10656
4
	6208 10624
	7360 10624
	7360 10656
	6208 10656
4
	7840 10624
	7968 10624
	7968 10656
	7840 10656
4
	8608 10624
	8672 10624
	8672 10656
	8608 10656
4
	9056 10624
	10240 10624
	10240 10656
	9056 10656
4
	0 10656
	3008 10656
	3008 10688
	0 10688
4
	4032 10656
	6048 10656
	6048 10688
	4032 10688
4
	6208 10656
	7360 10656
	7360 10688
	6208 10688
4
	7520 10656
	7968 10656
	7968 10688
	7520 10688
4
	8608 10656
	8672 10656
	8672 10688
	8608 10688
4
	9056 10656
	10240 10656
	10240 10688
	9056 10688
4
	0 10688
	3040 10688
	3040 10720
	0 10720
4
	4032 10688
	6048 10688
	6048 10720
	4032 10720
4
	6208 10688
	7360 10688
	7360 10720
	6208 10720
4
	7520 10688
	7968 10688
	7968 10720
	7520 10720
4
	8576 10688
	8736 10688
	8736 10720
	8576 10720
4
	9056 10688
	10240 10688
	10240 10720
	9056 10720
4
	0 10720
	3040 10720
	3040 10752
	0 10752
4
	4000 10720
	6048 10720
	6048 10752
	4000 10752
4
	6272 10720
	7360 10720
	7360 10752
	6272 10752
4
	7872 10720
	7936 10720
	7936 10752
	7872 10752
4
	8576 10720
	8736 10720
	8736 10752
	8576 10752
4
	9056 10720
	10240 10720
	10240 10752
	9056 10752
4
	0 10752
	2976 10752
	2976 10784
	0 10784
4
	4000 10752
	6048 10752
	6048 10784
	4000 10784
4
	6272 10752
	7360 10752
	7360 10784
	6272 10784
4
	8576 10752
	8736 10752
	8736 10784
	8576 10784
4
	9056 10752
	10240 10752
	10240 10784
	9056 10784
4
	0 10784
	2976 10784
	2976 10816
	0 10816
4
	4064 10784
	6048 10784
	6048 10816
	4064 10816
4
	6272 10784
	7360 10784
	7360 10816
	6272 10816
4
	8576 10784
	8736 10784
	8736 10816
	8576 10816
4
	9056 10784
	10240 10784
	10240 10816
	9056 10816
4
	0 10816
	3072 10816
	3072 10848
	0 10848
4
	4096 10816
	6048 10816
	6048 10848
	4096 10848
4
	6272 10816
	7360 10816
	7360 10848
	6272 10848
4
	8576 10816
	8736 10816
	8736 10848
	8576 10848
4
	8992 10816
	10240 10816
	10240 10848
	8992 10848
4
	0 10848
	3072 10848
	3072 10880
	0 10880
4
	4128 10848
	6048 10848
	6048 10880
	4128 10880
4
	6272 10848
	7360 10848
	7360 10880
	6272 10880
4
	8576 10848
	8736 10848
	8736 10880
	8576 10880
4
	8992 10848
	10240 10848
	10240 10880
	8992 10880
4
	0 10880
	3072 10880
	3072 10912
	0 10912
4
	4096 10880
	6048 10880
	6048 10912
	4096 10912
4
	6272 10880
	7392 10880
	7392 10912
	6272 10912
4
	8576 10880
	8736 10880
	8736 10912
	8576 10912
4
	8992 10880
	10240 10880
	10240 10912
	8992 10912
4
	0 10912
	3072 10912
	3072 10944
	0 10944
4
	4064 10912
	6048 10912
	6048 10944
	4064 10944
4
	6272 10912
	7392 10912
	7392 10944
	6272 10944
4
	8576 10912
	8736 10912
	8736 10944
	8576 10944
4
	8992 10912
	10240 10912
	10240 10944
	8992 10944
4
	0 10944
	3072 10944
	3072 10976
	0 10976
4
	3232 10944
	3328 10944
	3328 10976
	3232 10976
4
	4032 10944
	6048 10944
	6048 10976
	4032 10976
4
	6272 10944
	7392 10944
	7392 10976
	6272 10976
4
	8576 10944
	8736 10944
	8736 10976
	8576 10976
4
	8992 10944
	10240 10944
	10240 10976
	8992 10976
4
	0 10976
	3072 10976
	3072 11008
	0 11008
4
	3232 10976
	3360 10976
	3360 11008
	3232 11008
4
	4032 10976
	6048 10976
	6048 11008
	4032 11008
4
	6272 10976
	7360 10976
	7360 11008
	6272 11008
4
	7552 10976
	7872 10976
	7872 11008
	7552 11008
4
	8576 10976
	8640 10976
	8640 11008
	8576 11008
4
	8992 10976
	10240 10976
	10240 11008
	8992 11008
4
	0 11008
	3072 11008
	3072 11040
	0 11040
4
	3232 11008
	3360 11008
	3360 11040
	3232 11040
4
	4000 11008
	6048 11008
	6048 11040
	4000 11040
4
	6272 11008
	7360 11008
	7360 11040
	6272 11040
4
	7552 11008
	7872 11008
	7872 11040
	7552 11040
4
	8032 11008
	8096 11008
	8096 11040
	8032 11040
4
	8576 11008
	8672 11008
	8672 11040
	8576 11040
4
	8992 11008
	10240 11008
	10240 11040
	8992 11040
4
	0 11040
	3040 11040
	3040 11072
	0 11072
4
	3232 11040
	3360 11040
	3360 11072
	3232 11072
4
	3968 11040
	6048 11040
	6048 11072
	3968 11072
4
	6272 11040
	7360 11040
	7360 11072
	6272 11072
4
	7552 11040
	7872 11040
	7872 11072
	7552 11072
4
	8032 11040
	8160 11040
	8160 11072
	8032 11072
4
	8576 11040
	8736 11040
	8736 11072
	8576 11072
4
	9024 11040
	10240 11040
	10240 11072
	9024 11072
4
	0 11072
	3040 11072
	3040 11104
	0 11104
4
	3936 11072
	6048 11072
	6048 11104
	3936 11104
4
	6304 11072
	7360 11072
	7360 11104
	6304 11104
4
	7520 11072
	8192 11072
	8192 11104
	7520 11104
4
	8576 11072
	8736 11072
	8736 11104
	8576 11104
4
	9024 11072
	10240 11072
	10240 11104
	9024 11104
4
	0 11104
	3104 11104
	3104 11136
	0 11136
4
	3520 11104
	6048 11104
	6048 11136
	3520 11136
4
	6304 11104
	8192 11104
	8192 11136
	6304 11136
4
	8224 11104
	8256 11104
	8256 11136
	8224 11136
4
	8576 11104
	8736 11104
	8736 11136
	8576 11136
4
	9024 11104
	10240 11104
	10240 11136
	9024 11136
4
	0 11136
	6048 11136
	6048 11168
	0 11168
4
	6304 11136
	8256 11136
	8256 11168
	6304 11168
4
	8576 11136
	8736 11136
	8736 11168
	8576 11168
4
	9024 11136
	10240 11136
	10240 11168
	9024 11168
4
	0 11168
	6048 11168
	6048 11200
	0 11200
4
	6304 11168
	8192 11168
	8192 11200
	6304 11200
4
	8576 11168
	8736 11168
	8736 11200
	8576 11200
4
	9024 11168
	10240 11168
	10240 11200
	9024 11200
4
	0 11200
	5792 11200
	5792 11232
	0 11232
4
	5920 11200
	6048 11200
	6048 11232
	5920 11232
4
	6336 11200
	8192 11200
	8192 11232
	6336 11232
4
	8576 11200
	8736 11200
	8736 11232
	8576 11232
4
	9024 11200
	10240 11200
	10240 11232
	9024 11232
4
	0 11232
	5792 11232
	5792 11264
	0 11264
4
	5920 11232
	6048 11232
	6048 11264
	5920 11264
4
	6336 11232
	8192 11232
	8192 11264
	6336 11264
4
	8576 11232
	8736 11232
	8736 11264
	8576 11264
4
	9024 11232
	10240 11232
	10240 11264
	9024 11264
4
	0 11264
	5792 11264
	5792 11296
	0 11296
4
	5920 11264
	6048 11264
	6048 11296
	5920 11296
4
	6336 11264
	8192 11264
	8192 11296
	6336 11296
4
	8544 11264
	8704 11264
	8704 11296
	8544 11296
4
	9024 11264
	10240 11264
	10240 11296
	9024 11296
4
	0 11296
	5792 11296
	5792 11328
	0 11328
4
	5920 11296
	6048 11296
	6048 11328
	5920 11328
4
	6336 11296
	8224 11296
	8224 11328
	6336 11328
4
	8576 11296
	8608 11296
	8608 11328
	8576 11328
4
	8640 11296
	8704 11296
	8704 11328
	8640 11328
4
	9024 11296
	10240 11296
	10240 11328
	9024 11328
4
	0 11328
	5792 11328
	5792 11360
	0 11360
4
	5920 11328
	6048 11328
	6048 11360
	5920 11360
4
	6336 11328
	8224 11328
	8224 11360
	6336 11360
4
	9024 11328
	10240 11328
	10240 11360
	9024 11360
4
	0 11360
	5792 11360
	5792 11392
	0 11392
4
	5920 11360
	6048 11360
	6048 11392
	5920 11392
4
	6336 11360
	8224 11360
	8224 11392
	6336 11392
4
	8992 11360
	10240 11360
	10240 11392
	8992 11392
4
	0 11392
	5792 11392
	5792 11424
	0 11424
4
	5920 11392
	6048 11392
	6048 11424
	5920 11424
4
	6336 11392
	8224 11392
	8224 11424
	6336 11424
4
	8992 11392
	10240 11392
	10240 11424
	8992 11424
4
	0 11424
	5792 11424
	5792 11456
	0 11456
4
	5920 11424
	6048 11424
	6048 11456
	5920 11456
4
	6336 11424
	6848 11424
	6848 11456
	6336 11456
4
	6944 11424
	8224 11424
	8224 11456
	6944 11456
4
	8992 11424
	10240 11424
	10240 11456
	8992 11456
4
	0 11456
	5792 11456
	5792 11488
	0 11488
4
	5920 11456
	6048 11456
	6048 11488
	5920 11488
4
	6336 11456
	6560 11456
	6560 11488
	6336 11488
4
	6944 11456
	8224 11456
	8224 11488
	6944 11488
4
	8992 11456
	10240 11456
	10240 11488
	8992 11488
4
	0 11488
	5408 11488
	5408 11520
	0 11520
4
	5536 11488
	5792 11488
	5792 11520
	5536 11520
4
	6368 11488
	6464 11488
	6464 11520
	6368 11520
4
	6944 11488
	8224 11488
	8224 11520
	6944 11520
4
	9024 11488
	10240 11488
	10240 11520
	9024 11520
4
	0 11520
	5408 11520
	5408 11552
	0 11552
4
	5696 11520
	5760 11520
	5760 11552
	5696 11552
4
	6400 11520
	6464 11520
	6464 11552
	6400 11552
4
	6944 11520
	8224 11520
	8224 11552
	6944 11552
4
	9024 11520
	10240 11520
	10240 11552
	9024 11552
4
	0 11552
	5408 11552
	5408 11584
	0 11584
4
	6400 11552
	6464 11552
	6464 11584
	6400 11584
4
	6688 11552
	6752 11552
	6752 11584
	6688 11584
4
	6944 11552
	8224 11552
	8224 11584
	6944 11584
4
	9024 11552
	10240 11552
	10240 11584
	9024 11584
4
	0 11584
	5024 11584
	5024 11616
	0 11616
4
	5152 11584
	5408 11584
	5408 11616
	5152 11616
4
	6400 11584
	6464 11584
	6464 11616
	6400 11616
4
	6688 11584
	6784 11584
	6784 11616
	6688 11616
4
	6944 11584
	8224 11584
	8224 11616
	6944 11616
4
	9088 11584
	10240 11584
	10240 11616
	9088 11616
4
	0 11616
	5024 11616
	5024 11648
	0 11648
4
	6400 11616
	6464 11616
	6464 11648
	6400 11648
4
	6688 11616
	6784 11616
	6784 11648
	6688 11648
4
	6944 11616
	8224 11616
	8224 11648
	6944 11648
4
	9088 11616
	10240 11616
	10240 11648
	9088 11648
4
	0 11648
	4608 11648
	4608 11680
	0 11680
4
	4736 11648
	4768 11648
	4768 11680
	4736 11680
4
	4928 11648
	4992 11648
	4992 11680
	4928 11680
4
	6400 11648
	6464 11648
	6464 11680
	6400 11680
4
	6720 11648
	6784 11648
	6784 11680
	6720 11680
4
	6944 11648
	8224 11648
	8224 11680
	6944 11680
4
	9120 11648
	10240 11648
	10240 11680
	9120 11680
4
	0 11680
	4224 11680
	4224 11712
	0 11712
4
	6400 11680
	6464 11680
	6464 11712
	6400 11712
4
	6944 11680
	8224 11680
	8224 11712
	6944 11712
4
	9120 11680
	10240 11680
	10240 11712
	9120 11712
4
	0 11712
	4224 11712
	4224 11744
	0 11744
4
	6400 11712
	6464 11712
	6464 11744
	6400 11744
4
	6944 11712
	8320 11712
	8320 11744
	6944 11744
4
	9120 11712
	10240 11712
	10240 11744
	9120 11744
4
	0 11744
	4224 11744
	4224 11776
	0 11776
4
	6400 11744
	6464 11744
	6464 11776
	6400 11776
4
	8255 11775
	8257 11775
	8257 11777
	8255 11777
4
	6944 11744
	8256 11744
	8256 11776
	6944 11776
4
	9152 11744
	10240 11744
	10240 11776
	9152 11776
4
	0 11776
	4224 11776
	4224 11808
	0 11808
4
	6400 11776
	6464 11776
	6464 11808
	6400 11808
4
	6944 11776
	7936 11776
	7936 11808
	6944 11808
4
	8256 11776
	8352 11776
	8352 11808
	8256 11808
4
	9152 11776
	10240 11776
	10240 11808
	9152 11808
4
	0 11808
	4224 11808
	4224 11840
	0 11840
4
	6784 11808
	6816 11808
	6816 11840
	6784 11840
4
	6944 11808
	7872 11808
	7872 11840
	6944 11840
4
	8224 11808
	8352 11808
	8352 11840
	8224 11840
4
	9152 11808
	10240 11808
	10240 11840
	9152 11840
4
	0 11840
	4224 11840
	4224 11872
	0 11872
4
	6944 11840
	7872 11840
	7872 11872
	6944 11872
4
	8224 11840
	8320 11840
	8320 11872
	8224 11872
4
	9120 11840
	10240 11840
	10240 11872
	9120 11872
4
	0 11872
	4224 11872
	4224 11904
	0 11904
4
	6400 11872
	6464 11872
	6464 11904
	6400 11904
4
	6944 11872
	7840 11872
	7840 11904
	6944 11904
4
	9120 11872
	10240 11872
	10240 11904
	9120 11904
4
	0 11904
	4224 11904
	4224 11936
	0 11936
4
	6400 11904
	6464 11904
	6464 11936
	6400 11936
4
	6944 11904
	7872 11904
	7872 11936
	6944 11936
4
	9088 11904
	10240 11904
	10240 11936
	9088 11936
4
	0 11936
	4192 11936
	4192 11968
	0 11968
4
	6368 11936
	6464 11936
	6464 11968
	6368 11968
4
	6784 11936
	6880 11936
	6880 11968
	6784 11968
4
	6912 11936
	7872 11936
	7872 11968
	6912 11968
4
	9088 11936
	10240 11936
	10240 11968
	9088 11968
4
	0 11968
	4192 11968
	4192 12000
	0 12000
4
	6400 11968
	6464 11968
	6464 12000
	6400 12000
4
	6720 11968
	7872 11968
	7872 12000
	6720 12000
4
	9088 11968
	10240 11968
	10240 12000
	9088 12000
4
	0 12000
	4064 12000
	4064 12032
	0 12032
4
	6400 12000
	6464 12000
	6464 12032
	6400 12032
4
	6656 12000
	7904 12000
	7904 12032
	6656 12032
4
	9056 12000
	10240 12000
	10240 12032
	9056 12032
4
	0 12032
	4064 12032
	4064 12064
	0 12064
4
	5024 12032
	5088 12032
	5088 12064
	5024 12064
4
	6016 12032
	6144 12032
	6144 12064
	6016 12064
4
	6400 12032
	6464 12032
	6464 12064
	6400 12064
4
	6656 12032
	7904 12032
	7904 12064
	6656 12064
4
	8960 12032
	10240 12032
	10240 12064
	8960 12064
4
	0 12064
	4064 12064
	4064 12096
	0 12096
4
	5024 12064
	5152 12064
	5152 12096
	5024 12096
4
	6016 12064
	6144 12064
	6144 12096
	6016 12096
4
	6400 12064
	6464 12064
	6464 12096
	6400 12096
4
	6624 12064
	7904 12064
	7904 12096
	6624 12096
4
	8896 12064
	10240 12064
	10240 12096
	8896 12096
4
	0 12096
	4064 12096
	4064 12128
	0 12128
4
	5024 12096
	5152 12096
	5152 12128
	5024 12128
4
	6016 12096
	6144 12096
	6144 12128
	6016 12128
4
	6368 12096
	6464 12096
	6464 12128
	6368 12128
4
	6528 12096
	7904 12096
	7904 12128
	6528 12128
4
	8864 12096
	10240 12096
	10240 12128
	8864 12128
4
	0 12128
	4064 12128
	4064 12160
	0 12160
4
	4960 12128
	5152 12128
	5152 12160
	4960 12160
4
	6016 12128
	6144 12128
	6144 12160
	6016 12160
4
	6304 12128
	7968 12128
	7968 12160
	6304 12160
4
	8832 12128
	10240 12128
	10240 12160
	8832 12160
4
	0 12160
	5152 12160
	5152 12192
	0 12192
4
	6016 12160
	6144 12160
	6144 12192
	6016 12192
4
	6240 12160
	8000 12160
	8000 12192
	6240 12192
4
	8800 12160
	10240 12160
	10240 12192
	8800 12192
4
	0 12192
	5152 12192
	5152 12224
	0 12224
4
	5984 12192
	6144 12192
	6144 12224
	5984 12224
4
	6176 12192
	8000 12192
	8000 12224
	6176 12224
4
	8800 12192
	10240 12192
	10240 12224
	8800 12224
4
	0 12224
	5152 12224
	5152 12256
	0 12256
4
	5760 12224
	8032 12224
	8032 12256
	5760 12256
4
	8800 12224
	10240 12224
	10240 12256
	8800 12256
4
	0 12256
	5120 12256
	5120 12288
	0 12288
4
	5696 12256
	8032 12256
	8032 12288
	5696 12288
4
	8800 12256
	10240 12256
	10240 12288
	8800 12288
4
	0 12288
	5120 12288
	5120 12320
	0 12320
4
	5568 12288
	8032 12288
	8032 12320
	5568 12320
4
	8800 12288
	10240 12288
	10240 12320
	8800 12320
4
	0 12320
	5120 12320
	5120 12352
	0 12352
4
	5408 12320
	8064 12320
	8064 12352
	5408 12352
4
	8800 12320
	10240 12320
	10240 12352
	8800 12352
4
	0 12352
	5120 12352
	5120 12384
	0 12384
4
	5312 12352
	8032 12352
	8032 12384
	5312 12384
4
	8800 12352
	10240 12352
	10240 12384
	8800 12384
4
	0 12384
	5120 12384
	5120 12416
	0 12416
4
	5312 12384
	8032 12384
	8032 12416
	5312 12416
4
	8800 12384
	10240 12384
	10240 12416
	8800 12416
4
	0 12416
	5152 12416
	5152 12448
	0 12448
4
	5280 12416
	8064 12416
	8064 12448
	5280 12448
4
	8800 12416
	10240 12416
	10240 12448
	8800 12448
4
	0 12448
	5184 12448
	5184 12480
	0 12480
4
	5280 12448
	8096 12448
	8096 12480
	5280 12480
4
	8832 12448
	10240 12448
	10240 12480
	8832 12480
4
	0 12480
	8096 12480
	8096 12512
	0 12512
4
	8832 12480
	10240 12480
	10240 12512
	8832 12512
4
	0 12512
	8128 12512
	8128 12544
	0 12544
4
	8768 12512
	10240 12512
	10240 12544
	8768 12544
4
	0 12544
	8128 12544
	8128 12576
	0 12576
4
	8736 12544
	10240 12544
	10240 12576
	8736 12576
4
	0 12576
	8160 12576
	8160 12608
	0 12608
4
	8672 12576
	10240 12576
	10240 12608
	8672 12608
4
	0 12608
	8160 12608
	8160 12640
	0 12640
4
	8640 12608
	10240 12608
	10240 12640
	8640 12640
4
	0 12640
	8256 12640
	8256 12672
	0 12672
4
	8608 12640
	10240 12640
	10240 12672
	8608 12672
4
	0 12672
	8352 12672
	8352 12704
	0 12704
4
	8544 12672
	10240 12672
	10240 12704
	8544 12704
4
	0 12704
	8416 12704
	8416 12736
	0 12736
4
	8512 12704
	10240 12704
	10240 12736
	8512 12736
4
	0 12736
	8416 12736
	8416 12768
	0 12768
4
	8448 12736
	10240 12736
	10240 12768
	8448 12768
4
	0 12768
	10240 12768
	10240 12800
	0 12800
4
	0 12800
	10240 12800
	10240 12832
	0 12832
4
	0 12832
	10240 12832
	10240 12864
	0 12864
4
	0 12864
	10240 12864
	10240 12896
	0 12896
4
	0 12896
	10240 12896
	10240 12928
	0 12928
4
	0 12928
	10240 12928
	10240 12960
	0 12960
4
	0 12960
	10240 12960
	10240 12992
	0 12992
4
	0 12992
	10240 12992
	10240 13024
	0 13024
4
	0 13024
	10240 13024
	10240 13056
	0 13056
4
	0 13056
	10240 13056
	10240 13088
	0 13088
4
	0 13088
	10240 13088
	10240 13120
	0 13120
4
	0 13120
	10240 13120
	10240 13152
	0 13152
4
	0 13152
	10240 13152
	10240 13184
	0 13184
4
	0 13184
	10240 13184
	10240 13216
	0 13216
4
	0 13216
	10240 13216
	10240 13248
	0 13248
4
	0 13248
	10240 13248
	10240 13280
	0 13280
4
	0 13280
	10240 13280
	10240 13312
	0 13312
4
	0 13312
	10240 13312
	10240 13344
	0 13344
4
	0 13344
	10240 13344
	10240 13376
	0 13376
4
	0 13376
	10240 13376
	10240 13408
	0 13408
4
	0 13408
	10240 13408
	10240 13440
	0 13440
4
	0 13440
	10240 13440
	10240 13472
	0 13472
4
	0 13472
	10240 13472
	10240 13504
	0 13504
4
	0 13504
	10240 13504
	10240 13536
	0 13536
4
	0 13536
	10240 13536
	10240 13568
	0 13568
4
	0 13568
	10240 13568
	10240 13600
	0 13600
4
	0 13600
	10240 13600
	10240 13632
	0 13632
4
	0 13632
	10240 13632
	10240 13664
	0 13664
4
	0 13664
	10240 13664
	10240 13696
	0 13696
4
	0 13696
	10240 13696
	10240 13728
	0 13728
4
	0 13728
	10240 13728
	10240 13760
	0 13760
4
	0 13760
	10240 13760
	10240 13792
	0 13792
4
	0 13792
	10240 13792
	10240 13824
	0 13824
4
	0 13824
	10240 13824
	10240 13856
	0 13856
4
	0 13856
	10240 13856
	10240 13888
	0 13888
4
	0 13888
	10240 13888
	10240 13920
	0 13920
4
	0 13920
	10240 13920
	10240 13952
	0 13952
4
	0 13952
	10240 13952
	10240 13984
	0 13984
4
	0 13984
	10240 13984
	10240 14016
	0 14016
4
	0 14016
	10240 14016
	10240 14048
	0 14048
4
	0 14048
	10240 14048
	10240 14080
	0 14080
4
	0 14080
	10240 14080
	10240 14112
	0 14112
4
	0 14112
	10240 14112
	10240 14144
	0 14144
4
	0 14144
	10240 14144
	10240 14176
	0 14176
4
	0 14176
	10240 14176
	10240 14208
	0 14208
4
	0 14208
	10240 14208
	10240 14240
	0 14240
4
	0 14240
	10240 14240
	10240 14272
	0 14272
4
	0 14272
	10240 14272
	10240 14304
	0 14304
4
	0 14304
	10240 14304
	10240 14336
	0 14336
4
	0 14336
	10240 14336
	10240 14368
	0 14368
4
	0 14368
	10240 14368
	10240 14400
	0 14400
4
	0 14400
	10240 14400
	10240 14432
	0 14432
4
	0 14432
	10240 14432
	10240 14464
	0 14464
4
	0 14464
	10240 14464
	10240 14496
	0 14496
4
	0 14496
	10240 14496
	10240 14528
	0 14528
4
	0 14528
	10240 14528
	10240 14560
	0 14560
4
	-32 -32
	10272 -32
	10272 0
	-32 0
4
	-32 14560
	10272 14560
	10272 14592
	-32 14592
4
	-32 0
	0 0
	0 14560
	-32 14560
4
	10240 0
	10272 0
	10272 14560
	10240 14560
