312
4
	0 0
	2080 0
	2080 32
	0 32
4
	0 32
	2080 32
	2080 64
	0 64
4
	0 64
	160 64
	160 96
	0 96
4
	192 64
	352 64
	352 96
	192 96
4
	384 64
	608 64
	608 96
	384 96
4
	896 64
	2080 64
	2080 96
	896 96
4
	0 96
	128 96
	128 128
	0 128
4
	384 96
	576 96
	576 128
	384 128
4
	896 96
	1664 96
	1664 128
	896 128
4
	1792 96
	2080 96
	2080 128
	1792 128
4
	0 128
	128 128
	128 160
	0 160
4
	384 128
	608 128
	608 160
	384 160
4
	896 128
	1664 128
	1664 160
	896 160
4
	1760 128
	2080 128
	2080 160
	1760 160
4
	0 160
	96 160
	96 192
	0 192
4
	384 160
	608 160
	608 192
	384 192
4
	928 160
	1600 160
	1600 192
	928 192
4
	1920 160
	2080 160
	2080 192
	1920 192
4
	0 192
	96 192
	96 224
	0 224
4
	352 192
	608 192
	608 224
	352 224
4
	928 192
	1600 192
	1600 224
	928 224
4
	1920 192
	2080 192
	2080 224
	1920 224
4
	0 224
	64 224
	64 256
	0 256
4
	352 224
	608 224
	608 256
	352 256
4
	928 224
	1600 224
	1600 256
	928 256
4
	1920 224
	2080 224
	2080 256
	1920 256
4
	0 256
	64 256
	64 288
	0 288
4
	352 256
	576 256
	576 288
	352 288
4
	928 256
	1152 256
	1152 288
	928 288
4
	1248 256
	1376 256
	1376 288
	1248 288
4
	1472 256
	1600 256
	1600 288
	1472 288
4
	1984 256
	2080 256
	2080 288
	1984 288
4
	0 288
	64 288
	64 320
	0 320
4
	352 288
	640 288
	640 320
	352 320
4
	928 288
	1152 288
	1152 320
	928 320
4
	1280 288
	1376 288
	1376 320
	1280 320
4
	1472 288
	1568 288
	1568 320
	1472 320
4
	1984 288
	2080 288
	2080 320
	1984 320
4
	0 320
	64 320
	64 352
	0 352
4
	352 320
	640 320
	640 352
	352 352
4
	960 320
	1088 320
	1088 352
	960 352
4
	1984 320
	2080 320
	2080 352
	1984 352
4
	0 352
	96 352
	96 384
	0 384
4
	480 352
	640 352
	640 384
	480 384
4
	1984 352
	2080 352
	2080 384
	1984 384
4
	0 384
	96 384
	96 416
	0 416
4
	480 384
	608 384
	608 416
	480 416
4
	1984 384
	2080 384
	2080 416
	1984 416
4
	0 416
	96 416
	96 448
	0 448
4
	480 416
	608 416
	608 448
	480 448
4
	1952 416
	2080 416
	2080 448
	1952 448
4
	0 448
	64 448
	64 480
	0 480
4
	480 448
	608 448
	608 480
	480 480
4
	960 448
	1120 448
	1120 480
	960 480
4
	1248 448
	1344 448
	1344 480
	1248 480
4
	1504 448
	1600 448
	1600 480
	1504 480
4
	1728 448
	2080 448
	2080 480
	1728 480
4
	0 480
	128 480
	128 512
	0 512
4
	480 480
	608 480
	608 512
	480 512
4
	896 480
	2080 480
	2080 512
	896 512
4
	0 512
	128 512
	128 544
	0 544
4
	160 512
	288 512
	288 544
	160 544
4
	448 512
	640 512
	640 544
	448 544
4
	896 512
	2080 512
	2080 544
	896 544
4
	0 544
	128 544
	128 576
	0 576
4
	160 544
	288 544
	288 576
	160 576
4
	416 544
	640 544
	640 576
	416 576
4
	896 544
	2080 544
	2080 576
	896 576
4
	0 576
	128 576
	128 608
	0 608
4
	160 576
	288 576
	288 608
	160 608
4
	416 576
	576 576
	576 608
	416 608
4
	928 576
	2080 576
	2080 608
	928 608
4
	0 608
	128 608
	128 640
	0 640
4
	160 608
	288 608
	288 640
	160 640
4
	928 608
	1152 608
	1152 640
	928 640
4
	1280 608
	1632 608
	1632 640
	1280 640
4
	1888 608
	2080 608
	2080 640
	1888 640
4
	0 640
	128 640
	128 672
	0 672
4
	928 640
	1152 640
	1152 672
	928 672
4
	1280 640
	1632 640
	1632 672
	1280 672
4
	1792 640
	2080 640
	2080 672
	1792 672
4
	0 672
	128 672
	128 704
	0 704
4
	928 672
	1088 672
	1088 704
	928 704
4
	1280 672
	1632 672
	1632 704
	1280 704
4
	1792 672
	2080 672
	2080 704
	1792 704
4
	0 704
	96 704
	96 736
	0 736
4
	416 704
	608 704
	608 736
	416 736
4
	928 704
	1088 704
	1088 736
	928 736
4
	1280 704
	1632 704
	1632 736
	1280 736
4
	1792 704
	2080 704
	2080 736
	1792 736
4
	0 736
	96 736
	96 768
	0 768
4
	416 736
	608 736
	608 768
	416 768
4
	928 736
	1088 736
	1088 768
	928 768
4
	1280 736
	1632 736
	1632 768
	1280 768
4
	1792 736
	2080 736
	2080 768
	1792 768
4
	0 768
	96 768
	96 800
	0 800
4
	128 768
	608 768
	608 800
	128 800
4
	928 768
	1120 768
	1120 800
	928 800
4
	1248 768
	1632 768
	1632 800
	1248 800
4
	1792 768
	2080 768
	2080 800
	1792 800
4
	0 800
	64 800
	64 832
	0 832
4
	128 800
	608 800
	608 832
	128 832
4
	928 800
	1120 800
	1120 832
	928 832
4
	1248 800
	1632 800
	1632 832
	1248 832
4
	1792 800
	2080 800
	2080 832
	1792 832
4
	0 832
	64 832
	64 864
	0 864
4
	128 832
	608 832
	608 864
	128 864
4
	960 832
	1088 832
	1088 864
	960 864
4
	1248 832
	1632 832
	1632 864
	1248 864
4
	1792 832
	2080 832
	2080 864
	1792 864
4
	0 864
	64 864
	64 896
	0 896
4
	128 864
	608 864
	608 896
	128 896
4
	1792 864
	2080 864
	2080 896
	1792 896
4
	0 896
	64 896
	64 928
	0 928
4
	128 896
	608 896
	608 928
	128 928
4
	1792 896
	2080 896
	2080 928
	1792 928
4
	0 928
	64 928
	64 960
	0 960
4
	128 928
	608 928
	608 960
	128 960
4
	1984 928
	2080 928
	2080 960
	1984 960
4
	0 960
	608 960
	608 992
	0 992
4
	960 960
	1088 960
	1088 992
	960 992
4
	1984 960
	2080 960
	2080 992
	1984 992
4
	0 992
	608 992
	608 1024
	0 1024
4
	960 992
	2080 992
	2080 1024
	960 1024
4
	0 1024
	608 1024
	608 1056
	0 1056
4
	960 1024
	2080 1024
	2080 1056
	960 1056
4
	0 1056
	576 1056
	576 1088
	0 1088
4
	960 1056
	2080 1056
	2080 1088
	960 1088
4
	0 1088
	576 1088
	576 1120
	0 1120
4
	960 1088
	2080 1088
	2080 1120
	960 1120
4
	0 1120
	576 1120
	576 1152
	0 1152
4
	1120 1120
	2080 1120
	2080 1152
	1120 1152
4
	0 1152
	576 1152
	576 1184
	0 1184
4
	1120 1152
	1344 1152
	1344 1184
	1120 1184
4
	1472 1152
	1696 1152
	1696 1184
	1472 1184
4
	1728 1152
	2080 1152
	2080 1184
	1728 1184
4
	0 1184
	576 1184
	576 1216
	0 1216
4
	1248 1184
	1344 1184
	1344 1216
	1248 1216
4
	1504 1184
	1600 1184
	1600 1216
	1504 1216
4
	2016 1184
	2080 1184
	2080 1216
	2016 1216
4
	0 1216
	608 1216
	608 1248
	0 1248
4
	2016 1216
	2080 1216
	2080 1248
	2016 1248
4
	0 1248
	608 1248
	608 1280
	0 1280
4
	1984 1248
	2080 1248
	2080 1280
	1984 1280
4
	0 1280
	608 1280
	608 1312
	0 1312
4
	1984 1280
	2080 1280
	2080 1312
	1984 1312
4
	0 1312
	608 1312
	608 1344
	0 1344
4
	1984 1312
	2080 1312
	2080 1344
	1984 1344
4
	0 1344
	608 1344
	608 1376
	0 1376
4
	1952 1344
	2080 1344
	2080 1376
	1952 1376
4
	0 1376
	640 1376
	640 1408
	0 1408
4
	1216 1376
	1504 1376
	1504 1408
	1216 1408
4
	1952 1376
	2080 1376
	2080 1408
	1952 1408
4
	0 1408
	640 1408
	640 1440
	0 1440
4
	1216 1408
	1504 1408
	1504 1440
	1216 1440
4
	1952 1408
	2080 1408
	2080 1440
	1952 1440
4
	0 1440
	640 1440
	640 1472
	0 1472
4
	704 1440
	832 1440
	832 1472
	704 1472
4
	992 1440
	1088 1440
	1088 1472
	992 1472
4
	1152 1440
	1504 1440
	1504 1472
	1152 1472
4
	1984 1440
	2080 1440
	2080 1472
	1984 1472
4
	0 1472
	864 1472
	864 1504
	0 1504
4
	960 1472
	1632 1472
	1632 1504
	960 1504
4
	1728 1472
	2080 1472
	2080 1504
	1728 1504
4
	0 1504
	864 1504
	864 1536
	0 1536
4
	960 1504
	1632 1504
	1632 1536
	960 1536
4
	1728 1504
	2080 1504
	2080 1536
	1728 1536
4
	0 1536
	864 1536
	864 1568
	0 1568
4
	960 1536
	1632 1536
	1632 1568
	960 1568
4
	1728 1536
	2080 1536
	2080 1568
	1728 1568
4
	0 1568
	864 1568
	864 1600
	0 1600
4
	960 1568
	1664 1568
	1664 1600
	960 1600
4
	1728 1568
	2080 1568
	2080 1600
	1728 1600
4
	0 1600
	256 1600
	256 1632
	0 1632
4
	288 1600
	512 1600
	512 1632
	288 1632
4
	544 1600
	832 1600
	832 1632
	544 1632
4
	992 1600
	1280 1600
	1280 1632
	992 1632
4
	1312 1600
	1632 1600
	1632 1632
	1312 1632
4
	1824 1600
	2080 1600
	2080 1632
	1824 1632
4
	0 1632
	256 1632
	256 1664
	0 1664
4
	288 1632
	512 1632
	512 1664
	288 1664
4
	544 1632
	768 1632
	768 1664
	544 1664
4
	1088 1632
	1280 1632
	1280 1664
	1088 1664
4
	1312 1632
	1632 1632
	1632 1664
	1312 1664
4
	1824 1632
	2080 1632
	2080 1664
	1824 1664
4
	0 1664
	256 1664
	256 1696
	0 1696
4
	320 1664
	512 1664
	512 1696
	320 1696
4
	544 1664
	768 1664
	768 1696
	544 1696
4
	1088 1664
	1280 1664
	1280 1696
	1088 1696
4
	1312 1664
	1632 1664
	1632 1696
	1312 1696
4
	1856 1664
	2080 1664
	2080 1696
	1856 1696
4
	0 1696
	128 1696
	128 1728
	0 1728
4
	192 1696
	256 1696
	256 1728
	192 1728
4
	320 1696
	416 1696
	416 1728
	320 1728
4
	448 1696
	512 1696
	512 1728
	448 1728
4
	608 1696
	704 1696
	704 1728
	608 1728
4
	1472 1696
	1632 1696
	1632 1728
	1472 1728
4
	1920 1696
	2080 1696
	2080 1728
	1920 1728
4
	0 1728
	64 1728
	64 1760
	0 1760
4
	1472 1728
	1632 1728
	1632 1760
	1472 1760
4
	1920 1728
	2080 1728
	2080 1760
	1920 1760
4
	0 1760
	64 1760
	64 1792
	0 1792
4
	1472 1760
	1632 1760
	1632 1792
	1472 1792
4
	1888 1760
	2080 1760
	2080 1792
	1888 1792
4
	0 1792
	64 1792
	64 1824
	0 1824
4
	1472 1792
	1632 1792
	1632 1824
	1472 1824
4
	1888 1792
	2080 1792
	2080 1824
	1888 1824
4
	0 1824
	64 1824
	64 1856
	0 1856
4
	416 1824
	480 1824
	480 1856
	416 1856
4
	512 1824
	544 1824
	544 1856
	512 1856
4
	1472 1824
	1600 1824
	1600 1856
	1472 1856
4
	1888 1824
	2080 1824
	2080 1856
	1888 1856
4
	0 1856
	96 1856
	96 1888
	0 1888
4
	160 1856
	224 1856
	224 1888
	160 1888
4
	416 1856
	544 1856
	544 1888
	416 1888
4
	672 1856
	736 1856
	736 1888
	672 1888
4
	1472 1856
	1600 1856
	1600 1888
	1472 1888
4
	1952 1856
	2080 1856
	2080 1888
	1952 1888
4
	0 1888
	96 1888
	96 1920
	0 1920
4
	160 1888
	320 1888
	320 1920
	160 1920
4
	384 1888
	544 1888
	544 1920
	384 1920
4
	672 1888
	800 1888
	800 1920
	672 1920
4
	1088 1888
	1280 1888
	1280 1920
	1088 1920
4
	1312 1888
	1408 1888
	1408 1920
	1312 1920
4
	1472 1888
	1600 1888
	1600 1920
	1472 1920
4
	1920 1888
	2080 1888
	2080 1920
	1920 1920
4
	0 1920
	96 1920
	96 1952
	0 1952
4
	160 1920
	320 1920
	320 1952
	160 1952
4
	416 1920
	544 1920
	544 1952
	416 1952
4
	672 1920
	800 1920
	800 1952
	672 1952
4
	1088 1920
	1280 1920
	1280 1952
	1088 1952
4
	1312 1920
	1440 1920
	1440 1952
	1312 1952
4
	1472 1920
	1600 1920
	1600 1952
	1472 1952
4
	1984 1920
	2080 1920
	2080 1952
	1984 1952
4
	0 1952
	96 1952
	96 1984
	0 1984
4
	160 1952
	256 1952
	256 1984
	160 1984
4
	480 1952
	544 1952
	544 1984
	480 1984
4
	640 1952
	768 1952
	768 1984
	640 1984
4
	1088 1952
	1280 1952
	1280 1984
	1088 1984
4
	1312 1952
	1440 1952
	1440 1984
	1312 1984
4
	1472 1952
	1600 1952
	1600 1984
	1472 1984
4
	1760 1952
	1952 1952
	1952 1984
	1760 1984
4
	1984 1952
	2080 1952
	2080 1984
	1984 1984
4
	0 1984
	96 1984
	96 2016
	0 2016
4
	640 1984
	800 1984
	800 2016
	640 2016
4
	960 1984
	2080 1984
	2080 2016
	960 2016
4
	0 2016
	64 2016
	64 2048
	0 2048
4
	704 2016
	768 2016
	768 2048
	704 2048
4
	896 2016
	2080 2016
	2080 2048
	896 2048
4
	0 2048
	448 2048
	448 2080
	0 2080
4
	896 2048
	2080 2048
	2080 2080
	896 2080
4
	0 2080
	448 2080
	448 2112
	0 2112
4
	896 2080
	1696 2080
	1696 2112
	896 2112
4
	1920 2080
	2080 2080
	2080 2112
	1920 2112
4
	0 2112
	448 2112
	448 2144
	0 2144
4
	960 2112
	1088 2112
	1088 2144
	960 2144
4
	1952 2112
	2080 2112
	2080 2144
	1952 2144
4
	0 2144
	448 2144
	448 2176
	0 2176
4
	1952 2144
	2080 2144
	2080 2176
	1952 2176
4
	0 2176
	192 2176
	192 2208
	0 2208
4
	352 2176
	448 2176
	448 2208
	352 2208
4
	1952 2176
	2080 2176
	2080 2208
	1952 2208
4
	0 2208
	192 2208
	192 2240
	0 2240
4
	352 2208
	448 2208
	448 2240
	352 2240
4
	2016 2208
	2080 2208
	2080 2240
	2016 2240
4
	0 2240
	160 2240
	160 2272
	0 2272
4
	320 2240
	448 2240
	448 2272
	320 2272
4
	960 2240
	1088 2240
	1088 2272
	960 2272
4
	2016 2240
	2080 2240
	2080 2272
	2016 2272
4
	0 2272
	160 2272
	160 2304
	0 2304
4
	320 2272
	448 2272
	448 2304
	320 2304
4
	704 2272
	800 2272
	800 2304
	704 2304
4
	928 2272
	1088 2272
	1088 2304
	928 2304
4
	2016 2272
	2080 2272
	2080 2304
	2016 2304
4
	0 2304
	160 2304
	160 2336
	0 2336
4
	320 2304
	448 2304
	448 2336
	320 2336
4
	704 2304
	800 2304
	800 2336
	704 2336
4
	928 2304
	1088 2304
	1088 2336
	928 2336
4
	2016 2304
	2080 2304
	2080 2336
	2016 2336
4
	0 2336
	160 2336
	160 2368
	0 2368
4
	320 2336
	448 2336
	448 2368
	320 2368
4
	704 2336
	896 2336
	896 2368
	704 2368
4
	960 2336
	1088 2336
	1088 2368
	960 2368
4
	2016 2336
	2080 2336
	2080 2368
	2016 2368
4
	0 2368
	160 2368
	160 2400
	0 2400
4
	320 2368
	448 2368
	448 2400
	320 2400
4
	704 2368
	896 2368
	896 2400
	704 2400
4
	960 2368
	1152 2368
	1152 2400
	960 2400
4
	2016 2368
	2080 2368
	2080 2400
	2016 2400
4
	0 2400
	160 2400
	160 2432
	0 2432
4
	320 2400
	448 2400
	448 2432
	320 2432
4
	704 2400
	896 2400
	896 2432
	704 2432
4
	960 2400
	1152 2400
	1152 2432
	960 2432
4
	0 2432
	160 2432
	160 2464
	0 2464
4
	544 2432
	640 2432
	640 2464
	544 2464
4
	704 2432
	896 2432
	896 2464
	704 2464
4
	928 2432
	1152 2432
	1152 2464
	928 2464
4
	0 2464
	160 2464
	160 2496
	0 2496
4
	512 2464
	640 2464
	640 2496
	512 2496
4
	704 2464
	1152 2464
	1152 2496
	704 2496
4
	1248 2464
	1856 2464
	1856 2496
	1248 2496
4
	0 2496
	160 2496
	160 2528
	0 2528
4
	512 2496
	640 2496
	640 2528
	512 2528
4
	768 2496
	1152 2496
	1152 2528
	768 2528
4
	1248 2496
	1856 2496
	1856 2528
	1248 2528
4
	2016 2496
	2080 2496
	2080 2528
	2016 2528
4
	0 2528
	2080 2528
	2080 2560
	0 2560
4
	0 2560
	2080 2560
	2080 2592
	0 2592
4
	-32 -32
	2112 -32
	2112 0
	-32 0
4
	-32 2592
	2112 2592
	2112 2624
	-32 2624
4
	-32 0
	0 0
	0 2592
	-32 2592
4
	2080 0
	2112 0
	2112 2592
	2080 2592
