295
4
	0 0
	1408 0
	1408 32
	0 32
4
	1632 0
	3200 0
	3200 32
	1632 32
4
	0 32
	1408 32
	1408 64
	0 64
4
	1600 32
	3200 32
	3200 64
	1600 64
4
	0 64
	1408 64
	1408 96
	0 96
4
	1600 64
	1760 64
	1760 96
	1600 96
4
	1792 64
	3200 64
	3200 96
	1792 96
4
	0 96
	992 96
	992 128
	0 128
4
	1344 96
	1408 96
	1408 128
	1344 128
4
	1600 96
	1664 96
	1664 128
	1600 128
4
	2016 96
	3200 96
	3200 128
	2016 128
4
	0 128
	960 128
	960 160
	0 160
4
	2016 128
	3200 128
	3200 160
	2016 160
4
	0 160
	896 160
	896 192
	0 192
4
	2016 160
	3200 160
	3200 192
	2016 192
4
	0 192
	928 192
	928 224
	0 224
4
	1216 192
	1344 192
	1344 224
	1216 224
4
	1632 192
	1760 192
	1760 224
	1632 224
4
	2016 192
	3200 192
	3200 224
	2016 224
4
	0 224
	928 224
	928 256
	0 256
4
	1216 224
	1344 224
	1344 256
	1216 256
4
	1632 224
	1760 224
	1760 256
	1632 256
4
	2016 224
	3200 224
	3200 256
	2016 256
4
	0 256
	960 256
	960 288
	0 288
4
	1216 256
	1344 256
	1344 288
	1216 288
4
	1632 256
	1760 256
	1760 288
	1632 288
4
	2016 256
	3200 256
	3200 288
	2016 288
4
	0 288
	992 288
	992 320
	0 320
4
	1216 288
	1344 288
	1344 320
	1216 320
4
	1632 288
	1760 288
	1760 320
	1632 320
4
	2016 288
	3200 288
	3200 320
	2016 320
4
	0 320
	1088 320
	1088 352
	0 352
4
	1216 320
	1344 320
	1344 352
	1216 352
4
	1632 320
	1760 320
	1760 352
	1632 352
4
	2048 320
	3200 320
	3200 352
	2048 352
4
	0 352
	1088 352
	1088 384
	0 384
4
	2048 352
	3200 352
	3200 384
	2048 384
4
	0 384
	992 384
	992 416
	0 416
4
	2048 384
	3200 384
	3200 416
	2048 416
4
	0 416
	1024 416
	1024 448
	0 448
4
	1120 416
	1184 416
	1184 448
	1120 448
4
	1216 416
	1344 416
	1344 448
	1216 448
4
	1632 416
	1760 416
	1760 448
	1632 448
4
	1824 416
	1952 416
	1952 448
	1824 448
4
	2048 416
	3200 416
	3200 448
	2048 448
4
	0 448
	1376 448
	1376 480
	0 480
4
	1600 448
	1760 448
	1760 480
	1600 480
4
	1792 448
	1984 448
	1984 480
	1792 480
4
	2016 448
	3200 448
	3200 480
	2016 480
4
	0 480
	1376 480
	1376 512
	0 512
4
	1600 480
	3200 480
	3200 512
	1600 512
4
	0 512
	1376 512
	1376 544
	0 544
4
	1600 512
	3200 512
	3200 544
	1600 544
4
	0 544
	1376 544
	1376 576
	0 576
4
	1600 544
	3200 544
	3200 576
	1600 576
4
	0 576
	1376 576
	1376 608
	0 608
4
	1600 576
	1760 576
	1760 608
	1600 608
4
	1824 576
	3200 576
	3200 608
	1824 608
4
	0 608
	960 608
	960 640
	0 640
4
	1056 608
	1216 608
	1216 640
	1056 640
4
	1248 608
	1312 608
	1312 640
	1248 640
4
	1632 608
	1696 608
	1696 640
	1632 640
4
	1824 608
	1856 608
	1856 640
	1824 640
4
	1920 608
	2016 608
	2016 640
	1920 640
4
	2112 608
	3200 608
	3200 640
	2112 640
4
	0 640
	896 640
	896 672
	0 672
4
	1088 640
	1216 640
	1216 672
	1088 672
4
	2112 640
	3200 640
	3200 672
	2112 672
4
	0 672
	992 672
	992 704
	0 704
4
	1088 672
	1152 672
	1152 704
	1088 704
4
	2112 672
	3200 672
	3200 704
	2112 704
4
	0 704
	1024 704
	1024 736
	0 736
4
	2112 704
	3200 704
	3200 736
	2112 736
4
	0 736
	1024 736
	1024 768
	0 768
4
	2048 736
	3200 736
	3200 768
	2048 768
4
	0 768
	1024 768
	1024 800
	0 800
4
	2016 768
	3200 768
	3200 800
	2016 800
4
	0 800
	1024 800
	1024 832
	0 832
4
	2016 800
	3200 800
	3200 832
	2016 832
4
	0 832
	1024 832
	1024 864
	0 864
4
	2048 832
	3200 832
	3200 864
	2048 864
4
	0 864
	1024 864
	1024 896
	0 896
4
	2016 864
	3200 864
	3200 896
	2016 896
4
	0 896
	1024 896
	1024 928
	0 928
4
	1984 896
	3200 896
	3200 928
	1984 928
4
	0 928
	1024 928
	1024 960
	0 960
4
	2016 928
	3200 928
	3200 960
	2016 960
4
	0 960
	1024 960
	1024 992
	0 992
4
	2048 960
	3200 960
	3200 992
	2048 992
4
	0 992
	992 992
	992 1024
	0 1024
4
	2048 992
	3200 992
	3200 1024
	2048 1024
4
	0 1024
	1024 1024
	1024 1056
	0 1056
4
	2016 1024
	3200 1024
	3200 1056
	2016 1056
4
	0 1056
	1024 1056
	1024 1088
	0 1088
4
	2048 1056
	3200 1056
	3200 1088
	2048 1088
4
	0 1088
	960 1088
	960 1120
	0 1120
4
	2016 1088
	3200 1088
	3200 1120
	2016 1120
4
	0 1120
	928 1120
	928 1152
	0 1152
4
	2016 1120
	3200 1120
	3200 1152
	2016 1152
4
	0 1152
	960 1152
	960 1184
	0 1184
4
	1984 1152
	3200 1152
	3200 1184
	1984 1184
4
	0 1184
	896 1184
	896 1216
	0 1216
4
	1984 1184
	3200 1184
	3200 1216
	1984 1216
4
	0 1216
	896 1216
	896 1248
	0 1248
4
	1984 1216
	3200 1216
	3200 1248
	1984 1248
4
	0 1248
	896 1248
	896 1280
	0 1280
4
	1984 1248
	3200 1248
	3200 1280
	1984 1280
4
	0 1280
	1024 1280
	1024 1312
	0 1312
4
	1920 1280
	3200 1280
	3200 1312
	1920 1312
4
	0 1312
	1088 1312
	1088 1344
	0 1344
4
	1920 1312
	3200 1312
	3200 1344
	1920 1344
4
	0 1344
	1088 1344
	1088 1376
	0 1376
4
	1984 1344
	3200 1344
	3200 1376
	1984 1376
4
	0 1376
	1088 1376
	1088 1408
	0 1408
4
	2112 1376
	3200 1376
	3200 1408
	2112 1408
4
	0 1408
	1088 1408
	1088 1440
	0 1440
4
	2080 1408
	3200 1408
	3200 1440
	2080 1440
4
	0 1440
	1024 1440
	1024 1472
	0 1472
4
	2048 1440
	3200 1440
	3200 1472
	2048 1472
4
	0 1472
	1024 1472
	1024 1504
	0 1504
4
	2048 1472
	3200 1472
	3200 1504
	2048 1504
4
	0 1504
	1024 1504
	1024 1536
	0 1536
4
	2080 1504
	3200 1504
	3200 1536
	2080 1536
4
	0 1536
	960 1536
	960 1568
	0 1568
4
	2080 1536
	3200 1536
	3200 1568
	2080 1568
4
	0 1568
	896 1568
	896 1600
	0 1600
4
	2080 1568
	3200 1568
	3200 1600
	2080 1600
4
	0 1600
	896 1600
	896 1632
	0 1632
4
	2080 1600
	3200 1600
	3200 1632
	2080 1632
4
	0 1632
	1024 1632
	1024 1664
	0 1664
4
	2112 1632
	3200 1632
	3200 1664
	2112 1664
4
	0 1664
	1056 1664
	1056 1696
	0 1696
4
	2112 1664
	3200 1664
	3200 1696
	2112 1696
4
	0 1696
	1056 1696
	1056 1728
	0 1728
4
	2112 1696
	3200 1696
	3200 1728
	2112 1728
4
	0 1728
	1056 1728
	1056 1760
	0 1760
4
	2016 1728
	3200 1728
	3200 1760
	2016 1760
4
	0 1760
	608 1760
	608 1792
	0 1792
4
	768 1760
	960 1760
	960 1792
	768 1792
4
	1984 1760
	3200 1760
	3200 1792
	1984 1792
4
	0 1792
	608 1792
	608 1824
	0 1824
4
	800 1792
	928 1792
	928 1824
	800 1824
4
	1984 1792
	3200 1792
	3200 1824
	1984 1824
4
	0 1824
	608 1824
	608 1856
	0 1856
4
	1984 1824
	2400 1824
	2400 1856
	1984 1856
4
	2432 1824
	3200 1824
	3200 1856
	2432 1856
4
	0 1856
	448 1856
	448 1888
	0 1888
4
	2048 1856
	2240 1856
	2240 1888
	2048 1888
4
	2272 1856
	2400 1856
	2400 1888
	2272 1888
4
	2432 1856
	3200 1856
	3200 1888
	2432 1888
4
	0 1888
	416 1888
	416 1920
	0 1920
4
	800 1888
	928 1888
	928 1920
	800 1920
4
	2336 1888
	2400 1888
	2400 1920
	2336 1920
4
	2496 1888
	3200 1888
	3200 1920
	2496 1920
4
	0 1920
	224 1920
	224 1952
	0 1952
4
	800 1920
	928 1920
	928 1952
	800 1952
4
	1120 1920
	1216 1920
	1216 1952
	1120 1952
4
	1792 1920
	1856 1920
	1856 1952
	1792 1952
4
	2592 1920
	2720 1920
	2720 1952
	2592 1952
4
	2784 1920
	3200 1920
	3200 1952
	2784 1952
4
	0 1952
	160 1952
	160 1984
	0 1984
4
	768 1952
	960 1952
	960 1984
	768 1984
4
	1024 1952
	1216 1952
	1216 1984
	1024 1984
4
	1344 1952
	1664 1952
	1664 1984
	1344 1984
4
	1792 1952
	1856 1952
	1856 1984
	1792 1984
4
	2080 1952
	2208 1952
	2208 1984
	2080 1984
4
	2816 1952
	3200 1952
	3200 1984
	2816 1984
4
	0 1984
	128 1984
	128 2016
	0 2016
4
	768 1984
	1216 1984
	1216 2016
	768 2016
4
	1760 1984
	1952 1984
	1952 2016
	1760 2016
4
	2048 1984
	2240 1984
	2240 2016
	2048 2016
4
	2784 1984
	3200 1984
	3200 2016
	2784 2016
4
	0 2016
	128 2016
	128 2048
	0 2048
4
	768 2016
	1216 2016
	1216 2048
	768 2048
4
	1760 2016
	2240 2016
	2240 2048
	1760 2048
4
	2784 2016
	3200 2016
	3200 2048
	2784 2048
4
	0 2048
	128 2048
	128 2080
	0 2080
4
	768 2048
	1216 2048
	1216 2080
	768 2080
4
	1760 2048
	2240 2048
	2240 2080
	1760 2080
4
	2784 2048
	2880 2048
	2880 2080
	2784 2080
4
	3072 2048
	3200 2048
	3200 2080
	3072 2080
4
	0 2080
	224 2080
	224 2112
	0 2112
4
	768 2080
	1216 2080
	1216 2112
	768 2112
4
	1760 2080
	2240 2080
	2240 2112
	1760 2112
4
	2784 2080
	2880 2080
	2880 2112
	2784 2112
4
	3072 2080
	3200 2080
	3200 2112
	3072 2112
4
	0 2112
	224 2112
	224 2144
	0 2144
4
	960 2112
	992 2112
	992 2144
	960 2144
4
	1056 2112
	1248 2112
	1248 2144
	1056 2144
4
	1760 2112
	2240 2112
	2240 2144
	1760 2144
4
	2816 2112
	2880 2112
	2880 2144
	2816 2144
4
	3104 2112
	3200 2112
	3200 2144
	3104 2144
4
	0 2144
	224 2144
	224 2176
	0 2176
4
	1056 2144
	1248 2144
	1248 2176
	1056 2176
4
	1792 2144
	1984 2144
	1984 2176
	1792 2176
4
	2112 2144
	2208 2144
	2208 2176
	2112 2176
4
	2816 2144
	2880 2144
	2880 2176
	2816 2176
4
	3104 2144
	3200 2144
	3200 2176
	3104 2176
4
	0 2176
	224 2176
	224 2208
	0 2208
4
	1056 2176
	1216 2176
	1216 2208
	1056 2208
4
	1792 2176
	1984 2176
	1984 2208
	1792 2208
4
	2112 2176
	2176 2176
	2176 2208
	2112 2208
4
	2816 2176
	2880 2176
	2880 2208
	2816 2208
4
	3136 2176
	3200 2176
	3200 2208
	3136 2208
4
	0 2208
	224 2208
	224 2240
	0 2240
4
	1024 2208
	1216 2208
	1216 2240
	1024 2240
4
	1760 2208
	1984 2208
	1984 2240
	1760 2240
4
	2112 2208
	2176 2208
	2176 2240
	2112 2240
4
	2816 2208
	2880 2208
	2880 2240
	2816 2240
4
	3136 2208
	3200 2208
	3200 2240
	3136 2240
4
	0 2240
	224 2240
	224 2272
	0 2272
4
	1024 2240
	1216 2240
	1216 2272
	1024 2272
4
	1728 2240
	1984 2240
	1984 2272
	1728 2272
4
	2816 2240
	2880 2240
	2880 2272
	2816 2272
4
	3104 2240
	3200 2240
	3200 2272
	3104 2272
4
	0 2272
	224 2272
	224 2304
	0 2304
4
	1024 2272
	1248 2272
	1248 2304
	1024 2304
4
	1344 2272
	1664 2272
	1664 2304
	1344 2304
4
	1728 2272
	1984 2272
	1984 2304
	1728 2304
4
	2816 2272
	2880 2272
	2880 2304
	2816 2304
4
	3104 2272
	3200 2272
	3200 2304
	3104 2304
4
	0 2304
	192 2304
	192 2336
	0 2336
4
	1024 2304
	1248 2304
	1248 2336
	1024 2336
4
	1728 2304
	1984 2304
	1984 2336
	1728 2336
4
	2816 2304
	2880 2304
	2880 2336
	2816 2336
4
	3104 2304
	3200 2304
	3200 2336
	3104 2336
4
	0 2336
	128 2336
	128 2368
	0 2368
4
	1024 2336
	1248 2336
	1248 2368
	1024 2368
4
	1760 2336
	1984 2336
	1984 2368
	1760 2368
4
	2816 2336
	2880 2336
	2880 2368
	2816 2368
4
	3104 2336
	3200 2336
	3200 2368
	3104 2368
4
	0 2368
	128 2368
	128 2400
	0 2400
4
	1024 2368
	1312 2368
	1312 2400
	1024 2400
4
	1760 2368
	2016 2368
	2016 2400
	1760 2400
4
	2816 2368
	2880 2368
	2880 2400
	2816 2400
4
	3104 2368
	3200 2368
	3200 2400
	3104 2400
4
	0 2400
	128 2400
	128 2432
	0 2432
4
	288 2400
	416 2400
	416 2432
	288 2432
4
	1024 2400
	1312 2400
	1312 2432
	1024 2432
4
	1760 2400
	2144 2400
	2144 2432
	1760 2432
4
	2784 2400
	2880 2400
	2880 2432
	2784 2432
4
	3104 2400
	3200 2400
	3200 2432
	3104 2432
4
	0 2432
	192 2432
	192 2464
	0 2464
4
	288 2432
	416 2432
	416 2464
	288 2464
4
	1088 2432
	1376 2432
	1376 2464
	1088 2464
4
	1408 2432
	1600 2432
	1600 2464
	1408 2464
4
	1632 2432
	2144 2432
	2144 2464
	1632 2464
4
	2784 2432
	2880 2432
	2880 2464
	2784 2464
4
	3104 2432
	3200 2432
	3200 2464
	3104 2464
4
	0 2464
	192 2464
	192 2496
	0 2496
4
	256 2464
	480 2464
	480 2496
	256 2496
4
	1088 2464
	2144 2464
	2144 2496
	1088 2496
4
	2624 2464
	2848 2464
	2848 2496
	2624 2496
4
	3072 2464
	3200 2464
	3200 2496
	3072 2496
4
	0 2496
	512 2496
	512 2528
	0 2528
4
	1056 2496
	2144 2496
	2144 2528
	1056 2528
4
	2624 2496
	2784 2496
	2784 2528
	2624 2528
4
	3072 2496
	3200 2496
	3200 2528
	3072 2528
4
	0 2528
	512 2528
	512 2560
	0 2560
4
	1056 2528
	2112 2528
	2112 2560
	1056 2560
4
	3040 2528
	3200 2528
	3200 2560
	3040 2560
4
	0 2560
	608 2560
	608 2592
	0 2592
4
	1056 2560
	1984 2560
	1984 2592
	1056 2592
4
	3040 2560
	3200 2560
	3200 2592
	3040 2592
4
	0 2592
	608 2592
	608 2624
	0 2624
4
	1056 2592
	2048 2592
	2048 2624
	1056 2624
4
	2240 2592
	2304 2592
	2304 2624
	2240 2624
4
	2368 2592
	2432 2592
	2432 2624
	2368 2624
4
	2944 2592
	3200 2592
	3200 2624
	2944 2624
4
	0 2624
	608 2624
	608 2656
	0 2656
4
	1056 2624
	2048 2624
	2048 2656
	1056 2656
4
	2240 2624
	2432 2624
	2432 2656
	2240 2656
4
	2560 2624
	2656 2624
	2656 2656
	2560 2656
4
	2944 2624
	3200 2624
	3200 2656
	2944 2656
4
	0 2656
	640 2656
	640 2688
	0 2688
4
	736 2656
	832 2656
	832 2688
	736 2688
4
	1088 2656
	2016 2656
	2016 2688
	1088 2688
4
	2176 2656
	2496 2656
	2496 2688
	2176 2688
4
	2560 2656
	2656 2656
	2656 2688
	2560 2688
4
	2944 2656
	3200 2656
	3200 2688
	2944 2688
4
	0 2688
	672 2688
	672 2720
	0 2720
4
	736 2688
	2016 2688
	2016 2720
	736 2720
4
	2144 2688
	2496 2688
	2496 2720
	2144 2720
4
	2560 2688
	2656 2688
	2656 2720
	2560 2720
4
	2848 2688
	3200 2688
	3200 2720
	2848 2720
4
	0 2720
	2048 2720
	2048 2752
	0 2752
4
	2080 2720
	2496 2720
	2496 2752
	2080 2752
4
	2592 2720
	2752 2720
	2752 2752
	2592 2752
4
	2784 2720
	3200 2720
	3200 2752
	2784 2752
4
	0 2752
	3200 2752
	3200 2784
	0 2784
4
	0 2784
	3200 2784
	3200 2816
	0 2816
4
	-32 -32
	3232 -32
	3232 0
	-32 0
4
	-32 2816
	3232 2816
	3232 2848
	-32 2848
4
	-32 0
	0 0
	0 2816
	-32 2816
4
	3200 0
	3232 0
	3232 2816
	3200 2816
