106
4
	0 0
	1088 0
	1088 32
	0 32
4
	0 32
	1088 32
	1088 64
	0 64
4
	0 64
	1088 64
	1088 96
	0 96
4
	0 96
	1088 96
	1088 128
	0 128
4
	0 128
	1088 128
	1088 160
	0 160
4
	0 160
	1088 160
	1088 192
	0 192
4
	0 192
	96 192
	96 224
	0 224
4
	128 192
	1088 192
	1088 224
	128 224
4
	0 224
	64 224
	64 256
	0 256
4
	128 224
	1088 224
	1088 256
	128 256
4
	0 256
	64 256
	64 288
	0 288
4
	192 256
	1088 256
	1088 288
	192 288
4
	0 288
	96 288
	96 320
	0 320
4
	320 288
	1088 288
	1088 320
	320 320
4
	0 320
	96 320
	96 352
	0 352
4
	352 320
	1088 320
	1088 352
	352 352
4
	0 352
	96 352
	96 384
	0 384
4
	352 352
	512 352
	512 384
	352 384
4
	544 352
	1088 352
	1088 384
	544 384
4
	0 384
	96 384
	96 416
	0 416
4
	384 384
	448 384
	448 416
	384 416
4
	544 384
	1088 384
	1088 416
	544 416
4
	0 416
	96 416
	96 448
	0 448
4
	512 416
	1088 416
	1088 448
	512 448
4
	0 448
	128 448
	128 480
	0 480
4
	512 448
	1088 448
	1088 480
	512 480
4
	0 480
	160 480
	160 512
	0 512
4
	448 480
	1088 480
	1088 512
	448 512
4
	0 512
	160 512
	160 544
	0 544
4
	448 512
	1088 512
	1088 544
	448 544
4
	0 544
	160 544
	160 576
	0 576
4
	448 544
	1088 544
	1088 576
	448 576
4
	0 576
	64 576
	64 608
	0 608
4
	544 576
	1088 576
	1088 608
	544 608
4
	0 608
	64 608
	64 640
	0 640
4
	512 608
	1088 608
	1088 640
	512 640
4
	0 640
	64 640
	64 672
	0 672
4
	512 640
	1088 640
	1088 672
	512 672
4
	0 672
	64 672
	64 704
	0 704
4
	480 672
	1088 672
	1088 704
	480 704
4
	0 704
	64 704
	64 736
	0 736
4
	480 704
	1088 704
	1088 736
	480 736
4
	0 736
	64 736
	64 768
	0 768
4
	480 736
	1088 736
	1088 768
	480 768
4
	0 768
	128 768
	128 800
	0 800
4
	448 768
	1088 768
	1088 800
	448 800
4
	0 800
	160 800
	160 832
	0 832
4
	448 800
	1088 800
	1088 832
	448 832
4
	0 832
	192 832
	192 864
	0 864
4
	480 832
	1088 832
	1088 864
	480 864
4
	0 864
	224 864
	224 896
	0 896
4
	544 864
	1088 864
	1088 896
	544 896
4
	0 896
	256 896
	256 928
	0 928
4
	544 896
	1088 896
	1088 928
	544 928
4
	0 928
	288 928
	288 960
	0 960
4
	544 928
	1088 928
	1088 960
	544 960
4
	0 960
	288 960
	288 992
	0 992
4
	512 960
	1088 960
	1088 992
	512 992
4
	0 992
	256 992
	256 1024
	0 1024
4
	512 992
	1088 992
	1088 1024
	512 1024
4
	0 1024
	192 1024
	192 1056
	0 1056
4
	512 1024
	1088 1024
	1088 1056
	512 1056
4
	0 1056
	128 1056
	128 1088
	0 1088
4
	512 1056
	640 1056
	640 1088
	512 1088
4
	736 1056
	1088 1056
	1088 1088
	736 1088
4
	0 1088
	96 1088
	96 1120
	0 1120
4
	384 1088
	416 1088
	416 1120
	384 1120
4
	736 1088
	1088 1088
	1088 1120
	736 1120
4
	0 1120
	128 1120
	128 1152
	0 1152
4
	704 1120
	1088 1120
	1088 1152
	704 1152
4
	0 1152
	128 1152
	128 1184
	0 1184
4
	704 1152
	1088 1152
	1088 1184
	704 1184
4
	0 1184
	128 1184
	128 1216
	0 1216
4
	704 1184
	1088 1184
	1088 1216
	704 1216
4
	0 1216
	128 1216
	128 1248
	0 1248
4
	672 1216
	1088 1216
	1088 1248
	672 1248
4
	0 1248
	160 1248
	160 1280
	0 1280
4
	768 1248
	1088 1248
	1088 1280
	768 1280
4
	0 1280
	160 1280
	160 1312
	0 1312
4
	768 1280
	1088 1280
	1088 1312
	768 1312
4
	0 1312
	192 1312
	192 1344
	0 1344
4
	800 1312
	1088 1312
	1088 1344
	800 1344
4
	0 1344
	192 1344
	192 1376
	0 1376
4
	800 1344
	1088 1344
	1088 1376
	800 1376
4
	0 1376
	192 1376
	192 1408
	0 1408
4
	896 1376
	1088 1376
	1088 1408
	896 1408
4
	0 1408
	160 1408
	160 1440
	0 1440
4
	1056 1408
	1088 1408
	1088 1440
	1056 1440
4
	0 1440
	160 1440
	160 1472
	0 1472
4
	320 1440
	352 1440
	352 1472
	320 1472
4
	1056 1440
	1088 1440
	1088 1472
	1056 1472
4
	0 1472
	96 1472
	96 1504
	0 1504
4
	288 1472
	480 1472
	480 1504
	288 1504
4
	512 1472
	640 1472
	640 1504
	512 1504
4
	1024 1472
	1088 1472
	1088 1504
	1024 1504
4
	0 1504
	128 1504
	128 1536
	0 1536
4
	256 1504
	640 1504
	640 1536
	256 1536
4
	736 1504
	768 1504
	768 1536
	736 1536
4
	864 1504
	896 1504
	896 1536
	864 1536
4
	1024 1504
	1088 1504
	1088 1536
	1024 1536
4
	0 1536
	1088 1536
	1088 1568
	0 1568
4
	0 1568
	1088 1568
	1088 1600
	0 1600
4
	-32 -32
	1120 -32
	1120 0
	-32 0
4
	-32 1600
	1120 1600
	1120 1632
	-32 1632
4
	-32 0
	0 0
	0 1600
	-32 1600
4
	1088 0
	1120 0
	1120 1600
	1088 1600
