137
4
	0 0
	1056 0
	1056 32
	0 32
4
	0 32
	1056 32
	1056 64
	0 64
4
	0 64
	1056 64
	1056 96
	0 96
4
	0 96
	704 96
	704 128
	0 128
4
	768 96
	1056 96
	1056 128
	768 128
4
	0 128
	640 128
	640 160
	0 160
4
	768 128
	1056 128
	1056 160
	768 160
4
	0 160
	544 160
	544 192
	0 192
4
	896 160
	1056 160
	1056 192
	896 192
4
	0 192
	544 192
	544 224
	0 224
4
	896 192
	1056 192
	1056 224
	896 224
4
	0 224
	512 224
	512 256
	0 256
4
	896 224
	1056 224
	1056 256
	896 256
4
	0 256
	480 256
	480 288
	0 288
4
	960 256
	1056 256
	1056 288
	960 288
4
	0 288
	416 288
	416 320
	0 320
4
	576 288
	640 288
	640 320
	576 320
4
	960 288
	1056 288
	1056 320
	960 320
4
	0 320
	416 320
	416 352
	0 352
4
	544 320
	640 320
	640 352
	544 352
4
	928 320
	1056 320
	1056 352
	928 352
4
	0 352
	416 352
	416 384
	0 384
4
	544 352
	640 352
	640 384
	544 384
4
	896 352
	1056 352
	1056 384
	896 384
4
	0 384
	416 384
	416 416
	0 416
4
	544 384
	608 384
	608 416
	544 416
4
	896 384
	1056 384
	1056 416
	896 416
4
	0 416
	416 416
	416 448
	0 448
4
	544 416
	640 416
	640 448
	544 448
4
	896 416
	1056 416
	1056 448
	896 448
4
	0 448
	416 448
	416 480
	0 480
4
	544 448
	640 448
	640 480
	544 480
4
	928 448
	1056 448
	1056 480
	928 480
4
	0 480
	448 480
	448 512
	0 512
4
	960 480
	1056 480
	1056 512
	960 512
4
	0 512
	480 512
	480 544
	0 544
4
	960 512
	1056 512
	1056 544
	960 544
4
	0 544
	512 544
	512 576
	0 576
4
	960 544
	1056 544
	1056 576
	960 576
4
	0 576
	544 576
	544 608
	0 608
4
	960 576
	1056 576
	1056 608
	960 608
4
	0 608
	576 608
	576 640
	0 640
4
	960 608
	1056 608
	1056 640
	960 640
4
	0 640
	544 640
	544 672
	0 672
4
	960 640
	1056 640
	1056 672
	960 672
4
	0 672
	576 672
	576 704
	0 704
4
	960 672
	1056 672
	1056 704
	960 704
4
	0 704
	576 704
	576 736
	0 736
4
	960 704
	1056 704
	1056 736
	960 736
4
	0 736
	576 736
	576 768
	0 768
4
	960 736
	1056 736
	1056 768
	960 768
4
	0 768
	576 768
	576 800
	0 800
4
	960 768
	1056 768
	1056 800
	960 800
4
	0 800
	576 800
	576 832
	0 832
4
	960 800
	1056 800
	1056 832
	960 832
4
	0 832
	64 832
	64 864
	0 864
4
	320 832
	544 832
	544 864
	320 864
4
	960 832
	1056 832
	1056 864
	960 864
4
	0 864
	64 864
	64 896
	0 896
4
	384 864
	480 864
	480 896
	384 896
4
	672 864
	768 864
	768 896
	672 896
4
	960 864
	1056 864
	1056 896
	960 896
4
	0 896
	64 896
	64 928
	0 928
4
	672 896
	768 896
	768 928
	672 928
4
	960 896
	1056 896
	1056 928
	960 928
4
	0 928
	160 928
	160 960
	0 960
4
	672 928
	768 928
	768 960
	672 960
4
	960 928
	1056 928
	1056 960
	960 960
4
	0 960
	160 960
	160 992
	0 992
4
	672 960
	768 960
	768 992
	672 992
4
	960 960
	1056 960
	1056 992
	960 992
4
	0 992
	192 992
	192 1024
	0 1024
4
	672 992
	800 992
	800 1024
	672 1024
4
	960 992
	1056 992
	1056 1024
	960 1024
4
	0 1024
	192 1024
	192 1056
	0 1056
4
	672 1024
	1056 1024
	1056 1056
	672 1056
4
	0 1056
	192 1056
	192 1088
	0 1088
4
	704 1056
	1056 1056
	1056 1088
	704 1088
4
	0 1088
	192 1088
	192 1120
	0 1120
4
	704 1088
	1056 1088
	1056 1120
	704 1120
4
	0 1120
	192 1120
	192 1152
	0 1152
4
	736 1120
	800 1120
	800 1152
	736 1152
4
	928 1120
	1056 1120
	1056 1152
	928 1152
4
	0 1152
	192 1152
	192 1184
	0 1184
4
	928 1152
	1056 1152
	1056 1184
	928 1184
4
	0 1184
	192 1184
	192 1216
	0 1216
4
	384 1184
	544 1184
	544 1216
	384 1216
4
	928 1184
	1056 1184
	1056 1216
	928 1216
4
	0 1216
	192 1216
	192 1248
	0 1248
4
	384 1216
	544 1216
	544 1248
	384 1248
4
	928 1216
	1056 1216
	1056 1248
	928 1248
4
	0 1248
	192 1248
	192 1280
	0 1280
4
	416 1248
	544 1248
	544 1280
	416 1280
4
	928 1248
	1056 1248
	1056 1280
	928 1280
4
	0 1280
	192 1280
	192 1312
	0 1312
4
	384 1280
	544 1280
	544 1312
	384 1312
4
	928 1280
	1056 1280
	1056 1312
	928 1312
4
	0 1312
	192 1312
	192 1344
	0 1344
4
	384 1312
	544 1312
	544 1344
	384 1344
4
	928 1312
	1056 1312
	1056 1344
	928 1344
4
	0 1344
	192 1344
	192 1376
	0 1376
4
	416 1344
	512 1344
	512 1376
	416 1376
4
	928 1344
	1056 1344
	1056 1376
	928 1376
4
	0 1376
	192 1376
	192 1408
	0 1408
4
	928 1376
	1056 1376
	1056 1408
	928 1408
4
	0 1408
	128 1408
	128 1440
	0 1440
4
	928 1408
	1056 1408
	1056 1440
	928 1440
4
	0 1440
	128 1440
	128 1472
	0 1472
4
	928 1440
	1056 1440
	1056 1472
	928 1472
4
	0 1472
	128 1472
	128 1504
	0 1504
4
	896 1472
	1056 1472
	1056 1504
	896 1504
4
	0 1504
	128 1504
	128 1536
	0 1536
4
	896 1504
	1056 1504
	1056 1536
	896 1536
4
	0 1536
	128 1536
	128 1568
	0 1568
4
	896 1536
	1056 1536
	1056 1568
	896 1568
4
	0 1568
	160 1568
	160 1600
	0 1600
4
	896 1568
	1056 1568
	1056 1600
	896 1600
4
	0 1600
	192 1600
	192 1632
	0 1632
4
	896 1600
	1056 1600
	1056 1632
	896 1632
4
	0 1632
	224 1632
	224 1664
	0 1664
4
	704 1632
	768 1632
	768 1664
	704 1664
4
	864 1632
	1056 1632
	1056 1664
	864 1664
4
	0 1664
	416 1664
	416 1696
	0 1696
4
	704 1664
	768 1664
	768 1696
	704 1696
4
	864 1664
	1056 1664
	1056 1696
	864 1696
4
	0 1696
	416 1696
	416 1728
	0 1728
4
	672 1696
	1056 1696
	1056 1728
	672 1728
4
	0 1728
	416 1728
	416 1760
	0 1760
4
	672 1728
	1056 1728
	1056 1760
	672 1760
4
	0 1760
	480 1760
	480 1792
	0 1792
4
	576 1760
	1056 1760
	1056 1792
	576 1792
4
	0 1792
	480 1792
	480 1824
	0 1824
4
	576 1792
	1056 1792
	1056 1824
	576 1824
4
	-32 -32
	1088 -32
	1088 0
	-32 0
4
	-32 1824
	1088 1824
	1088 1856
	-32 1856
4
	-32 0
	0 0
	0 1824
	-32 1824
4
	1056 0
	1088 0
	1088 1824
	1056 1824
