1335
4
	0 0
	11968 0
	11968 32
	0 32
4
	0 32
	11968 32
	11968 64
	0 64
4
	0 64
	11968 64
	11968 96
	0 96
4
	0 96
	11968 96
	11968 128
	0 128
4
	0 128
	10112 128
	10112 160
	0 160
4
	10368 128
	10560 128
	10560 160
	10368 160
4
	10624 128
	10816 128
	10816 160
	10624 160
4
	10880 128
	11104 128
	11104 160
	10880 160
4
	11136 128
	11328 128
	11328 160
	11136 160
4
	11360 128
	11584 128
	11584 160
	11360 160
4
	11680 128
	11968 128
	11968 160
	11680 160
4
	0 160
	10112 160
	10112 192
	0 192
4
	10368 160
	10560 160
	10560 192
	10368 192
4
	10880 160
	11104 160
	11104 192
	10880 192
4
	11360 160
	11584 160
	11584 192
	11360 192
4
	11712 160
	11968 160
	11968 192
	11712 192
4
	0 192
	10112 192
	10112 224
	0 224
4
	10368 192
	10560 192
	10560 224
	10368 224
4
	10912 192
	11072 192
	11072 224
	10912 224
4
	11360 192
	11584 192
	11584 224
	11360 224
4
	11776 192
	11968 192
	11968 224
	11776 224
4
	0 224
	10112 224
	10112 256
	0 256
4
	10944 224
	11040 224
	11040 256
	10944 256
4
	11808 224
	11968 224
	11968 256
	11808 256
4
	0 256
	10240 256
	10240 288
	0 288
4
	11712 256
	11968 256
	11968 288
	11712 288
4
	0 288
	10240 288
	10240 320
	0 320
4
	11712 288
	11968 288
	11968 320
	11712 320
4
	0 320
	10240 320
	10240 352
	0 352
4
	11712 320
	11968 320
	11968 352
	11712 352
4
	0 352
	10240 352
	10240 384
	0 384
4
	10944 352
	11008 352
	11008 384
	10944 384
4
	11712 352
	11968 352
	11968 384
	11712 384
4
	0 384
	10240 384
	10240 416
	0 416
4
	10944 384
	11008 384
	11008 416
	10944 416
4
	11712 384
	11968 384
	11968 416
	11712 416
4
	0 416
	10240 416
	10240 448
	0 448
4
	10656 416
	10784 416
	10784 448
	10656 448
4
	11168 416
	11296 416
	11296 448
	11168 448
4
	11712 416
	11968 416
	11968 448
	11712 448
4
	0 448
	10112 448
	10112 480
	0 480
4
	10656 448
	10784 448
	10784 480
	10656 480
4
	10880 448
	11040 448
	11040 480
	10880 480
4
	11168 448
	11296 448
	11296 480
	11168 480
4
	11808 448
	11968 448
	11968 480
	11808 480
4
	0 480
	10112 480
	10112 512
	0 512
4
	10656 480
	10784 480
	10784 512
	10656 512
4
	10880 480
	11040 480
	11040 512
	10880 512
4
	11168 480
	11296 480
	11296 512
	11168 512
4
	11744 480
	11968 480
	11968 512
	11744 512
4
	0 512
	10112 512
	10112 544
	0 544
4
	10656 512
	10784 512
	10784 544
	10656 544
4
	10848 512
	11104 512
	11104 544
	10848 544
4
	11168 512
	11296 512
	11296 544
	11168 544
4
	11744 512
	11968 512
	11968 544
	11744 544
4
	0 544
	10112 544
	10112 576
	0 576
4
	10176 544
	10272 544
	10272 576
	10176 576
4
	10848 544
	11104 544
	11104 576
	10848 576
4
	11744 544
	11968 544
	11968 576
	11744 576
4
	0 576
	10336 576
	10336 608
	0 608
4
	10880 576
	11040 576
	11040 608
	10880 608
4
	11552 576
	11968 576
	11968 608
	11552 608
4
	0 608
	10368 608
	10368 640
	0 640
4
	10880 608
	11040 608
	11040 640
	10880 640
4
	11552 608
	11968 608
	11968 640
	11552 640
4
	0 640
	10368 640
	10368 672
	0 672
4
	10848 640
	11104 640
	11104 672
	10848 672
4
	11552 640
	11968 640
	11968 672
	11552 672
4
	0 672
	10368 672
	10368 704
	0 704
4
	10848 672
	11104 672
	11104 704
	10848 704
4
	11552 672
	11968 672
	11968 704
	11552 704
4
	0 704
	10368 704
	10368 736
	0 736
4
	10880 704
	11040 704
	11040 736
	10880 736
4
	11616 704
	11968 704
	11968 736
	11616 736
4
	0 736
	10368 736
	10368 768
	0 768
4
	10880 736
	11040 736
	11040 768
	10880 768
4
	11616 736
	11968 736
	11968 768
	11616 768
4
	0 768
	10368 768
	10368 800
	0 800
4
	10848 768
	11104 768
	11104 800
	10848 800
4
	11552 768
	11968 768
	11968 800
	11552 800
4
	0 800
	10400 800
	10400 832
	0 832
4
	10656 800
	10784 800
	10784 832
	10656 832
4
	10848 800
	11104 800
	11104 832
	10848 832
4
	11168 800
	11296 800
	11296 832
	11168 832
4
	11520 800
	11968 800
	11968 832
	11520 832
4
	0 832
	10400 832
	10400 864
	0 864
4
	10656 832
	10784 832
	10784 864
	10656 864
4
	10880 832
	11040 832
	11040 864
	10880 864
4
	11168 832
	11296 832
	11296 864
	11168 864
4
	11456 832
	11968 832
	11968 864
	11456 864
4
	0 864
	10400 864
	10400 896
	0 896
4
	10656 864
	10784 864
	10784 896
	10656 896
4
	10880 864
	11040 864
	11040 896
	10880 896
4
	11168 864
	11296 864
	11296 896
	11168 896
4
	11456 864
	11488 864
	11488 896
	11456 896
4
	11520 864
	11968 864
	11968 896
	11520 896
4
	0 896
	4672 896
	4672 928
	0 928
4
	5024 896
	5152 896
	5152 928
	5024 928
4
	5280 896
	5408 896
	5408 928
	5280 928
4
	5760 896
	5952 896
	5952 928
	5760 928
4
	6464 896
	10368 896
	10368 928
	6464 928
4
	10656 896
	10784 896
	10784 928
	10656 928
4
	10848 896
	11104 896
	11104 928
	10848 928
4
	11168 896
	11296 896
	11296 928
	11168 928
4
	11520 896
	11968 896
	11968 928
	11520 928
4
	0 928
	4672 928
	4672 960
	0 960
4
	5760 928
	5952 928
	5952 960
	5760 960
4
	6464 928
	10368 928
	10368 960
	6464 960
4
	10848 928
	11104 928
	11104 960
	10848 960
4
	11488 928
	11968 928
	11968 960
	11488 960
4
	0 960
	4544 960
	4544 992
	0 992
4
	6464 960
	10368 960
	10368 992
	6464 992
4
	10880 960
	11040 960
	11040 992
	10880 992
4
	11456 960
	11968 960
	11968 992
	11456 992
4
	0 992
	4544 992
	4544 1024
	0 1024
4
	6464 992
	10368 992
	10368 1024
	6464 1024
4
	10848 992
	11072 992
	11072 1024
	10848 1024
4
	11456 992
	11968 992
	11968 1024
	11456 1024
4
	0 1024
	4544 1024
	4544 1056
	0 1056
4
	6464 1024
	10368 1024
	10368 1056
	6464 1056
4
	10848 1024
	11104 1024
	11104 1056
	10848 1056
4
	11488 1024
	11968 1024
	11968 1056
	11488 1056
4
	0 1056
	4480 1056
	4480 1088
	0 1088
4
	6464 1056
	10336 1056
	10336 1088
	6464 1088
4
	10848 1056
	11104 1056
	11104 1088
	10848 1088
4
	11584 1056
	11968 1056
	11968 1088
	11584 1088
4
	0 1088
	4480 1088
	4480 1120
	0 1120
4
	6464 1088
	10336 1088
	10336 1120
	6464 1120
4
	10880 1088
	11040 1088
	11040 1120
	10880 1120
4
	11584 1088
	11968 1088
	11968 1120
	11584 1120
4
	0 1120
	4480 1120
	4480 1152
	0 1152
4
	6464 1120
	10144 1120
	10144 1152
	6464 1152
4
	10176 1120
	10336 1120
	10336 1152
	10176 1152
4
	10880 1120
	11040 1120
	11040 1152
	10880 1152
4
	11584 1120
	11968 1120
	11968 1152
	11584 1152
4
	0 1152
	3808 1152
	3808 1184
	0 1184
4
	3968 1152
	4160 1152
	4160 1184
	3968 1184
4
	4192 1152
	4544 1152
	4544 1184
	4192 1184
4
	6464 1152
	10144 1152
	10144 1184
	6464 1184
4
	10176 1152
	10272 1152
	10272 1184
	10176 1184
4
	10944 1152
	11008 1152
	11008 1184
	10944 1184
4
	11648 1152
	11968 1152
	11968 1184
	11648 1184
4
	0 1184
	3808 1184
	3808 1216
	0 1216
4
	3968 1184
	4160 1184
	4160 1216
	3968 1216
4
	4224 1184
	4576 1184
	4576 1216
	4224 1216
4
	6464 1184
	10144 1184
	10144 1216
	6464 1216
4
	10656 1184
	10784 1184
	10784 1216
	10656 1216
4
	11168 1184
	11296 1184
	11296 1216
	11168 1216
4
	11776 1184
	11968 1184
	11968 1216
	11776 1216
4
	0 1216
	3776 1216
	3776 1248
	0 1248
4
	4256 1216
	4384 1216
	4384 1248
	4256 1248
4
	4416 1216
	4576 1216
	4576 1248
	4416 1248
4
	5440 1216
	5504 1216
	5504 1248
	5440 1248
4
	5600 1216
	5664 1216
	5664 1248
	5600 1248
4
	5696 1216
	5760 1216
	5760 1248
	5696 1248
4
	5792 1216
	5888 1216
	5888 1248
	5792 1248
4
	5952 1216
	6048 1216
	6048 1248
	5952 1248
4
	6464 1216
	10176 1216
	10176 1248
	6464 1248
4
	10656 1216
	10784 1216
	10784 1248
	10656 1248
4
	11168 1216
	11296 1216
	11296 1248
	11168 1248
4
	11776 1216
	11968 1216
	11968 1248
	11776 1248
4
	0 1248
	3712 1248
	3712 1280
	0 1280
4
	4416 1248
	4544 1248
	4544 1280
	4416 1280
4
	5408 1248
	6112 1248
	6112 1280
	5408 1280
4
	6464 1248
	10240 1248
	10240 1280
	6464 1280
4
	10656 1248
	10784 1248
	10784 1280
	10656 1280
4
	11168 1248
	11296 1248
	11296 1280
	11168 1280
4
	11712 1248
	11808 1248
	11808 1280
	11712 1280
4
	11840 1248
	11968 1248
	11968 1280
	11840 1280
4
	0 1280
	3712 1280
	3712 1312
	0 1312
4
	4416 1280
	4544 1280
	4544 1312
	4416 1312
4
	5408 1280
	6112 1280
	6112 1312
	5408 1312
4
	6464 1280
	10240 1280
	10240 1312
	6464 1312
4
	10656 1280
	10784 1280
	10784 1312
	10656 1312
4
	11168 1280
	11296 1280
	11296 1312
	11168 1312
4
	11712 1280
	11808 1280
	11808 1312
	11712 1312
4
	11840 1280
	11968 1280
	11968 1312
	11840 1312
4
	0 1312
	3712 1312
	3712 1344
	0 1344
4
	4416 1312
	4480 1312
	4480 1344
	4416 1344
4
	5408 1312
	6112 1312
	6112 1344
	5408 1344
4
	6464 1312
	10240 1312
	10240 1344
	6464 1344
4
	11712 1312
	11808 1312
	11808 1344
	11712 1344
4
	11840 1312
	11968 1312
	11968 1344
	11840 1344
4
	0 1344
	3712 1344
	3712 1376
	0 1376
4
	4384 1344
	4480 1344
	4480 1376
	4384 1376
4
	5184 1344
	5280 1344
	5280 1376
	5184 1376
4
	5408 1344
	6112 1344
	6112 1376
	5408 1376
4
	6464 1344
	10240 1344
	10240 1376
	6464 1376
4
	11712 1344
	11808 1344
	11808 1376
	11712 1376
4
	11840 1344
	11968 1344
	11968 1376
	11840 1376
4
	0 1376
	3712 1376
	3712 1408
	0 1408
4
	4384 1376
	4480 1376
	4480 1408
	4384 1408
4
	5088 1376
	5280 1376
	5280 1408
	5088 1408
4
	5408 1376
	6112 1376
	6112 1408
	5408 1408
4
	6464 1376
	10240 1376
	10240 1408
	6464 1408
4
	11712 1376
	11808 1376
	11808 1408
	11712 1408
4
	11840 1376
	11968 1376
	11968 1408
	11840 1408
4
	0 1408
	3296 1408
	3296 1440
	0 1440
4
	3616 1408
	3712 1408
	3712 1440
	3616 1440
4
	4384 1408
	4480 1408
	4480 1440
	4384 1440
4
	5056 1408
	5280 1408
	5280 1440
	5056 1440
4
	5408 1408
	5472 1408
	5472 1440
	5408 1440
4
	5568 1408
	5632 1408
	5632 1440
	5568 1440
4
	5696 1408
	5760 1408
	5760 1440
	5696 1440
4
	5824 1408
	5888 1408
	5888 1440
	5824 1440
4
	5952 1408
	6016 1408
	6016 1440
	5952 1440
4
	6464 1408
	10240 1408
	10240 1440
	6464 1440
4
	11712 1408
	11808 1408
	11808 1440
	11712 1440
4
	11840 1408
	11968 1408
	11968 1440
	11840 1440
4
	0 1440
	3264 1440
	3264 1472
	0 1472
4
	3616 1440
	3712 1440
	3712 1472
	3616 1472
4
	4384 1440
	4480 1440
	4480 1472
	4384 1472
4
	5056 1440
	5280 1440
	5280 1472
	5056 1472
4
	6464 1440
	10240 1440
	10240 1472
	6464 1472
4
	11712 1440
	11808 1440
	11808 1472
	11712 1472
4
	11840 1440
	11968 1440
	11968 1472
	11840 1472
4
	0 1472
	3200 1472
	3200 1504
	0 1504
4
	5056 1472
	5280 1472
	5280 1504
	5056 1504
4
	6464 1472
	10176 1472
	10176 1504
	6464 1504
4
	11840 1472
	11968 1472
	11968 1504
	11840 1504
4
	0 1504
	3200 1504
	3200 1536
	0 1536
4
	5088 1504
	5280 1504
	5280 1536
	5088 1536
4
	6464 1504
	10176 1504
	10176 1536
	6464 1536
4
	11840 1504
	11968 1504
	11968 1536
	11840 1536
4
	0 1536
	3200 1536
	3200 1568
	0 1568
4
	3616 1536
	3712 1536
	3712 1568
	3616 1568
4
	4384 1536
	4480 1536
	4480 1568
	4384 1568
4
	5120 1536
	5280 1536
	5280 1568
	5120 1568
4
	6464 1536
	10112 1536
	10112 1568
	6464 1568
4
	11648 1536
	11744 1536
	11744 1568
	11648 1568
4
	11776 1536
	11968 1536
	11968 1568
	11776 1568
4
	0 1568
	3200 1568
	3200 1600
	0 1600
4
	3616 1568
	3712 1568
	3712 1600
	3616 1600
4
	4384 1568
	4480 1568
	4480 1600
	4384 1600
4
	5120 1568
	5280 1568
	5280 1600
	5120 1600
4
	6464 1568
	10112 1568
	10112 1600
	6464 1600
4
	11648 1568
	11744 1568
	11744 1600
	11648 1600
4
	11776 1568
	11968 1568
	11968 1600
	11776 1600
4
	0 1600
	3200 1600
	3200 1632
	0 1632
4
	3616 1600
	3744 1600
	3744 1632
	3616 1632
4
	4384 1600
	4480 1600
	4480 1632
	4384 1632
4
	5120 1600
	5280 1600
	5280 1632
	5120 1632
4
	6464 1600
	10944 1600
	10944 1632
	6464 1632
4
	11008 1600
	11968 1600
	11968 1632
	11008 1632
4
	0 1632
	3200 1632
	3200 1664
	0 1664
4
	3648 1632
	3744 1632
	3744 1664
	3648 1664
4
	4416 1632
	4576 1632
	4576 1664
	4416 1664
4
	5120 1632
	5280 1632
	5280 1664
	5120 1664
4
	6464 1632
	10944 1632
	10944 1664
	6464 1664
4
	11008 1632
	11968 1632
	11968 1664
	11008 1664
4
	0 1664
	3200 1664
	3200 1696
	0 1696
4
	3648 1664
	3808 1664
	3808 1696
	3648 1696
4
	4416 1664
	4576 1664
	4576 1696
	4416 1696
4
	5120 1664
	5280 1664
	5280 1696
	5120 1696
4
	5408 1664
	6112 1664
	6112 1696
	5408 1696
4
	6464 1664
	10944 1664
	10944 1696
	6464 1696
4
	11008 1664
	11968 1664
	11968 1696
	11008 1696
4
	0 1696
	3200 1696
	3200 1728
	0 1728
4
	3648 1696
	3808 1696
	3808 1728
	3648 1728
4
	3904 1696
	4128 1696
	4128 1728
	3904 1728
4
	4416 1696
	4608 1696
	4608 1728
	4416 1728
4
	5120 1696
	5280 1696
	5280 1728
	5120 1728
4
	5408 1696
	6112 1696
	6112 1728
	5408 1728
4
	6464 1696
	9728 1696
	9728 1728
	6464 1728
4
	9760 1696
	10272 1696
	10272 1728
	9760 1728
4
	10304 1696
	10400 1696
	10400 1728
	10304 1728
4
	10432 1696
	10816 1696
	10816 1728
	10432 1728
4
	11264 1696
	11968 1696
	11968 1728
	11264 1728
4
	0 1728
	3200 1728
	3200 1760
	0 1760
4
	3648 1728
	3808 1728
	3808 1760
	3648 1760
4
	3904 1728
	4128 1728
	4128 1760
	3904 1760
4
	4416 1728
	4576 1728
	4576 1760
	4416 1760
4
	5120 1728
	5280 1728
	5280 1760
	5120 1760
4
	5408 1728
	6112 1728
	6112 1760
	5408 1760
4
	6464 1728
	9728 1728
	9728 1760
	6464 1760
4
	9760 1728
	10272 1728
	10272 1760
	9760 1760
4
	10464 1728
	10720 1728
	10720 1760
	10464 1760
4
	11328 1728
	11968 1728
	11968 1760
	11328 1760
4
	0 1760
	3200 1760
	3200 1792
	0 1792
4
	3648 1760
	3840 1760
	3840 1792
	3648 1792
4
	3872 1760
	4160 1760
	4160 1792
	3872 1792
4
	4256 1760
	4576 1760
	4576 1792
	4256 1792
4
	5120 1760
	5280 1760
	5280 1792
	5120 1792
4
	5408 1760
	6112 1760
	6112 1792
	5408 1792
4
	6464 1760
	9696 1760
	9696 1792
	6464 1792
4
	9888 1760
	10176 1760
	10176 1792
	9888 1792
4
	10496 1760
	10752 1760
	10752 1792
	10496 1792
4
	11328 1760
	11968 1760
	11968 1792
	11328 1792
4
	0 1792
	64 1792
	64 1824
	0 1824
4
	160 1792
	2240 1792
	2240 1824
	160 1824
4
	2368 1792
	2432 1792
	2432 1824
	2368 1824
4
	2464 1792
	3200 1792
	3200 1824
	2464 1824
4
	3648 1792
	3840 1792
	3840 1824
	3648 1824
4
	3872 1792
	4160 1792
	4160 1824
	3872 1824
4
	4256 1792
	4576 1792
	4576 1824
	4256 1824
4
	5088 1792
	5280 1792
	5280 1824
	5088 1824
4
	5408 1792
	6112 1792
	6112 1824
	5408 1824
4
	6464 1792
	9664 1792
	9664 1824
	6464 1824
4
	9920 1792
	10176 1792
	10176 1824
	9920 1824
4
	10528 1792
	10752 1792
	10752 1824
	10528 1824
4
	11328 1792
	11968 1792
	11968 1824
	11328 1824
4
	0 1824
	32 1824
	32 1856
	0 1856
4
	160 1824
	2240 1824
	2240 1856
	160 1856
4
	2368 1824
	2432 1824
	2432 1856
	2368 1856
4
	2528 1824
	3200 1824
	3200 1856
	2528 1856
4
	3648 1824
	3776 1824
	3776 1856
	3648 1856
4
	3872 1824
	4160 1824
	4160 1856
	3872 1856
4
	4256 1824
	4576 1824
	4576 1856
	4256 1856
4
	5120 1824
	5280 1824
	5280 1856
	5120 1856
4
	5408 1824
	6112 1824
	6112 1856
	5408 1856
4
	6464 1824
	9600 1824
	9600 1856
	6464 1856
4
	9952 1824
	10176 1824
	10176 1856
	9952 1856
4
	10560 1824
	10656 1824
	10656 1856
	10560 1856
4
	11328 1824
	11968 1824
	11968 1856
	11328 1856
4
	64 1856
	2240 1856
	2240 1888
	64 1888
4
	2272 1856
	2432 1856
	2432 1888
	2272 1888
4
	2528 1856
	3200 1856
	3200 1888
	2528 1888
4
	3616 1856
	4512 1856
	4512 1888
	3616 1888
4
	5120 1856
	5280 1856
	5280 1888
	5120 1888
4
	6208 1856
	6240 1856
	6240 1888
	6208 1888
4
	6336 1856
	6400 1856
	6400 1888
	6336 1888
4
	6464 1856
	9600 1856
	9600 1888
	6464 1888
4
	9952 1856
	10176 1856
	10176 1888
	9952 1888
4
	10464 1856
	10656 1856
	10656 1888
	10464 1888
4
	11296 1856
	11968 1856
	11968 1888
	11296 1888
4
	0 1888
	32 1888
	32 1920
	0 1920
4
	64 1888
	2176 1888
	2176 1920
	64 1920
4
	2272 1888
	2496 1888
	2496 1920
	2272 1920
4
	2528 1888
	3200 1888
	3200 1920
	2528 1920
4
	3648 1888
	4544 1888
	4544 1920
	3648 1920
4
	5120 1888
	5280 1888
	5280 1920
	5120 1920
4
	6208 1888
	6240 1888
	6240 1920
	6208 1920
4
	6336 1888
	6400 1888
	6400 1920
	6336 1920
4
	6464 1888
	9600 1888
	9600 1920
	6464 1920
4
	10464 1888
	10656 1888
	10656 1920
	10464 1920
4
	11328 1888
	11968 1888
	11968 1920
	11328 1920
4
	0 1920
	32 1920
	32 1952
	0 1952
4
	64 1920
	736 1920
	736 1952
	64 1952
4
	800 1920
	928 1920
	928 1952
	800 1952
4
	1120 1920
	2176 1920
	2176 1952
	1120 1952
4
	2304 1920
	2496 1920
	2496 1952
	2304 1952
4
	2624 1920
	3200 1920
	3200 1952
	2624 1952
4
	3648 1920
	4544 1920
	4544 1952
	3648 1952
4
	5120 1920
	5280 1920
	5280 1952
	5120 1952
4
	6208 1920
	6240 1920
	6240 1952
	6208 1952
4
	6336 1920
	6400 1920
	6400 1952
	6336 1952
4
	6464 1920
	9632 1920
	9632 1952
	6464 1952
4
	10464 1920
	10656 1920
	10656 1952
	10464 1952
4
	11328 1920
	11968 1920
	11968 1952
	11328 1952
4
	0 1952
	32 1952
	32 1984
	0 1984
4
	64 1952
	736 1952
	736 1984
	64 1984
4
	768 1952
	928 1952
	928 1984
	768 1984
4
	1120 1952
	2176 1952
	2176 1984
	1120 1984
4
	2336 1952
	2496 1952
	2496 1984
	2336 1984
4
	2560 1952
	3200 1952
	3200 1984
	2560 1984
4
	3584 1952
	4544 1952
	4544 1984
	3584 1984
4
	4672 1952
	4736 1952
	4736 1984
	4672 1984
4
	5056 1952
	5280 1952
	5280 1984
	5056 1984
4
	6208 1952
	6240 1952
	6240 1984
	6208 1984
4
	6336 1952
	6400 1952
	6400 1984
	6336 1984
4
	6464 1952
	9632 1952
	9632 1984
	6464 1984
4
	10496 1952
	10656 1952
	10656 1984
	10496 1984
4
	11328 1952
	11968 1952
	11968 1984
	11328 1984
4
	0 1984
	32 1984
	32 2016
	0 2016
4
	64 1984
	576 1984
	576 2016
	64 2016
4
	608 1984
	736 1984
	736 2016
	608 2016
4
	800 1984
	928 1984
	928 2016
	800 2016
4
	1120 1984
	2176 1984
	2176 2016
	1120 2016
4
	2336 1984
	2400 1984
	2400 2016
	2336 2016
4
	2560 1984
	3200 1984
	3200 2016
	2560 2016
4
	3584 1984
	4544 1984
	4544 2016
	3584 2016
4
	4672 1984
	4768 1984
	4768 2016
	4672 2016
4
	5056 1984
	5280 1984
	5280 2016
	5056 2016
4
	6208 1984
	6240 1984
	6240 2016
	6208 2016
4
	6336 1984
	6400 1984
	6400 2016
	6336 2016
4
	6464 1984
	9632 1984
	9632 2016
	6464 2016
4
	10560 1984
	10656 1984
	10656 2016
	10560 2016
4
	11328 1984
	11968 1984
	11968 2016
	11328 2016
4
	0 2016
	32 2016
	32 2048
	0 2048
4
	64 2016
	576 2016
	576 2048
	64 2048
4
	640 2016
	736 2016
	736 2048
	640 2048
4
	800 2016
	896 2016
	896 2048
	800 2048
4
	1152 2016
	2176 2016
	2176 2048
	1152 2048
4
	2560 2016
	3200 2016
	3200 2048
	2560 2048
4
	3584 2016
	4640 2016
	4640 2048
	3584 2048
4
	4672 2016
	4800 2016
	4800 2048
	4672 2048
4
	4832 2016
	4928 2016
	4928 2048
	4832 2048
4
	5056 2016
	5280 2016
	5280 2048
	5056 2048
4
	6208 2016
	6240 2016
	6240 2048
	6208 2048
4
	6336 2016
	6400 2016
	6400 2048
	6336 2048
4
	6464 2016
	9632 2016
	9632 2048
	6464 2048
4
	10560 2016
	10656 2016
	10656 2048
	10560 2048
4
	11328 2016
	11968 2016
	11968 2048
	11328 2048
4
	0 2048
	32 2048
	32 2080
	0 2080
4
	64 2048
	576 2048
	576 2080
	64 2080
4
	1152 2048
	1184 2048
	1184 2080
	1152 2080
4
	1248 2048
	2176 2048
	2176 2080
	1248 2080
4
	2560 2048
	3200 2048
	3200 2080
	2560 2080
4
	3648 2048
	4800 2048
	4800 2080
	3648 2080
4
	4832 2048
	4928 2048
	4928 2080
	4832 2080
4
	5024 2048
	5280 2048
	5280 2080
	5024 2080
4
	6208 2048
	6240 2048
	6240 2080
	6208 2080
4
	6336 2048
	6400 2048
	6400 2080
	6336 2080
4
	6464 2048
	9632 2048
	9632 2080
	6464 2080
4
	10560 2048
	10656 2048
	10656 2080
	10560 2080
4
	11328 2048
	11968 2048
	11968 2080
	11328 2080
4
	0 2080
	32 2080
	32 2112
	0 2112
4
	64 2080
	576 2080
	576 2112
	64 2112
4
	1248 2080
	2176 2080
	2176 2112
	1248 2112
4
	2624 2080
	3200 2080
	3200 2112
	2624 2112
4
	3648 2080
	4928 2080
	4928 2112
	3648 2112
4
	4992 2080
	5280 2080
	5280 2112
	4992 2112
4
	6208 2080
	6240 2080
	6240 2112
	6208 2112
4
	6336 2080
	6400 2080
	6400 2112
	6336 2112
4
	6464 2080
	9632 2080
	9632 2112
	6464 2112
4
	10560 2080
	10656 2080
	10656 2112
	10560 2112
4
	11328 2080
	11968 2080
	11968 2112
	11328 2112
4
	0 2112
	32 2112
	32 2144
	0 2144
4
	64 2112
	576 2112
	576 2144
	64 2144
4
	800 2112
	864 2112
	864 2144
	800 2144
4
	1344 2112
	2176 2112
	2176 2144
	1344 2144
4
	2624 2112
	3200 2112
	3200 2144
	2624 2144
4
	3648 2112
	6240 2112
	6240 2144
	3648 2144
4
	6336 2112
	9632 2112
	9632 2144
	6336 2144
4
	10560 2112
	10656 2112
	10656 2144
	10560 2144
4
	11328 2112
	11968 2112
	11968 2144
	11328 2144
4
	0 2144
	32 2144
	32 2176
	0 2176
4
	64 2144
	128 2144
	128 2176
	64 2176
4
	512 2144
	576 2144
	576 2176
	512 2176
4
	800 2144
	864 2144
	864 2176
	800 2176
4
	1344 2144
	2144 2144
	2144 2176
	1344 2176
4
	2624 2144
	3168 2144
	3168 2176
	2624 2176
4
	3648 2144
	5280 2144
	5280 2176
	3648 2176
4
	6464 2144
	9632 2144
	9632 2176
	6464 2176
4
	10560 2144
	10656 2144
	10656 2176
	10560 2176
4
	11328 2144
	11968 2144
	11968 2176
	11328 2176
4
	0 2176
	32 2176
	32 2208
	0 2208
4
	64 2176
	128 2176
	128 2208
	64 2208
4
	832 2176
	864 2176
	864 2208
	832 2208
4
	1344 2176
	2048 2176
	2048 2208
	1344 2208
4
	2624 2176
	2720 2176
	2720 2208
	2624 2208
4
	3648 2176
	5280 2176
	5280 2208
	3648 2208
4
	6464 2176
	9632 2176
	9632 2208
	6464 2208
4
	10560 2176
	10656 2176
	10656 2208
	10560 2208
4
	11328 2176
	11968 2176
	11968 2208
	11328 2208
4
	0 2208
	32 2208
	32 2240
	0 2240
4
	64 2208
	128 2208
	128 2240
	64 2240
4
	704 2208
	896 2208
	896 2240
	704 2240
4
	928 2208
	960 2208
	960 2240
	928 2240
4
	1344 2208
	2048 2208
	2048 2240
	1344 2240
4
	2624 2208
	2720 2208
	2720 2240
	2624 2240
4
	3648 2208
	5280 2208
	5280 2240
	3648 2240
4
	6464 2208
	9632 2208
	9632 2240
	6464 2240
4
	10560 2208
	10624 2208
	10624 2240
	10560 2240
4
	11328 2208
	11968 2208
	11968 2240
	11328 2240
4
	0 2240
	32 2240
	32 2272
	0 2272
4
	64 2240
	128 2240
	128 2272
	64 2272
4
	704 2240
	992 2240
	992 2272
	704 2272
4
	1312 2240
	2048 2240
	2048 2272
	1312 2272
4
	2624 2240
	2720 2240
	2720 2272
	2624 2272
4
	3648 2240
	5280 2240
	5280 2272
	3648 2272
4
	6464 2240
	9632 2240
	9632 2272
	6464 2272
4
	11328 2240
	11968 2240
	11968 2272
	11328 2272
4
	0 2272
	32 2272
	32 2304
	0 2304
4
	64 2272
	128 2272
	128 2304
	64 2304
4
	928 2272
	960 2272
	960 2304
	928 2304
4
	1312 2272
	1920 2272
	1920 2304
	1312 2304
4
	2624 2272
	2720 2272
	2720 2304
	2624 2304
4
	3648 2272
	5280 2272
	5280 2304
	3648 2304
4
	5728 2272
	5792 2272
	5792 2304
	5728 2304
4
	5856 2272
	5920 2272
	5920 2304
	5856 2304
4
	5984 2272
	6048 2272
	6048 2304
	5984 2304
4
	6464 2272
	9632 2272
	9632 2304
	6464 2304
4
	11328 2272
	11968 2272
	11968 2304
	11328 2304
4
	0 2304
	32 2304
	32 2336
	0 2336
4
	64 2304
	128 2304
	128 2336
	64 2336
4
	832 2304
	896 2304
	896 2336
	832 2336
4
	1312 2304
	1440 2304
	1440 2336
	1312 2336
4
	1600 2304
	1632 2304
	1632 2336
	1600 2336
4
	1824 2304
	1888 2304
	1888 2336
	1824 2336
4
	2624 2304
	2720 2304
	2720 2336
	2624 2336
4
	3648 2304
	5280 2304
	5280 2336
	3648 2336
4
	5408 2304
	6112 2304
	6112 2336
	5408 2336
4
	6464 2304
	9632 2304
	9632 2336
	6464 2336
4
	10560 2304
	10656 2304
	10656 2336
	10560 2336
4
	11328 2304
	11968 2304
	11968 2336
	11328 2336
4
	0 2336
	32 2336
	32 2368
	0 2368
4
	832 2336
	896 2336
	896 2368
	832 2368
4
	1312 2336
	1408 2336
	1408 2368
	1312 2368
4
	2624 2336
	2688 2336
	2688 2368
	2624 2368
4
	3648 2336
	5280 2336
	5280 2368
	3648 2368
4
	5408 2336
	6112 2336
	6112 2368
	5408 2368
4
	6464 2336
	9632 2336
	9632 2368
	6464 2368
4
	10560 2336
	10656 2336
	10656 2368
	10560 2368
4
	11328 2336
	11968 2336
	11968 2368
	11328 2368
4
	0 2368
	32 2368
	32 2400
	0 2400
4
	3648 2368
	5280 2368
	5280 2400
	3648 2400
4
	5408 2368
	6112 2368
	6112 2400
	5408 2400
4
	6336 2368
	9600 2368
	9600 2400
	6336 2400
4
	10560 2368
	10656 2368
	10656 2400
	10560 2400
4
	11296 2368
	11968 2368
	11968 2400
	11296 2400
4
	0 2400
	32 2400
	32 2432
	0 2432
4
	3648 2400
	5280 2400
	5280 2432
	3648 2432
4
	5408 2400
	6112 2400
	6112 2432
	5408 2432
4
	6336 2400
	9632 2400
	9632 2432
	6336 2432
4
	10560 2400
	10656 2400
	10656 2432
	10560 2432
4
	11328 2400
	11968 2400
	11968 2432
	11328 2432
4
	0 2432
	32 2432
	32 2464
	0 2464
4
	64 2432
	128 2432
	128 2464
	64 2464
4
	1312 2432
	1440 2432
	1440 2464
	1312 2464
4
	2624 2432
	2720 2432
	2720 2464
	2624 2464
4
	3648 2432
	5280 2432
	5280 2464
	3648 2464
4
	5408 2432
	6112 2432
	6112 2464
	5408 2464
4
	6336 2432
	9696 2432
	9696 2464
	6336 2464
4
	10464 2432
	10656 2432
	10656 2464
	10464 2464
4
	11328 2432
	11968 2432
	11968 2464
	11328 2464
4
	0 2464
	32 2464
	32 2496
	0 2496
4
	64 2464
	128 2464
	128 2496
	64 2496
4
	1312 2464
	1920 2464
	1920 2496
	1312 2496
4
	2624 2464
	2720 2464
	2720 2496
	2624 2496
4
	3648 2464
	5280 2464
	5280 2496
	3648 2496
4
	5408 2464
	6112 2464
	6112 2496
	5408 2496
4
	6336 2464
	9728 2464
	9728 2496
	6336 2496
4
	10464 2464
	10688 2464
	10688 2496
	10464 2496
4
	11328 2464
	11968 2464
	11968 2496
	11328 2496
4
	0 2496
	32 2496
	32 2528
	0 2528
4
	64 2496
	128 2496
	128 2528
	64 2528
4
	1312 2496
	1920 2496
	1920 2528
	1312 2528
4
	2624 2496
	2720 2496
	2720 2528
	2624 2528
4
	3584 2496
	5280 2496
	5280 2528
	3584 2528
4
	6336 2496
	9760 2496
	9760 2528
	6336 2528
4
	9888 2496
	9952 2496
	9952 2528
	9888 2528
4
	10496 2496
	10688 2496
	10688 2528
	10496 2528
4
	11328 2496
	11968 2496
	11968 2528
	11328 2528
4
	0 2528
	32 2528
	32 2560
	0 2560
4
	64 2528
	160 2528
	160 2560
	64 2560
4
	1280 2528
	1952 2528
	1952 2560
	1280 2560
4
	2624 2528
	2784 2528
	2784 2560
	2624 2560
4
	3584 2528
	5280 2528
	5280 2560
	3584 2560
4
	6336 2528
	9792 2528
	9792 2560
	6336 2560
4
	9888 2528
	9920 2528
	9920 2560
	9888 2560
4
	10528 2528
	10688 2528
	10688 2560
	10528 2560
4
	11328 2528
	11968 2528
	11968 2560
	11328 2560
4
	0 2560
	32 2560
	32 2592
	0 2592
4
	64 2560
	160 2560
	160 2592
	64 2592
4
	1280 2560
	2016 2560
	2016 2592
	1280 2592
4
	2624 2560
	2784 2560
	2784 2592
	2624 2592
4
	3552 2560
	5280 2560
	5280 2592
	3552 2592
4
	6336 2560
	9792 2560
	9792 2592
	6336 2592
4
	9888 2560
	10016 2560
	10016 2592
	9888 2592
4
	10368 2560
	10432 2560
	10432 2592
	10368 2592
4
	10496 2560
	10688 2560
	10688 2592
	10496 2592
4
	11264 2560
	11968 2560
	11968 2592
	11264 2592
4
	0 2592
	32 2592
	32 2624
	0 2624
4
	64 2592
	224 2592
	224 2624
	64 2624
4
	1280 2592
	2016 2592
	2016 2624
	1280 2624
4
	2592 2592
	2784 2592
	2784 2624
	2592 2624
4
	2880 2592
	2944 2592
	2944 2624
	2880 2624
4
	3552 2592
	5280 2592
	5280 2624
	3552 2624
4
	6336 2592
	9792 2592
	9792 2624
	6336 2624
4
	9888 2592
	10016 2592
	10016 2624
	9888 2624
4
	10144 2592
	10240 2592
	10240 2624
	10144 2624
4
	10368 2592
	10880 2592
	10880 2624
	10368 2624
4
	11264 2592
	11968 2592
	11968 2624
	11264 2624
4
	0 2624
	32 2624
	32 2656
	0 2656
4
	64 2624
	256 2624
	256 2656
	64 2656
4
	1344 2624
	2240 2624
	2240 2656
	1344 2656
4
	2592 2624
	5312 2624
	5312 2656
	2592 2656
4
	6336 2624
	10880 2624
	10880 2656
	6336 2656
4
	11040 2624
	11968 2624
	11968 2656
	11040 2656
4
	0 2656
	32 2656
	32 2688
	0 2688
4
	64 2656
	256 2656
	256 2688
	64 2688
4
	544 2656
	608 2656
	608 2688
	544 2688
4
	704 2656
	768 2656
	768 2688
	704 2688
4
	1152 2656
	2240 2656
	2240 2688
	1152 2688
4
	2592 2656
	5312 2656
	5312 2688
	2592 2688
4
	6464 2656
	10880 2656
	10880 2688
	6464 2688
4
	11040 2656
	11968 2656
	11968 2688
	11040 2688
4
	0 2688
	32 2688
	32 2720
	0 2720
4
	64 2688
	288 2688
	288 2720
	64 2720
4
	544 2688
	640 2688
	640 2720
	544 2720
4
	704 2688
	768 2688
	768 2720
	704 2720
4
	864 2688
	928 2688
	928 2720
	864 2720
4
	1152 2688
	2240 2688
	2240 2720
	1152 2720
4
	2592 2688
	5280 2688
	5280 2720
	2592 2720
4
	6464 2688
	10880 2688
	10880 2720
	6464 2720
4
	11040 2688
	11968 2688
	11968 2720
	11040 2720
4
	0 2720
	32 2720
	32 2752
	0 2752
4
	64 2720
	256 2720
	256 2752
	64 2752
4
	864 2720
	928 2720
	928 2752
	864 2752
4
	1152 2720
	2176 2720
	2176 2752
	1152 2752
4
	2624 2720
	5280 2720
	5280 2752
	2624 2752
4
	6464 2720
	10880 2720
	10880 2752
	6464 2752
4
	11040 2720
	11968 2720
	11968 2752
	11040 2752
4
	0 2752
	32 2752
	32 2784
	0 2784
4
	64 2752
	224 2752
	224 2784
	64 2784
4
	1088 2752
	2176 2752
	2176 2784
	1088 2784
4
	2624 2752
	5280 2752
	5280 2784
	2624 2784
4
	6464 2752
	10880 2752
	10880 2784
	6464 2784
4
	11040 2752
	11968 2752
	11968 2784
	11040 2784
4
	0 2784
	32 2784
	32 2816
	0 2816
4
	64 2784
	224 2784
	224 2816
	64 2816
4
	320 2784
	416 2784
	416 2816
	320 2816
4
	640 2784
	800 2784
	800 2816
	640 2816
4
	1056 2784
	2176 2784
	2176 2816
	1056 2816
4
	2592 2784
	5280 2784
	5280 2816
	2592 2816
4
	6464 2784
	10880 2784
	10880 2816
	6464 2816
4
	11040 2784
	11968 2784
	11968 2816
	11040 2816
4
	0 2816
	32 2816
	32 2848
	0 2848
4
	64 2816
	256 2816
	256 2848
	64 2848
4
	320 2816
	544 2816
	544 2848
	320 2848
4
	640 2816
	800 2816
	800 2848
	640 2848
4
	832 2816
	896 2816
	896 2848
	832 2848
4
	960 2816
	2176 2816
	2176 2848
	960 2848
4
	2592 2816
	5280 2816
	5280 2848
	2592 2848
4
	6432 2816
	10880 2816
	10880 2848
	6432 2848
4
	11040 2816
	11968 2816
	11968 2848
	11040 2848
4
	64 2848
	256 2848
	256 2880
	64 2880
4
	320 2848
	576 2848
	576 2880
	320 2880
4
	640 2848
	800 2848
	800 2880
	640 2880
4
	832 2848
	896 2848
	896 2880
	832 2880
4
	960 2848
	2176 2848
	2176 2880
	960 2880
4
	2304 2848
	2368 2848
	2368 2880
	2304 2880
4
	2592 2848
	5824 2848
	5824 2880
	2592 2880
4
	5888 2848
	10944 2848
	10944 2880
	5888 2880
4
	11008 2848
	11968 2848
	11968 2880
	11008 2880
4
	64 2880
	2176 2880
	2176 2912
	64 2912
4
	2272 2880
	2432 2880
	2432 2912
	2272 2912
4
	2592 2880
	5824 2880
	5824 2912
	2592 2912
4
	5888 2880
	10944 2880
	10944 2912
	5888 2912
4
	11008 2880
	11968 2880
	11968 2912
	11008 2912
4
	0 2912
	32 2912
	32 2944
	0 2944
4
	64 2912
	2176 2912
	2176 2944
	64 2944
4
	2240 2912
	2432 2912
	2432 2944
	2240 2944
4
	2496 2912
	5824 2912
	5824 2944
	2496 2944
4
	5888 2912
	10944 2912
	10944 2944
	5888 2944
4
	11008 2912
	11968 2912
	11968 2944
	11008 2944
4
	0 2944
	2176 2944
	2176 2976
	0 2976
4
	2240 2944
	2432 2944
	2432 2976
	2240 2976
4
	2464 2944
	4480 2944
	4480 2976
	2464 2976
4
	4608 2944
	4800 2944
	4800 2976
	4608 2976
4
	4928 2944
	5568 2944
	5568 2976
	4928 2976
4
	6144 2944
	10624 2944
	10624 2976
	6144 2976
4
	10688 2944
	10784 2944
	10784 2976
	10688 2976
4
	11520 2944
	11968 2944
	11968 2976
	11520 2976
4
	0 2976
	2176 2976
	2176 3008
	0 3008
4
	2304 2976
	2432 2976
	2432 3008
	2304 3008
4
	2464 2976
	4480 2976
	4480 3008
	2464 3008
4
	4608 2976
	4800 2976
	4800 3008
	4608 3008
4
	4928 2976
	5568 2976
	5568 3008
	4928 3008
4
	6144 2976
	6464 2976
	6464 3008
	6144 3008
4
	6784 2976
	6976 2976
	6976 3008
	6784 3008
4
	7296 2976
	10624 2976
	10624 3008
	7296 3008
4
	11520 2976
	11968 2976
	11968 3008
	11520 3008
4
	0 3008
	4480 3008
	4480 3040
	0 3040
4
	4608 3008
	4864 3008
	4864 3040
	4608 3040
4
	4960 3008
	5024 3008
	5024 3040
	4960 3040
4
	5280 3008
	5504 3008
	5504 3040
	5280 3040
4
	6144 3008
	6464 3008
	6464 3040
	6144 3040
4
	6784 3008
	6976 3008
	6976 3040
	6784 3040
4
	7296 3008
	10624 3008
	10624 3040
	7296 3040
4
	11712 3008
	11968 3008
	11968 3040
	11712 3040
4
	0 3040
	4512 3040
	4512 3072
	0 3072
4
	4768 3040
	4864 3040
	4864 3072
	4768 3072
4
	5280 3040
	5504 3040
	5504 3072
	5280 3072
4
	6208 3040
	6336 3040
	6336 3072
	6208 3072
4
	6784 3040
	6976 3040
	6976 3072
	6784 3072
4
	7296 3040
	10624 3040
	10624 3072
	7296 3072
4
	11712 3040
	11968 3040
	11968 3072
	11712 3072
4
	0 3072
	4512 3072
	4512 3104
	0 3104
4
	4800 3072
	4832 3072
	4832 3104
	4800 3104
4
	5408 3072
	5504 3072
	5504 3104
	5408 3104
4
	6208 3072
	6336 3072
	6336 3104
	6208 3104
4
	6656 3072
	6752 3072
	6752 3104
	6656 3104
4
	7360 3072
	10624 3072
	10624 3104
	7360 3104
4
	11712 3072
	11968 3072
	11968 3104
	11712 3104
4
	0 3104
	4512 3104
	4512 3136
	0 3136
4
	5408 3104
	5504 3104
	5504 3136
	5408 3136
4
	6208 3104
	6336 3104
	6336 3136
	6208 3136
4
	6656 3104
	6752 3104
	6752 3136
	6656 3136
4
	7360 3104
	10624 3104
	10624 3136
	7360 3136
4
	11328 3104
	11424 3104
	11424 3136
	11328 3136
4
	11712 3104
	11968 3104
	11968 3136
	11712 3136
4
	0 3136
	4512 3136
	4512 3168
	0 3168
4
	4543 3167
	4545 3167
	4545 3169
	4543 3169
4
	4544 3136
	4576 3136
	4576 3168
	4544 3168
4
	5408 3136
	5504 3136
	5504 3168
	5408 3168
4
	6208 3136
	6304 3136
	6304 3168
	6208 3168
4
	6656 3136
	6752 3136
	6752 3168
	6656 3168
4
	7360 3136
	10624 3136
	10624 3168
	7360 3168
4
	11328 3136
	11424 3136
	11424 3168
	11328 3168
4
	11712 3136
	11968 3136
	11968 3168
	11712 3168
4
	0 3168
	4544 3168
	4544 3200
	0 3200
4
	5408 3168
	5504 3168
	5504 3200
	5408 3200
4
	6208 3168
	6304 3168
	6304 3200
	6208 3200
4
	7360 3168
	10624 3168
	10624 3200
	7360 3200
4
	11423 3199
	11425 3199
	11425 3201
	11423 3201
4
	11328 3168
	11424 3168
	11424 3200
	11328 3200
4
	11712 3168
	11968 3168
	11968 3200
	11712 3200
4
	0 3200
	4608 3200
	4608 3232
	0 3232
4
	5408 3200
	5504 3200
	5504 3232
	5408 3232
4
	6208 3200
	6336 3200
	6336 3232
	6208 3232
4
	7360 3200
	10624 3200
	10624 3232
	7360 3232
4
	11424 3200
	11488 3200
	11488 3232
	11424 3232
4
	11840 3200
	11968 3200
	11968 3232
	11840 3232
4
	0 3232
	4608 3232
	4608 3264
	0 3264
4
	5408 3232
	5472 3232
	5472 3264
	5408 3264
4
	6208 3232
	6336 3232
	6336 3264
	6208 3264
4
	7168 3232
	7264 3232
	7264 3264
	7168 3264
4
	7456 3232
	10656 3232
	10656 3264
	7456 3264
4
	11456 3232
	11520 3232
	11520 3264
	11456 3264
4
	11840 3232
	11968 3232
	11968 3264
	11840 3264
4
	0 3264
	4512 3264
	4512 3296
	0 3296
4
	6208 3264
	6336 3264
	6336 3296
	6208 3296
4
	7168 3264
	7264 3264
	7264 3296
	7168 3296
4
	7456 3264
	10656 3264
	10656 3296
	7456 3296
4
	11488 3264
	11552 3264
	11552 3296
	11488 3296
4
	11840 3264
	11968 3264
	11968 3296
	11840 3296
4
	0 3296
	4512 3296
	4512 3328
	0 3328
4
	6208 3296
	6336 3296
	6336 3328
	6208 3328
4
	7168 3296
	7264 3296
	7264 3328
	7168 3328
4
	7456 3296
	10656 3296
	10656 3328
	7456 3328
4
	11840 3296
	11968 3296
	11968 3328
	11840 3328
4
	0 3328
	4480 3328
	4480 3360
	0 3360
4
	5408 3328
	5504 3328
	5504 3360
	5408 3360
4
	6208 3328
	6336 3328
	6336 3360
	6208 3360
4
	7456 3328
	10624 3328
	10624 3360
	7456 3360
4
	11616 3328
	11744 3328
	11744 3360
	11616 3360
4
	11840 3328
	11968 3328
	11968 3360
	11840 3360
4
	0 3360
	4480 3360
	4480 3392
	0 3392
4
	5408 3360
	5504 3360
	5504 3392
	5408 3392
4
	6208 3360
	6336 3360
	6336 3392
	6208 3392
4
	7456 3360
	10624 3360
	10624 3392
	7456 3392
4
	10688 3360
	10816 3360
	10816 3392
	10688 3392
4
	11680 3360
	11744 3360
	11744 3392
	11680 3392
4
	11840 3360
	11968 3360
	11968 3392
	11840 3392
4
	0 3392
	4480 3392
	4480 3424
	0 3424
4
	5408 3392
	5504 3392
	5504 3424
	5408 3424
4
	6208 3392
	6336 3392
	6336 3424
	6208 3424
4
	7456 3392
	10624 3392
	10624 3424
	7456 3424
4
	11840 3392
	11968 3392
	11968 3424
	11840 3424
4
	0 3424
	4480 3424
	4480 3456
	0 3456
4
	5344 3424
	5504 3424
	5504 3456
	5344 3456
4
	6208 3424
	6336 3424
	6336 3456
	6208 3456
4
	7456 3424
	10624 3424
	10624 3456
	7456 3456
4
	11744 3424
	11968 3424
	11968 3456
	11744 3456
4
	0 3456
	4544 3456
	4544 3488
	0 3488
4
	5344 3456
	5504 3456
	5504 3488
	5344 3488
4
	6208 3456
	6336 3456
	6336 3488
	6208 3488
4
	7328 3456
	7392 3456
	7392 3488
	7328 3488
4
	7456 3456
	8352 3456
	8352 3488
	7456 3488
4
	8736 3456
	8800 3456
	8800 3488
	8736 3488
4
	9088 3456
	9344 3456
	9344 3488
	9088 3488
4
	9440 3456
	9504 3456
	9504 3488
	9440 3488
4
	9920 3456
	10656 3456
	10656 3488
	9920 3488
4
	11712 3456
	11968 3456
	11968 3488
	11712 3488
4
	0 3488
	4608 3488
	4608 3520
	0 3520
4
	5280 3488
	5504 3488
	5504 3520
	5280 3520
4
	6208 3488
	6336 3488
	6336 3520
	6208 3520
4
	6400 3488
	6496 3488
	6496 3520
	6400 3520
4
	7328 3488
	8352 3488
	8352 3520
	7328 3520
4
	8736 3488
	8800 3488
	8800 3520
	8736 3520
4
	8864 3488
	8896 3488
	8896 3520
	8864 3520
4
	9088 3488
	9344 3488
	9344 3520
	9088 3520
4
	9440 3488
	9504 3488
	9504 3520
	9440 3520
4
	9952 3488
	10656 3488
	10656 3520
	9952 3520
4
	11744 3488
	11968 3488
	11968 3520
	11744 3520
4
	0 3520
	4640 3520
	4640 3552
	0 3552
4
	5248 3520
	5504 3520
	5504 3552
	5248 3552
4
	6208 3520
	6336 3520
	6336 3552
	6208 3552
4
	6400 3520
	6496 3520
	6496 3552
	6400 3552
4
	7328 3520
	8480 3520
	8480 3552
	7328 3552
4
	8672 3520
	8704 3520
	8704 3552
	8672 3552
4
	8768 3520
	8928 3520
	8928 3552
	8768 3552
4
	9088 3520
	9408 3520
	9408 3552
	9088 3552
4
	9984 3520
	10656 3520
	10656 3552
	9984 3552
4
	11744 3520
	11968 3520
	11968 3552
	11744 3552
4
	0 3552
	4672 3552
	4672 3584
	0 3584
4
	4864 3552
	4928 3552
	4928 3584
	4864 3584
4
	5120 3552
	5504 3552
	5504 3584
	5120 3584
4
	6208 3552
	6336 3552
	6336 3584
	6208 3584
4
	6400 3552
	6496 3552
	6496 3584
	6400 3584
4
	7328 3552
	8576 3552
	8576 3584
	7328 3584
4
	8640 3552
	8928 3552
	8928 3584
	8640 3584
4
	9152 3552
	9216 3552
	9216 3584
	9152 3584
4
	9248 3552
	9408 3552
	9408 3584
	9248 3584
4
	10048 3552
	10656 3552
	10656 3584
	10048 3584
4
	11776 3552
	11968 3552
	11968 3584
	11776 3584
4
	0 3584
	4672 3584
	4672 3616
	0 3616
4
	4864 3584
	4928 3584
	4928 3616
	4864 3616
4
	5120 3584
	5504 3584
	5504 3616
	5120 3616
4
	6208 3584
	6336 3584
	6336 3616
	6208 3616
4
	7328 3584
	8320 3584
	8320 3616
	7328 3616
4
	8384 3584
	8576 3584
	8576 3616
	8384 3616
4
	8640 3584
	8704 3584
	8704 3616
	8640 3616
4
	8736 3584
	8864 3584
	8864 3616
	8736 3616
4
	9152 3584
	9216 3584
	9216 3616
	9152 3616
4
	9248 3584
	9408 3584
	9408 3616
	9248 3616
4
	10048 3584
	10656 3584
	10656 3616
	10048 3616
4
	11776 3584
	11968 3584
	11968 3616
	11776 3616
4
	0 3616
	4640 3616
	4640 3648
	0 3648
4
	4864 3616
	4992 3616
	4992 3648
	4864 3648
4
	5120 3616
	5504 3616
	5504 3648
	5120 3648
4
	6208 3616
	6336 3616
	6336 3648
	6208 3648
4
	7328 3616
	8288 3616
	8288 3648
	7328 3648
4
	8768 3616
	8832 3616
	8832 3648
	8768 3648
4
	9152 3616
	9216 3616
	9216 3648
	9152 3648
4
	9248 3616
	9344 3616
	9344 3648
	9248 3648
4
	10048 3616
	10624 3616
	10624 3648
	10048 3648
4
	11808 3616
	11968 3616
	11968 3648
	11808 3648
4
	0 3648
	5760 3648
	5760 3680
	0 3680
4
	6176 3648
	6304 3648
	6304 3680
	6176 3680
4
	7456 3648
	8288 3648
	8288 3680
	7456 3680
4
	8768 3648
	8832 3648
	8832 3680
	8768 3680
4
	9248 3648
	9344 3648
	9344 3680
	9248 3680
4
	9856 3648
	9920 3648
	9920 3680
	9856 3680
4
	10048 3648
	10624 3648
	10624 3680
	10048 3680
4
	11360 3648
	11424 3648
	11424 3680
	11360 3680
4
	11840 3648
	11968 3648
	11968 3680
	11840 3680
4
	0 3680
	5760 3680
	5760 3712
	0 3712
4
	6208 3680
	6304 3680
	6304 3712
	6208 3712
4
	7456 3680
	8256 3680
	8256 3712
	7456 3712
4
	9248 3680
	9344 3680
	9344 3712
	9248 3712
4
	9856 3680
	9920 3680
	9920 3712
	9856 3712
4
	10048 3680
	10624 3680
	10624 3712
	10048 3712
4
	11360 3680
	11424 3680
	11424 3712
	11360 3712
4
	11616 3680
	11712 3680
	11712 3712
	11616 3712
4
	11840 3680
	11968 3680
	11968 3712
	11840 3712
4
	0 3712
	5760 3712
	5760 3744
	0 3744
4
	6208 3712
	6304 3712
	6304 3744
	6208 3744
4
	7456 3712
	8224 3712
	8224 3744
	7456 3744
4
	9248 3712
	9344 3712
	9344 3744
	9248 3744
4
	9856 3712
	9920 3712
	9920 3744
	9856 3744
4
	10016 3712
	10624 3712
	10624 3744
	10016 3744
4
	11616 3712
	11712 3712
	11712 3744
	11616 3744
4
	11840 3712
	11968 3712
	11968 3744
	11840 3744
4
	0 3744
	5760 3744
	5760 3776
	0 3776
4
	6208 3744
	6272 3744
	6272 3776
	6208 3776
4
	7168 3744
	7264 3744
	7264 3776
	7168 3776
4
	7456 3744
	8224 3744
	8224 3776
	7456 3776
4
	9248 3744
	9312 3744
	9312 3776
	9248 3776
4
	9824 3744
	9952 3744
	9952 3776
	9824 3776
4
	9984 3744
	10624 3744
	10624 3776
	9984 3776
4
	10720 3744
	10816 3744
	10816 3776
	10720 3776
4
	11296 3744
	11456 3744
	11456 3776
	11296 3776
4
	11552 3744
	11744 3744
	11744 3776
	11552 3776
4
	11840 3744
	11968 3744
	11968 3776
	11840 3776
4
	0 3776
	5760 3776
	5760 3808
	0 3808
4
	7168 3776
	7264 3776
	7264 3808
	7168 3808
4
	7456 3776
	8224 3776
	8224 3808
	7456 3808
4
	9824 3776
	9952 3776
	9952 3808
	9824 3808
4
	9984 3776
	10624 3776
	10624 3808
	9984 3808
4
	10656 3776
	10848 3776
	10848 3808
	10656 3808
4
	11296 3776
	11456 3776
	11456 3808
	11296 3808
4
	11520 3776
	11776 3776
	11776 3808
	11520 3808
4
	11840 3776
	11968 3776
	11968 3808
	11840 3808
4
	0 3808
	5760 3808
	5760 3840
	0 3840
4
	7168 3808
	7264 3808
	7264 3840
	7168 3840
4
	7456 3808
	8224 3808
	8224 3840
	7456 3840
4
	9856 3808
	9920 3808
	9920 3840
	9856 3840
4
	9984 3808
	10624 3808
	10624 3840
	9984 3840
4
	10656 3808
	10848 3808
	10848 3840
	10656 3840
4
	11328 3808
	11456 3808
	11456 3840
	11328 3840
4
	11552 3808
	11776 3808
	11776 3840
	11552 3840
4
	11840 3808
	11968 3808
	11968 3840
	11840 3840
4
	0 3840
	5760 3840
	5760 3872
	0 3872
4
	6208 3840
	6304 3840
	6304 3872
	6208 3872
4
	7456 3840
	8224 3840
	8224 3872
	7456 3872
4
	9248 3840
	9344 3840
	9344 3872
	9248 3872
4
	9856 3840
	9920 3840
	9920 3872
	9856 3872
4
	9984 3840
	10624 3840
	10624 3872
	9984 3872
4
	10656 3840
	10688 3840
	10688 3872
	10656 3872
4
	10720 3840
	10784 3840
	10784 3872
	10720 3872
4
	11328 3840
	11392 3840
	11392 3872
	11328 3872
4
	11616 3840
	11712 3840
	11712 3872
	11616 3872
4
	11840 3840
	11968 3840
	11968 3872
	11840 3872
4
	0 3872
	5760 3872
	5760 3904
	0 3904
4
	6208 3872
	6304 3872
	6304 3904
	6208 3904
4
	7456 3872
	8288 3872
	8288 3904
	7456 3904
4
	9248 3872
	9344 3872
	9344 3904
	9248 3904
4
	9856 3872
	9920 3872
	9920 3904
	9856 3904
4
	10048 3872
	10624 3872
	10624 3904
	10048 3904
4
	10720 3872
	10784 3872
	10784 3904
	10720 3904
4
	11328 3872
	11392 3872
	11392 3904
	11328 3904
4
	11616 3872
	11680 3872
	11680 3904
	11616 3904
4
	11840 3872
	11968 3872
	11968 3904
	11840 3904
4
	0 3904
	5760 3904
	5760 3936
	0 3936
4
	6176 3904
	6304 3904
	6304 3936
	6176 3936
4
	6688 3904
	6752 3904
	6752 3936
	6688 3936
4
	7456 3904
	8288 3904
	8288 3936
	7456 3936
4
	9248 3904
	9344 3904
	9344 3936
	9248 3936
4
	10016 3904
	10624 3904
	10624 3936
	10016 3936
4
	10720 3904
	10784 3904
	10784 3936
	10720 3936
4
	11040 3904
	11136 3904
	11136 3936
	11040 3936
4
	11424 3904
	11488 3904
	11488 3936
	11424 3936
4
	11744 3904
	11968 3904
	11968 3936
	11744 3936
4
	0 3936
	5760 3936
	5760 3968
	0 3968
4
	6208 3936
	6304 3936
	6304 3968
	6208 3968
4
	6656 3936
	6752 3936
	6752 3968
	6656 3968
4
	7392 3936
	8288 3936
	8288 3968
	7392 3968
4
	9248 3936
	9344 3936
	9344 3968
	9248 3968
4
	10048 3936
	10624 3936
	10624 3968
	10048 3968
4
	11040 3936
	11136 3936
	11136 3968
	11040 3968
4
	11424 3936
	11488 3936
	11488 3968
	11424 3968
4
	11744 3936
	11968 3936
	11968 3968
	11744 3968
4
	0 3968
	5504 3968
	5504 4000
	0 4000
4
	6208 3968
	6304 3968
	6304 4000
	6208 4000
4
	6496 3968
	7200 3968
	7200 4000
	6496 4000
4
	7392 3968
	8320 3968
	8320 4000
	7392 4000
4
	9088 3968
	9152 3968
	9152 4000
	9088 4000
4
	9248 3968
	9344 3968
	9344 4000
	9248 4000
4
	10016 3968
	10624 3968
	10624 4000
	10016 4000
4
	11744 3968
	11968 3968
	11968 4000
	11744 4000
4
	0 4000
	5504 4000
	5504 4032
	0 4032
4
	6208 4000
	6368 4000
	6368 4032
	6208 4032
4
	6496 4000
	7200 4000
	7200 4032
	6496 4032
4
	7392 4000
	8320 4000
	8320 4032
	7392 4032
4
	9088 4000
	9344 4000
	9344 4032
	9088 4032
4
	10016 4000
	10656 4000
	10656 4032
	10016 4032
4
	11648 4000
	11968 4000
	11968 4032
	11648 4032
4
	0 4032
	5504 4032
	5504 4064
	0 4064
4
	6208 4032
	6400 4032
	6400 4064
	6208 4064
4
	6496 4032
	7200 4032
	7200 4064
	6496 4064
4
	7392 4032
	8352 4032
	8352 4064
	7392 4064
4
	9088 4032
	9344 4032
	9344 4064
	9088 4064
4
	9984 4032
	10656 4032
	10656 4064
	9984 4064
4
	10688 4032
	10752 4032
	10752 4064
	10688 4064
4
	11616 4032
	11968 4032
	11968 4064
	11616 4064
4
	0 4064
	5504 4064
	5504 4096
	0 4096
4
	6208 4064
	6432 4064
	6432 4096
	6208 4096
4
	6496 4064
	7200 4064
	7200 4096
	6496 4096
4
	7360 4064
	8352 4064
	8352 4096
	7360 4096
4
	8544 4064
	8608 4064
	8608 4096
	8544 4096
4
	8640 4064
	8736 4064
	8736 4096
	8640 4096
4
	9088 4064
	9344 4064
	9344 4096
	9088 4096
4
	9984 4064
	10656 4064
	10656 4096
	9984 4096
4
	10688 4064
	10752 4064
	10752 4096
	10688 4096
4
	10784 4064
	10816 4064
	10816 4096
	10784 4096
4
	11584 4064
	11968 4064
	11968 4096
	11584 4096
4
	0 4096
	5504 4096
	5504 4128
	0 4128
4
	6208 4096
	6432 4096
	6432 4128
	6208 4128
4
	6496 4096
	7200 4096
	7200 4128
	6496 4128
4
	7328 4096
	8384 4096
	8384 4128
	7328 4128
4
	8416 4096
	8608 4096
	8608 4128
	8416 4128
4
	8640 4096
	8736 4096
	8736 4128
	8640 4128
4
	9120 4096
	9472 4096
	9472 4128
	9120 4128
4
	10016 4096
	10624 4096
	10624 4128
	10016 4128
4
	10688 4096
	10816 4096
	10816 4128
	10688 4128
4
	11552 4096
	11968 4096
	11968 4128
	11552 4128
4
	0 4128
	5728 4128
	5728 4160
	0 4160
4
	6208 4128
	8896 4128
	8896 4160
	6208 4160
4
	8960 4128
	9472 4128
	9472 4160
	8960 4160
4
	10048 4128
	10816 4128
	10816 4160
	10048 4160
4
	11552 4128
	11680 4128
	11680 4160
	11552 4160
4
	11840 4128
	11968 4128
	11968 4160
	11840 4160
4
	0 4160
	5760 4160
	5760 4192
	0 4192
4
	6176 4160
	8896 4160
	8896 4192
	6176 4192
4
	8960 4160
	9504 4160
	9504 4192
	8960 4192
4
	10048 4160
	10816 4160
	10816 4192
	10048 4192
4
	11552 4160
	11712 4160
	11712 4192
	11552 4192
4
	11840 4160
	11968 4160
	11968 4192
	11840 4192
4
	0 4192
	5760 4192
	5760 4224
	0 4224
4
	6176 4192
	8896 4192
	8896 4224
	6176 4224
4
	8960 4192
	9504 4192
	9504 4224
	8960 4224
4
	10048 4192
	10624 4192
	10624 4224
	10048 4224
4
	10720 4192
	10816 4192
	10816 4224
	10720 4224
4
	11552 4192
	11712 4192
	11712 4224
	11552 4224
4
	11840 4192
	11968 4192
	11968 4224
	11840 4224
4
	0 4224
	5760 4224
	5760 4256
	0 4256
4
	6688 4224
	7008 4224
	7008 4256
	6688 4256
4
	7488 4224
	8064 4224
	8064 4256
	7488 4256
4
	8448 4224
	8512 4224
	8512 4256
	8448 4256
4
	9184 4224
	9504 4224
	9504 4256
	9184 4256
4
	10144 4224
	10272 4224
	10272 4256
	10144 4256
4
	10400 4224
	10624 4224
	10624 4256
	10400 4256
4
	11552 4224
	11680 4224
	11680 4256
	11552 4256
4
	11840 4224
	11968 4224
	11968 4256
	11840 4256
4
	0 4256
	5760 4256
	5760 4288
	0 4288
4
	6688 4256
	7008 4256
	7008 4288
	6688 4288
4
	7488 4256
	8064 4256
	8064 4288
	7488 4288
4
	8448 4256
	8512 4256
	8512 4288
	8448 4288
4
	9184 4256
	9504 4256
	9504 4288
	9184 4288
4
	10528 4256
	10624 4256
	10624 4288
	10528 4288
4
	11552 4256
	11680 4256
	11680 4288
	11552 4288
4
	11840 4256
	11968 4256
	11968 4288
	11840 4288
4
	0 4288
	5760 4288
	5760 4320
	0 4320
4
	6688 4288
	7008 4288
	7008 4320
	6688 4320
4
	7488 4288
	8064 4288
	8064 4320
	7488 4320
4
	9184 4288
	9504 4288
	9504 4320
	9184 4320
4
	10528 4288
	10624 4288
	10624 4320
	10528 4320
4
	11552 4288
	11744 4288
	11744 4320
	11552 4320
4
	11840 4288
	11968 4288
	11968 4320
	11840 4320
4
	0 4320
	5760 4320
	5760 4352
	0 4352
4
	6688 4320
	6784 4320
	6784 4352
	6688 4352
4
	7488 4320
	8064 4320
	8064 4352
	7488 4352
4
	9184 4320
	9440 4320
	9440 4352
	9184 4352
4
	10528 4320
	10624 4320
	10624 4352
	10528 4352
4
	11584 4320
	11776 4320
	11776 4352
	11584 4352
4
	11840 4320
	11968 4320
	11968 4352
	11840 4352
4
	0 4352
	5760 4352
	5760 4384
	0 4384
4
	6688 4352
	6784 4352
	6784 4384
	6688 4384
4
	7488 4352
	8064 4352
	8064 4384
	7488 4384
4
	9184 4352
	9344 4352
	9344 4384
	9184 4384
4
	10528 4352
	10624 4352
	10624 4384
	10528 4384
4
	11616 4352
	11776 4352
	11776 4384
	11616 4384
4
	11840 4352
	11968 4352
	11968 4384
	11840 4384
4
	0 4384
	5760 4384
	5760 4416
	0 4416
4
	6688 4384
	6784 4384
	6784 4416
	6688 4416
4
	7488 4384
	8064 4384
	8064 4416
	7488 4416
4
	9184 4384
	9344 4384
	9344 4416
	9184 4416
4
	10528 4384
	10624 4384
	10624 4416
	10528 4416
4
	11616 4384
	11776 4384
	11776 4416
	11616 4416
4
	11840 4384
	11968 4384
	11968 4416
	11840 4416
4
	0 4416
	5760 4416
	5760 4448
	0 4448
4
	6688 4416
	6784 4416
	6784 4448
	6688 4448
4
	7488 4416
	8064 4416
	8064 4448
	7488 4448
4
	9248 4416
	9344 4416
	9344 4448
	9248 4448
4
	10528 4416
	10624 4416
	10624 4448
	10528 4448
4
	11808 4416
	11968 4416
	11968 4448
	11808 4448
4
	0 4448
	5760 4448
	5760 4480
	0 4480
4
	6688 4448
	6784 4448
	6784 4480
	6688 4480
4
	7488 4448
	8064 4448
	8064 4480
	7488 4480
4
	9248 4448
	9344 4448
	9344 4480
	9248 4480
4
	10528 4448
	10624 4448
	10624 4480
	10528 4480
4
	11808 4448
	11968 4448
	11968 4480
	11808 4480
4
	0 4480
	5504 4480
	5504 4512
	0 4512
4
	6688 4480
	6784 4480
	6784 4512
	6688 4512
4
	7488 4480
	8064 4480
	8064 4512
	7488 4512
4
	9248 4480
	9344 4480
	9344 4512
	9248 4512
4
	10528 4480
	10624 4480
	10624 4512
	10528 4512
4
	11776 4480
	11968 4480
	11968 4512
	11776 4512
4
	0 4512
	5504 4512
	5504 4544
	0 4544
4
	6688 4512
	6752 4512
	6752 4544
	6688 4544
4
	7488 4512
	8064 4512
	8064 4544
	7488 4544
4
	9248 4512
	9312 4512
	9312 4544
	9248 4544
4
	10528 4512
	10592 4512
	10592 4544
	10528 4544
4
	11744 4512
	11968 4512
	11968 4544
	11744 4544
4
	0 4544
	5504 4544
	5504 4576
	0 4576
4
	7488 4544
	8064 4544
	8064 4576
	7488 4576
4
	11040 4544
	11136 4544
	11136 4576
	11040 4576
4
	11168 4544
	11360 4544
	11360 4576
	11168 4576
4
	11744 4544
	11968 4544
	11968 4576
	11744 4576
4
	0 4576
	5504 4576
	5504 4608
	0 4608
4
	7488 4576
	8064 4576
	8064 4608
	7488 4608
4
	10944 4576
	11136 4576
	11136 4608
	10944 4608
4
	11168 4576
	11424 4576
	11424 4608
	11168 4608
4
	11776 4576
	11968 4576
	11968 4608
	11776 4608
4
	0 4608
	5504 4608
	5504 4640
	0 4640
4
	6688 4608
	6784 4608
	6784 4640
	6688 4640
4
	7488 4608
	8064 4608
	8064 4640
	7488 4640
4
	9248 4608
	9344 4608
	9344 4640
	9248 4640
4
	10528 4608
	10624 4608
	10624 4640
	10528 4640
4
	10912 4608
	11136 4608
	11136 4640
	10912 4640
4
	11168 4608
	11488 4608
	11488 4640
	11168 4640
4
	11776 4608
	11968 4608
	11968 4640
	11776 4640
4
	0 4640
	5504 4640
	5504 4672
	0 4672
4
	6688 4640
	6784 4640
	6784 4672
	6688 4672
4
	7488 4640
	8064 4640
	8064 4672
	7488 4672
4
	9248 4640
	9344 4640
	9344 4672
	9248 4672
4
	10528 4640
	10624 4640
	10624 4672
	10528 4672
4
	10912 4640
	11072 4640
	11072 4672
	10912 4672
4
	11328 4640
	11488 4640
	11488 4672
	11328 4672
4
	11840 4640
	11968 4640
	11968 4672
	11840 4672
4
	0 4672
	5760 4672
	5760 4704
	0 4704
4
	6688 4672
	6784 4672
	6784 4704
	6688 4704
4
	7488 4672
	8064 4672
	8064 4704
	7488 4704
4
	9248 4672
	9344 4672
	9344 4704
	9248 4704
4
	10528 4672
	10624 4672
	10624 4704
	10528 4704
4
	10656 4672
	10752 4672
	10752 4704
	10656 4704
4
	10944 4672
	10976 4672
	10976 4704
	10944 4704
4
	11455 4703
	11457 4703
	11457 4705
	11455 4705
4
	11392 4672
	11456 4672
	11456 4704
	11392 4704
4
	11840 4672
	11968 4672
	11968 4704
	11840 4704
4
	0 4704
	5760 4704
	5760 4736
	0 4736
4
	6688 4704
	6784 4704
	6784 4736
	6688 4736
4
	7488 4704
	8064 4704
	8064 4736
	7488 4736
4
	9184 4704
	9344 4704
	9344 4736
	9184 4736
4
	10528 4704
	10784 4704
	10784 4736
	10528 4736
4
	11456 4704
	11520 4704
	11520 4736
	11456 4736
4
	11840 4704
	11968 4704
	11968 4736
	11840 4736
4
	0 4736
	5760 4736
	5760 4768
	0 4768
4
	6688 4736
	6784 4736
	6784 4768
	6688 4768
4
	7488 4736
	8064 4736
	8064 4768
	7488 4768
4
	9184 4736
	9408 4736
	9408 4768
	9184 4768
4
	10528 4736
	10816 4736
	10816 4768
	10528 4768
4
	11456 4736
	11520 4736
	11520 4768
	11456 4768
4
	11840 4736
	11968 4736
	11968 4768
	11840 4768
4
	0 4768
	5760 4768
	5760 4800
	0 4800
4
	6688 4768
	6848 4768
	6848 4800
	6688 4800
4
	7488 4768
	8064 4768
	8064 4800
	7488 4800
4
	9184 4768
	9408 4768
	9408 4800
	9184 4800
4
	10528 4768
	10816 4768
	10816 4800
	10528 4800
4
	11808 4768
	11968 4768
	11968 4800
	11808 4800
4
	0 4800
	5760 4800
	5760 4832
	0 4832
4
	6688 4800
	6848 4800
	6848 4832
	6688 4832
4
	7488 4800
	8064 4800
	8064 4832
	7488 4832
4
	9184 4800
	9408 4800
	9408 4832
	9184 4832
4
	10528 4800
	11104 4800
	11104 4832
	10528 4832
4
	11328 4800
	11616 4800
	11616 4832
	11328 4832
4
	11808 4800
	11968 4800
	11968 4832
	11808 4832
4
	0 4832
	5760 4832
	5760 4864
	0 4864
4
	6688 4832
	6912 4832
	6912 4864
	6688 4864
4
	7488 4832
	8064 4832
	8064 4864
	7488 4864
4
	9184 4832
	9408 4832
	9408 4864
	9184 4864
4
	10528 4832
	11136 4832
	11136 4864
	10528 4864
4
	11328 4832
	11648 4832
	11648 4864
	11328 4864
4
	11808 4832
	11968 4832
	11968 4864
	11808 4864
4
	0 4864
	5760 4864
	5760 4896
	0 4896
4
	6688 4864
	6912 4864
	6912 4896
	6688 4896
4
	7488 4864
	8064 4864
	8064 4896
	7488 4896
4
	8448 4864
	8576 4864
	8576 4896
	8448 4896
4
	9184 4864
	9376 4864
	9376 4896
	9184 4896
4
	10144 4864
	10272 4864
	10272 4896
	10144 4896
4
	10400 4864
	11136 4864
	11136 4896
	10400 4896
4
	11328 4864
	11648 4864
	11648 4896
	11328 4896
4
	11680 4864
	11968 4864
	11968 4896
	11680 4896
4
	0 4896
	5760 4896
	5760 4928
	0 4928
4
	6464 4896
	6528 4896
	6528 4928
	6464 4928
4
	6688 4896
	6912 4896
	6912 4928
	6688 4928
4
	7488 4896
	8064 4896
	8064 4928
	7488 4928
4
	8448 4896
	8576 4896
	8576 4928
	8448 4928
4
	9248 4896
	9376 4896
	9376 4928
	9248 4928
4
	10144 4896
	10272 4896
	10272 4928
	10144 4928
4
	10400 4896
	11296 4896
	11296 4928
	10400 4928
4
	11328 4896
	11648 4896
	11648 4928
	11328 4928
4
	11680 4896
	11968 4896
	11968 4928
	11680 4928
4
	0 4928
	5824 4928
	5824 4960
	0 4960
4
	5888 4928
	7040 4928
	7040 4960
	5888 4960
4
	7488 4928
	8064 4928
	8064 4960
	7488 4960
4
	8448 4928
	8896 4928
	8896 4960
	8448 4960
4
	8960 4928
	9344 4928
	9344 4960
	8960 4960
4
	10048 4928
	11968 4928
	11968 4960
	10048 4960
4
	0 4960
	5824 4960
	5824 4992
	0 4992
4
	5888 4960
	7040 4960
	7040 4992
	5888 4992
4
	7488 4960
	8064 4960
	8064 4992
	7488 4992
4
	8480 4960
	8896 4960
	8896 4992
	8480 4992
4
	8960 4960
	9344 4960
	9344 4992
	8960 4992
4
	10048 4960
	11968 4960
	11968 4992
	10048 4992
4
	0 4992
	5824 4992
	5824 5024
	0 5024
4
	5888 4992
	7040 4992
	7040 5024
	5888 5024
4
	7488 4992
	8064 4992
	8064 5024
	7488 5024
4
	8480 4992
	8896 4992
	8896 5024
	8480 5024
4
	8960 4992
	9408 4992
	9408 5024
	8960 5024
4
	10048 4992
	11968 4992
	11968 5024
	10048 5024
4
	0 5024
	5728 5024
	5728 5056
	0 5056
4
	6144 5024
	6336 5024
	6336 5056
	6144 5056
4
	6624 5024
	7040 5024
	7040 5056
	6624 5056
4
	7488 5024
	8064 5024
	8064 5056
	7488 5056
4
	8480 5024
	8576 5024
	8576 5056
	8480 5056
4
	9152 5024
	9408 5024
	9408 5056
	9152 5056
4
	9984 5024
	11968 5024
	11968 5056
	9984 5056
4
	0 5056
	5728 5056
	5728 5088
	0 5088
4
	6144 5056
	6336 5056
	6336 5088
	6144 5088
4
	6688 5056
	7040 5056
	7040 5088
	6688 5088
4
	7488 5056
	8064 5056
	8064 5088
	7488 5088
4
	8480 5056
	8576 5056
	8576 5088
	8480 5088
4
	9216 5056
	9408 5056
	9408 5088
	9216 5088
4
	9984 5056
	11968 5056
	11968 5088
	9984 5088
4
	0 5088
	5728 5088
	5728 5120
	0 5120
4
	6144 5088
	6336 5088
	6336 5120
	6144 5120
4
	6688 5088
	7040 5088
	7040 5120
	6688 5120
4
	7488 5088
	8064 5088
	8064 5120
	7488 5120
4
	8480 5088
	8576 5088
	8576 5120
	8480 5120
4
	9216 5088
	9408 5088
	9408 5120
	9216 5120
4
	10016 5088
	11968 5088
	11968 5120
	10016 5120
4
	0 5120
	5632 5120
	5632 5152
	0 5152
4
	5664 5120
	5696 5120
	5696 5152
	5664 5152
4
	6688 5120
	7040 5120
	7040 5152
	6688 5152
4
	7488 5120
	8064 5120
	8064 5152
	7488 5152
4
	8480 5120
	8576 5120
	8576 5152
	8480 5152
4
	9184 5120
	9376 5120
	9376 5152
	9184 5152
4
	10016 5120
	11968 5120
	11968 5152
	10016 5152
4
	0 5152
	5504 5152
	5504 5184
	0 5184
4
	5568 5152
	5600 5152
	5600 5184
	5568 5184
4
	6688 5152
	7040 5152
	7040 5184
	6688 5184
4
	7488 5152
	8064 5152
	8064 5184
	7488 5184
4
	8480 5152
	8576 5152
	8576 5184
	8480 5184
4
	9184 5152
	9344 5152
	9344 5184
	9184 5184
4
	10048 5152
	11968 5152
	11968 5184
	10048 5184
4
	0 5184
	5536 5184
	5536 5216
	0 5216
4
	6688 5184
	7040 5184
	7040 5216
	6688 5216
4
	7488 5184
	8064 5184
	8064 5216
	7488 5216
4
	8480 5184
	8576 5184
	8576 5216
	8480 5216
4
	9184 5184
	9344 5184
	9344 5216
	9184 5216
4
	10016 5184
	11968 5184
	11968 5216
	10016 5216
4
	0 5216
	5568 5216
	5568 5248
	0 5248
4
	6688 5216
	7040 5216
	7040 5248
	6688 5248
4
	7488 5216
	8032 5216
	8032 5248
	7488 5248
4
	8480 5216
	8576 5216
	8576 5248
	8480 5248
4
	9184 5216
	9344 5216
	9344 5248
	9184 5248
4
	10048 5216
	11968 5216
	11968 5248
	10048 5248
4
	0 5248
	5568 5248
	5568 5280
	0 5280
4
	6688 5248
	7040 5248
	7040 5280
	6688 5280
4
	8480 5248
	8576 5248
	8576 5280
	8480 5280
4
	9248 5248
	9344 5248
	9344 5280
	9248 5280
4
	10048 5248
	11968 5248
	11968 5280
	10048 5280
4
	0 5280
	5664 5280
	5664 5312
	0 5312
4
	6688 5280
	7040 5280
	7040 5312
	6688 5312
4
	8480 5280
	8576 5280
	8576 5312
	8480 5312
4
	9248 5280
	9312 5280
	9312 5312
	9248 5312
4
	9984 5280
	11968 5280
	11968 5312
	9984 5312
4
	0 5312
	5664 5312
	5664 5344
	0 5344
4
	6688 5312
	7040 5312
	7040 5344
	6688 5344
4
	8480 5312
	8576 5312
	8576 5344
	8480 5344
4
	9984 5312
	11968 5312
	11968 5344
	9984 5344
4
	0 5344
	5664 5344
	5664 5376
	0 5376
4
	6688 5344
	7040 5344
	7040 5376
	6688 5376
4
	8480 5344
	8576 5344
	8576 5376
	8480 5376
4
	9984 5344
	11968 5344
	11968 5376
	9984 5376
4
	0 5376
	5504 5376
	5504 5408
	0 5408
4
	6592 5376
	7040 5376
	7040 5408
	6592 5408
4
	8480 5376
	8576 5376
	8576 5408
	8480 5408
4
	9248 5376
	9344 5376
	9344 5408
	9248 5408
4
	10048 5376
	11968 5376
	11968 5408
	10048 5408
4
	0 5408
	5568 5408
	5568 5440
	0 5440
4
	6592 5408
	7040 5408
	7040 5440
	6592 5440
4
	8416 5408
	8448 5408
	8448 5440
	8416 5440
4
	8480 5408
	8576 5408
	8576 5440
	8480 5440
4
	8672 5408
	8704 5408
	8704 5440
	8672 5440
4
	9248 5408
	9344 5408
	9344 5440
	9248 5440
4
	9760 5408
	9824 5408
	9824 5440
	9760 5440
4
	10048 5408
	11968 5408
	11968 5440
	10048 5440
4
	0 5440
	5568 5440
	5568 5472
	0 5472
4
	6592 5440
	7040 5440
	7040 5472
	6592 5472
4
	8384 5440
	8576 5440
	8576 5472
	8384 5472
4
	8640 5440
	8800 5440
	8800 5472
	8640 5472
4
	9248 5440
	9344 5440
	9344 5472
	9248 5472
4
	9760 5440
	9888 5440
	9888 5472
	9760 5472
4
	9984 5440
	11968 5440
	11968 5472
	9984 5472
4
	0 5472
	5568 5472
	5568 5504
	0 5504
4
	6592 5472
	7040 5472
	7040 5504
	6592 5504
4
	8352 5472
	8576 5472
	8576 5504
	8352 5504
4
	8640 5472
	8800 5472
	8800 5504
	8640 5504
4
	9248 5472
	9344 5472
	9344 5504
	9248 5504
4
	9696 5472
	9888 5472
	9888 5504
	9696 5504
4
	9984 5472
	11968 5472
	11968 5504
	9984 5504
4
	0 5504
	5504 5504
	5504 5536
	0 5536
4
	6592 5504
	7040 5504
	7040 5536
	6592 5536
4
	8320 5504
	8576 5504
	8576 5536
	8320 5536
4
	8608 5504
	8800 5504
	8800 5536
	8608 5536
4
	9248 5504
	9344 5504
	9344 5536
	9248 5536
4
	9696 5504
	9856 5504
	9856 5536
	9696 5536
4
	9984 5504
	11968 5504
	11968 5536
	9984 5536
4
	0 5536
	5664 5536
	5664 5568
	0 5568
4
	6592 5536
	7040 5536
	7040 5568
	6592 5568
4
	8288 5536
	8576 5536
	8576 5568
	8288 5568
4
	8608 5536
	8896 5536
	8896 5568
	8608 5568
4
	9248 5536
	9344 5536
	9344 5568
	9248 5568
4
	9792 5536
	9824 5536
	9824 5568
	9792 5568
4
	9984 5536
	11968 5536
	11968 5568
	9984 5568
4
	0 5568
	5664 5568
	5664 5600
	0 5600
4
	6624 5568
	6656 5568
	6656 5600
	6624 5600
4
	6688 5568
	7040 5568
	7040 5600
	6688 5600
4
	8256 5568
	8896 5568
	8896 5600
	8256 5600
4
	9248 5568
	9344 5568
	9344 5600
	9248 5600
4
	9984 5568
	11968 5568
	11968 5600
	9984 5600
4
	0 5600
	5664 5600
	5664 5632
	0 5632
4
	6688 5600
	7040 5600
	7040 5632
	6688 5632
4
	8256 5600
	8928 5600
	8928 5632
	8256 5632
4
	9248 5600
	9344 5600
	9344 5632
	9248 5632
4
	9728 5600
	9824 5600
	9824 5632
	9728 5632
4
	9920 5600
	11968 5600
	11968 5632
	9920 5632
4
	0 5632
	5696 5632
	5696 5664
	0 5664
4
	6688 5632
	7040 5632
	7040 5664
	6688 5664
4
	7488 5632
	7520 5632
	7520 5664
	7488 5664
4
	8000 5632
	8032 5632
	8032 5664
	8000 5664
4
	8256 5632
	8928 5632
	8928 5664
	8256 5664
4
	9248 5632
	9344 5632
	9344 5664
	9248 5664
4
	9408 5632
	9536 5632
	9536 5664
	9408 5664
4
	9728 5632
	9824 5632
	9824 5664
	9728 5664
4
	9856 5632
	11968 5632
	11968 5664
	9856 5664
4
	0 5664
	5696 5664
	5696 5696
	0 5696
4
	6688 5664
	7552 5664
	7552 5696
	6688 5696
4
	7968 5664
	8832 5664
	8832 5696
	7968 5696
4
	9024 5664
	9088 5664
	9088 5696
	9024 5696
4
	9248 5664
	9344 5664
	9344 5696
	9248 5696
4
	9408 5664
	9536 5664
	9536 5696
	9408 5696
4
	9728 5664
	9824 5664
	9824 5696
	9728 5696
4
	9856 5664
	11968 5664
	11968 5696
	9856 5696
4
	0 5696
	5536 5696
	5536 5728
	0 5728
4
	5568 5696
	5696 5696
	5696 5728
	5568 5728
4
	6688 5696
	7552 5696
	7552 5728
	6688 5728
4
	7968 5696
	11968 5696
	11968 5728
	7968 5728
4
	0 5728
	5504 5728
	5504 5760
	0 5760
4
	6688 5728
	7552 5728
	7552 5760
	6688 5760
4
	7680 5728
	7840 5728
	7840 5760
	7680 5760
4
	7968 5728
	11968 5728
	11968 5760
	7968 5760
4
	0 5760
	5536 5760
	5536 5792
	0 5792
4
	5792 5760
	5920 5760
	5920 5792
	5792 5792
4
	6048 5760
	6176 5760
	6176 5792
	6048 5792
4
	6304 5760
	6432 5760
	6432 5792
	6304 5792
4
	6688 5760
	7552 5760
	7552 5792
	6688 5792
4
	7648 5760
	7872 5760
	7872 5792
	7648 5792
4
	7968 5760
	11968 5760
	11968 5792
	7968 5792
4
	0 5792
	5536 5792
	5536 5824
	0 5824
4
	5792 5792
	5920 5792
	5920 5824
	5792 5824
4
	6048 5792
	6240 5792
	6240 5824
	6048 5824
4
	6304 5792
	6432 5792
	6432 5824
	6304 5824
4
	6624 5792
	7552 5792
	7552 5824
	6624 5824
4
	7648 5792
	7904 5792
	7904 5824
	7648 5824
4
	7968 5792
	11968 5792
	11968 5824
	7968 5824
4
	0 5824
	5536 5824
	5536 5856
	0 5856
4
	5792 5824
	5920 5824
	5920 5856
	5792 5856
4
	6048 5824
	6240 5824
	6240 5856
	6048 5856
4
	6304 5824
	6432 5824
	6432 5856
	6304 5856
4
	6464 5824
	6560 5824
	6560 5856
	6464 5856
4
	6592 5824
	7552 5824
	7552 5856
	6592 5856
4
	7648 5824
	7904 5824
	7904 5856
	7648 5856
4
	7968 5824
	11968 5824
	11968 5856
	7968 5856
4
	0 5856
	5536 5856
	5536 5888
	0 5888
4
	5792 5856
	5920 5856
	5920 5888
	5792 5888
4
	6048 5856
	6240 5856
	6240 5888
	6048 5888
4
	6304 5856
	6432 5856
	6432 5888
	6304 5888
4
	6464 5856
	7552 5856
	7552 5888
	6464 5888
4
	7648 5856
	7904 5856
	7904 5888
	7648 5888
4
	7968 5856
	11968 5856
	11968 5888
	7968 5888
4
	0 5888
	5536 5888
	5536 5920
	0 5920
4
	5792 5888
	5920 5888
	5920 5920
	5792 5920
4
	6048 5888
	6176 5888
	6176 5920
	6048 5920
4
	6304 5888
	6432 5888
	6432 5920
	6304 5920
4
	6464 5888
	7552 5888
	7552 5920
	6464 5920
4
	7648 5888
	7872 5888
	7872 5920
	7648 5920
4
	7936 5888
	11968 5888
	11968 5920
	7936 5920
4
	0 5920
	5696 5920
	5696 5952
	0 5952
4
	5792 5920
	5920 5920
	5920 5952
	5792 5952
4
	5952 5920
	6016 5920
	6016 5952
	5952 5952
4
	6048 5920
	6176 5920
	6176 5952
	6048 5952
4
	6208 5920
	6272 5920
	6272 5952
	6208 5952
4
	6304 5920
	6432 5920
	6432 5952
	6304 5952
4
	6464 5920
	11968 5920
	11968 5952
	6464 5952
4
	0 5952
	11968 5952
	11968 5984
	0 5984
4
	-32 -32
	12000 -32
	12000 0
	-32 0
4
	-32 5984
	12000 5984
	12000 6016
	-32 6016
4
	-32 0
	0 0
	0 5984
	-32 5984
4
	11968 0
	12000 0
	12000 5984
	11968 5984
