146
4
	0 0
	1568 0
	1568 32
	0 32
4
	0 32
	1568 32
	1568 64
	0 64
4
	0 64
	512 64
	512 96
	0 96
4
	576 64
	768 64
	768 96
	576 96
4
	1024 64
	1568 64
	1568 96
	1024 96
4
	0 96
	512 96
	512 128
	0 128
4
	576 96
	736 96
	736 128
	576 128
4
	960 96
	1568 96
	1568 128
	960 128
4
	0 128
	352 128
	352 160
	0 160
4
	960 128
	1568 128
	1568 160
	960 160
4
	0 160
	352 160
	352 192
	0 192
4
	832 160
	1568 160
	1568 192
	832 192
4
	0 192
	352 192
	352 224
	0 224
4
	640 192
	672 192
	672 224
	640 224
4
	832 192
	1568 192
	1568 224
	832 224
4
	0 224
	352 224
	352 256
	0 256
4
	576 224
	736 224
	736 256
	576 256
4
	768 224
	1568 224
	1568 256
	768 256
4
	0 256
	384 256
	384 288
	0 288
4
	576 256
	1568 256
	1568 288
	576 288
4
	0 288
	384 288
	384 320
	0 320
4
	576 288
	1568 288
	1568 320
	576 320
4
	0 320
	384 320
	384 352
	0 352
4
	576 320
	1568 320
	1568 352
	576 352
4
	0 352
	352 352
	352 384
	0 384
4
	736 352
	1568 352
	1568 384
	736 384
4
	0 384
	320 384
	320 416
	0 416
4
	736 384
	1568 384
	1568 416
	736 416
4
	0 416
	320 416
	320 448
	0 448
4
	736 416
	1568 416
	1568 448
	736 448
4
	0 448
	320 448
	320 480
	0 480
4
	544 448
	704 448
	704 480
	544 480
4
	736 448
	1568 448
	1568 480
	736 480
4
	0 480
	320 480
	320 512
	0 512
4
	512 480
	1568 480
	1568 512
	512 512
4
	0 512
	384 512
	384 544
	0 544
4
	448 512
	1568 512
	1568 544
	448 544
4
	0 544
	384 544
	384 576
	0 576
4
	448 544
	1568 544
	1568 576
	448 576
4
	0 576
	384 576
	384 608
	0 608
4
	448 576
	1568 576
	1568 608
	448 608
4
	0 608
	192 608
	192 640
	0 640
4
	448 608
	640 608
	640 640
	448 640
4
	768 608
	960 608
	960 640
	768 640
4
	992 608
	1568 608
	1568 640
	992 640
4
	0 640
	288 640
	288 672
	0 672
4
	448 640
	640 640
	640 672
	448 672
4
	992 640
	1568 640
	1568 672
	992 672
4
	0 672
	288 672
	288 704
	0 704
4
	480 672
	736 672
	736 704
	480 704
4
	768 672
	1568 672
	1568 704
	768 704
4
	0 704
	224 704
	224 736
	0 736
4
	512 704
	736 704
	736 736
	512 736
4
	768 704
	1568 704
	1568 736
	768 736
4
	0 736
	192 736
	192 768
	0 768
4
	576 736
	736 736
	736 768
	576 768
4
	768 736
	1568 736
	1568 768
	768 768
4
	0 768
	128 768
	128 800
	0 800
4
	576 768
	640 768
	640 800
	576 800
4
	992 768
	1568 768
	1568 800
	992 800
4
	0 800
	128 800
	128 832
	0 832
4
	992 800
	1568 800
	1568 832
	992 832
4
	0 832
	64 832
	64 864
	0 864
4
	768 832
	864 832
	864 864
	768 864
4
	1024 832
	1568 832
	1568 864
	1024 864
4
	0 864
	64 864
	64 896
	0 896
4
	736 864
	864 864
	864 896
	736 896
4
	960 864
	1088 864
	1088 896
	960 896
4
	1120 864
	1568 864
	1568 896
	1120 896
4
	736 896
	864 896
	864 928
	736 928
4
	928 896
	1088 896
	1088 928
	928 928
4
	1216 896
	1568 896
	1568 928
	1216 928
4
	768 928
	864 928
	864 960
	768 960
4
	928 928
	1152 928
	1152 960
	928 960
4
	1216 928
	1568 928
	1568 960
	1216 960
4
	0 960
	64 960
	64 992
	0 992
4
	768 960
	832 960
	832 992
	768 992
4
	1024 960
	1184 960
	1184 992
	1024 992
4
	1216 960
	1568 960
	1568 992
	1216 992
4
	0 992
	64 992
	64 1024
	0 1024
4
	768 992
	832 992
	832 1024
	768 1024
4
	960 992
	1152 992
	1152 1024
	960 1024
4
	1280 992
	1568 992
	1568 1024
	1280 1024
4
	0 1024
	64 1024
	64 1056
	0 1056
4
	960 1024
	1152 1024
	1152 1056
	960 1056
4
	1280 1024
	1568 1024
	1568 1056
	1280 1056
4
	0 1056
	64 1056
	64 1088
	0 1088
4
	864 1056
	1152 1056
	1152 1088
	864 1088
4
	1280 1056
	1568 1056
	1568 1088
	1280 1088
4
	0 1088
	64 1088
	64 1120
	0 1120
4
	96 1088
	224 1088
	224 1120
	96 1120
4
	864 1088
	1056 1088
	1056 1120
	864 1120
4
	1088 1088
	1152 1088
	1152 1120
	1088 1120
4
	1216 1088
	1568 1088
	1568 1120
	1216 1120
4
	0 1120
	288 1120
	288 1152
	0 1152
4
	320 1120
	352 1120
	352 1152
	320 1152
4
	512 1120
	576 1120
	576 1152
	512 1152
4
	928 1120
	1056 1120
	1056 1152
	928 1152
4
	1184 1120
	1568 1120
	1568 1152
	1184 1152
4
	0 1152
	384 1152
	384 1184
	0 1184
4
	512 1152
	576 1152
	576 1184
	512 1184
4
	960 1152
	1056 1152
	1056 1184
	960 1184
4
	1280 1152
	1568 1152
	1568 1184
	1280 1184
4
	0 1184
	384 1184
	384 1216
	0 1216
4
	512 1184
	608 1184
	608 1216
	512 1216
4
	864 1184
	928 1184
	928 1216
	864 1216
4
	960 1184
	1056 1184
	1056 1216
	960 1216
4
	1248 1184
	1568 1184
	1568 1216
	1248 1216
4
	0 1216
	384 1216
	384 1248
	0 1248
4
	448 1216
	608 1216
	608 1248
	448 1248
4
	864 1216
	928 1216
	928 1248
	864 1248
4
	960 1216
	1056 1216
	1056 1248
	960 1248
4
	1248 1216
	1568 1216
	1568 1248
	1248 1248
4
	0 1248
	384 1248
	384 1280
	0 1280
4
	448 1248
	608 1248
	608 1280
	448 1280
4
	864 1248
	928 1248
	928 1280
	864 1280
4
	960 1248
	1056 1248
	1056 1280
	960 1280
4
	1280 1248
	1568 1248
	1568 1280
	1280 1280
4
	0 1280
	352 1280
	352 1312
	0 1312
4
	800 1280
	1056 1280
	1056 1312
	800 1312
4
	1248 1280
	1568 1280
	1568 1312
	1248 1312
4
	0 1312
	384 1312
	384 1344
	0 1344
4
	800 1312
	1056 1312
	1056 1344
	800 1344
4
	1248 1312
	1568 1312
	1568 1344
	1248 1344
4
	0 1344
	416 1344
	416 1376
	0 1376
4
	448 1344
	480 1344
	480 1376
	448 1376
4
	832 1344
	1056 1344
	1056 1376
	832 1376
4
	1216 1344
	1568 1344
	1568 1376
	1216 1376
4
	0 1376
	512 1376
	512 1408
	0 1408
4
	768 1376
	1056 1376
	1056 1408
	768 1408
4
	1184 1376
	1568 1376
	1568 1408
	1184 1408
4
	0 1408
	544 1408
	544 1440
	0 1440
4
	768 1408
	1056 1408
	1056 1440
	768 1440
4
	1280 1408
	1568 1408
	1568 1440
	1280 1440
4
	0 1440
	576 1440
	576 1472
	0 1472
4
	1280 1440
	1568 1440
	1568 1472
	1280 1472
4
	0 1472
	576 1472
	576 1504
	0 1504
4
	1280 1472
	1568 1472
	1568 1504
	1280 1504
4
	0 1504
	736 1504
	736 1536
	0 1536
4
	1216 1504
	1568 1504
	1568 1536
	1216 1536
4
	0 1536
	1568 1536
	1568 1568
	0 1568
4
	0 1568
	1568 1568
	1568 1600
	0 1600
4
	-32 -32
	1600 -32
	1600 0
	-32 0
4
	-32 1600
	1600 1600
	1600 1632
	-32 1632
4
	-32 0
	0 0
	0 1600
	-32 1600
4
	1568 0
	1600 0
	1600 1600
	1568 1600
