2004
4
	0 0
	9408 0
	9408 32
	0 32
4
	0 32
	9408 32
	9408 64
	0 64
4
	0 64
	9408 64
	9408 96
	0 96
4
	0 96
	9408 96
	9408 128
	0 128
4
	0 128
	1440 128
	1440 160
	0 160
4
	1472 128
	9408 128
	9408 160
	1472 160
4
	0 160
	1088 160
	1088 192
	0 192
4
	1152 160
	1440 160
	1440 192
	1152 192
4
	1536 160
	9408 160
	9408 192
	1536 192
4
	0 192
	1056 192
	1056 224
	0 224
4
	1152 192
	1440 192
	1440 224
	1152 224
4
	1536 192
	9408 192
	9408 224
	1536 224
4
	0 224
	1056 224
	1056 256
	0 256
4
	1152 224
	1440 224
	1440 256
	1152 256
4
	1632 224
	9408 224
	9408 256
	1632 256
4
	0 256
	960 256
	960 288
	0 288
4
	1152 256
	1440 256
	1440 288
	1152 288
4
	1568 256
	9408 256
	9408 288
	1568 288
4
	0 288
	960 288
	960 320
	0 320
4
	1152 288
	1440 288
	1440 320
	1152 320
4
	1568 288
	9408 288
	9408 320
	1568 320
4
	0 320
	960 320
	960 352
	0 352
4
	1184 320
	1408 320
	1408 352
	1184 352
4
	1504 320
	9408 320
	9408 352
	1504 352
4
	0 352
	960 352
	960 384
	0 384
4
	1056 352
	1152 352
	1152 384
	1056 384
4
	1248 352
	1376 352
	1376 384
	1248 384
4
	1504 352
	1600 352
	1600 384
	1504 384
4
	1632 352
	9408 352
	9408 384
	1632 384
4
	0 384
	832 384
	832 416
	0 416
4
	1056 384
	1152 384
	1152 416
	1056 416
4
	1728 384
	9408 384
	9408 416
	1728 416
4
	0 416
	832 416
	832 448
	0 448
4
	1728 416
	9408 416
	9408 448
	1728 448
4
	0 448
	864 448
	864 480
	0 480
4
	1728 448
	9408 448
	9408 480
	1728 480
4
	0 480
	864 480
	864 512
	0 512
4
	1696 480
	9408 480
	9408 512
	1696 512
4
	0 512
	896 512
	896 544
	0 544
4
	1696 512
	9408 512
	9408 544
	1696 544
4
	0 544
	896 544
	896 576
	0 576
4
	1696 544
	9408 544
	9408 576
	1696 576
4
	0 576
	864 576
	864 608
	0 608
4
	1728 576
	9408 576
	9408 608
	1728 608
4
	0 608
	832 608
	832 640
	0 640
4
	1728 608
	9408 608
	9408 640
	1728 640
4
	0 640
	832 640
	832 672
	0 672
4
	1728 640
	9408 640
	9408 672
	1728 672
4
	0 672
	960 672
	960 704
	0 704
4
	1632 672
	9408 672
	9408 704
	1632 704
4
	0 704
	960 704
	960 736
	0 736
4
	1632 704
	9408 704
	9408 736
	1632 736
4
	0 736
	1024 736
	1024 768
	0 768
4
	1536 736
	9408 736
	9408 768
	1536 768
4
	0 768
	1024 768
	1024 800
	0 800
4
	1536 768
	9408 768
	9408 800
	1536 800
4
	0 800
	1024 800
	1024 832
	0 832
4
	1536 800
	9408 800
	9408 832
	1536 832
4
	0 832
	1024 832
	1024 864
	0 864
4
	1536 832
	9408 832
	9408 864
	1536 864
4
	0 864
	1056 864
	1056 896
	0 896
4
	1504 864
	9408 864
	9408 896
	1504 896
4
	0 896
	1056 896
	1056 928
	0 928
4
	1504 896
	9408 896
	9408 928
	1504 928
4
	0 928
	1184 928
	1184 960
	0 960
4
	1376 928
	9408 928
	9408 960
	1376 960
4
	0 960
	1184 960
	1184 992
	0 992
4
	1376 960
	9408 960
	9408 992
	1376 992
4
	0 992
	1248 992
	1248 1024
	0 1024
4
	1344 992
	9408 992
	9408 1024
	1344 1024
4
	0 1024
	1248 1024
	1248 1056
	0 1056
4
	1344 1024
	9408 1024
	9408 1056
	1344 1056
4
	0 1056
	1248 1056
	1248 1088
	0 1088
4
	1344 1056
	9408 1056
	9408 1088
	1344 1088
4
	0 1088
	1216 1088
	1216 1120
	0 1120
4
	1376 1088
	9408 1088
	9408 1120
	1376 1120
4
	0 1120
	1216 1120
	1216 1152
	0 1152
4
	1344 1120
	9408 1120
	9408 1152
	1344 1152
4
	0 1152
	1216 1152
	1216 1184
	0 1184
4
	1344 1152
	9408 1152
	9408 1184
	1344 1184
4
	0 1184
	1056 1184
	1056 1216
	0 1216
4
	1120 1184
	1152 1184
	1152 1216
	1120 1216
4
	1408 1184
	1440 1184
	1440 1216
	1408 1216
4
	1504 1184
	9408 1184
	9408 1216
	1504 1216
4
	0 1216
	960 1216
	960 1248
	0 1248
4
	1632 1216
	9408 1216
	9408 1248
	1632 1248
4
	0 1248
	960 1248
	960 1280
	0 1280
4
	1632 1248
	9408 1248
	9408 1280
	1632 1280
4
	0 1280
	960 1280
	960 1312
	0 1312
4
	1632 1280
	9408 1280
	9408 1312
	1632 1312
4
	0 1312
	960 1312
	960 1344
	0 1344
4
	1632 1312
	9408 1312
	9408 1344
	1632 1344
4
	0 1344
	960 1344
	960 1376
	0 1376
4
	1632 1344
	9408 1344
	9408 1376
	1632 1376
4
	0 1376
	960 1376
	960 1408
	0 1408
4
	1632 1376
	9408 1376
	9408 1408
	1632 1408
4
	0 1408
	832 1408
	832 1440
	0 1440
4
	1728 1408
	9408 1408
	9408 1440
	1728 1440
4
	0 1440
	832 1440
	832 1472
	0 1472
4
	1728 1440
	9408 1440
	9408 1472
	1728 1472
4
	0 1472
	832 1472
	832 1504
	0 1504
4
	1696 1472
	9408 1472
	9408 1504
	1696 1504
4
	0 1504
	928 1504
	928 1536
	0 1536
4
	1696 1504
	9408 1504
	9408 1536
	1696 1536
4
	0 1536
	928 1536
	928 1568
	0 1568
4
	1696 1536
	9408 1536
	9408 1568
	1696 1568
4
	0 1568
	928 1568
	928 1600
	0 1600
4
	1696 1568
	9408 1568
	9408 1600
	1696 1600
4
	0 1600
	928 1600
	928 1632
	0 1632
4
	1696 1600
	9408 1600
	9408 1632
	1696 1632
4
	0 1632
	480 1632
	480 1664
	0 1664
4
	704 1632
	832 1632
	832 1664
	704 1664
4
	1728 1632
	1952 1632
	1952 1664
	1728 1664
4
	2080 1632
	2400 1632
	2400 1664
	2080 1664
4
	2464 1632
	3904 1632
	3904 1664
	2464 1664
4
	4000 1632
	4064 1632
	4064 1664
	4000 1664
4
	4288 1632
	9408 1632
	9408 1664
	4288 1664
4
	0 1664
	64 1664
	64 1696
	0 1696
4
	96 1664
	160 1664
	160 1696
	96 1696
4
	352 1664
	480 1664
	480 1696
	352 1696
4
	704 1664
	832 1664
	832 1696
	704 1696
4
	1728 1664
	1952 1664
	1952 1696
	1728 1696
4
	2336 1664
	2400 1664
	2400 1696
	2336 1696
4
	2464 1664
	3904 1664
	3904 1696
	2464 1696
4
	4000 1664
	4064 1664
	4064 1696
	4000 1696
4
	4160 1664
	4256 1664
	4256 1696
	4160 1696
4
	4288 1664
	9408 1664
	9408 1696
	4288 1696
4
	0 1696
	64 1696
	64 1728
	0 1728
4
	96 1696
	128 1696
	128 1728
	96 1728
4
	704 1696
	960 1696
	960 1728
	704 1728
4
	1600 1696
	1952 1696
	1952 1728
	1600 1728
4
	2464 1696
	3904 1696
	3904 1728
	2464 1728
4
	4160 1696
	4256 1696
	4256 1728
	4160 1728
4
	4320 1696
	9408 1696
	9408 1728
	4320 1728
4
	0 1728
	64 1728
	64 1760
	0 1760
4
	448 1728
	544 1728
	544 1760
	448 1760
4
	576 1728
	608 1728
	608 1760
	576 1760
4
	704 1728
	960 1728
	960 1760
	704 1760
4
	1600 1728
	1952 1728
	1952 1760
	1600 1760
4
	2464 1728
	3904 1728
	3904 1760
	2464 1760
4
	4160 1728
	4224 1728
	4224 1760
	4160 1760
4
	4320 1728
	9408 1728
	9408 1760
	4320 1760
4
	0 1760
	160 1760
	160 1792
	0 1792
4
	448 1760
	544 1760
	544 1792
	448 1792
4
	704 1760
	960 1760
	960 1792
	704 1792
4
	1568 1760
	1952 1760
	1952 1792
	1568 1792
4
	2432 1760
	3904 1760
	3904 1792
	2432 1792
4
	4320 1760
	9408 1760
	9408 1792
	4320 1792
4
	0 1792
	160 1792
	160 1824
	0 1824
4
	448 1792
	544 1792
	544 1824
	448 1824
4
	608 1792
	960 1792
	960 1824
	608 1824
4
	1568 1792
	1952 1792
	1952 1824
	1568 1824
4
	2432 1792
	3840 1792
	3840 1824
	2432 1824
4
	4352 1792
	9408 1792
	9408 1824
	4352 1824
4
	0 1824
	160 1824
	160 1856
	0 1856
4
	448 1824
	544 1824
	544 1856
	448 1856
4
	672 1824
	992 1824
	992 1856
	672 1856
4
	1568 1824
	1952 1824
	1952 1856
	1568 1856
4
	2208 1824
	3680 1824
	3680 1856
	2208 1856
4
	4512 1824
	9408 1824
	9408 1856
	4512 1856
4
	0 1856
	96 1856
	96 1888
	0 1888
4
	448 1856
	544 1856
	544 1888
	448 1888
4
	672 1856
	992 1856
	992 1888
	672 1888
4
	1568 1856
	1856 1856
	1856 1888
	1568 1888
4
	2176 1856
	3744 1856
	3744 1888
	2176 1888
4
	4511 1887
	4513 1887
	4513 1889
	4511 1889
4
	4512 1856
	9408 1856
	9408 1888
	4512 1888
4
	0 1888
	96 1888
	96 1920
	0 1920
4
	672 1888
	960 1888
	960 1920
	672 1920
4
	1600 1888
	1920 1888
	1920 1920
	1600 1920
4
	2176 1888
	3744 1888
	3744 1920
	2176 1920
4
	4448 1888
	4512 1888
	4512 1920
	4448 1920
4
	4544 1888
	9408 1888
	9408 1920
	4544 1920
4
	0 1920
	96 1920
	96 1952
	0 1952
4
	128 1920
	192 1920
	192 1952
	128 1952
4
	672 1920
	832 1920
	832 1952
	672 1952
4
	864 1920
	960 1920
	960 1952
	864 1952
4
	1728 1920
	1920 1920
	1920 1952
	1728 1952
4
	2176 1920
	3744 1920
	3744 1952
	2176 1952
4
	4448 1920
	4512 1920
	4512 1952
	4448 1952
4
	4544 1920
	9408 1920
	9408 1952
	4544 1952
4
	0 1952
	96 1952
	96 1984
	0 1984
4
	672 1952
	832 1952
	832 1984
	672 1984
4
	864 1952
	928 1952
	928 1984
	864 1984
4
	1728 1952
	1856 1952
	1856 1984
	1728 1984
4
	2176 1952
	3744 1952
	3744 1984
	2176 1984
4
	4448 1952
	4512 1952
	4512 1984
	4448 1984
4
	4544 1952
	9408 1952
	9408 1984
	4544 1984
4
	0 1984
	96 1984
	96 2016
	0 2016
4
	736 1984
	832 1984
	832 2016
	736 2016
4
	1728 1984
	1856 1984
	1856 2016
	1728 2016
4
	2176 1984
	3744 1984
	3744 2016
	2176 2016
4
	4544 1984
	7872 1984
	7872 2016
	4544 2016
4
	7936 1984
	8032 1984
	8032 2016
	7936 2016
4
	8096 1984
	9408 1984
	9408 2016
	8096 2016
4
	0 2016
	128 2016
	128 2048
	0 2048
4
	2208 2016
	3712 2016
	3712 2048
	2208 2048
4
	4544 2016
	7392 2016
	7392 2048
	4544 2048
4
	7584 2016
	7872 2016
	7872 2048
	7584 2048
4
	8096 2016
	8352 2016
	8352 2048
	8096 2048
4
	8512 2016
	9408 2016
	9408 2048
	8512 2048
4
	0 2048
	128 2048
	128 2080
	0 2080
4
	2496 2048
	3712 2048
	3712 2080
	2496 2080
4
	4448 2048
	4512 2048
	4512 2080
	4448 2080
4
	4544 2048
	7392 2048
	7392 2080
	4544 2080
4
	7616 2048
	7872 2048
	7872 2080
	7616 2080
4
	8096 2048
	8352 2048
	8352 2080
	8096 2080
4
	8512 2048
	9408 2048
	9408 2080
	8512 2080
4
	0 2080
	128 2080
	128 2112
	0 2112
4
	2496 2080
	3712 2080
	3712 2112
	2496 2112
4
	4448 2080
	4512 2080
	4512 2112
	4448 2112
4
	4544 2080
	7392 2080
	7392 2112
	4544 2112
4
	8512 2080
	9408 2080
	9408 2112
	8512 2112
4
	0 2112
	128 2112
	128 2144
	0 2144
4
	736 2112
	832 2112
	832 2144
	736 2144
4
	1728 2112
	1856 2112
	1856 2144
	1728 2144
4
	2496 2112
	3712 2112
	3712 2144
	2496 2144
4
	4544 2112
	7392 2112
	7392 2144
	4544 2144
4
	8512 2112
	9408 2112
	9408 2144
	8512 2144
4
	0 2144
	96 2144
	96 2176
	0 2176
4
	736 2144
	832 2144
	832 2176
	736 2176
4
	1728 2144
	1856 2144
	1856 2176
	1728 2176
4
	2496 2144
	3712 2144
	3712 2176
	2496 2176
4
	3808 2144
	3904 2144
	3904 2176
	3808 2176
4
	4320 2144
	4416 2144
	4416 2176
	4320 2176
4
	4544 2144
	7232 2144
	7232 2176
	4544 2176
4
	8672 2144
	9408 2144
	9408 2176
	8672 2176
4
	0 2176
	96 2176
	96 2208
	0 2208
4
	128 2176
	192 2176
	192 2208
	128 2208
4
	672 2176
	832 2176
	832 2208
	672 2208
4
	1728 2176
	1920 2176
	1920 2208
	1728 2208
4
	2496 2176
	3712 2176
	3712 2208
	2496 2208
4
	3808 2176
	3904 2176
	3904 2208
	3808 2208
4
	4320 2176
	4416 2176
	4416 2208
	4320 2208
4
	4544 2176
	7232 2176
	7232 2208
	4544 2208
4
	7936 2176
	8032 2176
	8032 2208
	7936 2208
4
	8672 2176
	9408 2176
	9408 2208
	8672 2208
4
	0 2208
	96 2208
	96 2240
	0 2240
4
	160 2208
	192 2208
	192 2240
	160 2240
4
	672 2208
	960 2208
	960 2240
	672 2240
4
	1632 2208
	1920 2208
	1920 2240
	1632 2240
4
	2432 2208
	3904 2208
	3904 2240
	2432 2240
4
	4320 2208
	7232 2208
	7232 2240
	4320 2240
4
	7936 2208
	8032 2208
	8032 2240
	7936 2240
4
	8640 2208
	9408 2208
	9408 2240
	8640 2240
4
	0 2240
	96 2240
	96 2272
	0 2272
4
	736 2240
	960 2240
	960 2272
	736 2272
4
	1632 2240
	1856 2240
	1856 2272
	1632 2272
4
	2432 2240
	3904 2240
	3904 2272
	2432 2272
4
	4320 2240
	7232 2240
	7232 2272
	4320 2272
4
	7264 2240
	7296 2240
	7296 2272
	7264 2272
4
	7936 2240
	8032 2240
	8032 2272
	7936 2272
4
	8608 2240
	9408 2240
	9408 2272
	8608 2272
4
	0 2272
	128 2272
	128 2304
	0 2304
4
	448 2272
	544 2272
	544 2304
	448 2304
4
	640 2272
	960 2272
	960 2304
	640 2304
4
	1632 2272
	1952 2272
	1952 2304
	1632 2304
4
	2432 2272
	3904 2272
	3904 2304
	2432 2304
4
	4320 2272
	7328 2272
	7328 2304
	4320 2304
4
	8608 2272
	9408 2272
	9408 2304
	8608 2304
4
	0 2304
	128 2304
	128 2336
	0 2336
4
	352 2304
	544 2304
	544 2336
	352 2336
4
	640 2304
	960 2304
	960 2336
	640 2336
4
	1632 2304
	1952 2304
	1952 2336
	1632 2336
4
	2432 2304
	3904 2304
	3904 2336
	2432 2336
4
	4320 2304
	7232 2304
	7232 2336
	4320 2336
4
	8640 2304
	9408 2304
	9408 2336
	8640 2336
4
	0 2336
	128 2336
	128 2368
	0 2368
4
	288 2336
	544 2336
	544 2368
	288 2368
4
	640 2336
	960 2336
	960 2368
	640 2368
4
	1632 2336
	1952 2336
	1952 2368
	1632 2368
4
	2432 2336
	3904 2336
	3904 2368
	2432 2368
4
	4320 2336
	7232 2336
	7232 2368
	4320 2368
4
	8640 2336
	9408 2336
	9408 2368
	8640 2368
4
	0 2368
	128 2368
	128 2400
	0 2400
4
	288 2368
	512 2368
	512 2400
	288 2400
4
	640 2368
	1024 2368
	1024 2400
	640 2400
4
	1568 2368
	1856 2368
	1856 2400
	1568 2400
4
	2496 2368
	3840 2368
	3840 2400
	2496 2400
4
	4352 2368
	7392 2368
	7392 2400
	4352 2400
4
	7616 2368
	7744 2368
	7744 2400
	7616 2400
4
	8288 2368
	8352 2368
	8352 2400
	8288 2400
4
	8512 2368
	9408 2368
	9408 2400
	8512 2400
4
	0 2400
	128 2400
	128 2432
	0 2432
4
	288 2400
	512 2400
	512 2432
	288 2432
4
	640 2400
	1056 2400
	1056 2432
	640 2432
4
	1504 2400
	1920 2400
	1920 2432
	1504 2432
4
	2464 2400
	3680 2400
	3680 2432
	2464 2432
4
	4448 2400
	7392 2400
	7392 2432
	4448 2432
4
	7616 2400
	7840 2400
	7840 2432
	7616 2432
4
	8128 2400
	8352 2400
	8352 2432
	8128 2432
4
	8512 2400
	9408 2400
	9408 2432
	8512 2432
4
	0 2432
	128 2432
	128 2464
	0 2464
4
	288 2432
	512 2432
	512 2464
	288 2464
4
	640 2432
	1152 2432
	1152 2464
	640 2464
4
	1440 2432
	1952 2432
	1952 2464
	1440 2464
4
	2464 2432
	3680 2432
	3680 2464
	2464 2464
4
	4448 2432
	7392 2432
	7392 2464
	4448 2464
4
	7712 2432
	7840 2432
	7840 2464
	7712 2464
4
	8128 2432
	8288 2432
	8288 2464
	8128 2464
4
	8512 2432
	9408 2432
	9408 2464
	8512 2464
4
	0 2464
	224 2464
	224 2496
	0 2496
4
	288 2464
	512 2464
	512 2496
	288 2496
4
	576 2464
	1184 2464
	1184 2496
	576 2496
4
	1408 2464
	1984 2464
	1984 2496
	1408 2496
4
	2304 2464
	2400 2464
	2400 2496
	2304 2496
4
	2464 2464
	3680 2464
	3680 2496
	2464 2496
4
	4448 2464
	4512 2464
	4512 2496
	4448 2496
4
	4544 2464
	7488 2464
	7488 2496
	4544 2496
4
	8384 2464
	9408 2464
	9408 2496
	8384 2496
4
	0 2496
	1184 2496
	1184 2528
	0 2528
4
	1376 2496
	2112 2496
	2112 2528
	1376 2528
4
	2304 2496
	2400 2496
	2400 2528
	2304 2528
4
	2496 2496
	3680 2496
	3680 2528
	2496 2528
4
	4544 2496
	7488 2496
	7488 2528
	4544 2528
4
	7680 2496
	7808 2496
	7808 2528
	7680 2528
4
	8384 2496
	9408 2496
	9408 2528
	8384 2528
4
	0 2528
	1248 2528
	1248 2560
	0 2560
4
	1344 2528
	3680 2528
	3680 2560
	1344 2560
4
	4512 2528
	7488 2528
	7488 2560
	4512 2560
4
	7584 2528
	7808 2528
	7808 2560
	7584 2560
4
	8128 2528
	8352 2528
	8352 2560
	8128 2560
4
	8384 2528
	9408 2528
	9408 2560
	8384 2560
4
	0 2560
	1248 2560
	1248 2592
	0 2592
4
	1344 2560
	3680 2560
	3680 2592
	1344 2592
4
	4512 2560
	7392 2560
	7392 2592
	4512 2592
4
	7584 2560
	7680 2560
	7680 2592
	7584 2592
4
	8128 2560
	8352 2560
	8352 2592
	8128 2592
4
	8512 2560
	9408 2560
	9408 2592
	8512 2592
4
	0 2592
	1248 2592
	1248 2624
	0 2624
4
	1344 2592
	3680 2592
	3680 2624
	1344 2624
4
	4544 2592
	7392 2592
	7392 2624
	4544 2624
4
	8512 2592
	9408 2592
	9408 2624
	8512 2624
4
	0 2624
	1152 2624
	1152 2656
	0 2656
4
	1440 2624
	3680 2624
	3680 2656
	1440 2656
4
	4448 2624
	7392 2624
	7392 2656
	4448 2656
4
	7584 2624
	7712 2624
	7712 2656
	7584 2656
4
	8512 2624
	9408 2624
	9408 2656
	8512 2656
4
	0 2656
	384 2656
	384 2688
	0 2688
4
	480 2656
	1152 2656
	1152 2688
	480 2688
4
	1440 2656
	1920 2656
	1920 2688
	1440 2688
4
	2016 2656
	3680 2656
	3680 2688
	2016 2688
4
	4448 2656
	4768 2656
	4768 2688
	4448 2688
4
	4832 2656
	7232 2656
	7232 2688
	4832 2688
4
	7584 2656
	7808 2656
	7808 2688
	7584 2688
4
	8160 2656
	8384 2656
	8384 2688
	8160 2688
4
	8672 2656
	9408 2656
	9408 2688
	8672 2688
4
	0 2688
	384 2688
	384 2720
	0 2720
4
	576 2688
	1152 2688
	1152 2720
	576 2720
4
	1440 2688
	1920 2688
	1920 2720
	1440 2720
4
	2016 2688
	3680 2688
	3680 2720
	2016 2720
4
	4448 2688
	4704 2688
	4704 2720
	4448 2720
4
	4896 2688
	7232 2688
	7232 2720
	4896 2720
4
	7680 2688
	7808 2688
	7808 2720
	7680 2720
4
	8160 2688
	8384 2688
	8384 2720
	8160 2720
4
	8640 2688
	9408 2688
	9408 2720
	8640 2720
4
	0 2720
	384 2720
	384 2752
	0 2752
4
	672 2720
	1056 2720
	1056 2752
	672 2752
4
	1504 2720
	1920 2720
	1920 2752
	1504 2752
4
	2016 2720
	3712 2720
	3712 2752
	2016 2752
4
	3808 2720
	3904 2720
	3904 2752
	3808 2752
4
	4320 2720
	4416 2720
	4416 2752
	4320 2752
4
	4544 2720
	4672 2720
	4672 2752
	4544 2752
4
	4928 2720
	7296 2720
	7296 2752
	4928 2752
4
	8608 2720
	9408 2720
	9408 2752
	8608 2752
4
	0 2752
	384 2752
	384 2784
	0 2784
4
	640 2752
	960 2752
	960 2784
	640 2784
4
	1632 2752
	1920 2752
	1920 2784
	1632 2784
4
	2016 2752
	3712 2752
	3712 2784
	2016 2784
4
	3808 2752
	3904 2752
	3904 2784
	3808 2784
4
	4320 2752
	4416 2752
	4416 2784
	4320 2784
4
	4480 2752
	4672 2752
	4672 2784
	4480 2784
4
	4928 2752
	7296 2752
	7296 2784
	4928 2784
4
	7616 2752
	7840 2752
	7840 2784
	7616 2784
4
	8128 2752
	8256 2752
	8256 2784
	8128 2784
4
	8608 2752
	9408 2752
	9408 2784
	8608 2784
4
	0 2784
	384 2784
	384 2816
	0 2816
4
	672 2784
	960 2784
	960 2816
	672 2816
4
	1632 2784
	1920 2784
	1920 2816
	1632 2816
4
	2048 2784
	4064 2784
	4064 2816
	2048 2816
4
	4160 2784
	4672 2784
	4672 2816
	4160 2816
4
	4960 2784
	7232 2784
	7232 2816
	4960 2816
4
	7616 2784
	7840 2784
	7840 2816
	7616 2816
4
	8128 2784
	8352 2784
	8352 2816
	8128 2816
4
	8640 2784
	9408 2784
	9408 2816
	8640 2816
4
	0 2816
	384 2816
	384 2848
	0 2848
4
	672 2816
	960 2816
	960 2848
	672 2848
4
	1632 2816
	1888 2816
	1888 2848
	1632 2848
4
	2176 2816
	4064 2816
	4064 2848
	2176 2848
4
	4160 2816
	4800 2816
	4800 2848
	4160 2848
4
	4992 2816
	7232 2816
	7232 2848
	4992 2848
4
	8224 2816
	8352 2816
	8352 2848
	8224 2848
4
	8640 2816
	9408 2816
	9408 2848
	8640 2848
4
	0 2848
	544 2848
	544 2880
	0 2880
4
	672 2848
	960 2848
	960 2880
	672 2880
4
	1632 2848
	1888 2848
	1888 2880
	1632 2880
4
	2176 2848
	4064 2848
	4064 2880
	2176 2880
4
	4160 2848
	4800 2848
	4800 2880
	4160 2880
4
	4992 2848
	7392 2848
	7392 2880
	4992 2880
4
	8512 2848
	9408 2848
	9408 2880
	8512 2880
4
	0 2880
	544 2880
	544 2912
	0 2912
4
	672 2880
	960 2880
	960 2912
	672 2912
4
	1632 2880
	1856 2880
	1856 2912
	1632 2912
4
	2240 2880
	4064 2880
	4064 2912
	2240 2912
4
	4160 2880
	4800 2880
	4800 2912
	4160 2912
4
	5024 2880
	7392 2880
	7392 2912
	5024 2912
4
	8512 2880
	9408 2880
	9408 2912
	8512 2912
4
	0 2912
	544 2912
	544 2944
	0 2944
4
	736 2912
	960 2912
	960 2944
	736 2944
4
	1632 2912
	1856 2912
	1856 2944
	1632 2944
4
	2208 2912
	2624 2912
	2624 2944
	2208 2944
4
	2656 2912
	3392 2912
	3392 2944
	2656 2944
4
	3488 2912
	4064 2912
	4064 2944
	3488 2944
4
	4352 2912
	4800 2912
	4800 2944
	4352 2944
4
	5056 2912
	7392 2912
	7392 2944
	5056 2944
4
	7424 2912
	7520 2912
	7520 2944
	7424 2944
4
	8512 2912
	9408 2912
	9408 2944
	8512 2944
4
	0 2944
	544 2944
	544 2976
	0 2976
4
	736 2944
	832 2944
	832 2976
	736 2976
4
	1728 2944
	1856 2944
	1856 2976
	1728 2976
4
	2176 2944
	2624 2944
	2624 2976
	2176 2976
4
	2784 2944
	3008 2944
	3008 2976
	2784 2976
4
	3168 2944
	3392 2944
	3392 2976
	3168 2976
4
	3488 2944
	4032 2944
	4032 2976
	3488 2976
4
	4448 2944
	4800 2944
	4800 2976
	4448 2976
4
	5056 2944
	7392 2944
	7392 2976
	5056 2976
4
	7424 2944
	7552 2944
	7552 2976
	7424 2976
4
	8352 2944
	8448 2944
	8448 2976
	8352 2976
4
	8512 2944
	9408 2944
	9408 2976
	8512 2976
4
	0 2976
	544 2976
	544 3008
	0 3008
4
	736 2976
	832 2976
	832 3008
	736 3008
4
	1728 2976
	1856 2976
	1856 3008
	1728 3008
4
	2176 2976
	2624 2976
	2624 3008
	2176 3008
4
	2784 2976
	3008 2976
	3008 3008
	2784 3008
4
	3296 2976
	3392 2976
	3392 3008
	3296 3008
4
	3488 2976
	3840 2976
	3840 3008
	3488 3008
4
	3904 2976
	4000 2976
	4000 3008
	3904 3008
4
	4480 2976
	4800 2976
	4800 3008
	4480 3008
4
	5056 2976
	7840 2976
	7840 3008
	5056 3008
4
	8064 2976
	9408 2976
	9408 3008
	8064 3008
4
	0 3008
	544 3008
	544 3040
	0 3040
4
	736 3008
	832 3008
	832 3040
	736 3040
4
	1728 3008
	1856 3008
	1856 3040
	1728 3040
4
	2176 3008
	2624 3008
	2624 3040
	2176 3040
4
	2784 3008
	2880 3008
	2880 3040
	2784 3040
4
	3200 3008
	3264 3008
	3264 3040
	3200 3040
4
	3296 3008
	3392 3008
	3392 3040
	3296 3040
4
	3488 3008
	3776 3008
	3776 3040
	3488 3040
4
	4544 3008
	4800 3008
	4800 3040
	4544 3040
4
	5056 3008
	7840 3008
	7840 3040
	5056 3040
4
	8064 3008
	9408 3008
	9408 3040
	8064 3040
4
	0 3040
	544 3040
	544 3072
	0 3072
4
	2176 3040
	2688 3040
	2688 3072
	2176 3072
4
	2752 3040
	2880 3040
	2880 3072
	2752 3072
4
	3232 3040
	3392 3040
	3392 3072
	3232 3072
4
	3488 3040
	3680 3040
	3680 3072
	3488 3072
4
	4512 3040
	4800 3040
	4800 3072
	4512 3072
4
	5056 3040
	7904 3040
	7904 3072
	5056 3072
4
	8000 3040
	9408 3040
	9408 3072
	8000 3072
4
	0 3072
	416 3072
	416 3104
	0 3104
4
	2176 3072
	2688 3072
	2688 3104
	2176 3104
4
	2752 3072
	2880 3072
	2880 3104
	2752 3104
4
	3264 3072
	3392 3072
	3392 3104
	3264 3104
4
	3488 3072
	3680 3072
	3680 3104
	3488 3104
4
	4512 3072
	4800 3072
	4800 3104
	4512 3104
4
	5056 3072
	7904 3072
	7904 3104
	5056 3104
4
	8000 3072
	9408 3072
	9408 3104
	8000 3104
4
	0 3104
	416 3104
	416 3136
	0 3136
4
	2144 3104
	2688 3104
	2688 3136
	2144 3136
4
	2752 3104
	2880 3104
	2880 3136
	2752 3136
4
	2944 3104
	3008 3104
	3008 3136
	2944 3136
4
	3264 3104
	3392 3104
	3392 3136
	3264 3136
4
	3488 3104
	3680 3104
	3680 3136
	3488 3136
4
	4512 3104
	4832 3104
	4832 3136
	4512 3136
4
	5056 3104
	7904 3104
	7904 3136
	5056 3136
4
	8000 3104
	9408 3104
	9408 3136
	8000 3136
4
	0 3136
	544 3136
	544 3168
	0 3168
4
	736 3136
	832 3136
	832 3168
	736 3168
4
	1728 3136
	1856 3136
	1856 3168
	1728 3168
4
	2144 3136
	2208 3136
	2208 3168
	2144 3168
4
	2240 3136
	2688 3136
	2688 3168
	2240 3168
4
	2752 3136
	3072 3136
	3072 3168
	2752 3168
4
	3264 3136
	3392 3136
	3392 3168
	3264 3168
4
	3488 3136
	3680 3136
	3680 3168
	3488 3168
4
	4448 3136
	4544 3136
	4544 3168
	4448 3168
4
	4576 3136
	4832 3136
	4832 3168
	4576 3168
4
	5056 3136
	7744 3136
	7744 3168
	5056 3168
4
	8128 3136
	9408 3136
	9408 3168
	8128 3168
4
	0 3168
	544 3168
	544 3200
	0 3200
4
	736 3168
	832 3168
	832 3200
	736 3200
4
	1728 3168
	1856 3168
	1856 3200
	1728 3200
4
	2240 3168
	2688 3168
	2688 3200
	2240 3200
4
	2784 3168
	3072 3168
	3072 3200
	2784 3200
4
	3488 3168
	3712 3168
	3712 3200
	3488 3200
4
	4480 3168
	4544 3168
	4544 3200
	4480 3200
4
	4576 3168
	4832 3168
	4832 3200
	4576 3200
4
	5056 3168
	7744 3168
	7744 3200
	5056 3200
4
	8128 3168
	9408 3168
	9408 3200
	8128 3200
4
	0 3200
	544 3200
	544 3232
	0 3232
4
	736 3200
	832 3200
	832 3232
	736 3232
4
	1728 3200
	1856 3200
	1856 3232
	1728 3232
4
	2240 3200
	2688 3200
	2688 3232
	2240 3232
4
	2784 3200
	3072 3200
	3072 3232
	2784 3232
4
	3488 3200
	3712 3200
	3712 3232
	3488 3232
4
	4480 3200
	4544 3200
	4544 3232
	4480 3232
4
	4576 3200
	4768 3200
	4768 3232
	4576 3232
4
	5056 3200
	7744 3200
	7744 3232
	5056 3232
4
	8128 3200
	9408 3200
	9408 3232
	8128 3232
4
	0 3232
	544 3232
	544 3264
	0 3264
4
	736 3232
	960 3232
	960 3264
	736 3264
4
	1632 3232
	1856 3232
	1856 3264
	1632 3264
4
	2240 3232
	2688 3232
	2688 3264
	2240 3264
4
	2784 3232
	3072 3232
	3072 3264
	2784 3264
4
	3456 3232
	3712 3232
	3712 3264
	3456 3264
4
	4576 3232
	4672 3232
	4672 3264
	4576 3264
4
	5056 3232
	7744 3232
	7744 3264
	5056 3264
4
	8128 3232
	9408 3232
	9408 3264
	8128 3264
4
	0 3264
	544 3264
	544 3296
	0 3296
4
	736 3264
	960 3264
	960 3296
	736 3296
4
	1632 3264
	1856 3264
	1856 3296
	1632 3296
4
	2144 3264
	2176 3264
	2176 3296
	2144 3296
4
	2240 3264
	2688 3264
	2688 3296
	2240 3296
4
	3392 3264
	3680 3264
	3680 3296
	3392 3296
4
	3936 3264
	4000 3264
	4000 3296
	3936 3296
4
	4576 3264
	4672 3264
	4672 3296
	4576 3296
4
	5056 3264
	7744 3264
	7744 3296
	5056 3296
4
	8128 3264
	9408 3264
	9408 3296
	8128 3296
4
	0 3296
	544 3296
	544 3328
	0 3328
4
	672 3296
	960 3296
	960 3328
	672 3328
4
	1632 3296
	1888 3296
	1888 3328
	1632 3328
4
	2144 3296
	2656 3296
	2656 3328
	2144 3328
4
	3392 3296
	3712 3296
	3712 3328
	3392 3328
4
	3904 3296
	4064 3296
	4064 3328
	3904 3328
4
	5056 3296
	7744 3296
	7744 3328
	5056 3328
4
	8128 3296
	9408 3296
	9408 3328
	8128 3328
4
	0 3328
	384 3328
	384 3360
	0 3360
4
	672 3328
	960 3328
	960 3360
	672 3360
4
	1632 3328
	2048 3328
	2048 3360
	1632 3360
4
	2176 3328
	2656 3328
	2656 3360
	2176 3360
4
	3392 3328
	3712 3328
	3712 3360
	3392 3360
4
	3904 3328
	4064 3328
	4064 3360
	3904 3360
4
	5056 3328
	7744 3328
	7744 3360
	5056 3360
4
	8128 3328
	9408 3328
	9408 3360
	8128 3360
4
	0 3360
	448 3360
	448 3392
	0 3392
4
	672 3360
	960 3360
	960 3392
	672 3392
4
	1632 3360
	2048 3360
	2048 3392
	1632 3392
4
	2176 3360
	2720 3360
	2720 3392
	2176 3392
4
	3392 3360
	3712 3360
	3712 3392
	3392 3392
4
	3904 3360
	4064 3360
	4064 3392
	3904 3392
4
	5056 3360
	7744 3360
	7744 3392
	5056 3392
4
	8128 3360
	9408 3360
	9408 3392
	8128 3392
4
	0 3392
	448 3392
	448 3424
	0 3424
4
	672 3392
	960 3392
	960 3424
	672 3424
4
	1632 3392
	2048 3392
	2048 3424
	1632 3424
4
	2208 3392
	2720 3392
	2720 3424
	2208 3424
4
	3456 3392
	3712 3392
	3712 3424
	3456 3424
4
	3904 3392
	4064 3392
	4064 3424
	3904 3424
4
	4576 3392
	4672 3392
	4672 3424
	4576 3424
4
	5056 3392
	7744 3392
	7744 3424
	5056 3424
4
	8128 3392
	9408 3392
	9408 3424
	8128 3424
4
	0 3424
	448 3424
	448 3456
	0 3456
4
	704 3424
	1056 3424
	1056 3456
	704 3456
4
	1504 3424
	2048 3424
	2048 3456
	1504 3456
4
	2208 3424
	2752 3424
	2752 3456
	2208 3456
4
	3488 3424
	3680 3424
	3680 3456
	3488 3456
4
	3936 3424
	4000 3424
	4000 3456
	3936 3456
4
	4576 3424
	4672 3424
	4672 3456
	4576 3456
4
	5056 3424
	5792 3424
	5792 3456
	5056 3456
4
	5888 3424
	6048 3424
	6048 3456
	5888 3456
4
	6272 3424
	7744 3424
	7744 3456
	6272 3456
4
	8128 3424
	9408 3424
	9408 3456
	8128 3456
4
	0 3456
	448 3456
	448 3488
	0 3488
4
	704 3456
	1152 3456
	1152 3488
	704 3488
4
	1440 3456
	2048 3456
	2048 3488
	1440 3488
4
	2208 3456
	2752 3456
	2752 3488
	2208 3488
4
	3488 3456
	3680 3456
	3680 3488
	3488 3488
4
	3872 3456
	4064 3456
	4064 3488
	3872 3488
4
	4512 3456
	4672 3456
	4672 3488
	4512 3488
4
	5056 3456
	5792 3456
	5792 3488
	5056 3488
4
	5888 3456
	6048 3456
	6048 3488
	5888 3488
4
	6304 3456
	7744 3456
	7744 3488
	6304 3488
4
	8128 3456
	9408 3456
	9408 3488
	8128 3488
4
	0 3488
	448 3488
	448 3520
	0 3520
4
	640 3488
	1152 3488
	1152 3520
	640 3520
4
	1440 3488
	2048 3488
	2048 3520
	1440 3520
4
	2208 3488
	2720 3488
	2720 3520
	2208 3520
4
	3488 3488
	3712 3488
	3712 3520
	3488 3520
4
	3872 3488
	4064 3488
	4064 3520
	3872 3520
4
	4480 3488
	4672 3488
	4672 3520
	4480 3520
4
	5056 3488
	5760 3488
	5760 3520
	5056 3520
4
	5888 3488
	6048 3488
	6048 3520
	5888 3520
4
	6240 3488
	6272 3488
	6272 3520
	6240 3520
4
	6368 3488
	7840 3488
	7840 3520
	6368 3520
4
	8032 3488
	9408 3488
	9408 3520
	8032 3520
4
	0 3520
	1152 3520
	1152 3552
	0 3552
4
	1440 3520
	2144 3520
	2144 3552
	1440 3552
4
	2208 3520
	2720 3520
	2720 3552
	2208 3552
4
	2784 3520
	2880 3520
	2880 3552
	2784 3552
4
	3296 3520
	3392 3520
	3392 3552
	3296 3552
4
	3488 3520
	3744 3520
	3744 3552
	3488 3552
4
	3872 3520
	4064 3520
	4064 3552
	3872 3552
4
	4480 3520
	4672 3520
	4672 3552
	4480 3552
4
	5056 3520
	5728 3520
	5728 3552
	5056 3552
4
	6240 3520
	6272 3520
	6272 3552
	6240 3552
4
	6368 3520
	7840 3520
	7840 3552
	6368 3552
4
	8032 3520
	9408 3520
	9408 3552
	8032 3552
4
	0 3552
	1248 3552
	1248 3584
	0 3584
4
	1344 3552
	3040 3552
	3040 3584
	1344 3584
4
	3136 3552
	3744 3552
	3744 3584
	3136 3584
4
	3872 3552
	4064 3552
	4064 3584
	3872 3584
4
	4512 3552
	4704 3552
	4704 3584
	4512 3584
4
	5056 3552
	5760 3552
	5760 3584
	5056 3584
4
	6240 3552
	6272 3552
	6272 3584
	6240 3584
4
	6368 3552
	7840 3552
	7840 3584
	6368 3584
4
	8032 3552
	9408 3552
	9408 3584
	8032 3584
4
	0 3584
	1248 3584
	1248 3616
	0 3616
4
	1344 3584
	3040 3584
	3040 3616
	1344 3616
4
	3136 3584
	3744 3584
	3744 3616
	3136 3616
4
	3872 3584
	4064 3584
	4064 3616
	3872 3616
4
	4512 3584
	4704 3584
	4704 3616
	4512 3616
4
	5056 3584
	5536 3584
	5536 3616
	5056 3616
4
	5568 3584
	5760 3584
	5760 3616
	5568 3616
4
	6368 3584
	7776 3584
	7776 3616
	6368 3616
4
	8128 3584
	9408 3584
	9408 3616
	8128 3616
4
	0 3616
	1248 3616
	1248 3648
	0 3648
4
	1344 3616
	3040 3616
	3040 3648
	1344 3648
4
	3136 3616
	3712 3616
	3712 3648
	3136 3648
4
	3872 3616
	4064 3616
	4064 3648
	3872 3648
4
	4512 3616
	4672 3616
	4672 3648
	4512 3648
4
	5056 3616
	5536 3616
	5536 3648
	5056 3648
4
	5600 3616
	5728 3616
	5728 3648
	5600 3648
4
	6400 3616
	6496 3616
	6496 3648
	6400 3648
4
	6528 3616
	7776 3616
	7776 3648
	6528 3648
4
	8128 3616
	9408 3616
	9408 3648
	8128 3648
4
	0 3648
	1248 3648
	1248 3680
	0 3680
4
	1344 3648
	1376 3648
	1376 3680
	1344 3680
4
	1408 3648
	2880 3648
	2880 3680
	1408 3680
4
	3232 3648
	3680 3648
	3680 3680
	3232 3680
4
	3872 3648
	4064 3648
	4064 3680
	3872 3680
4
	4480 3648
	4672 3648
	4672 3680
	4480 3680
4
	5056 3648
	5536 3648
	5536 3680
	5056 3680
4
	5664 3648
	5696 3648
	5696 3680
	5664 3680
4
	6432 3648
	6496 3648
	6496 3680
	6432 3680
4
	6528 3648
	7776 3648
	7776 3680
	6528 3680
4
	8128 3648
	9408 3648
	9408 3680
	8128 3680
4
	0 3680
	1184 3680
	1184 3712
	0 3712
4
	1408 3680
	1920 3680
	1920 3712
	1408 3712
4
	2112 3680
	2336 3680
	2336 3712
	2112 3712
4
	2496 3680
	2624 3680
	2624 3712
	2496 3712
4
	2752 3680
	2880 3680
	2880 3712
	2752 3712
4
	3296 3680
	3712 3680
	3712 3712
	3296 3712
4
	3936 3680
	4000 3680
	4000 3712
	3936 3712
4
	4480 3680
	4672 3680
	4672 3712
	4480 3712
4
	5056 3680
	5504 3680
	5504 3712
	5056 3712
4
	6528 3680
	7776 3680
	7776 3712
	6528 3712
4
	8128 3680
	9408 3680
	9408 3712
	8128 3712
4
	0 3712
	1088 3712
	1088 3744
	0 3744
4
	1472 3712
	1920 3712
	1920 3744
	1472 3744
4
	2528 3712
	2592 3712
	2592 3744
	2528 3744
4
	2752 3712
	2912 3712
	2912 3744
	2752 3744
4
	3296 3712
	3712 3712
	3712 3744
	3296 3744
4
	3775 3743
	3777 3743
	3777 3745
	3775 3745
4
	3744 3712
	3776 3712
	3776 3744
	3744 3744
4
	4064 3712
	4160 3712
	4160 3744
	4064 3744
4
	4384 3712
	4672 3712
	4672 3744
	4384 3744
4
	5056 3712
	5504 3712
	5504 3744
	5056 3744
4
	6400 3712
	6432 3712
	6432 3744
	6400 3744
4
	6560 3712
	7776 3712
	7776 3744
	6560 3744
4
	8128 3712
	9408 3712
	9408 3744
	8128 3744
4
	0 3744
	1088 3744
	1088 3776
	0 3776
4
	1472 3744
	1920 3744
	1920 3776
	1472 3776
4
	2336 3744
	2496 3744
	2496 3776
	2336 3776
4
	2752 3744
	2880 3744
	2880 3776
	2752 3776
4
	3296 3744
	3712 3744
	3712 3776
	3296 3776
4
	3776 3744
	3808 3744
	3808 3776
	3776 3776
4
	3968 3744
	4160 3744
	4160 3776
	3968 3776
4
	4192 3744
	4672 3744
	4672 3776
	4192 3776
4
	5056 3744
	5504 3744
	5504 3776
	5056 3776
4
	6368 3744
	6464 3744
	6464 3776
	6368 3776
4
	6560 3744
	7776 3744
	7776 3776
	6560 3776
4
	8128 3744
	9408 3744
	9408 3776
	8128 3776
4
	0 3776
	1088 3776
	1088 3808
	0 3808
4
	1472 3776
	1920 3776
	1920 3808
	1472 3808
4
	2336 3776
	2496 3776
	2496 3808
	2336 3808
4
	2784 3776
	2880 3776
	2880 3808
	2784 3808
4
	3296 3776
	4160 3776
	4160 3808
	3296 3808
4
	4192 3776
	4672 3776
	4672 3808
	4192 3808
4
	5056 3776
	5536 3776
	5536 3808
	5056 3808
4
	6336 3776
	6496 3776
	6496 3808
	6336 3808
4
	6560 3776
	7776 3776
	7776 3808
	6560 3808
4
	8128 3776
	9408 3776
	9408 3808
	8128 3808
4
	0 3808
	1088 3808
	1088 3840
	0 3840
4
	1472 3808
	1920 3808
	1920 3840
	1472 3840
4
	1984 3808
	2112 3808
	2112 3840
	1984 3840
4
	2368 3808
	2496 3808
	2496 3840
	2368 3840
4
	2784 3808
	2880 3808
	2880 3840
	2784 3840
4
	3296 3808
	4672 3808
	4672 3840
	3296 3840
4
	5056 3808
	5536 3808
	5536 3840
	5056 3840
4
	5664 3808
	5696 3808
	5696 3840
	5664 3840
4
	6304 3808
	6496 3808
	6496 3840
	6304 3840
4
	6560 3808
	7776 3808
	7776 3840
	6560 3840
4
	8128 3808
	9408 3808
	9408 3840
	8128 3840
4
	0 3840
	1088 3840
	1088 3872
	0 3872
4
	1472 3840
	1920 3840
	1920 3872
	1472 3872
4
	1952 3840
	2144 3840
	2144 3872
	1952 3872
4
	2368 3840
	2464 3840
	2464 3872
	2368 3872
4
	2720 3840
	2912 3840
	2912 3872
	2720 3872
4
	3296 3840
	4672 3840
	4672 3872
	3296 3872
4
	5056 3840
	5536 3840
	5536 3872
	5056 3872
4
	5632 3840
	5728 3840
	5728 3872
	5632 3872
4
	6272 3840
	6496 3840
	6496 3872
	6272 3872
4
	6528 3840
	7776 3840
	7776 3872
	6528 3872
4
	8128 3840
	9408 3840
	9408 3872
	8128 3872
4
	0 3872
	1088 3872
	1088 3904
	0 3904
4
	1472 3872
	1920 3872
	1920 3904
	1472 3904
4
	2016 3872
	2112 3872
	2112 3904
	2016 3904
4
	2368 3872
	2464 3872
	2464 3904
	2368 3904
4
	2720 3872
	2912 3872
	2912 3904
	2720 3904
4
	3296 3872
	4672 3872
	4672 3904
	3296 3904
4
	5056 3872
	5536 3872
	5536 3904
	5056 3904
4
	5600 3872
	5760 3872
	5760 3904
	5600 3904
4
	6304 3872
	7744 3872
	7744 3904
	6304 3904
4
	8128 3872
	9408 3872
	9408 3904
	8128 3904
4
	0 3904
	1184 3904
	1184 3936
	0 3936
4
	1408 3904
	1920 3904
	1920 3936
	1408 3936
4
	2016 3904
	2112 3904
	2112 3936
	2016 3936
4
	2368 3904
	2464 3904
	2464 3936
	2368 3936
4
	2720 3904
	2912 3904
	2912 3936
	2720 3936
4
	3296 3904
	4672 3904
	4672 3936
	3296 3936
4
	5056 3904
	5760 3904
	5760 3936
	5056 3936
4
	6336 3904
	7712 3904
	7712 3936
	6336 3936
4
	8128 3904
	9408 3904
	9408 3936
	8128 3936
4
	0 3936
	1184 3936
	1184 3968
	0 3968
4
	1408 3936
	1920 3936
	1920 3968
	1408 3968
4
	1952 3936
	2144 3936
	2144 3968
	1952 3968
4
	2368 3936
	2464 3936
	2464 3968
	2368 3968
4
	2784 3936
	2880 3936
	2880 3968
	2784 3968
4
	3296 3936
	4672 3936
	4672 3968
	3296 3968
4
	5056 3936
	5728 3936
	5728 3968
	5056 3968
4
	6432 3936
	7648 3936
	7648 3968
	6432 3968
4
	8128 3936
	9408 3936
	9408 3968
	8128 3968
4
	0 3968
	1184 3968
	1184 4000
	0 4000
4
	1408 3968
	1920 3968
	1920 4000
	1408 4000
4
	1952 3968
	2144 3968
	2144 4000
	1952 4000
4
	2368 3968
	2464 3968
	2464 4000
	2368 4000
4
	2784 3968
	2880 3968
	2880 4000
	2784 4000
4
	3296 3968
	4672 3968
	4672 4000
	3296 4000
4
	5056 3968
	5696 3968
	5696 4000
	5056 4000
4
	6336 3968
	7616 3968
	7616 4000
	6336 4000
4
	8128 3968
	9408 3968
	9408 4000
	8128 4000
4
	0 4000
	1184 4000
	1184 4032
	0 4032
4
	1408 4000
	1920 4000
	1920 4032
	1408 4032
4
	2016 4000
	2112 4000
	2112 4032
	2016 4032
4
	2368 4000
	2464 4000
	2464 4032
	2368 4032
4
	2784 4000
	2880 4000
	2880 4032
	2784 4032
4
	3296 4000
	4672 4000
	4672 4032
	3296 4032
4
	5056 4000
	5760 4000
	5760 4032
	5056 4032
4
	6048 4000
	6144 4000
	6144 4032
	6048 4032
4
	6336 4000
	7584 4000
	7584 4032
	6336 4032
4
	8032 4000
	9408 4000
	9408 4032
	8032 4032
4
	0 4032
	1088 4032
	1088 4064
	0 4064
4
	1472 4032
	1920 4032
	1920 4064
	1472 4064
4
	2368 4032
	2464 4032
	2464 4064
	2368 4064
4
	2784 4032
	2880 4032
	2880 4064
	2784 4064
4
	3264 4032
	4672 4032
	4672 4064
	3264 4064
4
	5056 4032
	5760 4032
	5760 4064
	5056 4064
4
	6048 4032
	6144 4032
	6144 4064
	6048 4064
4
	6336 4032
	7520 4032
	7520 4064
	6336 4064
4
	8032 4032
	9408 4032
	9408 4064
	8032 4064
4
	0 4064
	1088 4064
	1088 4096
	0 4096
4
	1472 4064
	1920 4064
	1920 4096
	1472 4096
4
	2368 4064
	2464 4064
	2464 4096
	2368 4096
4
	2784 4064
	2880 4064
	2880 4096
	2784 4096
4
	3264 4064
	4672 4064
	4672 4096
	3264 4096
4
	5056 4064
	5856 4064
	5856 4096
	5056 4096
4
	5952 4064
	7488 4064
	7488 4096
	5952 4096
4
	8032 4064
	9408 4064
	9408 4096
	8032 4096
4
	0 4096
	1088 4096
	1088 4128
	0 4128
4
	1472 4096
	1920 4096
	1920 4128
	1472 4128
4
	2368 4096
	2464 4096
	2464 4128
	2368 4128
4
	2784 4096
	2880 4096
	2880 4128
	2784 4128
4
	3264 4096
	4704 4096
	4704 4128
	3264 4128
4
	5056 4096
	5856 4096
	5856 4128
	5056 4128
4
	5952 4096
	7424 4096
	7424 4128
	5952 4128
4
	8128 4096
	9408 4096
	9408 4128
	8128 4128
4
	0 4128
	1088 4128
	1088 4160
	0 4160
4
	1472 4128
	2240 4128
	2240 4160
	1472 4160
4
	2368 4128
	2464 4128
	2464 4160
	2368 4160
4
	2784 4128
	2880 4128
	2880 4160
	2784 4160
4
	3488 4128
	4704 4128
	4704 4160
	3488 4160
4
	5056 4128
	5856 4128
	5856 4160
	5056 4160
4
	5952 4128
	7392 4128
	7392 4160
	5952 4160
4
	8128 4128
	9408 4128
	9408 4160
	8128 4160
4
	0 4160
	1088 4160
	1088 4192
	0 4192
4
	1472 4160
	2240 4160
	2240 4192
	1472 4192
4
	2368 4160
	2464 4160
	2464 4192
	2368 4192
4
	2784 4160
	2880 4160
	2880 4192
	2784 4192
4
	3552 4160
	4672 4160
	4672 4192
	3552 4192
4
	5056 4160
	5696 4160
	5696 4192
	5056 4192
4
	6080 4160
	7360 4160
	7360 4192
	6080 4192
4
	8128 4160
	9408 4160
	9408 4192
	8128 4192
4
	0 4192
	1088 4192
	1088 4224
	0 4224
4
	1472 4192
	2240 4192
	2240 4224
	1472 4224
4
	2368 4192
	2464 4192
	2464 4224
	2368 4224
4
	2784 4192
	2880 4192
	2880 4224
	2784 4224
4
	3552 4192
	3968 4192
	3968 4224
	3552 4224
4
	4064 4192
	4160 4192
	4160 4224
	4064 4224
4
	6560 4192
	6688 4192
	6688 4224
	6560 4224
4
	7104 4192
	7232 4192
	7232 4224
	7104 4224
4
	8128 4192
	9408 4192
	9408 4224
	8128 4224
4
	0 4224
	1088 4224
	1088 4256
	0 4256
4
	1472 4224
	2016 4224
	2016 4256
	1472 4256
4
	2112 4224
	2176 4224
	2176 4256
	2112 4256
4
	3552 4224
	3968 4224
	3968 4256
	3552 4256
4
	4064 4224
	4160 4224
	4160 4256
	4064 4256
4
	6560 4224
	6688 4224
	6688 4256
	6560 4256
4
	7104 4224
	7232 4224
	7232 4256
	7104 4256
4
	8128 4224
	9408 4224
	9408 4256
	8128 4256
4
	0 4256
	1088 4256
	1088 4288
	0 4288
4
	1472 4256
	1920 4256
	1920 4288
	1472 4288
4
	2144 4256
	2208 4256
	2208 4288
	2144 4288
4
	3552 4256
	3968 4256
	3968 4288
	3552 4288
4
	4064 4256
	4160 4256
	4160 4288
	4064 4288
4
	6560 4256
	6688 4256
	6688 4288
	6560 4288
4
	8128 4256
	9408 4256
	9408 4288
	8128 4288
4
	0 4288
	1088 4288
	1088 4320
	0 4320
4
	1472 4288
	1920 4288
	1920 4320
	1472 4320
4
	1952 4288
	2048 4288
	2048 4320
	1952 4320
4
	2176 4288
	2208 4288
	2208 4320
	2176 4320
4
	3552 4288
	3968 4288
	3968 4320
	3552 4320
4
	8096 4288
	9408 4288
	9408 4320
	8096 4320
4
	0 4320
	1088 4320
	1088 4352
	0 4352
4
	1472 4320
	2080 4320
	2080 4352
	1472 4352
4
	8064 4320
	9408 4320
	9408 4352
	8064 4352
4
	0 4352
	1088 4352
	1088 4384
	0 4384
4
	1472 4352
	2080 4352
	2080 4384
	1472 4384
4
	8032 4352
	9408 4352
	9408 4384
	8032 4384
4
	0 4384
	1088 4384
	1088 4416
	0 4416
4
	1472 4384
	2080 4384
	2080 4416
	1472 4416
4
	8000 4384
	9408 4384
	9408 4416
	8000 4416
4
	0 4416
	1088 4416
	1088 4448
	0 4448
4
	1472 4416
	2048 4416
	2048 4448
	1472 4448
4
	3552 4416
	3648 4416
	3648 4448
	3552 4448
4
	5600 4416
	5696 4416
	5696 4448
	5600 4448
4
	7808 4416
	9408 4416
	9408 4448
	7808 4448
4
	0 4448
	1088 4448
	1088 4480
	0 4480
4
	1472 4448
	1920 4448
	1920 4480
	1472 4480
4
	3552 4448
	3648 4448
	3648 4480
	3552 4480
4
	5088 4448
	5216 4448
	5216 4480
	5088 4480
4
	5600 4448
	5696 4448
	5696 4480
	5600 4480
4
	7616 4448
	9408 4448
	9408 4480
	7616 4480
4
	0 4480
	1088 4480
	1088 4512
	0 4512
4
	1472 4480
	2016 4480
	2016 4512
	1472 4512
4
	2144 4480
	2208 4480
	2208 4512
	2144 4512
4
	3552 4480
	3648 4480
	3648 4512
	3552 4512
4
	5088 4480
	5216 4480
	5216 4512
	5088 4512
4
	5600 4480
	5696 4480
	5696 4512
	5600 4512
4
	7104 4480
	7232 4480
	7232 4512
	7104 4512
4
	7616 4480
	9408 4480
	9408 4512
	7616 4512
4
	0 4512
	1088 4512
	1088 4544
	0 4544
4
	1472 4512
	2240 4512
	2240 4544
	1472 4544
4
	2368 4512
	2464 4512
	2464 4544
	2368 4544
4
	2784 4512
	2880 4512
	2880 4544
	2784 4544
4
	3488 4512
	3648 4512
	3648 4544
	3488 4544
4
	5088 4512
	5344 4512
	5344 4544
	5088 4544
4
	5504 4512
	5792 4512
	5792 4544
	5504 4544
4
	6016 4512
	6176 4512
	6176 4544
	6016 4544
4
	7104 4512
	7232 4512
	7232 4544
	7104 4544
4
	7648 4512
	9408 4512
	9408 4544
	7648 4544
4
	0 4544
	1088 4544
	1088 4576
	0 4576
4
	1472 4544
	2240 4544
	2240 4576
	1472 4576
4
	2368 4544
	2464 4544
	2464 4576
	2368 4576
4
	2784 4544
	2880 4544
	2880 4576
	2784 4576
4
	3264 4544
	3392 4544
	3392 4576
	3264 4576
4
	3488 4544
	3648 4544
	3648 4576
	3488 4576
4
	4352 4544
	4640 4544
	4640 4576
	4352 4576
4
	5088 4544
	5344 4544
	5344 4576
	5088 4576
4
	5504 4544
	5792 4544
	5792 4576
	5504 4576
4
	6016 4544
	9408 4544
	9408 4576
	6016 4576
4
	0 4576
	1088 4576
	1088 4608
	0 4608
4
	1472 4576
	2240 4576
	2240 4608
	1472 4608
4
	2368 4576
	2464 4576
	2464 4608
	2368 4608
4
	2784 4576
	2880 4576
	2880 4608
	2784 4608
4
	3264 4576
	3648 4576
	3648 4608
	3264 4608
4
	4320 4576
	5856 4576
	5856 4608
	4320 4608
4
	5952 4576
	9408 4576
	9408 4608
	5952 4608
4
	0 4608
	1120 4608
	1120 4640
	0 4640
4
	1472 4608
	1920 4608
	1920 4640
	1472 4640
4
	2368 4608
	2464 4608
	2464 4640
	2368 4640
4
	2784 4608
	2880 4608
	2880 4640
	2784 4640
4
	3264 4608
	3648 4608
	3648 4640
	3264 4640
4
	4288 4608
	5856 4608
	5856 4640
	4288 4640
4
	5952 4608
	8928 4608
	8928 4640
	5952 4640
4
	9024 4608
	9408 4608
	9408 4640
	9024 4640
4
	0 4640
	1120 4640
	1120 4672
	0 4672
4
	1472 4640
	1920 4640
	1920 4672
	1472 4672
4
	2368 4640
	2464 4640
	2464 4672
	2368 4672
4
	2784 4640
	2880 4640
	2880 4672
	2784 4672
4
	3264 4640
	3648 4640
	3648 4672
	3264 4672
4
	4288 4640
	5856 4640
	5856 4672
	4288 4672
4
	5952 4640
	7904 4640
	7904 4672
	5952 4672
4
	7968 4640
	8928 4640
	8928 4672
	7968 4672
4
	9024 4640
	9408 4640
	9408 4672
	9024 4672
4
	0 4672
	1120 4672
	1120 4704
	0 4704
4
	1472 4672
	1920 4672
	1920 4704
	1472 4704
4
	2048 4672
	2144 4672
	2144 4704
	2048 4704
4
	2368 4672
	2464 4672
	2464 4704
	2368 4704
4
	2784 4672
	2880 4672
	2880 4704
	2784 4704
4
	3296 4672
	3648 4672
	3648 4704
	3296 4704
4
	4096 4672
	4192 4672
	4192 4704
	4096 4704
4
	4256 4672
	5792 4672
	5792 4704
	4256 4704
4
	5984 4672
	6304 4672
	6304 4704
	5984 4704
4
	6336 4672
	6464 4672
	6464 4704
	6336 4704
4
	6496 4672
	6816 4672
	6816 4704
	6496 4704
4
	7040 4672
	7840 4672
	7840 4704
	7040 4704
4
	8064 4672
	8800 4672
	8800 4704
	8064 4704
4
	9056 4672
	9408 4672
	9408 4704
	9056 4704
4
	0 4704
	1120 4704
	1120 4736
	0 4736
4
	1472 4704
	1920 4704
	1920 4736
	1472 4736
4
	2016 4704
	2176 4704
	2176 4736
	2016 4736
4
	2368 4704
	2464 4704
	2464 4736
	2368 4736
4
	2784 4704
	2880 4704
	2880 4736
	2784 4736
4
	3296 4704
	3648 4704
	3648 4736
	3296 4736
4
	4096 4704
	5312 4704
	5312 4736
	4096 4736
4
	5472 4704
	5792 4704
	5792 4736
	5472 4736
4
	5984 4704
	6304 4704
	6304 4736
	5984 4736
4
	6336 4704
	6464 4704
	6464 4736
	6336 4736
4
	6496 4704
	6816 4704
	6816 4736
	6496 4736
4
	7040 4704
	7680 4704
	7680 4736
	7040 4736
4
	8160 4704
	8800 4704
	8800 4736
	8160 4736
4
	9056 4704
	9408 4704
	9408 4736
	9056 4736
4
	0 4736
	1120 4736
	1120 4768
	0 4768
4
	1472 4736
	1920 4736
	1920 4768
	1472 4768
4
	2016 4736
	2176 4736
	2176 4768
	2016 4768
4
	2368 4736
	2528 4736
	2528 4768
	2368 4768
4
	2688 4736
	2752 4736
	2752 4768
	2688 4768
4
	2784 4736
	2880 4736
	2880 4768
	2784 4768
4
	3296 4736
	3648 4736
	3648 4768
	3296 4768
4
	4096 4736
	5312 4736
	5312 4768
	4096 4768
4
	5472 4736
	5792 4736
	5792 4768
	5472 4768
4
	5984 4736
	6304 4736
	6304 4768
	5984 4768
4
	6496 4736
	6816 4736
	6816 4768
	6496 4768
4
	7104 4736
	7680 4736
	7680 4768
	7104 4768
4
	8160 4736
	8800 4736
	8800 4768
	8160 4768
4
	9056 4736
	9408 4736
	9408 4768
	9056 4768
4
	0 4768
	1120 4768
	1120 4800
	0 4800
4
	1472 4768
	1888 4768
	1888 4800
	1472 4800
4
	2368 4768
	3648 4768
	3648 4800
	2368 4800
4
	4128 4768
	5312 4768
	5312 4800
	4128 4800
4
	5472 4768
	5792 4768
	5792 4800
	5472 4800
4
	5984 4768
	6304 4768
	6304 4800
	5984 4800
4
	6496 4768
	6816 4768
	6816 4800
	6496 4800
4
	7104 4768
	7680 4768
	7680 4800
	7104 4800
4
	8224 4768
	8800 4768
	8800 4800
	8224 4800
4
	9056 4768
	9408 4768
	9408 4800
	9056 4800
4
	0 4800
	1120 4800
	1120 4832
	0 4832
4
	1504 4800
	1888 4800
	1888 4832
	1504 4832
4
	2368 4800
	3648 4800
	3648 4832
	2368 4832
4
	4160 4800
	5248 4800
	5248 4832
	4160 4832
4
	5472 4800
	5792 4800
	5792 4832
	5472 4832
4
	5984 4800
	6304 4800
	6304 4832
	5984 4832
4
	6496 4800
	6816 4800
	6816 4832
	6496 4832
4
	7168 4800
	7680 4800
	7680 4832
	7168 4832
4
	8512 4800
	8768 4800
	8768 4832
	8512 4832
4
	9056 4800
	9408 4800
	9408 4832
	9056 4832
4
	0 4832
	1120 4832
	1120 4864
	0 4864
4
	1536 4832
	3648 4832
	3648 4864
	1536 4864
4
	4128 4832
	5248 4832
	5248 4864
	4128 4864
4
	6112 4832
	6208 4832
	6208 4864
	6112 4864
4
	6272 4832
	6336 4832
	6336 4864
	6272 4864
4
	6624 4832
	6720 4832
	6720 4864
	6624 4864
4
	7168 4832
	7840 4832
	7840 4864
	7168 4864
4
	8544 4832
	8768 4832
	8768 4864
	8544 4864
4
	9056 4832
	9408 4832
	9408 4864
	9056 4864
4
	0 4864
	1120 4864
	1120 4896
	0 4896
4
	1536 4864
	3648 4864
	3648 4896
	1536 4896
4
	4128 4864
	5248 4864
	5248 4896
	4128 4896
4
	6112 4864
	6208 4864
	6208 4896
	6112 4896
4
	6272 4864
	6368 4864
	6368 4896
	6272 4896
4
	6624 4864
	6720 4864
	6720 4896
	6624 4896
4
	7168 4864
	7840 4864
	7840 4896
	7168 4896
4
	8576 4864
	8640 4864
	8640 4896
	8576 4896
4
	8672 4864
	8768 4864
	8768 4896
	8672 4896
4
	9056 4864
	9408 4864
	9408 4896
	9056 4896
4
	0 4896
	1120 4896
	1120 4928
	0 4928
4
	1568 4896
	3648 4896
	3648 4928
	1568 4928
4
	4096 4896
	5312 4896
	5312 4928
	4096 4928
4
	6016 4896
	6080 4896
	6080 4928
	6016 4928
4
	6112 4896
	6208 4896
	6208 4928
	6112 4928
4
	6272 4896
	6368 4896
	6368 4928
	6272 4928
4
	6400 4896
	6496 4896
	6496 4928
	6400 4928
4
	6624 4896
	6816 4896
	6816 4928
	6624 4928
4
	7168 4896
	7840 4896
	7840 4928
	7168 4928
4
	9152 4896
	9408 4896
	9408 4928
	9152 4928
4
	0 4928
	1120 4928
	1120 4960
	0 4960
4
	2751 4959
	2753 4959
	2753 4961
	2751 4961
4
	1600 4928
	2752 4928
	2752 4960
	1600 4960
4
	2912 4928
	3648 4928
	3648 4960
	2912 4960
4
	4064 4928
	5312 4928
	5312 4960
	4064 4960
4
	6016 4928
	6080 4928
	6080 4960
	6016 4960
4
	6112 4928
	6208 4928
	6208 4960
	6112 4960
4
	6400 4928
	6496 4928
	6496 4960
	6400 4960
4
	6528 4928
	6848 4928
	6848 4960
	6528 4960
4
	7168 4928
	7680 4928
	7680 4960
	7168 4960
4
	9152 4928
	9408 4928
	9408 4960
	9152 4960
4
	0 4960
	320 4960
	320 4992
	0 4992
4
	416 4960
	1120 4960
	1120 4992
	416 4992
4
	1600 4960
	2720 4960
	2720 4992
	1600 4992
4
	2752 4960
	2880 4960
	2880 4992
	2752 4992
4
	2944 4960
	3648 4960
	3648 4992
	2944 4992
4
	4064 4960
	5280 4960
	5280 4992
	4064 4992
4
	6016 4960
	6208 4960
	6208 4992
	6016 4992
4
	6400 4960
	6496 4960
	6496 4992
	6400 4992
4
	6528 4960
	6720 4960
	6720 4992
	6528 4992
4
	6752 4960
	6912 4960
	6912 4992
	6752 4992
4
	7168 4960
	7680 4960
	7680 4992
	7168 4992
4
	9152 4960
	9408 4960
	9408 4992
	9152 4992
4
	0 4992
	288 4992
	288 5024
	0 5024
4
	672 4992
	1120 4992
	1120 5024
	672 5024
4
	1600 4992
	2688 4992
	2688 5024
	1600 5024
4
	2752 4992
	2880 4992
	2880 5024
	2752 5024
4
	2976 4992
	3648 4992
	3648 5024
	2976 5024
4
	4064 4992
	5248 4992
	5248 5024
	4064 5024
4
	6048 4992
	6176 4992
	6176 5024
	6048 5024
4
	6560 4992
	6624 4992
	6624 5024
	6560 5024
4
	6816 4992
	6912 4992
	6912 5024
	6816 5024
4
	7168 4992
	7680 4992
	7680 5024
	7168 5024
4
	8160 4992
	8288 4992
	8288 5024
	8160 5024
4
	9152 4992
	9408 4992
	9408 5024
	9152 5024
4
	0 5024
	288 5024
	288 5056
	0 5056
4
	672 5024
	768 5024
	768 5056
	672 5056
4
	800 5024
	1120 5024
	1120 5056
	800 5056
4
	1536 5024
	2656 5024
	2656 5056
	1536 5056
4
	3008 5024
	3648 5024
	3648 5056
	3008 5056
4
	4064 5024
	5248 5024
	5248 5056
	4064 5056
4
	6080 5024
	6176 5024
	6176 5056
	6080 5056
4
	7168 5024
	7712 5024
	7712 5056
	7168 5056
4
	8160 5024
	8288 5024
	8288 5056
	8160 5056
4
	9152 5024
	9408 5024
	9408 5056
	9152 5056
4
	0 5056
	288 5056
	288 5088
	0 5088
4
	672 5056
	768 5056
	768 5088
	672 5088
4
	832 5056
	1120 5056
	1120 5088
	832 5088
4
	1536 5056
	2624 5056
	2624 5088
	1536 5088
4
	3008 5056
	3648 5056
	3648 5088
	3008 5088
4
	4064 5056
	5248 5056
	5248 5088
	4064 5088
4
	5568 5056
	5664 5056
	5664 5088
	5568 5088
4
	6112 5056
	6208 5056
	6208 5088
	6112 5088
4
	7136 5056
	7712 5056
	7712 5088
	7136 5088
4
	8160 5056
	8288 5056
	8288 5088
	8160 5088
4
	9120 5056
	9408 5056
	9408 5088
	9120 5088
4
	0 5088
	256 5088
	256 5120
	0 5120
4
	864 5088
	1120 5088
	1120 5120
	864 5120
4
	1568 5088
	2624 5088
	2624 5120
	1568 5120
4
	2656 5088
	2720 5088
	2720 5120
	2656 5120
4
	2944 5088
	3648 5088
	3648 5120
	2944 5120
4
	4064 5088
	5248 5088
	5248 5120
	4064 5120
4
	5280 5088
	5312 5088
	5312 5120
	5280 5120
4
	5344 5088
	5440 5088
	5440 5120
	5344 5120
4
	5568 5088
	5664 5088
	5664 5120
	5568 5120
4
	7136 5088
	7744 5088
	7744 5120
	7136 5120
4
	8032 5088
	8384 5088
	8384 5120
	8032 5120
4
	9120 5088
	9408 5088
	9408 5120
	9120 5120
4
	0 5120
	224 5120
	224 5152
	0 5152
4
	864 5120
	1120 5120
	1120 5152
	864 5152
4
	1600 5120
	1696 5120
	1696 5152
	1600 5152
4
	1728 5120
	2624 5120
	2624 5152
	1728 5152
4
	2656 5120
	2720 5120
	2720 5152
	2656 5152
4
	2752 5120
	2880 5120
	2880 5152
	2752 5152
4
	2944 5120
	3680 5120
	3680 5152
	2944 5152
4
	4032 5120
	5248 5120
	5248 5152
	4032 5152
4
	5280 5120
	5312 5120
	5312 5152
	5280 5152
4
	5344 5120
	5440 5120
	5440 5152
	5344 5152
4
	5568 5120
	5664 5120
	5664 5152
	5568 5152
4
	7104 5120
	7744 5120
	7744 5152
	7104 5152
4
	8032 5120
	8384 5120
	8384 5152
	8032 5152
4
	9088 5120
	9408 5120
	9408 5152
	9088 5152
4
	0 5152
	192 5152
	192 5184
	0 5184
4
	928 5152
	1120 5152
	1120 5184
	928 5184
4
	1760 5152
	2624 5152
	2624 5184
	1760 5184
4
	2656 5152
	2720 5152
	2720 5184
	2656 5184
4
	2752 5152
	2880 5152
	2880 5184
	2752 5184
4
	2944 5152
	3680 5152
	3680 5184
	2944 5184
4
	4032 5152
	5248 5152
	5248 5184
	4032 5184
4
	5344 5152
	5440 5152
	5440 5184
	5344 5184
4
	7136 5152
	7712 5152
	7712 5184
	7136 5184
4
	8032 5152
	8384 5152
	8384 5184
	8032 5184
4
	9120 5152
	9408 5152
	9408 5184
	9120 5184
4
	0 5184
	192 5184
	192 5216
	0 5216
4
	896 5184
	1120 5184
	1120 5216
	896 5216
4
	1760 5184
	2624 5184
	2624 5216
	1760 5216
4
	2655 5215
	2657 5215
	2657 5217
	2655 5217
4
	2656 5184
	2720 5184
	2720 5216
	2656 5216
4
	2752 5184
	2880 5184
	2880 5216
	2752 5216
4
	2944 5184
	3648 5184
	3648 5216
	2944 5216
4
	4032 5184
	5280 5184
	5280 5216
	4032 5216
4
	5408 5184
	5440 5184
	5440 5216
	5408 5216
4
	7200 5184
	7648 5184
	7648 5216
	7200 5216
4
	8160 5184
	8384 5184
	8384 5216
	8160 5216
4
	9184 5184
	9408 5184
	9408 5216
	9184 5216
4
	0 5216
	192 5216
	192 5248
	0 5248
4
	864 5216
	1088 5216
	1088 5248
	864 5248
4
	2496 5216
	2656 5216
	2656 5248
	2496 5248
4
	2976 5216
	3168 5216
	3168 5248
	2976 5248
4
	3936 5216
	5344 5216
	5344 5248
	3936 5248
4
	5407 5247
	5409 5247
	5409 5249
	5407 5249
4
	5408 5216
	5440 5216
	5440 5248
	5408 5248
4
	7232 5216
	7616 5216
	7616 5248
	7232 5248
4
	8160 5216
	8352 5216
	8352 5248
	8160 5248
4
	9216 5216
	9408 5216
	9408 5248
	9216 5248
4
	0 5248
	224 5248
	224 5280
	0 5280
4
	416 5248
	640 5248
	640 5280
	416 5280
4
	864 5248
	1088 5248
	1088 5280
	864 5280
4
	2496 5248
	2656 5248
	2656 5280
	2496 5280
4
	2976 5248
	3168 5248
	3168 5280
	2976 5280
4
	3936 5248
	5408 5248
	5408 5280
	3936 5280
4
	7296 5248
	7552 5248
	7552 5280
	7296 5280
4
	8160 5248
	8320 5248
	8320 5280
	8160 5280
4
	9280 5248
	9408 5248
	9408 5280
	9280 5280
4
	0 5280
	224 5280
	224 5312
	0 5312
4
	416 5280
	640 5280
	640 5312
	416 5312
4
	992 5280
	1088 5280
	1088 5312
	992 5312
4
	2560 5280
	2656 5280
	2656 5312
	2560 5312
4
	3008 5280
	3072 5280
	3072 5312
	3008 5312
4
	3936 5280
	5440 5280
	5440 5312
	3936 5312
4
	8224 5280
	8288 5280
	8288 5312
	8224 5312
4
	9376 5280
	9408 5280
	9408 5312
	9376 5312
4
	0 5312
	224 5312
	224 5344
	0 5344
4
	416 5312
	640 5312
	640 5344
	416 5344
4
	992 5312
	1088 5312
	1088 5344
	992 5344
4
	3936 5312
	5440 5312
	5440 5344
	3936 5344
4
	9376 5312
	9408 5312
	9408 5344
	9376 5344
4
	0 5344
	224 5344
	224 5376
	0 5376
4
	416 5344
	640 5344
	640 5376
	416 5376
4
	3936 5344
	5472 5344
	5472 5376
	3936 5376
4
	9376 5344
	9408 5344
	9408 5376
	9376 5376
4
	0 5376
	96 5376
	96 5408
	0 5408
4
	416 5376
	640 5376
	640 5408
	416 5408
4
	3936 5376
	5472 5376
	5472 5408
	3936 5408
4
	9376 5376
	9408 5376
	9408 5408
	9376 5408
4
	0 5408
	96 5408
	96 5440
	0 5440
4
	416 5408
	640 5408
	640 5440
	416 5440
4
	3936 5408
	5408 5408
	5408 5440
	3936 5440
4
	9376 5408
	9408 5408
	9408 5440
	9376 5440
4
	0 5440
	224 5440
	224 5472
	0 5472
4
	416 5440
	640 5440
	640 5472
	416 5472
4
	992 5440
	1088 5440
	1088 5472
	992 5472
4
	1920 5440
	2016 5440
	2016 5472
	1920 5472
4
	2592 5440
	2624 5440
	2624 5472
	2592 5472
4
	3936 5440
	5408 5440
	5408 5472
	3936 5472
4
	9376 5440
	9408 5440
	9408 5472
	9376 5472
4
	0 5472
	224 5472
	224 5504
	0 5504
4
	416 5472
	480 5472
	480 5504
	416 5504
4
	992 5472
	1184 5472
	1184 5504
	992 5504
4
	1632 5472
	1760 5472
	1760 5504
	1632 5504
4
	1920 5472
	2048 5472
	2048 5504
	1920 5504
4
	2496 5472
	2656 5472
	2656 5504
	2496 5504
4
	3008 5472
	3072 5472
	3072 5504
	3008 5504
4
	3904 5472
	5408 5472
	5408 5504
	3904 5504
4
	9376 5472
	9408 5472
	9408 5504
	9376 5504
4
	0 5504
	224 5504
	224 5536
	0 5536
4
	992 5504
	1184 5504
	1184 5536
	992 5536
4
	1632 5504
	2080 5504
	2080 5536
	1632 5536
4
	2496 5504
	2656 5504
	2656 5536
	2496 5536
4
	2976 5504
	3168 5504
	3168 5536
	2976 5536
4
	4032 5504
	5408 5504
	5408 5536
	4032 5536
4
	7328 5504
	7552 5504
	7552 5536
	7328 5536
4
	8160 5504
	8288 5504
	8288 5536
	8160 5536
4
	9312 5504
	9408 5504
	9408 5536
	9312 5536
4
	0 5536
	64 5536
	64 5568
	0 5568
4
	992 5536
	1216 5536
	1216 5568
	992 5568
4
	1632 5536
	2112 5536
	2112 5568
	1632 5568
4
	2655 5567
	2657 5567
	2657 5569
	2655 5569
4
	2496 5536
	2656 5536
	2656 5568
	2496 5568
4
	2976 5536
	3168 5536
	3168 5568
	2976 5568
4
	4032 5536
	5376 5536
	5376 5568
	4032 5568
4
	5440 5536
	5472 5536
	5472 5568
	5440 5568
4
	7264 5536
	7616 5536
	7616 5568
	7264 5568
4
	8160 5536
	8288 5536
	8288 5568
	8160 5568
4
	9248 5536
	9408 5536
	9408 5568
	9248 5568
4
	0 5568
	64 5568
	64 5600
	0 5600
4
	992 5568
	1216 5568
	1216 5600
	992 5600
4
	1632 5568
	2080 5568
	2080 5600
	1632 5600
4
	2496 5568
	2624 5568
	2624 5600
	2496 5600
4
	2656 5568
	2720 5568
	2720 5600
	2656 5600
4
	2944 5568
	3168 5568
	3168 5600
	2944 5600
4
	3584 5568
	3648 5568
	3648 5600
	3584 5600
4
	4032 5568
	5312 5568
	5312 5600
	4032 5600
4
	5440 5568
	5472 5568
	5472 5600
	5440 5600
4
	7232 5568
	7648 5568
	7648 5600
	7232 5600
4
	8160 5568
	8288 5568
	8288 5600
	8160 5600
4
	9216 5568
	9408 5568
	9408 5600
	9216 5600
4
	0 5600
	96 5600
	96 5632
	0 5632
4
	128 5600
	192 5600
	192 5632
	128 5632
4
	928 5600
	2624 5600
	2624 5632
	928 5632
4
	2656 5600
	2720 5600
	2720 5632
	2656 5632
4
	2752 5600
	2880 5600
	2880 5632
	2752 5632
4
	2944 5600
	3680 5600
	3680 5632
	2944 5632
4
	4032 5600
	5280 5600
	5280 5632
	4032 5632
4
	7168 5600
	7712 5600
	7712 5632
	7168 5632
4
	8032 5600
	8384 5600
	8384 5632
	8032 5632
4
	9152 5600
	9408 5600
	9408 5632
	9152 5632
4
	0 5632
	224 5632
	224 5664
	0 5664
4
	928 5632
	2624 5632
	2624 5664
	928 5664
4
	2656 5632
	2720 5632
	2720 5664
	2656 5664
4
	2752 5632
	2880 5632
	2880 5664
	2752 5664
4
	2944 5632
	3680 5632
	3680 5664
	2944 5664
4
	4032 5632
	5344 5632
	5344 5664
	4032 5664
4
	5568 5632
	5664 5632
	5664 5664
	5568 5664
4
	6560 5632
	6624 5632
	6624 5664
	6560 5664
4
	7104 5632
	7744 5632
	7744 5664
	7104 5664
4
	8032 5632
	8384 5632
	8384 5664
	8032 5664
4
	9088 5632
	9408 5632
	9408 5664
	9088 5664
4
	0 5664
	320 5664
	320 5696
	0 5696
4
	896 5664
	2624 5664
	2624 5696
	896 5696
4
	2656 5664
	2720 5664
	2720 5696
	2656 5696
4
	2752 5664
	2880 5664
	2880 5696
	2752 5696
4
	2944 5664
	3680 5664
	3680 5696
	2944 5696
4
	4032 5664
	5344 5664
	5344 5696
	4032 5696
4
	5568 5664
	5664 5664
	5664 5696
	5568 5696
4
	6560 5664
	6656 5664
	6656 5696
	6560 5696
4
	7104 5664
	7744 5664
	7744 5696
	7104 5696
4
	8032 5664
	8384 5664
	8384 5696
	8032 5696
4
	9088 5664
	9408 5664
	9408 5696
	9088 5696
4
	0 5696
	320 5696
	320 5728
	0 5728
4
	864 5696
	2624 5696
	2624 5728
	864 5728
4
	3008 5696
	3680 5696
	3680 5728
	3008 5728
4
	4032 5696
	5280 5696
	5280 5728
	4032 5728
4
	5568 5696
	5664 5696
	5664 5728
	5568 5728
4
	6144 5696
	6176 5696
	6176 5728
	6144 5728
4
	6592 5696
	6688 5696
	6688 5728
	6592 5728
4
	7136 5696
	7712 5696
	7712 5728
	7136 5728
4
	8160 5696
	8288 5696
	8288 5728
	8160 5728
4
	9120 5696
	9408 5696
	9408 5728
	9120 5728
4
	0 5728
	320 5728
	320 5760
	0 5760
4
	832 5728
	2656 5728
	2656 5760
	832 5760
4
	3008 5728
	3680 5728
	3680 5760
	3008 5760
4
	4032 5728
	5280 5728
	5280 5760
	4032 5760
4
	6112 5728
	6208 5728
	6208 5760
	6112 5760
4
	6624 5728
	6720 5728
	6720 5760
	6624 5760
4
	7168 5728
	7680 5728
	7680 5760
	7168 5760
4
	8160 5728
	8288 5728
	8288 5760
	8160 5760
4
	9152 5728
	9408 5728
	9408 5760
	9152 5760
4
	0 5760
	288 5760
	288 5792
	0 5792
4
	768 5760
	2656 5760
	2656 5792
	768 5792
4
	2752 5760
	2912 5760
	2912 5792
	2752 5792
4
	2976 5760
	3680 5760
	3680 5792
	2976 5792
4
	4032 5760
	5280 5760
	5280 5792
	4032 5792
4
	6048 5760
	6176 5760
	6176 5792
	6048 5792
4
	6656 5760
	6752 5760
	6752 5792
	6656 5792
4
	7168 5760
	7680 5760
	7680 5792
	7168 5792
4
	8160 5760
	8288 5760
	8288 5792
	8160 5792
4
	9152 5760
	9408 5760
	9408 5792
	9152 5792
4
	0 5792
	288 5792
	288 5824
	0 5824
4
	736 5792
	2688 5792
	2688 5824
	736 5824
4
	2911 5823
	2913 5823
	2913 5825
	2911 5825
4
	2752 5792
	2912 5792
	2912 5824
	2752 5824
4
	2944 5792
	3680 5792
	3680 5824
	2944 5824
4
	4032 5792
	5280 5792
	5280 5824
	4032 5824
4
	6016 5792
	6176 5792
	6176 5824
	6016 5824
4
	6624 5792
	6752 5792
	6752 5824
	6624 5824
4
	7168 5792
	7680 5792
	7680 5824
	7168 5824
4
	9152 5792
	9408 5792
	9408 5824
	9152 5824
4
	0 5824
	576 5824
	576 5856
	0 5856
4
	736 5824
	2720 5824
	2720 5856
	736 5856
4
	2912 5824
	3680 5824
	3680 5856
	2912 5856
4
	4064 5824
	5280 5824
	5280 5856
	4064 5856
4
	6016 5824
	6208 5824
	6208 5856
	6016 5856
4
	6336 5824
	6432 5824
	6432 5856
	6336 5856
4
	6624 5824
	6720 5824
	6720 5856
	6624 5856
4
	7168 5824
	7680 5824
	7680 5856
	7168 5856
4
	9152 5824
	9408 5824
	9408 5856
	9152 5856
4
	0 5856
	3680 5856
	3680 5888
	0 5888
4
	4096 5856
	5280 5856
	5280 5888
	4096 5888
4
	6016 5856
	6080 5856
	6080 5888
	6016 5888
4
	6112 5856
	6208 5856
	6208 5888
	6112 5888
4
	6336 5856
	6432 5856
	6432 5888
	6336 5888
4
	6624 5856
	6720 5856
	6720 5888
	6624 5888
4
	7168 5856
	7840 5856
	7840 5888
	7168 5888
4
	9152 5856
	9408 5856
	9408 5888
	9152 5888
4
	0 5888
	3680 5888
	3680 5920
	0 5920
4
	4096 5888
	5280 5888
	5280 5920
	4096 5920
4
	6112 5888
	6208 5888
	6208 5920
	6112 5920
4
	6304 5888
	6496 5888
	6496 5920
	6304 5920
4
	6624 5888
	6784 5888
	6784 5920
	6624 5920
4
	7168 5888
	7840 5888
	7840 5920
	7168 5920
4
	9152 5888
	9408 5888
	9408 5920
	9152 5920
4
	0 5920
	3680 5920
	3680 5952
	0 5952
4
	4128 5920
	5280 5920
	5280 5952
	4128 5952
4
	6112 5920
	6208 5920
	6208 5952
	6112 5952
4
	6304 5920
	6528 5920
	6528 5952
	6304 5952
4
	6624 5920
	6848 5920
	6848 5952
	6624 5952
4
	7168 5920
	7840 5920
	7840 5952
	7168 5952
4
	9088 5920
	9408 5920
	9408 5952
	9088 5952
4
	0 5952
	3680 5952
	3680 5984
	0 5984
4
	4160 5952
	5280 5952
	5280 5984
	4160 5984
4
	5376 5952
	5440 5952
	5440 5984
	5376 5984
4
	5472 5952
	5792 5952
	5792 5984
	5472 5984
4
	5984 5952
	6848 5952
	6848 5984
	5984 5984
4
	7168 5952
	7680 5952
	7680 5984
	7168 5984
4
	8224 5952
	8320 5952
	8320 5984
	8224 5984
4
	8672 5952
	8768 5952
	8768 5984
	8672 5984
4
	9088 5952
	9408 5952
	9408 5984
	9088 5984
4
	0 5984
	1920 5984
	1920 6016
	0 6016
4
	2496 5984
	2624 5984
	2624 6016
	2496 6016
4
	3456 5984
	3680 5984
	3680 6016
	3456 6016
4
	4160 5984
	5792 5984
	5792 6016
	4160 6016
4
	5984 5984
	6848 5984
	6848 6016
	5984 6016
4
	7104 5984
	7680 5984
	7680 6016
	7104 6016
4
	8224 5984
	8416 5984
	8416 6016
	8224 6016
4
	8672 5984
	8768 5984
	8768 6016
	8672 6016
4
	9088 5984
	9408 5984
	9408 6016
	9088 6016
4
	0 6016
	1920 6016
	1920 6048
	0 6048
4
	3456 6016
	3680 6016
	3680 6048
	3456 6048
4
	4128 6016
	5792 6016
	5792 6048
	4128 6048
4
	5984 6016
	6848 6016
	6848 6048
	5984 6048
4
	7104 6016
	7680 6016
	7680 6048
	7104 6048
4
	8160 6016
	8480 6016
	8480 6048
	8160 6048
4
	8640 6016
	8800 6016
	8800 6048
	8640 6048
4
	9088 6016
	9408 6016
	9408 6048
	9088 6048
4
	0 6048
	1952 6048
	1952 6080
	0 6080
4
	3520 6048
	3680 6048
	3680 6080
	3520 6080
4
	4096 6048
	5792 6048
	5792 6080
	4096 6080
4
	5984 6048
	6816 6048
	6816 6080
	5984 6080
4
	7040 6048
	7680 6048
	7680 6080
	7040 6080
4
	8160 6048
	8512 6048
	8512 6080
	8160 6080
4
	8640 6048
	8800 6048
	8800 6080
	8640 6080
4
	9088 6048
	9408 6048
	9408 6080
	9088 6080
4
	0 6080
	1920 6080
	1920 6112
	0 6112
4
	3520 6080
	3680 6080
	3680 6112
	3520 6112
4
	4064 6080
	5792 6080
	5792 6112
	4064 6112
4
	5984 6080
	6816 6080
	6816 6112
	5984 6112
4
	7040 6080
	7680 6080
	7680 6112
	7040 6112
4
	8032 6080
	8512 6080
	8512 6112
	8032 6112
4
	8640 6080
	8800 6080
	8800 6112
	8640 6112
4
	9088 6080
	9408 6080
	9408 6112
	9088 6112
4
	0 6112
	1888 6112
	1888 6144
	0 6144
4
	2432 6112
	3136 6112
	3136 6144
	2432 6144
4
	3456 6112
	3680 6112
	3680 6144
	3456 6144
4
	4096 6112
	5856 6112
	5856 6144
	4096 6144
4
	5952 6112
	7840 6112
	7840 6144
	5952 6144
4
	8032 6112
	8928 6112
	8928 6144
	8032 6144
4
	9024 6112
	9408 6112
	9408 6144
	9024 6144
4
	0 6144
	1888 6144
	1888 6176
	0 6176
4
	2080 6144
	2240 6144
	2240 6176
	2080 6176
4
	2432 6144
	3136 6144
	3136 6176
	2432 6176
4
	3456 6144
	3680 6144
	3680 6176
	3456 6176
4
	4064 6144
	5856 6144
	5856 6176
	4064 6176
4
	5952 6144
	7904 6144
	7904 6176
	5952 6176
4
	8000 6144
	8928 6144
	8928 6176
	8000 6176
4
	9024 6144
	9408 6144
	9408 6176
	9024 6176
4
	0 6176
	1888 6176
	1888 6208
	0 6208
4
	2080 6176
	2240 6176
	2240 6208
	2080 6208
4
	2432 6176
	3136 6176
	3136 6208
	2432 6208
4
	3456 6176
	3680 6176
	3680 6208
	3456 6208
4
	4064 6176
	5856 6176
	5856 6208
	4064 6208
4
	5952 6176
	7904 6176
	7904 6208
	5952 6208
4
	8000 6176
	9408 6176
	9408 6208
	8000 6208
4
	0 6208
	1888 6208
	1888 6240
	0 6240
4
	2080 6208
	2240 6208
	2240 6240
	2080 6240
4
	2432 6208
	3136 6208
	3136 6240
	2432 6240
4
	3552 6208
	3680 6208
	3680 6240
	3552 6240
4
	4064 6208
	5792 6208
	5792 6240
	4064 6240
4
	6016 6208
	7840 6208
	7840 6240
	6016 6240
4
	8128 6208
	9408 6208
	9408 6240
	8128 6240
4
	0 6240
	1888 6240
	1888 6272
	0 6272
4
	2080 6240
	2240 6240
	2240 6272
	2080 6272
4
	2432 6240
	3136 6240
	3136 6272
	2432 6272
4
	3552 6240
	3648 6240
	3648 6272
	3552 6272
4
	4032 6240
	4608 6240
	4608 6272
	4032 6272
4
	5088 6240
	5344 6240
	5344 6272
	5088 6272
4
	5504 6240
	5792 6240
	5792 6272
	5504 6272
4
	6016 6240
	7744 6240
	7744 6272
	6016 6272
4
	8128 6240
	9408 6240
	9408 6272
	8128 6272
4
	0 6272
	1888 6272
	1888 6304
	0 6304
4
	2080 6272
	2240 6272
	2240 6304
	2080 6304
4
	2432 6272
	3136 6272
	3136 6304
	2432 6304
4
	3552 6272
	3648 6272
	3648 6304
	3552 6304
4
	4000 6272
	4608 6272
	4608 6304
	4000 6304
4
	5088 6272
	5216 6272
	5216 6304
	5088 6304
4
	5568 6272
	5696 6272
	5696 6304
	5568 6304
4
	6112 6272
	6240 6272
	6240 6304
	6112 6304
4
	6560 6272
	7744 6272
	7744 6304
	6560 6304
4
	8128 6272
	9408 6272
	9408 6304
	8128 6304
4
	0 6304
	1920 6304
	1920 6336
	0 6336
4
	2080 6304
	2240 6304
	2240 6336
	2080 6336
4
	3552 6304
	3648 6304
	3648 6336
	3552 6336
4
	4032 6304
	4608 6304
	4608 6336
	4032 6336
4
	6560 6304
	7744 6304
	7744 6336
	6560 6336
4
	8128 6304
	9408 6304
	9408 6336
	8128 6336
4
	0 6336
	1920 6336
	1920 6368
	0 6368
4
	2080 6336
	2240 6336
	2240 6368
	2080 6368
4
	3552 6336
	3648 6336
	3648 6368
	3552 6368
4
	4032 6336
	4640 6336
	4640 6368
	4032 6368
4
	6368 6336
	6464 6336
	6464 6368
	6368 6368
4
	6592 6336
	7744 6336
	7744 6368
	6592 6368
4
	8128 6336
	9408 6336
	9408 6368
	8128 6368
4
	0 6368
	1920 6368
	1920 6400
	0 6400
4
	2080 6368
	2240 6368
	2240 6400
	2080 6400
4
	4064 6368
	4544 6368
	4544 6400
	4064 6400
4
	6272 6368
	6464 6368
	6464 6400
	6272 6400
4
	6592 6368
	7744 6368
	7744 6400
	6592 6400
4
	8128 6368
	9408 6368
	9408 6400
	8128 6400
4
	0 6400
	1920 6400
	1920 6432
	0 6432
4
	2080 6400
	2240 6400
	2240 6432
	2080 6432
4
	4064 6400
	4544 6400
	4544 6432
	4064 6432
4
	6208 6400
	6496 6400
	6496 6432
	6208 6432
4
	6560 6400
	7744 6400
	7744 6432
	6560 6432
4
	8128 6400
	9408 6400
	9408 6432
	8128 6432
4
	0 6432
	1920 6432
	1920 6464
	0 6464
4
	2080 6432
	2240 6432
	2240 6464
	2080 6464
4
	4096 6432
	4544 6432
	4544 6464
	4096 6464
4
	6176 6432
	6496 6432
	6496 6464
	6176 6464
4
	6560 6432
	7744 6432
	7744 6464
	6560 6464
4
	8128 6432
	9408 6432
	9408 6464
	8128 6464
4
	0 6464
	1920 6464
	1920 6496
	0 6496
4
	2080 6464
	2240 6464
	2240 6496
	2080 6496
4
	3552 6464
	3648 6464
	3648 6496
	3552 6496
4
	4096 6464
	4544 6464
	4544 6496
	4096 6496
4
	6208 6464
	6496 6464
	6496 6496
	6208 6496
4
	6528 6464
	7744 6464
	7744 6496
	6528 6496
4
	8128 6464
	9408 6464
	9408 6496
	8128 6496
4
	0 6496
	1920 6496
	1920 6528
	0 6528
4
	2080 6496
	2240 6496
	2240 6528
	2080 6528
4
	3552 6496
	3648 6496
	3648 6528
	3552 6528
4
	4064 6496
	4512 6496
	4512 6528
	4064 6528
4
	6208 6496
	7744 6496
	7744 6528
	6208 6528
4
	8128 6496
	9408 6496
	9408 6528
	8128 6528
4
	0 6528
	1888 6528
	1888 6560
	0 6560
4
	2048 6528
	2240 6528
	2240 6560
	2048 6560
4
	3552 6528
	3712 6528
	3712 6560
	3552 6560
4
	4064 6528
	4512 6528
	4512 6560
	4064 6560
4
	5088 6528
	5216 6528
	5216 6560
	5088 6560
4
	5568 6528
	5696 6528
	5696 6560
	5568 6560
4
	6112 6528
	7744 6528
	7744 6560
	6112 6560
4
	8128 6528
	9408 6528
	9408 6560
	8128 6560
4
	0 6560
	1888 6560
	1888 6592
	0 6592
4
	2080 6560
	2240 6560
	2240 6592
	2080 6592
4
	3552 6560
	3712 6560
	3712 6592
	3552 6592
4
	4096 6560
	4512 6560
	4512 6592
	4096 6592
4
	5088 6560
	5216 6560
	5216 6592
	5088 6592
4
	5568 6560
	5696 6560
	5696 6592
	5568 6592
4
	6112 6560
	7744 6560
	7744 6592
	6112 6592
4
	8128 6560
	9408 6560
	9408 6592
	8128 6592
4
	0 6592
	1888 6592
	1888 6624
	0 6624
4
	2080 6592
	2240 6592
	2240 6624
	2080 6624
4
	3552 6592
	4672 6592
	4672 6624
	3552 6624
4
	5088 6592
	5216 6592
	5216 6624
	5088 6624
4
	5568 6592
	5696 6592
	5696 6624
	5568 6624
4
	6112 6592
	7744 6592
	7744 6624
	6112 6624
4
	8128 6592
	9408 6592
	9408 6624
	8128 6624
4
	0 6624
	1888 6624
	1888 6656
	0 6656
4
	2080 6624
	2240 6624
	2240 6656
	2080 6656
4
	2720 6624
	2784 6624
	2784 6656
	2720 6656
4
	2848 6624
	2880 6624
	2880 6656
	2848 6656
4
	2944 6624
	3008 6624
	3008 6656
	2944 6656
4
	3040 6624
	3104 6624
	3104 6656
	3040 6656
4
	3488 6624
	4704 6624
	4704 6656
	3488 6656
4
	5056 6624
	5728 6624
	5728 6656
	5056 6656
4
	6080 6624
	7744 6624
	7744 6656
	6080 6656
4
	8128 6624
	9408 6624
	9408 6656
	8128 6656
4
	0 6656
	1888 6656
	1888 6688
	0 6688
4
	2080 6656
	2240 6656
	2240 6688
	2080 6688
4
	2432 6656
	3136 6656
	3136 6688
	2432 6688
4
	3488 6656
	4768 6656
	4768 6688
	3488 6688
4
	5056 6656
	5728 6656
	5728 6688
	5056 6688
4
	6080 6656
	7744 6656
	7744 6688
	6080 6688
4
	8128 6656
	9408 6656
	9408 6688
	8128 6688
4
	0 6688
	1888 6688
	1888 6720
	0 6720
4
	2080 6688
	2240 6688
	2240 6720
	2080 6720
4
	2432 6688
	3136 6688
	3136 6720
	2432 6720
4
	3488 6688
	4768 6688
	4768 6720
	3488 6720
4
	5056 6688
	5696 6688
	5696 6720
	5056 6720
4
	6080 6688
	7744 6688
	7744 6720
	6080 6720
4
	8128 6688
	9408 6688
	9408 6720
	8128 6720
4
	0 6720
	1888 6720
	1888 6752
	0 6752
4
	2080 6720
	2240 6720
	2240 6752
	2080 6752
4
	2432 6720
	3136 6720
	3136 6752
	2432 6752
4
	3520 6720
	4768 6720
	4768 6752
	3520 6752
4
	5056 6720
	5696 6720
	5696 6752
	5056 6752
4
	6080 6720
	7744 6720
	7744 6752
	6080 6752
4
	8128 6720
	9408 6720
	9408 6752
	8128 6752
4
	0 6752
	1952 6752
	1952 6784
	0 6784
4
	2080 6752
	2240 6752
	2240 6784
	2080 6784
4
	2432 6752
	3136 6752
	3136 6784
	2432 6784
4
	3520 6752
	4704 6752
	4704 6784
	3520 6784
4
	5056 6752
	5696 6752
	5696 6784
	5056 6784
4
	6080 6752
	7744 6752
	7744 6784
	6080 6784
4
	8128 6752
	9408 6752
	9408 6784
	8128 6784
4
	0 6784
	1952 6784
	1952 6816
	0 6816
4
	2080 6784
	2240 6784
	2240 6816
	2080 6816
4
	2432 6784
	3136 6784
	3136 6816
	2432 6816
4
	3456 6784
	4672 6784
	4672 6816
	3456 6816
4
	5056 6784
	5696 6784
	5696 6816
	5056 6816
4
	6080 6784
	6720 6784
	6720 6816
	6080 6816
4
	7104 6784
	7744 6784
	7744 6816
	7104 6816
4
	8128 6784
	9408 6784
	9408 6816
	8128 6816
4
	0 6816
	1920 6816
	1920 6848
	0 6848
4
	2080 6816
	2240 6816
	2240 6848
	2080 6848
4
	2432 6816
	2656 6816
	2656 6848
	2432 6848
4
	2720 6816
	2784 6816
	2784 6848
	2720 6848
4
	3456 6816
	4672 6816
	4672 6848
	3456 6848
4
	5056 6816
	5696 6816
	5696 6848
	5056 6848
4
	6080 6816
	6688 6816
	6688 6848
	6080 6848
4
	7200 6816
	7744 6816
	7744 6848
	7200 6848
4
	8128 6816
	9408 6816
	9408 6848
	8128 6848
4
	0 6848
	1920 6848
	1920 6880
	0 6880
4
	3456 6848
	4736 6848
	4736 6880
	3456 6880
4
	5056 6848
	5696 6848
	5696 6880
	5056 6880
4
	6080 6848
	6688 6848
	6688 6880
	6080 6880
4
	7200 6848
	7744 6848
	7744 6880
	7200 6880
4
	8128 6848
	9408 6848
	9408 6880
	8128 6880
4
	0 6880
	1920 6880
	1920 6912
	0 6912
4
	3456 6880
	4736 6880
	4736 6912
	3456 6912
4
	5056 6880
	5696 6880
	5696 6912
	5056 6912
4
	6080 6880
	6688 6880
	6688 6912
	6080 6912
4
	7200 6880
	7744 6880
	7744 6912
	7200 6912
4
	8128 6880
	9408 6880
	9408 6912
	8128 6912
4
	0 6912
	1952 6912
	1952 6944
	0 6944
4
	2496 6912
	2720 6912
	2720 6944
	2496 6944
4
	3456 6912
	4736 6912
	4736 6944
	3456 6944
4
	5056 6912
	5696 6912
	5696 6944
	5056 6944
4
	6080 6912
	6560 6912
	6560 6944
	6080 6944
4
	7264 6912
	7744 6912
	7744 6944
	7264 6944
4
	8128 6912
	9408 6912
	9408 6944
	8128 6944
4
	0 6944
	1952 6944
	1952 6976
	0 6976
4
	2496 6944
	2720 6944
	2720 6976
	2496 6976
4
	3456 6944
	4672 6944
	4672 6976
	3456 6976
4
	5056 6944
	5696 6944
	5696 6976
	5056 6976
4
	6080 6944
	6560 6944
	6560 6976
	6080 6976
4
	7264 6944
	7744 6944
	7744 6976
	7264 6976
4
	8128 6944
	9408 6944
	9408 6976
	8128 6976
4
	0 6976
	1952 6976
	1952 7008
	0 7008
4
	2496 6976
	2720 6976
	2720 7008
	2496 7008
4
	3456 6976
	4672 6976
	4672 7008
	3456 7008
4
	5056 6976
	5696 6976
	5696 7008
	5056 7008
4
	6080 6976
	6496 6976
	6496 7008
	6080 7008
4
	7360 6976
	7744 6976
	7744 7008
	7360 7008
4
	8128 6976
	9408 6976
	9408 7008
	8128 7008
4
	0 7008
	1856 7008
	1856 7040
	0 7040
4
	3520 7008
	4672 7008
	4672 7040
	3520 7040
4
	5056 7008
	5696 7008
	5696 7040
	5056 7040
4
	6080 7008
	6656 7008
	6656 7040
	6080 7040
4
	7360 7008
	7744 7008
	7744 7040
	7360 7040
4
	8128 7008
	9408 7008
	9408 7040
	8128 7040
4
	0 7040
	1856 7040
	1856 7072
	0 7072
4
	3520 7040
	4000 7040
	4000 7072
	3520 7072
4
	4032 7040
	4192 7040
	4192 7072
	4032 7072
4
	4224 7040
	4736 7040
	4736 7072
	4224 7072
4
	5056 7040
	5696 7040
	5696 7072
	5056 7072
4
	6080 7040
	6656 7040
	6656 7072
	6080 7072
4
	7360 7040
	7744 7040
	7744 7072
	7360 7072
4
	8128 7040
	9408 7040
	9408 7072
	8128 7072
4
	0 7072
	2048 7072
	2048 7104
	0 7104
4
	2208 7072
	2400 7072
	2400 7104
	2208 7104
4
	3040 7072
	3104 7072
	3104 7104
	3040 7104
4
	3136 7072
	3200 7072
	3200 7104
	3136 7104
4
	3520 7072
	4000 7072
	4000 7104
	3520 7104
4
	4032 7072
	4192 7072
	4192 7104
	4032 7104
4
	4224 7072
	4768 7072
	4768 7104
	4224 7104
4
	5056 7072
	5696 7072
	5696 7104
	5056 7104
4
	6080 7072
	6656 7072
	6656 7104
	6080 7104
4
	6816 7072
	6880 7072
	6880 7104
	6816 7104
4
	6944 7072
	7040 7072
	7040 7104
	6944 7104
4
	7360 7072
	7744 7072
	7744 7104
	7360 7104
4
	8128 7072
	9408 7072
	9408 7104
	8128 7104
4
	0 7104
	2144 7104
	2144 7136
	0 7136
4
	2208 7104
	2400 7104
	2400 7136
	2208 7136
4
	2624 7104
	2752 7104
	2752 7136
	2624 7136
4
	2784 7104
	3392 7104
	3392 7136
	2784 7136
4
	3520 7104
	4000 7104
	4000 7136
	3520 7136
4
	4032 7104
	4192 7104
	4192 7136
	4032 7136
4
	4224 7104
	4352 7104
	4352 7136
	4224 7136
4
	4416 7104
	4800 7104
	4800 7136
	4416 7136
4
	5056 7104
	5696 7104
	5696 7136
	5056 7136
4
	6080 7104
	6656 7104
	6656 7136
	6080 7136
4
	6784 7104
	6880 7104
	6880 7136
	6784 7136
4
	6944 7104
	7040 7104
	7040 7136
	6944 7136
4
	7360 7104
	7744 7104
	7744 7136
	7360 7136
4
	8128 7104
	9408 7104
	9408 7136
	8128 7136
4
	0 7136
	3872 7136
	3872 7168
	0 7168
4
	4032 7136
	4192 7136
	4192 7168
	4032 7168
4
	4224 7136
	4320 7136
	4320 7168
	4224 7168
4
	4448 7136
	4800 7136
	4800 7168
	4448 7168
4
	5024 7136
	5696 7136
	5696 7168
	5024 7168
4
	6080 7136
	6496 7136
	6496 7168
	6080 7168
4
	6784 7136
	7072 7136
	7072 7168
	6784 7168
4
	7264 7136
	7744 7136
	7744 7168
	7264 7168
4
	8128 7136
	9408 7136
	9408 7168
	8128 7168
4
	0 7168
	3680 7168
	3680 7200
	0 7200
4
	3744 7168
	3872 7168
	3872 7200
	3744 7200
4
	4032 7168
	4192 7168
	4192 7200
	4032 7200
4
	4224 7168
	4320 7168
	4320 7200
	4224 7200
4
	4512 7168
	4800 7168
	4800 7200
	4512 7200
4
	4960 7168
	5696 7168
	5696 7200
	4960 7200
4
	6080 7168
	6496 7168
	6496 7200
	6080 7200
4
	6784 7168
	7072 7168
	7072 7200
	6784 7200
4
	7264 7168
	7744 7168
	7744 7200
	7264 7200
4
	8128 7168
	9408 7168
	9408 7200
	8128 7200
4
	0 7200
	3680 7200
	3680 7232
	0 7232
4
	3744 7200
	3872 7200
	3872 7232
	3744 7232
4
	4256 7200
	4320 7200
	4320 7232
	4256 7232
4
	4512 7200
	4704 7200
	4704 7232
	4512 7232
4
	4960 7200
	5696 7200
	5696 7232
	4960 7232
4
	6080 7200
	6496 7200
	6496 7232
	6080 7232
4
	6784 7200
	7072 7200
	7072 7232
	6784 7232
4
	7264 7200
	7744 7200
	7744 7232
	7264 7232
4
	8128 7200
	9408 7200
	9408 7232
	8128 7232
4
	0 7232
	3712 7232
	3712 7264
	0 7264
4
	4480 7232
	4672 7232
	4672 7264
	4480 7264
4
	4960 7232
	5696 7232
	5696 7264
	4960 7264
4
	6080 7232
	6496 7232
	6496 7264
	6080 7264
4
	6816 7232
	7008 7232
	7008 7264
	6816 7264
4
	7360 7232
	7744 7232
	7744 7264
	7360 7264
4
	8128 7232
	9408 7232
	9408 7264
	8128 7264
4
	0 7264
	3712 7264
	3712 7296
	0 7296
4
	4480 7264
	4672 7264
	4672 7296
	4480 7296
4
	4992 7264
	5696 7264
	5696 7296
	4992 7296
4
	6080 7264
	6496 7264
	6496 7296
	6080 7296
4
	6816 7264
	7008 7264
	7008 7296
	6816 7296
4
	7200 7264
	7744 7264
	7744 7296
	7200 7296
4
	8128 7264
	9408 7264
	9408 7296
	8128 7296
4
	0 7296
	3712 7296
	3712 7328
	0 7328
4
	3936 7296
	4256 7296
	4256 7328
	3936 7328
4
	4480 7296
	4672 7296
	4672 7328
	4480 7328
4
	4992 7296
	5696 7296
	5696 7328
	4992 7328
4
	6080 7296
	6496 7296
	6496 7328
	6080 7328
4
	7200 7296
	7744 7296
	7744 7328
	7200 7328
4
	8128 7296
	9408 7296
	9408 7328
	8128 7328
4
	0 7328
	3712 7328
	3712 7360
	0 7360
4
	3936 7328
	4256 7328
	4256 7360
	3936 7360
4
	4512 7328
	4672 7328
	4672 7360
	4512 7360
4
	5056 7328
	5696 7328
	5696 7360
	5056 7360
4
	6080 7328
	6496 7328
	6496 7360
	6080 7360
4
	7200 7328
	7744 7328
	7744 7360
	7200 7360
4
	8128 7328
	9408 7328
	9408 7360
	8128 7360
4
	0 7360
	3808 7360
	3808 7392
	0 7392
4
	3936 7360
	4256 7360
	4256 7392
	3936 7392
4
	4544 7360
	4672 7360
	4672 7392
	4544 7392
4
	5056 7360
	5696 7360
	5696 7392
	5056 7392
4
	6080 7360
	6496 7360
	6496 7392
	6080 7392
4
	7200 7360
	7744 7360
	7744 7392
	7200 7392
4
	8128 7360
	9408 7360
	9408 7392
	8128 7392
4
	0 7392
	3808 7392
	3808 7424
	0 7424
4
	4000 7392
	4064 7392
	4064 7424
	4000 7424
4
	4608 7392
	4672 7392
	4672 7424
	4608 7424
4
	5056 7392
	5696 7392
	5696 7424
	5056 7424
4
	6080 7392
	6560 7392
	6560 7424
	6080 7424
4
	7328 7392
	7744 7392
	7744 7424
	7328 7424
4
	8128 7392
	9408 7392
	9408 7424
	8128 7424
4
	0 7424
	3648 7424
	3648 7456
	0 7456
4
	3712 7424
	3808 7424
	3808 7456
	3712 7456
4
	5056 7424
	5696 7424
	5696 7456
	5056 7456
4
	6080 7424
	6592 7424
	6592 7456
	6080 7456
4
	7328 7424
	7744 7424
	7744 7456
	7328 7456
4
	8128 7424
	9408 7424
	9408 7456
	8128 7456
4
	0 7456
	3648 7456
	3648 7488
	0 7488
4
	3712 7456
	3808 7456
	3808 7488
	3712 7488
4
	5056 7456
	5696 7456
	5696 7488
	5056 7488
4
	6080 7456
	6560 7456
	6560 7488
	6080 7488
4
	7328 7456
	7744 7456
	7744 7488
	7328 7488
4
	8128 7456
	9408 7456
	9408 7488
	8128 7488
4
	0 7488
	3680 7488
	3680 7520
	0 7520
4
	3712 7488
	3808 7488
	3808 7520
	3712 7520
4
	4544 7488
	4672 7488
	4672 7520
	4544 7520
4
	4992 7488
	5696 7488
	5696 7520
	4992 7520
4
	6080 7488
	6528 7488
	6528 7520
	6080 7520
4
	7296 7488
	7744 7488
	7744 7520
	7296 7520
4
	8128 7488
	9408 7488
	9408 7520
	8128 7520
4
	0 7520
	3680 7520
	3680 7552
	0 7552
4
	3712 7520
	3808 7520
	3808 7552
	3712 7552
4
	4544 7520
	4672 7520
	4672 7552
	4544 7552
4
	4992 7520
	5696 7520
	5696 7552
	4992 7552
4
	6080 7520
	6528 7520
	6528 7552
	6080 7552
4
	7296 7520
	7744 7520
	7744 7552
	7296 7552
4
	8128 7520
	9408 7520
	9408 7552
	8128 7552
4
	0 7552
	3648 7552
	3648 7584
	0 7584
4
	3712 7552
	3808 7552
	3808 7584
	3712 7584
4
	4544 7552
	4672 7552
	4672 7584
	4544 7584
4
	5056 7552
	5696 7552
	5696 7584
	5056 7584
4
	6080 7552
	6528 7552
	6528 7584
	6080 7584
4
	6688 7552
	6752 7552
	6752 7584
	6688 7584
4
	7200 7552
	7744 7552
	7744 7584
	7200 7584
4
	8128 7552
	9408 7552
	9408 7584
	8128 7584
4
	0 7584
	3648 7584
	3648 7616
	0 7616
4
	3712 7584
	3808 7584
	3808 7616
	3712 7616
4
	4032 7584
	4160 7584
	4160 7616
	4032 7616
4
	4544 7584
	4672 7584
	4672 7616
	4544 7616
4
	4992 7584
	5696 7584
	5696 7616
	4992 7616
4
	6080 7584
	6528 7584
	6528 7616
	6080 7616
4
	6560 7584
	6656 7584
	6656 7616
	6560 7616
4
	6688 7584
	6816 7584
	6816 7616
	6688 7616
4
	7200 7584
	7744 7584
	7744 7616
	7200 7616
4
	8128 7584
	9408 7584
	9408 7616
	8128 7616
4
	0 7616
	3680 7616
	3680 7648
	0 7648
4
	3712 7616
	3808 7616
	3808 7648
	3712 7648
4
	4032 7616
	4160 7616
	4160 7648
	4032 7648
4
	4512 7616
	4672 7616
	4672 7648
	4512 7648
4
	4992 7616
	5696 7616
	5696 7648
	4992 7648
4
	6080 7616
	6528 7616
	6528 7648
	6080 7648
4
	6560 7616
	6816 7616
	6816 7648
	6560 7648
4
	7104 7616
	7840 7616
	7840 7648
	7104 7648
4
	8064 7616
	9408 7616
	9408 7648
	8064 7648
4
	0 7648
	3680 7648
	3680 7680
	0 7680
4
	3712 7648
	3808 7648
	3808 7680
	3712 7680
4
	4000 7648
	4160 7648
	4160 7680
	4000 7680
4
	4512 7648
	4704 7648
	4704 7680
	4512 7680
4
	4992 7648
	5696 7648
	5696 7680
	4992 7680
4
	6080 7648
	6880 7648
	6880 7680
	6080 7680
4
	6976 7648
	8000 7648
	8000 7680
	6976 7680
4
	8064 7648
	9408 7648
	9408 7680
	8064 7680
4
	0 7680
	3680 7680
	3680 7712
	0 7712
4
	4000 7680
	4160 7680
	4160 7712
	4000 7712
4
	4512 7680
	4800 7680
	4800 7712
	4512 7712
4
	4992 7680
	5696 7680
	5696 7712
	4992 7712
4
	6080 7680
	6880 7680
	6880 7712
	6080 7712
4
	6976 7680
	8032 7680
	8032 7712
	6976 7712
4
	8064 7680
	9408 7680
	9408 7712
	8064 7712
4
	0 7712
	3680 7712
	3680 7744
	0 7744
4
	4000 7712
	4160 7712
	4160 7744
	4000 7744
4
	4512 7712
	4800 7712
	4800 7744
	4512 7744
4
	4992 7712
	5696 7712
	5696 7744
	4992 7744
4
	6080 7712
	6880 7712
	6880 7744
	6080 7744
4
	6944 7712
	9408 7712
	9408 7744
	6944 7744
4
	0 7744
	3744 7744
	3744 7776
	0 7776
4
	4096 7744
	4160 7744
	4160 7776
	4096 7776
4
	4512 7744
	4800 7744
	4800 7776
	4512 7776
4
	5056 7744
	5696 7744
	5696 7776
	5056 7776
4
	6080 7744
	6720 7744
	6720 7776
	6080 7776
4
	6976 7744
	7744 7744
	7744 7776
	6976 7776
4
	7776 7744
	9408 7744
	9408 7776
	7776 7776
4
	0 7776
	3744 7776
	3744 7808
	0 7808
4
	4096 7776
	4160 7776
	4160 7808
	4096 7808
4
	4512 7776
	4672 7776
	4672 7808
	4512 7808
4
	5056 7776
	5600 7776
	5600 7808
	5056 7808
4
	6976 7776
	7264 7776
	7264 7808
	6976 7808
4
	7552 7776
	7584 7776
	7584 7808
	7552 7808
4
	7808 7776
	9408 7776
	9408 7808
	7808 7808
4
	0 7808
	3744 7808
	3744 7840
	0 7840
4
	4512 7808
	4672 7808
	4672 7840
	4512 7840
4
	5056 7808
	5536 7808
	5536 7840
	5056 7840
4
	6976 7808
	7264 7808
	7264 7840
	6976 7840
4
	7520 7808
	7648 7808
	7648 7840
	7520 7840
4
	7808 7808
	9408 7808
	9408 7840
	7808 7840
4
	0 7840
	3744 7840
	3744 7872
	0 7872
4
	4512 7840
	4672 7840
	4672 7872
	4512 7872
4
	5056 7840
	5536 7840
	5536 7872
	5056 7872
4
	7008 7840
	7040 7840
	7040 7872
	7008 7872
4
	7520 7840
	7648 7840
	7648 7872
	7520 7872
4
	7840 7840
	9408 7840
	9408 7872
	7840 7872
4
	0 7872
	3744 7872
	3744 7904
	0 7904
4
	4512 7872
	4672 7872
	4672 7904
	4512 7904
4
	5056 7872
	5536 7872
	5536 7904
	5056 7904
4
	7872 7872
	9408 7872
	9408 7904
	7872 7904
4
	0 7904
	3744 7904
	3744 7936
	0 7936
4
	4480 7904
	4672 7904
	4672 7936
	4480 7936
4
	5056 7904
	5536 7904
	5536 7936
	5056 7936
4
	7840 7904
	9408 7904
	9408 7936
	7840 7936
4
	0 7936
	3808 7936
	3808 7968
	0 7968
4
	4480 7936
	4672 7936
	4672 7968
	4480 7968
4
	5056 7936
	5472 7936
	5472 7968
	5056 7968
4
	7776 7936
	9408 7936
	9408 7968
	7776 7968
4
	0 7968
	3808 7968
	3808 8000
	0 8000
4
	4480 7968
	4672 7968
	4672 8000
	4480 8000
4
	5056 7968
	5472 7968
	5472 8000
	5056 8000
4
	5600 7968
	5632 7968
	5632 8000
	5600 8000
4
	7776 7968
	9408 7968
	9408 8000
	7776 8000
4
	0 8000
	3744 8000
	3744 8032
	0 8032
4
	4480 8000
	4672 8000
	4672 8032
	4480 8032
4
	5056 8000
	5536 8000
	5536 8032
	5056 8032
4
	5568 8000
	5664 8000
	5664 8032
	5568 8032
4
	7808 8000
	9408 8000
	9408 8032
	7808 8032
4
	0 8032
	3776 8032
	3776 8064
	0 8064
4
	4480 8032
	4672 8032
	4672 8064
	4480 8064
4
	5056 8032
	5536 8032
	5536 8064
	5056 8064
4
	5568 8032
	5696 8032
	5696 8064
	5568 8064
4
	7808 8032
	9408 8032
	9408 8064
	7808 8064
4
	0 8064
	3808 8064
	3808 8096
	0 8096
4
	4480 8064
	4672 8064
	4672 8096
	4480 8096
4
	5056 8064
	5728 8064
	5728 8096
	5056 8096
4
	7136 8064
	7264 8064
	7264 8096
	7136 8096
4
	7808 8064
	9408 8064
	9408 8096
	7808 8096
4
	0 8096
	3840 8096
	3840 8128
	0 8128
4
	3872 8096
	4000 8096
	4000 8128
	3872 8128
4
	4224 8096
	4352 8096
	4352 8128
	4224 8128
4
	4480 8096
	4672 8096
	4672 8128
	4480 8128
4
	4992 8096
	5728 8096
	5728 8128
	4992 8128
4
	7136 8096
	7264 8096
	7264 8128
	7136 8128
4
	7904 8096
	9408 8096
	9408 8128
	7904 8128
4
	0 8128
	4000 8128
	4000 8160
	0 8160
4
	4224 8128
	4672 8128
	4672 8160
	4224 8160
4
	4928 8128
	5696 8128
	5696 8160
	4928 8160
4
	6112 8128
	6176 8128
	6176 8160
	6112 8160
4
	7136 8128
	7264 8128
	7264 8160
	7136 8160
4
	7680 8128
	7744 8128
	7744 8160
	7680 8160
4
	7904 8128
	9408 8128
	9408 8160
	7904 8160
4
	0 8160
	4064 8160
	4064 8192
	0 8192
4
	4160 8160
	4672 8160
	4672 8192
	4160 8192
4
	4928 8160
	5856 8160
	5856 8192
	4928 8192
4
	5920 8160
	7776 8160
	7776 8192
	5920 8192
4
	7872 8160
	9408 8160
	9408 8192
	7872 8192
4
	0 8192
	4064 8192
	4064 8224
	0 8224
4
	4160 8192
	4672 8192
	4672 8224
	4160 8224
4
	4928 8192
	5856 8192
	5856 8224
	4928 8224
4
	5920 8192
	7776 8192
	7776 8224
	5920 8224
4
	7872 8192
	9408 8192
	9408 8224
	7872 8224
4
	0 8224
	4064 8224
	4064 8256
	0 8256
4
	4160 8224
	4672 8224
	4672 8256
	4160 8256
4
	4992 8224
	5856 8224
	5856 8256
	4992 8256
4
	5952 8224
	7744 8224
	7744 8256
	5952 8256
4
	7872 8224
	9408 8224
	9408 8256
	7872 8256
4
	0 8256
	4064 8256
	4064 8288
	0 8288
4
	4160 8256
	4672 8256
	4672 8288
	4160 8288
4
	5056 8256
	5856 8256
	5856 8288
	5056 8288
4
	5952 8256
	7744 8256
	7744 8288
	5952 8288
4
	7904 8256
	9408 8256
	9408 8288
	7904 8288
4
	0 8288
	4064 8288
	4064 8320
	0 8320
4
	4160 8288
	4672 8288
	4672 8320
	4160 8320
4
	5056 8288
	5824 8288
	5824 8320
	5056 8320
4
	6176 8288
	6240 8288
	6240 8320
	6176 8320
4
	6272 8288
	9408 8288
	9408 8320
	6272 8320
4
	0 8320
	3904 8320
	3904 8352
	0 8352
4
	4160 8320
	4672 8320
	4672 8352
	4160 8352
4
	5056 8320
	5760 8320
	5760 8352
	5056 8352
4
	6176 8320
	6240 8320
	6240 8352
	6176 8352
4
	6272 8320
	9408 8320
	9408 8352
	6272 8352
4
	0 8352
	3616 8352
	3616 8384
	0 8384
4
	3776 8352
	3808 8352
	3808 8384
	3776 8384
4
	4352 8352
	4672 8352
	4672 8384
	4352 8384
4
	5056 8352
	5728 8352
	5728 8384
	5056 8384
4
	6400 8352
	9408 8352
	9408 8384
	6400 8384
4
	0 8384
	3520 8384
	3520 8416
	0 8416
4
	4320 8384
	4800 8384
	4800 8416
	4320 8416
4
	5056 8384
	5664 8384
	5664 8416
	5056 8416
4
	6432 8384
	9408 8384
	9408 8416
	6432 8416
4
	0 8416
	3488 8416
	3488 8448
	0 8448
4
	4320 8416
	4800 8416
	4800 8448
	4320 8448
4
	5056 8416
	5600 8416
	5600 8448
	5056 8448
4
	6464 8416
	9408 8416
	9408 8448
	6464 8448
4
	0 8448
	3488 8448
	3488 8480
	0 8480
4
	4320 8448
	4800 8448
	4800 8480
	4320 8480
4
	5056 8448
	5600 8448
	5600 8480
	5056 8480
4
	6496 8448
	9408 8448
	9408 8480
	6496 8480
4
	0 8480
	3488 8480
	3488 8512
	0 8512
4
	4352 8480
	4800 8480
	4800 8512
	4352 8512
4
	5056 8480
	5632 8480
	5632 8512
	5056 8512
4
	6528 8480
	9408 8480
	9408 8512
	6528 8512
4
	0 8512
	3520 8512
	3520 8544
	0 8544
4
	4384 8512
	4832 8512
	4832 8544
	4384 8544
4
	5056 8512
	5664 8512
	5664 8544
	5056 8544
4
	6176 8512
	6240 8512
	6240 8544
	6176 8544
4
	6528 8512
	9408 8512
	9408 8544
	6528 8544
4
	0 8544
	3520 8544
	3520 8576
	0 8576
4
	4448 8544
	4832 8544
	4832 8576
	4448 8576
4
	5056 8544
	5632 8544
	5632 8576
	5056 8576
4
	6176 8544
	6272 8544
	6272 8576
	6176 8576
4
	6432 8544
	9408 8544
	9408 8576
	6432 8576
4
	0 8576
	3520 8576
	3520 8608
	0 8608
4
	4384 8576
	4416 8576
	4416 8608
	4384 8608
4
	4512 8576
	4832 8576
	4832 8608
	4512 8608
4
	5056 8576
	5536 8576
	5536 8608
	5056 8608
4
	5728 8576
	5824 8576
	5824 8608
	5728 8608
4
	6208 8576
	6240 8576
	6240 8608
	6208 8608
4
	6368 8576
	9408 8576
	9408 8608
	6368 8608
4
	0 8608
	3520 8608
	3520 8640
	0 8640
4
	4352 8608
	4448 8608
	4448 8640
	4352 8640
4
	4512 8608
	4832 8608
	4832 8640
	4512 8640
4
	5056 8608
	5536 8608
	5536 8640
	5056 8640
4
	5728 8608
	5856 8608
	5856 8640
	5728 8640
4
	6368 8608
	9408 8608
	9408 8640
	6368 8640
4
	0 8640
	3520 8640
	3520 8672
	0 8672
4
	4320 8640
	4864 8640
	4864 8672
	4320 8672
4
	5056 8640
	5568 8640
	5568 8672
	5056 8672
4
	5728 8640
	5856 8640
	5856 8672
	5728 8672
4
	6368 8640
	9408 8640
	9408 8672
	6368 8672
4
	0 8672
	3520 8672
	3520 8704
	0 8704
4
	4320 8672
	4864 8672
	4864 8704
	4320 8704
4
	4896 8672
	5568 8672
	5568 8704
	4896 8704
4
	5728 8672
	5824 8672
	5824 8704
	5728 8704
4
	6368 8672
	9408 8672
	9408 8704
	6368 8704
4
	0 8704
	3552 8704
	3552 8736
	0 8736
4
	4288 8704
	4832 8704
	4832 8736
	4288 8736
4
	4896 8704
	5472 8704
	5472 8736
	4896 8736
4
	5728 8704
	5824 8704
	5824 8736
	5728 8736
4
	6496 8704
	9408 8704
	9408 8736
	6496 8736
4
	0 8736
	3616 8736
	3616 8768
	0 8768
4
	4256 8736
	4832 8736
	4832 8768
	4256 8768
4
	4928 8736
	5568 8736
	5568 8768
	4928 8768
4
	5728 8736
	5856 8736
	5856 8768
	5728 8768
4
	6496 8736
	9408 8736
	9408 8768
	6496 8768
4
	0 8768
	4000 8768
	4000 8800
	0 8800
4
	4224 8768
	4832 8768
	4832 8800
	4224 8800
4
	4928 8768
	5568 8768
	5568 8800
	4928 8800
4
	5728 8768
	5824 8768
	5824 8800
	5728 8800
4
	6368 8768
	9408 8768
	9408 8800
	6368 8800
4
	0 8800
	4000 8800
	4000 8832
	0 8832
4
	4256 8800
	4800 8800
	4800 8832
	4256 8832
4
	4928 8800
	5568 8800
	5568 8832
	4928 8832
4
	5728 8800
	5824 8800
	5824 8832
	5728 8832
4
	6368 8800
	9408 8800
	9408 8832
	6368 8832
4
	0 8832
	4224 8832
	4224 8864
	0 8864
4
	4288 8832
	4576 8832
	4576 8864
	4288 8864
4
	5184 8832
	5536 8832
	5536 8864
	5184 8864
4
	5728 8832
	5824 8832
	5824 8864
	5728 8864
4
	6368 8832
	9408 8832
	9408 8864
	6368 8864
4
	0 8864
	4224 8864
	4224 8896
	0 8896
4
	4256 8864
	4544 8864
	4544 8896
	4256 8896
4
	5216 8864
	5536 8864
	5536 8896
	5216 8896
4
	5568 8864
	5632 8864
	5632 8896
	5568 8896
4
	5728 8864
	5824 8864
	5824 8896
	5728 8896
4
	6368 8864
	9408 8864
	9408 8896
	6368 8896
4
	0 8896
	4512 8896
	4512 8928
	0 8928
4
	5248 8896
	5664 8896
	5664 8928
	5248 8928
4
	6464 8896
	9408 8896
	9408 8928
	6464 8928
4
	0 8928
	4480 8928
	4480 8960
	0 8960
4
	5280 8928
	5696 8928
	5696 8960
	5280 8960
4
	6432 8928
	9408 8928
	9408 8960
	6432 8960
4
	0 8960
	4448 8960
	4448 8992
	0 8992
4
	5280 8960
	5696 8960
	5696 8992
	5280 8992
4
	5760 8960
	5792 8960
	5792 8992
	5760 8992
4
	5920 8960
	6048 8960
	6048 8992
	5920 8992
4
	6400 8960
	9408 8960
	9408 8992
	6400 8992
4
	0 8992
	4448 8992
	4448 9024
	0 9024
4
	5280 8992
	5696 8992
	5696 9024
	5280 9024
4
	5728 8992
	5856 8992
	5856 9024
	5728 9024
4
	5920 8992
	6048 8992
	6048 9024
	5920 9024
4
	6368 8992
	9408 8992
	9408 9024
	6368 9024
4
	0 9024
	4448 9024
	4448 9056
	0 9056
4
	5120 9024
	5216 9024
	5216 9056
	5120 9056
4
	5312 9024
	5664 9024
	5664 9056
	5312 9056
4
	5728 9024
	5856 9024
	5856 9056
	5728 9056
4
	5920 9024
	6048 9024
	6048 9056
	5920 9056
4
	6336 9024
	9408 9024
	9408 9056
	6336 9056
4
	0 9056
	4448 9056
	4448 9088
	0 9088
4
	4576 9056
	4672 9056
	4672 9088
	4576 9088
4
	5120 9056
	5248 9056
	5248 9088
	5120 9088
4
	5312 9056
	6048 9056
	6048 9088
	5312 9088
4
	6304 9056
	9408 9056
	9408 9088
	6304 9088
4
	0 9088
	4448 9088
	4448 9120
	0 9120
4
	4544 9088
	4704 9088
	4704 9120
	4544 9120
4
	5120 9088
	5248 9088
	5248 9120
	5120 9120
4
	5312 9088
	6144 9088
	6144 9120
	5312 9120
4
	6272 9088
	9408 9088
	9408 9120
	6272 9120
4
	0 9120
	4448 9120
	4448 9152
	0 9152
4
	4544 9120
	4704 9120
	4704 9152
	4544 9152
4
	5120 9120
	5216 9120
	5216 9152
	5120 9152
4
	5312 9120
	6144 9120
	6144 9152
	5312 9152
4
	6272 9120
	9408 9120
	9408 9152
	6272 9152
4
	0 9152
	4448 9152
	4448 9184
	0 9184
4
	4576 9152
	4672 9152
	4672 9184
	4576 9184
4
	4800 9152
	4896 9152
	4896 9184
	4800 9184
4
	5120 9152
	5248 9152
	5248 9184
	5120 9184
4
	5312 9152
	6208 9152
	6208 9184
	5312 9184
4
	6272 9152
	9408 9152
	9408 9184
	6272 9184
4
	0 9184
	4448 9184
	4448 9216
	0 9216
4
	4576 9184
	4672 9184
	4672 9216
	4576 9216
4
	4768 9184
	4960 9184
	4960 9216
	4768 9216
4
	5120 9184
	5248 9184
	5248 9216
	5120 9216
4
	5280 9184
	9408 9184
	9408 9216
	5280 9216
4
	0 9216
	4448 9216
	4448 9248
	0 9248
4
	4544 9216
	4704 9216
	4704 9248
	4544 9248
4
	4768 9216
	4960 9216
	4960 9248
	4768 9248
4
	5120 9216
	5248 9216
	5248 9248
	5120 9248
4
	5280 9216
	9408 9216
	9408 9248
	5280 9248
4
	0 9248
	4448 9248
	4448 9280
	0 9280
4
	4544 9248
	4704 9248
	4704 9280
	4544 9280
4
	4768 9248
	4928 9248
	4928 9280
	4768 9280
4
	5120 9248
	5248 9248
	5248 9280
	5120 9280
4
	5280 9248
	9408 9248
	9408 9280
	5280 9280
4
	0 9280
	4512 9280
	4512 9312
	0 9312
4
	4544 9280
	4672 9280
	4672 9312
	4544 9312
4
	4768 9280
	4928 9280
	4928 9312
	4768 9312
4
	5184 9280
	5248 9280
	5248 9312
	5184 9312
4
	5312 9280
	9408 9280
	9408 9312
	5312 9312
4
	0 9312
	4512 9312
	4512 9344
	0 9344
4
	4544 9312
	4672 9312
	4672 9344
	4544 9344
4
	5312 9312
	9408 9312
	9408 9344
	5312 9344
4
	0 9344
	4480 9344
	4480 9376
	0 9376
4
	4544 9344
	4672 9344
	4672 9376
	4544 9376
4
	5312 9344
	9408 9344
	9408 9376
	5312 9376
4
	0 9376
	4480 9376
	4480 9408
	0 9408
4
	5312 9376
	9408 9376
	9408 9408
	5312 9408
4
	0 9408
	4512 9408
	4512 9440
	0 9440
4
	5312 9408
	9408 9408
	9408 9440
	5312 9440
4
	0 9440
	4512 9440
	4512 9472
	0 9472
4
	5280 9440
	9408 9440
	9408 9472
	5280 9472
4
	0 9472
	4512 9472
	4512 9504
	0 9504
4
	5280 9472
	9408 9472
	9408 9504
	5280 9504
4
	0 9504
	4544 9504
	4544 9536
	0 9536
4
	5184 9504
	9408 9504
	9408 9536
	5184 9536
4
	0 9536
	4576 9536
	4576 9568
	0 9568
4
	5184 9536
	9408 9536
	9408 9568
	5184 9568
4
	0 9568
	4768 9568
	4768 9600
	0 9600
4
	4960 9568
	5056 9568
	5056 9600
	4960 9600
4
	5184 9568
	9408 9568
	9408 9600
	5184 9600
4
	0 9600
	5088 9600
	5088 9632
	0 9632
4
	5216 9600
	9408 9600
	9408 9632
	5216 9632
4
	0 9632
	9408 9632
	9408 9664
	0 9664
4
	0 9664
	9408 9664
	9408 9696
	0 9696
4
	0 9696
	9408 9696
	9408 9728
	0 9728
4
	0 9728
	9408 9728
	9408 9760
	0 9760
4
	-32 -32
	9440 -32
	9440 0
	-32 0
4
	-32 9760
	9440 9760
	9440 9792
	-32 9792
4
	-32 0
	0 0
	0 9760
	-32 9760
4
	9408 0
	9440 0
	9440 9760
	9408 9760
