103
4
	0 0
	1312 0
	1312 32
	0 32
4
	0 32
	1312 32
	1312 64
	0 64
4
	0 64
	64 64
	64 96
	0 96
4
	512 64
	1312 64
	1312 96
	512 96
4
	0 96
	64 96
	64 128
	0 128
4
	704 96
	1312 96
	1312 128
	704 128
4
	0 128
	32 128
	32 160
	0 160
4
	704 128
	1312 128
	1312 160
	704 160
4
	0 160
	64 160
	64 192
	0 192
4
	704 160
	1312 160
	1312 192
	704 192
4
	0 192
	64 192
	64 224
	0 224
4
	704 192
	1312 192
	1312 224
	704 224
4
	0 224
	64 224
	64 256
	0 256
4
	736 224
	1312 224
	1312 256
	736 256
4
	0 256
	64 256
	64 288
	0 288
4
	736 256
	1312 256
	1312 288
	736 288
4
	0 288
	64 288
	64 320
	0 320
4
	736 288
	1312 288
	1312 320
	736 320
4
	0 320
	64 320
	64 352
	0 352
4
	288 320
	416 320
	416 352
	288 352
4
	736 320
	1312 320
	1312 352
	736 352
4
	0 352
	64 352
	64 384
	0 384
4
	288 352
	416 352
	416 384
	288 384
4
	800 352
	1312 352
	1312 384
	800 384
4
	0 384
	64 384
	64 416
	0 416
4
	288 384
	416 384
	416 416
	288 416
4
	800 384
	1312 384
	1312 416
	800 416
4
	0 416
	64 416
	64 448
	0 448
4
	800 416
	1312 416
	1312 448
	800 448
4
	0 448
	64 448
	64 480
	0 480
4
	736 448
	1312 448
	1312 480
	736 480
4
	0 480
	96 480
	96 512
	0 512
4
	736 480
	1312 480
	1312 512
	736 512
4
	0 512
	96 512
	96 544
	0 544
4
	736 512
	1312 512
	1312 544
	736 544
4
	0 544
	64 544
	64 576
	0 576
4
	736 544
	1312 544
	1312 576
	736 576
4
	0 576
	64 576
	64 608
	0 608
4
	736 576
	800 576
	800 608
	736 608
4
	1184 576
	1312 576
	1312 608
	1184 608
4
	0 608
	64 608
	64 640
	0 640
4
	1216 608
	1312 608
	1312 640
	1216 640
4
	0 640
	96 640
	96 672
	0 672
4
	1248 640
	1312 640
	1312 672
	1248 672
4
	0 672
	96 672
	96 704
	0 704
4
	224 672
	256 672
	256 704
	224 704
4
	1184 672
	1312 672
	1312 704
	1184 704
4
	0 704
	288 704
	288 736
	0 736
4
	736 704
	800 704
	800 736
	736 736
4
	1088 704
	1312 704
	1312 736
	1088 736
4
	0 736
	352 736
	352 768
	0 768
4
	416 736
	800 736
	800 768
	416 768
4
	1088 736
	1312 736
	1312 768
	1088 768
4
	0 768
	352 768
	352 800
	0 800
4
	416 768
	832 768
	832 800
	416 800
4
	1088 768
	1312 768
	1312 800
	1088 800
4
	0 800
	352 800
	352 832
	0 832
4
	448 800
	832 800
	832 832
	448 832
4
	1088 800
	1312 800
	1312 832
	1088 832
4
	0 832
	288 832
	288 864
	0 864
4
	480 832
	832 832
	832 864
	480 864
4
	1152 832
	1312 832
	1312 864
	1152 864
4
	0 864
	224 864
	224 896
	0 896
4
	544 864
	832 864
	832 896
	544 896
4
	1120 864
	1312 864
	1312 896
	1120 896
4
	0 896
	224 896
	224 928
	0 928
4
	704 896
	832 896
	832 928
	704 928
4
	1120 896
	1312 896
	1312 928
	1120 928
4
	0 928
	96 928
	96 960
	0 960
4
	704 928
	832 928
	832 960
	704 960
4
	1152 928
	1312 928
	1312 960
	1152 960
4
	0 960
	32 960
	32 992
	0 992
4
	64 960
	96 960
	96 992
	64 992
4
	704 960
	832 960
	832 992
	704 992
4
	1152 960
	1312 960
	1312 992
	1152 992
4
	0 992
	32 992
	32 1024
	0 1024
4
	704 992
	832 992
	832 1024
	704 1024
4
	1152 992
	1312 992
	1312 1024
	1152 1024
4
	0 1024
	64 1024
	64 1056
	0 1056
4
	704 1024
	832 1024
	832 1056
	704 1056
4
	1216 1024
	1312 1024
	1312 1056
	1216 1056
4
	0 1056
	224 1056
	224 1088
	0 1088
4
	704 1056
	800 1056
	800 1088
	704 1088
4
	1216 1056
	1312 1056
	1312 1088
	1216 1088
4
	0 1088
	224 1088
	224 1120
	0 1120
4
	704 1088
	800 1088
	800 1120
	704 1120
4
	1248 1088
	1312 1088
	1312 1120
	1248 1120
4
	0 1120
	224 1120
	224 1152
	0 1152
4
	1248 1120
	1312 1120
	1312 1152
	1248 1152
4
	0 1152
	224 1152
	224 1184
	0 1184
4
	1056 1152
	1120 1152
	1120 1184
	1056 1184
4
	1248 1152
	1312 1152
	1312 1184
	1248 1184
4
	0 1184
	224 1184
	224 1216
	0 1216
4
	1024 1184
	1312 1184
	1312 1216
	1024 1216
4
	0 1216
	256 1216
	256 1248
	0 1248
4
	512 1216
	800 1216
	800 1248
	512 1248
4
	1024 1216
	1312 1216
	1312 1248
	1024 1248
4
	0 1248
	1312 1248
	1312 1280
	0 1280
4
	0 1280
	1312 1280
	1312 1312
	0 1312
4
	-32 -32
	1344 -32
	1344 0
	-32 0
4
	-32 1312
	1344 1312
	1344 1344
	-32 1344
4
	-32 0
	0 0
	0 1312
	-32 1312
4
	1312 0
	1344 0
	1344 1312
	1312 1312
