65
4
	0 0
	640 0
	640 32
	0 32
4
	704 0
	1152 0
	1152 32
	704 32
4
	0 32
	480 32
	480 64
	0 64
4
	864 32
	1152 32
	1152 64
	864 64
4
	0 64
	224 64
	224 96
	0 96
4
	320 64
	480 64
	480 96
	320 96
4
	864 64
	1152 64
	1152 96
	864 96
4
	0 96
	224 96
	224 128
	0 128
4
	832 96
	1152 96
	1152 128
	832 128
4
	0 128
	224 128
	224 160
	0 160
4
	864 128
	1152 128
	1152 160
	864 160
4
	0 160
	224 160
	224 192
	0 192
4
	992 160
	1152 160
	1152 192
	992 192
4
	0 192
	224 192
	224 224
	0 224
4
	1024 192
	1152 192
	1152 224
	1024 224
4
	0 224
	96 224
	96 256
	0 256
4
	1024 224
	1152 224
	1152 256
	1024 256
4
	0 256
	64 256
	64 288
	0 288
4
	992 256
	1152 256
	1152 288
	992 288
4
	0 288
	64 288
	64 320
	0 320
4
	992 288
	1152 288
	1152 320
	992 320
4
	0 320
	64 320
	64 352
	0 352
4
	992 320
	1152 320
	1152 352
	992 352
4
	0 352
	64 352
	64 384
	0 384
4
	288 352
	640 352
	640 384
	288 384
4
	992 352
	1152 352
	1152 384
	992 384
4
	0 384
	64 384
	64 416
	0 416
4
	288 384
	640 384
	640 416
	288 416
4
	992 384
	1152 384
	1152 416
	992 416
4
	0 416
	64 416
	64 448
	0 448
4
	288 416
	672 416
	672 448
	288 448
4
	992 416
	1152 416
	1152 448
	992 448
4
	0 448
	128 448
	128 480
	0 480
4
	192 448
	672 448
	672 480
	192 480
4
	960 448
	1152 448
	1152 480
	960 480
4
	0 480
	128 480
	128 512
	0 512
4
	192 480
	672 480
	672 512
	192 512
4
	960 480
	1152 480
	1152 512
	960 512
4
	0 512
	128 512
	128 544
	0 544
4
	192 512
	672 512
	672 544
	192 544
4
	960 512
	1152 512
	1152 544
	960 544
4
	0 544
	64 544
	64 576
	0 576
4
	384 544
	672 544
	672 576
	384 576
4
	960 544
	1152 544
	1152 576
	960 576
4
	0 576
	64 576
	64 608
	0 608
4
	448 576
	672 576
	672 608
	448 608
4
	960 576
	1152 576
	1152 608
	960 608
4
	0 608
	64 608
	64 640
	0 640
4
	448 608
	704 608
	704 640
	448 640
4
	960 608
	1152 608
	1152 640
	960 640
4
	0 640
	288 640
	288 672
	0 672
4
	448 640
	704 640
	704 672
	448 672
4
	736 640
	800 640
	800 672
	736 672
4
	960 640
	1152 640
	1152 672
	960 672
4
	0 672
	800 672
	800 704
	0 704
4
	864 672
	1152 672
	1152 704
	864 704
4
	0 704
	832 704
	832 736
	0 736
4
	864 704
	1152 704
	1152 736
	864 736
4
	0 736
	1152 736
	1152 768
	0 768
4
	0 768
	1152 768
	1152 800
	0 800
4
	0 800
	1152 800
	1152 832
	0 832
4
	-32 -32
	1184 -32
	1184 0
	-32 0
4
	-32 832
	1184 832
	1184 864
	-32 864
4
	-32 0
	0 0
	0 832
	-32 832
4
	1152 0
	1184 0
	1184 832
	1152 832
