705
4
	0 0
	224 0
	224 32
	0 32
4
	352 0
	16896 0
	16896 32
	352 32
4
	0 32
	224 32
	224 64
	0 64
4
	352 32
	16896 32
	16896 64
	352 64
4
	0 64
	64 64
	64 96
	0 96
4
	480 64
	16896 64
	16896 96
	480 96
4
	0 96
	64 96
	64 128
	0 128
4
	512 96
	16896 96
	16896 128
	512 128
4
	0 128
	64 128
	64 160
	0 160
4
	512 128
	16896 128
	16896 160
	512 160
4
	0 160
	64 160
	64 192
	0 192
4
	512 160
	16896 160
	16896 192
	512 192
4
	0 192
	64 192
	64 224
	0 224
4
	512 192
	16896 192
	16896 224
	512 224
4
	0 224
	96 224
	96 256
	0 256
4
	480 224
	16896 224
	16896 256
	480 256
4
	0 256
	96 256
	96 288
	0 288
4
	480 256
	16896 256
	16896 288
	480 288
4
	0 288
	64 288
	64 320
	0 320
4
	512 288
	16896 288
	16896 320
	512 320
4
	0 320
	64 320
	64 352
	0 352
4
	512 320
	16896 320
	16896 352
	512 352
4
	0 352
	64 352
	64 384
	0 384
4
	512 352
	16896 352
	16896 384
	512 384
4
	0 384
	64 384
	64 416
	0 416
4
	512 384
	16896 384
	16896 416
	512 416
4
	0 416
	64 416
	64 448
	0 448
4
	512 416
	7968 416
	7968 448
	512 448
4
	8000 416
	8480 416
	8480 448
	8000 448
4
	8512 416
	8992 416
	8992 448
	8512 448
4
	9024 416
	14528 416
	14528 448
	9024 448
4
	14624 416
	15552 416
	15552 448
	14624 448
4
	15648 416
	16896 416
	16896 448
	15648 448
4
	0 448
	64 448
	64 480
	0 480
4
	480 448
	7872 448
	7872 480
	480 480
4
	7904 448
	7968 448
	7968 480
	7904 480
4
	8032 448
	8384 448
	8384 480
	8032 480
4
	8416 448
	8480 448
	8480 480
	8416 480
4
	8544 448
	8896 448
	8896 480
	8544 480
4
	8928 448
	8992 448
	8992 480
	8928 480
4
	9056 448
	14496 448
	14496 480
	9056 480
4
	14656 448
	15520 448
	15520 480
	14656 480
4
	15680 448
	16896 448
	16896 480
	15680 480
4
	0 480
	96 480
	96 512
	0 512
4
	480 480
	4448 480
	4448 512
	480 512
4
	4480 480
	4960 480
	4960 512
	4480 512
4
	4992 480
	7840 480
	7840 512
	4992 512
4
	8064 480
	8352 480
	8352 512
	8064 512
4
	8576 480
	8864 480
	8864 512
	8576 512
4
	9088 480
	14464 480
	14464 512
	9088 512
4
	14688 480
	15040 480
	15040 512
	14688 512
4
	15168 480
	15488 480
	15488 512
	15168 512
4
	15712 480
	16896 480
	16896 512
	15712 512
4
	0 512
	96 512
	96 544
	0 544
4
	480 512
	4256 512
	4256 544
	480 544
4
	4480 512
	4768 512
	4768 544
	4480 544
4
	4992 512
	7232 512
	7232 544
	4992 544
4
	7456 512
	7552 512
	7552 544
	7456 544
4
	7616 512
	7840 512
	7840 544
	7616 544
4
	8064 512
	8352 512
	8352 544
	8064 544
4
	8576 512
	8864 512
	8864 544
	8576 544
4
	9088 512
	14464 512
	14464 544
	9088 544
4
	14688 512
	15040 512
	15040 544
	14688 544
4
	15168 512
	15488 512
	15488 544
	15168 544
4
	15712 512
	16896 512
	16896 544
	15712 544
4
	0 544
	96 544
	96 576
	0 576
4
	480 544
	1120 544
	1120 576
	480 576
4
	1216 544
	1632 544
	1632 576
	1216 576
4
	1760 544
	1920 544
	1920 576
	1760 576
4
	1984 544
	2400 544
	2400 576
	1984 576
4
	2496 544
	3904 544
	3904 576
	2496 576
4
	4032 544
	4160 544
	4160 576
	4032 576
4
	4544 544
	4672 544
	4672 576
	4544 576
4
	5056 544
	5184 544
	5184 576
	5056 576
4
	5344 544
	7232 544
	7232 576
	5344 576
4
	7456 544
	7552 544
	7552 576
	7456 576
4
	7616 544
	7744 544
	7744 576
	7616 576
4
	8128 544
	8256 544
	8256 576
	8128 576
4
	8640 544
	8768 544
	8768 576
	8640 576
4
	9152 544
	10560 544
	10560 576
	9152 576
4
	10592 544
	10656 544
	10656 576
	10592 576
4
	10688 544
	10816 544
	10816 576
	10688 576
4
	10848 544
	10912 544
	10912 576
	10848 576
4
	10976 544
	14144 544
	14144 576
	10976 576
4
	14272 544
	14400 544
	14400 576
	14272 576
4
	14784 544
	14912 544
	14912 576
	14784 576
4
	15296 544
	15424 544
	15424 576
	15296 576
4
	15744 544
	16896 544
	16896 576
	15744 576
4
	0 576
	64 576
	64 608
	0 608
4
	512 576
	1088 576
	1088 608
	512 608
4
	1216 576
	1600 576
	1600 608
	1216 608
4
	1760 576
	1920 576
	1920 608
	1760 608
4
	2016 576
	2400 576
	2400 608
	2016 608
4
	2528 576
	3776 576
	3776 608
	2528 608
4
	4544 576
	4672 576
	4672 608
	4544 608
4
	5408 576
	6656 576
	6656 608
	5408 608
4
	6720 576
	7200 576
	7200 608
	6720 608
4
	7456 576
	7552 576
	7552 608
	7456 608
4
	7616 576
	7744 576
	7744 608
	7616 608
4
	9184 576
	10496 576
	10496 608
	9184 608
4
	11040 576
	14048 576
	14048 608
	11040 608
4
	15744 576
	16896 576
	16896 608
	15744 608
4
	0 608
	64 608
	64 640
	0 640
4
	512 608
	1088 608
	1088 640
	512 640
4
	1248 608
	1536 608
	1536 640
	1248 640
4
	1760 608
	1888 608
	1888 640
	1760 640
4
	2080 608
	2400 608
	2400 640
	2080 640
4
	2560 608
	3744 608
	3744 640
	2560 640
4
	4544 608
	4672 608
	4672 640
	4544 640
4
	5472 608
	6656 608
	6656 640
	5472 640
4
	6720 608
	6848 608
	6848 640
	6720 640
4
	6976 608
	7200 608
	7200 640
	6976 640
4
	7616 608
	7744 608
	7744 640
	7616 640
4
	9184 608
	10496 608
	10496 640
	9184 640
4
	11040 608
	13984 608
	13984 640
	11040 640
4
	15744 608
	16896 608
	16896 640
	15744 640
4
	0 640
	64 640
	64 672
	0 672
4
	512 640
	1088 640
	1088 672
	512 672
4
	1344 640
	1408 640
	1408 672
	1344 672
4
	1472 640
	1504 640
	1504 672
	1472 672
4
	2112 640
	2208 640
	2208 672
	2112 672
4
	2304 640
	2368 640
	2368 672
	2304 672
4
	2560 640
	3712 640
	3712 672
	2560 672
4
	4544 640
	4704 640
	4704 672
	4544 672
4
	5504 640
	6656 640
	6656 672
	5504 672
4
	7616 640
	7744 640
	7744 672
	7616 672
4
	9184 640
	10368 640
	10368 672
	9184 672
4
	10432 640
	10464 640
	10464 672
	10432 672
4
	11040 640
	11104 640
	11104 672
	11040 672
4
	11136 640
	13952 640
	13952 672
	11136 672
4
	15744 640
	16896 640
	16896 672
	15744 672
4
	0 672
	64 672
	64 704
	0 704
4
	512 672
	1152 672
	1152 704
	512 704
4
	2464 672
	2528 672
	2528 704
	2464 704
4
	2560 672
	3712 672
	3712 704
	2560 704
4
	4544 672
	4672 672
	4672 704
	4544 704
4
	5504 672
	6656 672
	6656 704
	5504 704
4
	7616 672
	7744 672
	7744 704
	7616 704
4
	9184 672
	10368 672
	10368 704
	9184 704
4
	11136 672
	13952 672
	13952 704
	11136 704
4
	15744 672
	16896 672
	16896 704
	15744 704
4
	0 704
	64 704
	64 736
	0 736
4
	512 704
	1152 704
	1152 736
	512 736
4
	2464 704
	2528 704
	2528 736
	2464 736
4
	2560 704
	3712 704
	3712 736
	2560 736
4
	4064 704
	4160 704
	4160 736
	4064 736
4
	4544 704
	4672 704
	4672 736
	4544 736
4
	5088 704
	5184 704
	5184 736
	5088 736
4
	5504 704
	6656 704
	6656 736
	5504 736
4
	9184 704
	10368 704
	10368 736
	9184 736
4
	11168 704
	13952 704
	13952 736
	11168 736
4
	15744 704
	16896 704
	16896 736
	15744 736
4
	0 736
	96 736
	96 768
	0 768
4
	480 736
	1152 736
	1152 768
	480 768
4
	2464 736
	3552 736
	3552 768
	2464 768
4
	4064 736
	4160 736
	4160 768
	4064 768
4
	4576 736
	4672 736
	4672 768
	4576 768
4
	5088 736
	5184 736
	5184 768
	5088 768
4
	5632 736
	6656 736
	6656 768
	5632 768
4
	6848 736
	6944 736
	6944 768
	6848 768
4
	9184 736
	10272 736
	10272 768
	9184 768
4
	11264 736
	13792 736
	13792 768
	11264 768
4
	15776 736
	16896 736
	16896 768
	15776 768
4
	0 768
	96 768
	96 800
	0 800
4
	480 768
	1152 768
	1152 800
	480 800
4
	2464 768
	3520 768
	3520 800
	2464 800
4
	4032 768
	4160 768
	4160 800
	4032 800
4
	4544 768
	4672 768
	4672 800
	4544 800
4
	5056 768
	5184 768
	5184 800
	5056 800
4
	5696 768
	6656 768
	6656 800
	5696 800
4
	6848 768
	6976 768
	6976 800
	6848 800
4
	9184 768
	10272 768
	10272 800
	9184 800
4
	11264 768
	13760 768
	13760 800
	11264 800
4
	15744 768
	16896 768
	16896 800
	15744 800
4
	0 800
	64 800
	64 832
	0 832
4
	512 800
	1152 800
	1152 832
	512 832
4
	2464 800
	3488 800
	3488 832
	2464 832
4
	4032 800
	4160 800
	4160 832
	4032 832
4
	4544 800
	4672 800
	4672 832
	4544 832
4
	5056 800
	5184 800
	5184 832
	5056 832
4
	5728 800
	6656 800
	6656 832
	5728 832
4
	6880 800
	6976 800
	6976 832
	6880 832
4
	9184 800
	10144 800
	10144 832
	9184 832
4
	10560 800
	10720 800
	10720 832
	10560 832
4
	11296 800
	13728 800
	13728 832
	11296 832
4
	15744 800
	16896 800
	16896 832
	15744 832
4
	0 832
	64 832
	64 864
	0 864
4
	512 832
	1184 832
	1184 864
	512 864
4
	2464 832
	2528 832
	2528 864
	2464 864
4
	2560 832
	3488 832
	3488 864
	2560 864
4
	4032 832
	4160 832
	4160 864
	4032 864
4
	4544 832
	4672 832
	4672 864
	4544 864
4
	5056 832
	5184 832
	5184 864
	5056 864
4
	5760 832
	6656 832
	6656 864
	5760 864
4
	7616 832
	7744 832
	7744 864
	7616 864
4
	9184 832
	10144 832
	10144 864
	9184 864
4
	10528 832
	10976 832
	10976 864
	10528 864
4
	11264 832
	13728 832
	13728 864
	11264 864
4
	15744 832
	16896 832
	16896 864
	15744 864
4
	0 864
	64 864
	64 896
	0 896
4
	512 864
	1088 864
	1088 896
	512 896
4
	2560 864
	3456 864
	3456 896
	2560 896
4
	5760 864
	6656 864
	6656 896
	5760 896
4
	7616 864
	7744 864
	7744 896
	7616 896
4
	9184 864
	10112 864
	10112 896
	9184 896
4
	10496 864
	11008 864
	11008 896
	10496 896
4
	11232 864
	13696 864
	13696 896
	11232 896
4
	15744 864
	16896 864
	16896 896
	15744 896
4
	0 896
	64 896
	64 928
	0 928
4
	512 896
	1088 896
	1088 928
	512 928
4
	2560 896
	3424 896
	3424 928
	2560 928
4
	5792 896
	6656 896
	6656 928
	5792 928
4
	7168 896
	7360 896
	7360 928
	7168 928
4
	7584 896
	7840 896
	7840 928
	7584 928
4
	9184 896
	10144 896
	10144 928
	9184 928
4
	10464 896
	11072 896
	11072 928
	10464 928
4
	11200 896
	13696 896
	13696 928
	11200 928
4
	15072 896
	15168 896
	15168 928
	15072 928
4
	15744 896
	16896 896
	16896 928
	15744 928
4
	0 928
	64 928
	64 960
	0 960
4
	512 928
	1088 928
	1088 960
	512 960
4
	2560 928
	3424 928
	3424 960
	2560 960
4
	5792 928
	6656 928
	6656 960
	5792 960
4
	7168 928
	7840 928
	7840 960
	7168 960
4
	9184 928
	10144 928
	10144 960
	9184 960
4
	10400 928
	11136 928
	11136 960
	10400 960
4
	11168 928
	13664 928
	13664 960
	11168 960
4
	15072 928
	15296 928
	15296 960
	15072 960
4
	15744 928
	16032 928
	16032 960
	15744 960
4
	16224 928
	16896 928
	16896 960
	16224 960
4
	0 960
	64 960
	64 992
	0 992
4
	96 960
	224 960
	224 992
	96 992
4
	352 960
	448 960
	448 992
	352 992
4
	480 960
	1120 960
	1120 992
	480 992
4
	1504 960
	1632 960
	1632 992
	1504 992
4
	2016 960
	2144 960
	2144 992
	2016 992
4
	2528 960
	3424 960
	3424 992
	2528 992
4
	5792 960
	6720 960
	6720 992
	5792 992
4
	7104 960
	7840 960
	7840 992
	7104 992
4
	9152 960
	10080 960
	10080 992
	9152 992
4
	10368 960
	13664 960
	13664 992
	10368 992
4
	15136 960
	15360 960
	15360 992
	15136 992
4
	15744 960
	16000 960
	16000 992
	15744 992
4
	16288 960
	16896 960
	16896 992
	16288 992
4
	0 992
	224 992
	224 1024
	0 1024
4
	352 992
	1120 992
	1120 1024
	352 1024
4
	1472 992
	1632 992
	1632 1024
	1472 1024
4
	1984 992
	2144 992
	2144 1024
	1984 1024
4
	2496 992
	3424 992
	3424 1024
	2496 1024
4
	5792 992
	6720 992
	6720 1024
	5792 1024
4
	7104 992
	7840 992
	7840 1024
	7104 1024
4
	9152 992
	10112 992
	10112 1024
	9152 1024
4
	10336 992
	13696 992
	13696 1024
	10336 1024
4
	15232 992
	15424 992
	15424 1024
	15232 1024
4
	15744 992
	15936 992
	15936 1024
	15744 1024
4
	16320 992
	16896 992
	16896 1024
	16320 1024
4
	0 1024
	224 1024
	224 1056
	0 1056
4
	352 1024
	1120 1024
	1120 1056
	352 1056
4
	1472 1024
	1632 1024
	1632 1056
	1472 1056
4
	1984 1024
	2144 1024
	2144 1056
	1984 1056
4
	2496 1024
	3456 1024
	3456 1056
	2496 1056
4
	5792 1024
	6240 1024
	6240 1056
	5792 1056
4
	6304 1024
	6400 1024
	6400 1056
	6304 1056
4
	6592 1024
	6720 1024
	6720 1056
	6592 1056
4
	7104 1024
	7776 1024
	7776 1056
	7104 1056
4
	9152 1024
	9376 1024
	9376 1056
	9152 1056
4
	9408 1024
	10112 1024
	10112 1056
	9408 1056
4
	10304 1024
	11904 1024
	11904 1056
	10304 1056
4
	12224 1024
	12352 1024
	12352 1056
	12224 1056
4
	12736 1024
	12864 1024
	12864 1056
	12736 1056
4
	13248 1024
	13696 1024
	13696 1056
	13248 1056
4
	15296 1024
	15488 1024
	15488 1056
	15296 1056
4
	15744 1024
	15904 1024
	15904 1056
	15744 1056
4
	16320 1024
	16896 1024
	16896 1056
	16320 1056
4
	0 1056
	224 1056
	224 1088
	0 1088
4
	352 1056
	608 1056
	608 1088
	352 1088
4
	960 1056
	1120 1056
	1120 1088
	960 1088
4
	1472 1056
	1632 1056
	1632 1088
	1472 1088
4
	1984 1056
	2144 1056
	2144 1088
	1984 1088
4
	2496 1056
	2656 1056
	2656 1088
	2496 1088
4
	2976 1056
	3424 1056
	3424 1088
	2976 1088
4
	5792 1056
	5920 1056
	5920 1088
	5792 1088
4
	6080 1056
	6240 1056
	6240 1088
	6080 1088
4
	6304 1056
	6432 1056
	6432 1088
	6304 1088
4
	6560 1056
	6720 1056
	6720 1088
	6560 1088
4
	7104 1056
	7744 1056
	7744 1088
	7104 1088
4
	9152 1056
	9376 1056
	9376 1088
	9152 1088
4
	9408 1056
	9792 1056
	9792 1088
	9408 1088
4
	9952 1056
	10080 1056
	10080 1088
	9952 1088
4
	10272 1056
	11552 1056
	11552 1088
	10272 1088
4
	11744 1056
	11904 1056
	11904 1088
	11744 1088
4
	12224 1056
	12352 1056
	12352 1088
	12224 1088
4
	12736 1056
	12864 1056
	12864 1088
	12736 1088
4
	13248 1056
	13664 1056
	13664 1088
	13248 1088
4
	15360 1056
	15552 1056
	15552 1088
	15360 1088
4
	15744 1056
	15872 1056
	15872 1088
	15744 1088
4
	16320 1056
	16896 1056
	16896 1088
	16320 1088
4
	0 1088
	32 1088
	32 1120
	0 1120
4
	512 1088
	576 1088
	576 1120
	512 1120
4
	992 1088
	1088 1088
	1088 1120
	992 1120
4
	1504 1088
	1600 1088
	1600 1120
	1504 1120
4
	1984 1088
	2112 1088
	2112 1120
	1984 1120
4
	2464 1088
	2656 1088
	2656 1120
	2464 1120
4
	2976 1088
	3360 1088
	3360 1120
	2976 1120
4
	5824 1088
	5888 1088
	5888 1120
	5824 1120
4
	6080 1088
	6272 1088
	6272 1120
	6080 1120
4
	6304 1088
	6400 1088
	6400 1120
	6304 1120
4
	6560 1088
	6656 1088
	6656 1120
	6560 1120
4
	7072 1088
	7712 1088
	7712 1120
	7072 1120
4
	9152 1088
	9376 1088
	9376 1120
	9152 1120
4
	9408 1088
	9792 1088
	9792 1120
	9408 1120
4
	10016 1088
	10048 1088
	10048 1120
	10016 1120
4
	10272 1088
	11424 1088
	11424 1120
	10272 1120
4
	11456 1088
	11520 1088
	11520 1120
	11456 1120
4
	11712 1088
	11840 1088
	11840 1120
	11712 1120
4
	12256 1088
	12320 1088
	12320 1120
	12256 1120
4
	12768 1088
	12832 1088
	12832 1120
	12768 1120
4
	13248 1088
	13536 1088
	13536 1120
	13248 1120
4
	13600 1088
	13632 1088
	13632 1120
	13600 1120
4
	15424 1088
	15616 1088
	15616 1120
	15424 1120
4
	15744 1088
	15872 1088
	15872 1120
	15744 1120
4
	16320 1088
	16896 1088
	16896 1120
	16320 1120
4
	0 1120
	32 1120
	32 1152
	0 1152
4
	512 1120
	576 1120
	576 1152
	512 1152
4
	2464 1120
	2656 1120
	2656 1152
	2464 1152
4
	3040 1120
	3360 1120
	3360 1152
	3040 1152
4
	6080 1120
	6272 1120
	6272 1152
	6080 1152
4
	6560 1120
	6656 1120
	6656 1152
	6560 1152
4
	7040 1120
	7712 1120
	7712 1152
	7040 1152
4
	9152 1120
	9376 1120
	9376 1152
	9152 1152
4
	9536 1120
	9632 1120
	9632 1152
	9536 1152
4
	9664 1120
	9792 1120
	9792 1152
	9664 1152
4
	10272 1120
	11328 1120
	11328 1152
	10272 1152
4
	11712 1120
	11840 1120
	11840 1152
	11712 1152
4
	12256 1120
	12320 1120
	12320 1152
	12256 1152
4
	12768 1120
	12832 1120
	12832 1152
	12768 1152
4
	13248 1120
	13408 1120
	13408 1152
	13248 1152
4
	13440 1120
	13504 1120
	13504 1152
	13440 1152
4
	15488 1120
	15840 1120
	15840 1152
	15488 1152
4
	16448 1120
	16896 1120
	16896 1152
	16448 1152
4
	0 1152
	32 1152
	32 1184
	0 1184
4
	2528 1152
	2656 1152
	2656 1184
	2528 1184
4
	3040 1152
	3360 1152
	3360 1184
	3040 1184
4
	6560 1152
	6656 1152
	6656 1184
	6560 1184
4
	7040 1152
	7712 1152
	7712 1184
	7040 1184
4
	9152 1152
	9280 1152
	9280 1184
	9152 1184
4
	9664 1152
	9792 1152
	9792 1184
	9664 1184
4
	10240 1152
	11328 1152
	11328 1184
	10240 1184
4
	11712 1152
	11904 1152
	11904 1184
	11712 1184
4
	13216 1152
	13408 1152
	13408 1184
	13216 1184
4
	13440 1152
	13504 1152
	13504 1184
	13440 1184
4
	15552 1152
	15840 1152
	15840 1184
	15552 1184
4
	16480 1152
	16896 1152
	16896 1184
	16480 1184
4
	0 1184
	32 1184
	32 1216
	0 1216
4
	2528 1184
	2656 1184
	2656 1216
	2528 1216
4
	3040 1184
	3136 1184
	3136 1216
	3040 1216
4
	6560 1184
	6656 1184
	6656 1216
	6560 1216
4
	7040 1184
	7712 1184
	7712 1216
	7040 1216
4
	7744 1184
	7808 1184
	7808 1216
	7744 1216
4
	9152 1184
	9280 1184
	9280 1216
	9152 1216
4
	9664 1184
	9792 1184
	9792 1216
	9664 1216
4
	10240 1184
	11296 1184
	11296 1216
	10240 1216
4
	11712 1184
	11904 1184
	11904 1216
	11712 1216
4
	13216 1184
	13408 1184
	13408 1216
	13216 1216
4
	15680 1184
	15808 1184
	15808 1216
	15680 1216
4
	16064 1184
	16256 1184
	16256 1216
	16064 1216
4
	16480 1184
	16896 1184
	16896 1216
	16480 1216
4
	0 1216
	128 1216
	128 1248
	0 1248
4
	7072 1216
	7808 1216
	7808 1248
	7072 1248
4
	16064 1216
	16256 1216
	16256 1248
	16064 1248
4
	16480 1216
	16896 1216
	16896 1248
	16480 1248
4
	0 1248
	128 1248
	128 1280
	0 1280
4
	7072 1248
	7808 1248
	7808 1280
	7072 1280
4
	16064 1248
	16256 1248
	16256 1280
	16064 1280
4
	16480 1248
	16896 1248
	16896 1280
	16480 1280
4
	0 1280
	128 1280
	128 1312
	0 1312
4
	7072 1280
	7808 1280
	7808 1312
	7072 1312
4
	16064 1280
	16256 1280
	16256 1312
	16064 1312
4
	16480 1280
	16896 1280
	16896 1312
	16480 1312
4
	0 1312
	128 1312
	128 1344
	0 1344
4
	7072 1312
	7808 1312
	7808 1344
	7072 1344
4
	16064 1312
	16256 1312
	16256 1344
	16064 1344
4
	16480 1312
	16896 1312
	16896 1344
	16480 1344
4
	0 1344
	32 1344
	32 1376
	0 1376
4
	2528 1344
	2656 1344
	2656 1376
	2528 1376
4
	3040 1344
	3136 1344
	3136 1376
	3040 1376
4
	7072 1344
	7712 1344
	7712 1376
	7072 1376
4
	7744 1344
	7808 1344
	7808 1376
	7744 1376
4
	9152 1344
	9280 1344
	9280 1376
	9152 1376
4
	9664 1344
	9792 1344
	9792 1376
	9664 1376
4
	10240 1344
	11296 1344
	11296 1376
	10240 1376
4
	11712 1344
	11904 1344
	11904 1376
	11712 1376
4
	13216 1344
	13408 1344
	13408 1376
	13216 1376
4
	15712 1344
	15808 1344
	15808 1376
	15712 1376
4
	16064 1344
	16256 1344
	16256 1376
	16064 1376
4
	16480 1344
	16896 1344
	16896 1376
	16480 1376
4
	0 1376
	32 1376
	32 1408
	0 1408
4
	2528 1376
	2656 1376
	2656 1408
	2528 1408
4
	3040 1376
	3392 1376
	3392 1408
	3040 1408
4
	7040 1376
	7712 1376
	7712 1408
	7040 1408
4
	9152 1376
	9280 1376
	9280 1408
	9152 1408
4
	9664 1376
	9792 1376
	9792 1408
	9664 1408
4
	10240 1376
	11328 1376
	11328 1408
	10240 1408
4
	11712 1376
	11904 1376
	11904 1408
	11712 1408
4
	12352 1376
	12384 1376
	12384 1408
	12352 1408
4
	13216 1376
	13408 1376
	13408 1408
	13216 1408
4
	13440 1376
	13504 1376
	13504 1408
	13440 1408
4
	15584 1376
	15840 1376
	15840 1408
	15584 1408
4
	16448 1376
	16896 1376
	16896 1408
	16448 1408
4
	0 1408
	32 1408
	32 1440
	0 1440
4
	512 1408
	576 1408
	576 1440
	512 1440
4
	2528 1408
	2656 1408
	2656 1440
	2528 1440
4
	3040 1408
	3392 1408
	3392 1440
	3040 1440
4
	6080 1408
	6272 1408
	6272 1440
	6080 1440
4
	6496 1408
	6560 1408
	6560 1440
	6496 1440
4
	7040 1408
	7712 1408
	7712 1440
	7040 1440
4
	9152 1408
	9376 1408
	9376 1440
	9152 1440
4
	9536 1408
	9632 1408
	9632 1440
	9536 1440
4
	9664 1408
	9792 1408
	9792 1440
	9664 1440
4
	10272 1408
	11328 1408
	11328 1440
	10272 1440
4
	11712 1408
	11840 1408
	11840 1440
	11712 1440
4
	12256 1408
	12320 1408
	12320 1440
	12256 1440
4
	12768 1408
	12832 1408
	12832 1440
	12768 1440
4
	13248 1408
	13408 1408
	13408 1440
	13248 1440
4
	13440 1408
	13504 1408
	13504 1440
	13440 1440
4
	15520 1408
	15840 1408
	15840 1440
	15520 1440
4
	16448 1408
	16896 1408
	16896 1440
	16448 1440
4
	0 1440
	32 1440
	32 1472
	0 1472
4
	192 1440
	320 1440
	320 1472
	192 1472
4
	512 1440
	576 1440
	576 1472
	512 1472
4
	2464 1440
	2656 1440
	2656 1472
	2464 1472
4
	3040 1440
	3392 1440
	3392 1472
	3040 1472
4
	6080 1440
	6272 1440
	6272 1472
	6080 1472
4
	6304 1440
	6400 1440
	6400 1472
	6304 1472
4
	6464 1440
	6592 1440
	6592 1472
	6464 1472
4
	7040 1440
	7712 1440
	7712 1472
	7040 1472
4
	9152 1440
	9376 1440
	9376 1472
	9152 1472
4
	9408 1440
	9792 1440
	9792 1472
	9408 1472
4
	10016 1440
	10048 1440
	10048 1472
	10016 1472
4
	10272 1440
	11392 1440
	11392 1472
	10272 1472
4
	11712 1440
	11840 1440
	11840 1472
	11712 1472
4
	12256 1440
	12320 1440
	12320 1472
	12256 1472
4
	12768 1440
	12832 1440
	12832 1472
	12768 1472
4
	13248 1440
	13536 1440
	13536 1472
	13248 1472
4
	13600 1440
	13632 1440
	13632 1472
	13600 1472
4
	15456 1440
	15616 1440
	15616 1472
	15456 1472
4
	15744 1440
	15872 1440
	15872 1472
	15744 1472
4
	16320 1440
	16896 1440
	16896 1472
	16320 1472
4
	0 1472
	64 1472
	64 1504
	0 1504
4
	192 1472
	320 1472
	320 1504
	192 1504
4
	480 1472
	576 1472
	576 1504
	480 1504
4
	992 1472
	1120 1472
	1120 1504
	992 1504
4
	1504 1472
	1632 1472
	1632 1504
	1504 1504
4
	1984 1472
	2144 1472
	2144 1504
	1984 1504
4
	2464 1472
	2656 1472
	2656 1504
	2464 1504
4
	3008 1472
	3424 1472
	3424 1504
	3008 1504
4
	5792 1472
	5920 1472
	5920 1504
	5792 1504
4
	6080 1472
	6272 1472
	6272 1504
	6080 1504
4
	6304 1472
	6432 1472
	6432 1504
	6304 1504
4
	6464 1472
	6720 1472
	6720 1504
	6464 1504
4
	7104 1472
	7744 1472
	7744 1504
	7104 1504
4
	9152 1472
	9376 1472
	9376 1504
	9152 1504
4
	9408 1472
	9792 1472
	9792 1504
	9408 1504
4
	9952 1472
	10112 1472
	10112 1504
	9952 1504
4
	10272 1472
	11552 1472
	11552 1504
	10272 1504
4
	11744 1472
	11904 1472
	11904 1504
	11744 1504
4
	12224 1472
	12352 1472
	12352 1504
	12224 1504
4
	12736 1472
	12864 1472
	12864 1504
	12736 1504
4
	13248 1472
	13696 1472
	13696 1504
	13248 1504
4
	15392 1472
	15552 1472
	15552 1504
	15392 1504
4
	15744 1472
	15872 1472
	15872 1504
	15744 1504
4
	16320 1472
	16896 1472
	16896 1504
	16320 1504
4
	0 1504
	96 1504
	96 1536
	0 1536
4
	192 1504
	320 1504
	320 1536
	192 1536
4
	480 1504
	608 1504
	608 1536
	480 1536
4
	960 1504
	1120 1504
	1120 1536
	960 1536
4
	1472 1504
	1632 1504
	1632 1536
	1472 1536
4
	1984 1504
	2144 1504
	2144 1536
	1984 1536
4
	2496 1504
	2656 1504
	2656 1536
	2496 1536
4
	3008 1504
	3456 1504
	3456 1536
	3008 1536
4
	5792 1504
	6240 1504
	6240 1536
	5792 1536
4
	6304 1504
	6400 1504
	6400 1536
	6304 1536
4
	6496 1504
	6720 1504
	6720 1536
	6496 1536
4
	7072 1504
	7776 1504
	7776 1536
	7072 1536
4
	9152 1504
	9376 1504
	9376 1536
	9152 1536
4
	9408 1504
	10112 1504
	10112 1536
	9408 1536
4
	10272 1504
	11904 1504
	11904 1536
	10272 1536
4
	12224 1504
	12352 1504
	12352 1536
	12224 1536
4
	12736 1504
	12864 1504
	12864 1536
	12736 1536
4
	13248 1504
	13696 1504
	13696 1536
	13248 1536
4
	15296 1504
	15488 1504
	15488 1536
	15296 1536
4
	15744 1504
	15904 1504
	15904 1536
	15744 1536
4
	16320 1504
	16896 1504
	16896 1536
	16320 1536
4
	0 1536
	1120 1536
	1120 1568
	0 1568
4
	1472 1536
	1632 1536
	1632 1568
	1472 1568
4
	1984 1536
	2144 1536
	2144 1568
	1984 1568
4
	2496 1536
	3456 1536
	3456 1568
	2496 1568
4
	5792 1536
	6720 1536
	6720 1568
	5792 1568
4
	7072 1536
	7840 1536
	7840 1568
	7072 1568
4
	9152 1536
	10112 1536
	10112 1568
	9152 1568
4
	10304 1536
	13696 1536
	13696 1568
	10304 1568
4
	15232 1536
	15424 1536
	15424 1568
	15232 1568
4
	15744 1536
	15936 1536
	15936 1568
	15744 1568
4
	16320 1536
	16896 1536
	16896 1568
	16320 1568
4
	0 1568
	1120 1568
	1120 1600
	0 1600
4
	1472 1568
	1632 1568
	1632 1600
	1472 1600
4
	1984 1568
	2144 1568
	2144 1600
	1984 1600
4
	2496 1568
	3424 1568
	3424 1600
	2496 1600
4
	5792 1568
	6720 1568
	6720 1600
	5792 1600
4
	7104 1568
	7840 1568
	7840 1600
	7104 1600
4
	9152 1568
	10080 1568
	10080 1600
	9152 1600
4
	10304 1568
	10368 1568
	10368 1600
	10304 1600
4
	10400 1568
	13664 1568
	13664 1600
	10400 1600
4
	15104 1568
	15360 1568
	15360 1600
	15104 1600
4
	15744 1568
	16000 1568
	16000 1600
	15744 1600
4
	16288 1568
	16896 1568
	16896 1600
	16288 1600
4
	0 1600
	1088 1600
	1088 1632
	0 1632
4
	1504 1600
	1600 1600
	1600 1632
	1504 1632
4
	2016 1600
	2112 1600
	2112 1632
	2016 1632
4
	2528 1600
	3424 1600
	3424 1632
	2528 1632
4
	5792 1600
	6656 1600
	6656 1632
	5792 1632
4
	7264 1600
	7840 1600
	7840 1632
	7264 1632
4
	9184 1600
	10144 1600
	10144 1632
	9184 1632
4
	10336 1600
	10368 1600
	10368 1632
	10336 1632
4
	10432 1600
	13664 1600
	13664 1632
	10432 1632
4
	15072 1600
	15296 1600
	15296 1632
	15072 1632
4
	15744 1600
	16032 1600
	16032 1632
	15744 1632
4
	16224 1600
	16896 1600
	16896 1632
	16224 1632
4
	0 1632
	1088 1632
	1088 1664
	0 1664
4
	2560 1632
	3456 1632
	3456 1664
	2560 1664
4
	5792 1632
	6784 1632
	6784 1664
	5792 1664
4
	7552 1632
	7840 1632
	7840 1664
	7552 1664
4
	9184 1632
	10144 1632
	10144 1664
	9184 1664
4
	10464 1632
	11072 1632
	11072 1664
	10464 1664
4
	11168 1632
	13696 1632
	13696 1664
	11168 1664
4
	15072 1632
	15136 1632
	15136 1664
	15072 1664
4
	15744 1632
	16896 1632
	16896 1664
	15744 1664
4
	0 1664
	1088 1664
	1088 1696
	0 1696
4
	2560 1664
	3456 1664
	3456 1696
	2560 1696
4
	5792 1664
	6784 1664
	6784 1696
	5792 1696
4
	7616 1664
	7744 1664
	7744 1696
	7616 1696
4
	9184 1664
	10112 1664
	10112 1696
	9184 1696
4
	10496 1664
	11008 1664
	11008 1696
	10496 1696
4
	11200 1664
	13696 1664
	13696 1696
	11200 1696
4
	15744 1664
	16896 1664
	16896 1696
	15744 1696
4
	0 1696
	1152 1696
	1152 1728
	0 1728
4
	2464 1696
	2528 1696
	2528 1728
	2464 1728
4
	2560 1696
	3456 1696
	3456 1728
	2560 1728
4
	4064 1696
	4160 1696
	4160 1728
	4064 1728
4
	4576 1696
	4672 1696
	4672 1728
	4576 1728
4
	5088 1696
	5184 1696
	5184 1728
	5088 1728
4
	5760 1696
	6784 1696
	6784 1728
	5760 1728
4
	7616 1696
	7744 1696
	7744 1728
	7616 1728
4
	9184 1696
	10112 1696
	10112 1728
	9184 1728
4
	10560 1696
	10976 1696
	10976 1728
	10560 1728
4
	11232 1696
	13696 1696
	13696 1728
	11232 1728
4
	15744 1696
	16896 1696
	16896 1728
	15744 1728
4
	0 1728
	1152 1728
	1152 1760
	0 1760
4
	2464 1728
	2528 1728
	2528 1760
	2464 1760
4
	2560 1728
	3488 1728
	3488 1760
	2560 1760
4
	4032 1728
	4160 1728
	4160 1760
	4032 1760
4
	4544 1728
	4672 1728
	4672 1760
	4544 1760
4
	5056 1728
	5184 1728
	5184 1760
	5056 1760
4
	5728 1728
	6752 1728
	6752 1760
	5728 1760
4
	9184 1728
	10144 1728
	10144 1760
	9184 1760
4
	11264 1728
	13728 1728
	13728 1760
	11264 1760
4
	15744 1728
	16896 1728
	16896 1760
	15744 1760
4
	0 1760
	1152 1760
	1152 1792
	0 1792
4
	2464 1760
	3520 1760
	3520 1792
	2464 1792
4
	4032 1760
	4160 1760
	4160 1792
	4032 1792
4
	4544 1760
	4672 1760
	4672 1792
	4544 1792
4
	5056 1760
	5184 1760
	5184 1792
	5056 1792
4
	5728 1760
	6752 1760
	6752 1792
	5728 1792
4
	9184 1760
	10272 1760
	10272 1792
	9184 1792
4
	11264 1760
	13792 1760
	13792 1792
	11264 1792
4
	15776 1760
	16896 1760
	16896 1792
	15776 1792
4
	0 1792
	1152 1792
	1152 1824
	0 1824
4
	2464 1792
	3584 1792
	3584 1824
	2464 1824
4
	4032 1792
	4160 1792
	4160 1824
	4032 1824
4
	4544 1792
	4672 1792
	4672 1824
	4544 1824
4
	5056 1792
	5184 1792
	5184 1824
	5056 1824
4
	5664 1792
	6752 1792
	6752 1824
	5664 1824
4
	9184 1792
	10272 1792
	10272 1824
	9184 1824
4
	11264 1792
	13824 1792
	13824 1824
	11264 1824
4
	15776 1792
	16896 1792
	16896 1824
	15776 1824
4
	0 1824
	1152 1824
	1152 1856
	0 1856
4
	2464 1824
	3712 1824
	3712 1856
	2464 1856
4
	4064 1824
	4160 1824
	4160 1856
	4064 1856
4
	4544 1824
	4672 1824
	4672 1856
	4544 1856
4
	5088 1824
	5184 1824
	5184 1856
	5088 1856
4
	5536 1824
	6752 1824
	6752 1856
	5536 1856
4
	9184 1824
	10368 1824
	10368 1856
	9184 1856
4
	11168 1824
	13952 1824
	13952 1856
	11168 1856
4
	15776 1824
	16896 1824
	16896 1856
	15776 1856
4
	0 1856
	1088 1856
	1088 1888
	0 1888
4
	2464 1856
	2528 1856
	2528 1888
	2464 1888
4
	2560 1856
	3712 1856
	3712 1888
	2560 1888
4
	4544 1856
	4672 1856
	4672 1888
	4544 1888
4
	5504 1856
	6752 1856
	6752 1888
	5504 1888
4
	7616 1856
	7744 1856
	7744 1888
	7616 1888
4
	9184 1856
	10368 1856
	10368 1888
	9184 1888
4
	11136 1856
	13952 1856
	13952 1888
	11136 1888
4
	15776 1856
	16896 1856
	16896 1888
	15776 1888
4
	0 1888
	1088 1888
	1088 1920
	0 1920
4
	2560 1888
	3712 1888
	3712 1920
	2560 1920
4
	4544 1888
	4672 1888
	4672 1920
	4544 1920
4
	5504 1888
	6752 1888
	6752 1920
	5504 1920
4
	7616 1888
	7744 1888
	7744 1920
	7616 1920
4
	9184 1888
	10368 1888
	10368 1920
	9184 1920
4
	11136 1888
	13952 1888
	13952 1920
	11136 1920
4
	15744 1888
	16896 1888
	16896 1920
	15744 1920
4
	0 1920
	1088 1920
	1088 1952
	0 1952
4
	1376 1920
	1504 1920
	1504 1952
	1376 1952
4
	1760 1920
	1856 1920
	1856 1952
	1760 1952
4
	2112 1920
	2176 1920
	2176 1952
	2112 1952
4
	2208 1920
	2400 1920
	2400 1952
	2208 1952
4
	2560 1920
	3744 1920
	3744 1952
	2560 1952
4
	4544 1920
	4672 1920
	4672 1952
	4544 1952
4
	5504 1920
	6784 1920
	6784 1952
	5504 1952
4
	7136 1920
	7200 1920
	7200 1952
	7136 1952
4
	7552 1920
	7744 1920
	7744 1952
	7552 1952
4
	9184 1920
	10400 1920
	10400 1952
	9184 1952
4
	10432 1920
	10496 1920
	10496 1952
	10432 1952
4
	11040 1920
	11104 1920
	11104 1952
	11040 1952
4
	11136 1920
	13984 1920
	13984 1952
	11136 1952
4
	15744 1920
	16896 1920
	16896 1952
	15744 1952
4
	0 1952
	1088 1952
	1088 1984
	0 1984
4
	1312 1952
	1536 1952
	1536 1984
	1312 1984
4
	1728 1952
	1920 1952
	1920 1984
	1728 1984
4
	2080 1952
	2400 1952
	2400 1984
	2080 1984
4
	2560 1952
	3808 1952
	3808 1984
	2560 1984
4
	4544 1952
	4704 1952
	4704 1984
	4544 1984
4
	5440 1952
	6784 1952
	6784 1984
	5440 1984
4
	6848 1952
	6944 1952
	6944 1984
	6848 1984
4
	7136 1952
	7200 1952
	7200 1984
	7136 1984
4
	7264 1952
	7744 1952
	7744 1984
	7264 1984
4
	9184 1952
	10496 1952
	10496 1984
	9184 1984
4
	11040 1952
	14048 1952
	14048 1984
	11040 1984
4
	15744 1952
	16896 1952
	16896 1984
	15744 1984
4
	0 1984
	1120 1984
	1120 2016
	0 2016
4
	1312 1984
	1632 1984
	1632 2016
	1312 2016
4
	1728 1984
	1920 1984
	1920 2016
	1728 2016
4
	2016 1984
	2400 1984
	2400 2016
	2016 2016
4
	2496 1984
	3872 1984
	3872 2016
	2496 2016
4
	4032 1984
	4160 1984
	4160 2016
	4032 2016
4
	4544 1984
	4704 1984
	4704 2016
	4544 2016
4
	5056 1984
	5184 1984
	5184 2016
	5056 2016
4
	5344 1984
	6720 1984
	6720 2016
	5344 2016
4
	6816 1984
	6944 1984
	6944 2016
	6816 2016
4
	7104 1984
	7744 1984
	7744 2016
	7104 2016
4
	8128 1984
	8256 1984
	8256 2016
	8128 2016
4
	8640 1984
	8768 1984
	8768 2016
	8640 2016
4
	9152 1984
	10528 1984
	10528 2016
	9152 2016
4
	10592 1984
	10656 1984
	10656 2016
	10592 2016
4
	10688 1984
	10816 1984
	10816 2016
	10688 2016
4
	10848 1984
	10944 1984
	10944 2016
	10848 2016
4
	10976 1984
	14112 1984
	14112 2016
	10976 2016
4
	14272 1984
	14400 1984
	14400 2016
	14272 2016
4
	14784 1984
	14912 1984
	14912 2016
	14784 2016
4
	15296 1984
	15424 1984
	15424 2016
	15296 2016
4
	15744 1984
	16896 1984
	16896 2016
	15744 2016
4
	0 2016
	4256 2016
	4256 2048
	0 2048
4
	4448 2016
	4768 2016
	4768 2048
	4448 2048
4
	4960 2016
	5216 2016
	5216 2048
	4960 2048
4
	5248 2016
	6720 2016
	6720 2048
	5248 2048
4
	6816 2016
	6944 2016
	6944 2048
	6816 2048
4
	7104 2016
	7840 2016
	7840 2048
	7104 2048
4
	8032 2016
	8352 2016
	8352 2048
	8032 2048
4
	8544 2016
	8864 2016
	8864 2048
	8544 2048
4
	9056 2016
	14464 2016
	14464 2048
	9056 2048
4
	14656 2016
	15072 2016
	15072 2048
	14656 2048
4
	15200 2016
	15552 2016
	15552 2048
	15200 2048
4
	15744 2016
	16896 2016
	16896 2048
	15744 2048
4
	0 2048
	7840 2048
	7840 2080
	0 2080
4
	8032 2048
	8352 2048
	8352 2080
	8032 2080
4
	8544 2048
	8864 2048
	8864 2080
	8544 2080
4
	9056 2048
	14464 2048
	14464 2080
	9056 2080
4
	14656 2048
	15072 2048
	15072 2080
	14656 2080
4
	15200 2048
	15552 2048
	15552 2080
	15200 2080
4
	15744 2048
	16896 2048
	16896 2080
	15744 2080
4
	0 2080
	7840 2080
	7840 2112
	0 2112
4
	7904 2080
	7968 2080
	7968 2112
	7904 2112
4
	8032 2080
	8352 2080
	8352 2112
	8032 2112
4
	8416 2080
	8480 2080
	8480 2112
	8416 2112
4
	8544 2080
	8864 2080
	8864 2112
	8544 2112
4
	8928 2080
	8992 2080
	8992 2112
	8928 2112
4
	9056 2080
	14464 2080
	14464 2112
	9056 2112
4
	14656 2080
	15552 2080
	15552 2112
	14656 2112
4
	15744 2080
	16896 2080
	16896 2112
	15744 2112
4
	0 2112
	7872 2112
	7872 2144
	0 2144
4
	7904 2112
	7968 2112
	7968 2144
	7904 2144
4
	8000 2112
	8384 2112
	8384 2144
	8000 2144
4
	8416 2112
	8480 2112
	8480 2144
	8416 2144
4
	8512 2112
	8896 2112
	8896 2144
	8512 2144
4
	8928 2112
	8992 2112
	8992 2144
	8928 2144
4
	9024 2112
	14496 2112
	14496 2144
	9024 2144
4
	14624 2112
	15584 2112
	15584 2144
	14624 2144
4
	15712 2112
	16896 2112
	16896 2144
	15712 2144
4
	0 2144
	16896 2144
	16896 2176
	0 2176
4
	0 2176
	16896 2176
	16896 2208
	0 2208
4
	0 2208
	16896 2208
	16896 2240
	0 2240
4
	-32 -32
	16928 -32
	16928 0
	-32 0
4
	-32 2240
	16928 2240
	16928 2272
	-32 2272
4
	-32 0
	0 0
	0 2240
	-32 2240
4
	16896 0
	16928 0
	16928 2240
	16896 2240
