2005
4
	0 0
	9504 0
	9504 32
	0 32
4
	0 32
	9504 32
	9504 64
	0 64
4
	0 64
	9504 64
	9504 96
	0 96
4
	0 96
	9504 96
	9504 128
	0 128
4
	0 128
	9504 128
	9504 160
	0 160
4
	0 160
	9504 160
	9504 192
	0 192
4
	0 192
	864 192
	864 224
	0 224
4
	896 192
	9504 192
	9504 224
	896 224
4
	0 224
	864 224
	864 256
	0 256
4
	896 224
	1088 224
	1088 256
	896 256
4
	1120 224
	9504 224
	9504 256
	1120 256
4
	0 256
	832 256
	832 288
	0 288
4
	896 256
	1056 256
	1056 288
	896 288
4
	1184 256
	9504 256
	9504 288
	1184 288
4
	0 288
	832 288
	832 320
	0 320
4
	928 288
	1056 288
	1056 320
	928 320
4
	1248 288
	9504 288
	9504 320
	1248 320
4
	0 320
	800 320
	800 352
	0 352
4
	1312 320
	9504 320
	9504 352
	1312 352
4
	0 352
	768 352
	768 384
	0 384
4
	1344 352
	9504 352
	9504 384
	1344 384
4
	0 384
	768 384
	768 416
	0 416
4
	1408 384
	9504 384
	9504 416
	1408 416
4
	0 416
	736 416
	736 448
	0 448
4
	1472 416
	9504 416
	9504 448
	1472 448
4
	0 448
	736 448
	736 480
	0 480
4
	1472 448
	9504 448
	9504 480
	1472 480
4
	0 480
	832 480
	832 512
	0 512
4
	1472 480
	9504 480
	9504 512
	1472 512
4
	0 512
	832 512
	832 544
	0 544
4
	1504 512
	9504 512
	9504 544
	1504 544
4
	0 544
	832 544
	832 576
	0 576
4
	1536 544
	9504 544
	9504 576
	1536 576
4
	0 576
	768 576
	768 608
	0 608
4
	1536 576
	9504 576
	9504 608
	1536 608
4
	0 608
	768 608
	768 640
	0 640
4
	1568 608
	9504 608
	9504 640
	1568 640
4
	0 640
	768 640
	768 672
	0 672
4
	1600 640
	9504 640
	9504 672
	1600 672
4
	0 672
	704 672
	704 704
	0 704
4
	1600 672
	9504 672
	9504 704
	1600 704
4
	0 704
	672 704
	672 736
	0 736
4
	1632 704
	9504 704
	9504 736
	1632 736
4
	0 736
	672 736
	672 768
	0 768
4
	1664 736
	9504 736
	9504 768
	1664 768
4
	0 768
	544 768
	544 800
	0 800
4
	1664 768
	9504 768
	9504 800
	1664 800
4
	0 800
	512 800
	512 832
	0 832
4
	1696 800
	9504 800
	9504 832
	1696 832
4
	0 832
	512 832
	512 864
	0 864
4
	1696 832
	9504 832
	9504 864
	1696 864
4
	0 864
	480 864
	480 896
	0 896
4
	1728 864
	9504 864
	9504 896
	1728 896
4
	0 896
	480 896
	480 928
	0 928
4
	1760 896
	9504 896
	9504 928
	1760 928
4
	0 928
	512 928
	512 960
	0 960
4
	1760 928
	9504 928
	9504 960
	1760 960
4
	0 960
	512 960
	512 992
	0 992
4
	1792 960
	9504 960
	9504 992
	1792 992
4
	0 992
	480 992
	480 1024
	0 1024
4
	1792 992
	9504 992
	9504 1024
	1792 1024
4
	0 1024
	480 1024
	480 1056
	0 1056
4
	1216 1024
	1280 1024
	1280 1056
	1216 1056
4
	1824 1024
	9504 1024
	9504 1056
	1824 1056
4
	0 1056
	448 1056
	448 1088
	0 1088
4
	1152 1056
	1312 1056
	1312 1088
	1152 1088
4
	1824 1056
	9504 1056
	9504 1088
	1824 1088
4
	0 1088
	448 1088
	448 1120
	0 1120
4
	1152 1088
	1312 1088
	1312 1120
	1152 1120
4
	1856 1088
	9504 1088
	9504 1120
	1856 1120
4
	0 1120
	416 1120
	416 1152
	0 1152
4
	1152 1120
	1216 1120
	1216 1152
	1152 1152
4
	1856 1120
	9504 1120
	9504 1152
	1856 1152
4
	0 1152
	320 1152
	320 1184
	0 1184
4
	352 1152
	416 1152
	416 1184
	352 1184
4
	1856 1152
	9504 1152
	9504 1184
	1856 1184
4
	0 1184
	288 1184
	288 1216
	0 1216
4
	1856 1184
	9504 1184
	9504 1216
	1856 1216
4
	0 1216
	288 1216
	288 1248
	0 1248
4
	1856 1216
	9504 1216
	9504 1248
	1856 1248
4
	0 1248
	256 1248
	256 1280
	0 1280
4
	1856 1248
	9504 1248
	9504 1280
	1856 1280
4
	0 1280
	256 1280
	256 1312
	0 1312
4
	1952 1280
	9504 1280
	9504 1312
	1952 1312
4
	0 1312
	224 1312
	224 1344
	0 1344
4
	1984 1312
	9504 1312
	9504 1344
	1984 1344
4
	0 1344
	224 1344
	224 1376
	0 1376
4
	2016 1344
	9504 1344
	9504 1376
	2016 1376
4
	0 1376
	192 1376
	192 1408
	0 1408
4
	2016 1376
	9504 1376
	9504 1408
	2016 1408
4
	0 1408
	192 1408
	192 1440
	0 1440
4
	2048 1408
	9504 1408
	9504 1440
	2048 1440
4
	0 1440
	192 1440
	192 1472
	0 1472
4
	1248 1440
	1280 1440
	1280 1472
	1248 1472
4
	2048 1440
	9504 1440
	9504 1472
	2048 1472
4
	0 1472
	192 1472
	192 1504
	0 1504
4
	2080 1472
	9504 1472
	9504 1504
	2080 1504
4
	0 1504
	192 1504
	192 1536
	0 1536
4
	1024 1504
	1088 1504
	1088 1536
	1024 1536
4
	2080 1504
	9504 1504
	9504 1536
	2080 1536
4
	0 1536
	224 1536
	224 1568
	0 1568
4
	960 1536
	1184 1536
	1184 1568
	960 1568
4
	1984 1536
	2048 1536
	2048 1568
	1984 1568
4
	2112 1536
	9504 1536
	9504 1568
	2112 1568
4
	0 1568
	224 1568
	224 1600
	0 1600
4
	928 1568
	1216 1568
	1216 1600
	928 1600
4
	1984 1568
	2080 1568
	2080 1600
	1984 1600
4
	2144 1568
	9504 1568
	9504 1600
	2144 1600
4
	0 1600
	256 1600
	256 1632
	0 1632
4
	896 1600
	1248 1600
	1248 1632
	896 1632
4
	1280 1600
	1376 1600
	1376 1632
	1280 1632
4
	1984 1600
	2112 1600
	2112 1632
	1984 1632
4
	2143 1631
	2145 1631
	2145 1633
	2143 1633
4
	2144 1600
	9504 1600
	9504 1632
	2144 1632
4
	0 1632
	288 1632
	288 1664
	0 1664
4
	384 1632
	512 1632
	512 1664
	384 1664
4
	896 1632
	1248 1632
	1248 1664
	896 1664
4
	1280 1632
	1376 1632
	1376 1664
	1280 1664
4
	1984 1632
	2144 1632
	2144 1664
	1984 1664
4
	2176 1632
	9504 1632
	9504 1664
	2176 1664
4
	0 1664
	320 1664
	320 1696
	0 1696
4
	384 1664
	512 1664
	512 1696
	384 1696
4
	544 1664
	576 1664
	576 1696
	544 1696
4
	896 1664
	1376 1664
	1376 1696
	896 1696
4
	2016 1664
	2144 1664
	2144 1696
	2016 1696
4
	2176 1664
	9504 1664
	9504 1696
	2176 1696
4
	0 1696
	352 1696
	352 1728
	0 1728
4
	896 1696
	1280 1696
	1280 1728
	896 1728
4
	2208 1696
	9504 1696
	9504 1728
	2208 1728
4
	0 1728
	384 1728
	384 1760
	0 1760
4
	896 1728
	1280 1728
	1280 1760
	896 1760
4
	2240 1728
	9504 1728
	9504 1760
	2240 1760
4
	0 1760
	512 1760
	512 1792
	0 1792
4
	928 1760
	1248 1760
	1248 1792
	928 1792
4
	2240 1760
	9504 1760
	9504 1792
	2240 1792
4
	0 1792
	544 1792
	544 1824
	0 1824
4
	928 1792
	1216 1792
	1216 1824
	928 1824
4
	2272 1792
	9504 1792
	9504 1824
	2272 1824
4
	0 1824
	576 1824
	576 1856
	0 1856
4
	960 1824
	1152 1824
	1152 1856
	960 1856
4
	2272 1824
	9504 1824
	9504 1856
	2272 1856
4
	0 1856
	608 1856
	608 1888
	0 1888
4
	960 1856
	1056 1856
	1056 1888
	960 1888
4
	1728 1856
	1760 1856
	1760 1888
	1728 1888
4
	2272 1856
	9504 1856
	9504 1888
	2272 1888
4
	0 1888
	640 1888
	640 1920
	0 1920
4
	2304 1888
	8864 1888
	8864 1920
	2304 1920
4
	9408 1888
	9504 1888
	9504 1920
	9408 1920
4
	0 1920
	672 1920
	672 1952
	0 1952
4
	2304 1920
	7840 1920
	7840 1952
	2304 1952
4
	8128 1920
	8992 1920
	8992 1952
	8128 1952
4
	9248 1920
	9344 1920
	9344 1952
	9248 1952
4
	9408 1920
	9504 1920
	9504 1952
	9408 1952
4
	0 1952
	672 1952
	672 1984
	0 1984
4
	2304 1952
	7808 1952
	7808 1984
	2304 1984
4
	8128 1952
	8352 1952
	8352 1984
	8128 1984
4
	8608 1952
	8672 1952
	8672 1984
	8608 1984
4
	8768 1952
	8992 1952
	8992 1984
	8768 1984
4
	9248 1952
	9344 1952
	9344 1984
	9248 1984
4
	9376 1952
	9504 1952
	9504 1984
	9376 1984
4
	0 1984
	672 1984
	672 2016
	0 2016
4
	2304 1984
	7808 1984
	7808 2016
	2304 2016
4
	8160 1984
	8320 1984
	8320 2016
	8160 2016
4
	8768 1984
	8992 1984
	8992 2016
	8768 2016
4
	9376 1984
	9504 1984
	9504 2016
	9376 2016
4
	0 2016
	672 2016
	672 2048
	0 2048
4
	2336 2016
	7808 2016
	7808 2048
	2336 2048
4
	8192 2016
	8224 2016
	8224 2048
	8192 2048
4
	9344 2016
	9504 2016
	9504 2048
	9344 2048
4
	0 2048
	672 2048
	672 2080
	0 2080
4
	2336 2048
	7808 2048
	7808 2080
	2336 2080
4
	9344 2048
	9504 2048
	9504 2080
	9344 2080
4
	0 2080
	640 2080
	640 2112
	0 2112
4
	2336 2080
	7776 2080
	7776 2112
	2336 2112
4
	9344 2080
	9504 2080
	9504 2112
	9344 2112
4
	0 2112
	640 2112
	640 2144
	0 2144
4
	2304 2112
	4128 2112
	4128 2144
	2304 2144
4
	6464 2112
	7776 2112
	7776 2144
	6464 2144
4
	9344 2112
	9504 2112
	9504 2144
	9344 2144
4
	0 2144
	640 2144
	640 2176
	0 2176
4
	2304 2144
	4096 2144
	4096 2176
	2304 2176
4
	6496 2144
	7776 2144
	7776 2176
	6496 2176
4
	9344 2144
	9504 2144
	9504 2176
	9344 2176
4
	0 2176
	640 2176
	640 2208
	0 2208
4
	2304 2176
	4064 2176
	4064 2208
	2304 2208
4
	6528 2176
	7776 2176
	7776 2208
	6528 2208
4
	9408 2176
	9504 2176
	9504 2208
	9408 2208
4
	0 2208
	672 2208
	672 2240
	0 2240
4
	2336 2208
	4064 2208
	4064 2240
	2336 2240
4
	6560 2208
	7744 2208
	7744 2240
	6560 2240
4
	9440 2208
	9504 2208
	9504 2240
	9440 2240
4
	0 2240
	736 2240
	736 2272
	0 2272
4
	1568 2240
	1632 2240
	1632 2272
	1568 2272
4
	2272 2240
	4064 2240
	4064 2272
	2272 2272
4
	6560 2240
	7744 2240
	7744 2272
	6560 2272
4
	9440 2240
	9504 2240
	9504 2272
	9440 2272
4
	0 2272
	736 2272
	736 2304
	0 2304
4
	1568 2272
	1632 2272
	1632 2304
	1568 2304
4
	2272 2272
	4064 2272
	4064 2304
	2272 2304
4
	6560 2272
	7744 2272
	7744 2304
	6560 2304
4
	9440 2272
	9504 2272
	9504 2304
	9440 2304
4
	0 2304
	736 2304
	736 2336
	0 2336
4
	2272 2304
	4064 2304
	4064 2336
	2272 2336
4
	6560 2304
	7744 2304
	7744 2336
	6560 2336
4
	9440 2304
	9504 2304
	9504 2336
	9440 2336
4
	0 2336
	704 2336
	704 2368
	0 2368
4
	1120 2336
	1216 2336
	1216 2368
	1120 2368
4
	2336 2336
	4064 2336
	4064 2368
	2336 2368
4
	6560 2336
	7712 2336
	7712 2368
	6560 2368
4
	9440 2336
	9504 2336
	9504 2368
	9440 2368
4
	0 2368
	704 2368
	704 2400
	0 2400
4
	1056 2368
	1216 2368
	1216 2400
	1056 2400
4
	2336 2368
	4064 2368
	4064 2400
	2336 2400
4
	6560 2368
	7712 2368
	7712 2400
	6560 2400
4
	9440 2368
	9504 2368
	9504 2400
	9440 2400
4
	0 2400
	736 2400
	736 2432
	0 2432
4
	1056 2400
	1184 2400
	1184 2432
	1056 2432
4
	2336 2400
	4064 2400
	4064 2432
	2336 2432
4
	6560 2400
	7712 2400
	7712 2432
	6560 2432
4
	9440 2400
	9504 2400
	9504 2432
	9440 2432
4
	0 2432
	736 2432
	736 2464
	0 2464
4
	960 2432
	1216 2432
	1216 2464
	960 2464
4
	1984 2432
	2016 2432
	2016 2464
	1984 2464
4
	2336 2432
	4064 2432
	4064 2464
	2336 2464
4
	6560 2432
	7744 2432
	7744 2464
	6560 2464
4
	9440 2432
	9504 2432
	9504 2464
	9440 2464
4
	0 2464
	736 2464
	736 2496
	0 2496
4
	960 2464
	1184 2464
	1184 2496
	960 2496
4
	1984 2464
	2048 2464
	2048 2496
	1984 2496
4
	2303 2495
	2305 2495
	2305 2497
	2303 2497
4
	2240 2464
	2304 2464
	2304 2496
	2240 2496
4
	2336 2464
	4064 2464
	4064 2496
	2336 2496
4
	6560 2464
	7776 2464
	7776 2496
	6560 2496
4
	9440 2464
	9504 2464
	9504 2496
	9440 2496
4
	0 2496
	736 2496
	736 2528
	0 2528
4
	992 2496
	1184 2496
	1184 2528
	992 2528
4
	1952 2496
	2048 2496
	2048 2528
	1952 2528
4
	2304 2496
	4096 2496
	4096 2528
	2304 2528
4
	5504 2496
	5568 2496
	5568 2528
	5504 2528
4
	6016 2496
	6080 2496
	6080 2528
	6016 2528
4
	6496 2496
	7840 2496
	7840 2528
	6496 2528
4
	9440 2496
	9504 2496
	9504 2528
	9440 2528
4
	0 2528
	800 2528
	800 2560
	0 2560
4
	992 2528
	1184 2528
	1184 2560
	992 2560
4
	1216 2528
	1440 2528
	1440 2560
	1216 2560
4
	1952 2528
	2048 2528
	2048 2560
	1952 2560
4
	2336 2528
	4128 2528
	4128 2560
	2336 2560
4
	5472 2528
	5600 2528
	5600 2560
	5472 2560
4
	5984 2528
	6112 2528
	6112 2560
	5984 2560
4
	6464 2528
	7904 2528
	7904 2560
	6464 2560
4
	9312 2528
	9376 2528
	9376 2560
	9312 2560
4
	9440 2528
	9504 2528
	9504 2560
	9440 2560
4
	0 2560
	832 2560
	832 2592
	0 2592
4
	1024 2560
	1760 2560
	1760 2592
	1024 2592
4
	2336 2560
	5632 2560
	5632 2592
	2336 2592
4
	5952 2560
	6144 2560
	6144 2592
	5952 2592
4
	6432 2560
	7936 2560
	7936 2592
	6432 2592
4
	9280 2560
	9504 2560
	9504 2592
	9280 2592
4
	0 2592
	832 2592
	832 2624
	0 2624
4
	1024 2592
	1792 2592
	1792 2624
	1024 2624
4
	1952 2592
	5632 2592
	5632 2624
	1952 2624
4
	5952 2592
	8000 2592
	8000 2624
	5952 2624
4
	9280 2592
	9312 2592
	9312 2624
	9280 2624
4
	9344 2592
	9504 2592
	9504 2624
	9344 2624
4
	0 2624
	1824 2624
	1824 2656
	0 2656
4
	1952 2624
	5600 2624
	5600 2656
	1952 2656
4
	5984 2624
	8064 2624
	8064 2656
	5984 2656
4
	9248 2624
	9312 2624
	9312 2656
	9248 2656
4
	9344 2624
	9504 2624
	9504 2656
	9344 2656
4
	0 2656
	1824 2656
	1824 2688
	0 2688
4
	1952 2656
	5568 2656
	5568 2688
	1952 2688
4
	6016 2656
	8128 2656
	8128 2688
	6016 2688
4
	9248 2656
	9312 2656
	9312 2688
	9248 2688
4
	9344 2656
	9504 2656
	9504 2688
	9344 2688
4
	0 2688
	1824 2688
	1824 2720
	0 2720
4
	1952 2688
	5536 2688
	5536 2720
	1952 2720
4
	6016 2688
	8224 2688
	8224 2720
	6016 2720
4
	9248 2688
	9312 2688
	9312 2720
	9248 2720
4
	9344 2688
	9504 2688
	9504 2720
	9344 2720
4
	0 2720
	1824 2720
	1824 2752
	0 2752
4
	1952 2720
	5536 2720
	5536 2752
	1952 2752
4
	6016 2720
	8256 2720
	8256 2752
	6016 2752
4
	9376 2720
	9504 2720
	9504 2752
	9376 2752
4
	0 2752
	1792 2752
	1792 2784
	0 2784
4
	1952 2752
	5536 2752
	5536 2784
	1952 2784
4
	6016 2752
	8288 2752
	8288 2784
	6016 2784
4
	9344 2752
	9504 2752
	9504 2784
	9344 2784
4
	0 2784
	1664 2784
	1664 2816
	0 2816
4
	2112 2784
	5536 2784
	5536 2816
	2112 2816
4
	6016 2784
	8320 2784
	8320 2816
	6016 2816
4
	9344 2784
	9504 2784
	9504 2816
	9344 2816
4
	0 2816
	1664 2816
	1664 2848
	0 2848
4
	2112 2816
	5536 2816
	5536 2848
	2112 2848
4
	6016 2816
	8384 2816
	8384 2848
	6016 2848
4
	9312 2816
	9504 2816
	9504 2848
	9312 2848
4
	0 2848
	1664 2848
	1664 2880
	0 2880
4
	2112 2848
	5536 2848
	5536 2880
	2112 2880
4
	6016 2848
	8448 2848
	8448 2880
	6016 2880
4
	9312 2848
	9504 2848
	9504 2880
	9312 2880
4
	0 2880
	1664 2880
	1664 2912
	0 2912
4
	2112 2880
	5536 2880
	5536 2912
	2112 2912
4
	6016 2880
	8480 2880
	8480 2912
	6016 2912
4
	9280 2880
	9504 2880
	9504 2912
	9280 2912
4
	0 2912
	1664 2912
	1664 2944
	0 2944
4
	2112 2912
	5536 2912
	5536 2944
	2112 2944
4
	6016 2912
	8544 2912
	8544 2944
	6016 2944
4
	9216 2912
	9504 2912
	9504 2944
	9216 2944
4
	0 2944
	1664 2944
	1664 2976
	0 2976
4
	2112 2944
	5536 2944
	5536 2976
	2112 2976
4
	6016 2944
	8608 2944
	8608 2976
	6016 2976
4
	9152 2944
	9504 2944
	9504 2976
	9152 2976
4
	0 2976
	1664 2976
	1664 3008
	0 3008
4
	2112 2976
	5536 2976
	5536 3008
	2112 3008
4
	6016 2976
	8672 2976
	8672 3008
	6016 3008
4
	9152 2976
	9504 2976
	9504 3008
	9152 3008
4
	0 3008
	1664 3008
	1664 3040
	0 3040
4
	2112 3008
	5536 3008
	5536 3040
	2112 3040
4
	6016 3008
	8704 3008
	8704 3040
	6016 3040
4
	9184 3008
	9504 3008
	9504 3040
	9184 3040
4
	0 3040
	1664 3040
	1664 3072
	0 3072
4
	2112 3040
	5536 3040
	5536 3072
	2112 3072
4
	6016 3040
	8768 3040
	8768 3072
	6016 3072
4
	9184 3040
	9504 3040
	9504 3072
	9184 3072
4
	0 3072
	1664 3072
	1664 3104
	0 3104
4
	2112 3072
	5536 3072
	5536 3104
	2112 3104
4
	6016 3072
	8832 3072
	8832 3104
	6016 3104
4
	9152 3072
	9504 3072
	9504 3104
	9152 3104
4
	0 3104
	1664 3104
	1664 3136
	0 3136
4
	2112 3104
	5536 3104
	5536 3136
	2112 3136
4
	6016 3104
	8864 3104
	8864 3136
	6016 3136
4
	9152 3104
	9504 3104
	9504 3136
	9152 3136
4
	0 3136
	1696 3136
	1696 3168
	0 3168
4
	2048 3136
	5536 3136
	5536 3168
	2048 3168
4
	6016 3136
	8928 3136
	8928 3168
	6016 3168
4
	9120 3136
	9504 3136
	9504 3168
	9120 3168
4
	0 3168
	1696 3168
	1696 3200
	0 3200
4
	2048 3168
	5536 3168
	5536 3200
	2048 3200
4
	6016 3168
	8992 3168
	8992 3200
	6016 3200
4
	9120 3168
	9504 3168
	9504 3200
	9120 3200
4
	0 3200
	1696 3200
	1696 3232
	0 3232
4
	2048 3200
	5536 3200
	5536 3232
	2048 3232
4
	6016 3200
	9056 3200
	9056 3232
	6016 3232
4
	9088 3200
	9504 3200
	9504 3232
	9088 3232
4
	0 3232
	1696 3232
	1696 3264
	0 3264
4
	2048 3232
	5536 3232
	5536 3264
	2048 3264
4
	6016 3232
	9504 3232
	9504 3264
	6016 3264
4
	0 3264
	1664 3264
	1664 3296
	0 3296
4
	2112 3264
	5536 3264
	5536 3296
	2112 3296
4
	6016 3264
	9504 3264
	9504 3296
	6016 3296
4
	0 3296
	1664 3296
	1664 3328
	0 3328
4
	2112 3296
	5536 3296
	5536 3328
	2112 3328
4
	6016 3296
	9504 3296
	9504 3328
	6016 3328
4
	0 3328
	1664 3328
	1664 3360
	0 3360
4
	2112 3328
	5536 3328
	5536 3360
	2112 3360
4
	6016 3328
	9504 3328
	9504 3360
	6016 3360
4
	0 3360
	1664 3360
	1664 3392
	0 3392
4
	2112 3360
	5536 3360
	5536 3392
	2112 3392
4
	6016 3360
	9504 3360
	9504 3392
	6016 3392
4
	0 3392
	1664 3392
	1664 3424
	0 3424
4
	2112 3392
	5536 3392
	5536 3424
	2112 3424
4
	6016 3392
	9504 3392
	9504 3424
	6016 3424
4
	0 3424
	1664 3424
	1664 3456
	0 3456
4
	2112 3424
	5536 3424
	5536 3456
	2112 3456
4
	6016 3424
	9504 3424
	9504 3456
	6016 3456
4
	0 3456
	1664 3456
	1664 3488
	0 3488
4
	2112 3456
	5536 3456
	5536 3488
	2112 3488
4
	6016 3456
	9504 3456
	9504 3488
	6016 3488
4
	0 3488
	1664 3488
	1664 3520
	0 3520
4
	2112 3488
	5536 3488
	5536 3520
	2112 3520
4
	6016 3488
	9504 3488
	9504 3520
	6016 3520
4
	0 3520
	1664 3520
	1664 3552
	0 3552
4
	2112 3520
	5600 3520
	5600 3552
	2112 3552
4
	5984 3520
	9504 3520
	9504 3552
	5984 3552
4
	0 3552
	1664 3552
	1664 3584
	0 3584
4
	2112 3552
	5632 3552
	5632 3584
	2112 3584
4
	5952 3552
	9504 3552
	9504 3584
	5952 3584
4
	0 3584
	1664 3584
	1664 3616
	0 3616
4
	2112 3584
	9504 3584
	9504 3616
	2112 3616
4
	0 3616
	1696 3616
	1696 3648
	0 3648
4
	2112 3616
	9504 3616
	9504 3648
	2112 3648
4
	0 3648
	1728 3648
	1728 3680
	0 3680
4
	2048 3648
	9504 3648
	9504 3680
	2048 3680
4
	0 3680
	1728 3680
	1728 3712
	0 3712
4
	2048 3680
	9504 3680
	9504 3712
	2048 3712
4
	0 3712
	1728 3712
	1728 3744
	0 3744
4
	2048 3712
	9504 3712
	9504 3744
	2048 3744
4
	0 3744
	992 3744
	992 3776
	0 3776
4
	1024 3744
	1216 3744
	1216 3776
	1024 3776
4
	1504 3744
	1728 3744
	1728 3776
	1504 3776
4
	2048 3744
	2208 3744
	2208 3776
	2048 3776
4
	2304 3744
	2432 3744
	2432 3776
	2304 3776
4
	2560 3744
	2720 3744
	2720 3776
	2560 3776
4
	3072 3744
	3232 3744
	3232 3776
	3072 3776
4
	3552 3744
	9504 3744
	9504 3776
	3552 3776
4
	0 3776
	992 3776
	992 3808
	0 3808
4
	1024 3776
	1216 3776
	1216 3808
	1024 3808
4
	1504 3776
	1728 3776
	1728 3808
	1504 3808
4
	2304 3776
	2432 3776
	2432 3808
	2304 3808
4
	3552 3776
	9504 3776
	9504 3808
	3552 3808
4
	0 3808
	608 3808
	608 3840
	0 3840
4
	672 3808
	992 3808
	992 3840
	672 3840
4
	1504 3808
	1728 3808
	1728 3840
	1504 3840
4
	3328 3808
	3360 3808
	3360 3840
	3328 3840
4
	3552 3808
	9504 3808
	9504 3840
	3552 3840
4
	0 3840
	608 3840
	608 3872
	0 3872
4
	672 3840
	1024 3840
	1024 3872
	672 3872
4
	1504 3840
	1728 3840
	1728 3872
	1504 3872
4
	3648 3840
	9504 3840
	9504 3872
	3648 3872
4
	0 3872
	608 3872
	608 3904
	0 3904
4
	672 3872
	896 3872
	896 3904
	672 3904
4
	960 3872
	1024 3872
	1024 3904
	960 3904
4
	1568 3872
	1696 3872
	1696 3904
	1568 3904
4
	3648 3872
	9504 3872
	9504 3904
	3648 3904
4
	0 3904
	608 3904
	608 3936
	0 3936
4
	704 3904
	896 3904
	896 3936
	704 3936
4
	960 3904
	1024 3904
	1024 3936
	960 3936
4
	3648 3904
	9504 3904
	9504 3936
	3648 3936
4
	0 3936
	608 3936
	608 3968
	0 3968
4
	704 3936
	832 3936
	832 3968
	704 3968
4
	3648 3936
	9504 3936
	9504 3968
	3648 3968
4
	0 3968
	608 3968
	608 4000
	0 4000
4
	3648 3968
	9504 3968
	9504 4000
	3648 4000
4
	0 4000
	608 4000
	608 4032
	0 4032
4
	3648 4000
	9504 4000
	9504 4032
	3648 4032
4
	0 4032
	608 4032
	608 4064
	0 4064
4
	1568 4032
	1696 4032
	1696 4064
	1568 4064
4
	3648 4032
	9504 4032
	9504 4064
	3648 4064
4
	0 4064
	608 4064
	608 4096
	0 4096
4
	1504 4064
	1728 4064
	1728 4096
	1504 4096
4
	3648 4064
	9504 4064
	9504 4096
	3648 4096
4
	0 4096
	608 4096
	608 4128
	0 4128
4
	1504 4096
	1728 4096
	1728 4128
	1504 4128
4
	3648 4096
	9504 4096
	9504 4128
	3648 4128
4
	0 4128
	704 4128
	704 4160
	0 4160
4
	1024 4128
	1216 4128
	1216 4160
	1024 4160
4
	1504 4128
	1728 4128
	1728 4160
	1504 4160
4
	2336 4128
	2432 4128
	2432 4160
	2336 4160
4
	3648 4128
	9504 4128
	9504 4160
	3648 4160
4
	0 4160
	704 4160
	704 4192
	0 4192
4
	1024 4160
	1248 4160
	1248 4192
	1024 4192
4
	1504 4160
	1728 4160
	1728 4192
	1504 4192
4
	2048 4160
	2208 4160
	2208 4192
	2048 4192
4
	2336 4160
	2432 4160
	2432 4192
	2336 4192
4
	2560 4160
	2720 4160
	2720 4192
	2560 4192
4
	3072 4160
	3232 4160
	3232 4192
	3072 4192
4
	3584 4160
	9504 4160
	9504 4192
	3584 4192
4
	0 4192
	736 4192
	736 4224
	0 4224
4
	1024 4192
	1280 4192
	1280 4224
	1024 4224
4
	1504 4192
	3232 4192
	3232 4224
	1504 4224
4
	3584 4192
	9504 4192
	9504 4224
	3584 4224
4
	0 4224
	736 4224
	736 4256
	0 4256
4
	1024 4224
	1280 4224
	1280 4256
	1024 4256
4
	1504 4224
	3232 4224
	3232 4256
	1504 4256
4
	3584 4224
	9504 4224
	9504 4256
	3584 4256
4
	0 4256
	704 4256
	704 4288
	0 4288
4
	768 4256
	832 4256
	832 4288
	768 4288
4
	1024 4256
	1248 4256
	1248 4288
	1024 4288
4
	1504 4256
	3232 4256
	3232 4288
	1504 4288
4
	3584 4256
	3744 4256
	3744 4288
	3584 4288
4
	4096 4256
	4256 4256
	4256 4288
	4096 4288
4
	4608 4256
	9504 4256
	9504 4288
	4608 4288
4
	0 4288
	800 4288
	800 4320
	0 4320
4
	1024 4288
	1216 4288
	1216 4320
	1024 4320
4
	1504 4288
	3200 4288
	3200 4320
	1504 4320
4
	4672 4288
	9504 4288
	9504 4320
	4672 4320
4
	0 4320
	800 4320
	800 4352
	0 4352
4
	1536 4320
	3200 4320
	3200 4352
	1536 4352
4
	4672 4320
	9504 4320
	9504 4352
	4672 4352
4
	0 4352
	800 4352
	800 4384
	0 4384
4
	1536 4352
	3200 4352
	3200 4384
	1536 4384
4
	4672 4352
	9504 4352
	9504 4384
	4672 4384
4
	0 4384
	800 4384
	800 4416
	0 4416
4
	1536 4384
	3200 4384
	3200 4416
	1536 4416
4
	4672 4384
	9504 4384
	9504 4416
	4672 4416
4
	0 4416
	832 4416
	832 4448
	0 4448
4
	896 4416
	928 4416
	928 4448
	896 4448
4
	1408 4416
	1472 4416
	1472 4448
	1408 4448
4
	1536 4416
	3200 4416
	3200 4448
	1536 4448
4
	4672 4416
	9504 4416
	9504 4448
	4672 4448
4
	0 4448
	864 4448
	864 4480
	0 4480
4
	896 4448
	960 4448
	960 4480
	896 4480
4
	1376 4448
	1472 4448
	1472 4480
	1376 4480
4
	1536 4448
	3200 4448
	3200 4480
	1536 4480
4
	4672 4448
	9504 4448
	9504 4480
	4672 4480
4
	0 4480
	1088 4480
	1088 4512
	0 4512
4
	1311 4511
	1313 4511
	1313 4513
	1311 4513
4
	1216 4480
	1312 4480
	1312 4512
	1216 4512
4
	1376 4480
	1472 4480
	1472 4512
	1376 4512
4
	1504 4480
	3200 4480
	3200 4512
	1504 4512
4
	4672 4480
	9504 4480
	9504 4512
	4672 4512
4
	0 4512
	1088 4512
	1088 4544
	0 4544
4
	1120 4512
	1184 4512
	1184 4544
	1120 4544
4
	1216 4512
	1280 4512
	1280 4544
	1216 4544
4
	1312 4512
	3200 4512
	3200 4544
	1312 4544
4
	4672 4512
	9504 4512
	9504 4544
	4672 4544
4
	0 4544
	1184 4544
	1184 4576
	0 4576
4
	1440 4544
	3200 4544
	3200 4576
	1440 4576
4
	4672 4544
	9504 4544
	9504 4576
	4672 4576
4
	0 4576
	1248 4576
	1248 4608
	0 4608
4
	1311 4607
	1313 4607
	1313 4609
	1311 4609
4
	1312 4576
	1344 4576
	1344 4608
	1312 4608
4
	1376 4576
	1408 4576
	1408 4608
	1376 4608
4
	1440 4576
	1504 4576
	1504 4608
	1440 4608
4
	1536 4576
	3200 4576
	3200 4608
	1536 4608
4
	4672 4576
	9504 4576
	9504 4608
	4672 4608
4
	0 4608
	1184 4608
	1184 4640
	0 4640
4
	1280 4608
	1312 4608
	1312 4640
	1280 4640
4
	1536 4608
	3200 4608
	3200 4640
	1536 4640
4
	4672 4608
	9504 4608
	9504 4640
	4672 4640
4
	0 4640
	1216 4640
	1216 4672
	0 4672
4
	1279 4671
	1281 4671
	1281 4673
	1279 4673
4
	1280 4640
	1312 4640
	1312 4672
	1280 4672
4
	1440 4640
	1472 4640
	1472 4672
	1440 4672
4
	1536 4640
	3200 4640
	3200 4672
	1536 4672
4
	3584 4640
	3680 4640
	3680 4672
	3584 4672
4
	4672 4640
	9504 4640
	9504 4672
	4672 4672
4
	0 4672
	1216 4672
	1216 4704
	0 4704
4
	1248 4672
	1280 4672
	1280 4704
	1248 4704
4
	1536 4672
	3232 4672
	3232 4704
	1536 4704
4
	3584 4672
	3744 4672
	3744 4704
	3584 4704
4
	4096 4672
	4256 4672
	4256 4704
	4096 4704
4
	4608 4672
	9504 4672
	9504 4704
	4608 4704
4
	0 4704
	3232 4704
	3232 4736
	0 4736
4
	3584 4704
	9504 4704
	9504 4736
	3584 4736
4
	0 4736
	3232 4736
	3232 4768
	0 4768
4
	3584 4736
	9504 4736
	9504 4768
	3584 4768
4
	0 4768
	2208 4768
	2208 4800
	0 4800
4
	2560 4768
	2720 4768
	2720 4800
	2560 4800
4
	3072 4768
	3232 4768
	3232 4800
	3072 4800
4
	3584 4768
	4768 4768
	4768 4800
	3584 4800
4
	5120 4768
	9504 4768
	9504 4800
	5120 4800
4
	0 4800
	2176 4800
	2176 4832
	0 4832
4
	3648 4800
	4736 4800
	4736 4832
	3648 4832
4
	5184 4800
	9504 4800
	9504 4832
	5184 4832
4
	0 4832
	2176 4832
	2176 4864
	0 4864
4
	2272 4832
	2432 4832
	2432 4864
	2272 4864
4
	3648 4832
	4736 4832
	4736 4864
	3648 4864
4
	5184 4832
	9504 4832
	9504 4864
	5184 4864
4
	0 4864
	2176 4864
	2176 4896
	0 4896
4
	2272 4864
	2432 4864
	2432 4896
	2272 4896
4
	3648 4864
	4736 4864
	4736 4896
	3648 4896
4
	5184 4864
	9504 4864
	9504 4896
	5184 4896
4
	0 4896
	2176 4896
	2176 4928
	0 4928
4
	2272 4896
	2400 4896
	2400 4928
	2272 4928
4
	3648 4896
	4736 4896
	4736 4928
	3648 4928
4
	5184 4896
	9504 4896
	9504 4928
	5184 4928
4
	0 4928
	2176 4928
	2176 4960
	0 4960
4
	3552 4928
	4736 4928
	4736 4960
	3552 4960
4
	5184 4928
	9504 4928
	9504 4960
	5184 4960
4
	0 4960
	2176 4960
	2176 4992
	0 4992
4
	3552 4960
	4736 4960
	4736 4992
	3552 4992
4
	5184 4960
	9504 4960
	9504 4992
	5184 4992
4
	0 4992
	2176 4992
	2176 5024
	0 5024
4
	3552 4992
	4736 4992
	4736 5024
	3552 5024
4
	5184 4992
	9504 4992
	9504 5024
	5184 5024
4
	0 5024
	2176 5024
	2176 5056
	0 5056
4
	3552 5024
	4736 5024
	4736 5056
	3552 5056
4
	5184 5024
	9504 5024
	9504 5056
	5184 5056
4
	0 5056
	2176 5056
	2176 5088
	0 5088
4
	3648 5056
	4736 5056
	4736 5088
	3648 5088
4
	5184 5056
	9504 5056
	9504 5088
	5184 5088
4
	0 5088
	2176 5088
	2176 5120
	0 5120
4
	3648 5088
	4736 5088
	4736 5120
	3648 5120
4
	5184 5088
	9504 5088
	9504 5120
	5184 5120
4
	0 5120
	2176 5120
	2176 5152
	0 5152
4
	3648 5120
	4736 5120
	4736 5152
	3648 5152
4
	5184 5120
	9504 5120
	9504 5152
	5184 5152
4
	0 5152
	2176 5152
	2176 5184
	0 5184
4
	3648 5152
	4736 5152
	4736 5184
	3648 5184
4
	5184 5152
	9504 5152
	9504 5184
	5184 5184
4
	0 5184
	2208 5184
	2208 5216
	0 5216
4
	2560 5184
	2720 5184
	2720 5216
	2560 5216
4
	3072 5184
	3232 5184
	3232 5216
	3072 5216
4
	3584 5184
	4768 5184
	4768 5216
	3584 5216
4
	5120 5184
	9504 5184
	9504 5216
	5120 5216
4
	0 5216
	2208 5216
	2208 5248
	0 5248
4
	2560 5216
	3264 5216
	3264 5248
	2560 5248
4
	3584 5216
	4768 5216
	4768 5248
	3584 5248
4
	5120 5216
	9504 5216
	9504 5248
	5120 5248
4
	0 5248
	2208 5248
	2208 5280
	0 5280
4
	2560 5248
	3232 5248
	3232 5280
	2560 5280
4
	3584 5248
	4768 5248
	4768 5280
	3584 5280
4
	5120 5248
	9504 5248
	9504 5280
	5120 5280
4
	0 5280
	1696 5280
	1696 5312
	0 5312
4
	2048 5280
	2208 5280
	2208 5312
	2048 5312
4
	2560 5280
	3232 5280
	3232 5312
	2560 5312
4
	3584 5280
	3744 5280
	3744 5312
	3584 5312
4
	4096 5280
	4256 5280
	4256 5312
	4096 5312
4
	4608 5280
	4768 5280
	4768 5312
	4608 5312
4
	5120 5280
	9504 5280
	9504 5312
	5120 5312
4
	0 5312
	1664 5312
	1664 5344
	0 5344
4
	2624 5312
	3200 5312
	3200 5344
	2624 5344
4
	5184 5312
	9504 5312
	9504 5344
	5184 5344
4
	0 5344
	1664 5344
	1664 5376
	0 5376
4
	2624 5344
	3200 5344
	3200 5376
	2624 5376
4
	5184 5344
	9504 5344
	9504 5376
	5184 5376
4
	0 5376
	1664 5376
	1664 5408
	0 5408
4
	2624 5376
	3200 5376
	3200 5408
	2624 5408
4
	5184 5376
	9504 5376
	9504 5408
	5184 5408
4
	0 5408
	1664 5408
	1664 5440
	0 5440
4
	2624 5408
	3200 5408
	3200 5440
	2624 5440
4
	5184 5408
	9504 5408
	9504 5440
	5184 5440
4
	0 5440
	1664 5440
	1664 5472
	0 5472
4
	2624 5440
	3200 5440
	3200 5472
	2624 5472
4
	5184 5440
	9504 5440
	9504 5472
	5184 5472
4
	0 5472
	1664 5472
	1664 5504
	0 5504
4
	2624 5472
	3200 5472
	3200 5504
	2624 5504
4
	5184 5472
	9504 5472
	9504 5504
	5184 5504
4
	0 5504
	1664 5504
	1664 5536
	0 5536
4
	2624 5504
	3200 5504
	3200 5536
	2624 5536
4
	5184 5504
	9504 5504
	9504 5536
	5184 5536
4
	0 5536
	1664 5536
	1664 5568
	0 5568
4
	2624 5536
	3200 5536
	3200 5568
	2624 5568
4
	5184 5536
	9504 5536
	9504 5568
	5184 5568
4
	0 5568
	1664 5568
	1664 5600
	0 5600
4
	2624 5568
	3200 5568
	3200 5600
	2624 5600
4
	5184 5568
	9504 5568
	9504 5600
	5184 5600
4
	0 5600
	1664 5600
	1664 5632
	0 5632
4
	2624 5600
	3200 5600
	3200 5632
	2624 5632
4
	5184 5600
	9504 5600
	9504 5632
	5184 5632
4
	0 5632
	1664 5632
	1664 5664
	0 5664
4
	2624 5632
	3200 5632
	3200 5664
	2624 5664
4
	5184 5632
	9504 5632
	9504 5664
	5184 5664
4
	0 5664
	1664 5664
	1664 5696
	0 5696
4
	2624 5664
	3200 5664
	3200 5696
	2624 5696
4
	5184 5664
	9504 5664
	9504 5696
	5184 5696
4
	0 5696
	1696 5696
	1696 5728
	0 5728
4
	2048 5696
	2208 5696
	2208 5728
	2048 5728
4
	2560 5696
	3232 5696
	3232 5728
	2560 5728
4
	3584 5696
	3744 5696
	3744 5728
	3584 5728
4
	4096 5696
	4256 5696
	4256 5728
	4096 5728
4
	4608 5696
	4768 5696
	4768 5728
	4608 5728
4
	5120 5696
	9504 5696
	9504 5728
	5120 5728
4
	0 5728
	3232 5728
	3232 5760
	0 5760
4
	3584 5728
	9504 5728
	9504 5760
	3584 5760
4
	0 5760
	3232 5760
	3232 5792
	0 5792
4
	3584 5760
	9504 5760
	9504 5792
	3584 5792
4
	0 5792
	3232 5792
	3232 5824
	0 5824
4
	3584 5792
	9504 5792
	9504 5824
	3584 5824
4
	0 5824
	3200 5824
	3200 5856
	0 5856
4
	3648 5824
	9504 5824
	9504 5856
	3648 5856
4
	0 5856
	3200 5856
	3200 5888
	0 5888
4
	3648 5856
	9504 5856
	9504 5888
	3648 5888
4
	0 5888
	3200 5888
	3200 5920
	0 5920
4
	3648 5888
	9504 5888
	9504 5920
	3648 5920
4
	0 5920
	3200 5920
	3200 5952
	0 5952
4
	3648 5920
	9504 5920
	9504 5952
	3648 5952
4
	0 5952
	3264 5952
	3264 5984
	0 5984
4
	3648 5952
	9504 5952
	9504 5984
	3648 5984
4
	0 5984
	3264 5984
	3264 6016
	0 6016
4
	3648 5984
	9504 5984
	9504 6016
	3648 6016
4
	0 6016
	3264 6016
	3264 6048
	0 6048
4
	3648 6016
	9504 6016
	9504 6048
	3648 6048
4
	0 6048
	3264 6048
	3264 6080
	0 6080
4
	3648 6048
	9504 6048
	9504 6080
	3648 6080
4
	0 6080
	3200 6080
	3200 6112
	0 6112
4
	3648 6080
	9504 6080
	9504 6112
	3648 6112
4
	0 6112
	3200 6112
	3200 6144
	0 6144
4
	3648 6112
	9504 6112
	9504 6144
	3648 6144
4
	0 6144
	3200 6144
	3200 6176
	0 6176
4
	3648 6144
	9504 6144
	9504 6176
	3648 6176
4
	0 6176
	3200 6176
	3200 6208
	0 6208
4
	3648 6176
	9504 6176
	9504 6208
	3648 6208
4
	0 6208
	3232 6208
	3232 6240
	0 6240
4
	3584 6208
	9504 6208
	9504 6240
	3584 6240
4
	0 6240
	3232 6240
	3232 6272
	0 6272
4
	3584 6240
	9504 6240
	9504 6272
	3584 6272
4
	0 6272
	3232 6272
	3232 6304
	0 6304
4
	3584 6272
	9504 6272
	9504 6304
	3584 6304
4
	0 6304
	2720 6304
	2720 6336
	0 6336
4
	3072 6304
	3232 6304
	3232 6336
	3072 6336
4
	3552 6304
	3744 6304
	3744 6336
	3552 6336
4
	4096 6304
	4256 6304
	4256 6336
	4096 6336
4
	4608 6304
	9504 6304
	9504 6336
	4608 6336
4
	0 6336
	2688 6336
	2688 6368
	0 6368
4
	3520 6336
	3648 6336
	3648 6368
	3520 6368
4
	4672 6336
	9504 6336
	9504 6368
	4672 6368
4
	0 6368
	2688 6368
	2688 6400
	0 6400
4
	3520 6368
	3616 6368
	3616 6400
	3520 6400
4
	4672 6368
	9504 6368
	9504 6400
	4672 6400
4
	0 6400
	2688 6400
	2688 6432
	0 6432
4
	4672 6400
	9504 6400
	9504 6432
	4672 6432
4
	0 6432
	2688 6432
	2688 6464
	0 6464
4
	4672 6432
	9504 6432
	9504 6464
	4672 6464
4
	0 6464
	2688 6464
	2688 6496
	0 6496
4
	4672 6464
	9504 6464
	9504 6496
	4672 6496
4
	0 6496
	2688 6496
	2688 6528
	0 6528
4
	4672 6496
	9504 6496
	9504 6528
	4672 6528
4
	0 6528
	2688 6528
	2688 6560
	0 6560
4
	4672 6528
	9504 6528
	9504 6560
	4672 6560
4
	0 6560
	2688 6560
	2688 6592
	0 6592
4
	4672 6560
	9504 6560
	9504 6592
	4672 6592
4
	0 6592
	2688 6592
	2688 6624
	0 6624
4
	4672 6592
	9504 6592
	9504 6624
	4672 6624
4
	0 6624
	2688 6624
	2688 6656
	0 6656
4
	4672 6624
	9504 6624
	9504 6656
	4672 6656
4
	0 6656
	2688 6656
	2688 6688
	0 6688
4
	4672 6656
	9504 6656
	9504 6688
	4672 6688
4
	0 6688
	2688 6688
	2688 6720
	0 6720
4
	3872 6688
	3968 6688
	3968 6720
	3872 6720
4
	4672 6688
	9504 6688
	9504 6720
	4672 6720
4
	0 6720
	2720 6720
	2720 6752
	0 6752
4
	3072 6720
	3232 6720
	3232 6752
	3072 6752
4
	3584 6720
	3744 6720
	3744 6752
	3584 6752
4
	3872 6720
	4000 6720
	4000 6752
	3872 6752
4
	4096 6720
	4256 6720
	4256 6752
	4096 6752
4
	4608 6720
	9504 6720
	9504 6752
	4608 6752
4
	0 6752
	2720 6752
	2720 6784
	0 6784
4
	3072 6752
	4256 6752
	4256 6784
	3072 6784
4
	4608 6752
	9504 6752
	9504 6784
	4608 6784
4
	0 6784
	2720 6784
	2720 6816
	0 6816
4
	3072 6784
	4256 6784
	4256 6816
	3072 6816
4
	4608 6784
	9504 6784
	9504 6816
	4608 6816
4
	0 6816
	2720 6816
	2720 6848
	0 6848
4
	3072 6816
	4256 6816
	4256 6848
	3072 6848
4
	4608 6816
	4768 6816
	4768 6848
	4608 6848
4
	5120 6816
	9504 6816
	9504 6848
	5120 6848
4
	0 6848
	2688 6848
	2688 6880
	0 6880
4
	3136 6848
	4224 6848
	4224 6880
	3136 6880
4
	5184 6848
	9504 6848
	9504 6880
	5184 6880
4
	0 6880
	2688 6880
	2688 6912
	0 6912
4
	3136 6880
	4224 6880
	4224 6912
	3136 6912
4
	5184 6880
	9504 6880
	9504 6912
	5184 6912
4
	0 6912
	2688 6912
	2688 6944
	0 6944
4
	3136 6912
	4224 6912
	4224 6944
	3136 6944
4
	5184 6912
	9504 6912
	9504 6944
	5184 6944
4
	0 6944
	2688 6944
	2688 6976
	0 6976
4
	3136 6944
	4224 6944
	4224 6976
	3136 6976
4
	5184 6944
	9504 6944
	9504 6976
	5184 6976
4
	0 6976
	2752 6976
	2752 7008
	0 7008
4
	3136 6976
	4224 6976
	4224 7008
	3136 7008
4
	5184 6976
	9504 6976
	9504 7008
	5184 7008
4
	0 7008
	2752 7008
	2752 7040
	0 7040
4
	3136 7008
	4224 7008
	4224 7040
	3136 7040
4
	5184 7008
	9504 7008
	9504 7040
	5184 7040
4
	0 7040
	2752 7040
	2752 7072
	0 7072
4
	3136 7040
	4224 7040
	4224 7072
	3136 7072
4
	5184 7040
	9504 7040
	9504 7072
	5184 7072
4
	0 7072
	2752 7072
	2752 7104
	0 7104
4
	3136 7072
	4224 7072
	4224 7104
	3136 7104
4
	5184 7072
	9504 7072
	9504 7104
	5184 7104
4
	0 7104
	2688 7104
	2688 7136
	0 7136
4
	3136 7104
	4224 7104
	4224 7136
	3136 7136
4
	5184 7104
	9504 7104
	9504 7136
	5184 7136
4
	0 7136
	2688 7136
	2688 7168
	0 7168
4
	3136 7136
	4224 7136
	4224 7168
	3136 7168
4
	5184 7136
	9504 7136
	9504 7168
	5184 7168
4
	0 7168
	2688 7168
	2688 7200
	0 7200
4
	3136 7168
	4224 7168
	4224 7200
	3136 7200
4
	5184 7168
	9504 7168
	9504 7200
	5184 7200
4
	0 7200
	2688 7200
	2688 7232
	0 7232
4
	3136 7200
	4224 7200
	4224 7232
	3136 7232
4
	5184 7200
	9504 7200
	9504 7232
	5184 7232
4
	0 7232
	2720 7232
	2720 7264
	0 7264
4
	3072 7232
	4256 7232
	4256 7264
	3072 7264
4
	4608 7232
	4896 7232
	4896 7264
	4608 7264
4
	5024 7232
	9504 7232
	9504 7264
	5024 7264
4
	0 7264
	2720 7264
	2720 7296
	0 7296
4
	3072 7264
	4896 7264
	4896 7296
	3072 7296
4
	5024 7264
	9504 7264
	9504 7296
	5024 7296
4
	0 7296
	2720 7296
	2720 7328
	0 7328
4
	3072 7296
	4896 7296
	4896 7328
	3072 7328
4
	5024 7296
	9504 7296
	9504 7328
	5024 7328
4
	0 7328
	1696 7328
	1696 7360
	0 7360
4
	2048 7328
	2208 7328
	2208 7360
	2048 7360
4
	2560 7328
	2720 7328
	2720 7360
	2560 7360
4
	3072 7328
	4896 7328
	4896 7360
	3072 7360
4
	5024 7328
	9504 7328
	9504 7360
	5024 7360
4
	0 7360
	1664 7360
	1664 7392
	0 7392
4
	3136 7360
	4864 7360
	4864 7392
	3136 7392
4
	5056 7360
	9504 7360
	9504 7392
	5056 7392
4
	0 7392
	1664 7392
	1664 7424
	0 7424
4
	3136 7392
	4864 7392
	4864 7424
	3136 7424
4
	5056 7392
	9504 7392
	9504 7424
	5056 7424
4
	0 7424
	1664 7424
	1664 7456
	0 7456
4
	3136 7424
	4736 7424
	4736 7456
	3136 7456
4
	5184 7424
	9504 7424
	9504 7456
	5184 7456
4
	0 7456
	1664 7456
	1664 7488
	0 7488
4
	3136 7456
	4736 7456
	4736 7488
	3136 7488
4
	5184 7456
	9504 7456
	9504 7488
	5184 7488
4
	0 7488
	1664 7488
	1664 7520
	0 7520
4
	3136 7488
	4736 7488
	4736 7520
	3136 7520
4
	5184 7488
	9504 7488
	9504 7520
	5184 7520
4
	0 7520
	1664 7520
	1664 7552
	0 7552
4
	3136 7520
	4736 7520
	4736 7552
	3136 7552
4
	5184 7520
	9504 7520
	9504 7552
	5184 7552
4
	0 7552
	1664 7552
	1664 7584
	0 7584
4
	3136 7552
	4736 7552
	4736 7584
	3136 7584
4
	5184 7552
	9504 7552
	9504 7584
	5184 7584
4
	0 7584
	1664 7584
	1664 7616
	0 7616
4
	3136 7584
	4736 7584
	4736 7616
	3136 7616
4
	5184 7584
	9504 7584
	9504 7616
	5184 7616
4
	0 7616
	1664 7616
	1664 7648
	0 7648
4
	3136 7616
	4736 7616
	4736 7648
	3136 7648
4
	5184 7616
	9504 7616
	9504 7648
	5184 7648
4
	0 7648
	1664 7648
	1664 7680
	0 7680
4
	3136 7648
	4736 7648
	4736 7680
	3136 7680
4
	5184 7648
	9504 7648
	9504 7680
	5184 7680
4
	0 7680
	1664 7680
	1664 7712
	0 7712
4
	3136 7680
	4768 7680
	4768 7712
	3136 7712
4
	5152 7680
	9504 7680
	9504 7712
	5152 7712
4
	0 7712
	1664 7712
	1664 7744
	0 7744
4
	3136 7712
	4864 7712
	4864 7744
	3136 7744
4
	5056 7712
	9504 7712
	9504 7744
	5056 7744
4
	0 7744
	1696 7744
	1696 7776
	0 7776
4
	2048 7744
	2208 7744
	2208 7776
	2048 7776
4
	2560 7744
	2720 7744
	2720 7776
	2560 7776
4
	3072 7744
	4896 7744
	4896 7776
	3072 7776
4
	5024 7744
	9504 7744
	9504 7776
	5024 7776
4
	0 7776
	4896 7776
	4896 7808
	0 7808
4
	5024 7776
	9504 7776
	9504 7808
	5024 7808
4
	0 7808
	4896 7808
	4896 7840
	0 7840
4
	5024 7808
	9504 7808
	9504 7840
	5024 7840
4
	0 7840
	4896 7840
	4896 7872
	0 7872
4
	5024 7840
	5280 7840
	5280 7872
	5024 7872
4
	5376 7840
	5504 7840
	5504 7872
	5376 7872
4
	5600 7840
	5824 7840
	5824 7872
	5600 7872
4
	6112 7840
	9504 7840
	9504 7872
	6112 7872
4
	0 7872
	4864 7872
	4864 7904
	0 7904
4
	5056 7872
	5280 7872
	5280 7904
	5056 7904
4
	5408 7872
	5504 7872
	5504 7904
	5408 7904
4
	5632 7872
	5792 7872
	5792 7904
	5632 7904
4
	6144 7872
	9504 7872
	9504 7904
	6144 7904
4
	0 7904
	4736 7904
	4736 7936
	0 7936
4
	6176 7904
	9504 7904
	9504 7936
	6176 7936
4
	0 7936
	4736 7936
	4736 7968
	0 7968
4
	6176 7936
	9504 7936
	9504 7968
	6176 7968
4
	0 7968
	4736 7968
	4736 8000
	0 8000
4
	6176 7968
	9504 7968
	9504 8000
	6176 8000
4
	0 8000
	4736 8000
	4736 8032
	0 8032
4
	6176 8000
	9504 8000
	9504 8032
	6176 8032
4
	0 8032
	4736 8032
	4736 8064
	0 8064
4
	6176 8032
	9504 8032
	9504 8064
	6176 8064
4
	0 8064
	4736 8064
	4736 8096
	0 8096
4
	6176 8064
	9504 8064
	9504 8096
	6176 8096
4
	0 8096
	4736 8096
	4736 8128
	0 8128
4
	6176 8096
	9504 8096
	9504 8128
	6176 8128
4
	0 8128
	4768 8128
	4768 8160
	0 8160
4
	6176 8128
	9504 8128
	9504 8160
	6176 8160
4
	0 8160
	4768 8160
	4768 8192
	0 8192
4
	6176 8160
	9504 8160
	9504 8192
	6176 8192
4
	0 8192
	4768 8192
	4768 8224
	0 8224
4
	5184 8192
	5248 8192
	5248 8224
	5184 8224
4
	5664 8192
	5792 8192
	5792 8224
	5664 8224
4
	6176 8192
	9504 8192
	9504 8224
	6176 8224
4
	0 8224
	4768 8224
	4768 8256
	0 8256
4
	5120 8224
	5344 8224
	5344 8256
	5120 8256
4
	5568 8224
	5824 8224
	5824 8256
	5568 8256
4
	6144 8224
	9504 8224
	9504 8256
	6144 8256
4
	0 8256
	4800 8256
	4800 8288
	0 8288
4
	5088 8256
	5376 8256
	5376 8288
	5088 8288
4
	5536 8256
	5824 8256
	5824 8288
	5536 8288
4
	6112 8256
	9504 8256
	9504 8288
	6112 8288
4
	0 8288
	4800 8288
	4800 8320
	0 8320
4
	5088 8288
	5376 8288
	5376 8320
	5088 8320
4
	5536 8288
	5856 8288
	5856 8320
	5536 8320
4
	6112 8288
	9504 8288
	9504 8320
	6112 8320
4
	0 8320
	4800 8320
	4800 8352
	0 8352
4
	5088 8320
	5376 8320
	5376 8352
	5088 8352
4
	5536 8320
	5824 8320
	5824 8352
	5536 8352
4
	6112 8320
	9504 8320
	9504 8352
	6112 8352
4
	0 8352
	4800 8352
	4800 8384
	0 8384
4
	5088 8352
	5344 8352
	5344 8384
	5088 8384
4
	5568 8352
	5824 8352
	5824 8384
	5568 8384
4
	6112 8352
	9504 8352
	9504 8384
	6112 8384
4
	0 8384
	4768 8384
	4768 8416
	0 8416
4
	5120 8384
	5280 8384
	5280 8416
	5120 8416
4
	5664 8384
	5792 8384
	5792 8416
	5664 8416
4
	6112 8384
	9504 8384
	9504 8416
	6112 8416
4
	0 8416
	4736 8416
	4736 8448
	0 8448
4
	6112 8416
	9504 8416
	9504 8448
	6112 8448
4
	0 8448
	4736 8448
	4736 8480
	0 8480
4
	6112 8448
	9504 8448
	9504 8480
	6112 8480
4
	0 8480
	4736 8480
	4736 8512
	0 8512
4
	6176 8480
	9504 8480
	9504 8512
	6176 8512
4
	0 8512
	4736 8512
	4736 8544
	0 8544
4
	6176 8512
	9504 8512
	9504 8544
	6176 8544
4
	0 8544
	4736 8544
	4736 8576
	0 8576
4
	6176 8544
	9504 8544
	9504 8576
	6176 8576
4
	0 8576
	4736 8576
	4736 8608
	0 8608
4
	6144 8576
	9504 8576
	9504 8608
	6144 8608
4
	0 8608
	4736 8608
	4736 8640
	0 8640
4
	6144 8608
	9504 8608
	9504 8640
	6144 8640
4
	0 8640
	4736 8640
	4736 8672
	0 8672
4
	6144 8640
	9504 8640
	9504 8672
	6144 8672
4
	0 8672
	4736 8672
	4736 8704
	0 8704
4
	6144 8672
	9504 8672
	9504 8704
	6144 8704
4
	0 8704
	4736 8704
	4736 8736
	0 8736
4
	5184 8704
	5248 8704
	5248 8736
	5184 8736
4
	5408 8704
	5504 8704
	5504 8736
	5408 8736
4
	5696 8704
	5760 8704
	5760 8736
	5696 8736
4
	6176 8704
	9504 8704
	9504 8736
	6176 8736
4
	0 8736
	4768 8736
	4768 8768
	0 8768
4
	5120 8736
	5280 8736
	5280 8768
	5120 8768
4
	5408 8736
	5536 8736
	5536 8768
	5408 8768
4
	5632 8736
	5856 8736
	5856 8768
	5632 8768
4
	6048 8736
	9504 8736
	9504 8768
	6048 8768
4
	0 8768
	5888 8768
	5888 8800
	0 8800
4
	6016 8768
	9504 8768
	9504 8800
	6016 8800
4
	0 8800
	5888 8800
	5888 8832
	0 8832
4
	6016 8800
	9504 8800
	9504 8832
	6016 8832
4
	0 8832
	5888 8832
	5888 8864
	0 8864
4
	6016 8832
	9504 8832
	9504 8864
	6016 8864
4
	0 8864
	5888 8864
	5888 8896
	0 8896
4
	6016 8864
	9504 8864
	9504 8896
	6016 8896
4
	0 8896
	5856 8896
	5856 8928
	0 8928
4
	6048 8896
	9504 8896
	9504 8928
	6048 8928
4
	0 8928
	5728 8928
	5728 8960
	0 8960
4
	6208 8928
	9504 8928
	9504 8960
	6208 8960
4
	0 8960
	5728 8960
	5728 8992
	0 8992
4
	6208 8960
	9504 8960
	9504 8992
	6208 8992
4
	0 8992
	5728 8992
	5728 9024
	0 9024
4
	6208 8992
	9504 8992
	9504 9024
	6208 9024
4
	0 9024
	5728 9024
	5728 9056
	0 9056
4
	6208 9024
	9504 9024
	9504 9056
	6208 9056
4
	0 9056
	5728 9056
	5728 9088
	0 9088
4
	6208 9056
	9504 9056
	9504 9088
	6208 9088
4
	0 9088
	5728 9088
	5728 9120
	0 9120
4
	6208 9088
	9504 9088
	9504 9120
	6208 9120
4
	0 9120
	5728 9120
	5728 9152
	0 9152
4
	6208 9120
	9504 9120
	9504 9152
	6208 9152
4
	0 9152
	5728 9152
	5728 9184
	0 9184
4
	6208 9152
	9504 9152
	9504 9184
	6208 9184
4
	0 9184
	5728 9184
	5728 9216
	0 9216
4
	6208 9184
	9504 9184
	9504 9216
	6208 9216
4
	0 9216
	5728 9216
	5728 9248
	0 9248
4
	6208 9216
	9504 9216
	9504 9248
	6208 9248
4
	0 9248
	5728 9248
	5728 9280
	0 9280
4
	6208 9248
	9504 9248
	9504 9280
	6208 9280
4
	0 9280
	5728 9280
	5728 9312
	0 9312
4
	6208 9280
	9504 9280
	9504 9312
	6208 9312
4
	0 9312
	5728 9312
	5728 9344
	0 9344
4
	6208 9312
	9504 9312
	9504 9344
	6208 9344
4
	0 9344
	5728 9344
	5728 9376
	0 9376
4
	6208 9344
	9504 9344
	9504 9376
	6208 9376
4
	0 9376
	5728 9376
	5728 9408
	0 9408
4
	6208 9376
	9504 9376
	9504 9408
	6208 9408
4
	0 9408
	5728 9408
	5728 9440
	0 9440
4
	6208 9408
	9504 9408
	9504 9440
	6208 9440
4
	0 9440
	5728 9440
	5728 9472
	0 9472
4
	6208 9440
	9504 9440
	9504 9472
	6208 9472
4
	0 9472
	5728 9472
	5728 9504
	0 9504
4
	6208 9472
	9504 9472
	9504 9504
	6208 9504
4
	0 9504
	5728 9504
	5728 9536
	0 9536
4
	6208 9504
	9504 9504
	9504 9536
	6208 9536
4
	0 9536
	5728 9536
	5728 9568
	0 9568
4
	6208 9536
	9504 9536
	9504 9568
	6208 9568
4
	0 9568
	5728 9568
	5728 9600
	0 9600
4
	6208 9568
	9504 9568
	9504 9600
	6208 9600
4
	0 9600
	5728 9600
	5728 9632
	0 9632
4
	6208 9600
	9504 9600
	9504 9632
	6208 9632
4
	0 9632
	5728 9632
	5728 9664
	0 9664
4
	6208 9632
	9504 9632
	9504 9664
	6208 9664
4
	0 9664
	5728 9664
	5728 9696
	0 9696
4
	6208 9664
	9504 9664
	9504 9696
	6208 9696
4
	0 9696
	5728 9696
	5728 9728
	0 9728
4
	6208 9696
	9504 9696
	9504 9728
	6208 9728
4
	0 9728
	5792 9728
	5792 9760
	0 9760
4
	6144 9728
	9504 9728
	9504 9760
	6144 9760
4
	0 9760
	5888 9760
	5888 9792
	0 9792
4
	6080 9760
	9504 9760
	9504 9792
	6080 9792
4
	0 9792
	5920 9792
	5920 9824
	0 9824
4
	6048 9792
	9504 9792
	9504 9824
	6048 9824
4
	0 9824
	5920 9824
	5920 9856
	0 9856
4
	6048 9824
	9504 9824
	9504 9856
	6048 9856
4
	0 9856
	5920 9856
	5920 9888
	0 9888
4
	6048 9856
	9504 9856
	9504 9888
	6048 9888
4
	0 9888
	5312 9888
	5312 9920
	0 9920
4
	5632 9888
	5920 9888
	5920 9920
	5632 9920
4
	6048 9888
	9504 9888
	9504 9920
	6048 9920
4
	0 9920
	5280 9920
	5280 9952
	0 9952
4
	5632 9920
	5888 9920
	5888 9952
	5632 9952
4
	6080 9920
	9504 9920
	9504 9952
	6080 9952
4
	0 9952
	5280 9952
	5280 9984
	0 9984
4
	6688 9952
	9504 9952
	9504 9984
	6688 9984
4
	0 9984
	5280 9984
	5280 10016
	0 10016
4
	6688 9984
	9504 9984
	9504 10016
	6688 10016
4
	0 10016
	5280 10016
	5280 10048
	0 10048
4
	5407 10047
	5409 10047
	5409 10049
	5407 10049
4
	5376 10016
	5408 10016
	5408 10048
	5376 10048
4
	6688 10016
	9504 10016
	9504 10048
	6688 10048
4
	0 10048
	5280 10048
	5280 10080
	0 10080
4
	5408 10048
	5440 10048
	5440 10080
	5408 10080
4
	6688 10048
	9504 10048
	9504 10080
	6688 10080
4
	0 10080
	5280 10080
	5280 10112
	0 10112
4
	6688 10080
	9504 10080
	9504 10112
	6688 10112
4
	0 10112
	5280 10112
	5280 10144
	0 10144
4
	6688 10112
	9504 10112
	9504 10144
	6688 10144
4
	0 10144
	5280 10144
	5280 10176
	0 10176
4
	6688 10144
	9504 10144
	9504 10176
	6688 10176
4
	0 10176
	5280 10176
	5280 10208
	0 10208
4
	6688 10176
	9504 10176
	9504 10208
	6688 10208
4
	0 10208
	5280 10208
	5280 10240
	0 10240
4
	6688 10208
	9504 10208
	9504 10240
	6688 10240
4
	0 10240
	5280 10240
	5280 10272
	0 10272
4
	5664 10240
	5792 10240
	5792 10272
	5664 10272
4
	6176 10240
	6304 10240
	6304 10272
	6176 10272
4
	6688 10240
	9504 10240
	9504 10272
	6688 10272
4
	0 10272
	5312 10272
	5312 10304
	0 10304
4
	5632 10272
	5824 10272
	5824 10304
	5632 10304
4
	6144 10272
	6336 10272
	6336 10304
	6144 10304
4
	6656 10272
	9504 10272
	9504 10304
	6656 10304
4
	0 10304
	5312 10304
	5312 10336
	0 10336
4
	5632 10304
	5824 10304
	5824 10336
	5632 10336
4
	6144 10304
	6336 10304
	6336 10336
	6144 10336
4
	6656 10304
	9504 10304
	9504 10336
	6656 10336
4
	0 10336
	5312 10336
	5312 10368
	0 10368
4
	5632 10336
	5824 10336
	5824 10368
	5632 10368
4
	6144 10336
	6336 10336
	6336 10368
	6144 10368
4
	6656 10336
	9504 10336
	9504 10368
	6656 10368
4
	0 10368
	5312 10368
	5312 10400
	0 10400
4
	5632 10368
	5824 10368
	5824 10400
	5632 10400
4
	6144 10368
	6336 10368
	6336 10400
	6144 10400
4
	6624 10368
	9504 10368
	9504 10400
	6624 10400
4
	0 10400
	5312 10400
	5312 10432
	0 10432
4
	5632 10400
	5824 10400
	5824 10432
	5632 10432
4
	6144 10400
	6336 10400
	6336 10432
	6144 10432
4
	6592 10400
	9504 10400
	9504 10432
	6592 10432
4
	0 10432
	5280 10432
	5280 10464
	0 10464
4
	5696 10432
	5760 10432
	5760 10464
	5696 10464
4
	6208 10432
	6272 10432
	6272 10464
	6208 10464
4
	6592 10432
	9504 10432
	9504 10464
	6592 10464
4
	0 10464
	5280 10464
	5280 10496
	0 10496
4
	6592 10464
	9504 10464
	9504 10496
	6592 10496
4
	0 10496
	5280 10496
	5280 10528
	0 10528
4
	6592 10496
	9504 10496
	9504 10528
	6592 10528
4
	0 10528
	5280 10528
	5280 10560
	0 10560
4
	6592 10528
	9504 10528
	9504 10560
	6592 10560
4
	0 10560
	5280 10560
	5280 10592
	0 10592
4
	6592 10560
	9504 10560
	9504 10592
	6592 10592
4
	0 10592
	5280 10592
	5280 10624
	0 10624
4
	6592 10592
	9504 10592
	9504 10624
	6592 10624
4
	0 10624
	5280 10624
	5280 10656
	0 10656
4
	6560 10624
	9504 10624
	9504 10656
	6560 10656
4
	0 10656
	5280 10656
	5280 10688
	0 10688
4
	6560 10656
	9504 10656
	9504 10688
	6560 10688
4
	0 10688
	5280 10688
	5280 10720
	0 10720
4
	6560 10688
	9504 10688
	9504 10720
	6560 10720
4
	0 10720
	5280 10720
	5280 10752
	0 10752
4
	6592 10720
	9504 10720
	9504 10752
	6592 10752
4
	0 10752
	5280 10752
	5280 10784
	0 10784
4
	5664 10752
	5792 10752
	5792 10784
	5664 10784
4
	6176 10752
	6304 10752
	6304 10784
	6176 10784
4
	6624 10752
	9504 10752
	9504 10784
	6624 10784
4
	0 10784
	5312 10784
	5312 10816
	0 10816
4
	5632 10784
	5824 10784
	5824 10816
	5632 10816
4
	6144 10784
	6336 10784
	6336 10816
	6144 10816
4
	6624 10784
	9504 10784
	9504 10816
	6624 10816
4
	0 10816
	5312 10816
	5312 10848
	0 10848
4
	5632 10816
	5824 10816
	5824 10848
	5632 10848
4
	6144 10816
	6336 10816
	6336 10848
	6144 10848
4
	6592 10816
	9504 10816
	9504 10848
	6592 10848
4
	0 10848
	5312 10848
	5312 10880
	0 10880
4
	5632 10848
	5824 10848
	5824 10880
	5632 10880
4
	6144 10848
	6336 10848
	6336 10880
	6144 10880
4
	6592 10848
	6848 10848
	6848 10880
	6592 10880
4
	7648 10848
	9504 10848
	9504 10880
	7648 10880
4
	0 10880
	5312 10880
	5312 10912
	0 10912
4
	5632 10880
	5824 10880
	5824 10912
	5632 10912
4
	6144 10880
	6336 10880
	6336 10912
	6144 10912
4
	6592 10880
	6848 10880
	6848 10912
	6592 10912
4
	7648 10880
	9504 10880
	9504 10912
	7648 10912
4
	0 10912
	5312 10912
	5312 10944
	0 10944
4
	5632 10912
	5824 10912
	5824 10944
	5632 10944
4
	6144 10912
	6336 10912
	6336 10944
	6144 10944
4
	6624 10912
	6848 10912
	6848 10944
	6624 10944
4
	7648 10912
	7872 10912
	7872 10944
	7648 10944
4
	8192 10912
	8384 10912
	8384 10944
	8192 10944
4
	8480 10912
	8608 10912
	8608 10944
	8480 10944
4
	8704 10912
	8896 10912
	8896 10944
	8704 10944
4
	9216 10912
	9504 10912
	9504 10944
	9216 10944
4
	0 10944
	5312 10944
	5312 10976
	0 10976
4
	5376 10944
	5408 10944
	5408 10976
	5376 10976
4
	5696 10944
	5760 10944
	5760 10976
	5696 10976
4
	6080 10944
	6112 10944
	6112 10976
	6080 10976
4
	6208 10944
	6272 10944
	6272 10976
	6208 10976
4
	6624 10944
	6848 10944
	6848 10976
	6624 10976
4
	7648 10944
	7872 10944
	7872 10976
	7648 10976
4
	8224 10944
	8352 10944
	8352 10976
	8224 10976
4
	8480 10944
	8576 10944
	8576 10976
	8480 10976
4
	8736 10944
	8864 10944
	8864 10976
	8736 10976
4
	9248 10944
	9504 10944
	9504 10976
	9248 10976
4
	0 10976
	5312 10976
	5312 11008
	0 11008
4
	6624 10976
	6848 10976
	6848 11008
	6624 11008
4
	7648 10976
	7872 10976
	7872 11008
	7648 11008
4
	9280 10976
	9504 10976
	9504 11008
	9280 11008
4
	0 11008
	5280 11008
	5280 11040
	0 11040
4
	6688 11008
	6816 11008
	6816 11040
	6688 11040
4
	7712 11008
	7840 11008
	7840 11040
	7712 11040
4
	9280 11008
	9504 11008
	9504 11040
	9280 11040
4
	0 11040
	5280 11040
	5280 11072
	0 11072
4
	9280 11040
	9504 11040
	9504 11072
	9280 11072
4
	0 11072
	5280 11072
	5280 11104
	0 11104
4
	9280 11072
	9504 11072
	9504 11104
	9280 11104
4
	0 11104
	5280 11104
	5280 11136
	0 11136
4
	9280 11104
	9504 11104
	9504 11136
	9280 11136
4
	0 11136
	5280 11136
	5280 11168
	0 11168
4
	6304 11136
	6336 11136
	6336 11168
	6304 11168
4
	9280 11136
	9504 11136
	9504 11168
	9280 11168
4
	0 11168
	5280 11168
	5280 11200
	0 11200
4
	6688 11168
	6816 11168
	6816 11200
	6688 11200
4
	7712 11168
	7840 11168
	7840 11200
	7712 11200
4
	9280 11168
	9504 11168
	9504 11200
	9280 11200
4
	0 11200
	5280 11200
	5280 11232
	0 11232
4
	6624 11200
	6848 11200
	6848 11232
	6624 11232
4
	7648 11200
	7872 11200
	7872 11232
	7648 11232
4
	9280 11200
	9504 11200
	9504 11232
	9280 11232
4
	0 11232
	5280 11232
	5280 11264
	0 11264
4
	6624 11232
	6848 11232
	6848 11264
	6624 11264
4
	7648 11232
	7872 11232
	7872 11264
	7648 11264
4
	9280 11232
	9504 11232
	9504 11264
	9280 11264
4
	0 11264
	5280 11264
	5280 11296
	0 11296
4
	5664 11264
	5792 11264
	5792 11296
	5664 11296
4
	6144 11264
	6304 11264
	6304 11296
	6144 11296
4
	6624 11264
	6848 11264
	6848 11296
	6624 11296
4
	7200 11264
	7296 11264
	7296 11296
	7200 11296
4
	7648 11264
	7872 11264
	7872 11296
	7648 11296
4
	8320 11264
	8384 11264
	8384 11296
	8320 11296
4
	8640 11264
	8736 11264
	8736 11296
	8640 11296
4
	9280 11264
	9504 11264
	9504 11296
	9280 11296
4
	0 11296
	5312 11296
	5312 11328
	0 11328
4
	5632 11296
	5824 11296
	5824 11328
	5632 11328
4
	6144 11296
	6336 11296
	6336 11328
	6144 11328
4
	6624 11296
	6848 11296
	6848 11328
	6624 11328
4
	7200 11296
	7328 11296
	7328 11328
	7200 11328
4
	7648 11296
	7872 11296
	7872 11328
	7648 11328
4
	8192 11296
	8416 11296
	8416 11328
	8192 11328
4
	8608 11296
	8864 11296
	8864 11328
	8608 11328
4
	9216 11296
	9504 11296
	9504 11328
	9216 11328
4
	0 11328
	5312 11328
	5312 11360
	0 11360
4
	5632 11328
	5824 11328
	5824 11360
	5632 11360
4
	6112 11328
	6336 11328
	6336 11360
	6112 11360
4
	6624 11328
	6848 11328
	6848 11360
	6624 11360
4
	7200 11328
	7296 11328
	7296 11360
	7200 11360
4
	7648 11328
	7872 11328
	7872 11360
	7648 11360
4
	8160 11328
	8416 11328
	8416 11360
	8160 11360
4
	8608 11328
	8896 11328
	8896 11360
	8608 11360
4
	9216 11328
	9504 11328
	9504 11360
	9216 11360
4
	0 11360
	5312 11360
	5312 11392
	0 11392
4
	5632 11360
	5824 11360
	5824 11392
	5632 11392
4
	6080 11360
	6336 11360
	6336 11392
	6080 11392
4
	6624 11360
	7904 11360
	7904 11392
	6624 11392
4
	8160 11360
	8416 11360
	8416 11392
	8160 11392
4
	8608 11360
	8896 11360
	8896 11392
	8608 11392
4
	9216 11360
	9504 11360
	9504 11392
	9216 11392
4
	0 11392
	5312 11392
	5312 11424
	0 11424
4
	5632 11392
	5824 11392
	5824 11424
	5632 11424
4
	6112 11392
	6336 11392
	6336 11424
	6112 11424
4
	6624 11392
	7904 11392
	7904 11424
	6624 11424
4
	8160 11392
	8384 11392
	8384 11424
	8160 11424
4
	8672 11392
	8896 11392
	8896 11424
	8672 11424
4
	9216 11392
	9504 11392
	9504 11424
	9216 11424
4
	0 11424
	4160 11424
	4160 11456
	0 11456
4
	4544 11424
	5312 11424
	5312 11456
	4544 11456
4
	5632 11424
	5824 11424
	5824 11456
	5632 11456
4
	6144 11424
	6336 11424
	6336 11456
	6144 11456
4
	6624 11424
	7872 11424
	7872 11456
	6624 11456
4
	8160 11424
	8384 11424
	8384 11456
	8160 11456
4
	8672 11424
	8896 11424
	8896 11456
	8672 11456
4
	9216 11424
	9504 11424
	9504 11456
	9216 11456
4
	0 11456
	4128 11456
	4128 11488
	0 11488
4
	4576 11456
	5280 11456
	5280 11488
	4576 11488
4
	5696 11456
	5760 11456
	5760 11488
	5696 11488
4
	6144 11456
	6272 11456
	6272 11488
	6144 11488
4
	6688 11456
	7872 11456
	7872 11488
	6688 11488
4
	8192 11456
	8352 11456
	8352 11488
	8192 11488
4
	8704 11456
	8864 11456
	8864 11488
	8704 11488
4
	9248 11456
	9504 11456
	9504 11488
	9248 11488
4
	0 11488
	4128 11488
	4128 11520
	0 11520
4
	4576 11488
	5280 11488
	5280 11520
	4576 11520
4
	6688 11488
	7840 11488
	7840 11520
	6688 11520
4
	8224 11488
	8320 11488
	8320 11520
	8224 11520
4
	8736 11488
	8832 11488
	8832 11520
	8736 11520
4
	9248 11488
	9504 11488
	9504 11520
	9248 11520
4
	0 11520
	4128 11520
	4128 11552
	0 11552
4
	4576 11520
	5312 11520
	5312 11552
	4576 11552
4
	6688 11520
	7840 11520
	7840 11552
	6688 11552
4
	9280 11520
	9504 11520
	9504 11552
	9280 11552
4
	0 11552
	4128 11552
	4128 11584
	0 11584
4
	4576 11552
	5312 11552
	5312 11584
	4576 11584
4
	6688 11552
	7840 11552
	7840 11584
	6688 11584
4
	9280 11552
	9504 11552
	9504 11584
	9280 11584
4
	0 11584
	4128 11584
	4128 11616
	0 11616
4
	4576 11584
	5280 11584
	5280 11616
	4576 11616
4
	6688 11584
	7840 11584
	7840 11616
	6688 11616
4
	9280 11584
	9504 11584
	9504 11616
	9280 11616
4
	0 11616
	4128 11616
	4128 11648
	0 11648
4
	4576 11616
	5280 11616
	5280 11648
	4576 11648
4
	5376 11616
	5408 11616
	5408 11648
	5376 11648
4
	6688 11616
	7840 11616
	7840 11648
	6688 11648
4
	9216 11616
	9504 11616
	9504 11648
	9216 11648
4
	0 11648
	4128 11648
	4128 11680
	0 11680
4
	4576 11648
	5280 11648
	5280 11680
	4576 11680
4
	5824 11648
	6080 11648
	6080 11680
	5824 11680
4
	6688 11648
	7840 11648
	7840 11680
	6688 11680
4
	9216 11648
	9504 11648
	9504 11680
	9216 11680
4
	0 11680
	4128 11680
	4128 11712
	0 11712
4
	4576 11680
	5280 11680
	5280 11712
	4576 11712
4
	5824 11680
	6080 11680
	6080 11712
	5824 11712
4
	6688 11680
	7840 11680
	7840 11712
	6688 11712
4
	9216 11680
	9504 11680
	9504 11712
	9216 11712
4
	0 11712
	4128 11712
	4128 11744
	0 11744
4
	4576 11712
	5280 11712
	5280 11744
	4576 11744
4
	5824 11712
	6080 11712
	6080 11744
	5824 11744
4
	6688 11712
	7840 11712
	7840 11744
	6688 11744
4
	8480 11712
	8576 11712
	8576 11744
	8480 11744
4
	9280 11712
	9504 11712
	9504 11744
	9280 11744
4
	0 11744
	4128 11744
	4128 11776
	0 11776
4
	4576 11744
	5280 11744
	5280 11776
	4576 11776
4
	5824 11744
	6080 11744
	6080 11776
	5824 11776
4
	6688 11744
	7840 11744
	7840 11776
	6688 11776
4
	8480 11744
	8608 11744
	8608 11776
	8480 11776
4
	9280 11744
	9504 11744
	9504 11776
	9280 11776
4
	0 11776
	4128 11776
	4128 11808
	0 11808
4
	4576 11776
	5280 11776
	5280 11808
	4576 11808
4
	5664 11776
	5792 11776
	5792 11808
	5664 11808
4
	5824 11776
	6080 11776
	6080 11808
	5824 11808
4
	6176 11776
	6304 11776
	6304 11808
	6176 11808
4
	6688 11776
	7840 11776
	7840 11808
	6688 11808
4
	8256 11776
	8320 11776
	8320 11808
	8256 11808
4
	8480 11776
	8608 11776
	8608 11808
	8480 11808
4
	8704 11776
	8928 11776
	8928 11808
	8704 11808
4
	9120 11776
	9504 11776
	9504 11808
	9120 11808
4
	0 11808
	4160 11808
	4160 11840
	0 11840
4
	4576 11808
	5312 11808
	5312 11840
	4576 11840
4
	5632 11808
	6080 11808
	6080 11840
	5632 11840
4
	6144 11808
	6336 11808
	6336 11840
	6144 11840
4
	6368 11808
	6400 11808
	6400 11840
	6368 11840
4
	6656 11808
	7872 11808
	7872 11840
	6656 11840
4
	8192 11808
	8384 11808
	8384 11840
	8192 11840
4
	8480 11808
	8576 11808
	8576 11840
	8480 11840
4
	8704 11808
	8992 11808
	8992 11840
	8704 11840
4
	9120 11808
	9504 11808
	9504 11840
	9120 11840
4
	0 11840
	4160 11840
	4160 11872
	0 11872
4
	4544 11840
	8992 11840
	8992 11872
	4544 11872
4
	9120 11840
	9504 11840
	9504 11872
	9120 11872
4
	0 11872
	4160 11872
	4160 11904
	0 11904
4
	4512 11872
	8992 11872
	8992 11904
	4512 11904
4
	9120 11872
	9504 11872
	9504 11904
	9120 11904
4
	0 11904
	2720 11904
	2720 11936
	0 11936
4
	2976 11904
	3200 11904
	3200 11936
	2976 11936
4
	3488 11904
	4160 11904
	4160 11936
	3488 11936
4
	4544 11904
	8992 11904
	8992 11936
	4544 11936
4
	9120 11904
	9504 11904
	9504 11936
	9120 11936
4
	0 11936
	2720 11936
	2720 11968
	0 11968
4
	2976 11936
	3168 11936
	3168 11968
	2976 11968
4
	3488 11936
	3744 11936
	3744 11968
	3488 11968
4
	4032 11936
	4160 11936
	4160 11968
	4032 11968
4
	4576 11936
	8960 11936
	8960 11968
	4576 11968
4
	9120 11936
	9504 11936
	9504 11968
	9120 11968
4
	0 11968
	2720 11968
	2720 12000
	0 12000
4
	3040 11968
	3136 11968
	3136 12000
	3040 12000
4
	3520 11968
	3744 11968
	3744 12000
	3520 12000
4
	4576 11968
	8960 11968
	8960 12000
	4576 12000
4
	9248 11968
	9504 11968
	9504 12000
	9248 12000
4
	0 12000
	2720 12000
	2720 12032
	0 12032
4
	3072 12000
	3136 12000
	3136 12032
	3072 12032
4
	3552 12000
	3744 12000
	3744 12032
	3552 12032
4
	4576 12000
	8928 12000
	8928 12032
	4576 12032
4
	9280 12000
	9504 12000
	9504 12032
	9280 12032
4
	0 12032
	2592 12032
	2592 12064
	0 12064
4
	3552 12032
	3744 12032
	3744 12064
	3552 12064
4
	4576 12032
	8832 12032
	8832 12064
	4576 12064
4
	9280 12032
	9504 12032
	9504 12064
	9280 12064
4
	0 12064
	2592 12064
	2592 12096
	0 12096
4
	4576 12064
	8832 12064
	8832 12096
	4576 12096
4
	9280 12064
	9504 12064
	9504 12096
	9280 12096
4
	0 12096
	2656 12096
	2656 12128
	0 12128
4
	4512 12096
	8832 12096
	8832 12128
	4512 12128
4
	9280 12096
	9504 12096
	9504 12128
	9280 12128
4
	0 12128
	2688 12128
	2688 12160
	0 12160
4
	4480 12128
	8832 12128
	8832 12160
	4480 12160
4
	9280 12128
	9504 12128
	9504 12160
	9280 12160
4
	0 12160
	2656 12160
	2656 12192
	0 12192
4
	4480 12160
	8832 12160
	8832 12192
	4480 12192
4
	9280 12160
	9504 12160
	9504 12192
	9280 12192
4
	0 12192
	2656 12192
	2656 12224
	0 12224
4
	4512 12192
	8832 12192
	8832 12224
	4512 12224
4
	9280 12192
	9504 12192
	9504 12224
	9280 12224
4
	0 12224
	2656 12224
	2656 12256
	0 12256
4
	4576 12224
	8832 12224
	8832 12256
	4576 12256
4
	9280 12224
	9504 12224
	9504 12256
	9280 12256
4
	0 12256
	2720 12256
	2720 12288
	0 12288
4
	3135 12287
	3137 12287
	3137 12289
	3135 12289
4
	3136 12256
	3168 12256
	3168 12288
	3136 12288
4
	3552 12256
	3744 12256
	3744 12288
	3552 12288
4
	4576 12256
	8832 12256
	8832 12288
	4576 12288
4
	9280 12256
	9504 12256
	9504 12288
	9280 12288
4
	0 12288
	2656 12288
	2656 12320
	0 12320
4
	3008 12288
	3136 12288
	3136 12320
	3008 12320
4
	3520 12288
	3744 12288
	3744 12320
	3520 12320
4
	4576 12288
	8864 12288
	8864 12320
	4576 12320
4
	9216 12288
	9504 12288
	9504 12320
	9216 12320
4
	0 12320
	2656 12320
	2656 12352
	0 12352
4
	2976 12320
	3200 12320
	3200 12352
	2976 12352
4
	3488 12320
	3744 12320
	3744 12352
	3488 12352
4
	4064 12320
	4128 12320
	4128 12352
	4064 12352
4
	4544 12320
	8864 12320
	8864 12352
	4544 12352
4
	9216 12320
	9504 12320
	9504 12352
	9216 12352
4
	0 12352
	2688 12352
	2688 12384
	0 12384
4
	2976 12352
	3232 12352
	3232 12384
	2976 12384
4
	3456 12352
	3744 12352
	3744 12384
	3456 12384
4
	4032 12352
	4160 12352
	4160 12384
	4032 12384
4
	4544 12352
	8864 12352
	8864 12384
	4544 12384
4
	9216 12352
	9504 12352
	9504 12384
	9216 12384
4
	0 12384
	2688 12384
	2688 12416
	0 12416
4
	2976 12384
	3232 12384
	3232 12416
	2976 12416
4
	3456 12384
	4192 12384
	4192 12416
	3456 12416
4
	4544 12384
	8864 12384
	8864 12416
	4544 12416
4
	9216 12384
	9504 12384
	9504 12416
	9216 12416
4
	0 12416
	2688 12416
	2688 12448
	0 12448
4
	2976 12416
	3232 12416
	3232 12448
	2976 12448
4
	3456 12416
	4192 12416
	4192 12448
	3456 12448
4
	4544 12416
	8864 12416
	8864 12448
	4544 12448
4
	9216 12416
	9504 12416
	9504 12448
	9216 12448
4
	0 12448
	2688 12448
	2688 12480
	0 12480
4
	2976 12448
	3200 12448
	3200 12480
	2976 12480
4
	3488 12448
	4160 12448
	4160 12480
	3488 12480
4
	4544 12448
	8832 12448
	8832 12480
	4544 12480
4
	9280 12448
	9504 12448
	9504 12480
	9280 12480
4
	0 12480
	2656 12480
	2656 12512
	0 12512
4
	3008 12480
	3200 12480
	3200 12512
	3008 12512
4
	3520 12480
	4128 12480
	4128 12512
	3520 12512
4
	4576 12480
	8832 12480
	8832 12512
	4576 12512
4
	9280 12480
	9504 12480
	9504 12512
	9280 12512
4
	0 12512
	2592 12512
	2592 12544
	0 12544
4
	3584 12512
	4128 12512
	4128 12544
	3584 12544
4
	4576 12512
	8832 12512
	8832 12544
	4576 12544
4
	9280 12512
	9504 12512
	9504 12544
	9280 12544
4
	0 12544
	2592 12544
	2592 12576
	0 12576
4
	3584 12544
	4128 12544
	4128 12576
	3584 12576
4
	4576 12544
	8832 12544
	8832 12576
	4576 12576
4
	9280 12544
	9504 12544
	9504 12576
	9280 12576
4
	0 12576
	2592 12576
	2592 12608
	0 12608
4
	2656 12576
	2912 12576
	2912 12608
	2656 12608
4
	3584 12576
	4128 12576
	4128 12608
	3584 12608
4
	4576 12576
	8832 12576
	8832 12608
	4576 12608
4
	9280 12576
	9504 12576
	9504 12608
	9280 12608
4
	0 12608
	2592 12608
	2592 12640
	0 12640
4
	2656 12608
	2912 12608
	2912 12640
	2656 12640
4
	3264 12608
	3328 12608
	3328 12640
	3264 12640
4
	3584 12608
	4128 12608
	4128 12640
	3584 12640
4
	4576 12608
	8832 12608
	8832 12640
	4576 12640
4
	9280 12608
	9504 12608
	9504 12640
	9280 12640
4
	0 12640
	2592 12640
	2592 12672
	0 12672
4
	3264 12640
	3328 12640
	3328 12672
	3264 12672
4
	3584 12640
	4128 12640
	4128 12672
	3584 12672
4
	4576 12640
	8832 12640
	8832 12672
	4576 12672
4
	9280 12640
	9504 12640
	9504 12672
	9280 12672
4
	0 12672
	2592 12672
	2592 12704
	0 12704
4
	3264 12672
	3328 12672
	3328 12704
	3264 12704
4
	3584 12672
	4128 12672
	4128 12704
	3584 12704
4
	4576 12672
	8832 12672
	8832 12704
	4576 12704
4
	9280 12672
	9504 12672
	9504 12704
	9280 12704
4
	0 12704
	2592 12704
	2592 12736
	0 12736
4
	3264 12704
	3328 12704
	3328 12736
	3264 12736
4
	3584 12704
	4128 12704
	4128 12736
	3584 12736
4
	4576 12704
	8832 12704
	8832 12736
	4576 12736
4
	9280 12704
	9504 12704
	9504 12736
	9280 12736
4
	0 12736
	2592 12736
	2592 12768
	0 12768
4
	3264 12736
	3328 12736
	3328 12768
	3264 12768
4
	3584 12736
	4128 12736
	4128 12768
	3584 12768
4
	4576 12736
	8832 12736
	8832 12768
	4576 12768
4
	9280 12736
	9504 12736
	9504 12768
	9280 12768
4
	0 12768
	2592 12768
	2592 12800
	0 12800
4
	3264 12768
	3328 12768
	3328 12800
	3264 12800
4
	3584 12768
	4128 12768
	4128 12800
	3584 12800
4
	4576 12768
	8832 12768
	8832 12800
	4576 12800
4
	9280 12768
	9504 12768
	9504 12800
	9280 12800
4
	0 12800
	2592 12800
	2592 12832
	0 12832
4
	3264 12800
	3328 12800
	3328 12832
	3264 12832
4
	3456 12800
	4128 12800
	4128 12832
	3456 12832
4
	4576 12800
	8864 12800
	8864 12832
	4576 12832
4
	9216 12800
	9504 12800
	9504 12832
	9216 12832
4
	0 12832
	2656 12832
	2656 12864
	0 12864
4
	2976 12832
	3168 12832
	3168 12864
	2976 12864
4
	3264 12832
	3328 12832
	3328 12864
	3264 12864
4
	3456 12832
	4160 12832
	4160 12864
	3456 12864
4
	4576 12832
	8864 12832
	8864 12864
	4576 12864
4
	9216 12832
	9504 12832
	9504 12864
	9216 12864
4
	0 12864
	2656 12864
	2656 12896
	0 12896
4
	2976 12864
	3168 12864
	3168 12896
	2976 12896
4
	3456 12864
	4160 12864
	4160 12896
	3456 12896
4
	4544 12864
	8864 12864
	8864 12896
	4544 12896
4
	9216 12864
	9504 12864
	9504 12896
	9216 12896
4
	0 12896
	8864 12896
	8864 12928
	0 12928
4
	9216 12896
	9504 12896
	9504 12928
	9216 12928
4
	0 12928
	6336 12928
	6336 12960
	0 12960
4
	6656 12928
	6848 12928
	6848 12960
	6656 12960
4
	7168 12928
	7360 12928
	7360 12960
	7168 12960
4
	7680 12928
	7904 12928
	7904 12960
	7680 12960
4
	8192 12928
	8352 12928
	8352 12960
	8192 12960
4
	8704 12928
	8864 12928
	8864 12960
	8704 12960
4
	9216 12928
	9504 12928
	9504 12960
	9216 12960
4
	0 12960
	6336 12960
	6336 12992
	0 12992
4
	6688 12960
	6848 12960
	6848 12992
	6688 12992
4
	7200 12960
	7360 12960
	7360 12992
	7200 12992
4
	7680 12960
	7872 12960
	7872 12992
	7680 12992
4
	9280 12960
	9504 12960
	9504 12992
	9280 12992
4
	0 12992
	6272 12992
	6272 13024
	0 13024
4
	7680 12992
	7872 12992
	7872 13024
	7680 13024
4
	9280 12992
	9504 12992
	9504 13024
	9280 13024
4
	0 13024
	6272 13024
	6272 13056
	0 13056
4
	7680 13024
	7872 13024
	7872 13056
	7680 13056
4
	9280 13024
	9504 13024
	9504 13056
	9280 13056
4
	0 13056
	6272 13056
	6272 13088
	0 13088
4
	7712 13056
	7840 13056
	7840 13088
	7712 13088
4
	9280 13056
	9504 13056
	9504 13088
	9280 13088
4
	0 13088
	6272 13088
	6272 13120
	0 13120
4
	9280 13088
	9504 13088
	9504 13120
	9280 13120
4
	0 13120
	6272 13120
	6272 13152
	0 13152
4
	9280 13120
	9504 13120
	9504 13152
	9280 13152
4
	0 13152
	6272 13152
	6272 13184
	0 13184
4
	9280 13152
	9504 13152
	9504 13184
	9280 13184
4
	0 13184
	6272 13184
	6272 13216
	0 13216
4
	9280 13184
	9504 13184
	9504 13216
	9280 13216
4
	0 13216
	6272 13216
	6272 13248
	0 13248
4
	7712 13216
	7840 13216
	7840 13248
	7712 13248
4
	9280 13216
	9504 13216
	9504 13248
	9280 13248
4
	0 13248
	6272 13248
	6272 13280
	0 13280
4
	7680 13248
	7872 13248
	7872 13280
	7680 13280
4
	9280 13248
	9504 13248
	9504 13280
	9280 13280
4
	0 13280
	6272 13280
	6272 13312
	0 13312
4
	6720 13280
	6784 13280
	6784 13312
	6720 13312
4
	7232 13280
	7296 13280
	7296 13312
	7232 13312
4
	7680 13280
	7904 13280
	7904 13312
	7680 13312
4
	9184 13280
	9504 13280
	9504 13312
	9184 13312
4
	0 13312
	6304 13312
	6304 13344
	0 13344
4
	6656 13312
	6848 13312
	6848 13344
	6656 13344
4
	7168 13312
	7360 13312
	7360 13344
	7168 13344
4
	7680 13312
	7904 13312
	7904 13344
	7680 13344
4
	8192 13312
	8352 13312
	8352 13344
	8192 13344
4
	8704 13312
	8864 13312
	8864 13344
	8704 13344
4
	9184 13312
	9504 13312
	9504 13344
	9184 13344
4
	0 13344
	6336 13344
	6336 13376
	0 13376
4
	6656 13344
	6848 13344
	6848 13376
	6656 13376
4
	7168 13344
	7360 13344
	7360 13376
	7168 13376
4
	7680 13344
	7904 13344
	7904 13376
	7680 13376
4
	8192 13344
	8352 13344
	8352 13376
	8192 13376
4
	8704 13344
	8864 13344
	8864 13376
	8704 13376
4
	9184 13344
	9504 13344
	9504 13376
	9184 13376
4
	0 13376
	6336 13376
	6336 13408
	0 13408
4
	6656 13376
	6880 13376
	6880 13408
	6656 13408
4
	7168 13376
	7392 13376
	7392 13408
	7168 13408
4
	7680 13376
	9504 13376
	9504 13408
	7680 13408
4
	0 13408
	6336 13408
	6336 13440
	0 13440
4
	6656 13408
	6880 13408
	6880 13440
	6656 13440
4
	7168 13408
	7392 13408
	7392 13440
	7168 13440
4
	7680 13408
	9504 13408
	9504 13440
	7680 13440
4
	0 13440
	6336 13440
	6336 13472
	0 13472
4
	6656 13440
	6848 13440
	6848 13472
	6656 13472
4
	7168 13440
	7360 13440
	7360 13472
	7168 13472
4
	7680 13440
	9504 13440
	9504 13472
	7680 13472
4
	0 13472
	6336 13472
	6336 13504
	0 13504
4
	6688 13472
	6848 13472
	6848 13504
	6688 13504
4
	7200 13472
	7360 13472
	7360 13504
	7200 13504
4
	7680 13472
	9504 13472
	9504 13504
	7680 13504
4
	0 13504
	6272 13504
	6272 13536
	0 13536
4
	7712 13504
	9504 13504
	9504 13536
	7712 13536
4
	0 13536
	6272 13536
	6272 13568
	0 13568
4
	7712 13536
	9504 13536
	9504 13568
	7712 13568
4
	0 13568
	6272 13568
	6272 13600
	0 13600
4
	7712 13568
	9504 13568
	9504 13600
	7712 13600
4
	0 13600
	6272 13600
	6272 13632
	0 13632
4
	7712 13600
	9504 13600
	9504 13632
	7712 13632
4
	0 13632
	6272 13632
	6272 13664
	0 13664
4
	7712 13632
	9504 13632
	9504 13664
	7712 13664
4
	0 13664
	6272 13664
	6272 13696
	0 13696
4
	7712 13664
	9504 13664
	9504 13696
	7712 13696
4
	0 13696
	6272 13696
	6272 13728
	0 13728
4
	7712 13696
	9504 13696
	9504 13728
	7712 13728
4
	0 13728
	6272 13728
	6272 13760
	0 13760
4
	7712 13728
	9504 13728
	9504 13760
	7712 13760
4
	0 13760
	6272 13760
	6272 13792
	0 13792
4
	7712 13760
	9504 13760
	9504 13792
	7712 13792
4
	0 13792
	6272 13792
	6272 13824
	0 13824
4
	6688 13792
	6816 13792
	6816 13824
	6688 13824
4
	7712 13792
	9504 13792
	9504 13824
	7712 13824
4
	0 13824
	6336 13824
	6336 13856
	0 13856
4
	6656 13824
	6848 13824
	6848 13856
	6656 13856
4
	7168 13824
	7328 13824
	7328 13856
	7168 13856
4
	7680 13824
	9504 13824
	9504 13856
	7680 13856
4
	0 13856
	6336 13856
	6336 13888
	0 13888
4
	6624 13856
	6848 13856
	6848 13888
	6624 13888
4
	7168 13856
	7360 13856
	7360 13888
	7168 13888
4
	7680 13856
	9504 13856
	9504 13888
	7680 13888
4
	0 13888
	6368 13888
	6368 13920
	0 13920
4
	6624 13888
	6848 13888
	6848 13920
	6624 13920
4
	7136 13888
	7360 13888
	7360 13920
	7136 13920
4
	7680 13888
	9504 13888
	9504 13920
	7680 13920
4
	0 13920
	6368 13920
	6368 13952
	0 13952
4
	6624 13920
	6848 13920
	6848 13952
	6624 13952
4
	7136 13920
	7360 13920
	7360 13952
	7136 13952
4
	7680 13920
	9504 13920
	9504 13952
	7680 13952
4
	0 13952
	6336 13952
	6336 13984
	0 13984
4
	6656 13952
	6848 13952
	6848 13984
	6656 13984
4
	7136 13952
	7360 13952
	7360 13984
	7136 13984
4
	7680 13952
	9504 13952
	9504 13984
	7680 13984
4
	0 13984
	6336 13984
	6336 14016
	0 14016
4
	6688 13984
	6816 13984
	6816 14016
	6688 14016
4
	7168 13984
	7360 13984
	7360 14016
	7168 14016
4
	7712 13984
	9504 13984
	9504 14016
	7712 14016
4
	0 14016
	6272 14016
	6272 14048
	0 14048
4
	7200 14016
	7296 14016
	7296 14048
	7200 14048
4
	7712 14016
	9504 14016
	9504 14048
	7712 14048
4
	0 14048
	6272 14048
	6272 14080
	0 14080
4
	7712 14048
	9504 14048
	9504 14080
	7712 14080
4
	0 14080
	6272 14080
	6272 14112
	0 14112
4
	7712 14080
	9504 14080
	9504 14112
	7712 14112
4
	0 14112
	6272 14112
	6272 14144
	0 14144
4
	7712 14112
	9504 14112
	9504 14144
	7712 14144
4
	0 14144
	6272 14144
	6272 14176
	0 14176
4
	7712 14144
	9504 14144
	9504 14176
	7712 14176
4
	0 14176
	6272 14176
	6272 14208
	0 14208
4
	7712 14176
	9504 14176
	9504 14208
	7712 14208
4
	0 14208
	6272 14208
	6272 14240
	0 14240
4
	7712 14208
	9504 14208
	9504 14240
	7712 14240
4
	0 14240
	6272 14240
	6272 14272
	0 14272
4
	7712 14240
	9504 14240
	9504 14272
	7712 14272
4
	0 14272
	6272 14272
	6272 14304
	0 14304
4
	7712 14272
	9504 14272
	9504 14304
	7712 14304
4
	0 14304
	6272 14304
	6272 14336
	0 14336
4
	7232 14304
	7296 14304
	7296 14336
	7232 14336
4
	7712 14304
	9504 14304
	9504 14336
	7712 14336
4
	0 14336
	6304 14336
	6304 14368
	0 14368
4
	6656 14336
	6816 14336
	6816 14368
	6656 14368
4
	7168 14336
	7360 14336
	7360 14368
	7168 14368
4
	7680 14336
	9504 14336
	9504 14368
	7680 14368
4
	0 14368
	6336 14368
	6336 14400
	0 14400
4
	6656 14368
	6848 14368
	6848 14400
	6656 14400
4
	7168 14368
	7360 14368
	7360 14400
	7168 14400
4
	7680 14368
	9504 14368
	9504 14400
	7680 14400
4
	0 14400
	6336 14400
	6336 14432
	0 14432
4
	6624 14400
	6848 14400
	6848 14432
	6624 14432
4
	7168 14400
	7392 14400
	7392 14432
	7168 14432
4
	7680 14400
	9504 14400
	9504 14432
	7680 14432
4
	0 14432
	6336 14432
	6336 14464
	0 14464
4
	6624 14432
	6848 14432
	6848 14464
	6624 14464
4
	7168 14432
	7392 14432
	7392 14464
	7168 14464
4
	7680 14432
	9504 14432
	9504 14464
	7680 14464
4
	0 14464
	6336 14464
	6336 14496
	0 14496
4
	6624 14464
	6848 14464
	6848 14496
	6624 14496
4
	7168 14464
	7360 14464
	7360 14496
	7168 14496
4
	7680 14464
	9504 14464
	9504 14496
	7680 14496
4
	0 14496
	6336 14496
	6336 14528
	0 14528
4
	6656 14496
	6848 14496
	6848 14528
	6656 14528
4
	7200 14496
	7360 14496
	7360 14528
	7200 14528
4
	7712 14496
	9504 14496
	9504 14528
	7712 14528
4
	0 14528
	6272 14528
	6272 14560
	0 14560
4
	6688 14528
	6784 14528
	6784 14560
	6688 14560
4
	7712 14528
	9504 14528
	9504 14560
	7712 14560
4
	0 14560
	6272 14560
	6272 14592
	0 14592
4
	7712 14560
	9504 14560
	9504 14592
	7712 14592
4
	0 14592
	6272 14592
	6272 14624
	0 14624
4
	7712 14592
	9504 14592
	9504 14624
	7712 14624
4
	0 14624
	6272 14624
	6272 14656
	0 14656
4
	7712 14624
	9504 14624
	9504 14656
	7712 14656
4
	0 14656
	6272 14656
	6272 14688
	0 14688
4
	7712 14656
	9504 14656
	9504 14688
	7712 14688
4
	0 14688
	6272 14688
	6272 14720
	0 14720
4
	7712 14688
	9504 14688
	9504 14720
	7712 14720
4
	0 14720
	6272 14720
	6272 14752
	0 14752
4
	7712 14720
	9504 14720
	9504 14752
	7712 14752
4
	0 14752
	6272 14752
	6272 14784
	0 14784
4
	7712 14752
	9504 14752
	9504 14784
	7712 14784
4
	0 14784
	6272 14784
	6272 14816
	0 14816
4
	7712 14784
	9504 14784
	9504 14816
	7712 14816
4
	0 14816
	6272 14816
	6272 14848
	0 14848
4
	6720 14816
	6784 14816
	6784 14848
	6720 14848
4
	7232 14816
	7296 14816
	7296 14848
	7232 14848
4
	7712 14816
	9504 14816
	9504 14848
	7712 14848
4
	0 14848
	6336 14848
	6336 14880
	0 14880
4
	6656 14848
	6848 14848
	6848 14880
	6656 14880
4
	7168 14848
	7360 14848
	7360 14880
	7168 14880
4
	7680 14848
	9504 14848
	9504 14880
	7680 14880
4
	0 14880
	6368 14880
	6368 14912
	0 14912
4
	6560 14880
	9504 14880
	9504 14912
	6560 14912
4
	0 14912
	6432 14912
	6432 14944
	0 14944
4
	6560 14912
	9504 14912
	9504 14944
	6560 14944
4
	0 14944
	6432 14944
	6432 14976
	0 14976
4
	6560 14944
	9504 14944
	9504 14976
	6560 14976
4
	0 14976
	6432 14976
	6432 15008
	0 15008
4
	6560 14976
	9504 14976
	9504 15008
	6560 15008
4
	0 15008
	6432 15008
	6432 15040
	0 15040
4
	6560 15008
	9504 15008
	9504 15040
	6560 15040
4
	0 15040
	6368 15040
	6368 15072
	0 15072
4
	6560 15040
	9504 15040
	9504 15072
	6560 15072
4
	0 15072
	6272 15072
	6272 15104
	0 15104
4
	6688 15072
	9504 15072
	9504 15104
	6688 15104
4
	0 15104
	6272 15104
	6272 15136
	0 15136
4
	6688 15104
	9504 15104
	9504 15136
	6688 15136
4
	0 15136
	6272 15136
	6272 15168
	0 15168
4
	6688 15136
	9504 15136
	9504 15168
	6688 15168
4
	0 15168
	6272 15168
	6272 15200
	0 15200
4
	6688 15168
	9504 15168
	9504 15200
	6688 15200
4
	0 15200
	6272 15200
	6272 15232
	0 15232
4
	6688 15200
	9504 15200
	9504 15232
	6688 15232
4
	0 15232
	6272 15232
	6272 15264
	0 15264
4
	6688 15232
	9504 15232
	9504 15264
	6688 15264
4
	0 15264
	6272 15264
	6272 15296
	0 15296
4
	6688 15264
	9504 15264
	9504 15296
	6688 15296
4
	0 15296
	6272 15296
	6272 15328
	0 15328
4
	6688 15296
	9504 15296
	9504 15328
	6688 15328
4
	0 15328
	6272 15328
	6272 15360
	0 15360
4
	6688 15328
	9504 15328
	9504 15360
	6688 15360
4
	0 15360
	6272 15360
	6272 15392
	0 15392
4
	6656 15360
	9504 15360
	9504 15392
	6656 15392
4
	0 15392
	6304 15392
	6304 15424
	0 15424
4
	6656 15392
	9504 15392
	9504 15424
	6656 15424
4
	0 15424
	6336 15424
	6336 15456
	0 15456
4
	6656 15424
	9504 15424
	9504 15456
	6656 15456
4
	0 15456
	6304 15456
	6304 15488
	0 15488
4
	6656 15456
	9504 15456
	9504 15488
	6656 15488
4
	0 15488
	5792 15488
	5792 15520
	0 15520
4
	6176 15488
	6272 15488
	6272 15520
	6176 15520
4
	6656 15488
	6816 15488
	6816 15520
	6656 15520
4
	7200 15488
	9504 15488
	9504 15520
	7200 15520
4
	0 15520
	5728 15520
	5728 15552
	0 15552
4
	5760 15520
	5856 15520
	5856 15552
	5760 15552
4
	7264 15520
	9504 15520
	9504 15552
	7264 15552
4
	0 15552
	5728 15552
	5728 15584
	0 15584
4
	5760 15552
	5856 15552
	5856 15584
	5760 15584
4
	7264 15552
	9504 15552
	9504 15584
	7264 15584
4
	0 15584
	5728 15584
	5728 15616
	0 15616
4
	5760 15584
	5856 15584
	5856 15616
	5760 15616
4
	7264 15584
	9504 15584
	9504 15616
	7264 15616
4
	0 15616
	5728 15616
	5728 15648
	0 15648
4
	7264 15616
	9504 15616
	9504 15648
	7264 15648
4
	0 15648
	5728 15648
	5728 15680
	0 15680
4
	7264 15648
	9504 15648
	9504 15680
	7264 15680
4
	0 15680
	5728 15680
	5728 15712
	0 15712
4
	7264 15680
	9504 15680
	9504 15712
	7264 15712
4
	0 15712
	5728 15712
	5728 15744
	0 15744
4
	5760 15712
	5792 15712
	5792 15744
	5760 15744
4
	7264 15712
	9504 15712
	9504 15744
	7264 15744
4
	0 15744
	5728 15744
	5728 15776
	0 15776
4
	5856 15744
	5888 15744
	5888 15776
	5856 15776
4
	7264 15744
	9504 15744
	9504 15776
	7264 15776
4
	0 15776
	5728 15776
	5728 15808
	0 15808
4
	7264 15776
	9504 15776
	9504 15808
	7264 15808
4
	0 15808
	5728 15808
	5728 15840
	0 15840
4
	7264 15808
	9504 15808
	9504 15840
	7264 15840
4
	0 15840
	5728 15840
	5728 15872
	0 15872
4
	7264 15840
	9504 15840
	9504 15872
	7264 15872
4
	0 15872
	5760 15872
	5760 15904
	0 15904
4
	7168 15872
	9504 15872
	9504 15904
	7168 15904
4
	0 15904
	5792 15904
	5792 15936
	0 15936
4
	7168 15904
	9504 15904
	9504 15936
	7168 15936
4
	0 15936
	5824 15936
	5824 15968
	0 15968
4
	7168 15936
	9504 15936
	9504 15968
	7168 15968
4
	0 15968
	5792 15968
	5792 16000
	0 16000
4
	7168 15968
	9504 15968
	9504 16000
	7168 16000
4
	0 16000
	5760 16000
	5760 16032
	0 16032
4
	7168 16000
	9504 16000
	9504 16032
	7168 16032
4
	0 16032
	5728 16032
	5728 16064
	0 16064
4
	7264 16032
	9504 16032
	9504 16064
	7264 16064
4
	0 16064
	5728 16064
	5728 16096
	0 16096
4
	7264 16064
	9504 16064
	9504 16096
	7264 16096
4
	0 16096
	5728 16096
	5728 16128
	0 16128
4
	7264 16096
	9504 16096
	9504 16128
	7264 16128
4
	0 16128
	5728 16128
	5728 16160
	0 16160
4
	7264 16128
	9504 16128
	9504 16160
	7264 16160
4
	0 16160
	5728 16160
	5728 16192
	0 16192
4
	7264 16160
	9504 16160
	9504 16192
	7264 16192
4
	0 16192
	5728 16192
	5728 16224
	0 16224
4
	7264 16192
	9504 16192
	9504 16224
	7264 16224
4
	0 16224
	5728 16224
	5728 16256
	0 16256
4
	7264 16224
	9504 16224
	9504 16256
	7264 16256
4
	0 16256
	5728 16256
	5728 16288
	0 16288
4
	7264 16256
	9504 16256
	9504 16288
	7264 16288
4
	0 16288
	5728 16288
	5728 16320
	0 16320
4
	7264 16288
	9504 16288
	9504 16320
	7264 16320
4
	0 16320
	5728 16320
	5728 16352
	0 16352
4
	7264 16320
	9504 16320
	9504 16352
	7264 16352
4
	0 16352
	5728 16352
	5728 16384
	0 16384
4
	7264 16352
	9504 16352
	9504 16384
	7264 16384
4
	0 16384
	5792 16384
	5792 16416
	0 16416
4
	7200 16384
	9504 16384
	9504 16416
	7200 16416
4
	0 16416
	5792 16416
	5792 16448
	0 16448
4
	7168 16416
	9504 16416
	9504 16448
	7168 16448
4
	0 16448
	5792 16448
	5792 16480
	0 16480
4
	7168 16448
	9504 16448
	9504 16480
	7168 16480
4
	0 16480
	5792 16480
	5792 16512
	0 16512
4
	7168 16480
	9504 16480
	9504 16512
	7168 16512
4
	0 16512
	5792 16512
	5792 16544
	0 16544
4
	7200 16512
	9504 16512
	9504 16544
	7200 16544
4
	0 16544
	5728 16544
	5728 16576
	0 16576
4
	7264 16544
	9504 16544
	9504 16576
	7264 16576
4
	0 16576
	5728 16576
	5728 16608
	0 16608
4
	7264 16576
	9504 16576
	9504 16608
	7264 16608
4
	0 16608
	5728 16608
	5728 16640
	0 16640
4
	7264 16608
	9504 16608
	9504 16640
	7264 16640
4
	0 16640
	5728 16640
	5728 16672
	0 16672
4
	7264 16640
	9504 16640
	9504 16672
	7264 16672
4
	0 16672
	5728 16672
	5728 16704
	0 16704
4
	7264 16672
	9504 16672
	9504 16704
	7264 16704
4
	0 16704
	5728 16704
	5728 16736
	0 16736
4
	7264 16704
	9504 16704
	9504 16736
	7264 16736
4
	0 16736
	5728 16736
	5728 16768
	0 16768
4
	7264 16736
	9504 16736
	9504 16768
	7264 16768
4
	0 16768
	5728 16768
	5728 16800
	0 16800
4
	7264 16768
	9504 16768
	9504 16800
	7264 16800
4
	0 16800
	5728 16800
	5728 16832
	0 16832
4
	7264 16800
	9504 16800
	9504 16832
	7264 16832
4
	0 16832
	5728 16832
	5728 16864
	0 16864
4
	7264 16832
	9504 16832
	9504 16864
	7264 16864
4
	0 16864
	5728 16864
	5728 16896
	0 16896
4
	7264 16864
	9504 16864
	9504 16896
	7264 16896
4
	0 16896
	5760 16896
	5760 16928
	0 16928
4
	7168 16896
	9504 16896
	9504 16928
	7168 16928
4
	0 16928
	5792 16928
	5792 16960
	0 16960
4
	7168 16928
	9504 16928
	9504 16960
	7168 16960
4
	0 16960
	5824 16960
	5824 16992
	0 16992
4
	7168 16960
	9504 16960
	9504 16992
	7168 16992
4
	0 16992
	5792 16992
	5792 17024
	0 17024
4
	7072 16992
	9504 16992
	9504 17024
	7072 17024
4
	0 17024
	5760 17024
	5760 17056
	0 17056
4
	7072 17024
	9504 17024
	9504 17056
	7072 17056
4
	0 17056
	5728 17056
	5728 17088
	0 17088
4
	7072 17056
	7168 17056
	7168 17088
	7072 17088
4
	7264 17056
	9504 17056
	9504 17088
	7264 17088
4
	0 17088
	5728 17088
	5728 17120
	0 17120
4
	7072 17088
	7168 17088
	7168 17120
	7072 17120
4
	7264 17088
	9504 17088
	9504 17120
	7264 17120
4
	0 17120
	5728 17120
	5728 17152
	0 17152
4
	5888 17120
	5952 17120
	5952 17152
	5888 17152
4
	7072 17120
	7168 17120
	7168 17152
	7072 17152
4
	7264 17120
	9504 17120
	9504 17152
	7264 17152
4
	0 17152
	5728 17152
	5728 17184
	0 17184
4
	5887 17183
	5889 17183
	5889 17185
	5887 17185
4
	5888 17152
	5952 17152
	5952 17184
	5888 17184
4
	7072 17152
	7168 17152
	7168 17184
	7072 17184
4
	7264 17152
	9504 17152
	9504 17184
	7264 17184
4
	0 17184
	5728 17184
	5728 17216
	0 17216
4
	5824 17184
	5888 17184
	5888 17216
	5824 17216
4
	7072 17184
	7168 17184
	7168 17216
	7072 17216
4
	7264 17184
	9504 17184
	9504 17216
	7264 17216
4
	0 17216
	5728 17216
	5728 17248
	0 17248
4
	5792 17216
	5888 17216
	5888 17248
	5792 17248
4
	7072 17216
	7168 17216
	7168 17248
	7072 17248
4
	7264 17216
	9504 17216
	9504 17248
	7264 17248
4
	0 17248
	5728 17248
	5728 17280
	0 17280
4
	5856 17248
	5952 17248
	5952 17280
	5856 17280
4
	7040 17248
	7136 17248
	7136 17280
	7040 17280
4
	7264 17248
	9504 17248
	9504 17280
	7264 17280
4
	0 17280
	5728 17280
	5728 17312
	0 17312
4
	5856 17280
	5952 17280
	5952 17312
	5856 17312
4
	7040 17280
	7168 17280
	7168 17312
	7040 17312
4
	7264 17280
	9504 17280
	9504 17312
	7264 17312
4
	0 17312
	5728 17312
	5728 17344
	0 17344
4
	5856 17312
	5952 17312
	5952 17344
	5856 17344
4
	7040 17312
	7168 17312
	7168 17344
	7040 17344
4
	7264 17312
	9504 17312
	9504 17344
	7264 17344
4
	0 17344
	5728 17344
	5728 17376
	0 17376
4
	7072 17344
	7168 17344
	7168 17376
	7072 17376
4
	7264 17344
	9504 17344
	9504 17376
	7264 17376
4
	0 17376
	5728 17376
	5728 17408
	0 17408
4
	7104 17376
	7136 17376
	7136 17408
	7104 17408
4
	7264 17376
	9504 17376
	9504 17408
	7264 17408
4
	0 17408
	5792 17408
	5792 17440
	0 17440
4
	7200 17408
	9504 17408
	9504 17440
	7200 17440
4
	0 17440
	5792 17440
	5792 17472
	0 17472
4
	7168 17440
	9504 17440
	9504 17472
	7168 17472
4
	0 17472
	5792 17472
	5792 17504
	0 17504
4
	7168 17472
	9504 17472
	9504 17504
	7168 17504
4
	0 17504
	5792 17504
	5792 17536
	0 17536
4
	7168 17504
	9504 17504
	9504 17536
	7168 17536
4
	0 17536
	5824 17536
	5824 17568
	0 17568
4
	7200 17536
	9504 17536
	9504 17568
	7200 17568
4
	0 17568
	5728 17568
	5728 17600
	0 17600
4
	5760 17568
	5856 17568
	5856 17600
	5760 17600
4
	7264 17568
	9504 17568
	9504 17600
	7264 17600
4
	0 17600
	5728 17600
	5728 17632
	0 17632
4
	5760 17600
	5856 17600
	5856 17632
	5760 17632
4
	7264 17600
	9504 17600
	9504 17632
	7264 17632
4
	0 17632
	5728 17632
	5728 17664
	0 17664
4
	5760 17632
	5824 17632
	5824 17664
	5760 17664
4
	7264 17632
	9504 17632
	9504 17664
	7264 17664
4
	0 17664
	5728 17664
	5728 17696
	0 17696
4
	7264 17664
	9504 17664
	9504 17696
	7264 17696
4
	0 17696
	5728 17696
	5728 17728
	0 17728
4
	7264 17696
	9504 17696
	9504 17728
	7264 17728
4
	0 17728
	5728 17728
	5728 17760
	0 17760
4
	7264 17728
	9504 17728
	9504 17760
	7264 17760
4
	0 17760
	5728 17760
	5728 17792
	0 17792
4
	7264 17760
	9504 17760
	9504 17792
	7264 17792
4
	0 17792
	5728 17792
	5728 17824
	0 17824
4
	7264 17792
	9504 17792
	9504 17824
	7264 17824
4
	0 17824
	5728 17824
	5728 17856
	0 17856
4
	7264 17824
	9504 17824
	9504 17856
	7264 17856
4
	0 17856
	5728 17856
	5728 17888
	0 17888
4
	7264 17856
	9504 17856
	9504 17888
	7264 17888
4
	0 17888
	5728 17888
	5728 17920
	0 17920
4
	7264 17888
	9504 17888
	9504 17920
	7264 17920
4
	0 17920
	5760 17920
	5760 17952
	0 17952
4
	7168 17920
	9504 17920
	9504 17952
	7168 17952
4
	0 17952
	5792 17952
	5792 17984
	0 17984
4
	7168 17952
	9504 17952
	9504 17984
	7168 17984
4
	0 17984
	5824 17984
	5824 18016
	0 18016
4
	7168 17984
	9504 17984
	9504 18016
	7168 18016
4
	0 18016
	5792 18016
	5792 18048
	0 18048
4
	7168 18016
	9504 18016
	9504 18048
	7168 18048
4
	0 18048
	5760 18048
	5760 18080
	0 18080
4
	7168 18048
	9504 18048
	9504 18080
	7168 18080
4
	0 18080
	5728 18080
	5728 18112
	0 18112
4
	7264 18080
	9504 18080
	9504 18112
	7264 18112
4
	0 18112
	5728 18112
	5728 18144
	0 18144
4
	7264 18112
	9504 18112
	9504 18144
	7264 18144
4
	0 18144
	5728 18144
	5728 18176
	0 18176
4
	7264 18144
	9504 18144
	9504 18176
	7264 18176
4
	0 18176
	5728 18176
	5728 18208
	0 18208
4
	7264 18176
	9504 18176
	9504 18208
	7264 18208
4
	0 18208
	5728 18208
	5728 18240
	0 18240
4
	7264 18208
	9504 18208
	9504 18240
	7264 18240
4
	0 18240
	5728 18240
	5728 18272
	0 18272
4
	5760 18240
	5792 18240
	5792 18272
	5760 18272
4
	7264 18240
	9504 18240
	9504 18272
	7264 18272
4
	0 18272
	5728 18272
	5728 18304
	0 18304
4
	7264 18272
	9504 18272
	9504 18304
	7264 18304
4
	0 18304
	5728 18304
	5728 18336
	0 18336
4
	7264 18304
	9504 18304
	9504 18336
	7264 18336
4
	0 18336
	5728 18336
	5728 18368
	0 18368
4
	7264 18336
	9504 18336
	9504 18368
	7264 18368
4
	0 18368
	5728 18368
	5728 18400
	0 18400
4
	7232 18368
	9504 18368
	9504 18400
	7232 18400
4
	0 18400
	5728 18400
	5728 18432
	0 18432
4
	6815 18431
	6817 18431
	6817 18433
	6815 18433
4
	6816 18400
	6848 18400
	6848 18432
	6816 18432
4
	7200 18400
	9504 18400
	9504 18432
	7200 18432
4
	0 18432
	5760 18432
	5760 18464
	0 18464
4
	6176 18432
	6336 18432
	6336 18464
	6176 18464
4
	6656 18432
	6816 18432
	6816 18464
	6656 18464
4
	7168 18432
	9504 18432
	9504 18464
	7168 18464
4
	0 18464
	6336 18464
	6336 18496
	0 18496
4
	6656 18464
	9504 18464
	9504 18496
	6656 18496
4
	0 18496
	6336 18496
	6336 18528
	0 18528
4
	6656 18496
	9504 18496
	9504 18528
	6656 18528
4
	0 18528
	6336 18528
	6336 18560
	0 18560
4
	6656 18528
	9504 18528
	9504 18560
	6656 18560
4
	0 18560
	6304 18560
	6304 18592
	0 18592
4
	6752 18560
	9504 18560
	9504 18592
	6752 18592
4
	0 18592
	6304 18592
	6304 18624
	0 18624
4
	6752 18592
	9504 18592
	9504 18624
	6752 18624
4
	0 18624
	6304 18624
	6304 18656
	0 18656
4
	6752 18624
	9504 18624
	9504 18656
	6752 18656
4
	0 18656
	6304 18656
	6304 18688
	0 18688
4
	6752 18656
	9504 18656
	9504 18688
	6752 18688
4
	0 18688
	6304 18688
	6304 18720
	0 18720
4
	6752 18688
	9504 18688
	9504 18720
	6752 18720
4
	0 18720
	6304 18720
	6304 18752
	0 18752
4
	6752 18720
	9504 18720
	9504 18752
	6752 18752
4
	0 18752
	6304 18752
	6304 18784
	0 18784
4
	6752 18752
	9504 18752
	9504 18784
	6752 18784
4
	0 18784
	6304 18784
	6304 18816
	0 18816
4
	6752 18784
	9504 18784
	9504 18816
	6752 18816
4
	0 18816
	6304 18816
	6304 18848
	0 18848
4
	6752 18816
	9504 18816
	9504 18848
	6752 18848
4
	0 18848
	6304 18848
	6304 18880
	0 18880
4
	6752 18848
	9504 18848
	9504 18880
	6752 18880
4
	0 18880
	6304 18880
	6304 18912
	0 18912
4
	6752 18880
	9504 18880
	9504 18912
	6752 18912
4
	0 18912
	6400 18912
	6400 18944
	0 18944
4
	6592 18912
	9504 18912
	9504 18944
	6592 18944
4
	0 18944
	6432 18944
	6432 18976
	0 18976
4
	6560 18944
	9504 18944
	9504 18976
	6560 18976
4
	0 18976
	6432 18976
	6432 19008
	0 19008
4
	6560 18976
	9504 18976
	9504 19008
	6560 19008
4
	0 19008
	6432 19008
	6432 19040
	0 19040
4
	6560 19008
	9504 19008
	9504 19040
	6560 19040
4
	0 19040
	6432 19040
	6432 19072
	0 19072
4
	6560 19040
	9504 19040
	9504 19072
	6560 19072
4
	0 19072
	5824 19072
	5824 19104
	0 19104
4
	6144 19072
	6400 19072
	6400 19104
	6144 19104
4
	6592 19072
	6912 19072
	6912 19104
	6592 19104
4
	7200 19072
	9504 19072
	9504 19104
	7200 19104
4
	0 19104
	5792 19104
	5792 19136
	0 19136
4
	5952 19104
	6016 19104
	6016 19136
	5952 19136
4
	7232 19104
	9504 19104
	9504 19136
	7232 19136
4
	0 19136
	5856 19136
	5856 19168
	0 19168
4
	5920 19136
	6048 19136
	6048 19168
	5920 19168
4
	7232 19136
	9504 19136
	9504 19168
	7232 19168
4
	0 19168
	6080 19168
	6080 19200
	0 19200
4
	7232 19168
	9504 19168
	9504 19200
	7232 19200
4
	0 19200
	6112 19200
	6112 19232
	0 19232
4
	7232 19200
	9504 19200
	9504 19232
	7232 19232
4
	0 19232
	6176 19232
	6176 19264
	0 19264
4
	7232 19232
	9504 19232
	9504 19264
	7232 19264
4
	0 19264
	6176 19264
	6176 19296
	0 19296
4
	7232 19264
	9504 19264
	9504 19296
	7232 19296
4
	0 19296
	6176 19296
	6176 19328
	0 19328
4
	7232 19296
	9504 19296
	9504 19328
	7232 19328
4
	0 19328
	6176 19328
	6176 19360
	0 19360
4
	7232 19328
	9504 19328
	9504 19360
	7232 19360
4
	0 19360
	6208 19360
	6208 19392
	0 19392
4
	7232 19360
	9504 19360
	9504 19392
	7232 19392
4
	0 19392
	6208 19392
	6208 19424
	0 19424
4
	7232 19392
	9504 19392
	9504 19424
	7232 19424
4
	0 19424
	6208 19424
	6208 19456
	0 19456
4
	7232 19424
	9504 19424
	9504 19456
	7232 19456
4
	0 19456
	6048 19456
	6048 19488
	0 19488
4
	7200 19456
	9504 19456
	9504 19488
	7200 19488
4
	0 19488
	6080 19488
	6080 19520
	0 19520
4
	7200 19488
	9504 19488
	9504 19520
	7200 19520
4
	0 19520
	6080 19520
	6080 19552
	0 19552
4
	7200 19520
	9504 19520
	9504 19552
	7200 19552
4
	0 19552
	6080 19552
	6080 19584
	0 19584
4
	7200 19552
	9504 19552
	9504 19584
	7200 19584
4
	0 19584
	6048 19584
	6048 19616
	0 19616
4
	7200 19584
	9504 19584
	9504 19616
	7200 19616
4
	0 19616
	6048 19616
	6048 19648
	0 19648
4
	7232 19616
	9504 19616
	9504 19648
	7232 19648
4
	0 19648
	6048 19648
	6048 19680
	0 19680
4
	7232 19648
	9504 19648
	9504 19680
	7232 19680
4
	0 19680
	6048 19680
	6048 19712
	0 19712
4
	7232 19680
	9504 19680
	9504 19712
	7232 19712
4
	0 19712
	6048 19712
	6048 19744
	0 19744
4
	7232 19712
	9504 19712
	9504 19744
	7232 19744
4
	0 19744
	6048 19744
	6048 19776
	0 19776
4
	7232 19744
	9504 19744
	9504 19776
	7232 19776
4
	0 19776
	6048 19776
	6048 19808
	0 19808
4
	7232 19776
	9504 19776
	9504 19808
	7232 19808
4
	0 19808
	6048 19808
	6048 19840
	0 19840
4
	7232 19808
	9504 19808
	9504 19840
	7232 19840
4
	0 19840
	5984 19840
	5984 19872
	0 19872
4
	7232 19840
	9504 19840
	9504 19872
	7232 19872
4
	0 19872
	5920 19872
	5920 19904
	0 19904
4
	7104 19872
	9504 19872
	9504 19904
	7104 19904
4
	0 19904
	5920 19904
	5920 19936
	0 19936
4
	7072 19904
	9504 19904
	9504 19936
	7072 19936
4
	0 19936
	5920 19936
	5920 19968
	0 19968
4
	7072 19936
	9504 19936
	9504 19968
	7072 19968
4
	0 19968
	5888 19968
	5888 20000
	0 20000
4
	7072 19968
	9504 19968
	9504 20000
	7072 20000
4
	0 20000
	5920 20000
	5920 20032
	0 20032
4
	7040 20000
	9504 20000
	9504 20032
	7040 20032
4
	0 20032
	5920 20032
	5920 20064
	0 20064
4
	7040 20032
	9504 20032
	9504 20064
	7040 20064
4
	0 20064
	5920 20064
	5920 20096
	0 20096
4
	7072 20064
	9504 20064
	9504 20096
	7072 20096
4
	0 20096
	5920 20096
	5920 20128
	0 20128
4
	7072 20096
	9504 20096
	9504 20128
	7072 20128
4
	0 20128
	5952 20128
	5952 20160
	0 20160
4
	7104 20128
	9504 20128
	9504 20160
	7104 20160
4
	0 20160
	5952 20160
	5952 20192
	0 20192
4
	7104 20160
	9504 20160
	9504 20192
	7104 20192
4
	0 20192
	5952 20192
	5952 20224
	0 20224
4
	7104 20192
	9504 20192
	9504 20224
	7104 20224
4
	0 20224
	5984 20224
	5984 20256
	0 20256
4
	7104 20224
	9504 20224
	9504 20256
	7104 20256
4
	0 20256
	5920 20256
	5920 20288
	0 20288
4
	7104 20256
	9504 20256
	9504 20288
	7104 20288
4
	0 20288
	5888 20288
	5888 20320
	0 20320
4
	7104 20288
	9504 20288
	9504 20320
	7104 20320
4
	0 20320
	5888 20320
	5888 20352
	0 20352
4
	7104 20320
	9504 20320
	9504 20352
	7104 20352
4
	0 20352
	5920 20352
	5920 20384
	0 20384
4
	7104 20352
	9504 20352
	9504 20384
	7104 20384
4
	0 20384
	5920 20384
	5920 20416
	0 20416
4
	7104 20384
	9504 20384
	9504 20416
	7104 20416
4
	0 20416
	5952 20416
	5952 20448
	0 20448
4
	7104 20416
	9504 20416
	9504 20448
	7104 20448
4
	0 20448
	5952 20448
	5952 20480
	0 20480
4
	7104 20448
	9504 20448
	9504 20480
	7104 20480
4
	0 20480
	5952 20480
	5952 20512
	0 20512
4
	7136 20480
	9504 20480
	9504 20512
	7136 20512
4
	0 20512
	5952 20512
	5952 20544
	0 20544
4
	7136 20512
	9504 20512
	9504 20544
	7136 20544
4
	0 20544
	5952 20544
	5952 20576
	0 20576
4
	7136 20544
	9504 20544
	9504 20576
	7136 20576
4
	0 20576
	5920 20576
	5920 20608
	0 20608
4
	7104 20576
	9504 20576
	9504 20608
	7104 20608
4
	0 20608
	5920 20608
	5920 20640
	0 20640
4
	7104 20608
	9504 20608
	9504 20640
	7104 20640
4
	0 20640
	5920 20640
	5920 20672
	0 20672
4
	7104 20640
	9504 20640
	9504 20672
	7104 20672
4
	0 20672
	5920 20672
	5920 20704
	0 20704
4
	7136 20672
	9504 20672
	9504 20704
	7136 20704
4
	0 20704
	5920 20704
	5920 20736
	0 20736
4
	7136 20704
	9504 20704
	9504 20736
	7136 20736
4
	0 20736
	5920 20736
	5920 20768
	0 20768
4
	7136 20736
	9504 20736
	9504 20768
	7136 20768
4
	0 20768
	5920 20768
	5920 20800
	0 20800
4
	7168 20768
	9504 20768
	9504 20800
	7168 20800
4
	0 20800
	5920 20800
	5920 20832
	0 20832
4
	7168 20800
	9504 20800
	9504 20832
	7168 20832
4
	0 20832
	5920 20832
	5920 20864
	0 20864
4
	7168 20832
	9504 20832
	9504 20864
	7168 20864
4
	0 20864
	5920 20864
	5920 20896
	0 20896
4
	7136 20864
	9504 20864
	9504 20896
	7136 20896
4
	0 20896
	5888 20896
	5888 20928
	0 20928
4
	7104 20896
	9504 20896
	9504 20928
	7104 20928
4
	0 20928
	5888 20928
	5888 20960
	0 20960
4
	7104 20928
	9504 20928
	9504 20960
	7104 20960
4
	0 20960
	5856 20960
	5856 20992
	0 20992
4
	7104 20960
	9504 20960
	9504 20992
	7104 20992
4
	0 20992
	5920 20992
	5920 21024
	0 21024
4
	6176 20992
	6304 20992
	6304 21024
	6176 21024
4
	6688 20992
	6848 20992
	6848 21024
	6688 21024
4
	7104 20992
	9504 20992
	9504 21024
	7104 21024
4
	0 21024
	5920 21024
	5920 21056
	0 21056
4
	6144 21024
	9504 21024
	9504 21056
	6144 21056
4
	-32 -32
	9536 -32
	9536 0
	-32 0
4
	-32 21056
	9536 21056
	9536 21088
	-32 21088
4
	-32 0
	0 0
	0 21056
	-32 21056
4
	9504 0
	9536 0
	9536 21056
	9504 21056
