1883
4
	0 0
	16992 0
	16992 32
	0 32
4
	0 32
	16992 32
	16992 64
	0 64
4
	0 64
	16992 64
	16992 96
	0 96
4
	0 96
	16992 96
	16992 128
	0 128
4
	0 128
	16992 128
	16992 160
	0 160
4
	0 160
	16992 160
	16992 192
	0 192
4
	0 192
	16992 192
	16992 224
	0 224
4
	0 224
	16992 224
	16992 256
	0 256
4
	0 256
	16992 256
	16992 288
	0 288
4
	0 288
	16992 288
	16992 320
	0 320
4
	0 320
	16992 320
	16992 352
	0 352
4
	0 352
	16992 352
	16992 384
	0 384
4
	0 384
	16992 384
	16992 416
	0 416
4
	0 416
	16992 416
	16992 448
	0 448
4
	0 448
	16992 448
	16992 480
	0 480
4
	0 480
	16992 480
	16992 512
	0 512
4
	0 512
	16992 512
	16992 544
	0 544
4
	0 544
	16992 544
	16992 576
	0 576
4
	0 576
	16992 576
	16992 608
	0 608
4
	0 608
	16992 608
	16992 640
	0 640
4
	0 640
	16992 640
	16992 672
	0 672
4
	0 672
	16992 672
	16992 704
	0 704
4
	0 704
	16992 704
	16992 736
	0 736
4
	0 736
	16992 736
	16992 768
	0 768
4
	0 768
	16992 768
	16992 800
	0 800
4
	0 800
	16992 800
	16992 832
	0 832
4
	0 832
	16992 832
	16992 864
	0 864
4
	0 864
	16992 864
	16992 896
	0 896
4
	0 896
	16992 896
	16992 928
	0 928
4
	0 928
	16992 928
	16992 960
	0 960
4
	0 960
	16992 960
	16992 992
	0 992
4
	0 992
	16992 992
	16992 1024
	0 1024
4
	0 1024
	16992 1024
	16992 1056
	0 1056
4
	0 1056
	16992 1056
	16992 1088
	0 1088
4
	0 1088
	16992 1088
	16992 1120
	0 1120
4
	0 1120
	16992 1120
	16992 1152
	0 1152
4
	0 1152
	16992 1152
	16992 1184
	0 1184
4
	0 1184
	16992 1184
	16992 1216
	0 1216
4
	0 1216
	16992 1216
	16992 1248
	0 1248
4
	0 1248
	16992 1248
	16992 1280
	0 1280
4
	0 1280
	16992 1280
	16992 1312
	0 1312
4
	0 1312
	16992 1312
	16992 1344
	0 1344
4
	0 1344
	16992 1344
	16992 1376
	0 1376
4
	0 1376
	16992 1376
	16992 1408
	0 1408
4
	0 1408
	16992 1408
	16992 1440
	0 1440
4
	0 1440
	16992 1440
	16992 1472
	0 1472
4
	0 1472
	16992 1472
	16992 1504
	0 1504
4
	0 1504
	16992 1504
	16992 1536
	0 1536
4
	0 1536
	16992 1536
	16992 1568
	0 1568
4
	0 1568
	16992 1568
	16992 1600
	0 1600
4
	0 1600
	16992 1600
	16992 1632
	0 1632
4
	0 1632
	16992 1632
	16992 1664
	0 1664
4
	0 1664
	16992 1664
	16992 1696
	0 1696
4
	0 1696
	16992 1696
	16992 1728
	0 1728
4
	0 1728
	16992 1728
	16992 1760
	0 1760
4
	0 1760
	16992 1760
	16992 1792
	0 1792
4
	0 1792
	16992 1792
	16992 1824
	0 1824
4
	0 1824
	16992 1824
	16992 1856
	0 1856
4
	0 1856
	16992 1856
	16992 1888
	0 1888
4
	0 1888
	16992 1888
	16992 1920
	0 1920
4
	0 1920
	16992 1920
	16992 1952
	0 1952
4
	0 1952
	16992 1952
	16992 1984
	0 1984
4
	0 1984
	16992 1984
	16992 2016
	0 2016
4
	0 2016
	16992 2016
	16992 2048
	0 2048
4
	0 2048
	16992 2048
	16992 2080
	0 2080
4
	0 2080
	16992 2080
	16992 2112
	0 2112
4
	0 2112
	16992 2112
	16992 2144
	0 2144
4
	0 2144
	16992 2144
	16992 2176
	0 2176
4
	0 2176
	16992 2176
	16992 2208
	0 2208
4
	0 2208
	16992 2208
	16992 2240
	0 2240
4
	0 2240
	16992 2240
	16992 2272
	0 2272
4
	0 2272
	16992 2272
	16992 2304
	0 2304
4
	0 2304
	16992 2304
	16992 2336
	0 2336
4
	0 2336
	16992 2336
	16992 2368
	0 2368
4
	0 2368
	16992 2368
	16992 2400
	0 2400
4
	0 2400
	16992 2400
	16992 2432
	0 2432
4
	0 2432
	16992 2432
	16992 2464
	0 2464
4
	0 2464
	16992 2464
	16992 2496
	0 2496
4
	0 2496
	16992 2496
	16992 2528
	0 2528
4
	0 2528
	16992 2528
	16992 2560
	0 2560
4
	0 2560
	16992 2560
	16992 2592
	0 2592
4
	0 2592
	16992 2592
	16992 2624
	0 2624
4
	0 2624
	16992 2624
	16992 2656
	0 2656
4
	0 2656
	16992 2656
	16992 2688
	0 2688
4
	0 2688
	16992 2688
	16992 2720
	0 2720
4
	0 2720
	16992 2720
	16992 2752
	0 2752
4
	0 2752
	16992 2752
	16992 2784
	0 2784
4
	0 2784
	16992 2784
	16992 2816
	0 2816
4
	0 2816
	16992 2816
	16992 2848
	0 2848
4
	0 2848
	16992 2848
	16992 2880
	0 2880
4
	0 2880
	16992 2880
	16992 2912
	0 2912
4
	0 2912
	16992 2912
	16992 2944
	0 2944
4
	0 2944
	16992 2944
	16992 2976
	0 2976
4
	0 2976
	16992 2976
	16992 3008
	0 3008
4
	0 3008
	16992 3008
	16992 3040
	0 3040
4
	0 3040
	16992 3040
	16992 3072
	0 3072
4
	0 3072
	16992 3072
	16992 3104
	0 3104
4
	0 3104
	16992 3104
	16992 3136
	0 3136
4
	0 3136
	16992 3136
	16992 3168
	0 3168
4
	0 3168
	16992 3168
	16992 3200
	0 3200
4
	0 3200
	16992 3200
	16992 3232
	0 3232
4
	0 3232
	16992 3232
	16992 3264
	0 3264
4
	0 3264
	16992 3264
	16992 3296
	0 3296
4
	0 3296
	16992 3296
	16992 3328
	0 3328
4
	0 3328
	16992 3328
	16992 3360
	0 3360
4
	0 3360
	16992 3360
	16992 3392
	0 3392
4
	0 3392
	16992 3392
	16992 3424
	0 3424
4
	0 3424
	16992 3424
	16992 3456
	0 3456
4
	0 3456
	16992 3456
	16992 3488
	0 3488
4
	0 3488
	16992 3488
	16992 3520
	0 3520
4
	0 3520
	16992 3520
	16992 3552
	0 3552
4
	0 3552
	16992 3552
	16992 3584
	0 3584
4
	0 3584
	16992 3584
	16992 3616
	0 3616
4
	0 3616
	16992 3616
	16992 3648
	0 3648
4
	0 3648
	16992 3648
	16992 3680
	0 3680
4
	0 3680
	16992 3680
	16992 3712
	0 3712
4
	0 3712
	16992 3712
	16992 3744
	0 3744
4
	0 3744
	16992 3744
	16992 3776
	0 3776
4
	0 3776
	16992 3776
	16992 3808
	0 3808
4
	0 3808
	16992 3808
	16992 3840
	0 3840
4
	0 3840
	16992 3840
	16992 3872
	0 3872
4
	0 3872
	16992 3872
	16992 3904
	0 3904
4
	0 3904
	16992 3904
	16992 3936
	0 3936
4
	0 3936
	16992 3936
	16992 3968
	0 3968
4
	0 3968
	16992 3968
	16992 4000
	0 4000
4
	0 4000
	16992 4000
	16992 4032
	0 4032
4
	0 4032
	16992 4032
	16992 4064
	0 4064
4
	0 4064
	16992 4064
	16992 4096
	0 4096
4
	0 4096
	16992 4096
	16992 4128
	0 4128
4
	0 4128
	16992 4128
	16992 4160
	0 4160
4
	0 4160
	16992 4160
	16992 4192
	0 4192
4
	0 4192
	16992 4192
	16992 4224
	0 4224
4
	0 4224
	16992 4224
	16992 4256
	0 4256
4
	0 4256
	16992 4256
	16992 4288
	0 4288
4
	0 4288
	16992 4288
	16992 4320
	0 4320
4
	0 4320
	16992 4320
	16992 4352
	0 4352
4
	0 4352
	16992 4352
	16992 4384
	0 4384
4
	0 4384
	16992 4384
	16992 4416
	0 4416
4
	0 4416
	16992 4416
	16992 4448
	0 4448
4
	0 4448
	16992 4448
	16992 4480
	0 4480
4
	0 4480
	16992 4480
	16992 4512
	0 4512
4
	0 4512
	16992 4512
	16992 4544
	0 4544
4
	0 4544
	16992 4544
	16992 4576
	0 4576
4
	0 4576
	16992 4576
	16992 4608
	0 4608
4
	0 4608
	16992 4608
	16992 4640
	0 4640
4
	0 4640
	16992 4640
	16992 4672
	0 4672
4
	0 4672
	16992 4672
	16992 4704
	0 4704
4
	0 4704
	16992 4704
	16992 4736
	0 4736
4
	0 4736
	16992 4736
	16992 4768
	0 4768
4
	0 4768
	16992 4768
	16992 4800
	0 4800
4
	0 4800
	16992 4800
	16992 4832
	0 4832
4
	0 4832
	16992 4832
	16992 4864
	0 4864
4
	0 4864
	16992 4864
	16992 4896
	0 4896
4
	0 4896
	16992 4896
	16992 4928
	0 4928
4
	0 4928
	16992 4928
	16992 4960
	0 4960
4
	0 4960
	16992 4960
	16992 4992
	0 4992
4
	0 4992
	16992 4992
	16992 5024
	0 5024
4
	0 5024
	16992 5024
	16992 5056
	0 5056
4
	0 5056
	16992 5056
	16992 5088
	0 5088
4
	0 5088
	16992 5088
	16992 5120
	0 5120
4
	0 5120
	16992 5120
	16992 5152
	0 5152
4
	0 5152
	16992 5152
	16992 5184
	0 5184
4
	0 5184
	16992 5184
	16992 5216
	0 5216
4
	0 5216
	16992 5216
	16992 5248
	0 5248
4
	0 5248
	16992 5248
	16992 5280
	0 5280
4
	0 5280
	16992 5280
	16992 5312
	0 5312
4
	0 5312
	16992 5312
	16992 5344
	0 5344
4
	0 5344
	16992 5344
	16992 5376
	0 5376
4
	0 5376
	16992 5376
	16992 5408
	0 5408
4
	0 5408
	16992 5408
	16992 5440
	0 5440
4
	0 5440
	16992 5440
	16992 5472
	0 5472
4
	0 5472
	16992 5472
	16992 5504
	0 5504
4
	0 5504
	16992 5504
	16992 5536
	0 5536
4
	0 5536
	16992 5536
	16992 5568
	0 5568
4
	0 5568
	16992 5568
	16992 5600
	0 5600
4
	0 5600
	16992 5600
	16992 5632
	0 5632
4
	0 5632
	16992 5632
	16992 5664
	0 5664
4
	0 5664
	16992 5664
	16992 5696
	0 5696
4
	0 5696
	16992 5696
	16992 5728
	0 5728
4
	0 5728
	16992 5728
	16992 5760
	0 5760
4
	0 5760
	16992 5760
	16992 5792
	0 5792
4
	0 5792
	16992 5792
	16992 5824
	0 5824
4
	0 5824
	16992 5824
	16992 5856
	0 5856
4
	0 5856
	16992 5856
	16992 5888
	0 5888
4
	0 5888
	16992 5888
	16992 5920
	0 5920
4
	0 5920
	16992 5920
	16992 5952
	0 5952
4
	0 5952
	16992 5952
	16992 5984
	0 5984
4
	0 5984
	16992 5984
	16992 6016
	0 6016
4
	0 6016
	16992 6016
	16992 6048
	0 6048
4
	0 6048
	16992 6048
	16992 6080
	0 6080
4
	0 6080
	16992 6080
	16992 6112
	0 6112
4
	0 6112
	16992 6112
	16992 6144
	0 6144
4
	0 6144
	16992 6144
	16992 6176
	0 6176
4
	0 6176
	16992 6176
	16992 6208
	0 6208
4
	0 6208
	16992 6208
	16992 6240
	0 6240
4
	0 6240
	16992 6240
	16992 6272
	0 6272
4
	0 6272
	16992 6272
	16992 6304
	0 6304
4
	0 6304
	16992 6304
	16992 6336
	0 6336
4
	0 6336
	16992 6336
	16992 6368
	0 6368
4
	0 6368
	16992 6368
	16992 6400
	0 6400
4
	0 6400
	16992 6400
	16992 6432
	0 6432
4
	0 6432
	16992 6432
	16992 6464
	0 6464
4
	0 6464
	12672 6464
	12672 6496
	0 6496
4
	12704 6464
	16992 6464
	16992 6496
	12704 6496
4
	0 6496
	12672 6496
	12672 6528
	0 6528
4
	12768 6496
	16992 6496
	16992 6528
	12768 6528
4
	0 6528
	12672 6528
	12672 6560
	0 6560
4
	12832 6528
	16992 6528
	16992 6560
	12832 6560
4
	0 6560
	12672 6560
	12672 6592
	0 6592
4
	12864 6560
	16992 6560
	16992 6592
	12864 6592
4
	0 6592
	12608 6592
	12608 6624
	0 6624
4
	12896 6592
	16992 6592
	16992 6624
	12896 6624
4
	0 6624
	12448 6624
	12448 6656
	0 6656
4
	12960 6624
	16992 6624
	16992 6656
	12960 6656
4
	0 6656
	12320 6656
	12320 6688
	0 6688
4
	12992 6656
	16992 6656
	16992 6688
	12992 6688
4
	0 6688
	12288 6688
	12288 6720
	0 6720
4
	13024 6688
	16992 6688
	16992 6720
	13024 6720
4
	0 6720
	12288 6720
	12288 6752
	0 6752
4
	13056 6720
	16992 6720
	16992 6752
	13056 6752
4
	0 6752
	12256 6752
	12256 6784
	0 6784
4
	13120 6752
	16992 6752
	16992 6784
	13120 6784
4
	0 6784
	12224 6784
	12224 6816
	0 6816
4
	13024 6784
	13088 6784
	13088 6816
	13024 6816
4
	13152 6784
	16992 6784
	16992 6816
	13152 6816
4
	0 6816
	12192 6816
	12192 6848
	0 6848
4
	13087 6847
	13089 6847
	13089 6849
	13087 6849
4
	13024 6816
	13088 6816
	13088 6848
	13024 6848
4
	13184 6816
	16992 6816
	16992 6848
	13184 6848
4
	0 6848
	12192 6848
	12192 6880
	0 6880
4
	13088 6848
	13152 6848
	13152 6880
	13088 6880
4
	13216 6848
	16992 6848
	16992 6880
	13216 6880
4
	0 6880
	12192 6880
	12192 6912
	0 6912
4
	13088 6880
	13152 6880
	13152 6912
	13088 6912
4
	13280 6880
	16992 6880
	16992 6912
	13280 6912
4
	0 6912
	12160 6912
	12160 6944
	0 6944
4
	13312 6912
	16992 6912
	16992 6944
	13312 6944
4
	0 6944
	12160 6944
	12160 6976
	0 6976
4
	13152 6944
	13216 6944
	13216 6976
	13152 6976
4
	13344 6944
	16992 6944
	16992 6976
	13344 6976
4
	0 6976
	12128 6976
	12128 7008
	0 7008
4
	13376 6976
	16992 6976
	16992 7008
	13376 7008
4
	0 7008
	12096 7008
	12096 7040
	0 7040
4
	13440 7008
	16992 7008
	16992 7040
	13440 7040
4
	0 7040
	12064 7040
	12064 7072
	0 7072
4
	13472 7040
	16992 7040
	16992 7072
	13472 7072
4
	0 7072
	12064 7072
	12064 7104
	0 7104
4
	13280 7072
	13312 7072
	13312 7104
	13280 7104
4
	13504 7072
	16992 7072
	16992 7104
	13504 7104
4
	0 7104
	12064 7104
	12064 7136
	0 7136
4
	13536 7104
	16992 7104
	16992 7136
	13536 7136
4
	0 7136
	12000 7136
	12000 7168
	0 7168
4
	13344 7136
	13376 7136
	13376 7168
	13344 7168
4
	13568 7136
	16992 7136
	16992 7168
	13568 7168
4
	0 7168
	11968 7168
	11968 7200
	0 7200
4
	13632 7168
	16992 7168
	16992 7200
	13632 7200
4
	0 7200
	11936 7200
	11936 7232
	0 7232
4
	13408 7200
	13600 7200
	13600 7232
	13408 7232
4
	13664 7200
	16992 7200
	16992 7232
	13664 7232
4
	0 7232
	12000 7232
	12000 7264
	0 7264
4
	13440 7232
	13600 7232
	13600 7264
	13440 7264
4
	13696 7232
	16992 7232
	16992 7264
	13696 7264
4
	0 7264
	12000 7264
	12000 7296
	0 7296
4
	13440 7264
	13600 7264
	13600 7296
	13440 7296
4
	13728 7264
	16992 7264
	16992 7296
	13728 7296
4
	0 7296
	12000 7296
	12000 7328
	0 7328
4
	13440 7296
	13600 7296
	13600 7328
	13440 7328
4
	13760 7296
	16992 7296
	16992 7328
	13760 7328
4
	0 7328
	11968 7328
	11968 7360
	0 7360
4
	13472 7328
	13568 7328
	13568 7360
	13472 7360
4
	13792 7328
	16992 7328
	16992 7360
	13792 7360
4
	0 7360
	11968 7360
	11968 7392
	0 7392
4
	13792 7360
	16992 7360
	16992 7392
	13792 7392
4
	0 7392
	12000 7392
	12000 7424
	0 7424
4
	13792 7392
	16992 7392
	16992 7424
	13792 7424
4
	0 7424
	12032 7424
	12032 7456
	0 7456
4
	13824 7424
	16992 7424
	16992 7456
	13824 7456
4
	0 7456
	12064 7456
	12064 7488
	0 7488
4
	13824 7456
	16992 7456
	16992 7488
	13824 7488
4
	0 7488
	12064 7488
	12064 7520
	0 7520
4
	13824 7488
	16992 7488
	16992 7520
	13824 7520
4
	0 7520
	12096 7520
	12096 7552
	0 7552
4
	13856 7520
	16992 7520
	16992 7552
	13856 7552
4
	0 7552
	12128 7552
	12128 7584
	0 7584
4
	13856 7552
	16992 7552
	16992 7584
	13856 7584
4
	0 7584
	12160 7584
	12160 7616
	0 7616
4
	13888 7584
	16992 7584
	16992 7616
	13888 7616
4
	0 7616
	12192 7616
	12192 7648
	0 7648
4
	13888 7616
	16992 7616
	16992 7648
	13888 7648
4
	0 7648
	12192 7648
	12192 7680
	0 7680
4
	13888 7648
	16992 7648
	16992 7680
	13888 7680
4
	0 7680
	12224 7680
	12224 7712
	0 7712
4
	13920 7680
	16992 7680
	16992 7712
	13920 7712
4
	0 7712
	12256 7712
	12256 7744
	0 7744
4
	13920 7712
	16992 7712
	16992 7744
	13920 7744
4
	0 7744
	12288 7744
	12288 7776
	0 7776
4
	13856 7744
	16992 7744
	16992 7776
	13856 7776
4
	0 7776
	12320 7776
	12320 7808
	0 7808
4
	13792 7776
	16992 7776
	16992 7808
	13792 7808
4
	0 7808
	12352 7808
	12352 7840
	0 7840
4
	13760 7808
	16992 7808
	16992 7840
	13760 7840
4
	0 7840
	12352 7840
	12352 7872
	0 7872
4
	13696 7840
	16992 7840
	16992 7872
	13696 7872
4
	0 7872
	12416 7872
	12416 7904
	0 7904
4
	13632 7872
	16992 7872
	16992 7904
	13632 7904
4
	0 7904
	12512 7904
	12512 7936
	0 7936
4
	13536 7904
	16992 7904
	16992 7936
	13536 7936
4
	0 7936
	12576 7936
	12576 7968
	0 7968
4
	13504 7936
	16992 7936
	16992 7968
	13504 7968
4
	0 7968
	12672 7968
	12672 8000
	0 8000
4
	13536 7968
	16992 7968
	16992 8000
	13536 8000
4
	0 8000
	12704 8000
	12704 8032
	0 8032
4
	13344 8000
	13376 8000
	13376 8032
	13344 8032
4
	13536 8000
	16992 8000
	16992 8032
	13536 8032
4
	0 8032
	12768 8032
	12768 8064
	0 8064
4
	13280 8032
	13376 8032
	13376 8064
	13280 8064
4
	13568 8032
	16992 8032
	16992 8064
	13568 8064
4
	0 8064
	12832 8064
	12832 8096
	0 8096
4
	13280 8064
	13408 8064
	13408 8096
	13280 8096
4
	13568 8064
	16992 8064
	16992 8096
	13568 8096
4
	0 8096
	12928 8096
	12928 8128
	0 8128
4
	13184 8096
	13408 8096
	13408 8128
	13184 8128
4
	13600 8096
	16992 8096
	16992 8128
	13600 8128
4
	0 8128
	12992 8128
	12992 8160
	0 8160
4
	13120 8128
	13440 8128
	13440 8160
	13120 8160
4
	13600 8128
	16992 8128
	16992 8160
	13600 8160
4
	0 8160
	13440 8160
	13440 8192
	0 8192
4
	13632 8160
	16992 8160
	16992 8192
	13632 8192
4
	0 8192
	13472 8192
	13472 8224
	0 8224
4
	13632 8192
	16992 8192
	16992 8224
	13632 8224
4
	0 8224
	13472 8224
	13472 8256
	0 8256
4
	13664 8224
	16992 8224
	16992 8256
	13664 8256
4
	0 8256
	13504 8256
	13504 8288
	0 8288
4
	13760 8256
	16992 8256
	16992 8288
	13760 8288
4
	0 8288
	13504 8288
	13504 8320
	0 8320
4
	13792 8288
	16992 8288
	16992 8320
	13792 8320
4
	0 8320
	13504 8320
	13504 8352
	0 8352
4
	13856 8320
	16992 8320
	16992 8352
	13856 8352
4
	0 8352
	13504 8352
	13504 8384
	0 8384
4
	13888 8352
	16992 8352
	16992 8384
	13888 8384
4
	0 8384
	13472 8384
	13472 8416
	0 8416
4
	13920 8384
	16992 8384
	16992 8416
	13920 8416
4
	0 8416
	13472 8416
	13472 8448
	0 8448
4
	13920 8416
	16992 8416
	16992 8448
	13920 8448
4
	0 8448
	13440 8448
	13440 8480
	0 8480
4
	13920 8448
	16992 8448
	16992 8480
	13920 8480
4
	0 8480
	13472 8480
	13472 8512
	0 8512
4
	13952 8480
	16992 8480
	16992 8512
	13952 8512
4
	0 8512
	13472 8512
	13472 8544
	0 8544
4
	13951 8543
	13953 8543
	13953 8545
	13951 8545
4
	13952 8512
	16992 8512
	16992 8544
	13952 8544
4
	0 8544
	13472 8544
	13472 8576
	0 8576
4
	13920 8544
	13952 8544
	13952 8576
	13920 8576
4
	13984 8544
	16992 8544
	16992 8576
	13984 8576
4
	0 8576
	13472 8576
	13472 8608
	0 8608
4
	13920 8576
	13952 8576
	13952 8608
	13920 8608
4
	13984 8576
	16992 8576
	16992 8608
	13984 8608
4
	0 8608
	13504 8608
	13504 8640
	0 8640
4
	14016 8608
	16992 8608
	16992 8640
	14016 8640
4
	0 8640
	13536 8640
	13536 8672
	0 8672
4
	13952 8640
	16992 8640
	16992 8672
	13952 8672
4
	0 8672
	13536 8672
	13536 8704
	0 8704
4
	13567 8703
	13569 8703
	13569 8705
	13567 8705
4
	13568 8672
	13600 8672
	13600 8704
	13568 8704
4
	14048 8672
	16992 8672
	16992 8704
	14048 8704
4
	0 8704
	13568 8704
	13568 8736
	0 8736
4
	14048 8704
	16992 8704
	16992 8736
	14048 8736
4
	0 8736
	13568 8736
	13568 8768
	0 8768
4
	13599 8767
	13601 8767
	13601 8769
	13599 8769
4
	13600 8736
	13632 8736
	13632 8768
	13600 8768
4
	14080 8736
	16992 8736
	16992 8768
	14080 8768
4
	0 8768
	13600 8768
	13600 8800
	0 8800
4
	14080 8768
	16992 8768
	16992 8800
	14080 8800
4
	0 8800
	13600 8800
	13600 8832
	0 8832
4
	13631 8831
	13633 8831
	13633 8833
	13631 8833
4
	13632 8800
	13664 8800
	13664 8832
	13632 8832
4
	14080 8800
	16992 8800
	16992 8832
	14080 8832
4
	0 8832
	13632 8832
	13632 8864
	0 8864
4
	14080 8832
	16992 8832
	16992 8864
	14080 8864
4
	0 8864
	13632 8864
	13632 8896
	0 8896
4
	14080 8864
	16992 8864
	16992 8896
	14080 8896
4
	0 8896
	13632 8896
	13632 8928
	0 8928
4
	14080 8896
	16992 8896
	16992 8928
	14080 8928
4
	0 8928
	13664 8928
	13664 8960
	0 8960
4
	14080 8928
	16992 8928
	16992 8960
	14080 8960
4
	0 8960
	13664 8960
	13664 8992
	0 8992
4
	14016 8960
	16992 8960
	16992 8992
	14016 8992
4
	0 8992
	13728 8992
	13728 9024
	0 9024
4
	14016 8992
	16992 8992
	16992 9024
	14016 9024
4
	0 9024
	13760 9024
	13760 9056
	0 9056
4
	14048 9024
	16992 9024
	16992 9056
	14048 9056
4
	0 9056
	13792 9056
	13792 9088
	0 9088
4
	13824 9056
	13888 9056
	13888 9088
	13824 9088
4
	14048 9056
	16992 9056
	16992 9088
	14048 9088
4
	0 9088
	13888 9088
	13888 9120
	0 9120
4
	14080 9088
	16992 9088
	16992 9120
	14080 9120
4
	0 9120
	13920 9120
	13920 9152
	0 9152
4
	14080 9120
	16992 9120
	16992 9152
	14080 9152
4
	0 9152
	13920 9152
	13920 9184
	0 9184
4
	14112 9152
	16992 9152
	16992 9184
	14112 9184
4
	0 9184
	13952 9184
	13952 9216
	0 9216
4
	14112 9184
	16992 9184
	16992 9216
	14112 9216
4
	0 9216
	13952 9216
	13952 9248
	0 9248
4
	14144 9216
	16992 9216
	16992 9248
	14144 9248
4
	0 9248
	13984 9248
	13984 9280
	0 9280
4
	14144 9248
	14176 9248
	14176 9280
	14144 9280
4
	14208 9248
	16992 9248
	16992 9280
	14208 9280
4
	0 9280
	13984 9280
	13984 9312
	0 9312
4
	14240 9280
	16992 9280
	16992 9312
	14240 9312
4
	0 9312
	14016 9312
	14016 9344
	0 9344
4
	14272 9312
	16992 9312
	16992 9344
	14272 9344
4
	0 9344
	14016 9344
	14016 9376
	0 9376
4
	14304 9344
	16992 9344
	16992 9376
	14304 9376
4
	0 9376
	13984 9376
	13984 9408
	0 9408
4
	14336 9376
	16992 9376
	16992 9408
	14336 9408
4
	0 9408
	13984 9408
	13984 9440
	0 9440
4
	14368 9408
	16992 9408
	16992 9440
	14368 9440
4
	0 9440
	13952 9440
	13952 9472
	0 9472
4
	14400 9440
	16992 9440
	16992 9472
	14400 9472
4
	0 9472
	13952 9472
	13952 9504
	0 9504
4
	14432 9472
	16992 9472
	16992 9504
	14432 9504
4
	0 9504
	13920 9504
	13920 9536
	0 9536
4
	14464 9504
	16992 9504
	16992 9536
	14464 9536
4
	0 9536
	13920 9536
	13920 9568
	0 9568
4
	14496 9536
	16992 9536
	16992 9568
	14496 9568
4
	0 9568
	13888 9568
	13888 9600
	0 9600
4
	14528 9568
	16992 9568
	16992 9600
	14528 9600
4
	0 9600
	13888 9600
	13888 9632
	0 9632
4
	14560 9600
	16992 9600
	16992 9632
	14560 9632
4
	0 9632
	13856 9632
	13856 9664
	0 9664
4
	14592 9632
	16992 9632
	16992 9664
	14592 9664
4
	0 9664
	13856 9664
	13856 9696
	0 9696
4
	14624 9664
	16992 9664
	16992 9696
	14624 9696
4
	0 9696
	13824 9696
	13824 9728
	0 9728
4
	14687 9727
	14689 9727
	14689 9729
	14687 9729
4
	14688 9696
	16992 9696
	16992 9728
	14688 9728
4
	0 9728
	13824 9728
	13824 9760
	0 9760
4
	14624 9728
	14688 9728
	14688 9760
	14624 9760
4
	14720 9728
	16992 9728
	16992 9760
	14720 9760
4
	0 9760
	13824 9760
	13824 9792
	0 9792
4
	14624 9760
	14688 9760
	14688 9792
	14624 9792
4
	14752 9760
	16992 9760
	16992 9792
	14752 9792
4
	0 9792
	13856 9792
	13856 9824
	0 9824
4
	14784 9792
	16992 9792
	16992 9824
	14784 9824
4
	0 9824
	13856 9824
	13856 9856
	0 9856
4
	14816 9824
	16992 9824
	16992 9856
	14816 9856
4
	0 9856
	13856 9856
	13856 9888
	0 9888
4
	14848 9856
	16992 9856
	16992 9888
	14848 9888
4
	0 9888
	13856 9888
	13856 9920
	0 9920
4
	14848 9888
	16992 9888
	16992 9920
	14848 9920
4
	0 9920
	13856 9920
	13856 9952
	0 9952
4
	14880 9920
	16992 9920
	16992 9952
	14880 9952
4
	0 9952
	13856 9952
	13856 9984
	0 9984
4
	14912 9952
	16992 9952
	16992 9984
	14912 9984
4
	0 9984
	13856 9984
	13856 10016
	0 10016
4
	14912 9984
	16992 9984
	16992 10016
	14912 10016
4
	0 10016
	13856 10016
	13856 10048
	0 10048
4
	14944 10016
	16992 10016
	16992 10048
	14944 10048
4
	0 10048
	13856 10048
	13856 10080
	0 10080
4
	14976 10048
	16992 10048
	16992 10080
	14976 10080
4
	0 10080
	13856 10080
	13856 10112
	0 10112
4
	15008 10080
	16992 10080
	16992 10112
	15008 10112
4
	0 10112
	13856 10112
	13856 10144
	0 10144
4
	15008 10112
	16992 10112
	16992 10144
	15008 10144
4
	0 10144
	13856 10144
	13856 10176
	0 10176
4
	15040 10144
	16992 10144
	16992 10176
	15040 10176
4
	0 10176
	13856 10176
	13856 10208
	0 10208
4
	15072 10176
	16992 10176
	16992 10208
	15072 10208
4
	0 10208
	13856 10208
	13856 10240
	0 10240
4
	15104 10208
	16992 10208
	16992 10240
	15104 10240
4
	0 10240
	13856 10240
	13856 10272
	0 10272
4
	15104 10240
	16992 10240
	16992 10272
	15104 10272
4
	0 10272
	13856 10272
	13856 10304
	0 10304
4
	15136 10272
	16992 10272
	16992 10304
	15136 10304
4
	0 10304
	13856 10304
	13856 10336
	0 10336
4
	15168 10304
	16992 10304
	16992 10336
	15168 10336
4
	0 10336
	13856 10336
	13856 10368
	0 10368
4
	15168 10336
	16992 10336
	16992 10368
	15168 10368
4
	0 10368
	13856 10368
	13856 10400
	0 10400
4
	15200 10368
	16992 10368
	16992 10400
	15200 10400
4
	0 10400
	13856 10400
	13856 10432
	0 10432
4
	15232 10400
	16992 10400
	16992 10432
	15232 10432
4
	0 10432
	13856 10432
	13856 10464
	0 10464
4
	15264 10432
	16992 10432
	16992 10464
	15264 10464
4
	0 10464
	13856 10464
	13856 10496
	0 10496
4
	15264 10464
	16992 10464
	16992 10496
	15264 10496
4
	0 10496
	13856 10496
	13856 10528
	0 10528
4
	15296 10496
	16992 10496
	16992 10528
	15296 10528
4
	0 10528
	13856 10528
	13856 10560
	0 10560
4
	14880 10528
	15040 10528
	15040 10560
	14880 10560
4
	15328 10528
	16992 10528
	16992 10560
	15328 10560
4
	0 10560
	13856 10560
	13856 10592
	0 10592
4
	14880 10560
	15040 10560
	15040 10592
	14880 10592
4
	15328 10560
	16992 10560
	16992 10592
	15328 10592
4
	0 10592
	13856 10592
	13856 10624
	0 10624
4
	14880 10592
	15040 10592
	15040 10624
	14880 10624
4
	15360 10592
	16992 10592
	16992 10624
	15360 10624
4
	0 10624
	13856 10624
	13856 10656
	0 10656
4
	14880 10624
	14912 10624
	14912 10656
	14880 10656
4
	15360 10624
	16992 10624
	16992 10656
	15360 10656
4
	0 10656
	13664 10656
	13664 10688
	0 10688
4
	15392 10656
	16992 10656
	16992 10688
	15392 10688
4
	0 10688
	13600 10688
	13600 10720
	0 10720
4
	15392 10688
	16992 10688
	16992 10720
	15392 10720
4
	0 10720
	13536 10720
	13536 10752
	0 10752
4
	15392 10720
	16992 10720
	16992 10752
	15392 10752
4
	0 10752
	13536 10752
	13536 10784
	0 10784
4
	15424 10752
	16992 10752
	16992 10784
	15424 10784
4
	0 10784
	13504 10784
	13504 10816
	0 10816
4
	15424 10784
	16992 10784
	16992 10816
	15424 10816
4
	0 10816
	13504 10816
	13504 10848
	0 10848
4
	15456 10816
	16992 10816
	16992 10848
	15456 10848
4
	0 10848
	13504 10848
	13504 10880
	0 10880
4
	15456 10848
	16992 10848
	16992 10880
	15456 10880
4
	0 10880
	13504 10880
	13504 10912
	0 10912
4
	15488 10880
	16992 10880
	16992 10912
	15488 10912
4
	0 10912
	13504 10912
	13504 10944
	0 10944
4
	15488 10912
	16992 10912
	16992 10944
	15488 10944
4
	0 10944
	13504 10944
	13504 10976
	0 10976
4
	15520 10944
	16992 10944
	16992 10976
	15520 10976
4
	0 10976
	13504 10976
	13504 11008
	0 11008
4
	15520 10976
	16992 10976
	16992 11008
	15520 11008
4
	0 11008
	13472 11008
	13472 11040
	0 11040
4
	15136 11008
	15264 11008
	15264 11040
	15136 11040
4
	15520 11008
	16992 11008
	16992 11040
	15520 11040
4
	0 11040
	13472 11040
	13472 11072
	0 11072
4
	15104 11040
	15264 11040
	15264 11072
	15104 11072
4
	15552 11040
	16992 11040
	16992 11072
	15552 11072
4
	0 11072
	13472 11072
	13472 11104
	0 11104
4
	15104 11072
	15264 11072
	15264 11104
	15104 11104
4
	15552 11072
	16992 11072
	16992 11104
	15552 11104
4
	0 11104
	13472 11104
	13472 11136
	0 11136
4
	15104 11104
	15264 11104
	15264 11136
	15104 11136
4
	15584 11104
	16992 11104
	16992 11136
	15584 11136
4
	0 11136
	13504 11136
	13504 11168
	0 11168
4
	15104 11136
	15264 11136
	15264 11168
	15104 11168
4
	15584 11136
	16992 11136
	16992 11168
	15584 11168
4
	0 11168
	13504 11168
	13504 11200
	0 11200
4
	15168 11168
	15232 11168
	15232 11200
	15168 11200
4
	15616 11168
	16992 11168
	16992 11200
	15616 11200
4
	0 11200
	13504 11200
	13504 11232
	0 11232
4
	15616 11200
	16992 11200
	16992 11232
	15616 11232
4
	0 11232
	13504 11232
	13504 11264
	0 11264
4
	15648 11232
	16992 11232
	16992 11264
	15648 11264
4
	0 11264
	13504 11264
	13504 11296
	0 11296
4
	15648 11264
	16992 11264
	16992 11296
	15648 11296
4
	0 11296
	13504 11296
	13504 11328
	0 11328
4
	14016 11296
	14112 11296
	14112 11328
	14016 11328
4
	15648 11296
	16992 11296
	16992 11328
	15648 11328
4
	0 11328
	13504 11328
	13504 11360
	0 11360
4
	13984 11328
	14112 11328
	14112 11360
	13984 11360
4
	15680 11328
	16992 11328
	16992 11360
	15680 11360
4
	0 11360
	13504 11360
	13504 11392
	0 11392
4
	13952 11360
	14112 11360
	14112 11392
	13952 11392
4
	14400 11360
	14496 11360
	14496 11392
	14400 11392
4
	15712 11360
	16992 11360
	16992 11392
	15712 11392
4
	0 11392
	13504 11392
	13504 11424
	0 11424
4
	13952 11392
	14144 11392
	14144 11424
	13952 11424
4
	14368 11392
	14624 11392
	14624 11424
	14368 11424
4
	15744 11392
	16992 11392
	16992 11424
	15744 11424
4
	0 11424
	13504 11424
	13504 11456
	0 11456
4
	13952 11424
	14144 11424
	14144 11456
	13952 11456
4
	14368 11424
	14656 11424
	14656 11456
	14368 11456
4
	15200 11424
	15264 11424
	15264 11456
	15200 11456
4
	15424 11424
	15552 11424
	15552 11456
	15424 11456
4
	15776 11424
	16992 11424
	16992 11456
	15776 11456
4
	0 11456
	13536 11456
	13536 11488
	0 11488
4
	13984 11456
	14112 11456
	14112 11488
	13984 11488
4
	14368 11456
	14656 11456
	14656 11488
	14368 11488
4
	15392 11456
	15584 11456
	15584 11488
	15392 11488
4
	15776 11456
	16992 11456
	16992 11488
	15776 11488
4
	0 11488
	13536 11488
	13536 11520
	0 11520
4
	13696 11488
	13792 11488
	13792 11520
	13696 11520
4
	14368 11488
	14656 11488
	14656 11520
	14368 11520
4
	15392 11488
	15584 11488
	15584 11520
	15392 11520
4
	15808 11488
	16992 11488
	16992 11520
	15808 11520
4
	0 11520
	13536 11520
	13536 11552
	0 11552
4
	13696 11520
	13792 11520
	13792 11552
	13696 11552
4
	14400 11520
	14656 11520
	14656 11552
	14400 11552
4
	15392 11520
	15584 11520
	15584 11552
	15392 11552
4
	15840 11520
	16992 11520
	16992 11552
	15840 11552
4
	0 11552
	13536 11552
	13536 11584
	0 11584
4
	13696 11552
	13792 11552
	13792 11584
	13696 11584
4
	14528 11552
	14624 11552
	14624 11584
	14528 11584
4
	15392 11552
	15584 11552
	15584 11584
	15392 11584
4
	15872 11552
	16992 11552
	16992 11584
	15872 11584
4
	0 11584
	13600 11584
	13600 11616
	0 11616
4
	15424 11584
	15552 11584
	15552 11616
	15424 11616
4
	15712 11584
	15808 11584
	15808 11616
	15712 11616
4
	15904 11584
	16992 11584
	16992 11616
	15904 11616
4
	0 11616
	13728 11616
	13728 11648
	0 11648
4
	15648 11616
	15840 11616
	15840 11648
	15648 11648
4
	15936 11616
	16992 11616
	16992 11648
	15936 11648
4
	0 11648
	13760 11648
	13760 11680
	0 11680
4
	15552 11648
	15840 11648
	15840 11680
	15552 11680
4
	15872 11648
	16992 11648
	16992 11680
	15872 11680
4
	0 11680
	13760 11680
	13760 11712
	0 11712
4
	15552 11680
	16992 11680
	16992 11712
	15552 11712
4
	0 11712
	13760 11712
	13760 11744
	0 11744
4
	15584 11712
	16992 11712
	16992 11744
	15584 11744
4
	0 11744
	13760 11744
	13760 11776
	0 11776
4
	15584 11744
	16992 11744
	16992 11776
	15584 11776
4
	0 11776
	13760 11776
	13760 11808
	0 11808
4
	15616 11776
	16992 11776
	16992 11808
	15616 11808
4
	0 11808
	13760 11808
	13760 11840
	0 11840
4
	15616 11808
	16992 11808
	16992 11840
	15616 11840
4
	0 11840
	13728 11840
	13728 11872
	0 11872
4
	15616 11840
	16992 11840
	16992 11872
	15616 11872
4
	0 11872
	13728 11872
	13728 11904
	0 11904
4
	15616 11872
	16992 11872
	16992 11904
	15616 11904
4
	0 11904
	13728 11904
	13728 11936
	0 11936
4
	15584 11904
	16992 11904
	16992 11936
	15584 11936
4
	0 11936
	13728 11936
	13728 11968
	0 11968
4
	15552 11936
	16992 11936
	16992 11968
	15552 11968
4
	0 11968
	13728 11968
	13728 12000
	0 12000
4
	15520 11968
	16992 11968
	16992 12000
	15520 12000
4
	0 12000
	13728 12000
	13728 12032
	0 12032
4
	15488 12000
	16992 12000
	16992 12032
	15488 12032
4
	0 12032
	13728 12032
	13728 12064
	0 12064
4
	15520 12032
	16992 12032
	16992 12064
	15520 12064
4
	0 12064
	13728 12064
	13728 12096
	0 12096
4
	14944 12064
	15360 12064
	15360 12096
	14944 12096
4
	15520 12064
	16992 12064
	16992 12096
	15520 12096
4
	0 12096
	13696 12096
	13696 12128
	0 12128
4
	14944 12096
	16992 12096
	16992 12128
	14944 12128
4
	0 12128
	13696 12128
	13696 12160
	0 12160
4
	14944 12128
	16992 12128
	16992 12160
	14944 12160
4
	0 12160
	13696 12160
	13696 12192
	0 12192
4
	14976 12160
	16992 12160
	16992 12192
	14976 12192
4
	0 12192
	13664 12192
	13664 12224
	0 12224
4
	15136 12192
	16992 12192
	16992 12224
	15136 12224
4
	0 12224
	13664 12224
	13664 12256
	0 12256
4
	15488 12224
	16992 12224
	16992 12256
	15488 12256
4
	0 12256
	13664 12256
	13664 12288
	0 12288
4
	15008 12256
	15136 12256
	15136 12288
	15008 12288
4
	15648 12256
	16992 12256
	16992 12288
	15648 12288
4
	0 12288
	13664 12288
	13664 12320
	0 12320
4
	14976 12288
	15136 12288
	15136 12320
	14976 12320
4
	15680 12288
	16992 12288
	16992 12320
	15680 12320
4
	0 12320
	13632 12320
	13632 12352
	0 12352
4
	14976 12320
	15136 12320
	15136 12352
	14976 12352
4
	15680 12320
	16992 12320
	16992 12352
	15680 12352
4
	0 12352
	13632 12352
	13632 12384
	0 12384
4
	15008 12352
	15136 12352
	15136 12384
	15008 12384
4
	15712 12352
	16992 12352
	16992 12384
	15712 12384
4
	0 12384
	13632 12384
	13632 12416
	0 12416
4
	15040 12384
	15104 12384
	15104 12416
	15040 12416
4
	15584 12384
	15648 12384
	15648 12416
	15584 12416
4
	15744 12384
	16992 12384
	16992 12416
	15744 12416
4
	0 12416
	13600 12416
	13600 12448
	0 12448
4
	15552 12416
	15680 12416
	15680 12448
	15552 12448
4
	15744 12416
	16992 12416
	16992 12448
	15744 12448
4
	0 12448
	13600 12448
	13600 12480
	0 12480
4
	15552 12448
	15680 12448
	15680 12480
	15552 12480
4
	15936 12448
	16992 12448
	16992 12480
	15936 12480
4
	0 12480
	13600 12480
	13600 12512
	0 12512
4
	15552 12480
	15680 12480
	15680 12512
	15552 12512
4
	16000 12480
	16992 12480
	16992 12512
	16000 12512
4
	0 12512
	13600 12512
	13600 12544
	0 12544
4
	15584 12512
	15648 12512
	15648 12544
	15584 12544
4
	16192 12512
	16992 12512
	16992 12544
	16192 12544
4
	0 12544
	13536 12544
	13536 12576
	0 12576
4
	14592 12544
	14656 12544
	14656 12576
	14592 12576
4
	16192 12544
	16992 12544
	16992 12576
	16192 12576
4
	0 12576
	13472 12576
	13472 12608
	0 12608
4
	14560 12576
	14720 12576
	14720 12608
	14560 12608
4
	16192 12576
	16992 12576
	16992 12608
	16192 12608
4
	0 12608
	13440 12608
	13440 12640
	0 12640
4
	14560 12608
	14720 12608
	14720 12640
	14560 12640
4
	14880 12608
	14944 12608
	14944 12640
	14880 12640
4
	16192 12608
	16992 12608
	16992 12640
	16192 12640
4
	0 12640
	13376 12640
	13376 12672
	0 12672
4
	14528 12640
	14720 12640
	14720 12672
	14528 12672
4
	14816 12640
	14976 12640
	14976 12672
	14816 12672
4
	16192 12640
	16992 12640
	16992 12672
	16192 12672
4
	0 12672
	13344 12672
	13344 12704
	0 12704
4
	14528 12672
	14688 12672
	14688 12704
	14528 12704
4
	14816 12672
	15008 12672
	15008 12704
	14816 12704
4
	16032 12672
	16160 12672
	16160 12704
	16032 12704
4
	16192 12672
	16992 12672
	16992 12704
	16192 12704
4
	0 12704
	13408 12704
	13408 12736
	0 12736
4
	14528 12704
	14688 12704
	14688 12736
	14528 12736
4
	14816 12704
	15008 12704
	15008 12736
	14816 12736
4
	16032 12704
	16992 12704
	16992 12736
	16032 12736
4
	0 12736
	13440 12736
	13440 12768
	0 12768
4
	14560 12736
	14688 12736
	14688 12768
	14560 12768
4
	14816 12736
	15008 12736
	15008 12768
	14816 12768
4
	16032 12736
	16992 12736
	16992 12768
	16032 12768
4
	0 12768
	13440 12768
	13440 12800
	0 12800
4
	14816 12768
	14976 12768
	14976 12800
	14816 12800
4
	16032 12768
	16992 12768
	16992 12800
	16032 12800
4
	0 12800
	13440 12800
	13440 12832
	0 12832
4
	16160 12800
	16992 12800
	16992 12832
	16160 12832
4
	0 12832
	13536 12832
	13536 12864
	0 12864
4
	16128 12832
	16992 12832
	16992 12864
	16128 12864
4
	0 12864
	13536 12864
	13536 12896
	0 12896
4
	16128 12864
	16992 12864
	16992 12896
	16128 12896
4
	0 12896
	13280 12896
	13280 12928
	0 12928
4
	13376 12896
	13536 12896
	13536 12928
	13376 12928
4
	16128 12896
	16992 12896
	16992 12928
	16128 12928
4
	0 12928
	13312 12928
	13312 12960
	0 12960
4
	13376 12928
	13536 12928
	13536 12960
	13376 12960
4
	16096 12928
	16992 12928
	16992 12960
	16096 12960
4
	0 12960
	13312 12960
	13312 12992
	0 12992
4
	16096 12960
	16992 12960
	16992 12992
	16096 12992
4
	0 12992
	13344 12992
	13344 13024
	0 13024
4
	16096 12992
	16992 12992
	16992 13024
	16096 13024
4
	0 13024
	13344 13024
	13344 13056
	0 13056
4
	16096 13024
	16992 13024
	16992 13056
	16096 13056
4
	0 13056
	13312 13056
	13312 13088
	0 13088
4
	16096 13056
	16992 13056
	16992 13088
	16096 13088
4
	0 13088
	13312 13088
	13312 13120
	0 13120
4
	16128 13088
	16992 13088
	16992 13120
	16128 13120
4
	0 13120
	13312 13120
	13312 13152
	0 13152
4
	15264 13120
	15360 13120
	15360 13152
	15264 13152
4
	16128 13120
	16992 13120
	16992 13152
	16128 13152
4
	0 13152
	13280 13152
	13280 13184
	0 13184
4
	15232 13152
	15392 13152
	15392 13184
	15232 13184
4
	16128 13152
	16992 13152
	16992 13184
	16128 13184
4
	0 13184
	13280 13184
	13280 13216
	0 13216
4
	15232 13184
	15392 13184
	15392 13216
	15232 13216
4
	16128 13184
	16992 13184
	16992 13216
	16128 13216
4
	0 13216
	13248 13216
	13248 13248
	0 13248
4
	15232 13216
	15424 13216
	15424 13248
	15232 13248
4
	16128 13216
	16992 13216
	16992 13248
	16128 13248
4
	0 13248
	13248 13248
	13248 13280
	0 13280
4
	15232 13248
	15392 13248
	15392 13280
	15232 13280
4
	16128 13248
	16992 13248
	16992 13280
	16128 13280
4
	0 13280
	13216 13280
	13216 13312
	0 13312
4
	15232 13280
	15392 13280
	15392 13312
	15232 13312
4
	16128 13280
	16992 13280
	16992 13312
	16128 13312
4
	0 13312
	13184 13312
	13184 13344
	0 13344
4
	16128 13312
	16992 13312
	16992 13344
	16128 13344
4
	0 13344
	13152 13344
	13152 13376
	0 13376
4
	16128 13344
	16992 13344
	16992 13376
	16128 13376
4
	0 13376
	13184 13376
	13184 13408
	0 13408
4
	16128 13376
	16992 13376
	16992 13408
	16128 13408
4
	0 13408
	13184 13408
	13184 13440
	0 13440
4
	16128 13408
	16992 13408
	16992 13440
	16128 13440
4
	0 13440
	13120 13440
	13120 13472
	0 13472
4
	16128 13440
	16992 13440
	16992 13472
	16128 13472
4
	0 13472
	13056 13472
	13056 13504
	0 13504
4
	16128 13472
	16992 13472
	16992 13504
	16128 13504
4
	0 13504
	13024 13504
	13024 13536
	0 13536
4
	16128 13504
	16992 13504
	16992 13536
	16128 13536
4
	0 13536
	12992 13536
	12992 13568
	0 13568
4
	16160 13536
	16992 13536
	16992 13568
	16160 13568
4
	0 13568
	12960 13568
	12960 13600
	0 13600
4
	15104 13568
	15232 13568
	15232 13600
	15104 13600
4
	15392 13568
	15520 13568
	15520 13600
	15392 13600
4
	16160 13568
	16992 13568
	16992 13600
	16160 13600
4
	0 13600
	12928 13600
	12928 13632
	0 13632
4
	15104 13600
	15232 13600
	15232 13632
	15104 13632
4
	15392 13600
	15520 13600
	15520 13632
	15392 13632
4
	16160 13600
	16992 13600
	16992 13632
	16160 13632
4
	0 13632
	12864 13632
	12864 13664
	0 13664
4
	15104 13632
	15232 13632
	15232 13664
	15104 13664
4
	15392 13632
	15520 13632
	15520 13664
	15392 13664
4
	16064 13632
	16992 13632
	16992 13664
	16064 13664
4
	0 13664
	12832 13664
	12832 13696
	0 13696
4
	15104 13664
	15200 13664
	15200 13696
	15104 13696
4
	15424 13664
	15520 13664
	15520 13696
	15424 13696
4
	16064 13664
	16992 13664
	16992 13696
	16064 13696
4
	0 13696
	12800 13696
	12800 13728
	0 13728
4
	16064 13696
	16992 13696
	16992 13728
	16064 13728
4
	0 13728
	12768 13728
	12768 13760
	0 13760
4
	16064 13728
	16992 13728
	16992 13760
	16064 13760
4
	0 13760
	12736 13760
	12736 13792
	0 13792
4
	16064 13760
	16992 13760
	16992 13792
	16064 13792
4
	0 13792
	12704 13792
	12704 13824
	0 13824
4
	14944 13792
	15040 13792
	15040 13824
	14944 13824
4
	16032 13792
	16992 13792
	16992 13824
	16032 13824
4
	0 13824
	11936 13824
	11936 13856
	0 13856
4
	12288 13824
	12640 13824
	12640 13856
	12288 13856
4
	14912 13824
	15040 13824
	15040 13856
	14912 13856
4
	15328 13824
	15424 13824
	15424 13856
	15328 13856
4
	15616 13824
	15744 13824
	15744 13856
	15616 13856
4
	16032 13824
	16992 13824
	16992 13856
	16032 13856
4
	0 13856
	11840 13856
	11840 13888
	0 13888
4
	12032 13856
	12096 13856
	12096 13888
	12032 13888
4
	12224 13856
	12352 13856
	12352 13888
	12224 13888
4
	12448 13856
	12608 13856
	12608 13888
	12448 13888
4
	14912 13856
	15040 13856
	15040 13888
	14912 13888
4
	15296 13856
	15424 13856
	15424 13888
	15296 13888
4
	15616 13856
	15744 13856
	15744 13888
	15616 13888
4
	15936 13856
	16992 13856
	16992 13888
	15936 13888
4
	0 13888
	11808 13888
	11808 13920
	0 13920
4
	12032 13888
	12096 13888
	12096 13920
	12032 13920
4
	12256 13888
	12384 13888
	12384 13920
	12256 13920
4
	14944 13888
	15040 13888
	15040 13920
	14944 13920
4
	15328 13888
	15424 13888
	15424 13920
	15328 13920
4
	15616 13888
	15744 13888
	15744 13920
	15616 13920
4
	15840 13888
	16992 13888
	16992 13920
	15840 13920
4
	0 13920
	11808 13920
	11808 13952
	0 13952
4
	12256 13920
	12384 13920
	12384 13952
	12256 13952
4
	15743 13951
	15745 13951
	15745 13953
	15743 13953
4
	15648 13920
	15744 13920
	15744 13952
	15648 13952
4
	15776 13920
	16992 13920
	16992 13952
	15776 13952
4
	0 13952
	11776 13952
	11776 13984
	0 13984
4
	12224 13952
	12384 13952
	12384 13984
	12224 13984
4
	15744 13952
	16992 13952
	16992 13984
	15744 13984
4
	0 13984
	11744 13984
	11744 14016
	0 14016
4
	12224 13984
	12384 13984
	12384 14016
	12224 14016
4
	15680 13984
	16992 13984
	16992 14016
	15680 14016
4
	0 14016
	11712 14016
	11712 14048
	0 14048
4
	12224 14016
	12384 14016
	12384 14048
	12224 14048
4
	15680 14016
	16992 14016
	16992 14048
	15680 14048
4
	0 14048
	11680 14048
	11680 14080
	0 14080
4
	12224 14048
	12384 14048
	12384 14080
	12224 14080
4
	15104 14048
	15232 14048
	15232 14080
	15104 14080
4
	15712 14048
	16992 14048
	16992 14080
	15712 14080
4
	0 14080
	11648 14080
	11648 14112
	0 14112
4
	12224 14080
	12384 14080
	12384 14112
	12224 14112
4
	15104 14080
	15232 14080
	15232 14112
	15104 14112
4
	15424 14080
	15488 14080
	15488 14112
	15424 14112
4
	15712 14080
	16992 14080
	16992 14112
	15712 14112
4
	0 14112
	11648 14112
	11648 14144
	0 14144
4
	12224 14112
	12384 14112
	12384 14144
	12224 14144
4
	13984 14112
	14048 14112
	14048 14144
	13984 14144
4
	15104 14112
	15232 14112
	15232 14144
	15104 14144
4
	15392 14112
	15520 14112
	15520 14144
	15392 14144
4
	15712 14112
	16992 14112
	16992 14144
	15712 14144
4
	0 14144
	11616 14144
	11616 14176
	0 14176
4
	13984 14144
	14112 14144
	14112 14176
	13984 14176
4
	15104 14144
	15200 14144
	15200 14176
	15104 14176
4
	15392 14144
	15520 14144
	15520 14176
	15392 14176
4
	15744 14144
	16992 14144
	16992 14176
	15744 14176
4
	0 14176
	11584 14176
	11584 14208
	0 14208
4
	13984 14176
	14144 14176
	14144 14208
	13984 14208
4
	15424 14176
	15488 14176
	15488 14208
	15424 14208
4
	15744 14176
	16992 14176
	16992 14208
	15744 14208
4
	0 14208
	11552 14208
	11552 14240
	0 14240
4
	13952 14208
	14112 14208
	14112 14240
	13952 14240
4
	15744 14208
	16992 14208
	16992 14240
	15744 14240
4
	0 14240
	11552 14240
	11552 14272
	0 14272
4
	13952 14240
	14112 14240
	14112 14272
	13952 14272
4
	15744 14240
	16992 14240
	16992 14272
	15744 14272
4
	0 14272
	11520 14272
	11520 14304
	0 14304
4
	13920 14272
	14112 14272
	14112 14304
	13920 14304
4
	15744 14272
	16992 14272
	16992 14304
	15744 14304
4
	0 14304
	11488 14304
	11488 14336
	0 14336
4
	13920 14304
	14080 14304
	14080 14336
	13920 14336
4
	15744 14304
	16992 14304
	16992 14336
	15744 14336
4
	0 14336
	11488 14336
	11488 14368
	0 14368
4
	14016 14336
	14080 14336
	14080 14368
	14016 14368
4
	15744 14336
	16992 14336
	16992 14368
	15744 14368
4
	0 14368
	11520 14368
	11520 14400
	0 14400
4
	14784 14368
	14912 14368
	14912 14400
	14784 14400
4
	15744 14368
	16992 14368
	16992 14400
	15744 14400
4
	0 14400
	11552 14400
	11552 14432
	0 14432
4
	13600 14400
	13728 14400
	13728 14432
	13600 14432
4
	14752 14400
	14944 14400
	14944 14432
	14752 14432
4
	15712 14400
	16992 14400
	16992 14432
	15712 14432
4
	0 14432
	11552 14432
	11552 14464
	0 14464
4
	13600 14432
	13728 14432
	13728 14464
	13600 14464
4
	14752 14432
	14944 14432
	14944 14464
	14752 14464
4
	15680 14432
	16992 14432
	16992 14464
	15680 14464
4
	11551 14495
	11553 14495
	11553 14497
	11551 14497
4
	0 14464
	11552 14464
	11552 14496
	0 14496
4
	11584 14464
	11648 14464
	11648 14496
	11584 14496
4
	11808 14464
	11936 14464
	11936 14496
	11808 14496
4
	13600 14464
	13728 14464
	13728 14496
	13600 14496
4
	14752 14464
	14944 14464
	14944 14496
	14752 14496
4
	15616 14464
	16992 14464
	16992 14496
	15616 14496
4
	0 14496
	11392 14496
	11392 14528
	0 14528
4
	11552 14496
	11648 14496
	11648 14528
	11552 14528
4
	11744 14496
	11968 14496
	11968 14528
	11744 14528
4
	13600 14496
	13728 14496
	13728 14528
	13600 14528
4
	14752 14496
	14912 14496
	14912 14528
	14752 14528
4
	15584 14496
	16992 14496
	16992 14528
	15584 14528
4
	0 14528
	11328 14528
	11328 14560
	0 14560
4
	11520 14528
	11616 14528
	11616 14560
	11520 14560
4
	11744 14528
	12000 14528
	12000 14560
	11744 14560
4
	14784 14528
	14880 14528
	14880 14560
	14784 14560
4
	15424 14528
	16992 14528
	16992 14560
	15424 14560
4
	0 14560
	11264 14560
	11264 14592
	0 14592
4
	11520 14560
	11680 14560
	11680 14592
	11520 14592
4
	11744 14560
	12000 14560
	12000 14592
	11744 14592
4
	15264 14560
	16992 14560
	16992 14592
	15264 14592
4
	0 14592
	11200 14592
	11200 14624
	0 14624
4
	11520 14592
	11712 14592
	11712 14624
	11520 14624
4
	11744 14592
	12000 14592
	12000 14624
	11744 14624
4
	15232 14592
	16992 14592
	16992 14624
	15232 14624
4
	0 14624
	11168 14624
	11168 14656
	0 14656
4
	11584 14624
	12000 14624
	12000 14656
	11584 14656
4
	15168 14624
	16992 14624
	16992 14656
	15168 14656
4
	0 14656
	11104 14656
	11104 14688
	0 14688
4
	11584 14656
	11968 14656
	11968 14688
	11584 14688
4
	15136 14656
	16992 14656
	16992 14688
	15136 14688
4
	0 14688
	11040 14688
	11040 14720
	0 14720
4
	11616 14688
	11776 14688
	11776 14720
	11616 14720
4
	11808 14688
	11872 14688
	11872 14720
	11808 14720
4
	15072 14688
	16992 14688
	16992 14720
	15072 14720
4
	0 14720
	11008 14720
	11008 14752
	0 14752
4
	11648 14720
	11744 14720
	11744 14752
	11648 14752
4
	15040 14720
	16992 14720
	16992 14752
	15040 14752
4
	0 14752
	10976 14752
	10976 14784
	0 14784
4
	11520 14752
	11584 14752
	11584 14784
	11520 14784
4
	15040 14752
	16992 14752
	16992 14784
	15040 14784
4
	0 14784
	10944 14784
	10944 14816
	0 14816
4
	11520 14784
	11584 14784
	11584 14816
	11520 14816
4
	15008 14784
	16992 14784
	16992 14816
	15008 14816
4
	0 14816
	10912 14816
	10912 14848
	0 14848
4
	14976 14816
	16992 14816
	16992 14848
	14976 14848
4
	0 14848
	10912 14848
	10912 14880
	0 14880
4
	13920 14848
	14048 14848
	14048 14880
	13920 14880
4
	14976 14848
	16992 14848
	16992 14880
	14976 14880
4
	0 14880
	10912 14880
	10912 14912
	0 14912
4
	13920 14880
	14080 14880
	14080 14912
	13920 14912
4
	14944 14880
	16992 14880
	16992 14912
	14944 14912
4
	0 14912
	10880 14912
	10880 14944
	0 14944
4
	13888 14912
	14080 14912
	14080 14944
	13888 14944
4
	14912 14912
	16992 14912
	16992 14944
	14912 14944
4
	0 14944
	10816 14944
	10816 14976
	0 14976
4
	13376 14944
	13504 14944
	13504 14976
	13376 14976
4
	13920 14944
	14048 14944
	14048 14976
	13920 14976
4
	14848 14944
	16992 14944
	16992 14976
	14848 14976
4
	0 14976
	10784 14976
	10784 15008
	0 15008
4
	13376 14976
	13504 14976
	13504 15008
	13376 15008
4
	13952 14976
	14016 14976
	14016 15008
	13952 15008
4
	14816 14976
	16992 14976
	16992 15008
	14816 15008
4
	0 15008
	10784 15008
	10784 15040
	0 15040
4
	13376 15008
	13504 15008
	13504 15040
	13376 15040
4
	14752 15008
	16992 15008
	16992 15040
	14752 15040
4
	0 15040
	10656 15040
	10656 15072
	0 15072
4
	13408 15040
	13472 15040
	13472 15072
	13408 15072
4
	14688 15040
	16992 15040
	16992 15072
	14688 15072
4
	0 15072
	10656 15072
	10656 15104
	0 15104
4
	14656 15072
	16992 15072
	16992 15104
	14656 15104
4
	0 15104
	10496 15104
	10496 15136
	0 15136
4
	10528 15104
	10656 15104
	10656 15136
	10528 15136
4
	14592 15104
	16992 15104
	16992 15136
	14592 15136
4
	0 15136
	10400 15136
	10400 15168
	0 15168
4
	10560 15136
	10624 15136
	10624 15168
	10560 15168
4
	14592 15136
	16992 15136
	16992 15168
	14592 15168
4
	0 15168
	10336 15168
	10336 15200
	0 15200
4
	14560 15168
	16992 15168
	16992 15200
	14560 15200
4
	0 15200
	10272 15200
	10272 15232
	0 15232
4
	14528 15200
	16992 15200
	16992 15232
	14528 15232
4
	0 15232
	10240 15232
	10240 15264
	0 15264
4
	14528 15232
	16992 15232
	16992 15264
	14528 15264
4
	0 15264
	10144 15264
	10144 15296
	0 15296
4
	10176 15264
	10304 15264
	10304 15296
	10176 15296
4
	12288 15264
	12448 15264
	12448 15296
	12288 15296
4
	14496 15264
	16992 15264
	16992 15296
	14496 15296
4
	0 15296
	10112 15296
	10112 15328
	0 15328
4
	10240 15296
	10304 15296
	10304 15328
	10240 15328
4
	12256 15296
	12480 15296
	12480 15328
	12256 15328
4
	14464 15296
	16992 15296
	16992 15328
	14464 15328
4
	0 15328
	10080 15328
	10080 15360
	0 15360
4
	10240 15328
	10336 15328
	10336 15360
	10240 15360
4
	12224 15328
	12480 15328
	12480 15360
	12224 15360
4
	14464 15328
	16992 15328
	16992 15360
	14464 15360
4
	0 15360
	10080 15360
	10080 15392
	0 15392
4
	12224 15360
	12480 15360
	12480 15392
	12224 15392
4
	14272 15360
	16992 15360
	16992 15392
	14272 15392
4
	0 15392
	10080 15392
	10080 15424
	0 15424
4
	12224 15392
	12480 15392
	12480 15424
	12224 15424
4
	14080 15392
	16992 15392
	16992 15424
	14080 15424
4
	0 15424
	9888 15424
	9888 15456
	0 15456
4
	9952 15424
	10048 15424
	10048 15456
	9952 15456
4
	12224 15424
	12480 15424
	12480 15456
	12224 15456
4
	13888 15424
	16992 15424
	16992 15456
	13888 15456
4
	0 15456
	9696 15456
	9696 15488
	0 15488
4
	12224 15456
	12480 15456
	12480 15488
	12224 15488
4
	13696 15456
	16992 15456
	16992 15488
	13696 15488
4
	0 15488
	9568 15488
	9568 15520
	0 15520
4
	9920 15488
	10016 15488
	10016 15520
	9920 15520
4
	12224 15488
	12480 15488
	12480 15520
	12224 15520
4
	13504 15488
	16992 15488
	16992 15520
	13504 15520
4
	0 15520
	9536 15520
	9536 15552
	0 15552
4
	9888 15520
	10016 15520
	10016 15552
	9888 15552
4
	12352 15520
	12480 15520
	12480 15552
	12352 15552
4
	13312 15520
	16992 15520
	16992 15552
	13312 15552
4
	0 15552
	9472 15552
	9472 15584
	0 15584
4
	9920 15552
	10016 15552
	10016 15584
	9920 15584
4
	11904 15552
	11968 15552
	11968 15584
	11904 15584
4
	12352 15552
	12480 15552
	12480 15584
	12352 15584
4
	13120 15552
	16992 15552
	16992 15584
	13120 15584
4
	0 15584
	9408 15584
	9408 15616
	0 15616
4
	11744 15584
	12064 15584
	12064 15616
	11744 15616
4
	12384 15584
	16992 15584
	16992 15616
	12384 15616
4
	0 15616
	9376 15616
	9376 15648
	0 15648
4
	11712 15616
	12128 15616
	12128 15648
	11712 15648
4
	12256 15616
	16992 15616
	16992 15648
	12256 15648
4
	0 15648
	9312 15648
	9312 15680
	0 15680
4
	11680 15648
	16992 15648
	16992 15680
	11680 15680
4
	0 15680
	9312 15680
	9312 15712
	0 15712
4
	11648 15680
	16992 15680
	16992 15712
	11648 15712
4
	0 15712
	9344 15712
	9344 15744
	0 15744
4
	11616 15712
	16992 15712
	16992 15744
	11616 15744
4
	0 15744
	9344 15744
	9344 15776
	0 15776
4
	11584 15744
	16992 15744
	16992 15776
	11584 15776
4
	0 15776
	9280 15776
	9280 15808
	0 15808
4
	11552 15776
	16992 15776
	16992 15808
	11552 15808
4
	0 15808
	9152 15808
	9152 15840
	0 15840
4
	11456 15808
	16992 15808
	16992 15840
	11456 15840
4
	0 15840
	9120 15840
	9120 15872
	0 15872
4
	11424 15840
	16992 15840
	16992 15872
	11424 15872
4
	0 15872
	8896 15872
	8896 15904
	0 15904
4
	8960 15872
	9088 15872
	9088 15904
	8960 15904
4
	11264 15872
	11296 15872
	11296 15904
	11264 15904
4
	11424 15872
	16992 15872
	16992 15904
	11424 15904
4
	0 15904
	8608 15904
	8608 15936
	0 15936
4
	8736 15904
	8896 15904
	8896 15936
	8736 15936
4
	8960 15904
	9088 15904
	9088 15936
	8960 15936
4
	10624 15904
	10720 15904
	10720 15936
	10624 15936
4
	11200 15904
	11360 15904
	11360 15936
	11200 15936
4
	11424 15904
	16992 15904
	16992 15936
	11424 15936
4
	0 15936
	8256 15936
	8256 15968
	0 15968
4
	8736 15936
	8896 15936
	8896 15968
	8736 15968
4
	8960 15936
	9056 15936
	9056 15968
	8960 15968
4
	10560 15936
	10752 15936
	10752 15968
	10560 15968
4
	11136 15936
	16992 15936
	16992 15968
	11136 15968
4
	0 15968
	8064 15968
	8064 16000
	0 16000
4
	8768 15968
	8864 15968
	8864 16000
	8768 16000
4
	8928 15968
	9056 15968
	9056 16000
	8928 16000
4
	10496 15968
	10752 15968
	10752 16000
	10496 16000
4
	11104 15968
	16992 15968
	16992 16000
	11104 16000
4
	0 16000
	7936 16000
	7936 16032
	0 16032
4
	8896 16000
	9088 16000
	9088 16032
	8896 16032
4
	10496 16000
	10784 16000
	10784 16032
	10496 16032
4
	11072 16000
	16992 16000
	16992 16032
	11072 16032
4
	0 16032
	6112 16032
	6112 16064
	0 16064
4
	6272 16032
	7840 16032
	7840 16064
	6272 16064
4
	8896 16032
	9088 16032
	9088 16064
	8896 16064
4
	10496 16032
	10784 16032
	10784 16064
	10496 16064
4
	11072 16032
	16992 16032
	16992 16064
	11072 16064
4
	0 16064
	5984 16064
	5984 16096
	0 16096
4
	6368 16064
	6688 16064
	6688 16096
	6368 16096
4
	6784 16064
	7712 16064
	7712 16096
	6784 16096
4
	8896 16064
	9088 16064
	9088 16096
	8896 16096
4
	10400 16064
	10816 16064
	10816 16096
	10400 16096
4
	10912 16064
	10976 16064
	10976 16096
	10912 16096
4
	11072 16064
	16992 16064
	16992 16096
	11072 16096
4
	0 16096
	5952 16096
	5952 16128
	0 16128
4
	6016 16096
	6080 16096
	6080 16128
	6016 16128
4
	6368 16096
	6688 16096
	6688 16128
	6368 16128
4
	6880 16096
	7392 16096
	7392 16128
	6880 16128
4
	8896 16096
	9056 16096
	9056 16128
	8896 16128
4
	10400 16096
	10816 16096
	10816 16128
	10400 16128
4
	10912 16096
	10976 16096
	10976 16128
	10912 16128
4
	11104 16096
	16992 16096
	16992 16128
	11104 16128
4
	0 16128
	5792 16128
	5792 16160
	0 16160
4
	5824 16128
	5888 16128
	5888 16160
	5824 16160
4
	6016 16128
	6080 16128
	6080 16160
	6016 16160
4
	6400 16128
	6656 16128
	6656 16160
	6400 16160
4
	8928 16128
	9024 16128
	9024 16160
	8928 16160
4
	10400 16128
	10848 16128
	10848 16160
	10400 16160
4
	11104 16128
	16992 16128
	16992 16160
	11104 16160
4
	0 16160
	5728 16160
	5728 16192
	0 16192
4
	6400 16160
	6656 16160
	6656 16192
	6400 16192
4
	10304 16160
	10848 16160
	10848 16192
	10304 16192
4
	11136 16160
	16992 16160
	16992 16192
	11136 16192
4
	0 16192
	5728 16192
	5728 16224
	0 16224
4
	6432 16192
	6656 16192
	6656 16224
	6432 16224
4
	10208 16192
	10880 16192
	10880 16224
	10208 16224
4
	11136 16192
	16992 16192
	16992 16224
	11136 16224
4
	0 16224
	5728 16224
	5728 16256
	0 16256
4
	6560 16224
	6624 16224
	6624 16256
	6560 16256
4
	10208 16224
	10912 16224
	10912 16256
	10208 16256
4
	11072 16224
	16992 16224
	16992 16256
	11072 16256
4
	0 16256
	5408 16256
	5408 16288
	0 16288
4
	5472 16256
	5728 16256
	5728 16288
	5472 16288
4
	10208 16256
	10912 16256
	10912 16288
	10208 16288
4
	10944 16256
	16992 16256
	16992 16288
	10944 16288
4
	0 16288
	5344 16288
	5344 16320
	0 16320
4
	5472 16288
	5696 16288
	5696 16320
	5472 16320
4
	10240 16288
	16992 16288
	16992 16320
	10240 16320
4
	0 16320
	5280 16320
	5280 16352
	0 16352
4
	5472 16320
	5632 16320
	5632 16352
	5472 16352
4
	10240 16320
	16992 16320
	16992 16352
	10240 16352
4
	0 16352
	5248 16352
	5248 16384
	0 16384
4
	5472 16352
	5632 16352
	5632 16384
	5472 16384
4
	10112 16352
	10176 16352
	10176 16384
	10112 16384
4
	10240 16352
	16992 16352
	16992 16384
	10240 16384
4
	0 16384
	5184 16384
	5184 16416
	0 16416
4
	5472 16384
	5632 16384
	5632 16416
	5472 16416
4
	8960 16384
	9088 16384
	9088 16416
	8960 16416
4
	10080 16384
	10176 16384
	10176 16416
	10080 16416
4
	10272 16384
	16992 16384
	16992 16416
	10272 16416
4
	0 16416
	5152 16416
	5152 16448
	0 16448
4
	8928 16416
	9120 16416
	9120 16448
	8928 16448
4
	10048 16416
	10176 16416
	10176 16448
	10048 16448
4
	10272 16416
	16992 16416
	16992 16448
	10272 16448
4
	0 16448
	5088 16448
	5088 16480
	0 16480
4
	8928 16448
	9120 16448
	9120 16480
	8928 16480
4
	10048 16448
	10144 16448
	10144 16480
	10048 16480
4
	10272 16448
	16992 16448
	16992 16480
	10272 16480
4
	0 16480
	5056 16480
	5056 16512
	0 16512
4
	8928 16480
	9120 16480
	9120 16512
	8928 16512
4
	10112 16480
	10144 16480
	10144 16512
	10112 16512
4
	10304 16480
	16992 16480
	16992 16512
	10304 16512
4
	0 16512
	4992 16512
	4992 16544
	0 16544
4
	8928 16512
	9088 16512
	9088 16544
	8928 16544
4
	10176 16512
	10240 16512
	10240 16544
	10176 16544
4
	10304 16512
	16992 16512
	16992 16544
	10304 16544
4
	0 16544
	4928 16544
	4928 16576
	0 16576
4
	9152 16544
	9216 16544
	9216 16576
	9152 16576
4
	10080 16544
	16992 16544
	16992 16576
	10080 16576
4
	0 16576
	4896 16576
	4896 16608
	0 16608
4
	8928 16576
	8992 16576
	8992 16608
	8928 16608
4
	10080 16576
	16992 16576
	16992 16608
	10080 16608
4
	0 16608
	4800 16608
	4800 16640
	0 16640
4
	8896 16608
	9024 16608
	9024 16640
	8896 16640
4
	10080 16608
	16992 16608
	16992 16640
	10080 16640
4
	0 16640
	4672 16640
	4672 16672
	0 16672
4
	8896 16640
	9024 16640
	9024 16672
	8896 16672
4
	9152 16640
	9184 16640
	9184 16672
	9152 16672
4
	10112 16640
	16992 16640
	16992 16672
	10112 16672
4
	0 16672
	4576 16672
	4576 16704
	0 16704
4
	5056 16672
	5120 16672
	5120 16704
	5056 16704
4
	8608 16672
	9536 16672
	9536 16704
	8608 16704
4
	9984 16672
	10048 16672
	10048 16704
	9984 16704
4
	10112 16672
	16992 16672
	16992 16704
	10112 16704
4
	0 16704
	4480 16704
	4480 16736
	0 16736
4
	5024 16704
	5152 16704
	5152 16736
	5024 16736
4
	8576 16704
	9888 16704
	9888 16736
	8576 16736
4
	9984 16704
	10048 16704
	10048 16736
	9984 16736
4
	10144 16704
	16992 16704
	16992 16736
	10144 16736
4
	0 16736
	4384 16736
	4384 16768
	0 16768
4
	5024 16736
	5152 16736
	5152 16768
	5024 16768
4
	7904 16736
	8000 16736
	8000 16768
	7904 16768
4
	8512 16736
	9952 16736
	9952 16768
	8512 16768
4
	10208 16736
	16992 16736
	16992 16768
	10208 16768
4
	0 16768
	4320 16768
	4320 16800
	0 16800
4
	5024 16768
	5152 16768
	5152 16800
	5024 16800
4
	5248 16768
	5280 16768
	5280 16800
	5248 16800
4
	7904 16768
	8032 16768
	8032 16800
	7904 16800
4
	8480 16768
	9984 16768
	9984 16800
	8480 16800
4
	10240 16768
	16992 16768
	16992 16800
	10240 16800
4
	0 16800
	4320 16800
	4320 16832
	0 16832
4
	4928 16800
	4992 16800
	4992 16832
	4928 16832
4
	5024 16800
	5152 16800
	5152 16832
	5024 16832
4
	5248 16800
	5280 16800
	5280 16832
	5248 16832
4
	7744 16800
	8064 16800
	8064 16832
	7744 16832
4
	8416 16800
	10048 16800
	10048 16832
	8416 16832
4
	10240 16800
	16992 16800
	16992 16832
	10240 16832
4
	0 16832
	4288 16832
	4288 16864
	0 16864
4
	7712 16832
	8192 16832
	8192 16864
	7712 16864
4
	8352 16832
	10080 16832
	10080 16864
	8352 16864
4
	10336 16832
	16992 16832
	16992 16864
	10336 16864
4
	0 16864
	4288 16864
	4288 16896
	0 16896
4
	6048 16864
	6176 16864
	6176 16896
	6048 16896
4
	7648 16864
	8256 16864
	8256 16896
	7648 16896
4
	8320 16864
	10176 16864
	10176 16896
	8320 16896
4
	10272 16864
	16992 16864
	16992 16896
	10272 16896
4
	0 16896
	4256 16896
	4256 16928
	0 16928
4
	6016 16896
	6240 16896
	6240 16928
	6016 16928
4
	7552 16896
	16992 16896
	16992 16928
	7552 16928
4
	0 16928
	4256 16928
	4256 16960
	0 16960
4
	6048 16928
	6272 16928
	6272 16960
	6048 16960
4
	7520 16928
	16992 16928
	16992 16960
	7520 16960
4
	0 16960
	4288 16960
	4288 16992
	0 16992
4
	6048 16960
	6336 16960
	6336 16992
	6048 16992
4
	7456 16960
	16992 16960
	16992 16992
	7456 16992
4
	0 16992
	4288 16992
	4288 17024
	0 17024
4
	6048 16992
	6272 16992
	6272 17024
	6048 17024
4
	7360 16992
	16992 16992
	16992 17024
	7360 17024
4
	0 17024
	4320 17024
	4320 17056
	0 17056
4
	6048 17024
	6272 17024
	6272 17056
	6048 17056
4
	7232 17024
	7264 17024
	7264 17056
	7232 17056
4
	7296 17024
	16992 17024
	16992 17056
	7296 17056
4
	0 17056
	4320 17056
	4320 17088
	0 17088
4
	6112 17056
	6272 17056
	6272 17088
	6112 17088
4
	7200 17056
	16992 17056
	16992 17088
	7200 17088
4
	0 17088
	4320 17088
	4320 17120
	0 17120
4
	6176 17088
	6240 17088
	6240 17120
	6176 17120
4
	6304 17088
	6400 17088
	6400 17120
	6304 17120
4
	7168 17088
	16992 17088
	16992 17120
	7168 17120
4
	0 17120
	4352 17120
	4352 17152
	0 17152
4
	6272 17120
	6400 17120
	6400 17152
	6272 17152
4
	7168 17120
	16992 17120
	16992 17152
	7168 17152
4
	0 17152
	4352 17152
	4352 17184
	0 17184
4
	5632 17152
	5792 17152
	5792 17184
	5632 17184
4
	6272 17152
	6368 17152
	6368 17184
	6272 17184
4
	6624 17152
	6784 17152
	6784 17184
	6624 17184
4
	7104 17152
	16992 17152
	16992 17184
	7104 17184
4
	0 17184
	4384 17184
	4384 17216
	0 17216
4
	5568 17184
	5792 17184
	5792 17216
	5568 17216
4
	6240 17184
	6368 17184
	6368 17216
	6240 17216
4
	6528 17184
	6592 17184
	6592 17216
	6528 17216
4
	6656 17184
	6816 17184
	6816 17216
	6656 17216
4
	7072 17184
	16992 17184
	16992 17216
	7072 17216
4
	0 17216
	4384 17216
	4384 17248
	0 17248
4
	5568 17216
	5824 17216
	5824 17248
	5568 17248
4
	6240 17216
	6336 17216
	6336 17248
	6240 17248
4
	6496 17216
	6624 17216
	6624 17248
	6496 17248
4
	6656 17216
	6784 17216
	6784 17248
	6656 17248
4
	6880 17216
	6976 17216
	6976 17248
	6880 17248
4
	7072 17216
	16992 17216
	16992 17248
	7072 17248
4
	0 17248
	4384 17248
	4384 17280
	0 17280
4
	5568 17248
	5856 17248
	5856 17280
	5568 17280
4
	6112 17248
	6144 17248
	6144 17280
	6112 17280
4
	6208 17248
	6336 17248
	6336 17280
	6208 17280
4
	6496 17248
	7008 17248
	7008 17280
	6496 17280
4
	7040 17248
	16992 17248
	16992 17280
	7040 17280
4
	0 17280
	4384 17280
	4384 17312
	0 17312
4
	5600 17280
	5920 17280
	5920 17312
	5600 17312
4
	6080 17280
	6304 17280
	6304 17312
	6080 17312
4
	6496 17280
	16992 17280
	16992 17312
	6496 17312
4
	0 17312
	4384 17312
	4384 17344
	0 17344
4
	5600 17312
	5984 17312
	5984 17344
	5600 17344
4
	6080 17312
	6304 17312
	6304 17344
	6080 17344
4
	6464 17312
	16992 17312
	16992 17344
	6464 17344
4
	0 17344
	4384 17344
	4384 17376
	0 17376
4
	4704 17344
	4768 17344
	4768 17376
	4704 17376
4
	5632 17344
	6272 17344
	6272 17376
	5632 17376
4
	6464 17344
	16992 17344
	16992 17376
	6464 17376
4
	0 17376
	4384 17376
	4384 17408
	0 17408
4
	4704 17376
	4768 17376
	4768 17408
	4704 17408
4
	5632 17376
	6080 17376
	6080 17408
	5632 17408
4
	6112 17376
	6272 17376
	6272 17408
	6112 17408
4
	6432 17376
	16992 17376
	16992 17408
	6432 17408
4
	0 17408
	4384 17408
	4384 17440
	0 17440
4
	5600 17408
	6080 17408
	6080 17440
	5600 17440
4
	6176 17408
	6240 17408
	6240 17440
	6176 17440
4
	6432 17408
	16992 17408
	16992 17440
	6432 17440
4
	0 17440
	4384 17440
	4384 17472
	0 17472
4
	5568 17440
	6144 17440
	6144 17472
	5568 17472
4
	6400 17440
	16992 17440
	16992 17472
	6400 17472
4
	0 17472
	4416 17472
	4416 17504
	0 17504
4
	5568 17472
	6112 17472
	6112 17504
	5568 17504
4
	6400 17472
	16992 17472
	16992 17504
	6400 17504
4
	0 17504
	4416 17504
	4416 17536
	0 17536
4
	5568 17504
	6048 17504
	6048 17536
	5568 17536
4
	6400 17504
	16992 17504
	16992 17536
	6400 17536
4
	0 17536
	4416 17536
	4416 17568
	0 17568
4
	5568 17536
	6016 17536
	6016 17568
	5568 17568
4
	6464 17536
	16992 17536
	16992 17568
	6464 17568
4
	0 17568
	4416 17568
	4416 17600
	0 17600
4
	4864 17568
	4992 17568
	4992 17600
	4864 17600
4
	5536 17568
	6016 17568
	6016 17600
	5536 17600
4
	6464 17568
	16992 17568
	16992 17600
	6464 17600
4
	0 17600
	4416 17600
	4416 17632
	0 17632
4
	4864 17600
	4992 17600
	4992 17632
	4864 17632
4
	5504 17600
	5984 17600
	5984 17632
	5504 17632
4
	6432 17600
	16992 17600
	16992 17632
	6432 17632
4
	0 17632
	4416 17632
	4416 17664
	0 17664
4
	4864 17632
	4992 17632
	4992 17664
	4864 17664
4
	5504 17632
	5984 17632
	5984 17664
	5504 17664
4
	6432 17632
	16992 17632
	16992 17664
	6432 17664
4
	0 17664
	4416 17664
	4416 17696
	0 17696
4
	4864 17664
	4992 17664
	4992 17696
	4864 17696
4
	5504 17664
	6016 17664
	6016 17696
	5504 17696
4
	6432 17664
	16992 17664
	16992 17696
	6432 17696
4
	0 17696
	4416 17696
	4416 17728
	0 17728
4
	5536 17696
	6016 17696
	6016 17728
	5536 17728
4
	6464 17696
	16992 17696
	16992 17728
	6464 17728
4
	0 17728
	4416 17728
	4416 17760
	0 17760
4
	5504 17728
	6016 17728
	6016 17760
	5504 17760
4
	6464 17728
	16992 17728
	16992 17760
	6464 17760
4
	0 17760
	4384 17760
	4384 17792
	0 17792
4
	5472 17760
	5984 17760
	5984 17792
	5472 17792
4
	6432 17760
	16992 17760
	16992 17792
	6432 17792
4
	0 17792
	4384 17792
	4384 17824
	0 17824
4
	5472 17792
	5984 17792
	5984 17824
	5472 17824
4
	6432 17792
	6528 17792
	6528 17824
	6432 17824
4
	6560 17792
	16992 17792
	16992 17824
	6560 17824
4
	0 17824
	4384 17824
	4384 17856
	0 17856
4
	5472 17824
	5952 17824
	5952 17856
	5472 17856
4
	6368 17824
	6528 17824
	6528 17856
	6368 17856
4
	6560 17824
	16992 17824
	16992 17856
	6560 17856
4
	0 17856
	4352 17856
	4352 17888
	0 17888
4
	5472 17856
	5888 17856
	5888 17888
	5472 17888
4
	6304 17856
	6336 17856
	6336 17888
	6304 17888
4
	6368 17856
	6496 17856
	6496 17888
	6368 17888
4
	6624 17856
	16992 17856
	16992 17888
	6624 17888
4
	0 17888
	4352 17888
	4352 17920
	0 17920
4
	5440 17888
	5856 17888
	5856 17920
	5440 17920
4
	6335 17919
	6337 17919
	6337 17921
	6335 17921
4
	6304 17888
	6336 17888
	6336 17920
	6304 17920
4
	6368 17888
	6496 17888
	6496 17920
	6368 17920
4
	6624 17888
	16992 17888
	16992 17920
	6624 17920
4
	0 17920
	4352 17920
	4352 17952
	0 17952
4
	5440 17920
	5856 17920
	5856 17952
	5440 17952
4
	6336 17920
	6464 17920
	6464 17952
	6336 17952
4
	6624 17920
	16992 17920
	16992 17952
	6624 17952
4
	0 17952
	4320 17952
	4320 17984
	0 17984
4
	5440 17952
	5824 17952
	5824 17984
	5440 17984
4
	6272 17952
	6304 17952
	6304 17984
	6272 17984
4
	6336 17952
	6464 17952
	6464 17984
	6336 17984
4
	6592 17952
	16992 17952
	16992 17984
	6592 17984
4
	0 17984
	4320 17984
	4320 18016
	0 18016
4
	5440 17984
	5824 17984
	5824 18016
	5440 18016
4
	6272 17984
	6464 17984
	6464 18016
	6272 18016
4
	6592 17984
	16992 17984
	16992 18016
	6592 18016
4
	0 18016
	4320 18016
	4320 18048
	0 18048
4
	5472 18016
	5856 18016
	5856 18048
	5472 18048
4
	6272 18016
	6432 18016
	6432 18048
	6272 18048
4
	6592 18016
	16992 18016
	16992 18048
	6592 18048
4
	0 18048
	4288 18048
	4288 18080
	0 18080
4
	5504 18048
	5856 18048
	5856 18080
	5504 18080
4
	6304 18048
	6432 18048
	6432 18080
	6304 18080
4
	6592 18048
	16992 18048
	16992 18080
	6592 18080
4
	0 18080
	4288 18080
	4288 18112
	0 18112
4
	5568 18080
	5824 18080
	5824 18112
	5568 18112
4
	6272 18080
	6432 18080
	6432 18112
	6272 18112
4
	6592 18080
	16992 18080
	16992 18112
	6592 18112
4
	0 18112
	4288 18112
	4288 18144
	0 18144
4
	5600 18112
	5856 18112
	5856 18144
	5600 18144
4
	6272 18112
	6400 18112
	6400 18144
	6272 18144
4
	6464 18112
	16992 18112
	16992 18144
	6464 18144
4
	0 18144
	4256 18144
	4256 18176
	0 18176
4
	5632 18144
	5888 18144
	5888 18176
	5632 18176
4
	6240 18144
	6400 18144
	6400 18176
	6240 18176
4
	6464 18144
	16992 18144
	16992 18176
	6464 18176
4
	0 18176
	4256 18176
	4256 18208
	0 18208
4
	5664 18176
	5888 18176
	5888 18208
	5664 18208
4
	6176 18176
	6368 18176
	6368 18208
	6176 18208
4
	6464 18176
	16992 18176
	16992 18208
	6464 18208
4
	0 18208
	4256 18208
	4256 18240
	0 18240
4
	5696 18208
	5888 18208
	5888 18240
	5696 18240
4
	6144 18208
	6336 18208
	6336 18240
	6144 18240
4
	6496 18208
	16992 18208
	16992 18240
	6496 18240
4
	0 18240
	4256 18240
	4256 18272
	0 18272
4
	5728 18240
	5856 18240
	5856 18272
	5728 18272
4
	6048 18240
	6112 18240
	6112 18272
	6048 18272
4
	6144 18240
	6304 18240
	6304 18272
	6144 18272
4
	6496 18240
	16992 18240
	16992 18272
	6496 18272
4
	0 18272
	4256 18272
	4256 18304
	0 18304
4
	5728 18272
	5856 18272
	5856 18304
	5728 18304
4
	6016 18272
	6272 18272
	6272 18304
	6016 18304
4
	6496 18272
	16992 18272
	16992 18304
	6496 18304
4
	0 18304
	4256 18304
	4256 18336
	0 18336
4
	5728 18304
	5824 18304
	5824 18336
	5728 18336
4
	6016 18304
	6272 18304
	6272 18336
	6016 18336
4
	6496 18304
	16992 18304
	16992 18336
	6496 18336
4
	0 18336
	4224 18336
	4224 18368
	0 18368
4
	5696 18336
	5824 18336
	5824 18368
	5696 18368
4
	5984 18336
	6240 18336
	6240 18368
	5984 18368
4
	6496 18336
	16992 18336
	16992 18368
	6496 18368
4
	0 18368
	4192 18368
	4192 18400
	0 18400
4
	5696 18368
	5792 18368
	5792 18400
	5696 18400
4
	5984 18368
	6208 18368
	6208 18400
	5984 18400
4
	6464 18368
	16992 18368
	16992 18400
	6464 18400
4
	0 18400
	4128 18400
	4128 18432
	0 18432
4
	5664 18400
	5792 18400
	5792 18432
	5664 18432
4
	5952 18400
	6176 18400
	6176 18432
	5952 18432
4
	6432 18400
	16992 18400
	16992 18432
	6432 18432
4
	0 18432
	4096 18432
	4096 18464
	0 18464
4
	5664 18432
	5760 18432
	5760 18464
	5664 18464
4
	5952 18432
	6080 18432
	6080 18464
	5952 18464
4
	6240 18432
	6304 18432
	6304 18464
	6240 18464
4
	6432 18432
	16992 18432
	16992 18464
	6432 18464
4
	0 18464
	4064 18464
	4064 18496
	0 18496
4
	5696 18464
	5760 18464
	5760 18496
	5696 18496
4
	5920 18464
	6048 18464
	6048 18496
	5920 18496
4
	6208 18464
	6336 18464
	6336 18496
	6208 18496
4
	6400 18464
	16992 18464
	16992 18496
	6400 18496
4
	0 18496
	4064 18496
	4064 18528
	0 18528
4
	5920 18496
	6016 18496
	6016 18528
	5920 18528
4
	6208 18496
	6336 18496
	6336 18528
	6208 18528
4
	6400 18496
	16992 18496
	16992 18528
	6400 18528
4
	0 18528
	4064 18528
	4064 18560
	0 18560
4
	5888 18528
	6016 18528
	6016 18560
	5888 18560
4
	6208 18528
	6336 18528
	6336 18560
	6208 18560
4
	6400 18528
	16992 18528
	16992 18560
	6400 18560
4
	0 18560
	4064 18560
	4064 18592
	0 18592
4
	5888 18560
	5984 18560
	5984 18592
	5888 18592
4
	6400 18560
	16992 18560
	16992 18592
	6400 18592
4
	0 18592
	4096 18592
	4096 18624
	0 18624
4
	6400 18592
	16992 18592
	16992 18624
	6400 18624
4
	0 18624
	4096 18624
	4096 18656
	0 18656
4
	6400 18624
	16992 18624
	16992 18656
	6400 18656
4
	0 18656
	4128 18656
	4128 18688
	0 18688
4
	6400 18656
	16992 18656
	16992 18688
	6400 18688
4
	0 18688
	4160 18688
	4160 18720
	0 18720
4
	6400 18688
	16992 18688
	16992 18720
	6400 18720
4
	0 18720
	4160 18720
	4160 18752
	0 18752
4
	6400 18720
	16992 18720
	16992 18752
	6400 18752
4
	0 18752
	4160 18752
	4160 18784
	0 18784
4
	6400 18752
	16992 18752
	16992 18784
	6400 18784
4
	0 18784
	4160 18784
	4160 18816
	0 18816
4
	6400 18784
	16992 18784
	16992 18816
	6400 18816
4
	0 18816
	4160 18816
	4160 18848
	0 18848
4
	6400 18816
	16992 18816
	16992 18848
	6400 18848
4
	0 18848
	4192 18848
	4192 18880
	0 18880
4
	6432 18848
	16992 18848
	16992 18880
	6432 18880
4
	0 18880
	4192 18880
	4192 18912
	0 18912
4
	6464 18880
	16992 18880
	16992 18912
	6464 18912
4
	0 18912
	4192 18912
	4192 18944
	0 18944
4
	6464 18912
	16992 18912
	16992 18944
	6464 18944
4
	0 18944
	4192 18944
	4192 18976
	0 18976
4
	6496 18944
	16992 18944
	16992 18976
	6496 18976
4
	0 18976
	3232 18976
	3232 19008
	0 19008
4
	3264 18976
	4192 18976
	4192 19008
	3264 19008
4
	6496 18976
	16992 18976
	16992 19008
	6496 19008
4
	0 19008
	3200 19008
	3200 19040
	0 19040
4
	3264 19008
	4192 19008
	4192 19040
	3264 19040
4
	6496 19008
	16992 19008
	16992 19040
	6496 19040
4
	0 19040
	3168 19040
	3168 19072
	0 19072
4
	3264 19040
	4192 19040
	4192 19072
	3264 19072
4
	6496 19040
	16992 19040
	16992 19072
	6496 19072
4
	0 19072
	3168 19072
	3168 19104
	0 19104
4
	3296 19072
	4160 19072
	4160 19104
	3296 19104
4
	6496 19072
	16992 19072
	16992 19104
	6496 19104
4
	0 19104
	3168 19104
	3168 19136
	0 19136
4
	3328 19104
	4160 19104
	4160 19136
	3328 19136
4
	6496 19104
	16992 19104
	16992 19136
	6496 19136
4
	0 19136
	3200 19136
	3200 19168
	0 19168
4
	3328 19136
	4128 19136
	4128 19168
	3328 19168
4
	6528 19136
	16992 19136
	16992 19168
	6528 19168
4
	0 19168
	3232 19168
	3232 19200
	0 19200
4
	3360 19168
	4096 19168
	4096 19200
	3360 19200
4
	6528 19168
	16992 19168
	16992 19200
	6528 19200
4
	0 19200
	3200 19200
	3200 19232
	0 19232
4
	3392 19200
	4096 19200
	4096 19232
	3392 19232
4
	6528 19200
	16992 19200
	16992 19232
	6528 19232
4
	0 19232
	3200 19232
	3200 19264
	0 19264
4
	3392 19232
	4064 19232
	4064 19264
	3392 19264
4
	6560 19232
	16992 19232
	16992 19264
	6560 19264
4
	0 19264
	3168 19264
	3168 19296
	0 19296
4
	3456 19264
	4032 19264
	4032 19296
	3456 19296
4
	4384 19264
	4448 19264
	4448 19296
	4384 19296
4
	6560 19264
	16992 19264
	16992 19296
	6560 19296
4
	0 19296
	3136 19296
	3136 19328
	0 19328
4
	3520 19296
	4000 19296
	4000 19328
	3520 19328
4
	4384 19296
	4448 19296
	4448 19328
	4384 19328
4
	5536 19296
	5632 19296
	5632 19328
	5536 19328
4
	6560 19296
	16992 19296
	16992 19328
	6560 19328
4
	0 19328
	3136 19328
	3136 19360
	0 19360
4
	3552 19328
	3904 19328
	3904 19360
	3552 19360
4
	5536 19328
	5632 19328
	5632 19360
	5536 19360
4
	6560 19328
	6688 19328
	6688 19360
	6560 19360
4
	6816 19328
	16992 19328
	16992 19360
	6816 19360
4
	0 19360
	3104 19360
	3104 19392
	0 19392
4
	3712 19360
	3840 19360
	3840 19392
	3712 19392
4
	4960 19360
	5056 19360
	5056 19392
	4960 19392
4
	6816 19360
	16992 19360
	16992 19392
	6816 19392
4
	0 19392
	2976 19392
	2976 19424
	0 19424
4
	4960 19392
	5056 19392
	5056 19424
	4960 19424
4
	6752 19392
	16992 19392
	16992 19424
	6752 19424
4
	0 19424
	2976 19424
	2976 19456
	0 19456
4
	4960 19424
	5056 19424
	5056 19456
	4960 19456
4
	6624 19424
	16992 19424
	16992 19456
	6624 19456
4
	0 19456
	2944 19456
	2944 19488
	0 19488
4
	4960 19456
	5056 19456
	5056 19488
	4960 19488
4
	6656 19456
	16992 19456
	16992 19488
	6656 19488
4
	0 19488
	2944 19488
	2944 19520
	0 19520
4
	4352 19488
	4416 19488
	4416 19520
	4352 19520
4
	6752 19488
	16992 19488
	16992 19520
	6752 19520
4
	0 19520
	2944 19520
	2944 19552
	0 19552
4
	4320 19520
	4448 19520
	4448 19552
	4320 19552
4
	6784 19520
	16992 19520
	16992 19552
	6784 19552
4
	0 19552
	2912 19552
	2912 19584
	0 19584
4
	4320 19552
	4448 19552
	4448 19584
	4320 19584
4
	6784 19552
	16992 19552
	16992 19584
	6784 19584
4
	0 19584
	2912 19584
	2912 19616
	0 19616
4
	4352 19584
	4448 19584
	4448 19616
	4352 19616
4
	6816 19584
	16992 19584
	16992 19616
	6816 19616
4
	0 19616
	2880 19616
	2880 19648
	0 19648
4
	4032 19616
	4096 19616
	4096 19648
	4032 19648
4
	5568 19616
	5664 19616
	5664 19648
	5568 19648
4
	6848 19616
	16992 19616
	16992 19648
	6848 19648
4
	0 19648
	2880 19648
	2880 19680
	0 19680
4
	4032 19648
	4096 19648
	4096 19680
	4032 19680
4
	4768 19648
	4832 19648
	4832 19680
	4768 19680
4
	5536 19648
	5664 19648
	5664 19680
	5536 19680
4
	6880 19648
	16992 19648
	16992 19680
	6880 19680
4
	0 19680
	2912 19680
	2912 19712
	0 19712
4
	4768 19680
	4832 19680
	4832 19712
	4768 19712
4
	5536 19680
	5664 19680
	5664 19712
	5536 19712
4
	5888 19680
	5952 19680
	5952 19712
	5888 19712
4
	6912 19680
	16992 19680
	16992 19712
	6912 19712
4
	0 19712
	3008 19712
	3008 19744
	0 19744
4
	4768 19712
	4832 19712
	4832 19744
	4768 19744
4
	5184 19712
	5280 19712
	5280 19744
	5184 19744
4
	5568 19712
	5600 19712
	5600 19744
	5568 19744
4
	5888 19712
	5952 19712
	5952 19744
	5888 19744
4
	6944 19712
	16992 19712
	16992 19744
	6944 19744
4
	0 19744
	3072 19744
	3072 19776
	0 19776
4
	4768 19744
	4864 19744
	4864 19776
	4768 19776
4
	5152 19744
	5248 19744
	5248 19776
	5152 19776
4
	6976 19744
	16992 19744
	16992 19776
	6976 19776
4
	0 19776
	3072 19776
	3072 19808
	0 19808
4
	4768 19776
	4864 19776
	4864 19808
	4768 19808
4
	5152 19776
	5248 19776
	5248 19808
	5152 19808
4
	7008 19776
	16992 19776
	16992 19808
	7008 19808
4
	0 19808
	3072 19808
	3072 19840
	0 19840
4
	5120 19808
	5216 19808
	5216 19840
	5120 19840
4
	7040 19808
	16992 19808
	16992 19840
	7040 19840
4
	0 19840
	3072 19840
	3072 19872
	0 19872
4
	5184 19840
	5216 19840
	5216 19872
	5184 19872
4
	7040 19840
	16992 19840
	16992 19872
	7040 19872
4
	0 19872
	2880 19872
	2880 19904
	0 19904
4
	2944 19872
	3072 19872
	3072 19904
	2944 19904
4
	7072 19872
	16992 19872
	16992 19904
	7072 19904
4
	0 19904
	2848 19904
	2848 19936
	0 19936
4
	2944 19904
	3072 19904
	3072 19936
	2944 19936
4
	4448 19904
	4512 19904
	4512 19936
	4448 19936
4
	7104 19904
	16992 19904
	16992 19936
	7104 19936
4
	0 19936
	2848 19936
	2848 19968
	0 19968
4
	2944 19936
	3072 19936
	3072 19968
	2944 19968
4
	4448 19936
	4576 19936
	4576 19968
	4448 19968
4
	7136 19936
	16992 19936
	16992 19968
	7136 19968
4
	0 19968
	2848 19968
	2848 20000
	0 20000
4
	2944 19968
	3072 19968
	3072 20000
	2944 20000
4
	4480 19968
	4576 19968
	4576 20000
	4480 20000
4
	7136 19968
	16992 19968
	16992 20000
	7136 20000
4
	0 20000
	2880 20000
	2880 20032
	0 20032
4
	2944 20000
	3072 20000
	3072 20032
	2944 20032
4
	4512 20000
	4576 20000
	4576 20032
	4512 20032
4
	7136 20000
	16992 20000
	16992 20032
	7136 20032
4
	0 20032
	2880 20032
	2880 20064
	0 20064
4
	2944 20032
	3072 20032
	3072 20064
	2944 20064
4
	5376 20032
	5504 20032
	5504 20064
	5376 20064
4
	7136 20032
	16992 20032
	16992 20064
	7136 20064
4
	0 20064
	2880 20064
	2880 20096
	0 20096
4
	3008 20064
	3072 20064
	3072 20096
	3008 20096
4
	5344 20064
	5504 20064
	5504 20096
	5344 20096
4
	7168 20064
	16992 20064
	16992 20096
	7168 20096
4
	0 20096
	2816 20096
	2816 20128
	0 20128
4
	5376 20096
	5440 20096
	5440 20128
	5376 20128
4
	7168 20096
	7264 20096
	7264 20128
	7168 20128
4
	7392 20096
	16992 20096
	16992 20128
	7392 20128
4
	0 20128
	2784 20128
	2784 20160
	0 20160
4
	4032 20128
	4128 20128
	4128 20160
	4032 20160
4
	7392 20128
	16992 20128
	16992 20160
	7392 20160
4
	0 20160
	2752 20160
	2752 20192
	0 20192
4
	4032 20160
	4160 20160
	4160 20192
	4032 20192
4
	7104 20160
	7168 20160
	7168 20192
	7104 20192
4
	7328 20160
	16992 20160
	16992 20192
	7328 20192
4
	0 20192
	2752 20192
	2752 20224
	0 20224
4
	4032 20192
	4160 20192
	4160 20224
	4032 20224
4
	7104 20192
	7168 20192
	7168 20224
	7104 20224
4
	7296 20192
	16992 20192
	16992 20224
	7296 20224
4
	0 20224
	2752 20224
	2752 20256
	0 20256
4
	4928 20224
	4992 20224
	4992 20256
	4928 20256
4
	7104 20224
	7168 20224
	7168 20256
	7104 20256
4
	7232 20224
	16992 20224
	16992 20256
	7232 20256
4
	0 20256
	2752 20256
	2752 20288
	0 20288
4
	4928 20256
	4992 20256
	4992 20288
	4928 20288
4
	5696 20256
	5760 20256
	5760 20288
	5696 20288
4
	7232 20256
	16992 20256
	16992 20288
	7232 20288
4
	0 20288
	2752 20288
	2752 20320
	0 20320
4
	5664 20288
	5824 20288
	5824 20320
	5664 20320
4
	7264 20288
	16992 20288
	16992 20320
	7264 20320
4
	0 20320
	2752 20320
	2752 20352
	0 20352
4
	5664 20320
	5792 20320
	5792 20352
	5664 20352
4
	7264 20320
	7360 20320
	7360 20352
	7264 20352
4
	7392 20320
	16992 20320
	16992 20352
	7392 20352
4
	0 20352
	2752 20352
	2752 20384
	0 20384
4
	5760 20352
	5792 20352
	5792 20384
	5760 20384
4
	7392 20352
	16992 20352
	16992 20384
	7392 20384
4
	0 20384
	2720 20384
	2720 20416
	0 20416
4
	2784 20384
	2944 20384
	2944 20416
	2784 20416
4
	7392 20384
	16992 20384
	16992 20416
	7392 20416
4
	0 20416
	2976 20416
	2976 20448
	0 20448
4
	3072 20416
	3136 20416
	3136 20448
	3072 20448
4
	7392 20416
	16992 20416
	16992 20448
	7392 20448
4
	0 20448
	3136 20448
	3136 20480
	0 20480
4
	7392 20448
	16992 20448
	16992 20480
	7392 20480
4
	0 20480
	3136 20480
	3136 20512
	0 20512
4
	7392 20480
	16992 20480
	16992 20512
	7392 20512
4
	0 20512
	2976 20512
	2976 20544
	0 20544
4
	7392 20512
	16992 20512
	16992 20544
	7392 20544
4
	0 20544
	2976 20544
	2976 20576
	0 20576
4
	7392 20544
	16992 20544
	16992 20576
	7392 20576
4
	0 20576
	2976 20576
	2976 20608
	0 20608
4
	7008 20576
	7104 20576
	7104 20608
	7008 20608
4
	7360 20576
	16992 20576
	16992 20608
	7360 20608
4
	0 20608
	2688 20608
	2688 20640
	0 20640
4
	6976 20608
	7296 20608
	7296 20640
	6976 20640
4
	7360 20608
	16992 20608
	16992 20640
	7360 20640
4
	0 20640
	2656 20640
	2656 20672
	0 20672
4
	2848 20640
	3008 20640
	3008 20672
	2848 20672
4
	6944 20640
	16992 20640
	16992 20672
	6944 20672
4
	0 20672
	2656 20672
	2656 20704
	0 20704
4
	2752 20672
	3040 20672
	3040 20704
	2752 20704
4
	6944 20672
	16992 20672
	16992 20704
	6944 20704
4
	0 20704
	2656 20704
	2656 20736
	0 20736
4
	2752 20704
	3072 20704
	3072 20736
	2752 20736
4
	4288 20704
	4384 20704
	4384 20736
	4288 20736
4
	6944 20704
	16992 20704
	16992 20736
	6944 20736
4
	0 20736
	2528 20736
	2528 20768
	0 20768
4
	2752 20736
	2912 20736
	2912 20768
	2752 20768
4
	2976 20736
	3072 20736
	3072 20768
	2976 20768
4
	3904 20736
	4000 20736
	4000 20768
	3904 20768
4
	4256 20736
	4384 20736
	4384 20768
	4256 20768
4
	6944 20736
	16992 20736
	16992 20768
	6944 20768
4
	0 20768
	2528 20768
	2528 20800
	0 20800
4
	2560 20768
	2688 20768
	2688 20800
	2560 20800
4
	2751 20799
	2753 20799
	2753 20801
	2751 20801
4
	2752 20768
	2912 20768
	2912 20800
	2752 20800
4
	2976 20768
	3104 20768
	3104 20800
	2976 20800
4
	3904 20768
	4000 20768
	4000 20800
	3904 20800
4
	4256 20768
	4384 20768
	4384 20800
	4256 20800
4
	6944 20768
	16992 20768
	16992 20800
	6944 20800
4
	0 20800
	2752 20800
	2752 20832
	0 20832
4
	2784 20800
	2880 20800
	2880 20832
	2784 20832
4
	2976 20800
	3104 20800
	3104 20832
	2976 20832
4
	4288 20800
	4352 20800
	4352 20832
	4288 20832
4
	5408 20800
	5504 20800
	5504 20832
	5408 20832
4
	6944 20800
	16992 20800
	16992 20832
	6944 20832
4
	0 20832
	2752 20832
	2752 20864
	0 20864
4
	2816 20832
	2912 20832
	2912 20864
	2816 20864
4
	2976 20832
	3104 20832
	3104 20864
	2976 20864
4
	5408 20832
	5504 20832
	5504 20864
	5408 20864
4
	5792 20832
	5856 20832
	5856 20864
	5792 20864
4
	6976 20832
	16992 20832
	16992 20864
	6976 20864
4
	0 20864
	2752 20864
	2752 20896
	0 20896
4
	2816 20864
	2912 20864
	2912 20896
	2816 20896
4
	3008 20864
	3104 20864
	3104 20896
	3008 20896
4
	5408 20864
	5536 20864
	5536 20896
	5408 20896
4
	5792 20864
	5856 20864
	5856 20896
	5792 20896
4
	7008 20864
	16992 20864
	16992 20896
	7008 20896
4
	0 20896
	2720 20896
	2720 20928
	0 20928
4
	2816 20896
	2880 20896
	2880 20928
	2816 20928
4
	3008 20896
	3104 20896
	3104 20928
	3008 20928
4
	5440 20896
	5536 20896
	5536 20928
	5440 20928
4
	5792 20896
	5824 20896
	5824 20928
	5792 20928
4
	6848 20896
	6944 20896
	6944 20928
	6848 20928
4
	7168 20896
	16992 20896
	16992 20928
	7168 20928
4
	0 20928
	2720 20928
	2720 20960
	0 20960
4
	3008 20928
	3104 20928
	3104 20960
	3008 20960
4
	6464 20928
	6496 20928
	6496 20960
	6464 20960
4
	6816 20928
	6944 20928
	6944 20960
	6816 20960
4
	7168 20928
	16992 20928
	16992 20960
	7168 20960
4
	0 20960
	2752 20960
	2752 20992
	0 20992
4
	2880 20960
	2976 20960
	2976 20992
	2880 20992
4
	4864 20960
	4960 20960
	4960 20992
	4864 20992
4
	6400 20960
	6496 20960
	6496 20992
	6400 20992
4
	6816 20960
	6912 20960
	6912 20992
	6816 20992
4
	7168 20960
	16992 20960
	16992 20992
	7168 20992
4
	0 20992
	2752 20992
	2752 21024
	0 21024
4
	2880 20992
	3072 20992
	3072 21024
	2880 21024
4
	4864 20992
	4960 20992
	4960 21024
	4864 21024
4
	6432 20992
	6560 20992
	6560 21024
	6432 21024
4
	6784 20992
	6944 20992
	6944 21024
	6784 21024
4
	7136 20992
	16992 20992
	16992 21024
	7136 21024
4
	0 21024
	2656 21024
	2656 21056
	0 21056
4
	2880 21024
	3072 21024
	3072 21056
	2880 21056
4
	4864 21024
	4960 21024
	4960 21056
	4864 21056
4
	6432 21024
	6560 21024
	6560 21056
	6432 21056
4
	6752 21024
	6976 21024
	6976 21056
	6752 21056
4
	7136 21024
	16992 21024
	16992 21056
	7136 21056
4
	0 21056
	2688 21056
	2688 21088
	0 21088
4
	2944 21056
	3072 21056
	3072 21088
	2944 21088
4
	4864 21056
	4960 21056
	4960 21088
	4864 21088
4
	6400 21056
	6592 21056
	6592 21088
	6400 21088
4
	6752 21056
	7040 21056
	7040 21088
	6752 21088
4
	7104 21056
	16992 21056
	16992 21088
	7104 21088
4
	0 21088
	2720 21088
	2720 21120
	0 21120
4
	2944 21088
	3104 21088
	3104 21120
	2944 21120
4
	6208 21088
	6592 21088
	6592 21120
	6208 21120
4
	6720 21088
	16992 21088
	16992 21120
	6720 21120
4
	0 21120
	2752 21120
	2752 21152
	0 21152
4
	2944 21120
	3136 21120
	3136 21152
	2944 21152
4
	4224 21120
	4288 21120
	4288 21152
	4224 21152
4
	6048 21120
	6624 21120
	6624 21152
	6048 21152
4
	6688 21120
	16992 21120
	16992 21152
	6688 21152
4
	0 21152
	2752 21152
	2752 21184
	0 21184
4
	3040 21152
	3136 21152
	3136 21184
	3040 21184
4
	4224 21152
	4288 21152
	4288 21184
	4224 21184
4
	6016 21152
	6624 21152
	6624 21184
	6016 21184
4
	6688 21152
	16992 21152
	16992 21184
	6688 21184
4
	0 21184
	2784 21184
	2784 21216
	0 21216
4
	3072 21184
	3136 21184
	3136 21216
	3072 21216
4
	5408 21184
	5504 21184
	5504 21216
	5408 21216
4
	6016 21184
	6656 21184
	6656 21216
	6016 21216
4
	6688 21184
	16992 21184
	16992 21216
	6688 21216
4
	0 21216
	2816 21216
	2816 21248
	0 21248
4
	5408 21216
	5504 21216
	5504 21248
	5408 21248
4
	5984 21216
	16992 21216
	16992 21248
	5984 21248
4
	0 21248
	2848 21248
	2848 21280
	0 21280
4
	5952 21248
	16992 21248
	16992 21280
	5952 21280
4
	0 21280
	2880 21280
	2880 21312
	0 21312
4
	5952 21280
	16992 21280
	16992 21312
	5952 21312
4
	0 21312
	2880 21312
	2880 21344
	0 21344
4
	5920 21312
	16992 21312
	16992 21344
	5920 21344
4
	0 21344
	2912 21344
	2912 21376
	0 21376
4
	5920 21344
	16992 21344
	16992 21376
	5920 21376
4
	0 21376
	2912 21376
	2912 21408
	0 21408
4
	5888 21376
	16992 21376
	16992 21408
	5888 21408
4
	0 21408
	2944 21408
	2944 21440
	0 21440
4
	5888 21408
	16992 21408
	16992 21440
	5888 21440
4
	0 21440
	2944 21440
	2944 21472
	0 21472
4
	3264 21440
	3296 21440
	3296 21472
	3264 21472
4
	5888 21440
	16992 21440
	16992 21472
	5888 21472
4
	0 21472
	2976 21472
	2976 21504
	0 21504
4
	3264 21472
	3328 21472
	3328 21504
	3264 21504
4
	5888 21472
	16992 21472
	16992 21504
	5888 21504
4
	0 21504
	2976 21504
	2976 21536
	0 21536
4
	3264 21504
	3328 21504
	3328 21536
	3264 21536
4
	5856 21504
	16992 21504
	16992 21536
	5856 21536
4
	0 21536
	3008 21536
	3008 21568
	0 21568
4
	3296 21536
	3392 21536
	3392 21568
	3296 21568
4
	5856 21536
	16992 21536
	16992 21568
	5856 21568
4
	0 21568
	3008 21568
	3008 21600
	0 21600
4
	3328 21568
	3392 21568
	3392 21600
	3328 21600
4
	3424 21568
	3648 21568
	3648 21600
	3424 21600
4
	5856 21568
	16992 21568
	16992 21600
	5856 21600
4
	0 21600
	3040 21600
	3040 21632
	0 21632
4
	3424 21600
	3712 21600
	3712 21632
	3424 21632
4
	5888 21600
	16992 21600
	16992 21632
	5888 21632
4
	0 21632
	3072 21632
	3072 21664
	0 21664
4
	3424 21632
	3744 21632
	3744 21664
	3424 21664
4
	5888 21632
	16992 21632
	16992 21664
	5888 21664
4
	0 21664
	3104 21664
	3104 21696
	0 21696
4
	3392 21664
	3744 21664
	3744 21696
	3392 21696
4
	5888 21664
	16992 21664
	16992 21696
	5888 21696
4
	0 21696
	3104 21696
	3104 21728
	0 21728
4
	3392 21696
	3744 21696
	3744 21728
	3392 21728
4
	5888 21696
	16992 21696
	16992 21728
	5888 21728
4
	0 21728
	3136 21728
	3136 21760
	0 21760
4
	3200 21728
	3328 21728
	3328 21760
	3200 21760
4
	3392 21728
	3744 21728
	3744 21760
	3392 21760
4
	5920 21728
	16992 21728
	16992 21760
	5920 21760
4
	0 21760
	3328 21760
	3328 21792
	0 21792
4
	3392 21760
	3744 21760
	3744 21792
	3392 21792
4
	5920 21760
	16992 21760
	16992 21792
	5920 21792
4
	0 21792
	3744 21792
	3744 21824
	0 21824
4
	5920 21792
	16992 21792
	16992 21824
	5920 21824
4
	0 21824
	3392 21824
	3392 21856
	0 21856
4
	3488 21824
	3712 21824
	3712 21856
	3488 21856
4
	5920 21824
	16992 21824
	16992 21856
	5920 21856
4
	0 21856
	3392 21856
	3392 21888
	0 21888
4
	3616 21856
	3680 21856
	3680 21888
	3616 21888
4
	5888 21856
	16992 21856
	16992 21888
	5888 21888
4
	0 21888
	3424 21888
	3424 21920
	0 21920
4
	5824 21888
	16992 21888
	16992 21920
	5824 21920
4
	0 21920
	3392 21920
	3392 21952
	0 21952
4
	5728 21920
	16992 21920
	16992 21952
	5728 21952
4
	0 21952
	3360 21952
	3360 21984
	0 21984
4
	5696 21952
	16992 21952
	16992 21984
	5696 21984
4
	0 21984
	3424 21984
	3424 22016
	0 22016
4
	5632 21984
	16992 21984
	16992 22016
	5632 22016
4
	0 22016
	3456 22016
	3456 22048
	0 22048
4
	5600 22016
	16992 22016
	16992 22048
	5600 22048
4
	0 22048
	3360 22048
	3360 22080
	0 22080
4
	3424 22048
	3520 22048
	3520 22080
	3424 22080
4
	5568 22048
	16992 22048
	16992 22080
	5568 22080
4
	0 22080
	3360 22080
	3360 22112
	0 22112
4
	3551 22111
	3553 22111
	3553 22113
	3551 22113
4
	3456 22080
	3552 22080
	3552 22112
	3456 22112
4
	5504 22080
	16992 22080
	16992 22112
	5504 22112
4
	0 22112
	3360 22112
	3360 22144
	0 22144
4
	3552 22112
	3584 22112
	3584 22144
	3552 22144
4
	5376 22112
	16992 22112
	16992 22144
	5376 22144
4
	0 22144
	3392 22144
	3392 22176
	0 22176
4
	5312 22144
	16992 22144
	16992 22176
	5312 22176
4
	0 22176
	3424 22176
	3424 22208
	0 22208
4
	5280 22176
	16992 22176
	16992 22208
	5280 22208
4
	0 22208
	3424 22208
	3424 22240
	0 22240
4
	5248 22208
	16992 22208
	16992 22240
	5248 22240
4
	0 22240
	3456 22240
	3456 22272
	0 22272
4
	3680 22240
	3712 22240
	3712 22272
	3680 22272
4
	5216 22240
	16992 22240
	16992 22272
	5216 22272
4
	0 22272
	3488 22272
	3488 22304
	0 22304
4
	5184 22272
	16992 22272
	16992 22304
	5184 22304
4
	0 22304
	3520 22304
	3520 22336
	0 22336
4
	4064 22304
	4128 22304
	4128 22336
	4064 22336
4
	4896 22304
	4928 22304
	4928 22336
	4896 22336
4
	5184 22304
	16992 22304
	16992 22336
	5184 22336
4
	0 22336
	3552 22336
	3552 22368
	0 22368
4
	4032 22336
	4160 22336
	4160 22368
	4032 22368
4
	4832 22336
	4960 22336
	4960 22368
	4832 22368
4
	5152 22336
	16992 22336
	16992 22368
	5152 22368
4
	0 22368
	3552 22368
	3552 22400
	0 22400
4
	4032 22368
	4192 22368
	4192 22400
	4032 22400
4
	4800 22368
	4960 22368
	4960 22400
	4800 22400
4
	5152 22368
	16992 22368
	16992 22400
	5152 22400
4
	0 22400
	3616 22400
	3616 22432
	0 22432
4
	4064 22400
	4224 22400
	4224 22432
	4064 22432
4
	4768 22400
	4928 22400
	4928 22432
	4768 22432
4
	5120 22400
	16992 22400
	16992 22432
	5120 22432
4
	0 22432
	3712 22432
	3712 22464
	0 22464
4
	4096 22432
	4256 22432
	4256 22464
	4096 22464
4
	4736 22432
	4896 22432
	4896 22464
	4736 22464
4
	5120 22432
	16992 22432
	16992 22464
	5120 22464
4
	0 22464
	3808 22464
	3808 22496
	0 22496
4
	4128 22464
	4288 22464
	4288 22496
	4128 22496
4
	4704 22464
	4896 22464
	4896 22496
	4704 22496
4
	5120 22464
	16992 22464
	16992 22496
	5120 22496
4
	0 22496
	3936 22496
	3936 22528
	0 22528
4
	4160 22496
	4320 22496
	4320 22528
	4160 22528
4
	4480 22496
	4544 22496
	4544 22528
	4480 22528
4
	4640 22496
	4864 22496
	4864 22528
	4640 22528
4
	5056 22496
	16992 22496
	16992 22528
	5056 22528
4
	0 22528
	3968 22528
	3968 22560
	0 22560
4
	4192 22528
	4832 22528
	4832 22560
	4192 22560
4
	5024 22528
	16992 22528
	16992 22560
	5024 22560
4
	0 22560
	4000 22560
	4000 22592
	0 22592
4
	4224 22560
	4768 22560
	4768 22592
	4224 22592
4
	4992 22560
	16992 22560
	16992 22592
	4992 22592
4
	0 22592
	4032 22592
	4032 22624
	0 22624
4
	4448 22592
	4544 22592
	4544 22624
	4448 22624
4
	4960 22592
	16992 22592
	16992 22624
	4960 22624
4
	0 22624
	4064 22624
	4064 22656
	0 22656
4
	4480 22624
	4512 22624
	4512 22656
	4480 22656
4
	4928 22624
	16992 22624
	16992 22656
	4928 22656
4
	0 22656
	4096 22656
	4096 22688
	0 22688
4
	4896 22656
	16992 22656
	16992 22688
	4896 22688
4
	0 22688
	4128 22688
	4128 22720
	0 22720
4
	4896 22688
	16992 22688
	16992 22720
	4896 22720
4
	0 22720
	4160 22720
	4160 22752
	0 22752
4
	4864 22720
	16992 22720
	16992 22752
	4864 22752
4
	0 22752
	4192 22752
	4192 22784
	0 22784
4
	4832 22752
	16992 22752
	16992 22784
	4832 22784
4
	0 22784
	4320 22784
	4320 22816
	0 22816
4
	4704 22784
	16992 22784
	16992 22816
	4704 22816
4
	0 22816
	4320 22816
	4320 22848
	0 22848
4
	4704 22816
	16992 22816
	16992 22848
	4704 22848
4
	0 22848
	4320 22848
	4320 22880
	0 22880
4
	4704 22848
	16992 22848
	16992 22880
	4704 22880
4
	0 22880
	4320 22880
	4320 22912
	0 22912
4
	4704 22880
	16992 22880
	16992 22912
	4704 22912
4
	0 22912
	4288 22912
	4288 22944
	0 22944
4
	4704 22912
	16992 22912
	16992 22944
	4704 22944
4
	0 22944
	4288 22944
	4288 22976
	0 22976
4
	4704 22944
	16992 22944
	16992 22976
	4704 22976
4
	0 22976
	4288 22976
	4288 23008
	0 23008
4
	4704 22976
	16992 22976
	16992 23008
	4704 23008
4
	0 23008
	4256 23008
	4256 23040
	0 23040
4
	4736 23008
	16992 23008
	16992 23040
	4736 23040
4
	0 23040
	4224 23040
	4224 23072
	0 23072
4
	4768 23040
	16992 23040
	16992 23072
	4768 23072
4
	0 23072
	4192 23072
	4192 23104
	0 23104
4
	4800 23072
	16992 23072
	16992 23104
	4800 23104
4
	0 23104
	4192 23104
	4192 23136
	0 23136
4
	4448 23104
	4544 23104
	4544 23136
	4448 23136
4
	4832 23104
	16992 23104
	16992 23136
	4832 23136
4
	0 23136
	4160 23136
	4160 23168
	0 23168
4
	4448 23136
	4544 23136
	4544 23168
	4448 23168
4
	4864 23136
	16992 23136
	16992 23168
	4864 23168
4
	0 23168
	4160 23168
	4160 23200
	0 23200
4
	4448 23168
	4544 23168
	4544 23200
	4448 23200
4
	4896 23168
	16992 23168
	16992 23200
	4896 23200
4
	0 23200
	4160 23200
	4160 23232
	0 23232
4
	4448 23200
	4544 23200
	4544 23232
	4448 23232
4
	4928 23200
	16992 23200
	16992 23232
	4928 23232
4
	0 23232
	4128 23232
	4128 23264
	0 23264
4
	4960 23232
	5024 23232
	5024 23264
	4960 23264
4
	5056 23232
	16992 23232
	16992 23264
	5056 23264
4
	0 23264
	4128 23264
	4128 23296
	0 23296
4
	5056 23264
	16992 23264
	16992 23296
	5056 23296
4
	0 23296
	4096 23296
	4096 23328
	0 23328
4
	5056 23296
	16992 23296
	16992 23328
	5056 23328
4
	0 23328
	4096 23328
	4096 23360
	0 23360
4
	5056 23328
	16992 23328
	16992 23360
	5056 23360
4
	0 23360
	4064 23360
	4064 23392
	0 23392
4
	4704 23360
	4800 23360
	4800 23392
	4704 23392
4
	5056 23360
	16992 23360
	16992 23392
	5056 23392
4
	0 23392
	4064 23392
	4064 23424
	0 23424
4
	4192 23392
	4288 23392
	4288 23424
	4192 23424
4
	4704 23392
	4800 23392
	4800 23424
	4704 23424
4
	5056 23392
	16992 23392
	16992 23424
	5056 23424
4
	0 23424
	4096 23424
	4096 23456
	0 23456
4
	4192 23424
	4288 23424
	4288 23456
	4192 23456
4
	4704 23424
	4800 23424
	4800 23456
	4704 23456
4
	4928 23424
	16992 23424
	16992 23456
	4928 23456
4
	0 23456
	4064 23456
	4064 23488
	0 23488
4
	4192 23456
	4288 23456
	4288 23488
	4192 23488
4
	4704 23456
	4800 23456
	4800 23488
	4704 23488
4
	4928 23456
	16992 23456
	16992 23488
	4928 23488
4
	0 23488
	4064 23488
	4064 23520
	0 23520
4
	4192 23488
	4288 23488
	4288 23520
	4192 23520
4
	4704 23488
	4800 23488
	4800 23520
	4704 23520
4
	4928 23488
	16992 23488
	16992 23520
	4928 23520
4
	0 23520
	4096 23520
	4096 23552
	0 23552
4
	4928 23520
	16992 23520
	16992 23552
	4928 23552
4
	0 23552
	4096 23552
	4096 23584
	0 23584
4
	4896 23552
	16992 23552
	16992 23584
	4896 23584
4
	0 23584
	4128 23584
	4128 23616
	0 23616
4
	4864 23584
	16992 23584
	16992 23616
	4864 23616
4
	0 23616
	4288 23616
	4288 23648
	0 23648
4
	4704 23616
	16992 23616
	16992 23648
	4704 23648
4
	0 23648
	4288 23648
	4288 23680
	0 23680
4
	4704 23648
	16992 23648
	16992 23680
	4704 23680
4
	0 23680
	4320 23680
	4320 23712
	0 23712
4
	4384 23680
	4544 23680
	4544 23712
	4384 23712
4
	4704 23680
	16992 23680
	16992 23712
	4704 23712
4
	0 23712
	16992 23712
	16992 23744
	0 23744
4
	0 23744
	16992 23744
	16992 23776
	0 23776
4
	0 23776
	16992 23776
	16992 23808
	0 23808
4
	0 23808
	16992 23808
	16992 23840
	0 23840
4
	0 23840
	16992 23840
	16992 23872
	0 23872
4
	0 23872
	16992 23872
	16992 23904
	0 23904
4
	-32 -32
	17024 -32
	17024 0
	-32 0
4
	-32 23904
	17024 23904
	17024 23936
	-32 23936
4
	-32 0
	0 0
	0 23904
	-32 23904
4
	16992 0
	17024 0
	17024 23904
	16992 23904
