682
4
	0 0
	8256 0
	8256 32
	0 32
4
	0 32
	8256 32
	8256 64
	0 64
4
	0 64
	8256 64
	8256 96
	0 96
4
	0 96
	8256 96
	8256 128
	0 128
4
	0 128
	8256 128
	8256 160
	0 160
4
	0 160
	8256 160
	8256 192
	0 192
4
	0 192
	8256 192
	8256 224
	0 224
4
	0 224
	8256 224
	8256 256
	0 256
4
	0 256
	8256 256
	8256 288
	0 288
4
	0 288
	8256 288
	8256 320
	0 320
4
	0 320
	8256 320
	8256 352
	0 352
4
	0 352
	8256 352
	8256 384
	0 384
4
	0 384
	8256 384
	8256 416
	0 416
4
	0 416
	8256 416
	8256 448
	0 448
4
	0 448
	8256 448
	8256 480
	0 480
4
	0 480
	8256 480
	8256 512
	0 512
4
	0 512
	8256 512
	8256 544
	0 544
4
	0 544
	8256 544
	8256 576
	0 576
4
	0 576
	8256 576
	8256 608
	0 608
4
	0 608
	8256 608
	8256 640
	0 640
4
	0 640
	8256 640
	8256 672
	0 672
4
	0 672
	8256 672
	8256 704
	0 704
4
	0 704
	8256 704
	8256 736
	0 736
4
	0 736
	8256 736
	8256 768
	0 768
4
	0 768
	8256 768
	8256 800
	0 800
4
	0 800
	8256 800
	8256 832
	0 832
4
	0 832
	8256 832
	8256 864
	0 864
4
	0 864
	8256 864
	8256 896
	0 896
4
	0 896
	8256 896
	8256 928
	0 928
4
	0 928
	8256 928
	8256 960
	0 960
4
	0 960
	8256 960
	8256 992
	0 992
4
	0 992
	8256 992
	8256 1024
	0 1024
4
	0 1024
	8256 1024
	8256 1056
	0 1056
4
	0 1056
	8256 1056
	8256 1088
	0 1088
4
	0 1088
	8256 1088
	8256 1120
	0 1120
4
	0 1120
	8256 1120
	8256 1152
	0 1152
4
	0 1152
	8256 1152
	8256 1184
	0 1184
4
	0 1184
	8256 1184
	8256 1216
	0 1216
4
	0 1216
	8256 1216
	8256 1248
	0 1248
4
	0 1248
	8256 1248
	8256 1280
	0 1280
4
	0 1280
	8256 1280
	8256 1312
	0 1312
4
	0 1312
	8256 1312
	8256 1344
	0 1344
4
	0 1344
	8256 1344
	8256 1376
	0 1376
4
	0 1376
	8256 1376
	8256 1408
	0 1408
4
	0 1408
	8256 1408
	8256 1440
	0 1440
4
	0 1440
	8256 1440
	8256 1472
	0 1472
4
	0 1472
	8256 1472
	8256 1504
	0 1504
4
	0 1504
	8256 1504
	8256 1536
	0 1536
4
	0 1536
	8256 1536
	8256 1568
	0 1568
4
	0 1568
	8256 1568
	8256 1600
	0 1600
4
	0 1600
	8256 1600
	8256 1632
	0 1632
4
	0 1632
	8256 1632
	8256 1664
	0 1664
4
	0 1664
	8256 1664
	8256 1696
	0 1696
4
	0 1696
	8256 1696
	8256 1728
	0 1728
4
	0 1728
	8256 1728
	8256 1760
	0 1760
4
	0 1760
	8256 1760
	8256 1792
	0 1792
4
	0 1792
	8256 1792
	8256 1824
	0 1824
4
	0 1824
	8256 1824
	8256 1856
	0 1856
4
	0 1856
	8256 1856
	8256 1888
	0 1888
4
	0 1888
	8256 1888
	8256 1920
	0 1920
4
	0 1920
	8256 1920
	8256 1952
	0 1952
4
	0 1952
	8256 1952
	8256 1984
	0 1984
4
	0 1984
	4224 1984
	4224 2016
	0 2016
4
	4416 1984
	8256 1984
	8256 2016
	4416 2016
4
	0 2016
	3840 2016
	3840 2048
	0 2048
4
	4544 2016
	8256 2016
	8256 2048
	4544 2048
4
	0 2048
	3808 2048
	3808 2080
	0 2080
4
	4704 2048
	8256 2048
	8256 2080
	4704 2080
4
	0 2080
	3776 2080
	3776 2112
	0 2112
4
	4832 2080
	8256 2080
	8256 2112
	4832 2112
4
	0 2112
	3744 2112
	3744 2144
	0 2144
4
	4960 2112
	8032 2112
	8032 2144
	4960 2144
4
	8096 2112
	8256 2112
	8256 2144
	8096 2144
4
	0 2144
	3680 2144
	3680 2176
	0 2176
4
	5088 2144
	8000 2144
	8000 2176
	5088 2176
4
	8128 2144
	8256 2144
	8256 2176
	8128 2176
4
	0 2176
	3648 2176
	3648 2208
	0 2208
4
	5120 2176
	7968 2176
	7968 2208
	5120 2208
4
	8160 2176
	8256 2176
	8256 2208
	8160 2208
4
	0 2208
	3616 2208
	3616 2240
	0 2240
4
	5184 2208
	7936 2208
	7936 2240
	5184 2240
4
	8160 2208
	8256 2208
	8256 2240
	8160 2240
4
	0 2240
	3584 2240
	3584 2272
	0 2272
4
	5248 2240
	7936 2240
	7936 2272
	5248 2272
4
	8128 2240
	8256 2240
	8256 2272
	8128 2272
4
	0 2272
	3552 2272
	3552 2304
	0 2304
4
	5312 2272
	7904 2272
	7904 2304
	5312 2304
4
	8096 2272
	8256 2272
	8256 2304
	8096 2304
4
	0 2304
	3520 2304
	3520 2336
	0 2336
4
	5376 2304
	7872 2304
	7872 2336
	5376 2336
4
	8064 2304
	8256 2304
	8256 2336
	8064 2336
4
	0 2336
	3488 2336
	3488 2368
	0 2368
4
	5440 2336
	7840 2336
	7840 2368
	5440 2368
4
	8064 2336
	8256 2336
	8256 2368
	8064 2368
4
	0 2368
	3424 2368
	3424 2400
	0 2400
4
	5504 2368
	7840 2368
	7840 2400
	5504 2400
4
	8032 2368
	8256 2368
	8256 2400
	8032 2400
4
	0 2400
	3392 2400
	3392 2432
	0 2432
4
	5536 2400
	7840 2400
	7840 2432
	5536 2432
4
	8000 2400
	8256 2400
	8256 2432
	8000 2432
4
	0 2432
	3360 2432
	3360 2464
	0 2464
4
	5568 2432
	7840 2432
	7840 2464
	5568 2464
4
	8000 2432
	8256 2432
	8256 2464
	8000 2464
4
	0 2464
	3328 2464
	3328 2496
	0 2496
4
	5568 2464
	7840 2464
	7840 2496
	5568 2496
4
	7968 2464
	8256 2464
	8256 2496
	7968 2496
4
	0 2496
	3296 2496
	3296 2528
	0 2528
4
	5568 2496
	7840 2496
	7840 2528
	5568 2528
4
	7968 2496
	8256 2496
	8256 2528
	7968 2528
4
	0 2528
	3232 2528
	3232 2560
	0 2560
4
	5600 2528
	7840 2528
	7840 2560
	5600 2560
4
	7936 2528
	8256 2528
	8256 2560
	7936 2560
4
	0 2560
	3168 2560
	3168 2592
	0 2592
4
	5600 2560
	7840 2560
	7840 2592
	5600 2592
4
	7936 2560
	8256 2560
	8256 2592
	7936 2592
4
	0 2592
	3104 2592
	3104 2624
	0 2624
4
	5632 2592
	7840 2592
	7840 2624
	5632 2624
4
	7936 2592
	8256 2592
	8256 2624
	7936 2624
4
	0 2624
	3040 2624
	3040 2656
	0 2656
4
	5664 2624
	7840 2624
	7840 2656
	5664 2656
4
	7936 2624
	8256 2624
	8256 2656
	7936 2656
4
	0 2656
	2976 2656
	2976 2688
	0 2688
4
	5696 2656
	7840 2656
	7840 2688
	5696 2688
4
	7936 2656
	8256 2656
	8256 2688
	7936 2688
4
	0 2688
	2912 2688
	2912 2720
	0 2720
4
	5728 2688
	7840 2688
	7840 2720
	5728 2720
4
	7904 2688
	8256 2688
	8256 2720
	7904 2720
4
	0 2720
	2848 2720
	2848 2752
	0 2752
4
	5728 2720
	7808 2720
	7808 2752
	5728 2752
4
	7904 2720
	8256 2720
	8256 2752
	7904 2752
4
	0 2752
	2784 2752
	2784 2784
	0 2784
4
	5760 2752
	7808 2752
	7808 2784
	5760 2784
4
	7904 2752
	8256 2752
	8256 2784
	7904 2784
4
	0 2784
	2720 2784
	2720 2816
	0 2816
4
	5792 2784
	7808 2784
	7808 2816
	5792 2816
4
	7904 2784
	8256 2784
	8256 2816
	7904 2816
4
	0 2816
	2656 2816
	2656 2848
	0 2848
4
	5824 2816
	7808 2816
	7808 2848
	5824 2848
4
	7904 2816
	8256 2816
	8256 2848
	7904 2848
4
	0 2848
	2592 2848
	2592 2880
	0 2880
4
	5824 2848
	7776 2848
	7776 2880
	5824 2880
4
	7904 2848
	8256 2848
	8256 2880
	7904 2880
4
	0 2880
	2528 2880
	2528 2912
	0 2912
4
	5856 2880
	7776 2880
	7776 2912
	5856 2912
4
	7904 2880
	8256 2880
	8256 2912
	7904 2912
4
	0 2912
	2528 2912
	2528 2944
	0 2944
4
	5856 2912
	7776 2912
	7776 2944
	5856 2944
4
	7904 2912
	8256 2912
	8256 2944
	7904 2944
4
	0 2944
	2528 2944
	2528 2976
	0 2976
4
	5888 2944
	7776 2944
	7776 2976
	5888 2976
4
	7904 2944
	8256 2944
	8256 2976
	7904 2976
4
	0 2976
	2496 2976
	2496 3008
	0 3008
4
	5920 2976
	7776 2976
	7776 3008
	5920 3008
4
	7904 2976
	8256 2976
	8256 3008
	7904 3008
4
	0 3008
	2496 3008
	2496 3040
	0 3040
4
	5952 3008
	7776 3008
	7776 3040
	5952 3040
4
	7904 3008
	8256 3008
	8256 3040
	7904 3040
4
	0 3040
	2496 3040
	2496 3072
	0 3072
4
	5952 3040
	7776 3040
	7776 3072
	5952 3072
4
	7904 3040
	8256 3040
	8256 3072
	7904 3072
4
	0 3072
	2496 3072
	2496 3104
	0 3104
4
	5984 3072
	7776 3072
	7776 3104
	5984 3104
4
	7872 3072
	8256 3072
	8256 3104
	7872 3104
4
	0 3104
	2496 3104
	2496 3136
	0 3136
4
	6016 3104
	7776 3104
	7776 3136
	6016 3136
4
	7872 3104
	8256 3104
	8256 3136
	7872 3136
4
	0 3136
	2464 3136
	2464 3168
	0 3168
4
	6048 3136
	7776 3136
	7776 3168
	6048 3168
4
	7872 3136
	8256 3136
	8256 3168
	7872 3168
4
	0 3168
	2464 3168
	2464 3200
	0 3200
4
	5600 3168
	5696 3168
	5696 3200
	5600 3200
4
	6080 3168
	7776 3168
	7776 3200
	6080 3200
4
	7872 3168
	8256 3168
	8256 3200
	7872 3200
4
	0 3200
	2464 3200
	2464 3232
	0 3232
4
	5504 3200
	5760 3200
	5760 3232
	5504 3232
4
	6112 3200
	7744 3200
	7744 3232
	6112 3232
4
	7872 3200
	8256 3200
	8256 3232
	7872 3232
4
	0 3232
	2464 3232
	2464 3264
	0 3264
4
	5472 3232
	5856 3232
	5856 3264
	5472 3264
4
	6144 3232
	7744 3232
	7744 3264
	6144 3264
4
	7872 3232
	8256 3232
	8256 3264
	7872 3264
4
	0 3264
	2464 3264
	2464 3296
	0 3296
4
	4608 3264
	4768 3264
	4768 3296
	4608 3296
4
	5440 3264
	5888 3264
	5888 3296
	5440 3296
4
	6176 3264
	7712 3264
	7712 3296
	6176 3296
4
	7872 3264
	8256 3264
	8256 3296
	7872 3296
4
	0 3296
	2464 3296
	2464 3328
	0 3328
4
	4544 3296
	4832 3296
	4832 3328
	4544 3328
4
	5408 3296
	5888 3296
	5888 3328
	5408 3328
4
	6208 3296
	7712 3296
	7712 3328
	6208 3328
4
	7840 3296
	8256 3296
	8256 3328
	7840 3328
4
	0 3328
	2432 3328
	2432 3360
	0 3360
4
	4512 3328
	4864 3328
	4864 3360
	4512 3360
4
	5376 3328
	5920 3328
	5920 3360
	5376 3360
4
	6272 3328
	7680 3328
	7680 3360
	6272 3360
4
	7840 3328
	8256 3328
	8256 3360
	7840 3360
4
	0 3360
	2432 3360
	2432 3392
	0 3392
4
	4512 3360
	4896 3360
	4896 3392
	4512 3392
4
	5376 3360
	5920 3360
	5920 3392
	5376 3392
4
	6304 3360
	7680 3360
	7680 3392
	6304 3392
4
	7840 3360
	8256 3360
	8256 3392
	7840 3392
4
	0 3392
	2432 3392
	2432 3424
	0 3424
4
	4480 3392
	4928 3392
	4928 3424
	4480 3424
4
	5376 3392
	5920 3392
	5920 3424
	5376 3424
4
	6336 3392
	7648 3392
	7648 3424
	6336 3424
4
	7840 3392
	8256 3392
	8256 3424
	7840 3424
4
	0 3424
	2432 3424
	2432 3456
	0 3456
4
	4480 3424
	4960 3424
	4960 3456
	4480 3456
4
	5376 3424
	5952 3424
	5952 3456
	5376 3456
4
	6336 3424
	7584 3424
	7584 3456
	6336 3456
4
	7808 3424
	8256 3424
	8256 3456
	7808 3456
4
	0 3456
	2432 3456
	2432 3488
	0 3488
4
	4480 3456
	4992 3456
	4992 3488
	4480 3488
4
	5376 3456
	5952 3456
	5952 3488
	5376 3488
4
	6336 3456
	7424 3456
	7424 3488
	6336 3488
4
	7808 3456
	8256 3456
	8256 3488
	7808 3488
4
	0 3488
	2400 3488
	2400 3520
	0 3520
4
	4480 3488
	4992 3488
	4992 3520
	4480 3520
4
	5344 3488
	5952 3488
	5952 3520
	5344 3520
4
	6336 3488
	7168 3488
	7168 3520
	6336 3520
4
	7808 3488
	8256 3488
	8256 3520
	7808 3520
4
	0 3520
	2400 3520
	2400 3552
	0 3552
4
	4512 3520
	5024 3520
	5024 3552
	4512 3552
4
	5344 3520
	5952 3520
	5952 3552
	5344 3552
4
	6336 3520
	6976 3520
	6976 3552
	6336 3552
4
	7808 3520
	8256 3520
	8256 3552
	7808 3552
4
	0 3552
	2400 3552
	2400 3584
	0 3584
4
	3456 3552
	3488 3552
	3488 3584
	3456 3584
4
	4512 3552
	5024 3552
	5024 3584
	4512 3584
4
	5376 3552
	5952 3552
	5952 3584
	5376 3584
4
	6336 3552
	6784 3552
	6784 3584
	6336 3584
4
	7808 3552
	8256 3552
	8256 3584
	7808 3584
4
	0 3584
	2400 3584
	2400 3616
	0 3616
4
	3360 3584
	3488 3584
	3488 3616
	3360 3616
4
	4544 3584
	5056 3584
	5056 3616
	4544 3616
4
	5376 3584
	5952 3584
	5952 3616
	5376 3616
4
	6336 3584
	6784 3584
	6784 3616
	6336 3616
4
	7456 3584
	7616 3584
	7616 3616
	7456 3616
4
	7808 3584
	8256 3584
	8256 3616
	7808 3616
4
	0 3616
	2400 3616
	2400 3648
	0 3648
4
	3328 3616
	3552 3616
	3552 3648
	3328 3648
4
	4576 3616
	5056 3616
	5056 3648
	4576 3648
4
	5376 3616
	5984 3616
	5984 3648
	5376 3648
4
	6560 3616
	6784 3616
	6784 3648
	6560 3648
4
	7392 3616
	7616 3616
	7616 3648
	7392 3648
4
	7808 3616
	8256 3616
	8256 3648
	7808 3648
4
	0 3648
	2368 3648
	2368 3680
	0 3680
4
	3264 3648
	3616 3648
	3616 3680
	3264 3680
4
	4576 3648
	5056 3648
	5056 3680
	4576 3680
4
	5440 3648
	6016 3648
	6016 3680
	5440 3680
4
	6560 3648
	6784 3648
	6784 3680
	6560 3680
4
	7296 3648
	7616 3648
	7616 3680
	7296 3680
4
	7808 3648
	8256 3648
	8256 3680
	7808 3680
4
	0 3680
	2368 3680
	2368 3712
	0 3712
4
	3264 3680
	3648 3680
	3648 3712
	3264 3712
4
	4544 3680
	5024 3680
	5024 3712
	4544 3712
4
	5440 3680
	6048 3680
	6048 3712
	5440 3712
4
	6560 3680
	6784 3680
	6784 3712
	6560 3712
4
	7232 3680
	7616 3680
	7616 3712
	7232 3712
4
	7776 3680
	8256 3680
	8256 3712
	7776 3712
4
	0 3712
	2368 3712
	2368 3744
	0 3744
4
	3264 3712
	3680 3712
	3680 3744
	3264 3744
4
	4544 3712
	5024 3712
	5024 3744
	4544 3744
4
	5472 3712
	6112 3712
	6112 3744
	5472 3744
4
	6560 3712
	6784 3712
	6784 3744
	6560 3744
4
	7200 3712
	7616 3712
	7616 3744
	7200 3744
4
	7776 3712
	8256 3712
	8256 3744
	7776 3744
4
	0 3744
	2336 3744
	2336 3776
	0 3776
4
	3296 3744
	3712 3744
	3712 3776
	3296 3776
4
	4512 3744
	5024 3744
	5024 3776
	4512 3776
4
	5504 3744
	6144 3744
	6144 3776
	5504 3776
4
	6560 3744
	6784 3744
	6784 3776
	6560 3776
4
	7168 3744
	7584 3744
	7584 3776
	7168 3776
4
	7776 3744
	8256 3744
	8256 3776
	7776 3776
4
	0 3776
	2336 3776
	2336 3808
	0 3808
4
	3296 3776
	3776 3776
	3776 3808
	3296 3808
4
	4480 3776
	5024 3776
	5024 3808
	4480 3808
4
	5536 3776
	6176 3776
	6176 3808
	5536 3808
4
	7136 3776
	7552 3776
	7552 3808
	7136 3808
4
	7776 3776
	8256 3776
	8256 3808
	7776 3808
4
	0 3808
	2304 3808
	2304 3840
	0 3840
4
	3296 3808
	3776 3808
	3776 3840
	3296 3840
4
	4448 3808
	5024 3808
	5024 3840
	4448 3840
4
	5600 3808
	6240 3808
	6240 3840
	5600 3840
4
	7104 3808
	7520 3808
	7520 3840
	7104 3840
4
	7776 3808
	8256 3808
	8256 3840
	7776 3840
4
	0 3840
	2304 3840
	2304 3872
	0 3872
4
	3296 3840
	3808 3840
	3808 3872
	3296 3872
4
	4448 3840
	5024 3840
	5024 3872
	4448 3872
4
	5632 3840
	6304 3840
	6304 3872
	5632 3872
4
	7072 3840
	7456 3840
	7456 3872
	7072 3872
4
	7776 3840
	8256 3840
	8256 3872
	7776 3872
4
	0 3872
	2272 3872
	2272 3904
	0 3904
4
	3264 3872
	3840 3872
	3840 3904
	3264 3904
4
	4416 3872
	5024 3872
	5024 3904
	4416 3904
4
	5664 3872
	6368 3872
	6368 3904
	5664 3904
4
	7040 3872
	7424 3872
	7424 3904
	7040 3904
4
	7776 3872
	8256 3872
	8256 3904
	7776 3904
4
	0 3904
	2272 3904
	2272 3936
	0 3936
4
	3200 3904
	3872 3904
	3872 3936
	3200 3936
4
	4384 3904
	5024 3904
	5024 3936
	4384 3936
4
	5728 3904
	6464 3904
	6464 3936
	5728 3936
4
	7008 3904
	7392 3904
	7392 3936
	7008 3936
4
	7776 3904
	8256 3904
	8256 3936
	7776 3936
4
	0 3936
	2240 3936
	2240 3968
	0 3968
4
	3136 3936
	3936 3936
	3936 3968
	3136 3968
4
	4064 3936
	4128 3936
	4128 3968
	4064 3968
4
	4320 3936
	5024 3936
	5024 3968
	4320 3968
4
	5760 3936
	6560 3936
	6560 3968
	5760 3968
4
	6944 3936
	7328 3936
	7328 3968
	6944 3968
4
	7776 3936
	8256 3936
	8256 3968
	7776 3968
4
	0 3968
	2240 3968
	2240 4000
	0 4000
4
	3072 3968
	4000 3968
	4000 4000
	3072 4000
4
	4032 3968
	4128 3968
	4128 4000
	4032 4000
4
	4288 3968
	5024 3968
	5024 4000
	4288 4000
4
	5824 3968
	7264 3968
	7264 4000
	5824 4000
4
	7776 3968
	8256 3968
	8256 4000
	7776 4000
4
	0 4000
	2240 4000
	2240 4032
	0 4032
4
	3040 4000
	4096 4000
	4096 4032
	3040 4032
4
	4224 4000
	5024 4000
	5024 4032
	4224 4032
4
	5856 4000
	7232 4000
	7232 4032
	5856 4032
4
	7776 4000
	8256 4000
	8256 4032
	7776 4032
4
	0 4032
	2208 4032
	2208 4064
	0 4064
4
	2976 4032
	5056 4032
	5056 4064
	2976 4064
4
	5888 4032
	7168 4032
	7168 4064
	5888 4064
4
	7776 4032
	8256 4032
	8256 4064
	7776 4064
4
	0 4064
	2208 4064
	2208 4096
	0 4096
4
	2944 4064
	5056 4064
	5056 4096
	2944 4096
4
	5952 4064
	7136 4064
	7136 4096
	5952 4096
4
	7776 4064
	8256 4064
	8256 4096
	7776 4096
4
	0 4096
	2176 4096
	2176 4128
	0 4128
4
	2880 4096
	5056 4096
	5056 4128
	2880 4128
4
	5952 4096
	7040 4096
	7040 4128
	5952 4128
4
	7776 4096
	8256 4096
	8256 4128
	7776 4128
4
	0 4128
	2176 4128
	2176 4160
	0 4160
4
	2848 4128
	5024 4128
	5024 4160
	2848 4160
4
	5952 4128
	6976 4128
	6976 4160
	5952 4160
4
	7776 4128
	8256 4128
	8256 4160
	7776 4160
4
	0 4160
	2144 4160
	2144 4192
	0 4192
4
	2848 4160
	4992 4160
	4992 4192
	2848 4192
4
	5952 4160
	6880 4160
	6880 4192
	5952 4192
4
	7744 4160
	8256 4160
	8256 4192
	7744 4192
4
	0 4192
	2144 4192
	2144 4224
	0 4224
4
	2816 4192
	4992 4192
	4992 4224
	2816 4224
4
	5952 4192
	6592 4192
	6592 4224
	5952 4224
4
	7744 4192
	8256 4192
	8256 4224
	7744 4224
4
	0 4224
	2112 4224
	2112 4256
	0 4256
4
	2816 4224
	4992 4224
	4992 4256
	2816 4256
4
	5984 4224
	6560 4224
	6560 4256
	5984 4256
4
	7744 4224
	8256 4224
	8256 4256
	7744 4256
4
	0 4256
	2112 4256
	2112 4288
	0 4288
4
	2784 4256
	4960 4256
	4960 4288
	2784 4288
4
	6016 4256
	6496 4256
	6496 4288
	6016 4288
4
	7744 4256
	8256 4256
	8256 4288
	7744 4288
4
	0 4288
	2112 4288
	2112 4320
	0 4320
4
	2784 4288
	4960 4288
	4960 4320
	2784 4320
4
	6048 4288
	6432 4288
	6432 4320
	6048 4320
4
	7744 4288
	8256 4288
	8256 4320
	7744 4320
4
	0 4320
	2112 4320
	2112 4352
	0 4352
4
	2784 4320
	4928 4320
	4928 4352
	2784 4352
4
	6208 4320
	6400 4320
	6400 4352
	6208 4352
4
	7712 4320
	8256 4320
	8256 4352
	7712 4352
4
	0 4352
	2112 4352
	2112 4384
	0 4384
4
	2784 4352
	4928 4352
	4928 4384
	2784 4384
4
	7712 4352
	8256 4352
	8256 4384
	7712 4384
4
	0 4384
	2080 4384
	2080 4416
	0 4416
4
	2784 4384
	4896 4384
	4896 4416
	2784 4416
4
	7712 4384
	8256 4384
	8256 4416
	7712 4416
4
	0 4416
	2080 4416
	2080 4448
	0 4448
4
	2816 4416
	4896 4416
	4896 4448
	2816 4448
4
	7712 4416
	8256 4416
	8256 4448
	7712 4448
4
	0 4448
	2080 4448
	2080 4480
	0 4480
4
	2816 4448
	4832 4448
	4832 4480
	2816 4480
4
	7712 4448
	8256 4448
	8256 4480
	7712 4480
4
	0 4480
	2080 4480
	2080 4512
	0 4512
4
	2816 4480
	4576 4480
	4576 4512
	2816 4512
4
	7712 4480
	8256 4480
	8256 4512
	7712 4512
4
	0 4512
	2080 4512
	2080 4544
	0 4544
4
	2816 4512
	4544 4512
	4544 4544
	2816 4544
4
	7168 4512
	7520 4512
	7520 4544
	7168 4544
4
	7712 4512
	8256 4512
	8256 4544
	7712 4544
4
	0 4544
	2080 4544
	2080 4576
	0 4576
4
	2816 4544
	4512 4544
	4512 4576
	2816 4576
4
	7104 4544
	7520 4544
	7520 4576
	7104 4576
4
	7712 4544
	8256 4544
	8256 4576
	7712 4576
4
	0 4576
	2080 4576
	2080 4608
	0 4608
4
	2848 4576
	4480 4576
	4480 4608
	2848 4608
4
	6528 4576
	6560 4576
	6560 4608
	6528 4608
4
	7040 4576
	7552 4576
	7552 4608
	7040 4608
4
	7712 4576
	8256 4576
	8256 4608
	7712 4608
4
	0 4608
	2080 4608
	2080 4640
	0 4640
4
	2848 4608
	4416 4608
	4416 4640
	2848 4640
4
	6976 4608
	7552 4608
	7552 4640
	6976 4640
4
	7712 4608
	8256 4608
	8256 4640
	7712 4640
4
	0 4640
	2080 4640
	2080 4672
	0 4672
4
	2880 4640
	4320 4640
	4320 4672
	2880 4672
4
	6976 4640
	7584 4640
	7584 4672
	6976 4672
4
	7744 4640
	8256 4640
	8256 4672
	7744 4672
4
	0 4672
	2080 4672
	2080 4704
	0 4704
4
	2912 4672
	4224 4672
	4224 4704
	2912 4704
4
	5408 4672
	5696 4672
	5696 4704
	5408 4704
4
	6976 4672
	7584 4672
	7584 4704
	6976 4704
4
	7744 4672
	8256 4672
	8256 4704
	7744 4704
4
	0 4704
	2080 4704
	2080 4736
	0 4736
4
	2944 4704
	4032 4704
	4032 4736
	2944 4736
4
	5216 4704
	5792 4704
	5792 4736
	5216 4736
4
	6944 4704
	7584 4704
	7584 4736
	6944 4736
4
	7744 4704
	8256 4704
	8256 4736
	7744 4736
4
	0 4736
	2080 4736
	2080 4768
	0 4768
4
	2944 4736
	3232 4736
	3232 4768
	2944 4768
4
	5056 4736
	5856 4736
	5856 4768
	5056 4768
4
	6944 4736
	7584 4736
	7584 4768
	6944 4768
4
	7744 4736
	8256 4736
	8256 4768
	7744 4768
4
	0 4768
	2112 4768
	2112 4800
	0 4800
4
	2976 4768
	3168 4768
	3168 4800
	2976 4800
4
	4928 4768
	5856 4768
	5856 4800
	4928 4800
4
	6912 4768
	7584 4768
	7584 4800
	6912 4800
4
	7744 4768
	8256 4768
	8256 4800
	7744 4800
4
	0 4800
	2144 4800
	2144 4832
	0 4832
4
	4832 4800
	5888 4800
	5888 4832
	4832 4832
4
	6912 4800
	7584 4800
	7584 4832
	6912 4832
4
	7744 4800
	8256 4800
	8256 4832
	7744 4832
4
	0 4832
	2144 4832
	2144 4864
	0 4864
4
	4736 4832
	5920 4832
	5920 4864
	4736 4864
4
	6912 4832
	7584 4832
	7584 4864
	6912 4864
4
	7744 4832
	8256 4832
	8256 4864
	7744 4864
4
	0 4864
	2144 4864
	2144 4896
	0 4896
4
	4640 4864
	5920 4864
	5920 4896
	4640 4896
4
	6848 4864
	7552 4864
	7552 4896
	6848 4896
4
	7744 4864
	8256 4864
	8256 4896
	7744 4896
4
	0 4896
	2112 4896
	2112 4928
	0 4928
4
	4608 4896
	5408 4896
	5408 4928
	4608 4928
4
	5600 4896
	5952 4896
	5952 4928
	5600 4928
4
	6752 4896
	7552 4896
	7552 4928
	6752 4928
4
	7744 4896
	8256 4896
	8256 4928
	7744 4928
4
	0 4928
	2112 4928
	2112 4960
	0 4960
4
	4576 4928
	5344 4928
	5344 4960
	4576 4960
4
	5632 4928
	5952 4928
	5952 4960
	5632 4960
4
	6688 4928
	7552 4928
	7552 4960
	6688 4960
4
	7744 4928
	8256 4928
	8256 4960
	7744 4960
4
	0 4960
	2112 4960
	2112 4992
	0 4992
4
	4544 4960
	5344 4960
	5344 4992
	4544 4992
4
	5632 4960
	5952 4960
	5952 4992
	5632 4992
4
	6624 4960
	7552 4960
	7552 4992
	6624 4992
4
	7712 4960
	8256 4960
	8256 4992
	7712 4992
4
	0 4992
	2112 4992
	2112 5024
	0 5024
4
	4512 4992
	5344 4992
	5344 5024
	4512 5024
4
	5664 4992
	5952 4992
	5952 5024
	5664 5024
4
	6592 4992
	7552 4992
	7552 5024
	6592 5024
4
	7712 4992
	8256 4992
	8256 5024
	7712 5024
4
	0 5024
	2112 5024
	2112 5056
	0 5056
4
	4512 5024
	5344 5024
	5344 5056
	4512 5056
4
	5696 5024
	5952 5024
	5952 5056
	5696 5056
4
	6560 5024
	7520 5024
	7520 5056
	6560 5056
4
	7712 5024
	8256 5024
	8256 5056
	7712 5056
4
	0 5056
	2112 5056
	2112 5088
	0 5088
4
	4128 5056
	4192 5056
	4192 5088
	4128 5088
4
	4416 5056
	5408 5056
	5408 5088
	4416 5088
4
	5696 5056
	5984 5056
	5984 5088
	5696 5088
4
	6528 5056
	7488 5056
	7488 5088
	6528 5088
4
	7712 5056
	8256 5056
	8256 5088
	7712 5088
4
	0 5088
	2112 5088
	2112 5120
	0 5120
4
	3168 5088
	3456 5088
	3456 5120
	3168 5120
4
	4032 5088
	4256 5088
	4256 5120
	4032 5120
4
	4320 5088
	5408 5088
	5408 5120
	4320 5120
4
	5696 5088
	6016 5088
	6016 5120
	5696 5120
4
	6496 5088
	7456 5088
	7456 5120
	6496 5120
4
	7712 5088
	8256 5088
	8256 5120
	7712 5120
4
	0 5120
	2112 5120
	2112 5152
	0 5152
4
	3136 5120
	3584 5120
	3584 5152
	3136 5152
4
	3808 5120
	5440 5120
	5440 5152
	3808 5152
4
	5728 5120
	6048 5120
	6048 5152
	5728 5152
4
	6464 5120
	7456 5120
	7456 5152
	6464 5152
4
	7680 5120
	8256 5120
	8256 5152
	7680 5152
4
	0 5152
	2144 5152
	2144 5184
	0 5184
4
	3104 5152
	5440 5152
	5440 5184
	3104 5184
4
	5760 5152
	6080 5152
	6080 5184
	5760 5184
4
	6464 5152
	7424 5152
	7424 5184
	6464 5184
4
	7648 5152
	8256 5152
	8256 5184
	7648 5184
4
	0 5184
	2144 5184
	2144 5216
	0 5216
4
	3072 5184
	5472 5184
	5472 5216
	3072 5216
4
	5792 5184
	6112 5184
	6112 5216
	5792 5216
4
	6432 5184
	7392 5184
	7392 5216
	6432 5216
4
	7616 5184
	8256 5184
	8256 5216
	7616 5216
4
	0 5216
	2144 5216
	2144 5248
	0 5248
4
	3040 5216
	5472 5216
	5472 5248
	3040 5248
4
	5824 5216
	6176 5216
	6176 5248
	5824 5248
4
	6400 5216
	7360 5216
	7360 5248
	6400 5248
4
	7584 5216
	8256 5216
	8256 5248
	7584 5248
4
	0 5248
	2144 5248
	2144 5280
	0 5280
4
	3008 5248
	5504 5248
	5504 5280
	3008 5280
4
	5856 5248
	6208 5248
	6208 5280
	5856 5280
4
	6400 5248
	7232 5248
	7232 5280
	6400 5280
4
	7584 5248
	8256 5248
	8256 5280
	7584 5280
4
	0 5280
	2176 5280
	2176 5312
	0 5312
4
	2976 5280
	5504 5280
	5504 5312
	2976 5312
4
	5888 5280
	6784 5280
	6784 5312
	5888 5312
4
	7552 5280
	8256 5280
	8256 5312
	7552 5312
4
	0 5312
	2176 5312
	2176 5344
	0 5344
4
	2944 5312
	5504 5312
	5504 5344
	2944 5344
4
	5920 5312
	6720 5312
	6720 5344
	5920 5344
4
	7520 5312
	8256 5312
	8256 5344
	7520 5344
4
	0 5344
	2176 5344
	2176 5376
	0 5376
4
	2880 5344
	5504 5344
	5504 5376
	2880 5376
4
	5984 5344
	6624 5344
	6624 5376
	5984 5376
4
	7488 5344
	8256 5344
	8256 5376
	7488 5376
4
	0 5376
	2176 5376
	2176 5408
	0 5408
4
	2848 5376
	5536 5376
	5536 5408
	2848 5408
4
	6016 5376
	6560 5376
	6560 5408
	6016 5408
4
	7456 5376
	8256 5376
	8256 5408
	7456 5408
4
	0 5408
	2176 5408
	2176 5440
	0 5440
4
	2816 5408
	5536 5408
	5536 5440
	2816 5440
4
	6080 5408
	6464 5408
	6464 5440
	6080 5440
4
	7392 5408
	8256 5408
	8256 5440
	7392 5440
4
	0 5440
	2112 5440
	2112 5472
	0 5472
4
	2784 5440
	5568 5440
	5568 5472
	2784 5472
4
	6112 5440
	6240 5440
	6240 5472
	6112 5472
4
	7296 5440
	8256 5440
	8256 5472
	7296 5472
4
	0 5472
	2080 5472
	2080 5504
	0 5504
4
	2752 5472
	5568 5472
	5568 5504
	2752 5504
4
	6848 5472
	8256 5472
	8256 5504
	6848 5504
4
	0 5504
	2016 5504
	2016 5536
	0 5536
4
	2720 5504
	5600 5504
	5600 5536
	2720 5536
4
	6720 5504
	8256 5504
	8256 5536
	6720 5536
4
	0 5536
	1984 5536
	1984 5568
	0 5568
4
	2688 5536
	5600 5536
	5600 5568
	2688 5568
4
	6688 5536
	8256 5536
	8256 5568
	6688 5568
4
	0 5568
	1952 5568
	1952 5600
	0 5600
4
	2656 5568
	5600 5568
	5600 5600
	2656 5600
4
	6656 5568
	8256 5568
	8256 5600
	6656 5600
4
	0 5600
	1888 5600
	1888 5632
	0 5632
4
	2624 5600
	5600 5600
	5600 5632
	2624 5632
4
	6592 5600
	8256 5600
	8256 5632
	6592 5632
4
	0 5632
	1888 5632
	1888 5664
	0 5664
4
	2592 5632
	5664 5632
	5664 5664
	2592 5664
4
	6496 5632
	8256 5632
	8256 5664
	6496 5664
4
	0 5664
	1824 5664
	1824 5696
	0 5696
4
	2560 5664
	5728 5664
	5728 5696
	2560 5696
4
	6080 5664
	8256 5664
	8256 5696
	6080 5696
4
	0 5696
	1792 5696
	1792 5728
	0 5728
4
	2528 5696
	5824 5696
	5824 5728
	2528 5728
4
	5952 5696
	8256 5696
	8256 5728
	5952 5728
4
	0 5728
	1760 5728
	1760 5760
	0 5760
4
	2496 5728
	8256 5728
	8256 5760
	2496 5760
4
	0 5760
	1760 5760
	1760 5792
	0 5792
4
	2464 5760
	8256 5760
	8256 5792
	2464 5792
4
	0 5792
	1728 5792
	1728 5824
	0 5824
4
	2464 5792
	8256 5792
	8256 5824
	2464 5824
4
	0 5824
	1728 5824
	1728 5856
	0 5856
4
	2432 5824
	8256 5824
	8256 5856
	2432 5856
4
	0 5856
	1728 5856
	1728 5888
	0 5888
4
	2400 5856
	8256 5856
	8256 5888
	2400 5888
4
	0 5888
	1728 5888
	1728 5920
	0 5920
4
	2368 5888
	8256 5888
	8256 5920
	2368 5920
4
	0 5920
	1728 5920
	1728 5952
	0 5952
4
	2336 5920
	8256 5920
	8256 5952
	2336 5952
4
	0 5952
	1728 5952
	1728 5984
	0 5984
4
	2304 5952
	8256 5952
	8256 5984
	2304 5984
4
	0 5984
	1728 5984
	1728 6016
	0 6016
4
	2272 5984
	8256 5984
	8256 6016
	2272 6016
4
	0 6016
	1728 6016
	1728 6048
	0 6048
4
	2240 6016
	8256 6016
	8256 6048
	2240 6048
4
	0 6048
	1728 6048
	1728 6080
	0 6080
4
	2208 6048
	8256 6048
	8256 6080
	2208 6080
4
	0 6080
	1728 6080
	1728 6112
	0 6112
4
	2176 6080
	8256 6080
	8256 6112
	2176 6112
4
	0 6112
	1728 6112
	1728 6144
	0 6144
4
	2144 6112
	8256 6112
	8256 6144
	2144 6144
4
	0 6144
	1696 6144
	1696 6176
	0 6176
4
	2112 6144
	8256 6144
	8256 6176
	2112 6176
4
	0 6176
	1696 6176
	1696 6208
	0 6208
4
	2112 6176
	8256 6176
	8256 6208
	2112 6208
4
	0 6208
	1696 6208
	1696 6240
	0 6240
4
	2080 6208
	8256 6208
	8256 6240
	2080 6240
4
	0 6240
	1696 6240
	1696 6272
	0 6272
4
	2048 6240
	8256 6240
	8256 6272
	2048 6272
4
	0 6272
	1696 6272
	1696 6304
	0 6304
4
	2016 6272
	8256 6272
	8256 6304
	2016 6304
4
	0 6304
	1664 6304
	1664 6336
	0 6336
4
	2016 6304
	8256 6304
	8256 6336
	2016 6336
4
	0 6336
	1632 6336
	1632 6368
	0 6368
4
	1984 6336
	8256 6336
	8256 6368
	1984 6368
4
	0 6368
	1600 6368
	1600 6400
	0 6400
4
	1952 6368
	8256 6368
	8256 6400
	1952 6400
4
	0 6400
	1568 6400
	1568 6432
	0 6432
4
	1952 6400
	8256 6400
	8256 6432
	1952 6432
4
	0 6432
	1536 6432
	1536 6464
	0 6464
4
	1952 6432
	8256 6432
	8256 6464
	1952 6464
4
	0 6464
	1504 6464
	1504 6496
	0 6496
4
	1920 6464
	8256 6464
	8256 6496
	1920 6496
4
	0 6496
	1504 6496
	1504 6528
	0 6528
4
	1920 6496
	8256 6496
	8256 6528
	1920 6528
4
	0 6528
	1472 6528
	1472 6560
	0 6560
4
	1888 6528
	8256 6528
	8256 6560
	1888 6560
4
	0 6560
	1440 6560
	1440 6592
	0 6592
4
	1888 6560
	8256 6560
	8256 6592
	1888 6592
4
	0 6592
	1408 6592
	1408 6624
	0 6624
4
	1856 6592
	8256 6592
	8256 6624
	1856 6624
4
	0 6624
	1408 6624
	1408 6656
	0 6656
4
	1856 6624
	8256 6624
	8256 6656
	1856 6656
4
	0 6656
	1376 6656
	1376 6688
	0 6688
4
	1824 6656
	8256 6656
	8256 6688
	1824 6688
4
	0 6688
	1344 6688
	1344 6720
	0 6720
4
	1824 6688
	8256 6688
	8256 6720
	1824 6720
4
	0 6720
	1312 6720
	1312 6752
	0 6752
4
	1792 6720
	8256 6720
	8256 6752
	1792 6752
4
	0 6752
	1280 6752
	1280 6784
	0 6784
4
	1760 6752
	8256 6752
	8256 6784
	1760 6784
4
	0 6784
	1248 6784
	1248 6816
	0 6816
4
	1728 6784
	8256 6784
	8256 6816
	1728 6816
4
	0 6816
	1184 6816
	1184 6848
	0 6848
4
	1728 6816
	8256 6816
	8256 6848
	1728 6848
4
	0 6848
	1152 6848
	1152 6880
	0 6880
4
	1696 6848
	8256 6848
	8256 6880
	1696 6880
4
	0 6880
	1120 6880
	1120 6912
	0 6912
4
	1664 6880
	8256 6880
	8256 6912
	1664 6912
4
	0 6912
	1088 6912
	1088 6944
	0 6944
4
	1632 6912
	8256 6912
	8256 6944
	1632 6944
4
	0 6944
	1056 6944
	1056 6976
	0 6976
4
	1632 6944
	8256 6944
	8256 6976
	1632 6976
4
	0 6976
	992 6976
	992 7008
	0 7008
4
	1600 6976
	8256 6976
	8256 7008
	1600 7008
4
	0 7008
	960 7008
	960 7040
	0 7040
4
	1568 7008
	8256 7008
	8256 7040
	1568 7040
4
	0 7040
	928 7040
	928 7072
	0 7072
4
	1536 7040
	8256 7040
	8256 7072
	1536 7072
4
	0 7072
	896 7072
	896 7104
	0 7104
4
	1536 7072
	8256 7072
	8256 7104
	1536 7104
4
	0 7104
	864 7104
	864 7136
	0 7136
4
	1504 7104
	8256 7104
	8256 7136
	1504 7136
4
	0 7136
	832 7136
	832 7168
	0 7168
4
	1472 7136
	8256 7136
	8256 7168
	1472 7168
4
	0 7168
	768 7168
	768 7200
	0 7200
4
	1440 7168
	8256 7168
	8256 7200
	1440 7200
4
	0 7200
	736 7200
	736 7232
	0 7232
4
	1408 7200
	8256 7200
	8256 7232
	1408 7232
4
	0 7232
	704 7232
	704 7264
	0 7264
4
	1376 7232
	8256 7232
	8256 7264
	1376 7264
4
	0 7264
	672 7264
	672 7296
	0 7296
4
	1312 7264
	8256 7264
	8256 7296
	1312 7296
4
	0 7296
	640 7296
	640 7328
	0 7328
4
	1280 7296
	8256 7296
	8256 7328
	1280 7328
4
	0 7328
	608 7328
	608 7360
	0 7360
4
	1216 7328
	8256 7328
	8256 7360
	1216 7360
4
	0 7360
	576 7360
	576 7392
	0 7392
4
	1152 7360
	8256 7360
	8256 7392
	1152 7392
4
	0 7392
	544 7392
	544 7424
	0 7424
4
	1088 7392
	8256 7392
	8256 7424
	1088 7424
4
	0 7424
	512 7424
	512 7456
	0 7456
4
	1024 7424
	8256 7424
	8256 7456
	1024 7456
4
	0 7456
	448 7456
	448 7488
	0 7488
4
	960 7456
	8256 7456
	8256 7488
	960 7488
4
	0 7488
	352 7488
	352 7520
	0 7520
4
	928 7488
	8256 7488
	8256 7520
	928 7520
4
	0 7520
	64 7520
	64 7552
	0 7552
4
	896 7520
	8256 7520
	8256 7552
	896 7552
4
	0 7552
	64 7552
	64 7584
	0 7584
4
	832 7552
	8256 7552
	8256 7584
	832 7584
4
	0 7584
	64 7584
	64 7616
	0 7616
4
	800 7584
	8256 7584
	8256 7616
	800 7616
4
	0 7616
	64 7616
	64 7648
	0 7648
4
	544 7616
	8256 7616
	8256 7648
	544 7648
4
	0 7648
	64 7648
	64 7680
	0 7680
4
	448 7648
	8256 7648
	8256 7680
	448 7680
4
	0 7680
	64 7680
	64 7712
	0 7712
4
	320 7680
	8256 7680
	8256 7712
	320 7712
4
	0 7712
	64 7712
	64 7744
	0 7744
4
	192 7712
	8256 7712
	8256 7744
	192 7744
4
	0 7744
	8256 7744
	8256 7776
	0 7776
4
	0 7776
	8256 7776
	8256 7808
	0 7808
4
	0 7808
	8256 7808
	8256 7840
	0 7840
4
	0 7840
	8256 7840
	8256 7872
	0 7872
4
	0 7872
	8256 7872
	8256 7904
	0 7904
4
	0 7904
	8256 7904
	8256 7936
	0 7936
4
	0 7936
	8256 7936
	8256 7968
	0 7968
4
	0 7968
	8256 7968
	8256 8000
	0 8000
4
	0 8000
	8256 8000
	8256 8032
	0 8032
4
	0 8032
	8256 8032
	8256 8064
	0 8064
4
	-32 -32
	8288 -32
	8288 0
	-32 0
4
	-32 8064
	8288 8064
	8288 8096
	-32 8096
4
	-32 0
	0 0
	0 8064
	-32 8064
4
	8256 0
	8288 0
	8288 8064
	8256 8064
