72
4
	0 0
	800 0
	800 32
	0 32
4
	0 32
	800 32
	800 64
	0 64
4
	0 64
	544 64
	544 96
	0 96
4
	608 64
	800 64
	800 96
	608 96
4
	0 96
	544 96
	544 128
	0 128
4
	576 96
	800 96
	800 128
	576 128
4
	0 128
	544 128
	544 160
	0 160
4
	576 128
	800 128
	800 160
	576 160
4
	0 160
	544 160
	544 192
	0 192
4
	608 160
	800 160
	800 192
	608 192
4
	0 192
	544 192
	544 224
	0 224
4
	640 192
	704 192
	704 224
	640 224
4
	768 192
	800 192
	800 224
	768 224
4
	0 224
	288 224
	288 256
	0 256
4
	320 224
	544 224
	544 256
	320 256
4
	768 224
	800 224
	800 256
	768 256
4
	0 256
	288 256
	288 288
	0 288
4
	768 256
	800 256
	800 288
	768 288
4
	0 288
	288 288
	288 320
	0 320
4
	704 288
	800 288
	800 320
	704 320
4
	0 320
	288 320
	288 352
	0 352
4
	704 320
	800 320
	800 352
	704 352
4
	0 352
	288 352
	288 384
	0 384
4
	704 352
	800 352
	800 384
	704 384
4
	0 384
	320 384
	320 416
	0 416
4
	704 384
	800 384
	800 416
	704 416
4
	0 416
	320 416
	320 448
	0 448
4
	736 416
	800 416
	800 448
	736 448
4
	0 448
	160 448
	160 480
	0 480
4
	736 448
	800 448
	800 480
	736 480
4
	0 480
	192 480
	192 512
	0 512
4
	736 480
	800 480
	800 512
	736 512
4
	0 512
	192 512
	192 544
	0 544
4
	0 544
	192 544
	192 576
	0 576
4
	0 576
	192 576
	192 608
	0 608
4
	736 576
	800 576
	800 608
	736 608
4
	0 608
	256 608
	256 640
	0 640
4
	448 608
	576 608
	576 640
	448 640
4
	736 608
	800 608
	800 640
	736 640
4
	0 640
	320 640
	320 672
	0 672
4
	448 640
	576 640
	576 672
	448 672
4
	736 640
	800 640
	800 672
	736 672
4
	0 672
	320 672
	320 704
	0 704
4
	448 672
	576 672
	576 704
	448 704
4
	768 672
	800 672
	800 704
	768 704
4
	0 704
	352 704
	352 736
	0 736
4
	480 704
	576 704
	576 736
	480 736
4
	768 704
	800 704
	800 736
	768 736
4
	0 736
	352 736
	352 768
	0 768
4
	768 736
	800 736
	800 768
	768 768
4
	0 768
	352 768
	352 800
	0 800
4
	768 768
	800 768
	800 800
	768 800
4
	0 800
	352 800
	352 832
	0 832
4
	768 800
	800 800
	800 832
	768 832
4
	0 832
	352 832
	352 864
	0 864
4
	768 832
	800 832
	800 864
	768 864
4
	0 864
	352 864
	352 896
	0 896
4
	768 864
	800 864
	800 896
	768 896
4
	0 896
	320 896
	320 928
	0 928
4
	736 896
	800 896
	800 928
	736 928
4
	0 928
	320 928
	320 960
	0 960
4
	736 928
	800 928
	800 960
	736 960
4
	0 960
	352 960
	352 992
	0 992
4
	768 960
	800 960
	800 992
	768 992
4
	0 992
	384 992
	384 1024
	0 1024
4
	416 992
	704 992
	704 1024
	416 1024
4
	768 992
	800 992
	800 1024
	768 1024
4
	0 1024
	800 1024
	800 1056
	0 1056
4
	-32 -32
	832 -32
	832 0
	-32 0
4
	-32 1056
	832 1056
	832 1088
	-32 1088
4
	-32 0
	0 0
	0 1056
	-32 1056
4
	800 0
	832 0
	832 1056
	800 1056
