107
4
	0 0
	1472 0
	1472 32
	0 32
4
	0 32
	1472 32
	1472 64
	0 64
4
	0 64
	1472 64
	1472 96
	0 96
4
	0 96
	288 96
	288 128
	0 128
4
	416 96
	1472 96
	1472 128
	416 128
4
	0 128
	288 128
	288 160
	0 160
4
	416 128
	480 128
	480 160
	416 160
4
	512 128
	1472 128
	1472 160
	512 160
4
	0 160
	256 160
	256 192
	0 192
4
	544 160
	1472 160
	1472 192
	544 192
4
	0 192
	256 192
	256 224
	0 224
4
	544 192
	1472 192
	1472 224
	544 224
4
	0 224
	224 224
	224 256
	0 256
4
	544 224
	1472 224
	1472 256
	544 256
4
	0 256
	224 256
	224 288
	0 288
4
	512 256
	1472 256
	1472 288
	512 288
4
	0 288
	224 288
	224 320
	0 320
4
	512 288
	1472 288
	1472 320
	512 320
4
	0 320
	416 320
	416 352
	0 352
4
	512 320
	1472 320
	1472 352
	512 352
4
	0 352
	416 352
	416 384
	0 384
4
	544 352
	1472 352
	1472 384
	544 384
4
	0 384
	416 384
	416 416
	0 416
4
	544 384
	1472 384
	1472 416
	544 416
4
	0 416
	416 416
	416 448
	0 448
4
	544 416
	1472 416
	1472 448
	544 448
4
	0 448
	416 448
	416 480
	0 480
4
	544 448
	1472 448
	1472 480
	544 480
4
	0 480
	192 480
	192 512
	0 512
4
	576 480
	800 480
	800 512
	576 512
4
	1056 480
	1472 480
	1472 512
	1056 512
4
	0 512
	128 512
	128 544
	0 544
4
	608 512
	800 512
	800 544
	608 544
4
	1056 512
	1216 512
	1216 544
	1056 544
4
	1280 512
	1472 512
	1472 544
	1280 544
4
	0 544
	160 544
	160 576
	0 576
4
	1312 544
	1472 544
	1472 576
	1312 576
4
	0 576
	160 576
	160 608
	0 608
4
	1344 576
	1472 576
	1472 608
	1344 608
4
	0 608
	192 608
	192 640
	0 640
4
	1312 608
	1472 608
	1472 640
	1312 640
4
	0 640
	192 640
	192 672
	0 672
4
	1312 640
	1472 640
	1472 672
	1312 672
4
	0 672
	192 672
	192 704
	0 704
4
	800 672
	1088 672
	1088 704
	800 704
4
	1312 672
	1472 672
	1472 704
	1312 704
4
	0 704
	192 704
	192 736
	0 736
4
	800 704
	1088 704
	1088 736
	800 736
4
	1312 704
	1472 704
	1472 736
	1312 736
4
	0 736
	160 736
	160 768
	0 768
4
	800 736
	1088 736
	1088 768
	800 768
4
	1312 736
	1472 736
	1472 768
	1312 768
4
	0 768
	160 768
	160 800
	0 800
4
	800 768
	1088 768
	1088 800
	800 800
4
	1312 768
	1472 768
	1472 800
	1312 800
4
	0 800
	160 800
	160 832
	0 832
4
	800 800
	1088 800
	1088 832
	800 832
4
	1312 800
	1472 800
	1472 832
	1312 832
4
	0 832
	96 832
	96 864
	0 864
4
	1312 832
	1472 832
	1472 864
	1312 864
4
	0 864
	96 864
	96 896
	0 896
4
	1312 864
	1472 864
	1472 896
	1312 896
4
	0 896
	96 896
	96 928
	0 928
4
	1312 896
	1472 896
	1472 928
	1312 928
4
	0 928
	96 928
	96 960
	0 960
4
	704 928
	1248 928
	1248 960
	704 960
4
	1280 928
	1472 928
	1472 960
	1280 960
4
	0 960
	128 960
	128 992
	0 992
4
	608 960
	1472 960
	1472 992
	608 992
4
	0 992
	160 992
	160 1024
	0 1024
4
	544 992
	1472 992
	1472 1024
	544 1024
4
	0 1024
	192 1024
	192 1056
	0 1056
4
	512 1024
	1472 1024
	1472 1056
	512 1056
4
	0 1056
	192 1056
	192 1088
	0 1088
4
	512 1056
	1472 1056
	1472 1088
	512 1088
4
	0 1088
	192 1088
	192 1120
	0 1120
4
	512 1088
	1472 1088
	1472 1120
	512 1120
4
	0 1120
	128 1120
	128 1152
	0 1152
4
	576 1120
	1472 1120
	1472 1152
	576 1152
4
	0 1152
	128 1152
	128 1184
	0 1184
4
	576 1152
	1472 1152
	1472 1184
	576 1184
4
	0 1184
	128 1184
	128 1216
	0 1216
4
	576 1184
	1472 1184
	1472 1216
	576 1216
4
	0 1216
	128 1216
	128 1248
	0 1248
4
	576 1216
	1472 1216
	1472 1248
	576 1248
4
	0 1248
	128 1248
	128 1280
	0 1280
4
	576 1248
	1472 1248
	1472 1280
	576 1280
4
	0 1280
	128 1280
	128 1312
	0 1312
4
	576 1280
	1472 1280
	1472 1312
	576 1312
4
	0 1312
	128 1312
	128 1344
	0 1344
4
	576 1312
	1472 1312
	1472 1344
	576 1344
4
	0 1344
	128 1344
	128 1376
	0 1376
4
	576 1344
	1472 1344
	1472 1376
	576 1376
4
	0 1376
	128 1376
	128 1408
	0 1408
4
	576 1376
	1472 1376
	1472 1408
	576 1408
4
	0 1408
	128 1408
	128 1440
	0 1440
4
	576 1408
	1472 1408
	1472 1440
	576 1440
4
	0 1440
	128 1440
	128 1472
	0 1472
4
	192 1440
	288 1440
	288 1472
	192 1472
4
	416 1440
	512 1440
	512 1472
	416 1472
4
	576 1440
	1472 1440
	1472 1472
	576 1472
4
	0 1472
	288 1472
	288 1504
	0 1504
4
	416 1472
	1472 1472
	1472 1504
	416 1504
4
	-32 -32
	1504 -32
	1504 0
	-32 0
4
	-32 1504
	1504 1504
	1504 1536
	-32 1536
4
	-32 0
	0 0
	0 1504
	-32 1504
4
	1472 0
	1504 0
	1504 1504
	1472 1504
