66
4
	0 0
	608 0
	608 32
	0 32
4
	0 32
	608 32
	608 64
	0 64
4
	0 64
	608 64
	608 96
	0 96
4
	0 96
	608 96
	608 128
	0 128
4
	0 128
	608 128
	608 160
	0 160
4
	0 160
	608 160
	608 192
	0 192
4
	0 192
	608 192
	608 224
	0 224
4
	0 224
	608 224
	608 256
	0 256
4
	0 256
	448 256
	448 288
	0 288
4
	512 256
	608 256
	608 288
	512 288
4
	0 288
	448 288
	448 320
	0 320
4
	544 288
	608 288
	608 320
	544 320
4
	0 320
	448 320
	448 352
	0 352
4
	544 320
	608 320
	608 352
	544 352
4
	0 352
	448 352
	448 384
	0 384
4
	544 352
	608 352
	608 384
	544 384
4
	0 384
	192 384
	192 416
	0 416
4
	544 384
	608 384
	608 416
	544 416
4
	0 416
	192 416
	192 448
	0 448
4
	544 416
	608 416
	608 448
	544 448
4
	0 448
	160 448
	160 480
	0 480
4
	544 448
	608 448
	608 480
	544 480
4
	0 480
	160 480
	160 512
	0 512
4
	544 480
	608 480
	608 512
	544 512
4
	0 512
	96 512
	96 544
	0 544
4
	544 512
	608 512
	608 544
	544 544
4
	0 544
	96 544
	96 576
	0 576
4
	544 544
	608 544
	608 576
	544 576
4
	0 576
	96 576
	96 608
	0 608
4
	448 576
	608 576
	608 608
	448 608
4
	0 608
	96 608
	96 640
	0 640
4
	448 608
	608 608
	608 640
	448 640
4
	0 640
	96 640
	96 672
	0 672
4
	448 640
	608 640
	608 672
	448 672
4
	0 672
	96 672
	96 704
	0 704
4
	416 672
	608 672
	608 704
	416 704
4
	0 704
	64 704
	64 736
	0 736
4
	416 704
	608 704
	608 736
	416 736
4
	0 736
	64 736
	64 768
	0 768
4
	416 736
	608 736
	608 768
	416 768
4
	0 768
	64 768
	64 800
	0 800
4
	416 768
	608 768
	608 800
	416 800
4
	0 800
	64 800
	64 832
	0 832
4
	480 800
	608 800
	608 832
	480 832
4
	0 832
	160 832
	160 864
	0 864
4
	448 832
	608 832
	608 864
	448 864
4
	0 864
	160 864
	160 896
	0 896
4
	480 864
	608 864
	608 896
	480 896
4
	0 896
	160 896
	160 928
	0 928
4
	480 896
	608 896
	608 928
	480 928
4
	0 928
	160 928
	160 960
	0 960
4
	480 928
	608 928
	608 960
	480 960
4
	0 960
	160 960
	160 992
	0 992
4
	512 960
	608 960
	608 992
	512 992
4
	0 992
	192 992
	192 1024
	0 1024
4
	416 992
	608 992
	608 1024
	416 1024
4
	0 1024
	192 1024
	192 1056
	0 1056
4
	416 1024
	608 1024
	608 1056
	416 1056
4
	0 1056
	256 1056
	256 1088
	0 1088
4
	352 1056
	608 1056
	608 1088
	352 1088
4
	0 1088
	256 1088
	256 1120
	0 1120
4
	352 1088
	608 1088
	608 1120
	352 1120
4
	-32 -32
	640 -32
	640 0
	-32 0
4
	-32 1120
	640 1120
	640 1152
	-32 1152
4
	-32 0
	0 0
	0 1120
	-32 1120
4
	608 0
	640 0
	640 1120
	608 1120
