922
4
	0 0
	6208 0
	6208 32
	0 32
4
	0 32
	6208 32
	6208 64
	0 64
4
	0 64
	6208 64
	6208 96
	0 96
4
	0 96
	6208 96
	6208 128
	0 128
4
	0 128
	6208 128
	6208 160
	0 160
4
	0 160
	6208 160
	6208 192
	0 192
4
	0 192
	6208 192
	6208 224
	0 224
4
	0 224
	6208 224
	6208 256
	0 256
4
	0 256
	6208 256
	6208 288
	0 288
4
	0 288
	6208 288
	6208 320
	0 320
4
	0 320
	6208 320
	6208 352
	0 352
4
	0 352
	6208 352
	6208 384
	0 384
4
	0 384
	6208 384
	6208 416
	0 416
4
	0 416
	6208 416
	6208 448
	0 448
4
	0 448
	6208 448
	6208 480
	0 480
4
	0 480
	6208 480
	6208 512
	0 512
4
	0 512
	6208 512
	6208 544
	0 544
4
	0 544
	6208 544
	6208 576
	0 576
4
	0 576
	6208 576
	6208 608
	0 608
4
	0 608
	6208 608
	6208 640
	0 640
4
	0 640
	4608 640
	4608 672
	0 672
4
	4672 640
	6208 640
	6208 672
	4672 672
4
	0 672
	4608 672
	4608 704
	0 704
4
	4736 672
	6208 672
	6208 704
	4736 704
4
	0 704
	4608 704
	4608 736
	0 736
4
	4800 704
	6208 704
	6208 736
	4800 736
4
	0 736
	4576 736
	4576 768
	0 768
4
	4864 736
	6208 736
	6208 768
	4864 768
4
	0 768
	4608 768
	4608 800
	0 800
4
	4928 768
	6208 768
	6208 800
	4928 800
4
	0 800
	4640 800
	4640 832
	0 832
4
	4992 800
	5184 800
	5184 832
	4992 832
4
	5216 800
	6208 800
	6208 832
	5216 832
4
	0 832
	4640 832
	4640 864
	0 864
4
	5056 832
	5184 832
	5184 864
	5056 864
4
	5216 832
	6208 832
	6208 864
	5216 864
4
	0 864
	4608 864
	4608 896
	0 896
4
	5120 864
	5152 864
	5152 896
	5120 896
4
	5248 864
	5280 864
	5280 896
	5248 896
4
	5312 864
	6208 864
	6208 896
	5312 896
4
	0 896
	4608 896
	4608 928
	0 928
4
	5344 896
	6208 896
	6208 928
	5344 928
4
	0 928
	4576 928
	4576 960
	0 960
4
	5312 928
	6208 928
	6208 960
	5312 960
4
	0 960
	4544 960
	4544 992
	0 992
4
	5312 960
	6208 960
	6208 992
	5312 992
4
	0 992
	4544 992
	4544 1024
	0 1024
4
	5344 992
	6208 992
	6208 1024
	5344 1024
4
	0 1024
	4512 1024
	4512 1056
	0 1056
4
	5344 1024
	6208 1024
	6208 1056
	5344 1056
4
	0 1056
	4512 1056
	4512 1088
	0 1088
4
	4928 1056
	5120 1056
	5120 1088
	4928 1088
4
	5312 1056
	6208 1056
	6208 1088
	5312 1088
4
	0 1088
	4480 1088
	4480 1120
	0 1120
4
	4896 1088
	5152 1088
	5152 1120
	4896 1120
4
	5248 1088
	5280 1088
	5280 1120
	5248 1120
4
	5312 1088
	6208 1088
	6208 1120
	5312 1120
4
	0 1120
	4480 1120
	4480 1152
	0 1152
4
	4864 1120
	6208 1120
	6208 1152
	4864 1152
4
	0 1152
	4448 1152
	4448 1184
	0 1184
4
	4832 1152
	6208 1152
	6208 1184
	4832 1184
4
	0 1184
	4416 1184
	4416 1216
	0 1216
4
	4832 1184
	6208 1184
	6208 1216
	4832 1216
4
	0 1216
	4416 1216
	4416 1248
	0 1248
4
	4832 1216
	6208 1216
	6208 1248
	4832 1248
4
	0 1248
	4384 1248
	4384 1280
	0 1280
4
	4832 1248
	6208 1248
	6208 1280
	4832 1280
4
	0 1280
	4384 1280
	4384 1312
	0 1312
4
	4832 1280
	4896 1280
	4896 1312
	4832 1312
4
	4960 1280
	6208 1280
	6208 1312
	4960 1312
4
	0 1312
	4352 1312
	4352 1344
	0 1344
4
	4992 1312
	5472 1312
	5472 1344
	4992 1344
4
	5504 1312
	5568 1312
	5568 1344
	5504 1344
4
	5600 1312
	6208 1312
	6208 1344
	5600 1344
4
	0 1344
	4352 1344
	4352 1376
	0 1376
4
	4928 1344
	5440 1344
	5440 1376
	4928 1376
4
	5632 1344
	6208 1344
	6208 1376
	5632 1376
4
	0 1376
	4320 1376
	4320 1408
	0 1408
4
	4960 1376
	5376 1376
	5376 1408
	4960 1408
4
	5664 1376
	6208 1376
	6208 1408
	5664 1408
4
	0 1408
	4192 1408
	4192 1440
	0 1440
4
	4256 1408
	4288 1408
	4288 1440
	4256 1440
4
	4640 1408
	4768 1408
	4768 1440
	4640 1440
4
	4896 1408
	5312 1408
	5312 1440
	4896 1440
4
	5600 1408
	6208 1408
	6208 1440
	5600 1440
4
	0 1440
	4192 1440
	4192 1472
	0 1472
4
	4640 1440
	4832 1440
	4832 1472
	4640 1472
4
	4896 1440
	5248 1440
	5248 1472
	4896 1472
4
	5600 1440
	6208 1440
	6208 1472
	5600 1472
4
	0 1472
	4128 1472
	4128 1504
	0 1504
4
	4608 1472
	4832 1472
	4832 1504
	4608 1504
4
	4896 1472
	5216 1472
	5216 1504
	4896 1504
4
	5568 1472
	6208 1472
	6208 1504
	5568 1504
4
	0 1504
	4096 1504
	4096 1536
	0 1536
4
	4608 1504
	4800 1504
	4800 1536
	4608 1536
4
	4928 1504
	5152 1504
	5152 1536
	4928 1536
4
	5536 1504
	6208 1504
	6208 1536
	5536 1536
4
	0 1536
	4064 1536
	4064 1568
	0 1568
4
	4640 1536
	4800 1536
	4800 1568
	4640 1568
4
	4928 1536
	5088 1536
	5088 1568
	4928 1568
4
	5472 1536
	6208 1536
	6208 1568
	5472 1568
4
	0 1568
	4064 1568
	4064 1600
	0 1600
4
	4640 1568
	4736 1568
	4736 1600
	4640 1600
4
	4928 1568
	5024 1568
	5024 1600
	4928 1600
4
	5408 1568
	6208 1568
	6208 1600
	5408 1600
4
	0 1600
	4032 1600
	4032 1632
	0 1632
4
	4672 1600
	4736 1600
	4736 1632
	4672 1632
4
	5376 1600
	6208 1600
	6208 1632
	5376 1632
4
	0 1632
	4032 1632
	4032 1664
	0 1664
4
	5312 1632
	6208 1632
	6208 1664
	5312 1664
4
	0 1664
	4000 1664
	4000 1696
	0 1696
4
	5248 1664
	6208 1664
	6208 1696
	5248 1696
4
	0 1696
	3968 1696
	3968 1728
	0 1728
4
	5184 1696
	6208 1696
	6208 1728
	5184 1728
4
	0 1728
	3968 1728
	3968 1760
	0 1760
4
	5152 1728
	5824 1728
	5824 1760
	5152 1760
4
	5856 1728
	6208 1728
	6208 1760
	5856 1760
4
	0 1760
	3936 1760
	3936 1792
	0 1792
4
	5088 1760
	5824 1760
	5824 1792
	5088 1792
4
	5888 1760
	6208 1760
	6208 1792
	5888 1792
4
	0 1792
	3936 1792
	3936 1824
	0 1824
4
	4704 1792
	4736 1792
	4736 1824
	4704 1824
4
	5056 1792
	5824 1792
	5824 1824
	5056 1824
4
	5888 1792
	6208 1792
	6208 1824
	5888 1824
4
	0 1824
	2912 1824
	2912 1856
	0 1856
4
	3008 1824
	3232 1824
	3232 1856
	3008 1856
4
	3264 1824
	3904 1824
	3904 1856
	3264 1856
4
	4672 1824
	4800 1824
	4800 1856
	4672 1856
4
	5088 1824
	5472 1824
	5472 1856
	5088 1856
4
	5504 1824
	5760 1824
	5760 1856
	5504 1856
4
	5920 1824
	6208 1824
	6208 1856
	5920 1856
4
	0 1856
	2816 1856
	2816 1888
	0 1888
4
	3136 1856
	3232 1856
	3232 1888
	3136 1888
4
	3392 1856
	3872 1856
	3872 1888
	3392 1888
4
	4000 1856
	4128 1856
	4128 1888
	4000 1888
4
	4640 1856
	4800 1856
	4800 1888
	4640 1888
4
	5088 1856
	5408 1856
	5408 1888
	5088 1888
4
	5536 1856
	5696 1856
	5696 1888
	5536 1888
4
	5920 1856
	6208 1856
	6208 1888
	5920 1888
4
	0 1888
	2688 1888
	2688 1920
	0 1920
4
	3104 1888
	3232 1888
	3232 1920
	3104 1920
4
	3520 1888
	3904 1888
	3904 1920
	3520 1920
4
	3936 1888
	4160 1888
	4160 1920
	3936 1920
4
	4608 1888
	4832 1888
	4832 1920
	4608 1920
4
	4864 1888
	4928 1888
	4928 1920
	4864 1920
4
	5024 1888
	5344 1888
	5344 1920
	5024 1920
4
	5536 1888
	5568 1888
	5568 1920
	5536 1920
4
	5952 1888
	6208 1888
	6208 1920
	5952 1920
4
	0 1920
	2560 1920
	2560 1952
	0 1952
4
	3104 1920
	3296 1920
	3296 1952
	3104 1952
4
	3648 1920
	3904 1920
	3904 1952
	3648 1952
4
	3936 1920
	4192 1920
	4192 1952
	3936 1952
4
	4576 1920
	4832 1920
	4832 1952
	4576 1952
4
	4927 1951
	4929 1951
	4929 1953
	4927 1953
4
	4864 1920
	4928 1920
	4928 1952
	4864 1952
4
	4992 1920
	5344 1920
	5344 1952
	4992 1952
4
	5952 1920
	6208 1920
	6208 1952
	5952 1952
4
	0 1952
	2528 1952
	2528 1984
	0 1984
4
	3168 1952
	3296 1952
	3296 1984
	3168 1984
4
	3648 1952
	4192 1952
	4192 1984
	3648 1984
4
	4576 1952
	4832 1952
	4832 1984
	4576 1984
4
	4928 1952
	5376 1952
	5376 1984
	4928 1984
4
	5984 1952
	6208 1952
	6208 1984
	5984 1984
4
	0 1984
	2528 1984
	2528 2016
	0 2016
4
	3232 1984
	3296 1984
	3296 2016
	3232 2016
4
	3680 1984
	4192 1984
	4192 2016
	3680 2016
4
	4576 1984
	5376 1984
	5376 2016
	4576 2016
4
	6016 1984
	6208 1984
	6208 2016
	6016 2016
4
	0 2016
	2496 2016
	2496 2048
	0 2048
4
	3712 2016
	4192 2016
	4192 2048
	3712 2048
4
	4576 2016
	5408 2016
	5408 2048
	4576 2048
4
	5888 2016
	5984 2016
	5984 2048
	5888 2048
4
	6015 2047
	6017 2047
	6017 2049
	6015 2049
4
	6016 2016
	6208 2016
	6208 2048
	6016 2048
4
	0 2048
	2368 2048
	2368 2080
	0 2080
4
	3712 2048
	4256 2048
	4256 2080
	3712 2080
4
	4608 2048
	5056 2048
	5056 2080
	4608 2080
4
	5120 2048
	5344 2048
	5344 2080
	5120 2080
4
	5760 2048
	6016 2048
	6016 2080
	5760 2080
4
	6048 2048
	6208 2048
	6208 2080
	6048 2080
4
	0 2080
	2336 2080
	2336 2112
	0 2112
4
	3680 2080
	4288 2080
	4288 2112
	3680 2112
4
	4608 2080
	5024 2080
	5024 2112
	4608 2112
4
	5152 2080
	5312 2080
	5312 2112
	5152 2112
4
	5760 2080
	6016 2080
	6016 2112
	5760 2112
4
	6048 2080
	6208 2080
	6208 2112
	6048 2112
4
	0 2112
	2304 2112
	2304 2144
	0 2144
4
	3648 2112
	3904 2112
	3904 2144
	3648 2144
4
	3936 2112
	4288 2112
	4288 2144
	3936 2144
4
	4640 2112
	4960 2112
	4960 2144
	4640 2144
4
	5152 2112
	5248 2112
	5248 2144
	5152 2144
4
	5760 2112
	6016 2112
	6016 2144
	5760 2144
4
	6080 2112
	6208 2112
	6208 2144
	6080 2144
4
	0 2144
	2272 2144
	2272 2176
	0 2176
4
	3616 2144
	3904 2144
	3904 2176
	3616 2176
4
	3968 2144
	4288 2144
	4288 2176
	3968 2176
4
	4608 2144
	4928 2144
	4928 2176
	4608 2176
4
	5760 2144
	6016 2144
	6016 2176
	5760 2176
4
	6080 2144
	6208 2144
	6208 2176
	6080 2176
4
	0 2176
	2240 2176
	2240 2208
	0 2208
4
	3584 2176
	3904 2176
	3904 2208
	3584 2208
4
	4000 2176
	4352 2176
	4352 2208
	4000 2208
4
	4576 2176
	4928 2176
	4928 2208
	4576 2208
4
	5760 2176
	5952 2176
	5952 2208
	5760 2208
4
	6080 2176
	6208 2176
	6208 2208
	6080 2208
4
	0 2208
	2304 2208
	2304 2240
	0 2240
4
	3552 2208
	3872 2208
	3872 2240
	3552 2240
4
	4032 2208
	4384 2208
	4384 2240
	4032 2240
4
	4576 2208
	4928 2208
	4928 2240
	4576 2240
4
	6048 2208
	6208 2208
	6208 2240
	6048 2240
4
	0 2240
	2336 2240
	2336 2272
	0 2272
4
	3552 2240
	3840 2240
	3840 2272
	3552 2272
4
	4064 2240
	4416 2240
	4416 2272
	4064 2272
4
	4608 2240
	4928 2240
	4928 2272
	4608 2272
4
	6048 2240
	6208 2240
	6208 2272
	6048 2272
4
	0 2272
	2144 2272
	2144 2304
	0 2304
4
	2176 2272
	2336 2272
	2336 2304
	2176 2304
4
	3584 2272
	3808 2272
	3808 2304
	3584 2304
4
	4096 2272
	4480 2272
	4480 2304
	4096 2304
4
	4640 2272
	4672 2272
	4672 2304
	4640 2304
4
	4704 2272
	4960 2272
	4960 2304
	4704 2304
4
	6144 2272
	6208 2272
	6208 2304
	6144 2304
4
	0 2304
	2112 2304
	2112 2336
	0 2336
4
	2176 2304
	2304 2304
	2304 2336
	2176 2336
4
	3616 2304
	3776 2304
	3776 2336
	3616 2336
4
	4000 2304
	4512 2304
	4512 2336
	4000 2336
4
	4704 2304
	4960 2304
	4960 2336
	4704 2336
4
	6144 2304
	6208 2304
	6208 2336
	6144 2336
4
	0 2336
	2080 2336
	2080 2368
	0 2368
4
	2208 2336
	2304 2336
	2304 2368
	2208 2368
4
	3616 2336
	3744 2336
	3744 2368
	3616 2368
4
	3968 2336
	4512 2336
	4512 2368
	3968 2368
4
	4736 2336
	4960 2336
	4960 2368
	4736 2368
4
	6112 2336
	6208 2336
	6208 2368
	6112 2368
4
	0 2368
	2048 2368
	2048 2400
	0 2400
4
	3584 2368
	3712 2368
	3712 2400
	3584 2400
4
	3936 2368
	4480 2368
	4480 2400
	3936 2400
4
	4736 2368
	4992 2368
	4992 2400
	4736 2400
4
	6048 2368
	6080 2368
	6080 2400
	6048 2400
4
	6111 2399
	6113 2399
	6113 2401
	6111 2401
4
	6112 2368
	6208 2368
	6208 2400
	6112 2400
4
	0 2400
	2112 2400
	2112 2432
	0 2432
4
	3552 2400
	3680 2400
	3680 2432
	3552 2432
4
	3904 2400
	4448 2400
	4448 2432
	3904 2432
4
	4768 2400
	4992 2400
	4992 2432
	4768 2432
4
	5504 2400
	5600 2400
	5600 2432
	5504 2432
4
	5920 2400
	6112 2400
	6112 2432
	5920 2432
4
	6144 2400
	6208 2400
	6208 2432
	6144 2432
4
	0 2432
	2112 2432
	2112 2464
	0 2464
4
	3552 2432
	3648 2432
	3648 2464
	3552 2464
4
	3872 2432
	4448 2432
	4448 2464
	3872 2464
4
	4832 2432
	4992 2432
	4992 2464
	4832 2464
4
	5440 2432
	5600 2432
	5600 2464
	5440 2464
4
	5856 2432
	6112 2432
	6112 2464
	5856 2464
4
	6144 2432
	6208 2432
	6208 2464
	6144 2464
4
	0 2464
	2112 2464
	2112 2496
	0 2496
4
	3840 2464
	4128 2464
	4128 2496
	3840 2496
4
	4160 2464
	4480 2464
	4480 2496
	4160 2496
4
	4832 2464
	4992 2464
	4992 2496
	4832 2496
4
	5440 2464
	5600 2464
	5600 2496
	5440 2496
4
	5856 2464
	6112 2464
	6112 2496
	5856 2496
4
	6176 2464
	6208 2464
	6208 2496
	6176 2496
4
	0 2496
	2112 2496
	2112 2528
	0 2528
4
	3008 2496
	3040 2496
	3040 2528
	3008 2528
4
	3808 2496
	4096 2496
	4096 2528
	3808 2528
4
	4192 2496
	4480 2496
	4480 2528
	4192 2528
4
	4864 2496
	4992 2496
	4992 2528
	4864 2528
4
	5440 2496
	5568 2496
	5568 2528
	5440 2528
4
	5856 2496
	6112 2496
	6112 2528
	5856 2528
4
	6176 2496
	6208 2496
	6208 2528
	6176 2528
4
	0 2528
	2112 2528
	2112 2560
	0 2560
4
	2976 2528
	3168 2528
	3168 2560
	2976 2560
4
	3776 2528
	4064 2528
	4064 2560
	3776 2560
4
	4256 2528
	4512 2528
	4512 2560
	4256 2560
4
	4864 2528
	4960 2528
	4960 2560
	4864 2560
4
	5888 2528
	6080 2528
	6080 2560
	5888 2560
4
	6176 2528
	6208 2528
	6208 2560
	6176 2560
4
	0 2560
	2112 2560
	2112 2592
	0 2592
4
	2976 2560
	3168 2560
	3168 2592
	2976 2592
4
	3744 2560
	4032 2560
	4032 2592
	3744 2592
4
	4256 2560
	4544 2560
	4544 2592
	4256 2592
4
	5888 2560
	5952 2560
	5952 2592
	5888 2592
4
	6176 2560
	6208 2560
	6208 2592
	6176 2592
4
	0 2592
	2144 2592
	2144 2624
	0 2624
4
	2944 2592
	3168 2592
	3168 2624
	2944 2624
4
	3744 2592
	3840 2592
	3840 2624
	3744 2624
4
	3904 2592
	4000 2592
	4000 2624
	3904 2624
4
	4288 2592
	4544 2592
	4544 2624
	4288 2624
4
	6176 2592
	6208 2592
	6208 2624
	6176 2624
4
	0 2624
	2240 2624
	2240 2656
	0 2656
4
	2784 2624
	2816 2624
	2816 2656
	2784 2656
4
	2880 2624
	3136 2624
	3136 2656
	2880 2656
4
	3744 2624
	3808 2624
	3808 2656
	3744 2656
4
	3936 2624
	3968 2624
	3968 2656
	3936 2656
4
	4288 2624
	4512 2624
	4512 2656
	4288 2656
4
	6176 2624
	6208 2624
	6208 2656
	6176 2656
4
	0 2656
	2240 2656
	2240 2688
	0 2688
4
	2752 2656
	3072 2656
	3072 2688
	2752 2688
4
	4288 2656
	4480 2656
	4480 2688
	4288 2688
4
	4960 2656
	5056 2656
	5056 2688
	4960 2688
4
	6176 2656
	6208 2656
	6208 2688
	6176 2688
4
	0 2688
	2240 2688
	2240 2720
	0 2720
4
	2752 2688
	3072 2688
	3072 2720
	2752 2720
4
	4320 2688
	4480 2688
	4480 2720
	4320 2720
4
	4928 2688
	5056 2688
	5056 2720
	4928 2720
4
	6176 2688
	6208 2688
	6208 2720
	6176 2720
4
	0 2720
	2208 2720
	2208 2752
	0 2752
4
	2656 2720
	2848 2720
	2848 2752
	2656 2752
4
	2880 2720
	3072 2720
	3072 2752
	2880 2752
4
	4320 2720
	4480 2720
	4480 2752
	4320 2752
4
	4928 2720
	5056 2720
	5056 2752
	4928 2752
4
	6176 2720
	6208 2720
	6208 2752
	6176 2752
4
	0 2752
	2208 2752
	2208 2784
	0 2784
4
	2656 2752
	2848 2752
	2848 2784
	2656 2784
4
	2880 2752
	3040 2752
	3040 2784
	2880 2784
4
	4320 2752
	4448 2752
	4448 2784
	4320 2784
4
	4928 2752
	5088 2752
	5088 2784
	4928 2784
4
	6176 2752
	6208 2752
	6208 2784
	6176 2784
4
	0 2784
	2176 2784
	2176 2816
	0 2816
4
	2656 2784
	2784 2784
	2784 2816
	2656 2816
4
	2912 2784
	3008 2784
	3008 2816
	2912 2816
4
	4320 2784
	4448 2784
	4448 2816
	4320 2816
4
	4896 2784
	5088 2784
	5088 2816
	4896 2816
4
	6176 2784
	6208 2784
	6208 2816
	6176 2816
4
	0 2816
	2208 2816
	2208 2848
	0 2848
4
	2592 2816
	2720 2816
	2720 2848
	2592 2848
4
	2912 2816
	2944 2816
	2944 2848
	2912 2848
4
	4352 2816
	4448 2816
	4448 2848
	4352 2848
4
	4864 2816
	5088 2816
	5088 2848
	4864 2848
4
	6176 2816
	6208 2816
	6208 2848
	6176 2848
4
	0 2848
	2304 2848
	2304 2880
	0 2880
4
	2592 2848
	2720 2848
	2720 2880
	2592 2880
4
	3616 2848
	3680 2848
	3680 2880
	3616 2880
4
	4352 2848
	4480 2848
	4480 2880
	4352 2880
4
	4864 2848
	5120 2848
	5120 2880
	4864 2880
4
	6176 2848
	6208 2848
	6208 2880
	6176 2880
4
	0 2880
	2336 2880
	2336 2912
	0 2912
4
	2624 2880
	2720 2880
	2720 2912
	2624 2912
4
	3616 2880
	3680 2880
	3680 2912
	3616 2912
4
	4352 2880
	4480 2880
	4480 2912
	4352 2912
4
	4864 2880
	5120 2880
	5120 2912
	4864 2912
4
	5216 2880
	5472 2880
	5472 2912
	5216 2912
4
	5664 2880
	5920 2880
	5920 2912
	5664 2912
4
	6176 2880
	6208 2880
	6208 2912
	6176 2912
4
	0 2912
	2336 2912
	2336 2944
	0 2944
4
	2624 2912
	2784 2912
	2784 2944
	2624 2944
4
	4352 2912
	4480 2912
	4480 2944
	4352 2944
4
	4864 2912
	5120 2912
	5120 2944
	4864 2944
4
	5216 2912
	5568 2912
	5568 2944
	5216 2944
4
	5664 2912
	5920 2912
	5920 2944
	5664 2944
4
	6176 2912
	6208 2912
	6208 2944
	6176 2944
4
	0 2944
	2304 2944
	2304 2976
	0 2976
4
	2592 2944
	2784 2944
	2784 2976
	2592 2976
4
	4384 2944
	4512 2944
	4512 2976
	4384 2976
4
	4864 2944
	5120 2944
	5120 2976
	4864 2976
4
	5152 2944
	5600 2944
	5600 2976
	5152 2976
4
	5664 2944
	6016 2944
	6016 2976
	5664 2976
4
	6176 2944
	6208 2944
	6208 2976
	6176 2976
4
	0 2976
	2304 2976
	2304 3008
	0 3008
4
	2592 2976
	2784 2976
	2784 3008
	2592 3008
4
	4384 2976
	4512 2976
	4512 3008
	4384 3008
4
	4864 2976
	5568 2976
	5568 3008
	4864 3008
4
	5664 2976
	6016 2976
	6016 3008
	5664 3008
4
	6080 2976
	6208 2976
	6208 3008
	6080 3008
4
	0 3008
	2272 3008
	2272 3040
	0 3040
4
	2592 3008
	2784 3008
	2784 3040
	2592 3040
4
	3584 3008
	3712 3008
	3712 3040
	3584 3040
4
	4352 3008
	4544 3008
	4544 3040
	4352 3040
4
	4896 3008
	5536 3008
	5536 3040
	4896 3040
4
	5664 3008
	6016 3008
	6016 3040
	5664 3040
4
	6080 3008
	6208 3008
	6208 3040
	6080 3040
4
	0 3040
	2272 3040
	2272 3072
	0 3072
4
	2592 3040
	2784 3040
	2784 3072
	2592 3072
4
	3584 3040
	3712 3040
	3712 3072
	3584 3072
4
	4352 3040
	4576 3040
	4576 3072
	4352 3072
4
	4928 3040
	6208 3040
	6208 3072
	4928 3072
4
	0 3072
	2272 3072
	2272 3104
	0 3104
4
	2528 3072
	2752 3072
	2752 3104
	2528 3104
4
	3072 3072
	3136 3072
	3136 3104
	3072 3104
4
	3584 3072
	3712 3072
	3712 3104
	3584 3104
4
	4352 3072
	4576 3072
	4576 3104
	4352 3104
4
	4992 3072
	6208 3072
	6208 3104
	4992 3104
4
	0 3104
	2240 3104
	2240 3136
	0 3136
4
	2528 3104
	2656 3104
	2656 3136
	2528 3136
4
	3072 3104
	3136 3104
	3136 3136
	3072 3136
4
	3488 3104
	3680 3104
	3680 3136
	3488 3136
4
	4352 3104
	4576 3104
	4576 3136
	4352 3136
4
	4992 3104
	6208 3104
	6208 3136
	4992 3136
4
	0 3136
	1856 3136
	1856 3168
	0 3168
4
	1888 3136
	2048 3136
	2048 3168
	1888 3168
4
	2112 3136
	2240 3136
	2240 3168
	2112 3168
4
	2496 3136
	2688 3136
	2688 3168
	2496 3168
4
	3456 3136
	3680 3136
	3680 3168
	3456 3168
4
	4352 3136
	4576 3136
	4576 3168
	4352 3168
4
	4992 3136
	6208 3136
	6208 3168
	4992 3168
4
	0 3168
	1856 3168
	1856 3200
	0 3200
4
	1984 3168
	2048 3168
	2048 3200
	1984 3200
4
	2176 3168
	2208 3168
	2208 3200
	2176 3200
4
	2496 3168
	2720 3168
	2720 3200
	2496 3200
4
	2751 3199
	2753 3199
	2753 3201
	2751 3201
4
	2752 3168
	2784 3168
	2784 3200
	2752 3200
4
	3424 3168
	3680 3168
	3680 3200
	3424 3200
4
	4384 3168
	4544 3168
	4544 3200
	4384 3200
4
	4992 3168
	5184 3168
	5184 3200
	4992 3200
4
	5216 3168
	5792 3168
	5792 3200
	5216 3200
4
	5824 3168
	5952 3168
	5952 3200
	5824 3200
4
	6080 3168
	6208 3168
	6208 3200
	6080 3200
4
	0 3200
	1824 3200
	1824 3232
	0 3232
4
	2496 3200
	2752 3200
	2752 3232
	2496 3232
4
	3328 3200
	3616 3200
	3616 3232
	3328 3232
4
	4384 3200
	4544 3200
	4544 3232
	4384 3232
4
	4992 3200
	5152 3200
	5152 3232
	4992 3232
4
	5216 3200
	5792 3200
	5792 3232
	5216 3232
4
	5824 3200
	5952 3200
	5952 3232
	5824 3232
4
	6016 3200
	6208 3200
	6208 3232
	6016 3232
4
	0 3232
	1824 3232
	1824 3264
	0 3264
4
	2496 3232
	2752 3232
	2752 3264
	2496 3264
4
	3328 3232
	3392 3232
	3392 3264
	3328 3264
4
	3424 3232
	3488 3232
	3488 3264
	3424 3264
4
	3520 3232
	3584 3232
	3584 3264
	3520 3264
4
	4384 3232
	4544 3232
	4544 3264
	4384 3264
4
	4992 3232
	5120 3232
	5120 3264
	4992 3264
4
	5248 3232
	5472 3232
	5472 3264
	5248 3264
4
	5600 3232
	5792 3232
	5792 3264
	5600 3264
4
	6016 3232
	6208 3232
	6208 3264
	6016 3264
4
	0 3264
	1824 3264
	1824 3296
	0 3296
4
	2496 3264
	2752 3264
	2752 3296
	2496 3296
4
	3520 3264
	3584 3264
	3584 3296
	3520 3296
4
	4352 3264
	4544 3264
	4544 3296
	4352 3296
4
	4960 3264
	5120 3264
	5120 3296
	4960 3296
4
	5312 3264
	5472 3264
	5472 3296
	5312 3296
4
	5632 3264
	5792 3264
	5792 3296
	5632 3296
4
	6016 3264
	6208 3264
	6208 3296
	6016 3296
4
	0 3296
	1856 3296
	1856 3328
	0 3328
4
	2528 3296
	2688 3296
	2688 3328
	2528 3328
4
	3456 3296
	3552 3296
	3552 3328
	3456 3328
4
	4352 3296
	4480 3296
	4480 3328
	4352 3328
4
	4896 3296
	5120 3296
	5120 3328
	4896 3328
4
	5312 3296
	5472 3296
	5472 3328
	5312 3328
4
	5632 3296
	5792 3296
	5792 3328
	5632 3328
4
	6016 3296
	6208 3296
	6208 3328
	6016 3328
4
	0 3328
	1856 3328
	1856 3360
	0 3360
4
	2528 3328
	2688 3328
	2688 3360
	2528 3360
4
	2976 3328
	3008 3328
	3008 3360
	2976 3360
4
	3424 3328
	3552 3328
	3552 3360
	3424 3360
4
	4352 3328
	4480 3328
	4480 3360
	4352 3360
4
	4896 3328
	5120 3328
	5120 3360
	4896 3360
4
	5312 3328
	5472 3328
	5472 3360
	5312 3360
4
	5632 3328
	5792 3328
	5792 3360
	5632 3360
4
	6016 3328
	6208 3328
	6208 3360
	6016 3360
4
	0 3360
	1856 3360
	1856 3392
	0 3392
4
	1952 3360
	2048 3360
	2048 3392
	1952 3392
4
	2976 3360
	3040 3360
	3040 3392
	2976 3392
4
	3200 3360
	3296 3360
	3296 3392
	3200 3392
4
	3424 3360
	3552 3360
	3552 3392
	3424 3392
4
	4352 3360
	4448 3360
	4448 3392
	4352 3392
4
	4864 3360
	5088 3360
	5088 3392
	4864 3392
4
	5312 3360
	5504 3360
	5504 3392
	5312 3392
4
	5632 3360
	5792 3360
	5792 3392
	5632 3392
4
	6016 3360
	6208 3360
	6208 3392
	6016 3392
4
	0 3392
	1856 3392
	1856 3424
	0 3424
4
	1888 3392
	2112 3392
	2112 3424
	1888 3424
4
	3039 3423
	3041 3423
	3041 3425
	3039 3425
4
	2976 3392
	3040 3392
	3040 3424
	2976 3424
4
	3136 3392
	3328 3392
	3328 3424
	3136 3424
4
	3424 3392
	3552 3392
	3552 3424
	3424 3424
4
	4320 3392
	4448 3392
	4448 3424
	4320 3424
4
	4896 3392
	5088 3392
	5088 3424
	4896 3424
4
	5344 3392
	5504 3392
	5504 3424
	5344 3424
4
	5632 3392
	5792 3392
	5792 3424
	5632 3424
4
	6016 3392
	6208 3392
	6208 3424
	6016 3424
4
	0 3424
	2144 3424
	2144 3456
	0 3456
4
	3040 3424
	3072 3424
	3072 3456
	3040 3456
4
	3327 3455
	3329 3455
	3329 3457
	3327 3457
4
	3168 3424
	3328 3424
	3328 3456
	3168 3456
4
	3360 3424
	3520 3424
	3520 3456
	3360 3456
4
	4320 3424
	4448 3424
	4448 3456
	4320 3456
4
	4928 3424
	5184 3424
	5184 3456
	4928 3456
4
	5344 3424
	5408 3424
	5408 3456
	5344 3456
4
	6112 3424
	6208 3424
	6208 3456
	6112 3456
4
	0 3456
	2144 3456
	2144 3488
	0 3488
4
	2912 3456
	3104 3456
	3104 3488
	2912 3488
4
	3168 3456
	3200 3456
	3200 3488
	3168 3488
4
	3328 3456
	3520 3456
	3520 3488
	3328 3488
4
	4320 3456
	4448 3456
	4448 3488
	4320 3488
4
	4928 3456
	5184 3456
	5184 3488
	4928 3488
4
	6112 3456
	6208 3456
	6208 3488
	6112 3488
4
	0 3488
	2144 3488
	2144 3520
	0 3520
4
	2912 3488
	3136 3488
	3136 3520
	2912 3520
4
	3328 3488
	3520 3488
	3520 3520
	3328 3520
4
	4320 3488
	4416 3488
	4416 3520
	4320 3520
4
	4928 3488
	5056 3488
	5056 3520
	4928 3520
4
	5088 3488
	5184 3488
	5184 3520
	5088 3520
4
	6176 3488
	6208 3488
	6208 3520
	6176 3520
4
	0 3520
	2144 3520
	2144 3552
	0 3552
4
	2880 3520
	3168 3520
	3168 3552
	2880 3552
4
	3200 3520
	3424 3520
	3424 3552
	3200 3552
4
	4288 3520
	4416 3520
	4416 3552
	4288 3552
4
	4928 3520
	5056 3520
	5056 3552
	4928 3552
4
	6176 3520
	6208 3520
	6208 3552
	6176 3552
4
	0 3552
	2144 3552
	2144 3584
	0 3584
4
	2880 3552
	3296 3552
	3296 3584
	2880 3584
4
	3360 3552
	3392 3552
	3392 3584
	3360 3584
4
	4288 3552
	4416 3552
	4416 3584
	4288 3584
4
	6176 3552
	6208 3552
	6208 3584
	6176 3584
4
	0 3584
	2112 3584
	2112 3616
	0 3616
4
	2880 3584
	3168 3584
	3168 3616
	2880 3616
4
	4288 3584
	4416 3584
	4416 3616
	4288 3616
4
	6112 3584
	6208 3584
	6208 3616
	6112 3616
4
	0 3616
	2112 3616
	2112 3648
	0 3648
4
	2880 3616
	3168 3616
	3168 3648
	2880 3648
4
	4256 3616
	4384 3616
	4384 3648
	4256 3648
4
	5888 3616
	6016 3616
	6016 3648
	5888 3648
4
	6112 3616
	6208 3616
	6208 3648
	6112 3648
4
	0 3648
	2144 3648
	2144 3680
	0 3680
4
	2912 3648
	3136 3648
	3136 3680
	2912 3680
4
	4224 3648
	4384 3648
	4384 3680
	4224 3680
4
	5888 3648
	6208 3648
	6208 3680
	5888 3680
4
	0 3680
	2144 3680
	2144 3712
	0 3712
4
	2944 3680
	3104 3680
	3104 3712
	2944 3712
4
	4192 3680
	4384 3680
	4384 3712
	4192 3712
4
	4864 3680
	4992 3680
	4992 3712
	4864 3712
4
	5888 3680
	6208 3680
	6208 3712
	5888 3712
4
	0 3712
	2176 3712
	2176 3744
	0 3744
4
	4160 3712
	4384 3712
	4384 3744
	4160 3744
4
	4800 3712
	4992 3712
	4992 3744
	4800 3744
4
	5440 3712
	5600 3712
	5600 3744
	5440 3744
4
	5888 3712
	6208 3712
	6208 3744
	5888 3744
4
	0 3744
	2176 3744
	2176 3776
	0 3776
4
	4160 3744
	4384 3744
	4384 3776
	4160 3776
4
	4768 3744
	4992 3744
	4992 3776
	4768 3776
4
	5440 3744
	5632 3744
	5632 3776
	5440 3776
4
	5888 3744
	6208 3744
	6208 3776
	5888 3776
4
	0 3776
	2176 3776
	2176 3808
	0 3808
4
	4160 3776
	4384 3776
	4384 3808
	4160 3808
4
	4768 3776
	5088 3776
	5088 3808
	4768 3808
4
	5472 3776
	5600 3776
	5600 3808
	5472 3808
4
	5984 3776
	6208 3776
	6208 3808
	5984 3808
4
	0 3808
	2112 3808
	2112 3840
	0 3840
4
	4160 3808
	4384 3808
	4384 3840
	4160 3840
4
	4768 3808
	5088 3808
	5088 3840
	4768 3840
4
	5536 3808
	5568 3808
	5568 3840
	5536 3840
4
	6112 3808
	6208 3808
	6208 3840
	6112 3840
4
	0 3840
	2048 3840
	2048 3872
	0 3872
4
	4160 3840
	4384 3840
	4384 3872
	4160 3872
4
	4800 3840
	5088 3840
	5088 3872
	4800 3872
4
	6112 3840
	6208 3840
	6208 3872
	6112 3872
4
	0 3872
	2080 3872
	2080 3904
	0 3904
4
	4128 3872
	4320 3872
	4320 3904
	4128 3904
4
	4800 3872
	4960 3872
	4960 3904
	4800 3904
4
	6144 3872
	6208 3872
	6208 3904
	6144 3904
4
	0 3904
	1856 3904
	1856 3936
	0 3936
4
	1888 3904
	2112 3904
	2112 3936
	1888 3936
4
	4096 3904
	4256 3904
	4256 3936
	4096 3936
4
	4800 3904
	5024 3904
	5024 3936
	4800 3936
4
	6144 3904
	6208 3904
	6208 3936
	6144 3936
4
	0 3936
	1792 3936
	1792 3968
	0 3968
4
	1920 3936
	2112 3936
	2112 3968
	1920 3968
4
	4064 3936
	4224 3936
	4224 3968
	4064 3968
4
	4800 3936
	5024 3936
	5024 3968
	4800 3968
4
	6080 3936
	6208 3936
	6208 3968
	6080 3968
4
	0 3968
	1728 3968
	1728 4000
	0 4000
4
	1952 3968
	2080 3968
	2080 4000
	1952 4000
4
	4032 3968
	4192 3968
	4192 4000
	4032 4000
4
	4768 3968
	4992 3968
	4992 4000
	4768 4000
4
	5920 3968
	6016 3968
	6016 4000
	5920 4000
4
	6048 3968
	6208 3968
	6208 4000
	6048 4000
4
	0 4000
	1664 4000
	1664 4032
	0 4032
4
	1984 4000
	2048 4000
	2048 4032
	1984 4032
4
	4000 4000
	4160 4000
	4160 4032
	4000 4032
4
	4736 4000
	4992 4000
	4992 4032
	4736 4032
4
	5920 4000
	6208 4000
	6208 4032
	5920 4032
4
	0 4032
	1632 4032
	1632 4064
	0 4064
4
	2432 4032
	2496 4032
	2496 4064
	2432 4064
4
	3968 4032
	4128 4032
	4128 4064
	3968 4064
4
	4704 4032
	4992 4032
	4992 4064
	4704 4064
4
	5152 4032
	5248 4032
	5248 4064
	5152 4064
4
	5888 4032
	6208 4032
	6208 4064
	5888 4064
4
	0 4064
	1568 4064
	1568 4096
	0 4096
4
	2400 4064
	2560 4064
	2560 4096
	2400 4096
4
	3936 4064
	4096 4064
	4096 4096
	3936 4096
4
	4704 4064
	4992 4064
	4992 4096
	4704 4096
4
	5152 4064
	5280 4064
	5280 4096
	5152 4096
4
	5888 4064
	6208 4064
	6208 4096
	5888 4096
4
	0 4096
	1504 4096
	1504 4128
	0 4128
4
	2208 4096
	2304 4096
	2304 4128
	2208 4128
4
	2400 4096
	2816 4096
	2816 4128
	2400 4128
4
	3904 4096
	4064 4096
	4064 4128
	3904 4128
4
	4704 4096
	5056 4096
	5056 4128
	4704 4128
4
	5120 4096
	5344 4096
	5344 4128
	5120 4128
4
	5856 4096
	6208 4096
	6208 4128
	5856 4128
4
	0 4128
	1504 4128
	1504 4160
	0 4160
4
	2176 4128
	2336 4128
	2336 4160
	2176 4160
4
	2368 4128
	2848 4128
	2848 4160
	2368 4160
4
	3872 4128
	4032 4128
	4032 4160
	3872 4160
4
	4672 4128
	5088 4128
	5088 4160
	4672 4160
4
	5120 4128
	5376 4128
	5376 4160
	5120 4160
4
	5856 4128
	6208 4128
	6208 4160
	5856 4160
4
	0 4160
	1472 4160
	1472 4192
	0 4192
4
	2176 4160
	2848 4160
	2848 4192
	2176 4192
4
	3520 4160
	3616 4160
	3616 4192
	3520 4192
4
	3712 4160
	4000 4160
	4000 4192
	3712 4192
4
	4640 4160
	5376 4160
	5376 4192
	4640 4192
4
	5856 4160
	6208 4160
	6208 4192
	5856 4192
4
	0 4192
	1440 4192
	1440 4224
	0 4224
4
	2176 4192
	2848 4192
	2848 4224
	2176 4224
4
	3392 4192
	3968 4192
	3968 4224
	3392 4224
4
	4512 4192
	5376 4192
	5376 4224
	4512 4224
4
	5888 4192
	6208 4192
	6208 4224
	5888 4224
4
	0 4224
	1376 4224
	1376 4256
	0 4256
4
	2208 4224
	2848 4224
	2848 4256
	2208 4256
4
	3392 4224
	3936 4224
	3936 4256
	3392 4256
4
	4480 4224
	5408 4224
	5408 4256
	4480 4256
4
	5952 4224
	6208 4224
	6208 4256
	5952 4256
4
	0 4256
	1408 4256
	1408 4288
	0 4288
4
	1760 4256
	1824 4256
	1824 4288
	1760 4288
4
	2240 4256
	2848 4256
	2848 4288
	2240 4288
4
	3392 4256
	3904 4256
	3904 4288
	3392 4288
4
	4480 4256
	4768 4256
	4768 4288
	4480 4288
4
	4800 4256
	5440 4256
	5440 4288
	4800 4288
4
	5984 4256
	6208 4256
	6208 4288
	5984 4288
4
	0 4288
	1408 4288
	1408 4320
	0 4320
4
	1632 4288
	1824 4288
	1824 4320
	1632 4320
4
	2272 4288
	2816 4288
	2816 4320
	2272 4320
4
	3200 4288
	3360 4288
	3360 4320
	3200 4320
4
	3392 4288
	3904 4288
	3904 4320
	3392 4320
4
	4512 4288
	4736 4288
	4736 4320
	4512 4320
4
	4928 4288
	5440 4288
	5440 4320
	4928 4320
4
	5952 4288
	6208 4288
	6208 4320
	5952 4320
4
	0 4320
	1376 4320
	1376 4352
	0 4352
4
	1632 4320
	1824 4320
	1824 4352
	1632 4352
4
	2304 4320
	2816 4320
	2816 4352
	2304 4352
4
	3136 4320
	3360 4320
	3360 4352
	3136 4352
4
	3392 4320
	3904 4320
	3904 4352
	3392 4352
4
	4480 4320
	4704 4320
	4704 4352
	4480 4352
4
	4960 4320
	5440 4320
	5440 4352
	4960 4352
4
	5760 4320
	5856 4320
	5856 4352
	5760 4352
4
	5952 4320
	6208 4320
	6208 4352
	5952 4352
4
	0 4352
	1312 4352
	1312 4384
	0 4384
4
	1632 4352
	1888 4352
	1888 4384
	1632 4384
4
	2304 4352
	2944 4352
	2944 4384
	2304 4384
4
	3008 4352
	3904 4352
	3904 4384
	3008 4384
4
	4480 4352
	4672 4352
	4672 4384
	4480 4384
4
	4960 4352
	5504 4352
	5504 4384
	4960 4384
4
	5568 4352
	5600 4352
	5600 4384
	5568 4384
4
	5728 4352
	5888 4352
	5888 4384
	5728 4384
4
	5920 4352
	6208 4352
	6208 4384
	5920 4384
4
	0 4384
	1280 4384
	1280 4416
	0 4416
4
	1632 4384
	1920 4384
	1920 4416
	1632 4416
4
	2272 4384
	2432 4384
	2432 4416
	2272 4416
4
	2592 4384
	3616 4384
	3616 4416
	2592 4416
4
	3808 4384
	3904 4384
	3904 4416
	3808 4416
4
	4480 4384
	4640 4384
	4640 4416
	4480 4416
4
	4928 4384
	6208 4384
	6208 4416
	4928 4416
4
	0 4416
	1216 4416
	1216 4448
	0 4448
4
	1632 4416
	1920 4416
	1920 4448
	1632 4448
4
	2272 4416
	2432 4416
	2432 4448
	2272 4448
4
	2592 4416
	3552 4416
	3552 4448
	2592 4448
4
	4512 4416
	4608 4416
	4608 4448
	4512 4448
4
	4960 4416
	6208 4416
	6208 4448
	4960 4448
4
	0 4448
	1152 4448
	1152 4480
	0 4480
4
	1728 4448
	1920 4448
	1920 4480
	1728 4480
4
	2240 4448
	2400 4448
	2400 4480
	2240 4480
4
	2688 4448
	2816 4448
	2816 4480
	2688 4480
4
	2848 4448
	3360 4448
	3360 4480
	2848 4480
4
	3456 4448
	3552 4448
	3552 4480
	3456 4480
4
	5024 4448
	5184 4448
	5184 4480
	5024 4480
4
	5216 4448
	5280 4448
	5280 4480
	5216 4480
4
	5344 4448
	6208 4448
	6208 4480
	5344 4480
4
	0 4480
	1120 4480
	1120 4512
	0 4512
4
	1728 4480
	1920 4480
	1920 4512
	1728 4512
4
	2208 4480
	2400 4480
	2400 4512
	2208 4512
4
	2752 4480
	2816 4480
	2816 4512
	2752 4512
4
	2848 4480
	3232 4480
	3232 4512
	2848 4512
4
	3488 4480
	3552 4480
	3552 4512
	3488 4512
4
	4320 4480
	4416 4480
	4416 4512
	4320 4512
4
	5088 4480
	5184 4480
	5184 4512
	5088 4512
4
	5216 4480
	5280 4480
	5280 4512
	5216 4512
4
	5408 4480
	6208 4480
	6208 4512
	5408 4512
4
	0 4512
	1056 4512
	1056 4544
	0 4544
4
	1760 4512
	1888 4512
	1888 4544
	1760 4544
4
	2208 4512
	2368 4512
	2368 4544
	2208 4544
4
	2944 4512
	3200 4512
	3200 4544
	2944 4544
4
	4192 4512
	4448 4512
	4448 4544
	4192 4544
4
	5440 4512
	6208 4512
	6208 4544
	5440 4544
4
	0 4544
	992 4544
	992 4576
	0 4576
4
	2176 4544
	2368 4544
	2368 4576
	2176 4576
4
	3040 4544
	3168 4544
	3168 4576
	3040 4576
4
	4192 4544
	4448 4544
	4448 4576
	4192 4576
4
	5440 4544
	6208 4544
	6208 4576
	5440 4576
4
	0 4576
	928 4576
	928 4608
	0 4608
4
	2176 4576
	2336 4576
	2336 4608
	2176 4608
4
	3072 4576
	3168 4576
	3168 4608
	3072 4608
4
	4192 4576
	4448 4576
	4448 4608
	4192 4608
4
	5440 4576
	6208 4576
	6208 4608
	5440 4608
4
	0 4608
	864 4608
	864 4640
	0 4640
4
	2144 4608
	2304 4608
	2304 4640
	2144 4640
4
	3072 4608
	3168 4608
	3168 4640
	3072 4640
4
	4000 4608
	4128 4608
	4128 4640
	4000 4640
4
	4192 4608
	4416 4608
	4416 4640
	4192 4640
4
	5408 4608
	6208 4608
	6208 4640
	5408 4640
4
	0 4640
	864 4640
	864 4672
	0 4672
4
	2144 4640
	2304 4640
	2304 4672
	2144 4672
4
	3968 4640
	4384 4640
	4384 4672
	3968 4672
4
	5408 4640
	6208 4640
	6208 4672
	5408 4672
4
	0 4672
	864 4672
	864 4704
	0 4704
4
	2112 4672
	2272 4672
	2272 4704
	2112 4704
4
	3936 4672
	4352 4672
	4352 4704
	3936 4704
4
	5408 4672
	6208 4672
	6208 4704
	5408 4704
4
	0 4704
	832 4704
	832 4736
	0 4736
4
	2048 4704
	2272 4704
	2272 4736
	2048 4736
4
	3936 4704
	4320 4704
	4320 4736
	3936 4736
4
	5472 4704
	6208 4704
	6208 4736
	5472 4736
4
	0 4736
	832 4736
	832 4768
	0 4768
4
	2016 4736
	2240 4736
	2240 4768
	2016 4768
4
	3904 4736
	4288 4736
	4288 4768
	3904 4768
4
	5504 4736
	6208 4736
	6208 4768
	5504 4768
4
	0 4768
	864 4768
	864 4800
	0 4800
4
	1696 4768
	1824 4768
	1824 4800
	1696 4800
4
	1984 4768
	2208 4768
	2208 4800
	1984 4800
4
	3904 4768
	4256 4768
	4256 4800
	3904 4800
4
	5504 4768
	6208 4768
	6208 4800
	5504 4800
4
	0 4800
	864 4800
	864 4832
	0 4832
4
	1664 4800
	1856 4800
	1856 4832
	1664 4832
4
	1984 4800
	2240 4800
	2240 4832
	1984 4832
4
	3904 4800
	4224 4800
	4224 4832
	3904 4832
4
	4800 4800
	4896 4800
	4896 4832
	4800 4832
4
	5472 4800
	6208 4800
	6208 4832
	5472 4832
4
	0 4832
	896 4832
	896 4864
	0 4864
4
	1632 4832
	1888 4832
	1888 4864
	1632 4864
4
	1984 4832
	2240 4832
	2240 4864
	1984 4864
4
	3904 4832
	4224 4832
	4224 4864
	3904 4864
4
	4800 4832
	4928 4832
	4928 4864
	4800 4864
4
	5440 4832
	6208 4832
	6208 4864
	5440 4864
4
	0 4864
	928 4864
	928 4896
	0 4896
4
	1632 4864
	1888 4864
	1888 4896
	1632 4896
4
	1984 4864
	2208 4864
	2208 4896
	1984 4896
4
	3904 4864
	4224 4864
	4224 4896
	3904 4896
4
	4800 4864
	4960 4864
	4960 4896
	4800 4896
4
	5408 4864
	6208 4864
	6208 4896
	5408 4896
4
	0 4896
	960 4896
	960 4928
	0 4928
4
	1632 4896
	2208 4896
	2208 4928
	1632 4928
4
	3136 4896
	3200 4896
	3200 4928
	3136 4928
4
	3936 4896
	4224 4896
	4224 4928
	3936 4928
4
	4832 4896
	4960 4896
	4960 4928
	4832 4928
4
	5376 4896
	6208 4896
	6208 4928
	5376 4928
4
	0 4928
	960 4928
	960 4960
	0 4960
4
	1632 4928
	2112 4928
	2112 4960
	1632 4960
4
	2976 4928
	3232 4928
	3232 4960
	2976 4960
4
	3968 4928
	4032 4928
	4032 4960
	3968 4960
4
	4064 4928
	4256 4928
	4256 4960
	4064 4960
4
	4288 4928
	4320 4928
	4320 4960
	4288 4960
4
	4832 4928
	4960 4928
	4960 4960
	4832 4960
4
	5344 4928
	6208 4928
	6208 4960
	5344 4960
4
	0 4960
	960 4960
	960 4992
	0 4992
4
	1632 4960
	2112 4960
	2112 4992
	1632 4992
4
	2912 4960
	3264 4960
	3264 4992
	2912 4992
4
	4096 4960
	4384 4960
	4384 4992
	4096 4992
4
	5312 4960
	6208 4960
	6208 4992
	5312 4992
4
	0 4992
	1056 4992
	1056 5024
	0 5024
4
	1664 4992
	2080 4992
	2080 5024
	1664 5024
4
	2912 4992
	3296 4992
	3296 5024
	2912 5024
4
	4096 4992
	4416 4992
	4416 5024
	4096 5024
4
	5344 4992
	6208 4992
	6208 5024
	5344 5024
4
	0 5024
	1056 5024
	1056 5056
	0 5056
4
	1728 5024
	1792 5024
	1792 5056
	1728 5056
4
	1888 5024
	2080 5024
	2080 5056
	1888 5056
4
	2912 5024
	3296 5024
	3296 5056
	2912 5056
4
	4128 5024
	4416 5024
	4416 5056
	4128 5056
4
	5344 5024
	6208 5024
	6208 5056
	5344 5056
4
	0 5056
	1088 5056
	1088 5088
	0 5088
4
	1856 5056
	2048 5056
	2048 5088
	1856 5088
4
	2880 5056
	3296 5056
	3296 5088
	2880 5088
4
	4160 5056
	4448 5056
	4448 5088
	4160 5088
4
	5312 5056
	6208 5056
	6208 5088
	5312 5088
4
	0 5088
	1152 5088
	1152 5120
	0 5120
4
	1856 5088
	2048 5088
	2048 5120
	1856 5120
4
	2880 5088
	3296 5088
	3296 5120
	2880 5120
4
	4160 5088
	4448 5088
	4448 5120
	4160 5120
4
	5152 5088
	5216 5088
	5216 5120
	5152 5120
4
	5280 5088
	6208 5088
	6208 5120
	5280 5120
4
	0 5120
	1152 5120
	1152 5152
	0 5152
4
	1824 5120
	2016 5120
	2016 5152
	1824 5152
4
	2880 5120
	3296 5120
	3296 5152
	2880 5152
4
	4192 5120
	4448 5120
	4448 5152
	4192 5152
4
	5120 5120
	6208 5120
	6208 5152
	5120 5152
4
	0 5152
	1152 5152
	1152 5184
	0 5184
4
	1824 5152
	2080 5152
	2080 5184
	1824 5184
4
	2880 5152
	3296 5152
	3296 5184
	2880 5184
4
	4192 5152
	4448 5152
	4448 5184
	4192 5184
4
	5088 5152
	6208 5152
	6208 5184
	5088 5184
4
	0 5184
	1120 5184
	1120 5216
	0 5216
4
	1792 5184
	2080 5184
	2080 5216
	1792 5216
4
	2912 5184
	3296 5184
	3296 5216
	2912 5216
4
	4224 5184
	4448 5184
	4448 5216
	4224 5216
4
	5088 5184
	6208 5184
	6208 5216
	5088 5216
4
	0 5216
	1088 5216
	1088 5248
	0 5248
4
	1792 5216
	1952 5216
	1952 5248
	1792 5248
4
	1984 5216
	2048 5216
	2048 5248
	1984 5248
4
	2912 5216
	3328 5216
	3328 5248
	2912 5248
4
	4224 5216
	4448 5216
	4448 5248
	4224 5248
4
	5120 5216
	6208 5216
	6208 5248
	5120 5248
4
	0 5248
	1056 5248
	1056 5280
	0 5280
4
	1856 5248
	1920 5248
	1920 5280
	1856 5280
4
	2880 5248
	3008 5248
	3008 5280
	2880 5280
4
	3072 5248
	3328 5248
	3328 5280
	3072 5280
4
	4256 5248
	4448 5248
	4448 5280
	4256 5280
4
	5152 5248
	6208 5248
	6208 5280
	5152 5280
4
	0 5280
	1056 5280
	1056 5312
	0 5312
4
	2880 5280
	2976 5280
	2976 5312
	2880 5312
4
	3104 5280
	3296 5280
	3296 5312
	3104 5312
4
	4288 5280
	4448 5280
	4448 5312
	4288 5312
4
	5184 5280
	6208 5280
	6208 5312
	5184 5312
4
	0 5312
	1088 5312
	1088 5344
	0 5344
4
	2912 5312
	2944 5312
	2944 5344
	2912 5344
4
	3200 5312
	3296 5312
	3296 5344
	3200 5344
4
	4288 5312
	4480 5312
	4480 5344
	4288 5344
4
	5216 5312
	6208 5312
	6208 5344
	5216 5344
4
	0 5344
	1152 5344
	1152 5376
	0 5376
4
	1728 5344
	1760 5344
	1760 5376
	1728 5376
4
	4320 5344
	4480 5344
	4480 5376
	4320 5376
4
	5216 5344
	6208 5344
	6208 5376
	5216 5376
4
	0 5376
	1216 5376
	1216 5408
	0 5408
4
	1472 5376
	1504 5376
	1504 5408
	1472 5408
4
	1600 5376
	1664 5376
	1664 5408
	1600 5408
4
	1696 5376
	1824 5376
	1824 5408
	1696 5408
4
	3264 5376
	3296 5376
	3296 5408
	3264 5408
4
	4320 5376
	4512 5376
	4512 5408
	4320 5408
4
	4896 5376
	4992 5376
	4992 5408
	4896 5408
4
	5152 5376
	6208 5376
	6208 5408
	5152 5408
4
	0 5408
	1376 5408
	1376 5440
	0 5440
4
	1440 5408
	1824 5408
	1824 5440
	1440 5440
4
	4352 5408
	4544 5408
	4544 5440
	4352 5440
4
	4672 5408
	4704 5408
	4704 5440
	4672 5440
4
	4864 5408
	4992 5408
	4992 5440
	4864 5440
4
	5088 5408
	6208 5408
	6208 5440
	5088 5440
4
	0 5440
	1824 5440
	1824 5472
	0 5472
4
	4384 5440
	4544 5440
	4544 5472
	4384 5472
4
	4608 5440
	4736 5440
	4736 5472
	4608 5472
4
	4832 5440
	5024 5440
	5024 5472
	4832 5472
4
	5088 5440
	6208 5440
	6208 5472
	5088 5472
4
	0 5472
	1888 5472
	1888 5504
	0 5504
4
	4384 5472
	4768 5472
	4768 5504
	4384 5504
4
	4800 5472
	5056 5472
	5056 5504
	4800 5504
4
	5120 5472
	6208 5472
	6208 5504
	5120 5504
4
	0 5504
	1920 5504
	1920 5536
	0 5536
4
	4416 5504
	6208 5504
	6208 5536
	4416 5536
4
	0 5536
	1760 5536
	1760 5568
	0 5568
4
	1824 5536
	1984 5536
	1984 5568
	1824 5568
4
	4416 5536
	6208 5536
	6208 5568
	4416 5568
4
	0 5568
	1760 5568
	1760 5600
	0 5600
4
	1856 5568
	2016 5568
	2016 5600
	1856 5600
4
	4448 5568
	6208 5568
	6208 5600
	4448 5600
4
	0 5600
	1728 5600
	1728 5632
	0 5632
4
	1920 5600
	2016 5600
	2016 5632
	1920 5632
4
	4448 5600
	6208 5600
	6208 5632
	4448 5632
4
	0 5632
	1728 5632
	1728 5664
	0 5664
4
	4480 5632
	6208 5632
	6208 5664
	4480 5664
4
	0 5664
	1696 5664
	1696 5696
	0 5696
4
	4512 5664
	6208 5664
	6208 5696
	4512 5696
4
	0 5696
	1728 5696
	1728 5728
	0 5728
4
	3424 5696
	3520 5696
	3520 5728
	3424 5728
4
	4512 5696
	6208 5696
	6208 5728
	4512 5728
4
	0 5728
	1728 5728
	1728 5760
	0 5760
4
	3424 5728
	3520 5728
	3520 5760
	3424 5760
4
	4512 5728
	6208 5728
	6208 5760
	4512 5760
4
	0 5760
	1696 5760
	1696 5792
	0 5792
4
	2720 5760
	2784 5760
	2784 5792
	2720 5792
4
	3360 5760
	3616 5760
	3616 5792
	3360 5792
4
	4512 5760
	6208 5760
	6208 5792
	4512 5792
4
	0 5792
	1696 5792
	1696 5824
	0 5824
4
	2720 5792
	2784 5792
	2784 5824
	2720 5824
4
	3360 5792
	3616 5792
	3616 5824
	3360 5824
4
	4544 5792
	6208 5792
	6208 5824
	4544 5824
4
	0 5824
	1760 5824
	1760 5856
	0 5856
4
	2688 5824
	2784 5824
	2784 5856
	2688 5856
4
	3392 5824
	3584 5824
	3584 5856
	3392 5856
4
	4512 5824
	6208 5824
	6208 5856
	4512 5856
4
	0 5856
	1792 5856
	1792 5888
	0 5888
4
	2688 5856
	2784 5856
	2784 5888
	2688 5888
4
	4448 5856
	6208 5856
	6208 5888
	4448 5888
4
	0 5888
	1856 5888
	1856 5920
	0 5920
4
	2688 5888
	2752 5888
	2752 5920
	2688 5920
4
	4384 5888
	6208 5888
	6208 5920
	4384 5920
4
	0 5920
	1920 5920
	1920 5952
	0 5952
4
	2688 5920
	2784 5920
	2784 5952
	2688 5952
4
	4352 5920
	6208 5920
	6208 5952
	4352 5952
4
	0 5952
	1952 5952
	1952 5984
	0 5984
4
	2688 5952
	2784 5952
	2784 5984
	2688 5984
4
	4288 5952
	6208 5952
	6208 5984
	4288 5984
4
	0 5984
	2016 5984
	2016 6016
	0 6016
4
	2688 5984
	2784 5984
	2784 6016
	2688 6016
4
	4224 5984
	6208 5984
	6208 6016
	4224 6016
4
	0 6016
	2080 6016
	2080 6048
	0 6048
4
	2208 6016
	2240 6016
	2240 6048
	2208 6048
4
	2688 6016
	2784 6016
	2784 6048
	2688 6048
4
	4160 6016
	6208 6016
	6208 6048
	4160 6048
4
	0 6048
	2272 6048
	2272 6080
	0 6080
4
	2688 6048
	2784 6048
	2784 6080
	2688 6080
4
	2976 6048
	3232 6048
	3232 6080
	2976 6080
4
	3968 6048
	4032 6048
	4032 6080
	3968 6080
4
	4128 6048
	6208 6048
	6208 6080
	4128 6080
4
	0 6080
	2272 6080
	2272 6112
	0 6112
4
	2336 6080
	2400 6080
	2400 6112
	2336 6112
4
	2688 6080
	2784 6080
	2784 6112
	2688 6112
4
	2976 6080
	3232 6080
	3232 6112
	2976 6112
4
	3808 6080
	3872 6080
	3872 6112
	3808 6112
4
	3936 6080
	6208 6080
	6208 6112
	3936 6112
4
	0 6112
	2304 6112
	2304 6144
	0 6144
4
	2336 6112
	2400 6112
	2400 6144
	2336 6144
4
	2688 6112
	2752 6112
	2752 6144
	2688 6144
4
	2976 6112
	3232 6112
	3232 6144
	2976 6144
4
	3808 6112
	3872 6112
	3872 6144
	3808 6144
4
	3936 6112
	6208 6112
	6208 6144
	3936 6144
4
	0 6144
	2464 6144
	2464 6176
	0 6176
4
	2976 6144
	3232 6144
	3232 6176
	2976 6176
4
	3744 6144
	6208 6144
	6208 6176
	3744 6176
4
	0 6176
	6208 6176
	6208 6208
	0 6208
4
	-32 -32
	6240 -32
	6240 0
	-32 0
4
	-32 6208
	6240 6208
	6240 6240
	-32 6240
4
	-32 0
	0 0
	0 6208
	-32 6208
4
	6208 0
	6240 0
	6240 6208
	6208 6208
