822
4
	0 0
	6208 0
	6208 32
	0 32
4
	0 32
	6208 32
	6208 64
	0 64
4
	0 64
	6208 64
	6208 96
	0 96
4
	0 96
	6208 96
	6208 128
	0 128
4
	0 128
	6208 128
	6208 160
	0 160
4
	0 160
	6208 160
	6208 192
	0 192
4
	0 192
	6208 192
	6208 224
	0 224
4
	0 224
	6208 224
	6208 256
	0 256
4
	0 256
	6208 256
	6208 288
	0 288
4
	0 288
	6208 288
	6208 320
	0 320
4
	0 320
	6208 320
	6208 352
	0 352
4
	0 352
	6208 352
	6208 384
	0 384
4
	0 384
	6208 384
	6208 416
	0 416
4
	0 416
	6208 416
	6208 448
	0 448
4
	0 448
	6208 448
	6208 480
	0 480
4
	0 480
	6208 480
	6208 512
	0 512
4
	0 512
	6208 512
	6208 544
	0 544
4
	0 544
	6208 544
	6208 576
	0 576
4
	0 576
	6208 576
	6208 608
	0 608
4
	0 608
	6208 608
	6208 640
	0 640
4
	0 640
	6208 640
	6208 672
	0 672
4
	0 672
	4576 672
	4576 704
	0 704
4
	4640 672
	4800 672
	4800 704
	4640 704
4
	4928 672
	6208 672
	6208 704
	4928 704
4
	0 704
	4576 704
	4576 736
	0 736
4
	4672 704
	4768 704
	4768 736
	4672 736
4
	4960 704
	5024 704
	5024 736
	4960 736
4
	5088 704
	6208 704
	6208 736
	5088 736
4
	0 736
	4608 736
	4608 768
	0 768
4
	5152 736
	6208 736
	6208 768
	5152 768
4
	0 768
	4576 768
	4576 800
	0 800
4
	5024 768
	5088 768
	5088 800
	5024 800
4
	5184 768
	6208 768
	6208 800
	5184 800
4
	0 800
	4512 800
	4512 832
	0 832
4
	4992 800
	5152 800
	5152 832
	4992 832
4
	5216 800
	6208 800
	6208 832
	5216 832
4
	0 832
	4480 832
	4480 864
	0 864
4
	4960 832
	6208 832
	6208 864
	4960 864
4
	0 864
	4480 864
	4480 896
	0 896
4
	4992 864
	5024 864
	5024 896
	4992 896
4
	5088 864
	6208 864
	6208 896
	5088 896
4
	0 896
	4512 896
	4512 928
	0 928
4
	4896 896
	5056 896
	5056 928
	4896 928
4
	5184 896
	6208 896
	6208 928
	5184 928
4
	0 928
	4480 928
	4480 960
	0 960
4
	4864 928
	5088 928
	5088 960
	4864 960
4
	5216 928
	6208 928
	6208 960
	5216 960
4
	0 960
	4416 960
	4416 992
	0 992
4
	4832 960
	5120 960
	5120 992
	4832 992
4
	5248 960
	6208 960
	6208 992
	5248 992
4
	0 992
	4416 992
	4416 1024
	0 1024
4
	4832 992
	5120 992
	5120 1024
	4832 1024
4
	5280 992
	6208 992
	6208 1024
	5280 1024
4
	0 1024
	4416 1024
	4416 1056
	0 1056
4
	4832 1024
	5120 1024
	5120 1056
	4832 1056
4
	5312 1024
	5440 1024
	5440 1056
	5312 1056
4
	5472 1024
	6208 1024
	6208 1056
	5472 1056
4
	0 1056
	4416 1056
	4416 1088
	0 1088
4
	4832 1056
	5120 1056
	5120 1088
	4832 1088
4
	5312 1056
	5440 1056
	5440 1088
	5312 1088
4
	5472 1056
	6208 1056
	6208 1088
	5472 1088
4
	0 1088
	4352 1088
	4352 1120
	0 1120
4
	4864 1088
	5088 1088
	5088 1120
	4864 1120
4
	5312 1088
	5408 1088
	5408 1120
	5312 1120
4
	5504 1088
	6208 1088
	6208 1120
	5504 1120
4
	0 1120
	4320 1120
	4320 1152
	0 1152
4
	4896 1120
	5056 1120
	5056 1152
	4896 1152
4
	5504 1120
	6208 1120
	6208 1152
	5504 1152
4
	0 1152
	4320 1152
	4320 1184
	0 1184
4
	5536 1152
	6208 1152
	6208 1184
	5536 1184
4
	0 1184
	4416 1184
	4416 1216
	0 1216
4
	5472 1184
	6208 1184
	6208 1216
	5472 1216
4
	0 1216
	4448 1216
	4448 1248
	0 1248
4
	5472 1216
	6208 1216
	6208 1248
	5472 1248
4
	0 1248
	4448 1248
	4448 1280
	0 1280
4
	4480 1248
	4544 1248
	4544 1280
	4480 1280
4
	5472 1248
	6208 1248
	6208 1280
	5472 1280
4
	0 1280
	4448 1280
	4448 1312
	0 1312
4
	4480 1280
	4544 1280
	4544 1312
	4480 1312
4
	5440 1280
	6208 1280
	6208 1312
	5440 1312
4
	0 1312
	4544 1312
	4544 1344
	0 1344
4
	5408 1312
	6208 1312
	6208 1344
	5408 1344
4
	0 1344
	4544 1344
	4544 1376
	0 1376
4
	5376 1344
	6208 1344
	6208 1376
	5376 1376
4
	0 1376
	4576 1376
	4576 1408
	0 1408
4
	5344 1376
	6208 1376
	6208 1408
	5344 1408
4
	0 1408
	4608 1408
	4608 1440
	0 1440
4
	5312 1408
	6208 1408
	6208 1440
	5312 1440
4
	0 1440
	4608 1440
	4608 1472
	0 1472
4
	5312 1440
	6208 1440
	6208 1472
	5312 1472
4
	0 1472
	4576 1472
	4576 1504
	0 1504
4
	5344 1472
	6208 1472
	6208 1504
	5344 1504
4
	0 1504
	4544 1504
	4544 1536
	0 1536
4
	5408 1504
	6208 1504
	6208 1536
	5408 1536
4
	0 1536
	4512 1536
	4512 1568
	0 1568
4
	5440 1536
	6208 1536
	6208 1568
	5440 1568
4
	0 1568
	4480 1568
	4480 1600
	0 1600
4
	5472 1568
	6208 1568
	6208 1600
	5472 1600
4
	0 1600
	4448 1600
	4448 1632
	0 1632
4
	4736 1600
	4800 1600
	4800 1632
	4736 1632
4
	4832 1600
	4896 1600
	4896 1632
	4832 1632
4
	5088 1600
	5120 1600
	5120 1632
	5088 1632
4
	5504 1600
	6208 1600
	6208 1632
	5504 1632
4
	0 1632
	4416 1632
	4416 1664
	0 1664
4
	4704 1632
	4896 1632
	4896 1664
	4704 1664
4
	5472 1632
	6208 1632
	6208 1664
	5472 1664
4
	0 1664
	4384 1664
	4384 1696
	0 1696
4
	4672 1664
	4928 1664
	4928 1696
	4672 1696
4
	5408 1664
	6208 1664
	6208 1696
	5408 1696
4
	0 1696
	4352 1696
	4352 1728
	0 1728
4
	4640 1696
	4928 1696
	4928 1728
	4640 1728
4
	5376 1696
	6208 1696
	6208 1728
	5376 1728
4
	0 1728
	4320 1728
	4320 1760
	0 1760
4
	4608 1728
	4864 1728
	4864 1760
	4608 1760
4
	5376 1728
	6208 1728
	6208 1760
	5376 1760
4
	0 1760
	4288 1760
	4288 1792
	0 1792
4
	4576 1760
	4832 1760
	4832 1792
	4576 1792
4
	5376 1760
	6208 1760
	6208 1792
	5376 1792
4
	0 1792
	4256 1792
	4256 1824
	0 1824
4
	4544 1792
	4864 1792
	4864 1824
	4544 1824
4
	5216 1792
	5248 1792
	5248 1824
	5216 1824
4
	5408 1792
	6208 1792
	6208 1824
	5408 1824
4
	0 1824
	2976 1824
	2976 1856
	0 1856
4
	3008 1824
	4224 1824
	4224 1856
	3008 1856
4
	4512 1824
	4864 1824
	4864 1856
	4512 1856
4
	5152 1824
	5280 1824
	5280 1856
	5152 1856
4
	5440 1824
	6208 1824
	6208 1856
	5440 1856
4
	0 1856
	2880 1856
	2880 1888
	0 1888
4
	3168 1856
	3264 1856
	3264 1888
	3168 1888
4
	3328 1856
	4192 1856
	4192 1888
	3328 1888
4
	4480 1856
	4896 1856
	4896 1888
	4480 1888
4
	5088 1856
	5280 1856
	5280 1888
	5088 1888
4
	5472 1856
	6208 1856
	6208 1888
	5472 1888
4
	0 1888
	2752 1888
	2752 1920
	0 1920
4
	3168 1888
	3264 1888
	3264 1920
	3168 1920
4
	3456 1888
	4192 1888
	4192 1920
	3456 1920
4
	4448 1888
	4864 1888
	4864 1920
	4448 1920
4
	5024 1888
	5280 1888
	5280 1920
	5024 1920
4
	5536 1888
	6208 1888
	6208 1920
	5536 1920
4
	0 1920
	2656 1920
	2656 1952
	0 1952
4
	3168 1920
	3232 1920
	3232 1952
	3168 1952
4
	3584 1920
	4192 1920
	4192 1952
	3584 1952
4
	4416 1920
	4928 1920
	4928 1952
	4416 1952
4
	4960 1920
	5280 1920
	5280 1952
	4960 1952
4
	5568 1920
	6208 1920
	6208 1952
	5568 1952
4
	0 1952
	2528 1952
	2528 1984
	0 1984
4
	2560 1952
	2656 1952
	2656 1984
	2560 1984
4
	3648 1952
	4160 1952
	4160 1984
	3648 1984
4
	4384 1952
	5248 1952
	5248 1984
	4384 1984
4
	5568 1952
	6208 1952
	6208 1984
	5568 1984
4
	0 1984
	2528 1984
	2528 2016
	0 2016
4
	2560 1984
	2656 1984
	2656 2016
	2560 2016
4
	3680 1984
	4128 1984
	4128 2016
	3680 2016
4
	4352 1984
	5248 1984
	5248 2016
	4352 2016
4
	5600 1984
	6208 1984
	6208 2016
	5600 2016
4
	0 2016
	2496 2016
	2496 2048
	0 2048
4
	2560 2016
	2656 2016
	2656 2048
	2560 2048
4
	3712 2016
	4096 2016
	4096 2048
	3712 2048
4
	4256 2016
	5248 2016
	5248 2048
	4256 2048
4
	5632 2016
	6208 2016
	6208 2048
	5632 2048
4
	0 2048
	2368 2048
	2368 2080
	0 2080
4
	2560 2048
	2656 2048
	2656 2080
	2560 2080
4
	3776 2048
	4064 2048
	4064 2080
	3776 2080
4
	4224 2048
	5152 2048
	5152 2080
	4224 2080
4
	5728 2048
	6208 2048
	6208 2080
	5728 2080
4
	0 2080
	2336 2080
	2336 2112
	0 2112
4
	3744 2080
	4032 2080
	4032 2112
	3744 2112
4
	4192 2080
	5120 2080
	5120 2112
	4192 2112
4
	5728 2080
	6208 2080
	6208 2112
	5728 2112
4
	0 2112
	2304 2112
	2304 2144
	0 2144
4
	3712 2112
	4032 2112
	4032 2144
	3712 2144
4
	4160 2112
	5056 2112
	5056 2144
	4160 2144
4
	5728 2112
	6208 2112
	6208 2144
	5728 2144
4
	0 2144
	2272 2144
	2272 2176
	0 2176
4
	3680 2144
	4064 2144
	4064 2176
	3680 2176
4
	4128 2144
	5056 2144
	5056 2176
	4128 2176
4
	5664 2144
	6208 2144
	6208 2176
	5664 2176
4
	0 2176
	2240 2176
	2240 2208
	0 2208
4
	3648 2176
	4992 2176
	4992 2208
	3648 2208
4
	5600 2176
	6208 2176
	6208 2208
	5600 2208
4
	0 2208
	2208 2208
	2208 2240
	0 2240
4
	3616 2208
	5024 2208
	5024 2240
	3616 2240
4
	5568 2208
	6208 2208
	6208 2240
	5568 2240
4
	0 2240
	2176 2240
	2176 2272
	0 2272
4
	3584 2240
	4768 2240
	4768 2272
	3584 2272
4
	4800 2240
	5024 2240
	5024 2272
	4800 2272
4
	5504 2240
	6208 2240
	6208 2272
	5504 2272
4
	0 2272
	2144 2272
	2144 2304
	0 2304
4
	3584 2272
	4704 2272
	4704 2304
	3584 2304
4
	4800 2272
	5024 2272
	5024 2304
	4800 2304
4
	5504 2272
	6208 2272
	6208 2304
	5504 2304
4
	0 2304
	2112 2304
	2112 2336
	0 2336
4
	3584 2304
	4640 2304
	4640 2336
	3584 2336
4
	4800 2304
	5024 2304
	5024 2336
	4800 2336
4
	5504 2304
	6208 2304
	6208 2336
	5504 2336
4
	0 2336
	2080 2336
	2080 2368
	0 2368
4
	3552 2336
	4576 2336
	4576 2368
	3552 2368
4
	4800 2336
	5024 2336
	5024 2368
	4800 2368
4
	5504 2336
	6208 2336
	6208 2368
	5504 2368
4
	0 2368
	1664 2368
	1664 2400
	0 2400
4
	1696 2368
	2048 2368
	2048 2400
	1696 2400
4
	3520 2368
	3616 2368
	3616 2400
	3520 2400
4
	3648 2368
	4544 2368
	4544 2400
	3648 2400
4
	4832 2368
	5056 2368
	5056 2400
	4832 2400
4
	5504 2368
	6208 2368
	6208 2400
	5504 2400
4
	0 2400
	1664 2400
	1664 2432
	0 2432
4
	1760 2400
	2112 2400
	2112 2432
	1760 2432
4
	3520 2400
	3616 2400
	3616 2432
	3520 2432
4
	3680 2400
	4480 2400
	4480 2432
	3680 2432
4
	4832 2400
	5056 2400
	5056 2432
	4832 2432
4
	5504 2400
	6208 2400
	6208 2432
	5504 2432
4
	0 2432
	1632 2432
	1632 2464
	0 2464
4
	1824 2432
	2144 2432
	2144 2464
	1824 2464
4
	3488 2432
	3584 2432
	3584 2464
	3488 2464
4
	3712 2432
	4128 2432
	4128 2464
	3712 2464
4
	4160 2432
	4416 2432
	4416 2464
	4160 2464
4
	4800 2432
	5024 2432
	5024 2464
	4800 2464
4
	5504 2432
	6208 2432
	6208 2464
	5504 2464
4
	0 2464
	1600 2464
	1600 2496
	0 2496
4
	1824 2464
	2144 2464
	2144 2496
	1824 2496
4
	3744 2464
	4096 2464
	4096 2496
	3744 2496
4
	4160 2464
	4384 2464
	4384 2496
	4160 2496
4
	4768 2464
	4992 2464
	4992 2496
	4768 2496
4
	5504 2464
	6208 2464
	6208 2496
	5504 2496
4
	0 2496
	1600 2496
	1600 2528
	0 2528
4
	1824 2496
	2016 2496
	2016 2528
	1824 2528
4
	2048 2496
	2112 2496
	2112 2528
	2048 2528
4
	3776 2496
	4064 2496
	4064 2528
	3776 2528
4
	4192 2496
	4384 2496
	4384 2528
	4192 2528
4
	4800 2496
	4832 2496
	4832 2528
	4800 2528
4
	4864 2496
	4992 2496
	4992 2528
	4864 2528
4
	5504 2496
	6208 2496
	6208 2528
	5504 2528
4
	0 2528
	1568 2528
	1568 2560
	0 2560
4
	1888 2528
	1952 2528
	1952 2560
	1888 2560
4
	3584 2528
	3648 2528
	3648 2560
	3584 2560
4
	3808 2528
	4032 2528
	4032 2560
	3808 2560
4
	4256 2528
	4384 2528
	4384 2560
	4256 2560
4
	5504 2528
	6208 2528
	6208 2560
	5504 2560
4
	0 2560
	1600 2560
	1600 2592
	0 2592
4
	1856 2560
	1952 2560
	1952 2592
	1856 2592
4
	3552 2560
	3680 2560
	3680 2592
	3552 2592
4
	3840 2560
	4000 2560
	4000 2592
	3840 2592
4
	4288 2560
	4384 2560
	4384 2592
	4288 2592
4
	5536 2560
	6208 2560
	6208 2592
	5536 2592
4
	0 2592
	1664 2592
	1664 2624
	0 2624
4
	1856 2592
	1984 2592
	1984 2624
	1856 2624
4
	3584 2592
	3680 2592
	3680 2624
	3584 2624
4
	3808 2592
	3968 2592
	3968 2624
	3808 2624
4
	4288 2592
	4416 2592
	4416 2624
	4288 2624
4
	5568 2592
	6208 2592
	6208 2624
	5568 2624
4
	0 2624
	1696 2624
	1696 2656
	0 2656
4
	1952 2624
	1984 2624
	1984 2656
	1952 2656
4
	3616 2624
	3680 2624
	3680 2656
	3616 2656
4
	3776 2624
	3872 2624
	3872 2656
	3776 2656
4
	4288 2624
	4416 2624
	4416 2656
	4288 2656
4
	5600 2624
	6208 2624
	6208 2656
	5600 2656
4
	0 2656
	1696 2656
	1696 2688
	0 2688
4
	3776 2656
	3840 2656
	3840 2688
	3776 2688
4
	4288 2656
	4416 2656
	4416 2688
	4288 2688
4
	4928 2656
	5056 2656
	5056 2688
	4928 2688
4
	5632 2656
	6208 2656
	6208 2688
	5632 2688
4
	0 2688
	1664 2688
	1664 2720
	0 2720
4
	4320 2688
	4448 2688
	4448 2720
	4320 2720
4
	4928 2688
	5056 2688
	5056 2720
	4928 2720
4
	5664 2688
	6208 2688
	6208 2720
	5664 2720
4
	0 2720
	1664 2720
	1664 2752
	0 2752
4
	4320 2720
	4448 2720
	4448 2752
	4320 2752
4
	4928 2720
	5088 2720
	5088 2752
	4928 2752
4
	5728 2720
	6208 2720
	6208 2752
	5728 2752
4
	0 2752
	1696 2752
	1696 2784
	0 2784
4
	4320 2752
	4448 2752
	4448 2784
	4320 2784
4
	4928 2752
	5088 2752
	5088 2784
	4928 2784
4
	5792 2752
	6208 2752
	6208 2784
	5792 2784
4
	0 2784
	1728 2784
	1728 2816
	0 2816
4
	4320 2784
	4448 2784
	4448 2816
	4320 2816
4
	4928 2784
	5184 2784
	5184 2816
	4928 2816
4
	5792 2784
	6208 2784
	6208 2816
	5792 2816
4
	0 2816
	1792 2816
	1792 2848
	0 2848
4
	4352 2816
	4480 2816
	4480 2848
	4352 2848
4
	4928 2816
	5216 2816
	5216 2848
	4928 2848
4
	5792 2816
	5856 2816
	5856 2848
	5792 2848
4
	5888 2816
	6208 2816
	6208 2848
	5888 2848
4
	0 2848
	1856 2848
	1856 2880
	0 2880
4
	4352 2848
	4480 2848
	4480 2880
	4352 2880
4
	4960 2848
	5248 2848
	5248 2880
	4960 2880
4
	5792 2848
	5856 2848
	5856 2880
	5792 2880
4
	5888 2848
	6208 2848
	6208 2880
	5888 2880
4
	0 2880
	1888 2880
	1888 2912
	0 2912
4
	4352 2880
	4480 2880
	4480 2912
	4352 2912
4
	4960 2880
	5248 2880
	5248 2912
	4960 2912
4
	5888 2880
	6208 2880
	6208 2912
	5888 2912
4
	0 2912
	1888 2912
	1888 2944
	0 2944
4
	3040 2912
	3168 2912
	3168 2944
	3040 2944
4
	4384 2912
	4480 2912
	4480 2944
	4384 2944
4
	4960 2912
	5248 2912
	5248 2944
	4960 2944
4
	5280 2912
	5312 2912
	5312 2944
	5280 2944
4
	5888 2912
	6208 2912
	6208 2944
	5888 2944
4
	0 2944
	1888 2944
	1888 2976
	0 2976
4
	3008 2944
	3200 2944
	3200 2976
	3008 2976
4
	4384 2944
	4512 2944
	4512 2976
	4384 2976
4
	4992 2944
	5472 2944
	5472 2976
	4992 2976
4
	5792 2944
	6208 2944
	6208 2976
	5792 2976
4
	0 2976
	1824 2976
	1824 3008
	0 3008
4
	3008 2976
	3200 2976
	3200 3008
	3008 3008
4
	4384 2976
	4512 2976
	4512 3008
	4384 3008
4
	4992 2976
	5504 2976
	5504 3008
	4992 3008
4
	5760 2976
	6208 2976
	6208 3008
	5760 3008
4
	0 3008
	1824 3008
	1824 3040
	0 3040
4
	3008 3008
	3200 3008
	3200 3040
	3008 3040
4
	4224 3008
	4288 3008
	4288 3040
	4224 3040
4
	4352 3008
	4544 3008
	4544 3040
	4352 3040
4
	4992 3008
	5504 3008
	5504 3040
	4992 3040
4
	5792 3008
	6208 3008
	6208 3040
	5792 3040
4
	0 3040
	1856 3040
	1856 3072
	0 3072
4
	3008 3040
	3200 3040
	3200 3072
	3008 3072
4
	4224 3040
	4288 3040
	4288 3072
	4224 3072
4
	4352 3040
	4576 3040
	4576 3072
	4352 3072
4
	4992 3040
	5600 3040
	5600 3072
	4992 3072
4
	5728 3040
	6208 3040
	6208 3072
	5728 3072
4
	0 3072
	1920 3072
	1920 3104
	0 3104
4
	2944 3072
	3264 3072
	3264 3104
	2944 3104
4
	4224 3072
	4288 3072
	4288 3104
	4224 3104
4
	4352 3072
	4576 3072
	4576 3104
	4352 3104
4
	4992 3072
	5600 3072
	5600 3104
	4992 3104
4
	5728 3072
	6208 3072
	6208 3104
	5728 3104
4
	0 3104
	1920 3104
	1920 3136
	0 3136
4
	2944 3104
	3296 3104
	3296 3136
	2944 3136
4
	3328 3104
	3360 3104
	3360 3136
	3328 3136
4
	4160 3104
	4288 3104
	4288 3136
	4160 3136
4
	4352 3104
	4576 3104
	4576 3136
	4352 3136
4
	4992 3104
	5600 3104
	5600 3136
	4992 3136
4
	5728 3104
	6208 3104
	6208 3136
	5728 3136
4
	0 3136
	1856 3136
	1856 3168
	0 3168
4
	2944 3136
	3296 3136
	3296 3168
	2944 3168
4
	4160 3136
	4192 3136
	4192 3168
	4160 3168
4
	4224 3136
	4576 3136
	4576 3168
	4224 3168
4
	4992 3136
	5600 3136
	5600 3168
	4992 3168
4
	5728 3136
	6208 3136
	6208 3168
	5728 3168
4
	0 3168
	1920 3168
	1920 3200
	0 3200
4
	2944 3168
	3296 3168
	3296 3200
	2944 3200
4
	4256 3168
	4544 3168
	4544 3200
	4256 3200
4
	4992 3168
	5216 3168
	5216 3200
	4992 3200
4
	5376 3168
	5536 3168
	5536 3200
	5376 3200
4
	5792 3168
	6208 3168
	6208 3200
	5792 3200
4
	0 3200
	1984 3200
	1984 3232
	0 3232
4
	2944 3200
	3264 3200
	3264 3232
	2944 3232
4
	4192 3200
	4224 3200
	4224 3232
	4192 3232
4
	4256 3200
	4512 3200
	4512 3232
	4256 3232
4
	4992 3200
	5216 3200
	5216 3232
	4992 3232
4
	5376 3200
	5536 3200
	5536 3232
	5376 3232
4
	5792 3200
	5920 3200
	5920 3232
	5792 3232
4
	5984 3200
	6208 3200
	6208 3232
	5984 3232
4
	0 3232
	2048 3232
	2048 3264
	0 3264
4
	2976 3232
	3072 3232
	3072 3264
	2976 3264
4
	3136 3232
	3232 3232
	3232 3264
	3136 3264
4
	4256 3232
	4576 3232
	4576 3264
	4256 3264
4
	4960 3232
	5248 3232
	5248 3264
	4960 3264
4
	5408 3232
	5536 3232
	5536 3264
	5408 3264
4
	5792 3232
	5920 3232
	5920 3264
	5792 3264
4
	6048 3232
	6208 3232
	6208 3264
	6048 3264
4
	0 3264
	1792 3264
	1792 3296
	0 3296
4
	1824 3264
	2048 3264
	2048 3296
	1824 3296
4
	3104 3264
	3232 3264
	3232 3296
	3104 3296
4
	4288 3264
	4576 3264
	4576 3296
	4288 3296
4
	4960 3264
	5216 3264
	5216 3296
	4960 3296
4
	6048 3264
	6208 3264
	6208 3296
	6048 3296
4
	0 3296
	1408 3296
	1408 3328
	0 3328
4
	1504 3296
	1792 3296
	1792 3328
	1504 3328
4
	1856 3296
	2048 3296
	2048 3328
	1856 3328
4
	3104 3296
	3200 3296
	3200 3328
	3104 3328
4
	4320 3296
	4576 3296
	4576 3328
	4320 3328
4
	4960 3296
	5184 3296
	5184 3328
	4960 3328
4
	6048 3296
	6208 3296
	6208 3328
	6048 3328
4
	0 3328
	1280 3328
	1280 3360
	0 3360
4
	1600 3328
	1792 3328
	1792 3360
	1600 3360
4
	1856 3328
	2048 3328
	2048 3360
	1856 3360
4
	3104 3328
	3200 3328
	3200 3360
	3104 3360
4
	4384 3328
	4544 3328
	4544 3360
	4384 3360
4
	4800 3328
	4832 3328
	4832 3360
	4800 3360
4
	4928 3328
	5184 3328
	5184 3360
	4928 3360
4
	6016 3328
	6208 3328
	6208 3360
	6016 3360
4
	0 3360
	1216 3360
	1216 3392
	0 3392
4
	1536 3360
	1568 3360
	1568 3392
	1536 3392
4
	1600 3360
	1824 3360
	1824 3392
	1600 3392
4
	1856 3360
	2048 3360
	2048 3392
	1856 3392
4
	3136 3360
	3200 3360
	3200 3392
	3136 3392
4
	4800 3360
	5184 3360
	5184 3392
	4800 3392
4
	6016 3360
	6208 3360
	6208 3392
	6016 3392
4
	0 3392
	1216 3392
	1216 3424
	0 3424
4
	1536 3392
	1568 3392
	1568 3424
	1536 3424
4
	1600 3392
	1824 3392
	1824 3424
	1600 3424
4
	1856 3392
	2048 3392
	2048 3424
	1856 3424
4
	4832 3392
	5280 3392
	5280 3424
	4832 3424
4
	5984 3392
	6208 3392
	6208 3424
	5984 3424
4
	0 3424
	1248 3424
	1248 3456
	0 3456
4
	1600 3424
	1728 3424
	1728 3456
	1600 3456
4
	1856 3424
	2016 3424
	2016 3456
	1856 3456
4
	4928 3424
	5376 3424
	5376 3456
	4928 3456
4
	6016 3424
	6208 3424
	6208 3456
	6016 3456
4
	0 3456
	1248 3456
	1248 3488
	0 3488
4
	1856 3456
	2016 3456
	2016 3488
	1856 3488
4
	2496 3456
	2528 3456
	2528 3488
	2496 3488
4
	4896 3456
	5376 3456
	5376 3488
	4896 3488
4
	6080 3456
	6208 3456
	6208 3488
	6080 3488
4
	0 3488
	1248 3488
	1248 3520
	0 3520
4
	1568 3488
	1600 3488
	1600 3520
	1568 3520
4
	1856 3488
	1984 3488
	1984 3520
	1856 3520
4
	2400 3488
	2592 3488
	2592 3520
	2400 3520
4
	4736 3488
	4832 3488
	4832 3520
	4736 3520
4
	4896 3488
	5344 3488
	5344 3520
	4896 3520
4
	6080 3488
	6208 3488
	6208 3520
	6080 3520
4
	0 3520
	1216 3520
	1216 3552
	0 3552
4
	1568 3520
	1600 3520
	1600 3552
	1568 3552
4
	1856 3520
	1984 3520
	1984 3552
	1856 3552
4
	2368 3520
	2656 3520
	2656 3552
	2368 3552
4
	3040 3520
	3232 3520
	3232 3552
	3040 3552
4
	4256 3520
	4384 3520
	4384 3552
	4256 3552
4
	4704 3520
	4832 3520
	4832 3552
	4704 3552
4
	4864 3520
	5344 3520
	5344 3552
	4864 3552
4
	6112 3520
	6208 3520
	6208 3552
	6112 3552
4
	0 3552
	1216 3552
	1216 3584
	0 3584
4
	1248 3552
	1280 3552
	1280 3584
	1248 3584
4
	1856 3552
	1984 3552
	1984 3584
	1856 3584
4
	2400 3552
	2720 3552
	2720 3584
	2400 3584
4
	2880 3552
	3328 3552
	3328 3584
	2880 3584
4
	4192 3552
	4416 3552
	4416 3584
	4192 3584
4
	4704 3552
	4832 3552
	4832 3584
	4704 3584
4
	4864 3552
	5120 3552
	5120 3584
	4864 3584
4
	5248 3552
	5344 3552
	5344 3584
	5248 3584
4
	6112 3552
	6208 3552
	6208 3584
	6112 3584
4
	0 3584
	1216 3584
	1216 3616
	0 3616
4
	1248 3584
	1280 3584
	1280 3616
	1248 3616
4
	1376 3584
	1440 3584
	1440 3616
	1376 3616
4
	1472 3584
	1536 3584
	1536 3616
	1472 3616
4
	1856 3584
	2016 3584
	2016 3616
	1856 3616
4
	2432 3584
	3328 3584
	3328 3616
	2432 3616
4
	4192 3584
	4448 3584
	4448 3616
	4192 3616
4
	4736 3584
	4800 3584
	4800 3616
	4736 3616
4
	4864 3584
	5120 3584
	5120 3616
	4864 3616
4
	6080 3584
	6208 3584
	6208 3616
	6080 3616
4
	0 3616
	1216 3616
	1216 3648
	0 3648
4
	1248 3616
	1280 3616
	1280 3648
	1248 3648
4
	1344 3616
	1440 3616
	1440 3648
	1344 3648
4
	1856 3616
	2016 3616
	2016 3648
	1856 3648
4
	2464 3616
	3360 3616
	3360 3648
	2464 3648
4
	3935 3647
	3937 3647
	3937 3649
	3935 3649
4
	3936 3616
	4000 3616
	4000 3648
	3936 3648
4
	4192 3616
	4480 3616
	4480 3648
	4192 3648
4
	4832 3616
	5120 3616
	5120 3648
	4832 3648
4
	5920 3616
	6208 3616
	6208 3648
	5920 3648
4
	0 3648
	1312 3648
	1312 3680
	0 3680
4
	1343 3679
	1345 3679
	1345 3681
	1343 3681
4
	1344 3648
	1376 3648
	1376 3680
	1344 3680
4
	1856 3648
	2016 3648
	2016 3680
	1856 3680
4
	2528 3648
	3424 3648
	3424 3680
	2528 3680
4
	3903 3679
	3905 3679
	3905 3681
	3903 3681
4
	3904 3648
	3936 3648
	3936 3680
	3904 3680
4
	4224 3648
	4480 3648
	4480 3680
	4224 3680
4
	4832 3648
	5184 3648
	5184 3680
	4832 3680
4
	5920 3648
	6208 3648
	6208 3680
	5920 3680
4
	0 3680
	1344 3680
	1344 3712
	0 3712
4
	1856 3680
	2016 3680
	2016 3712
	1856 3712
4
	2048 3680
	2112 3680
	2112 3712
	2048 3712
4
	2560 3680
	3456 3680
	3456 3712
	2560 3712
4
	3871 3711
	3873 3711
	3873 3713
	3871 3713
4
	3872 3680
	3904 3680
	3904 3712
	3872 3712
4
	4192 3680
	4480 3680
	4480 3712
	4192 3712
4
	4704 3680
	4768 3680
	4768 3712
	4704 3712
4
	4832 3680
	5280 3680
	5280 3712
	4832 3712
4
	5920 3680
	6208 3680
	6208 3712
	5920 3712
4
	0 3712
	1344 3712
	1344 3744
	0 3744
4
	1824 3712
	2112 3712
	2112 3744
	1824 3744
4
	2688 3712
	2880 3712
	2880 3744
	2688 3744
4
	3136 3712
	3488 3712
	3488 3744
	3136 3744
4
	3839 3743
	3841 3743
	3841 3745
	3839 3745
4
	3840 3712
	3872 3712
	3872 3744
	3840 3744
4
	4160 3712
	4384 3712
	4384 3744
	4160 3744
4
	4704 3712
	5280 3712
	5280 3744
	4704 3744
4
	5920 3712
	6208 3712
	6208 3744
	5920 3744
4
	0 3744
	1344 3744
	1344 3776
	0 3776
4
	1824 3744
	2048 3744
	2048 3776
	1824 3776
4
	2688 3744
	2752 3744
	2752 3776
	2688 3776
4
	3264 3744
	3520 3744
	3520 3776
	3264 3776
4
	3775 3775
	3777 3775
	3777 3777
	3775 3777
4
	3776 3744
	3840 3744
	3840 3776
	3776 3776
4
	4160 3744
	4384 3744
	4384 3776
	4160 3776
4
	4768 3744
	5280 3744
	5280 3776
	4768 3776
4
	5920 3744
	6208 3744
	6208 3776
	5920 3776
4
	0 3776
	1376 3776
	1376 3808
	0 3808
4
	1824 3776
	2048 3776
	2048 3808
	1824 3808
4
	3328 3776
	3552 3776
	3552 3808
	3328 3808
4
	3743 3807
	3745 3807
	3745 3809
	3743 3809
4
	3744 3776
	3776 3776
	3776 3808
	3744 3808
4
	4160 3776
	4384 3776
	4384 3808
	4160 3808
4
	4832 3776
	5280 3776
	5280 3808
	4832 3808
4
	5920 3776
	6208 3776
	6208 3808
	5920 3808
4
	0 3808
	1376 3808
	1376 3840
	0 3840
4
	1824 3808
	2080 3808
	2080 3840
	1824 3840
4
	3360 3808
	3584 3808
	3584 3840
	3360 3840
4
	3712 3808
	3744 3808
	3744 3840
	3712 3840
4
	4160 3808
	4384 3808
	4384 3840
	4160 3840
4
	4800 3808
	5056 3808
	5056 3840
	4800 3840
4
	5120 3808
	5248 3808
	5248 3840
	5120 3840
4
	5920 3808
	5984 3808
	5984 3840
	5920 3840
4
	6016 3808
	6208 3808
	6208 3840
	6016 3840
4
	0 3840
	1376 3840
	1376 3872
	0 3872
4
	1824 3840
	2112 3840
	2112 3872
	1824 3872
4
	3392 3840
	3616 3840
	3616 3872
	3392 3872
4
	3743 3871
	3745 3871
	3745 3873
	3743 3873
4
	3712 3840
	3744 3840
	3744 3872
	3712 3872
4
	4160 3840
	4384 3840
	4384 3872
	4160 3872
4
	4800 3840
	5056 3840
	5056 3872
	4800 3872
4
	6016 3840
	6208 3840
	6208 3872
	6016 3872
4
	0 3872
	1376 3872
	1376 3904
	0 3904
4
	1888 3872
	2144 3872
	2144 3904
	1888 3904
4
	3424 3872
	3648 3872
	3648 3904
	3424 3904
4
	3775 3903
	3777 3903
	3777 3905
	3775 3905
4
	3744 3872
	3776 3872
	3776 3904
	3744 3904
4
	4128 3872
	4320 3872
	4320 3904
	4128 3904
4
	4800 3872
	5024 3872
	5024 3904
	4800 3904
4
	5952 3872
	5984 3872
	5984 3904
	5952 3904
4
	6016 3872
	6208 3872
	6208 3904
	6016 3904
4
	0 3904
	1408 3904
	1408 3936
	0 3936
4
	1920 3904
	2176 3904
	2176 3936
	1920 3936
4
	3456 3904
	3680 3904
	3680 3936
	3456 3936
4
	3776 3904
	3808 3904
	3808 3936
	3776 3936
4
	4096 3904
	4224 3904
	4224 3936
	4096 3936
4
	4800 3904
	5152 3904
	5152 3936
	4800 3936
4
	5920 3904
	6208 3904
	6208 3936
	5920 3936
4
	0 3936
	1408 3936
	1408 3968
	0 3968
4
	1952 3936
	2176 3936
	2176 3968
	1952 3968
4
	3456 3936
	3712 3936
	3712 3968
	3456 3968
4
	3776 3936
	3840 3936
	3840 3968
	3776 3968
4
	4064 3936
	4192 3936
	4192 3968
	4064 3968
4
	4768 3936
	5216 3936
	5216 3968
	4768 3968
4
	5920 3936
	6208 3936
	6208 3968
	5920 3968
4
	0 3968
	1408 3968
	1408 4000
	0 4000
4
	1984 3968
	2208 3968
	2208 4000
	1984 4000
4
	3488 3968
	3744 3968
	3744 4000
	3488 4000
4
	3808 3968
	3872 3968
	3872 4000
	3808 4000
4
	4032 3968
	4160 3968
	4160 4000
	4032 4000
4
	4768 3968
	5184 3968
	5184 4000
	4768 4000
4
	5984 3968
	6208 3968
	6208 4000
	5984 4000
4
	0 4000
	1472 4000
	1472 4032
	0 4032
4
	2016 4000
	2272 4000
	2272 4032
	2016 4032
4
	3520 4000
	3744 4000
	3744 4032
	3520 4032
4
	3808 4000
	3904 4000
	3904 4032
	3808 4032
4
	4000 4000
	4128 4000
	4128 4032
	4000 4032
4
	4736 4000
	5184 4000
	5184 4032
	4736 4032
4
	5984 4000
	6208 4000
	6208 4032
	5984 4032
4
	0 4032
	1504 4032
	1504 4064
	0 4064
4
	2048 4032
	2304 4032
	2304 4064
	2048 4064
4
	3552 4032
	3744 4032
	3744 4064
	3552 4064
4
	3808 4032
	4096 4032
	4096 4064
	3808 4064
4
	4704 4032
	4928 4032
	4928 4064
	4704 4064
4
	4992 4032
	5184 4032
	5184 4064
	4992 4064
4
	6016 4032
	6208 4032
	6208 4064
	6016 4064
4
	0 4064
	1504 4064
	1504 4096
	0 4096
4
	2080 4064
	2336 4064
	2336 4096
	2080 4096
4
	3584 4064
	3776 4064
	3776 4096
	3584 4096
4
	3808 4064
	4064 4064
	4064 4096
	3808 4096
4
	4704 4064
	4928 4064
	4928 4096
	4704 4096
4
	5088 4064
	5184 4064
	5184 4096
	5088 4096
4
	5984 4064
	6208 4064
	6208 4096
	5984 4096
4
	0 4096
	1504 4096
	1504 4128
	0 4128
4
	2112 4096
	2400 4096
	2400 4128
	2112 4128
4
	3552 4096
	3776 4096
	3776 4128
	3552 4128
4
	3808 4096
	4064 4096
	4064 4128
	3808 4128
4
	4704 4096
	4928 4096
	4928 4128
	4704 4128
4
	5984 4096
	6208 4096
	6208 4128
	5984 4128
4
	0 4128
	1536 4128
	1536 4160
	0 4160
4
	2144 4128
	2432 4128
	2432 4160
	2144 4160
4
	3552 4128
	3776 4128
	3776 4160
	3552 4160
4
	3808 4128
	4160 4128
	4160 4160
	3808 4160
4
	4672 4128
	4928 4128
	4928 4160
	4672 4160
4
	5920 4128
	6208 4128
	6208 4160
	5920 4160
4
	0 4160
	1568 4160
	1568 4192
	0 4192
4
	1632 4160
	1728 4160
	1728 4192
	1632 4192
4
	2208 4160
	2496 4160
	2496 4192
	2208 4192
4
	3616 4160
	4160 4160
	4160 4192
	3616 4192
4
	4640 4160
	4992 4160
	4992 4192
	4640 4192
4
	5920 4160
	6208 4160
	6208 4192
	5920 4192
4
	0 4192
	1600 4192
	1600 4224
	0 4224
4
	1632 4192
	1728 4192
	1728 4224
	1632 4224
4
	2240 4192
	2528 4192
	2528 4224
	2240 4224
4
	3648 4192
	4160 4192
	4160 4224
	3648 4224
4
	4608 4192
	4992 4192
	4992 4224
	4608 4224
4
	5920 4192
	6208 4192
	6208 4224
	5920 4224
4
	0 4224
	1280 4224
	1280 4256
	0 4256
4
	1408 4224
	1728 4224
	1728 4256
	1408 4256
4
	2304 4224
	2528 4224
	2528 4256
	2304 4256
4
	3680 4224
	4160 4224
	4160 4256
	3680 4256
4
	4576 4224
	4992 4224
	4992 4256
	4576 4256
4
	5888 4224
	6208 4224
	6208 4256
	5888 4256
4
	0 4256
	1248 4256
	1248 4288
	0 4288
4
	1440 4256
	1728 4256
	1728 4288
	1440 4288
4
	2304 4256
	2560 4256
	2560 4288
	2304 4288
4
	3488 4256
	4128 4256
	4128 4288
	3488 4288
4
	4544 4256
	4832 4256
	4832 4288
	4544 4288
4
	4896 4256
	5024 4256
	5024 4288
	4896 4288
4
	5888 4256
	6208 4256
	6208 4288
	5888 4288
4
	0 4288
	1184 4288
	1184 4320
	0 4320
4
	1472 4288
	1696 4288
	1696 4320
	1472 4320
4
	2304 4288
	2560 4288
	2560 4320
	2304 4320
4
	3488 4288
	4128 4288
	4128 4320
	3488 4320
4
	4512 4288
	4800 4288
	4800 4320
	4512 4320
4
	4928 4288
	5024 4288
	5024 4320
	4928 4320
4
	5888 4288
	6208 4288
	6208 4320
	5888 4320
4
	0 4320
	1120 4320
	1120 4352
	0 4352
4
	1376 4320
	1728 4320
	1728 4352
	1376 4352
4
	2336 4320
	2528 4320
	2528 4352
	2336 4352
4
	3488 4320
	4192 4320
	4192 4352
	3488 4352
4
	4480 4320
	4832 4320
	4832 4352
	4480 4352
4
	5856 4320
	6208 4320
	6208 4352
	5856 4352
4
	0 4352
	1056 4352
	1056 4384
	0 4384
4
	1376 4352
	1696 4352
	1696 4384
	1376 4384
4
	2336 4352
	2496 4352
	2496 4384
	2336 4384
4
	3008 4352
	3200 4352
	3200 4384
	3008 4384
4
	3488 4352
	4288 4352
	4288 4384
	3488 4384
4
	4512 4352
	4672 4352
	4672 4384
	4512 4384
4
	4704 4352
	4832 4352
	4832 4384
	4704 4384
4
	5792 4352
	6208 4352
	6208 4384
	5792 4384
4
	0 4384
	1024 4384
	1024 4416
	0 4416
4
	1120 4384
	1152 4384
	1152 4416
	1120 4416
4
	1376 4384
	1664 4384
	1664 4416
	1376 4416
4
	3008 4384
	3200 4384
	3200 4416
	3008 4416
4
	3488 4384
	4288 4384
	4288 4416
	3488 4416
4
	4480 4384
	4672 4384
	4672 4416
	4480 4416
4
	4736 4384
	4896 4384
	4896 4416
	4736 4416
4
	5792 4384
	6208 4384
	6208 4416
	5792 4416
4
	0 4416
	960 4416
	960 4448
	0 4448
4
	1376 4416
	1632 4416
	1632 4448
	1376 4448
4
	2944 4416
	3232 4416
	3232 4448
	2944 4448
4
	3296 4416
	4288 4416
	4288 4448
	3296 4448
4
	4512 4416
	4640 4416
	4640 4448
	4512 4448
4
	4768 4416
	4896 4416
	4896 4448
	4768 4448
4
	5792 4416
	6208 4416
	6208 4448
	5792 4448
4
	0 4448
	928 4448
	928 4480
	0 4480
4
	1376 4448
	1440 4448
	1440 4480
	1376 4480
4
	1472 4448
	1600 4448
	1600 4480
	1472 4480
4
	2944 4448
	3232 4448
	3232 4480
	2944 4480
4
	3296 4448
	4288 4448
	4288 4480
	3296 4480
4
	4544 4448
	4608 4448
	4608 4480
	4544 4480
4
	4800 4448
	4896 4448
	4896 4480
	4800 4480
4
	5760 4448
	6208 4448
	6208 4480
	5760 4480
4
	0 4480
	1152 4480
	1152 4512
	0 4512
4
	1472 4480
	1600 4480
	1600 4512
	1472 4512
4
	1824 4480
	1888 4480
	1888 4512
	1824 4512
4
	3008 4480
	3232 4480
	3232 4512
	3008 4512
4
	3296 4480
	4416 4480
	4416 4512
	3296 4512
4
	5760 4480
	6208 4480
	6208 4512
	5760 4512
4
	0 4512
	1120 4512
	1120 4544
	0 4544
4
	1536 4512
	1568 4512
	1568 4544
	1536 4544
4
	1792 4512
	2048 4512
	2048 4544
	1792 4544
4
	3008 4512
	3200 4512
	3200 4544
	3008 4544
4
	3296 4512
	4448 4512
	4448 4544
	3296 4544
4
	5664 4512
	6208 4512
	6208 4544
	5664 4544
4
	0 4544
	1120 4544
	1120 4576
	0 4576
4
	1760 4544
	2048 4544
	2048 4576
	1760 4576
4
	3040 4544
	3168 4544
	3168 4576
	3040 4576
4
	3296 4544
	4480 4544
	4480 4576
	3296 4576
4
	5600 4544
	6208 4544
	6208 4576
	5600 4576
4
	0 4576
	1120 4576
	1120 4608
	0 4608
4
	1760 4576
	2048 4576
	2048 4608
	1760 4608
4
	3264 4576
	4480 4576
	4480 4608
	3264 4608
4
	5504 4576
	5568 4576
	5568 4608
	5504 4608
4
	5600 4576
	6208 4576
	6208 4608
	5600 4608
4
	0 4608
	1120 4608
	1120 4640
	0 4640
4
	1792 4608
	2016 4608
	2016 4640
	1792 4640
4
	3136 4608
	4448 4608
	4448 4640
	3136 4640
4
	5504 4608
	6208 4608
	6208 4640
	5504 4640
4
	0 4640
	1088 4640
	1088 4672
	0 4672
4
	1824 4640
	2048 4640
	2048 4672
	1824 4672
4
	3136 4640
	4416 4640
	4416 4672
	3136 4672
4
	5472 4640
	6208 4640
	6208 4672
	5472 4672
4
	0 4672
	1024 4672
	1024 4704
	0 4704
4
	1760 4672
	2080 4672
	2080 4704
	1760 4704
4
	3136 4672
	4352 4672
	4352 4704
	3136 4704
4
	5440 4672
	6208 4672
	6208 4704
	5440 4704
4
	0 4704
	992 4704
	992 4736
	0 4736
4
	1728 4704
	1856 4704
	1856 4736
	1728 4736
4
	1888 4704
	2176 4704
	2176 4736
	1888 4736
4
	3136 4704
	4320 4704
	4320 4736
	3136 4736
4
	5472 4704
	6208 4704
	6208 4736
	5472 4736
4
	0 4736
	960 4736
	960 4768
	0 4768
4
	1696 4736
	1856 4736
	1856 4768
	1696 4768
4
	1920 4736
	2208 4736
	2208 4768
	1920 4768
4
	3168 4736
	4384 4736
	4384 4768
	3168 4768
4
	5504 4736
	6208 4736
	6208 4768
	5504 4768
4
	0 4768
	928 4768
	928 4800
	0 4800
4
	1696 4768
	1856 4768
	1856 4800
	1696 4800
4
	1952 4768
	2208 4768
	2208 4800
	1952 4800
4
	3168 4768
	4448 4768
	4448 4800
	3168 4800
4
	5568 4768
	6208 4768
	6208 4800
	5568 4800
4
	0 4800
	896 4800
	896 4832
	0 4832
4
	1696 4800
	1760 4800
	1760 4832
	1696 4832
4
	1984 4800
	2304 4800
	2304 4832
	1984 4832
4
	3296 4800
	4416 4800
	4416 4832
	3296 4832
4
	5632 4800
	6208 4800
	6208 4832
	5632 4832
4
	0 4832
	896 4832
	896 4864
	0 4864
4
	960 4832
	1056 4832
	1056 4864
	960 4864
4
	1984 4832
	2400 4832
	2400 4864
	1984 4864
4
	3264 4832
	4320 4832
	4320 4864
	3264 4864
4
	5376 4832
	5440 4832
	5440 4864
	5376 4864
4
	5632 4832
	6208 4832
	6208 4864
	5632 4864
4
	0 4864
	896 4864
	896 4896
	0 4896
4
	928 4864
	1056 4864
	1056 4896
	928 4896
4
	1984 4864
	2528 4864
	2528 4896
	1984 4896
4
	3200 4864
	4352 4864
	4352 4896
	3200 4896
4
	5344 4864
	5504 4864
	5504 4896
	5344 4896
4
	5632 4864
	6208 4864
	6208 4896
	5632 4896
4
	0 4896
	896 4896
	896 4928
	0 4928
4
	928 4896
	1056 4896
	1056 4928
	928 4928
4
	1984 4896
	2656 4896
	2656 4928
	1984 4928
4
	3168 4896
	4320 4896
	4320 4928
	3168 4928
4
	5312 4896
	5536 4896
	5536 4928
	5312 4928
4
	5600 4896
	6208 4896
	6208 4928
	5600 4928
4
	0 4928
	896 4928
	896 4960
	0 4960
4
	960 4928
	1056 4928
	1056 4960
	960 4960
4
	1952 4928
	2784 4928
	2784 4960
	1952 4960
4
	3200 4928
	4320 4928
	4320 4960
	3200 4960
4
	4448 4928
	4480 4928
	4480 4960
	4448 4960
4
	5312 4928
	6208 4928
	6208 4960
	5312 4960
4
	0 4960
	928 4960
	928 4992
	0 4992
4
	1952 4960
	2880 4960
	2880 4992
	1952 4992
4
	3200 4960
	4320 4960
	4320 4992
	3200 4992
4
	4416 4960
	4512 4960
	4512 4992
	4416 4992
4
	5344 4960
	6208 4960
	6208 4992
	5344 4992
4
	0 4992
	896 4992
	896 5024
	0 5024
4
	1920 4992
	4480 4992
	4480 5024
	1920 5024
4
	5376 4992
	6208 4992
	6208 5024
	5376 5024
4
	0 5024
	896 5024
	896 5056
	0 5056
4
	1888 5024
	4448 5024
	4448 5056
	1888 5056
4
	5440 5024
	6208 5024
	6208 5056
	5440 5056
4
	0 5056
	864 5056
	864 5088
	0 5088
4
	1888 5056
	4384 5056
	4384 5088
	1888 5088
4
	5440 5056
	6208 5056
	6208 5088
	5440 5088
4
	0 5088
	864 5088
	864 5120
	0 5120
4
	1696 5088
	1728 5088
	1728 5120
	1696 5120
4
	1856 5088
	4448 5088
	4448 5120
	1856 5120
4
	5440 5088
	6208 5088
	6208 5120
	5440 5120
4
	0 5120
	896 5120
	896 5152
	0 5152
4
	1856 5120
	4480 5120
	4480 5152
	1856 5152
4
	5312 5120
	6208 5120
	6208 5152
	5312 5152
4
	0 5152
	864 5152
	864 5184
	0 5184
4
	1248 5152
	1280 5152
	1280 5184
	1248 5184
4
	1824 5152
	4448 5152
	4448 5184
	1824 5184
4
	4512 5152
	4608 5152
	4608 5184
	4512 5184
4
	5248 5152
	6208 5152
	6208 5184
	5248 5184
4
	0 5184
	864 5184
	864 5216
	0 5216
4
	1216 5184
	1280 5184
	1280 5216
	1216 5216
4
	1792 5184
	4608 5184
	4608 5216
	1792 5216
4
	5248 5184
	6208 5184
	6208 5216
	5248 5216
4
	0 5216
	896 5216
	896 5248
	0 5248
4
	1216 5216
	1376 5216
	1376 5248
	1216 5248
4
	1792 5216
	4576 5216
	4576 5248
	1792 5248
4
	5248 5216
	6208 5216
	6208 5248
	5248 5248
4
	0 5248
	896 5248
	896 5280
	0 5280
4
	1248 5248
	1376 5248
	1376 5280
	1248 5280
4
	1504 5248
	1568 5248
	1568 5280
	1504 5280
4
	1760 5248
	4544 5248
	4544 5280
	1760 5280
4
	5280 5248
	6208 5248
	6208 5280
	5280 5280
4
	0 5280
	864 5280
	864 5312
	0 5312
4
	1248 5280
	1376 5280
	1376 5312
	1248 5312
4
	1504 5280
	1632 5280
	1632 5312
	1504 5312
4
	1760 5280
	4512 5280
	4512 5312
	1760 5312
4
	4960 5280
	5024 5280
	5024 5312
	4960 5312
4
	5184 5280
	6208 5280
	6208 5312
	5184 5312
4
	0 5312
	896 5312
	896 5344
	0 5344
4
	928 5312
	992 5312
	992 5344
	928 5344
4
	1024 5312
	1088 5312
	1088 5344
	1024 5344
4
	1280 5312
	1376 5312
	1376 5344
	1280 5344
4
	1472 5312
	1664 5312
	1664 5344
	1472 5344
4
	1728 5312
	4480 5312
	4480 5344
	1728 5344
4
	4896 5312
	5056 5312
	5056 5344
	4896 5344
4
	5184 5312
	6208 5312
	6208 5344
	5184 5344
4
	0 5344
	1152 5344
	1152 5376
	0 5376
4
	1184 5344
	1696 5344
	1696 5376
	1184 5376
4
	1728 5344
	4512 5344
	4512 5376
	1728 5376
4
	4896 5344
	5056 5344
	5056 5376
	4896 5376
4
	5216 5344
	6208 5344
	6208 5376
	5216 5376
4
	0 5376
	4512 5376
	4512 5408
	0 5408
4
	4896 5376
	5088 5376
	5088 5408
	4896 5408
4
	5120 5376
	6208 5376
	6208 5408
	5120 5408
4
	0 5408
	4544 5408
	4544 5440
	0 5440
4
	4896 5408
	6208 5408
	6208 5440
	4896 5440
4
	0 5440
	4544 5440
	4544 5472
	0 5472
4
	4640 5440
	4736 5440
	4736 5472
	4640 5472
4
	4928 5440
	6208 5440
	6208 5472
	4928 5472
4
	0 5472
	4576 5472
	4576 5504
	0 5504
4
	4608 5472
	4768 5472
	4768 5504
	4608 5504
4
	4960 5472
	6208 5472
	6208 5504
	4960 5504
4
	0 5504
	4800 5504
	4800 5536
	0 5536
4
	4960 5504
	6208 5504
	6208 5536
	4960 5536
4
	0 5536
	4800 5536
	4800 5568
	0 5568
4
	4960 5536
	6208 5536
	6208 5568
	4960 5568
4
	0 5568
	4832 5568
	4832 5600
	0 5600
4
	4896 5568
	6208 5568
	6208 5600
	4896 5600
4
	0 5600
	4832 5600
	4832 5632
	0 5632
4
	4864 5600
	6208 5600
	6208 5632
	4864 5632
4
	0 5632
	6208 5632
	6208 5664
	0 5664
4
	0 5664
	6208 5664
	6208 5696
	0 5696
4
	0 5696
	6208 5696
	6208 5728
	0 5728
4
	0 5728
	6208 5728
	6208 5760
	0 5760
4
	0 5760
	6208 5760
	6208 5792
	0 5792
4
	0 5792
	6208 5792
	6208 5824
	0 5824
4
	0 5824
	6208 5824
	6208 5856
	0 5856
4
	0 5856
	6208 5856
	6208 5888
	0 5888
4
	0 5888
	6208 5888
	6208 5920
	0 5920
4
	0 5920
	6208 5920
	6208 5952
	0 5952
4
	0 5952
	6208 5952
	6208 5984
	0 5984
4
	0 5984
	6208 5984
	6208 6016
	0 6016
4
	0 6016
	6208 6016
	6208 6048
	0 6048
4
	0 6048
	6208 6048
	6208 6080
	0 6080
4
	0 6080
	6208 6080
	6208 6112
	0 6112
4
	0 6112
	6208 6112
	6208 6144
	0 6144
4
	0 6144
	6208 6144
	6208 6176
	0 6176
4
	0 6176
	6208 6176
	6208 6208
	0 6208
4
	-32 -32
	6240 -32
	6240 0
	-32 0
4
	-32 6208
	6240 6208
	6240 6240
	-32 6240
4
	-32 0
	0 0
	0 6208
	-32 6208
4
	6208 0
	6240 0
	6240 6208
	6208 6208
