328
4
	0 0
	5824 0
	5824 32
	0 32
4
	0 32
	5824 32
	5824 64
	0 64
4
	0 64
	32 64
	32 96
	0 96
4
	192 64
	288 64
	288 96
	192 96
4
	352 64
	512 64
	512 96
	352 96
4
	960 64
	1056 64
	1056 96
	960 96
4
	1472 64
	1568 64
	1568 96
	1472 96
4
	1728 64
	2944 64
	2944 96
	1728 96
4
	3200 64
	4032 64
	4032 96
	3200 96
4
	4224 64
	5824 64
	5824 96
	4224 96
4
	0 96
	32 96
	32 128
	0 128
4
	352 96
	512 96
	512 128
	352 128
4
	1919 127
	1921 127
	1921 129
	1919 129
4
	1728 96
	1920 96
	1920 128
	1728 128
4
	2016 96
	2048 96
	2048 128
	2016 128
4
	2176 96
	2944 96
	2944 128
	2176 128
4
	3200 96
	4032 96
	4032 128
	3200 128
4
	4224 96
	4544 96
	4544 128
	4224 128
4
	4768 96
	5056 96
	5056 128
	4768 128
4
	5280 96
	5440 96
	5440 128
	5280 128
4
	5536 96
	5824 96
	5824 128
	5536 128
4
	0 128
	32 128
	32 160
	0 160
4
	1728 128
	1888 128
	1888 160
	1728 160
4
	1920 128
	2112 128
	2112 160
	1920 160
4
	2176 128
	2400 128
	2400 160
	2176 160
4
	2432 128
	2944 128
	2944 160
	2432 160
4
	3264 128
	3840 128
	3840 160
	3264 160
4
	4320 128
	4448 128
	4448 160
	4320 160
4
	4864 128
	4992 128
	4992 160
	4864 160
4
	5536 128
	5824 128
	5824 160
	5536 160
4
	0 160
	32 160
	32 192
	0 192
4
	224 160
	352 160
	352 192
	224 192
4
	512 160
	640 160
	640 192
	512 192
4
	928 160
	1056 160
	1056 192
	928 192
4
	1728 160
	2144 160
	2144 192
	1728 192
4
	2176 160
	2944 160
	2944 192
	2176 192
4
	3264 160
	3840 160
	3840 192
	3264 192
4
	4352 160
	4448 160
	4448 192
	4352 192
4
	4896 160
	4992 160
	4992 192
	4896 192
4
	5536 160
	5824 160
	5824 192
	5536 192
4
	0 192
	96 192
	96 224
	0 224
4
	224 192
	320 192
	320 224
	224 224
4
	512 192
	672 192
	672 224
	512 224
4
	928 192
	1088 192
	1088 224
	928 224
4
	1728 192
	1984 192
	1984 224
	1728 224
4
	2048 192
	2144 192
	2144 224
	2048 224
4
	2176 192
	2400 192
	2400 224
	2176 224
4
	2432 192
	2528 192
	2528 224
	2432 224
4
	2688 192
	2944 192
	2944 224
	2688 224
4
	3328 192
	3840 192
	3840 224
	3328 224
4
	5536 192
	5824 192
	5824 224
	5536 224
4
	0 224
	96 224
	96 256
	0 256
4
	544 224
	672 224
	672 256
	544 256
4
	928 224
	1088 224
	1088 256
	928 256
4
	1472 224
	1568 224
	1568 256
	1472 256
4
	1728 224
	1920 224
	1920 256
	1728 256
4
	2080 224
	2144 224
	2144 256
	2080 256
4
	2240 224
	2336 224
	2336 256
	2240 256
4
	2784 224
	2880 224
	2880 256
	2784 256
4
	3328 224
	3840 224
	3840 256
	3328 256
4
	5536 224
	5824 224
	5824 256
	5536 256
4
	0 256
	96 256
	96 288
	0 288
4
	544 256
	640 256
	640 288
	544 288
4
	928 256
	1088 256
	1088 288
	928 288
4
	1472 256
	1568 256
	1568 288
	1472 288
4
	1696 256
	1920 256
	1920 288
	1696 288
4
	2240 256
	2336 256
	2336 288
	2240 288
4
	2688 256
	2752 256
	2752 288
	2688 288
4
	2784 256
	2880 256
	2880 288
	2784 288
4
	3328 256
	3840 256
	3840 288
	3328 288
4
	5536 256
	5824 256
	5824 288
	5536 288
4
	0 288
	96 288
	96 320
	0 320
4
	544 288
	640 288
	640 320
	544 320
4
	928 288
	1088 288
	1088 320
	928 320
4
	1472 288
	1568 288
	1568 320
	1472 320
4
	1696 288
	1920 288
	1920 320
	1696 320
4
	2240 288
	2336 288
	2336 320
	2240 320
4
	2624 288
	2752 288
	2752 320
	2624 320
4
	2784 288
	2880 288
	2880 320
	2784 320
4
	3328 288
	3840 288
	3840 320
	3328 320
4
	5536 288
	5824 288
	5824 320
	5536 320
4
	0 320
	96 320
	96 352
	0 352
4
	544 320
	640 320
	640 352
	544 352
4
	928 320
	1088 320
	1088 352
	928 352
4
	1696 320
	1920 320
	1920 352
	1696 352
4
	2240 320
	2336 320
	2336 352
	2240 352
4
	2624 320
	2880 320
	2880 352
	2624 352
4
	3328 320
	3840 320
	3840 352
	3328 352
4
	5536 320
	5824 320
	5824 352
	5536 352
4
	0 352
	96 352
	96 384
	0 384
4
	544 352
	640 352
	640 384
	544 384
4
	928 352
	1120 352
	1120 384
	928 384
4
	1728 352
	1920 352
	1920 384
	1728 384
4
	2656 352
	2720 352
	2720 384
	2656 384
4
	3328 352
	3840 352
	3840 384
	3328 384
4
	5536 352
	5824 352
	5824 384
	5536 384
4
	0 384
	32 384
	32 416
	0 416
4
	544 384
	704 384
	704 416
	544 416
4
	928 384
	1120 384
	1120 416
	928 416
4
	1728 384
	1920 384
	1920 416
	1728 416
4
	3328 384
	3840 384
	3840 416
	3328 416
4
	4352 384
	4448 384
	4448 416
	4352 416
4
	5536 384
	5824 384
	5824 416
	5536 416
4
	0 416
	32 416
	32 448
	0 448
4
	544 416
	704 416
	704 448
	544 448
4
	960 416
	1056 416
	1056 448
	960 448
4
	1728 416
	1920 416
	1920 448
	1728 448
4
	3328 416
	3840 416
	3840 448
	3328 448
4
	4320 416
	4448 416
	4448 448
	4320 448
4
	5536 416
	5824 416
	5824 448
	5536 448
4
	0 448
	32 448
	32 480
	0 480
4
	224 448
	384 448
	384 480
	224 480
4
	544 448
	640 448
	640 480
	544 480
4
	960 448
	1056 448
	1056 480
	960 480
4
	1728 448
	1888 448
	1888 480
	1728 480
4
	3328 448
	4000 448
	4000 480
	3328 480
4
	4256 448
	4448 448
	4448 480
	4256 480
4
	5536 448
	5824 448
	5824 480
	5536 480
4
	0 480
	32 480
	32 512
	0 512
4
	224 480
	384 480
	384 512
	224 512
4
	544 480
	704 480
	704 512
	544 512
4
	960 480
	1056 480
	1056 512
	960 512
4
	1696 480
	1888 480
	1888 512
	1696 512
4
	3264 480
	4032 480
	4032 512
	3264 512
4
	4224 480
	4448 480
	4448 512
	4224 512
4
	5504 480
	5824 480
	5824 512
	5504 512
4
	0 512
	96 512
	96 544
	0 544
4
	544 512
	704 512
	704 544
	544 544
4
	960 512
	1056 512
	1056 544
	960 544
4
	1696 512
	1888 512
	1888 544
	1696 544
4
	3264 512
	3424 512
	3424 544
	3264 544
4
	3488 512
	4032 512
	4032 544
	3488 544
4
	4224 512
	4448 512
	4448 544
	4224 544
4
	5504 512
	5824 512
	5824 544
	5504 544
4
	0 544
	96 544
	96 576
	0 576
4
	128 544
	384 544
	384 576
	128 576
4
	544 544
	704 544
	704 576
	544 576
4
	960 544
	1056 544
	1056 576
	960 576
4
	1696 544
	1888 544
	1888 576
	1696 576
4
	3296 544
	4032 544
	4032 576
	3296 576
4
	4224 544
	4448 544
	4448 576
	4224 576
4
	5504 544
	5696 544
	5696 576
	5504 576
4
	5728 544
	5824 544
	5824 576
	5728 576
4
	0 576
	96 576
	96 608
	0 608
4
	128 576
	384 576
	384 608
	128 608
4
	544 576
	704 576
	704 608
	544 608
4
	960 576
	1056 576
	1056 608
	960 608
4
	1728 576
	1888 576
	1888 608
	1728 608
4
	3360 576
	3840 576
	3840 608
	3360 608
4
	5536 576
	5824 576
	5824 608
	5536 608
4
	0 608
	32 608
	32 640
	0 640
4
	128 608
	384 608
	384 640
	128 640
4
	544 608
	640 608
	640 640
	544 640
4
	960 608
	1056 608
	1056 640
	960 640
4
	1728 608
	1888 608
	1888 640
	1728 640
4
	3392 608
	3776 608
	3776 640
	3392 640
4
	5600 608
	5824 608
	5824 640
	5600 640
4
	0 640
	32 640
	32 672
	0 672
4
	128 640
	288 640
	288 672
	128 672
4
	1728 640
	1888 640
	1888 672
	1728 672
4
	3456 640
	3712 640
	3712 672
	3456 672
4
	5664 640
	5824 640
	5824 672
	5664 672
4
	0 672
	32 672
	32 704
	0 704
4
	128 672
	288 672
	288 704
	128 704
4
	1728 672
	1824 672
	1824 704
	1728 704
4
	3584 672
	3680 672
	3680 704
	3584 704
4
	5696 672
	5824 672
	5824 704
	5696 704
4
	0 704
	32 704
	32 736
	0 736
4
	128 704
	288 704
	288 736
	128 736
4
	1728 704
	1824 704
	1824 736
	1728 736
4
	5760 704
	5824 704
	5824 736
	5760 736
4
	0 736
	32 736
	32 768
	0 768
4
	96 736
	288 736
	288 768
	96 768
4
	5760 736
	5824 736
	5824 768
	5760 768
4
	0 768
	32 768
	32 800
	0 800
4
	96 768
	288 768
	288 800
	96 800
4
	5760 768
	5824 768
	5824 800
	5760 800
4
	0 800
	32 800
	32 832
	0 832
4
	96 800
	288 800
	288 832
	96 832
4
	5760 800
	5824 800
	5824 832
	5760 832
4
	0 832
	32 832
	32 864
	0 864
4
	128 832
	288 832
	288 864
	128 864
4
	1728 832
	1824 832
	1824 864
	1728 864
4
	5760 832
	5824 832
	5824 864
	5760 864
4
	0 864
	32 864
	32 896
	0 896
4
	128 864
	288 864
	288 896
	128 896
4
	1728 864
	1824 864
	1824 896
	1728 896
4
	5760 864
	5824 864
	5824 896
	5760 896
4
	0 896
	32 896
	32 928
	0 928
4
	128 896
	288 896
	288 928
	128 928
4
	320 896
	384 896
	384 928
	320 928
4
	1728 896
	1888 896
	1888 928
	1728 928
4
	3488 896
	3584 896
	3584 928
	3488 928
4
	5760 896
	5824 896
	5824 928
	5760 928
4
	0 928
	32 928
	32 960
	0 960
4
	128 928
	416 928
	416 960
	128 960
4
	544 928
	640 928
	640 960
	544 960
4
	960 928
	1088 928
	1088 960
	960 960
4
	1728 928
	1888 928
	1888 960
	1728 960
4
	3456 928
	3712 928
	3712 960
	3456 960
4
	5696 928
	5824 928
	5824 960
	5696 960
4
	0 960
	96 960
	96 992
	0 992
4
	128 960
	384 960
	384 992
	128 992
4
	544 960
	640 960
	640 992
	544 992
4
	960 960
	1088 960
	1088 992
	960 992
4
	1728 960
	1888 960
	1888 992
	1728 992
4
	3392 960
	3776 960
	3776 992
	3392 992
4
	5632 960
	5824 960
	5824 992
	5632 992
4
	0 992
	96 992
	96 1024
	0 1024
4
	192 992
	384 992
	384 1024
	192 1024
4
	544 992
	640 992
	640 1024
	544 1024
4
	960 992
	1152 992
	1152 1024
	960 1024
4
	1696 992
	1888 992
	1888 1024
	1696 1024
4
	3328 992
	3840 992
	3840 1024
	3328 1024
4
	5568 992
	5824 992
	5824 1024
	5568 1024
4
	0 1024
	96 1024
	96 1056
	0 1056
4
	544 1024
	640 1024
	640 1056
	544 1056
4
	960 1024
	1152 1024
	1152 1056
	960 1056
4
	1696 1024
	1888 1024
	1888 1056
	1696 1056
4
	3264 1024
	4000 1024
	4000 1056
	3264 1056
4
	4256 1024
	4416 1024
	4416 1056
	4256 1056
4
	5504 1024
	5824 1024
	5824 1056
	5504 1056
4
	0 1056
	96 1056
	96 1088
	0 1088
4
	544 1056
	640 1056
	640 1088
	544 1088
4
	960 1056
	1120 1056
	1120 1088
	960 1088
4
	1696 1056
	1888 1056
	1888 1088
	1696 1088
4
	3264 1056
	4032 1056
	4032 1088
	3264 1088
4
	4224 1056
	4448 1056
	4448 1088
	4224 1088
4
	5504 1056
	5824 1056
	5824 1088
	5504 1088
4
	0 1088
	96 1088
	96 1120
	0 1120
4
	544 1088
	640 1088
	640 1120
	544 1120
4
	960 1088
	1120 1088
	1120 1120
	960 1120
4
	1152 1088
	1184 1088
	1184 1120
	1152 1120
4
	1728 1088
	1888 1088
	1888 1120
	1728 1120
4
	3296 1088
	4032 1088
	4032 1120
	3296 1120
4
	4224 1088
	4448 1088
	4448 1120
	4224 1120
4
	5504 1088
	5824 1088
	5824 1120
	5504 1120
4
	0 1120
	96 1120
	96 1152
	0 1152
4
	224 1120
	384 1120
	384 1152
	224 1152
4
	544 1120
	640 1120
	640 1152
	544 1152
4
	960 1120
	1120 1120
	1120 1152
	960 1152
4
	1728 1120
	1888 1120
	1888 1152
	1728 1152
4
	3328 1120
	4032 1120
	4032 1152
	3328 1152
4
	4224 1120
	4448 1120
	4448 1152
	4224 1152
4
	5504 1120
	5824 1120
	5824 1152
	5504 1152
4
	0 1152
	96 1152
	96 1184
	0 1184
4
	224 1152
	384 1152
	384 1184
	224 1184
4
	544 1152
	640 1152
	640 1184
	544 1184
4
	960 1152
	1120 1152
	1120 1184
	960 1184
4
	1728 1152
	1888 1152
	1888 1184
	1728 1184
4
	3328 1152
	3840 1152
	3840 1184
	3328 1184
4
	4320 1152
	4448 1152
	4448 1184
	4320 1184
4
	5536 1152
	5824 1152
	5824 1184
	5536 1184
4
	0 1184
	96 1184
	96 1216
	0 1216
4
	544 1184
	736 1184
	736 1216
	544 1216
4
	768 1184
	1504 1184
	1504 1216
	768 1216
4
	1536 1184
	1888 1184
	1888 1216
	1536 1216
4
	3328 1184
	3840 1184
	3840 1216
	3328 1216
4
	4352 1184
	4448 1184
	4448 1216
	4352 1216
4
	5536 1184
	5824 1184
	5824 1216
	5536 1216
4
	0 1216
	96 1216
	96 1248
	0 1248
4
	544 1216
	736 1216
	736 1248
	544 1248
4
	768 1216
	1888 1216
	1888 1248
	768 1248
4
	2752 1216
	2880 1216
	2880 1248
	2752 1248
4
	3328 1216
	3840 1216
	3840 1248
	3328 1248
4
	5536 1216
	5824 1216
	5824 1248
	5536 1248
4
	0 1248
	1888 1248
	1888 1280
	0 1280
4
	2240 1248
	2336 1248
	2336 1280
	2240 1280
4
	2752 1248
	2880 1248
	2880 1280
	2752 1280
4
	3328 1248
	3840 1248
	3840 1280
	3328 1280
4
	5536 1248
	5824 1248
	5824 1280
	5536 1280
4
	0 1280
	1888 1280
	1888 1312
	0 1312
4
	2240 1280
	2336 1280
	2336 1312
	2240 1312
4
	2752 1280
	2880 1280
	2880 1312
	2752 1312
4
	3328 1280
	3840 1280
	3840 1312
	3328 1312
4
	5536 1280
	5824 1280
	5824 1312
	5536 1312
4
	0 1312
	1888 1312
	1888 1344
	0 1344
4
	2240 1312
	2336 1312
	2336 1344
	2240 1344
4
	2752 1312
	2880 1312
	2880 1344
	2752 1344
4
	3328 1312
	3840 1312
	3840 1344
	3328 1344
4
	5536 1312
	5824 1312
	5824 1344
	5536 1344
4
	0 1344
	1888 1344
	1888 1376
	0 1376
4
	2240 1344
	2336 1344
	2336 1376
	2240 1376
4
	2432 1344
	2528 1344
	2528 1376
	2432 1376
4
	2592 1344
	2688 1344
	2688 1376
	2592 1376
4
	2752 1344
	2880 1344
	2880 1376
	2752 1376
4
	3328 1344
	3840 1344
	3840 1376
	3328 1376
4
	5536 1344
	5824 1344
	5824 1376
	5536 1376
4
	0 1376
	1888 1376
	1888 1408
	0 1408
4
	2240 1376
	2336 1376
	2336 1408
	2240 1408
4
	2432 1376
	2688 1376
	2688 1408
	2432 1408
4
	2752 1376
	2880 1376
	2880 1408
	2752 1408
4
	3264 1376
	3840 1376
	3840 1408
	3264 1408
4
	5536 1376
	5824 1376
	5824 1408
	5536 1408
4
	0 1408
	1888 1408
	1888 1440
	0 1440
4
	2240 1408
	2336 1408
	2336 1440
	2240 1440
4
	2432 1408
	2688 1408
	2688 1440
	2432 1440
4
	2752 1408
	2880 1408
	2880 1440
	2752 1440
4
	3264 1408
	3840 1408
	3840 1440
	3264 1440
4
	4864 1408
	4960 1408
	4960 1440
	4864 1440
4
	5536 1408
	5824 1408
	5824 1440
	5536 1440
4
	0 1440
	1888 1440
	1888 1472
	0 1472
4
	2208 1440
	2400 1440
	2400 1472
	2208 1472
4
	2432 1440
	2688 1440
	2688 1472
	2432 1472
4
	2720 1440
	2912 1440
	2912 1472
	2720 1472
4
	3264 1440
	3840 1440
	3840 1472
	3264 1472
4
	4320 1440
	4448 1440
	4448 1472
	4320 1472
4
	4864 1440
	4992 1440
	4992 1472
	4864 1472
4
	5536 1440
	5824 1440
	5824 1472
	5536 1472
4
	0 1472
	1920 1472
	1920 1504
	0 1504
4
	2176 1472
	2944 1472
	2944 1504
	2176 1504
4
	3200 1472
	4000 1472
	4000 1504
	3200 1504
4
	4256 1472
	4512 1472
	4512 1504
	4256 1504
4
	4768 1472
	5056 1472
	5056 1504
	4768 1504
4
	5312 1472
	5440 1472
	5440 1504
	5312 1504
4
	5536 1472
	5824 1472
	5824 1504
	5536 1504
4
	0 1504
	4032 1504
	4032 1536
	0 1536
4
	4224 1504
	4544 1504
	4544 1536
	4224 1536
4
	4768 1504
	5056 1504
	5056 1536
	4768 1536
4
	5280 1504
	5440 1504
	5440 1536
	5280 1536
4
	5536 1504
	5824 1504
	5824 1536
	5536 1536
4
	0 1536
	5824 1536
	5824 1568
	0 1568
4
	0 1568
	3808 1568
	3808 1600
	0 1600
4
	3840 1568
	5824 1568
	5824 1600
	3840 1600
4
	-32 -32
	5856 -32
	5856 0
	-32 0
4
	-32 1600
	5856 1600
	5856 1632
	-32 1632
4
	-32 0
	0 0
	0 1600
	-32 1600
4
	5824 0
	5856 0
	5856 1600
	5824 1600
