1.8521
1.81618
1.81406
1.83611
1.89195
1.86922
1.89294
1.92532
2.03771
1.957
2.07977
2.00335
2.16897
2.03059
1.9434
1.7775
1.76447
1.8333
1.74435
1.68456
1.94243
1.80794
1.79363
1.91138
1.75128
1.85144
1.85135
1.89586
1.80773
1.84456
1.83154
1.68042
2.04614
1.77697
2.01891
1.99903
2.05351
2.04873
1.86316
1.75446
1.78011
1.76095
1.66776
1.94521
1.73547
1.91102
1.69449
1.9322
1.97186
1.73802
1.93773
1.83449
1.86616
1.88559
1.88967
1.89869
1.89989
1.85175
1.99187
1.81645
1.95901
1.86316
1.85034
1.86765
1.67723
1.72999
1.8265
2.05449
1.73112
1.80335
1.85785
1.86506
1.63306
2.03656
1.7737
