395
4
	0 0
	31 0
	31 31
	0 31
3
	-31 -31
	3200 -31
	-31 3200
3
	3200 -31
	3200 3200
	-31 -31
3
	3200 3200
	-31 3200
	3200 -31
3
	-31 3200
	-31 -31
	3200 3200
1
	32 3137
1
	3137 3137
1
	3137 32
1
	32 32
3
	65 65
	704 65
	65 2592
5
	704 65
	704 128
	737 128
	737 65
	65 65
5
	704 128
	161 161
	737 128
	737 65
	704 65
1
	128 128
1
	128 2209
1
	1377 2209
5
	1377 1729
	1440 1729
	1440 1696
	1377 1696
	1344 2176
5
	1440 1729
	1473 2176
	1440 1696
	1377 1696
	1377 1729
1
	1440 2209
5
	1888 2209
	1888 2272
	1921 2272
	1921 2209
	1473 2176
5
	1888 2272
	1857 2305
	1921 2272
	1921 2209
	1888 2209
1
	1824 2272
1
	1824 3041
1
	3041 3041
6
	3041 2849
	3104 2849
	3104 2816
	3041 2816
	3008 2880
	3008 3008
5
	3104 2849
	3104 3104
	3104 2816
	3041 2816
	3041 2849
3
	3104 3104
	1601 3104
	3104 2849
5
	1601 3104
	1601 3041
	1568 3041
	1568 3104
	3104 3104
5
	1601 3041
	1728 3008
	1568 3041
	1568 3104
	1601 3104
1
	1761 3041
1
	1761 2272
1
	128 2272
5
	128 2592
	65 2592
	65 2625
	128 2625
	161 2305
5
	65 2592
	65 65
	65 2625
	128 2625
	128 2592
5
	65 2625
	128 2625
	128 2592
	65 2592
	65 3104
5
	128 2625
	161 3008
	128 2592
	65 2592
	65 2625
1
	128 3041
5
	1568 3041
	1568 3104
	1601 3104
	1601 3041
	161 3008
5
	1568 3104
	65 3104
	1601 3104
	1601 3041
	1568 3041
3
	65 3104
	65 2625
	1568 3104
4
	161 161
	1728 161
	704 128
	161 864
5
	1728 161
	1728 384
	1761 896
	737 128
	161 161
5
	1728 384
	1665 384
	1665 417
	1728 417
	1728 161
5
	1665 384
	1632 257
	1665 417
	1728 417
	1728 384
1
	1665 224
1
	224 224
5
	224 864
	161 864
	161 897
	224 897
	257 257
5
	161 864
	161 161
	161 897
	224 897
	224 864
5
	161 897
	224 897
	224 864
	161 864
	161 1472
5
	224 897
	257 1056
	224 864
	161 864
	161 897
1
	224 1089
1
	1761 1089
5
	1761 929
	1824 929
	1824 896
	1761 896
	1728 1056
6
	1824 929
	1824 1152
	1857 1152
	1824 896
	1761 896
	1761 929
5
	1824 1152
	1473 1185
	1857 1152
	1857 193
	1824 929
1
	1440 1152
5
	1440 1696
	1377 1696
	1377 1729
	1440 1729
	1473 1185
5
	1377 1696
	1344 1185
	1377 1729
	1440 1729
	1440 1696
1
	1377 1152
1
	224 1152
1
	224 1185
4
	1088 1185
	1088 1248
	1121 1248
	1121 1185
5
	1088 1248
	257 1281
	1121 1248
	1121 1185
	1088 1185
1
	224 1248
5
	224 1472
	161 1472
	161 1505
	224 1505
	257 1281
5
	161 1472
	161 897
	161 1505
	224 1505
	224 1472
5
	161 1505
	224 1505
	224 1472
	161 1472
	161 2176
6
	224 1505
	257 2080
	257 1664
	224 1472
	161 1472
	161 1505
1
	224 2113
1
	1281 2113
1
	1281 1248
5
	1121 1248
	1121 1185
	1088 1185
	1088 1248
	1248 1281
5
	1121 1185
	1344 1185
	1088 1185
	1088 1248
	1121 1248
4
	1344 1185
	1344 2176
	1377 1696
	1121 1185
4
	1344 2176
	161 2176
	1377 1729
	1344 1185
3
	161 2176
	161 1505
	1344 2176
4
	161 2305
	512 2305
	128 2592
	161 3008
5
	512 2305
	512 2368
	545 2368
	545 2305
	161 2305
5
	512 2368
	257 2401
	545 2368
	545 2305
	512 2305
1
	224 2368
1
	224 2945
1
	1665 2945
1
	1665 2368
5
	545 2368
	545 2305
	512 2305
	512 2368
	1632 2401
5
	545 2305
	1728 2305
	512 2305
	512 2368
	545 2368
3
	1728 2305
	1728 3008
	545 2305
4
	1728 3008
	161 3008
	1601 3041
	1728 2305
5
	161 3008
	161 2305
	128 2625
	1568 3041
	1728 3008
4
	257 257
	1344 257
	224 864
	257 1056
5
	1344 257
	1344 320
	1377 320
	1377 257
	257 257
6
	1344 320
	353 353
	449 353
	1377 320
	1377 257
	1344 257
1
	320 320
1
	320 993
1
	1665 993
6
	1665 417
	1728 417
	1728 384
	1665 384
	1632 640
	1632 960
6
	1728 417
	1728 1056
	1761 896
	1728 384
	1665 384
	1665 417
4
	1728 1056
	257 1056
	1761 929
	1728 417
4
	257 1056
	257 257
	224 897
	1728 1056
5
	257 1281
	1248 1281
	1088 1248
	224 1472
	257 1664
4
	1248 1281
	1248 1664
	1121 1248
	257 1281
5
	1248 1664
	769 1664
	257 1697
	1248 1697
	1248 1281
6
	769 1664
	769 1601
	736 1601
	736 1664
	1248 1697
	1248 1664
5
	769 1601
	1152 1568
	736 1601
	736 1664
	769 1664
1
	1185 1601
1
	1185 1344
1
	320 1344
1
	320 1601
5
	736 1601
	736 1664
	769 1664
	769 1601
	353 1568
6
	736 1664
	257 1664
	257 1697
	769 1664
	769 1601
	736 1601
6
	257 1664
	257 1281
	224 1505
	257 1697
	1248 1697
	736 1664
6
	257 1697
	1248 1697
	1248 1664
	736 1664
	257 1664
	257 2080
6
	1248 1697
	1248 2080
	1248 1664
	769 1664
	257 1664
	257 1697
3
	1248 2080
	577 2080
	1248 1697
5
	577 2080
	577 2017
	544 2017
	544 2080
	1248 2080
5
	577 2017
	1152 1984
	544 2017
	544 2080
	577 2080
1
	1185 2017
1
	1185 1760
1
	320 1760
1
	320 2017
5
	544 2017
	544 2080
	577 2080
	577 2017
	353 1984
5
	544 2080
	257 2080
	577 2080
	577 2017
	544 2017
4
	257 2080
	257 1697
	224 1505
	544 2080
4
	257 2401
	1632 2401
	512 2368
	257 2656
4
	1632 2401
	1632 2912
	545 2368
	257 2401
3
	1632 2912
	257 2912
	1632 2401
3
	257 2912
	257 2689
	1632 2912
5
	257 2689
	320 2689
	320 2656
	257 2656
	257 2912
5
	320 2689
	353 2816
	320 2656
	257 2656
	257 2689
1
	320 2849
1
	1569 2849
1
	1569 2464
1
	320 2464
5
	320 2656
	257 2656
	257 2689
	320 2689
	353 2497
5
	257 2656
	257 2401
	257 2689
	320 2689
	320 2656
4
	353 353
	416 353
	1344 320
	353 960
4
	416 353
	449 864
	449 353
	353 353
1
	416 897
1
	1569 897
5
	1569 673
	1632 673
	1632 640
	1569 640
	1536 864
5
	1632 673
	1632 960
	1632 640
	1569 640
	1569 673
4
	1632 960
	353 960
	1665 417
	1632 673
3
	353 960
	353 353
	1632 960
3
	353 1377
	1152 1377
	353 1568
3
	1152 1377
	1152 1440
	353 1377
4
	1152 1440
	1089 1473
	1152 1473
	1152 1377
1
	416 1440
1
	416 1505
1
	1089 1505
3
	1089 1473
	1152 1473
	1152 1440
4
	1152 1473
	1152 1568
	1152 1440
	1089 1473
4
	1152 1568
	353 1568
	769 1601
	1152 1473
4
	353 1568
	353 1377
	736 1601
	1152 1568
3
	353 1793
	544 1793
	353 1984
5
	544 1793
	544 1856
	577 1856
	577 1793
	353 1793
4
	544 1856
	577 1856
	577 1793
	544 1793
1
	416 1856
1
	416 1921
1
	1089 1921
1
	1089 1856
4
	577 1856
	577 1793
	544 1793
	544 1856
5
	577 1793
	1152 1793
	544 1793
	544 1856
	577 1856
3
	1152 1793
	1152 1984
	577 1793
4
	1152 1984
	353 1984
	577 2017
	1152 1793
4
	353 1984
	353 1793
	544 2017
	1152 1984
4
	353 2497
	1536 2497
	320 2656
	353 2816
3
	1536 2497
	1536 2816
	353 2497
3
	1536 2816
	1121 2816
	1536 2497
5
	1121 2816
	1121 2753
	1088 2753
	1088 2816
	1536 2816
4
	1121 2753
	1088 2753
	1088 2816
	1121 2816
1
	1473 2753
1
	1473 2560
1
	416 2560
1
	416 2753
4
	1088 2753
	1088 2816
	1121 2816
	1121 2753
5
	1088 2816
	353 2816
	1121 2816
	1121 2753
	1088 2753
4
	353 2816
	353 2497
	320 2689
	1088 2816
5
	449 353
	1536 353
	1344 320
	416 353
	449 864
5
	1536 353
	1536 864
	1569 640
	1377 320
	449 353
4
	1536 864
	1217 864
	1569 673
	1536 353
5
	1217 864
	1217 801
	1184 801
	1184 864
	1536 864
5
	1217 801
	1440 768
	1184 801
	1184 864
	1217 864
1
	1473 801
1
	1473 416
1
	512 416
1
	512 801
6
	1184 801
	1184 864
	1217 864
	1217 801
	673 768
	545 768
5
	1184 864
	449 864
	1217 864
	1217 801
	1184 801
4
	449 864
	449 353
	416 353
	1184 864
3
	545 449
	1216 449
	545 768
5
	1216 449
	1216 512
	1249 512
	1249 449
	545 449
5
	1216 512
	673 705
	1249 512
	1249 449
	1216 449
1
	608 512
1
	608 705
4
	640 705
	640 768
	673 768
	673 705
5
	640 768
	545 768
	673 768
	673 705
	640 705
4
	545 768
	545 449
	1184 801
	640 768
5
	673 705
	1216 512
	640 705
	640 768
	673 768
1
	1377 705
1
	1377 512
4
	1249 512
	1249 449
	1216 449
	1216 512
5
	1249 449
	1440 449
	1216 449
	1216 512
	1249 512
3
	1440 449
	1440 768
	1249 449
4
	1440 768
	673 768
	1217 801
	1440 449
6
	673 768
	673 705
	640 705
	640 768
	1184 801
	1440 768
5
	737 65
	3104 65
	704 65
	704 128
	737 128
3
	3104 65
	3104 224
	737 65
5
	3104 224
	3041 224
	3041 257
	3104 257
	3104 65
4
	3041 224
	3041 257
	3104 257
	3104 224
1
	3041 128
1
	3008 128
4
	3008 1056
	2465 1056
	3041 929
	3041 257
5
	2465 1056
	2465 993
	2432 993
	2432 1056
	3008 1056
5
	2465 993
	2912 960
	2432 993
	2432 1056
	2465 1056
1
	2945 993
1
	2945 128
1
	2016 128
1
	2016 993
5
	2432 993
	2432 1056
	2465 1056
	2465 993
	2049 960
5
	2432 1056
	1953 1056
	2465 1056
	2465 993
	2432 993
3
	1953 1056
	1920 193
	2432 1056
1
	1953 128
1
	1920 128
4
	1920 160
	1857 160
	1857 193
	1920 193
4
	1857 160
	1857 193
	1920 193
	1920 160
1
	1857 128
1
	1824 128
5
	1824 896
	1761 896
	1761 929
	1824 929
	1857 193
6
	1761 896
	1728 161
	1728 417
	1761 929
	1824 929
	1824 896
1
	1761 128
5
	737 128
	737 65
	704 65
	704 128
	1728 161
5
	1377 257
	1632 257
	1344 257
	1344 320
	1377 320
4
	1632 257
	1632 640
	1665 384
	1377 257
6
	1632 640
	1569 640
	1569 673
	1632 673
	1665 417
	1632 257
5
	1569 640
	1536 353
	1569 673
	1632 673
	1632 640
1
	1569 320
5
	1377 320
	1377 257
	1344 257
	1344 320
	1536 353
5
	1473 1185
	3008 1185
	1824 1152
	1440 1696
	1473 2176
4
	3008 1185
	3008 1696
	1857 1152
	1473 1185
5
	3008 1696
	2945 1696
	2945 1729
	3008 1729
	3008 1185
5
	2945 1696
	2912 1281
	2945 1729
	3008 1729
	3008 1696
1
	2945 1248
1
	1536 1248
1
	1536 2113
1
	2945 2113
5
	2945 1729
	3008 1729
	3008 1696
	2945 1696
	2912 2080
5
	3008 1729
	3008 2176
	3008 1696
	2945 1696
	2945 1729
4
	3008 2176
	1473 2176
	1921 2209
	3008 1729
5
	1473 2176
	1473 1185
	1440 1729
	1888 2209
	3008 2176
3
	1569 1281
	2176 1281
	1569 2080
5
	2176 1281
	2176 1344
	2209 1344
	2209 1281
	1569 1281
6
	2176 1344
	1665 1377
	1953 1377
	2209 1344
	2209 1281
	2176 1281
1
	1632 1344
1
	1632 2017
1
	2849 2017
1
	2849 1344
5
	2209 1344
	2209 1281
	2176 1281
	2176 1344
	2816 1377
5
	2209 1281
	2912 1281
	2176 1281
	2176 1344
	2209 1344
4
	2912 1281
	2912 2080
	2945 1696
	2209 1281
4
	2912 2080
	1569 2080
	2945 1729
	2912 1281
3
	1569 2080
	1569 1281
	2912 2080
4
	1665 1377
	1920 1377
	2176 1344
	1665 1984
5
	1920 1377
	1920 1440
	1953 1440
	1953 1377
	1665 1377
5
	1920 1440
	1761 1473
	1953 1440
	1953 1377
	1920 1377
1
	1728 1440
1
	1728 1921
5
	1888 1921
	1888 1984
	1921 1984
	1921 1921
	1761 1888
5
	1888 1984
	1665 1984
	1921 1984
	1921 1921
	1888 1921
3
	1665 1984
	1665 1377
	1888 1984
4
	1761 1473
	2720 1473
	1920 1440
	1761 1888
4
	2720 1473
	2720 1696
	1953 1440
	1761 1473
5
	2720 1696
	2657 1696
	2657 1729
	2720 1729
	2720 1473
5
	2657 1696
	2624 1569
	2657 1729
	2720 1729
	2720 1696
1
	2657 1536
1
	1824 1536
1
	1824 1825
1
	2657 1825
5
	2657 1729
	2720 1729
	2720 1696
	2657 1696
	2624 1792
5
	2720 1729
	2720 1888
	2720 1696
	2657 1696
	2657 1729
4
	2720 1888
	1761 1888
	1921 1921
	2720 1729
4
	1761 1888
	1761 1473
	1888 1921
	2720 1888
7
	1857 193
	1920 193
	1920 160
	1857 160
	1824 896
	1824 1152
	1857 1152
5
	1920 193
	1953 1056
	1920 160
	1857 160
	1857 193
1
	1920 1089
1
	3041 1089
5
	3041 929
	3104 929
	3104 896
	3041 896
	3008 1056
5
	3104 929
	3104 2816
	3104 896
	3041 896
	3041 929
5
	3104 2816
	3041 2816
	3041 2849
	3104 2849
	3104 929
5
	3041 2816
	3008 2305
	3041 2849
	3104 2849
	3104 2816
1
	3041 2272
5
	1921 2272
	1921 2209
	1888 2209
	1888 2272
	3008 2305
5
	1921 2209
	3008 2176
	1888 2209
	1888 2272
	1921 2272
1
	3041 2209
1
	3041 1152
5
	1857 1152
	1857 193
	1824 929
	1824 1152
	3008 1185
3
	1857 1569
	2272 1569
	1857 1792
5
	2272 1569
	2272 1632
	2305 1632
	2305 1569
	1857 1569
4
	2272 1632
	2305 1632
	2305 1569
	2272 1569
1
	1920 1632
1
	1920 1729
1
	2561 1729
1
	2561 1632
4
	2305 1632
	2305 1569
	2272 1569
	2272 1632
5
	2305 1569
	2624 1569
	2272 1569
	2272 1632
	2305 1632
4
	2624 1569
	2624 1792
	2657 1696
	2305 1569
4
	2624 1792
	1857 1792
	2657 1729
	2624 1569
3
	1857 1792
	1857 1569
	2624 1792
4
	1857 2305
	3008 2305
	1888 2272
	1857 3008
5
	3008 2305
	3008 2880
	3041 2816
	1921 2272
	1857 2305
7
	3008 2880
	2945 2880
	2912 2912
	2945 2913
	3008 2913
	3041 2849
	3008 2305
5
	2945 2880
	2912 2401
	2945 2913
	3008 2913
	3008 2880
1
	2945 2368
1
	1920 2368
1
	1920 2945
5
	2016 2945
	2016 3008
	2049 3008
	2049 2945
	1953 2912
5
	2016 3008
	1857 3008
	2049 3008
	2049 2945
	2016 2945
3
	1857 3008
	1857 2305
	2016 3008
5
	1921 1921
	2720 1888
	1888 1921
	1888 1984
	1921 1984
1
	2753 1921
1
	2753 1440
5
	1953 1440
	1953 1377
	1920 1377
	1920 1440
	2720 1473
6
	1953 1377
	2816 1377
	2176 1344
	1920 1377
	1920 1440
	1953 1440
4
	2816 1377
	2816 1984
	2209 1344
	1953 1377
3
	2816 1984
	1921 1984
	2816 1377
5
	1921 1984
	1921 1921
	1888 1921
	1888 1984
	2816 1984
3
	1953 2401
	2496 2401
	1953 2528
5
	2496 2401
	2496 2464
	2529 2464
	2529 2401
	1953 2401
5
	2496 2464
	2049 2497
	2529 2464
	2529 2401
	2496 2401
1
	2016 2464
5
	2016 2528
	1953 2528
	1953 2561
	2016 2561
	2049 2497
5
	1953 2528
	1953 2401
	1953 2561
	2016 2561
	2016 2528
5
	1953 2561
	2016 2561
	2016 2528
	1953 2528
	1953 2912
5
	2016 2561
	2049 2816
	2016 2528
	1953 2528
	1953 2561
1
	2016 2849
1
	2849 2849
1
	2849 2464
5
	2529 2464
	2529 2401
	2496 2401
	2496 2464
	2816 2497
5
	2529 2401
	2912 2401
	2496 2401
	2496 2464
	2529 2464
4
	2912 2401
	2912 2912
	2945 2880
	2529 2401
5
	2912 2912
	1953 2912
	2049 2945
	3008 2880
	2912 2401
5
	1953 2912
	1953 2561
	2016 2945
	3008 2913
	2912 2912
3
	2049 161
	2912 161
	2049 608
3
	2912 161
	2912 960
	2049 161
4
	2912 960
	2049 960
	2465 993
	2912 161
4
	2049 960
	2049 641
	2432 993
	2912 960
5
	2049 641
	2112 641
	2112 608
	2049 608
	2049 960
5
	2112 641
	2145 864
	2112 608
	2049 608
	2049 641
1
	2112 897
1
	2849 897
1
	2849 224
1
	2112 224
5
	2112 608
	2049 608
	2049 641
	2112 641
	2145 257
5
	2049 608
	2049 161
	2049 641
	2112 641
	2112 608
5
	2049 2497
	2816 2497
	2496 2464
	2016 2528
	2049 2816
4
	2816 2497
	2816 2816
	2529 2464
	2049 2497
3
	2816 2816
	2497 2816
	2816 2497
5
	2497 2816
	2497 2753
	2464 2753
	2464 2816
	2816 2816
4
	2497 2753
	2464 2753
	2464 2816
	2497 2816
1
	2753 2753
1
	2753 2560
1
	2112 2560
1
	2112 2753
4
	2464 2753
	2464 2816
	2497 2816
	2497 2753
5
	2464 2816
	2049 2816
	2497 2816
	2497 2753
	2464 2753
4
	2049 2816
	2049 2497
	2016 2561
	2464 2816
6
	2049 2945
	2945 2913
	2912 2912
	2016 2945
	2016 3008
	2049 3008
1
	2945 2945
5
	2945 2913
	3008 2913
	3008 2880
	2945 2880
	2049 2945
6
	3008 2913
	3008 3008
	3008 2880
	2945 2880
	1953 2912
	2945 2913
4
	3008 3008
	2049 3008
	3041 2849
	3008 2913
5
	2049 3008
	2049 2945
	2016 2945
	2016 3008
	3008 3008
4
	2145 257
	2816 257
	2112 608
	2145 864
3
	2816 257
	2816 544
	2145 257
5
	2816 544
	2753 544
	2753 577
	2816 577
	2816 257
5
	2753 544
	2720 353
	2753 577
	2816 577
	2816 544
1
	2753 320
1
	2208 320
1
	2208 801
1
	2753 801
5
	2753 577
	2816 577
	2816 544
	2753 544
	2720 768
5
	2816 577
	2816 864
	2816 544
	2753 544
	2753 577
3
	2816 864
	2145 864
	2816 577
4
	2145 864
	2145 257
	2112 641
	2816 864
3
	2241 353
	2304 353
	2241 768
4
	2304 353
	2337 416
	2337 353
	2241 353
1
	2304 705
1
	2657 705
1
	2657 416
3
	2337 416
	2337 353
	2304 353
4
	2337 353
	2720 353
	2304 353
	2337 416
4
	2720 353
	2720 768
	2753 544
	2337 353
4
	2720 768
	2241 768
	2753 577
	2720 353
3
	2241 768
	2241 353
	2720 768
6
	3041 257
	3104 257
	3104 224
	3041 224
	3008 1056
	3041 896
5
	3104 257
	3104 896
	3104 224
	3041 224
	3041 257
5
	3104 896
	3041 896
	3041 929
	3104 929
	3104 257
5
	3041 896
	3041 257
	3041 929
	3104 929
	3104 896
