723
4
	0 0
	31 0
	31 31
	0 31
3
	-31 -31
	3200 -31
	-31 3200
3
	3200 -31
	3200 3200
	-31 -31
3
	3200 3200
	-31 3200
	3200 -31
3
	-31 3200
	-31 -31
	3200 3200
1
	32 769
12
	640 769
	640 832
	737 1664
	737 1504
	737 1184
	673 832
	673 769
	640 256
	417 256
	448 385
	448 609
	161 736
13
	640 832
	225 929
	320 1056
	289 1153
	449 1153
	576 1248
	576 1376
	640 2017
	673 832
	673 769
	705 641
	705 449
	640 769
1
	32 832
1
	32 2369
5
	480 2369
	480 2432
	513 2432
	513 2369
	129 2208
8
	480 2432
	161 2561
	320 2624
	353 2593
	417 2561
	513 2432
	513 2369
	480 2369
1
	32 2432
1
	32 3137
1
	993 3137
10
	993 2753
	1056 2753
	2016 2752
	1408 2720
	1185 2657
	1056 2720
	993 2720
	672 2944
	737 2913
	960 3040
8
	1056 2753
	1473 3072
	1632 2785
	1984 2785
	1056 2720
	993 2720
	672 2561
	993 2753
1
	1056 3137
1
	2145 3137
5
	2145 2849
	2208 2849
	2208 2816
	2145 2816
	2016 3072
6
	2208 2849
	2369 2976
	2208 2816
	2145 2816
	1984 2785
	2145 2849
1
	2208 3137
1
	3137 3137
1
	3137 2432
7
	2753 2432
	2753 2369
	2657 2240
	2208 1377
	2720 2369
	2720 2432
	2848 2465
5
	2753 2369
	2848 2240
	2720 2369
	2720 2432
	2753 2432
1
	3137 2369
1
	3137 832
9
	2529 832
	2529 769
	2528 449
	2528 609
	2496 769
	2496 832
	2688 897
	2912 897
	3040 897
13
	2529 769
	3072 704
	2913 545
	3040 416
	2720 608
	2593 513
	2593 353
	2593 225
	2496 769
	2496 832
	2241 1825
	2497 897
	2529 832
1
	3137 769
1
	3137 32
1
	2208 32
7
	2208 352
	2145 352
	2016 416
	1984 448
	2145 385
	2208 385
	2625 161
7
	2145 352
	2016 65
	2016 289
	2145 385
	2208 385
	2528 449
	2208 352
1
	2145 32
1
	1056 32
8
	1056 480
	993 480
	993 513
	1056 513
	1761 289
	1600 256
	1280 384
	1185 161
8
	993 480
	640 97
	960 449
	993 513
	1056 513
	1344 545
	1536 545
	1056 480
1
	993 32
1
	32 32
11
	129 2017
	640 2017
	864 1696
	737 1569
	448 1760
	385 1569
	416 1376
	289 1281
	289 1153
	193 961
	129 2208
9
	640 2017
	640 2208
	640 832
	576 1153
	576 1281
	449 1376
	448 1569
	385 1760
	129 2017
10
	640 2208
	129 2208
	513 2369
	993 1633
	896 1664
	737 1569
	737 1249
	737 929
	673 769
	640 2017
4
	129 2208
	129 2017
	480 2369
	640 2208
6
	161 385
	256 385
	640 256
	512 256
	417 129
	161 736
5
	256 385
	288 481
	289 480
	289 385
	161 385
1
	256 481
6
	288 481
	320 513
	385 576
	353 544
	321 512
	256 385
1
	288 513
6
	320 513
	352 545
	385 576
	353 544
	289 480
	288 481
1
	320 545
6
	352 545
	384 577
	385 576
	321 512
	289 480
	320 513
1
	352 577
8
	384 577
	448 609
	705 736
	705 608
	353 544
	321 512
	289 480
	352 545
1
	384 609
7
	448 609
	448 736
	640 769
	705 736
	448 576
	385 576
	384 577
8
	448 736
	161 736
	705 736
	705 641
	705 449
	640 256
	512 256
	448 609
4
	161 736
	161 385
	640 769
	448 736
4
	161 2561
	320 2561
	480 2432
	161 2944
5
	320 2561
	320 2624
	416 2593
	417 2561
	161 2561
6
	320 2624
	256 2656
	289 2689
	353 2593
	480 2432
	320 2561
1
	256 2624
3
	256 2656
	256 2689
	320 2624
1
	224 2656
1
	224 2689
5
	256 2689
	256 2784
	288 2913
	289 2848
	256 2656
4
	256 2784
	256 2849
	289 2689
	256 2689
1
	224 2784
1
	224 2817
3
	256 2849
	288 2913
	256 2784
1
	256 2881
4
	288 2913
	288 2944
	256 2689
	256 2849
7
	288 2944
	161 2944
	385 2944
	417 2881
	384 2880
	289 2689
	288 2913
4
	161 2944
	161 2561
	769 3072
	288 2944
4
	193 961
	225 929
	129 2017
	193 1024
5
	225 929
	320 929
	769 897
	640 832
	193 961
5
	320 929
	352 961
	576 1153
	737 1184
	225 929
4
	352 961
	352 1024
	416 1153
	320 929
4
	352 1024
	320 1056
	289 1153
	352 961
5
	320 1056
	225 1056
	769 897
	640 832
	352 1024
6
	225 1056
	193 1024
	416 1153
	576 1153
	737 1184
	320 1056
6
	193 1024
	193 961
	385 1760
	289 1376
	289 1248
	225 1056
7
	289 385
	448 385
	640 256
	512 256
	417 129
	256 385
	289 480
10
	448 385
	448 576
	640 769
	673 832
	705 736
	705 608
	832 449
	960 449
	417 256
	289 385
7
	448 576
	385 576
	448 609
	705 449
	640 256
	512 256
	448 385
9
	385 576
	353 544
	288 481
	320 513
	352 545
	448 609
	705 736
	705 608
	448 576
1
	385 544
6
	353 544
	321 512
	288 481
	320 513
	384 577
	385 576
1
	353 512
6
	321 512
	289 480
	288 481
	352 545
	384 577
	353 544
1
	321 480
7
	289 480
	289 385
	256 385
	320 513
	352 545
	384 577
	321 512
7
	289 1153
	416 1153
	769 897
	640 832
	352 1024
	129 2017
	289 1248
5
	416 1153
	449 1153
	352 961
	225 1056
	289 1153
1
	416 1185
1
	449 1185
5
	449 1153
	576 1153
	769 897
	640 832
	416 1153
11
	576 1153
	576 1248
	640 2017
	737 1664
	737 1504
	800 1217
	896 1217
	737 1184
	320 929
	225 1056
	449 1153
10
	576 1248
	576 1281
	769 1217
	864 1184
	800 1184
	737 929
	673 769
	705 449
	640 832
	576 1153
1
	512 1248
1
	512 1281
7
	576 1281
	576 1376
	640 2017
	737 1664
	769 1568
	737 1504
	576 1248
11
	576 1376
	449 1376
	385 1569
	448 1760
	769 1217
	800 1184
	737 929
	673 769
	705 449
	640 832
	576 1281
6
	449 1376
	416 1376
	640 2017
	737 1664
	769 1568
	576 1376
1
	449 1312
1
	416 1312
5
	416 1376
	289 1376
	129 2017
	385 1569
	449 1376
8
	289 1376
	289 1281
	193 1024
	385 1760
	448 1569
	769 1696
	769 1568
	416 1376
5
	289 1281
	321 1249
	289 1248
	129 2017
	289 1376
1
	321 1281
2
	321 1249
	289 1281
1
	353 1249
1
	353 1248
4
	289 1248
	289 1153
	193 1024
	289 1281
6
	289 2689
	353 2593
	320 2624
	256 2784
	288 2944
	289 2848
1
	353 2625
6
	353 2593
	416 2593
	417 2561
	480 2432
	320 2624
	289 2689
4
	416 2593
	480 2753
	320 2561
	353 2593
1
	416 2689
4
	480 2753
	480 2784
	417 2592
	416 2593
4
	480 2784
	448 2816
	385 2913
	480 2753
1
	448 2784
4
	448 2816
	416 2848
	385 2913
	480 2784
1
	416 2816
4
	416 2848
	384 2880
	385 2913
	448 2816
1
	384 2848
4
	384 2880
	321 2880
	288 2944
	416 2848
4
	321 2880
	289 2848
	385 2944
	384 2880
1
	321 2848
4
	289 2848
	289 2689
	256 2689
	321 2880
9
	385 1569
	448 1569
	800 1568
	769 1217
	800 1184
	576 1376
	416 1376
	129 2017
	385 1760
7
	448 1569
	448 1760
	640 2017
	769 1696
	737 1569
	289 1376
	385 1569
9
	448 1760
	385 1760
	129 2017
	864 1696
	737 1569
	737 1249
	737 929
	576 1376
	448 1569
6
	385 1760
	385 1569
	289 1376
	193 1024
	640 2017
	448 1760
6
	385 2913
	417 2881
	480 2784
	448 2816
	416 2848
	385 2944
4
	417 2881
	481 2817
	288 2944
	385 2913
1
	449 2881
1
	481 2849
2
	481 2817
	417 2881
1
	513 2785
1
	513 2688
3
	417 2592
	417 2561
	480 2753
7
	417 2561
	672 2561
	513 2369
	480 2432
	320 2561
	353 2593
	417 2592
8
	672 2561
	672 2944
	705 3008
	960 2977
	1056 2753
	993 2720
	513 2432
	417 2561
5
	672 2944
	385 2944
	737 2913
	993 2753
	672 2561
6
	385 2944
	385 2913
	321 2880
	288 2944
	769 3072
	672 2944
5
	417 129
	481 97
	161 385
	289 385
	417 256
3
	481 97
	512 97
	417 129
3
	512 97
	513 97
	481 97
1
	512 129
1
	513 129
3
	513 97
	640 97
	512 97
9
	640 97
	640 256
	673 832
	705 736
	705 608
	832 449
	960 449
	993 480
	513 97
8
	640 256
	609 256
	161 385
	289 385
	448 576
	448 736
	640 769
	640 97
3
	609 256
	512 256
	640 256
1
	545 224
1
	512 224
7
	512 256
	417 256
	161 385
	289 385
	448 576
	448 736
	609 256
10
	417 256
	417 129
	448 385
	640 769
	673 832
	705 736
	705 608
	832 449
	960 449
	512 256
6
	513 2369
	640 2208
	480 2369
	480 2432
	417 2561
	513 2432
1
	993 2369
12
	993 1633
	1056 1633
	1313 1537
	1857 1345
	1889 1313
	1953 1281
	2080 1184
	1856 1184
	1056 1600
	993 1600
	864 1696
	640 2208
9
	1056 1633
	1313 2208
	1440 1921
	1313 1824
	1056 1600
	993 1600
	833 1536
	896 1569
	993 1633
1
	1056 2369
8
	1632 2369
	1632 2432
	1665 2816
	1665 2432
	1665 2369
	1601 2208
	1568 2113
	1313 2208
13
	1632 2432
	1185 2465
	1312 2528
	1377 2529
	1408 2720
	1377 2817
	1632 2785
	1665 2432
	1665 2369
	1761 2113
	1761 1889
	1664 2208
	1632 2369
1
	1056 2432
11
	1056 2720
	993 2720
	993 2753
	1056 2753
	1185 2720
	1185 2657
	1249 2625
	1281 2593
	1377 2529
	1248 2592
	1185 2465
9
	993 2720
	513 2432
	672 2561
	993 2753
	1056 2753
	1632 2785
	1984 2785
	1857 2752
	1056 2720
1
	993 2432
6
	513 2432
	513 2369
	480 2369
	480 2432
	672 2561
	993 2720
10
	673 769
	960 736
	705 641
	705 449
	640 769
	640 832
	576 1248
	576 1376
	640 2208
	673 832
1
	993 769
8
	993 513
	1056 513
	1761 289
	1600 256
	1280 384
	1056 480
	993 480
	960 736
8
	1056 513
	1217 672
	1344 545
	1536 545
	1825 513
	1056 480
	993 480
	993 513
1
	1056 769
9
	1664 769
	1664 832
	1697 832
	1697 769
	1505 256
	1312 65
	1536 545
	1377 672
	1217 672
17
	1664 832
	1153 865
	1440 960
	1408 992
	1376 1024
	1377 1025
	1440 1152
	1440 1248
	1313 1537
	1601 1057
	1697 832
	1697 769
	1761 609
	1761 289
	1697 225
	1696 160
	1664 769
1
	1056 832
16
	1056 1600
	993 1600
	864 1696
	993 1633
	1056 1633
	1313 1537
	1761 1409
	1857 1345
	1889 1313
	1953 1281
	2080 1184
	1856 1184
	1440 1248
	1153 1153
	1153 1025
	1153 865
8
	993 1600
	896 897
	896 1217
	833 1536
	896 1569
	993 1633
	1056 1633
	1056 1600
1
	993 832
11
	673 832
	673 769
	640 97
	417 256
	448 385
	640 769
	640 832
	737 1664
	737 1504
	737 1184
	896 897
9
	705 449
	832 449
	448 576
	448 736
	640 832
	576 1248
	576 1376
	673 769
	705 608
7
	832 449
	832 576
	865 449
	640 97
	417 256
	448 385
	705 449
4
	832 576
	800 608
	865 449
	832 449
4
	800 608
	705 608
	705 641
	832 576
9
	705 608
	705 449
	640 97
	417 256
	448 385
	385 576
	384 577
	705 641
	800 608
7
	705 641
	800 608
	705 608
	448 736
	640 832
	673 769
	705 736
1
	833 641
1
	865 609
4
	865 449
	960 449
	832 449
	832 576
7
	960 449
	960 736
	993 480
	640 97
	417 256
	448 385
	865 449
5
	960 736
	705 736
	673 769
	993 513
	960 449
10
	705 736
	705 641
	640 97
	417 256
	448 385
	385 576
	384 577
	448 609
	448 736
	960 736
3
	705 2945
	737 2913
	705 3008
5
	737 2913
	896 2913
	993 2753
	672 2944
	705 2945
3
	896 2913
	960 2977
	737 2913
4
	960 2977
	960 3040
	672 2561
	896 2913
4
	960 3040
	928 3072
	993 2753
	960 2977
3
	928 3072
	769 3072
	960 3040
5
	769 3072
	705 3008
	385 2944
	161 2944
	928 3072
4
	705 3008
	705 2945
	672 2561
	769 3072
7
	737 929
	769 897
	576 1248
	576 1376
	448 1760
	640 2208
	737 1184
7
	769 897
	896 897
	225 929
	320 1056
	289 1153
	449 1153
	737 929
5
	896 897
	896 1152
	993 1600
	673 832
	769 897
5
	896 1152
	864 1184
	833 1249
	896 1217
	896 897
5
	864 1184
	833 1184
	576 1248
	769 1217
	896 1152
5
	833 1184
	800 1184
	833 1249
	896 1217
	864 1184
1
	833 1152
1
	800 1152
8
	800 1184
	737 1184
	576 1248
	576 1376
	385 1569
	737 1249
	800 1217
	833 1184
11
	737 1184
	737 929
	673 832
	640 769
	320 929
	225 1056
	576 1153
	737 1249
	800 1217
	896 1217
	800 1184
7
	737 1249
	769 1217
	800 1184
	737 1184
	448 1760
	640 2208
	737 1504
7
	769 1217
	800 1217
	864 1184
	576 1248
	576 1376
	385 1569
	737 1249
7
	800 1217
	832 1249
	865 1217
	800 1184
	737 1184
	576 1153
	769 1217
1
	800 1249
2
	832 1249
	800 1217
1
	832 1281
1
	833 1281
4
	833 1249
	865 1217
	896 1152
	833 1184
4
	865 1217
	896 1217
	800 1217
	833 1249
8
	896 1217
	896 1504
	993 1600
	896 1152
	833 1184
	737 1184
	576 1153
	865 1217
5
	896 1504
	864 1536
	833 1569
	896 1569
	896 1217
4
	864 1536
	833 1536
	800 1568
	896 1504
7
	833 1536
	832 1505
	833 1569
	896 1569
	1056 1633
	993 1600
	864 1536
1
	833 1504
1
	800 1504
1
	800 1505
3
	832 1505
	832 1536
	833 1536
3
	832 1536
	800 1568
	832 1505
6
	800 1568
	769 1568
	385 1569
	737 1569
	864 1536
	832 1536
8
	769 1568
	737 1504
	576 1281
	449 1376
	289 1376
	800 1569
	896 1569
	800 1568
1
	769 1536
8
	737 1504
	737 1249
	673 832
	640 769
	576 1153
	576 1281
	737 1569
	769 1568
9
	737 1569
	800 1569
	800 1568
	737 1504
	448 1569
	448 1760
	129 2017
	640 2208
	737 1664
4
	800 1569
	833 1569
	769 1568
	737 1569
1
	800 1601
1
	833 1601
5
	833 1569
	896 1569
	896 1504
	833 1536
	800 1569
8
	896 1569
	896 1664
	1056 1633
	993 1600
	896 1504
	833 1536
	769 1568
	833 1569
4
	896 1664
	864 1696
	640 2208
	896 1569
7
	864 1696
	769 1696
	448 1760
	129 2017
	993 1633
	1056 1600
	896 1664
5
	769 1696
	737 1664
	289 1376
	448 1569
	864 1696
8
	737 1664
	737 1569
	673 832
	640 769
	576 1153
	576 1281
	449 1376
	769 1696
5
	1153 865
	1440 865
	1664 832
	1056 1600
	1153 960
9
	1440 865
	1440 960
	1664 1537
	1920 1889
	1761 1536
	1601 1184
	1856 1057
	2080 1057
	1153 865
7
	1440 960
	1408 992
	1345 1057
	1377 1025
	1440 1025
	1664 832
	1440 865
1
	1408 960
6
	1408 992
	1376 1024
	1345 1057
	1377 1025
	1664 832
	1440 960
1
	1376 992
4
	1376 1024
	1345 1057
	1664 832
	1408 992
1
	1312 1024
1
	1312 1121
2
	1344 1121
	1377 1152
1
	1344 1153
5
	1408 1153
	1440 1185
	2048 1281
	1601 1184
	1377 1152
1
	1408 1185
9
	1440 1185
	1440 1248
	1664 1537
	1920 1889
	2080 1889
	1761 1536
	2048 1281
	1440 1152
	1408 1153
9
	1440 1248
	1153 1248
	1056 1600
	1313 1537
	2080 1184
	1856 1184
	1601 1057
	1664 832
	1440 1185
8
	1153 1248
	1153 1153
	1313 2208
	1313 1824
	1664 1537
	1761 1536
	2048 1281
	1440 1248
6
	1153 1153
	1217 1121
	1216 1120
	1153 1120
	1056 1600
	1153 1248
1
	1217 1153
3
	1217 1121
	1217 992
	1153 1153
1
	1249 1121
1
	1249 992
3
	1217 992
	1153 960
	1217 1121
1
	1217 960
5
	1153 960
	1153 865
	1153 1025
	1216 1025
	1217 992
5
	1153 1025
	1216 1025
	1153 960
	1056 1600
	1153 1120
4
	1216 1025
	1216 1120
	1153 960
	1153 1025
4
	1216 1120
	1153 1120
	1153 1153
	1216 1025
4
	1153 1120
	1153 1025
	1153 1153
	1216 1120
4
	1185 161
	1217 129
	1056 480
	1185 384
3
	1217 129
	1249 97
	1185 161
1
	1249 129
3
	1249 97
	1281 65
	1217 129
3
	1281 65
	1312 65
	1249 97
11
	1312 65
	1312 256
	1344 545
	1377 672
	1536 545
	1664 769
	1697 832
	1761 672
	1505 256
	1569 65
	1281 65
4
	1312 256
	1280 320
	1280 384
	1312 65
1
	1280 288
9
	1280 320
	1280 353
	1761 289
	2016 256
	1600 256
	1505 129
	1537 97
	1569 65
	1312 256
1
	1248 320
1
	1248 321
4
	1280 353
	1280 384
	1344 545
	1280 320
11
	1280 384
	1185 384
	1056 480
	993 513
	1217 545
	1761 384
	1761 289
	1600 256
	1505 129
	1312 256
	1280 353
8
	1185 384
	1185 161
	1217 672
	1344 545
	1536 545
	1825 448
	1793 416
	1280 384
5
	1185 2465
	1344 2465
	1632 2432
	1056 2720
	1185 2592
9
	1344 2465
	1344 2496
	1408 2529
	1857 2752
	1920 2657
	2016 2657
	1857 2592
	2016 2497
	1185 2465
5
	1344 2496
	1312 2528
	1185 2657
	1281 2593
	1344 2465
5
	1312 2528
	1280 2560
	1857 2497
	1632 2432
	1344 2496
1
	1280 2528
4
	1280 2560
	1248 2592
	1185 2657
	1312 2528
5
	1248 2592
	1185 2592
	1056 2720
	1377 2529
	1280 2560
4
	1185 2592
	1185 2465
	1185 2657
	1248 2592
9
	1185 2657
	1249 2625
	1281 2593
	1344 2496
	1280 2560
	1185 2592
	1056 2720
	993 2753
	1185 2720
1
	1217 2657
4
	1249 2625
	1281 2593
	1056 2720
	1185 2657
1
	1281 2625
6
	1281 2593
	1377 2529
	1344 2496
	1056 2720
	1185 2657
	1249 2625
1
	1313 2593
7
	1377 2529
	1408 2529
	1857 2497
	1632 2432
	1248 2592
	1056 2720
	1281 2593
10
	1408 2529
	1408 2720
	1632 2785
	1665 2816
	1857 2752
	1920 2657
	2016 2657
	1857 2592
	1344 2465
	1377 2529
10
	1408 2720
	1185 2720
	993 2753
	1377 2817
	1857 2657
	2016 2592
	1920 2592
	1857 2497
	1632 2432
	1408 2529
8
	1185 2720
	1185 2657
	1056 2720
	1377 2976
	1632 2785
	1984 2785
	1857 2752
	1408 2720
9
	1217 545
	1344 545
	1825 513
	1761 289
	1729 193
	1600 256
	1505 129
	1280 384
	1217 672
10
	1344 545
	1344 672
	1377 672
	1377 545
	1312 65
	1280 353
	1185 384
	993 480
	1056 513
	1217 545
5
	1344 672
	1217 672
	1377 672
	1377 545
	1344 545
6
	1217 672
	1217 545
	1185 384
	1056 513
	1664 769
	1344 672
16
	1313 1537
	1664 1537
	1888 1536
	1761 1409
	1857 1345
	1889 1313
	1953 1281
	2080 1184
	1856 1184
	1601 1057
	1697 769
	1664 832
	1440 1248
	1056 1600
	993 1633
	1313 1824
14
	1664 1537
	1664 1728
	1665 2816
	1665 2432
	1761 2272
	1761 2080
	1920 1889
	2080 1889
	1601 1184
	1440 865
	1440 1025
	1440 1185
	1153 1248
	1313 1537
9
	1664 1728
	1568 1760
	1504 1792
	1345 1921
	1569 1793
	1664 1793
	1984 1504
	1761 1409
	1664 1537
1
	1568 1728
5
	1568 1760
	1504 1792
	1345 1921
	1537 1825
	1664 1728
1
	1504 1760
5
	1504 1792
	1408 1824
	1345 1921
	1664 1728
	1568 1760
1
	1408 1792
6
	1408 1824
	1313 1824
	1313 1953
	1345 1921
	1569 1793
	1504 1792
7
	1313 1824
	1313 1537
	1153 1248
	1056 1633
	1313 1953
	1440 1921
	1408 1824
5
	1313 1953
	1345 1921
	1408 1824
	1313 1824
	1313 2208
1
	1345 1953
9
	1345 1921
	1440 1921
	1537 1825
	1569 1793
	1664 1728
	1568 1760
	1504 1792
	1408 1824
	1313 1953
5
	1440 1921
	1472 1953
	1313 1824
	1056 1633
	1345 1921
3
	1472 1953
	1536 2049
	1440 1921
1
	1472 1985
3
	1536 2049
	1568 2113
	1472 1953
1
	1536 2081
7
	1568 2113
	1568 2208
	1632 2369
	1665 2432
	1601 2208
	1537 2016
	1536 2049
4
	1568 2208
	1313 2208
	1601 2208
	1568 2113
7
	1313 2208
	1313 1953
	1153 1248
	1056 1633
	1632 2369
	1761 2272
	1568 2208
6
	1345 1057
	1377 1025
	1440 960
	1408 992
	1376 1024
	1345 1120
1
	1377 1057
6
	1377 1025
	1440 1025
	1664 832
	1440 960
	1408 992
	1345 1057
10
	1440 1025
	1440 1152
	1664 1537
	1920 1889
	1761 1536
	1601 1184
	1856 1057
	2080 1057
	1440 960
	1377 1025
6
	1440 1152
	1377 1152
	1440 1185
	1601 1057
	1664 832
	1440 1025
5
	1377 1152
	1345 1120
	1344 1121
	1408 1153
	1440 1152
1
	1377 1120
3
	1345 1120
	1345 1057
	1377 1152
11
	1377 545
	1536 545
	1825 513
	1761 289
	1697 225
	1793 65
	1696 160
	1505 129
	1344 545
	1344 672
	1377 672
11
	1536 545
	1536 672
	1664 769
	1761 672
	1793 545
	1505 256
	1312 65
	1185 384
	993 480
	1056 513
	1377 545
11
	1536 672
	1377 672
	1761 672
	1761 609
	1793 545
	1825 513
	1761 289
	1697 225
	1728 96
	1696 160
	1536 545
7
	1377 672
	1377 545
	1312 65
	1344 545
	1344 672
	1664 769
	1536 672
5
	1377 2817
	1409 2785
	1632 2432
	1408 2720
	1377 2976
8
	1409 2785
	1632 2785
	2016 2752
	1857 2657
	2016 2592
	1920 2592
	1857 2497
	1377 2817
10
	1632 2785
	1728 2881
	1697 2848
	1665 2785
	1632 2432
	1408 2529
	1185 2720
	993 2720
	1056 2753
	1409 2785
1
	1632 2881
3
	1728 2881
	1760 2913
	1632 2785
4
	1760 2913
	1760 2944
	1665 2816
	1728 2881
4
	1760 2944
	1728 2976
	1729 3009
	1760 2913
4
	1728 2976
	1632 3008
	1600 3072
	1760 2944
1
	1632 2976
3
	1632 3008
	1600 3072
	1728 2976
1
	1600 3008
6
	1600 3072
	1473 3072
	1729 3072
	1729 3009
	1728 2976
	1632 3008
4
	1473 3072
	1377 2976
	1056 2753
	1600 3072
4
	1377 2976
	1377 2817
	1185 2720
	1473 3072
7
	1505 129
	1537 97
	1280 320
	1280 384
	1217 545
	1377 545
	1505 256
1
	1537 129
4
	1537 97
	1569 65
	1280 320
	1505 129
1
	1569 97
5
	1569 65
	1728 65
	1312 65
	1280 320
	1537 97
4
	1728 65
	1728 96
	1793 65
	1569 65
5
	1728 96
	1696 160
	1536 672
	1697 225
	1728 65
1
	1696 128
6
	1696 160
	1600 256
	1377 545
	1536 672
	1664 832
	1728 96
11
	1600 256
	1505 256
	1280 320
	1280 384
	1056 480
	993 513
	1217 545
	1697 256
	1729 193
	1793 65
	1696 160
12
	1505 256
	1505 129
	1312 65
	1536 545
	1664 769
	1697 832
	1761 672
	1825 448
	1793 416
	1761 384
	2016 289
	1600 256
5
	1537 1825
	1569 1793
	1568 1760
	1345 1921
	1537 2016
1
	1569 1825
6
	1569 1793
	1664 1793
	1664 1728
	1408 1824
	1345 1921
	1537 1825
10
	1664 1793
	1664 2208
	1665 2816
	1665 2432
	1761 2272
	1761 2080
	1920 1889
	2080 1889
	1664 1728
	1569 1793
7
	1664 2208
	1601 2208
	1632 2432
	1761 2113
	1761 1889
	1761 1409
	1664 1793
8
	1601 2208
	1537 2016
	1568 2113
	1568 2208
	1632 2369
	1665 2432
	1761 2272
	1664 2208
1
	1601 2080
4
	1537 2016
	1537 1825
	1568 2113
	1601 2208
8
	1601 1057
	1856 1057
	1697 769
	1664 832
	1440 1152
	1440 1248
	1313 1537
	1601 1184
8
	1856 1057
	1856 1120
	1889 1152
	1953 1057
	1697 832
	1440 865
	1440 1025
	1601 1057
4
	1856 1120
	1856 1121
	1889 1089
	1856 1057
1
	1792 1120
1
	1792 1121
4
	1856 1121
	1856 1184
	1889 1152
	1856 1120
11
	1856 1184
	1601 1184
	1440 1248
	1056 1600
	993 1633
	1313 1537
	1761 1409
	1793 1377
	1953 1184
	1889 1089
	1856 1121
11
	1601 1184
	1601 1057
	1440 865
	1440 1025
	1408 1153
	1664 1537
	1761 2080
	1920 1889
	1761 1536
	2048 1281
	1856 1184
9
	1665 2369
	2080 2272
	1920 2272
	1761 2113
	1761 1889
	1761 1409
	1632 2369
	1632 2432
	1665 2432
1
	2145 2369
13
	2145 1377
	2208 1377
	2849 1249
	3040 1184
	2688 1248
	2208 1344
	2145 1344
	2048 1440
	1984 1504
	1761 1889
	1953 1889
	2080 2080
	2080 2272
17
	2208 1377
	2241 2048
	2241 1888
	2368 1825
	2400 1857
	2432 1889
	2720 2369
	2753 2432
	2657 2240
	2848 2049
	2497 1664
	2465 1632
	2433 1568
	2497 1377
	2208 1344
	2145 1344
	2145 1377
1
	2208 2369
8
	2720 2369
	2720 2432
	2753 2432
	2753 2369
	2657 2240
	2208 1377
	2432 1889
	2241 2048
6
	2720 2432
	2433 2465
	2657 2465
	2753 2432
	2753 2369
	2720 2369
1
	2208 2432
6
	2208 2816
	2145 2816
	2145 2849
	2208 2849
	2369 2689
	2433 2465
8
	2145 2816
	2016 2497
	2016 2657
	1857 2752
	1984 2785
	2145 2849
	2208 2849
	2208 2816
1
	2145 2432
13
	1665 2432
	1665 2369
	1664 1537
	1664 1793
	1601 2208
	1568 2113
	1632 2369
	1632 2432
	1665 2785
	1857 2752
	1920 2657
	1857 2592
	2016 2497
9
	1665 2785
	1984 2785
	2016 2752
	1857 2657
	1920 2592
	1857 2497
	1665 2432
	1632 2785
	1665 2816
9
	1984 2785
	2016 2817
	2208 2849
	2145 2816
	1857 2752
	1185 2720
	993 2720
	1056 2753
	1665 2785
4
	2016 2817
	2016 3072
	2016 2752
	1984 2785
4
	2016 3072
	1729 3072
	2145 2849
	2016 2817
4
	1729 3072
	1729 3009
	1600 3072
	2016 3072
4
	1729 3009
	1760 2944
	1600 3072
	1729 3072
1
	1793 3009
1
	1793 2848
3
	1697 2848
	1665 2816
	1632 2785
8
	1665 2816
	1665 2785
	1664 1537
	1664 1793
	1632 2369
	1408 2529
	1760 2913
	1697 2848
8
	1697 225
	1729 193
	1793 65
	1728 96
	1377 545
	1536 672
	1664 832
	1697 256
5
	1729 193
	1761 161
	1600 256
	1217 545
	1697 225
1
	1761 193
3
	1761 161
	1793 65
	1729 193
1
	1793 129
7
	1793 65
	2016 65
	1728 65
	1600 256
	1377 545
	1697 225
	1761 161
4
	2016 65
	2016 256
	2145 352
	1793 65
6
	2016 256
	1697 256
	1280 320
	1761 289
	2016 289
	2016 65
8
	1697 256
	1697 225
	1600 256
	1697 769
	1761 672
	1761 384
	2016 289
	2016 256
10
	1697 769
	2016 672
	1761 609
	1761 289
	1697 256
	1664 769
	1664 832
	1313 1537
	1601 1057
	1697 832
1
	2145 769
10
	2145 385
	2208 385
	2593 353
	2625 161
	2208 352
	2145 352
	2016 416
	1984 448
	1952 512
	2016 672
8
	2208 385
	2337 704
	2337 576
	2528 449
	2208 352
	2145 352
	2016 289
	2145 385
1
	2208 769
6
	2496 769
	2496 832
	2497 1248
	2529 832
	2529 769
	2337 704
10
	2496 832
	2208 1344
	2241 1825
	2433 1441
	2465 1409
	2529 832
	2529 769
	2593 513
	2528 704
	2496 769
1
	2208 832
9
	2208 1344
	2145 1344
	2145 1377
	2208 1377
	2849 1249
	3040 1184
	2688 1248
	2497 897
	2496 832
9
	2145 1344
	2080 1057
	1953 1184
	1889 1152
	2048 1281
	2145 1377
	2208 1377
	2560 1377
	2208 1344
1
	2145 832
8
	1697 832
	1697 769
	1505 256
	1312 65
	1664 769
	1664 832
	1856 1057
	2080 1057
13
	1761 289
	2016 289
	2016 256
	1280 320
	1280 384
	1056 480
	993 513
	1217 545
	1377 545
	1536 672
	1664 832
	1697 769
	1761 384
8
	2016 289
	2016 416
	2208 385
	2145 352
	2016 256
	1697 256
	1505 256
	1761 289
7
	2016 416
	1984 448
	1952 512
	2016 545
	2145 385
	2208 352
	2016 289
1
	1984 416
5
	1984 448
	1952 512
	2145 385
	2208 352
	2016 416
1
	1952 448
4
	1952 512
	2145 385
	2016 416
	1984 448
1
	1920 512
1
	1920 545
3
	2016 545
	2016 672
	2016 416
5
	2016 672
	1761 672
	1697 769
	2145 385
	2016 545
8
	1761 672
	1761 609
	1697 256
	1505 256
	1312 65
	1536 545
	1536 672
	2016 672
7
	1761 609
	1793 545
	1761 384
	1536 672
	1664 832
	1697 769
	1761 672
1
	1793 609
6
	1793 545
	1825 513
	1793 416
	1536 545
	1536 672
	1761 609
1
	1825 545
7
	1825 513
	1825 448
	1056 513
	1217 545
	1377 545
	1536 672
	1793 545
1
	1857 513
1
	1857 448
5
	1825 448
	1793 416
	1505 256
	1185 384
	1825 513
1
	1825 416
6
	1793 416
	1761 384
	1505 256
	1185 384
	1793 545
	1825 448
1
	1793 384
7
	1761 384
	1761 289
	1697 256
	1505 256
	1280 384
	1761 609
	1793 416
9
	1761 1409
	1793 1377
	1856 1184
	1056 1600
	1313 1537
	1664 1728
	1664 2208
	1665 2369
	1761 1536
1
	1793 1409
7
	1793 1377
	1857 1345
	1889 1313
	2080 1184
	1889 1089
	1856 1184
	1761 1409
5
	1857 1345
	1056 1600
	993 1633
	1313 1537
	1793 1377
1
	1889 1345
8
	1889 1313
	1953 1281
	2080 1184
	1889 1152
	1056 1600
	993 1633
	1313 1537
	1793 1377
1
	1953 1313
8
	1953 1281
	2048 1281
	2080 1184
	1953 1184
	1056 1600
	993 1633
	1313 1537
	1889 1313
11
	2048 1281
	2048 1440
	2080 1889
	2145 1344
	1953 1184
	1889 1152
	1601 1184
	1408 1153
	1440 1185
	1153 1248
	1953 1281
7
	2048 1440
	1984 1504
	1761 1889
	1953 1889
	2145 1377
	2080 1184
	2048 1281
1
	2016 1440
1
	1984 1472
9
	1984 1504
	1888 1536
	1664 1728
	1761 1889
	1920 2080
	1920 2272
	1953 1889
	2145 1377
	2048 1440
1
	1952 1504
4
	1888 1536
	1761 1536
	1313 1537
	1984 1504
11
	1761 1536
	1761 1409
	1601 1184
	1440 865
	1440 1025
	1440 1185
	1153 1248
	1761 1889
	1920 1889
	2080 1889
	1888 1536
10
	1761 1889
	1920 1889
	2145 1377
	2048 1440
	1984 1504
	1761 1536
	1664 2208
	1632 2432
	1665 2369
	1761 2080
13
	1920 1889
	1920 2080
	1953 2272
	1953 2080
	1953 1889
	1761 1536
	1601 1184
	1440 865
	1440 1025
	1440 1185
	1664 1537
	1664 1793
	1761 1889
8
	1920 2080
	1761 2080
	1761 2113
	1920 2113
	1953 2080
	1953 1889
	1984 1504
	1920 1889
9
	1761 2080
	1761 1889
	1601 1184
	1664 1537
	1664 1793
	1761 2113
	1920 2113
	2080 2113
	1920 2080
9
	1761 2113
	1920 2113
	2080 2080
	1920 2080
	1761 2080
	1664 2208
	1632 2432
	1665 2369
	1761 2272
7
	1920 2113
	1920 2272
	1953 2272
	1985 2113
	1920 2080
	1761 2080
	1761 2113
8
	1920 2272
	1761 2272
	1665 2369
	1953 2272
	1953 2145
	1953 1889
	1984 1504
	1920 2113
7
	1761 2272
	1761 2113
	1664 1537
	1664 1793
	1601 2208
	1313 2208
	1920 2272
8
	1857 2497
	2016 2497
	1312 2528
	1377 2529
	1408 2720
	1409 2785
	1665 2785
	1857 2592
6
	2016 2497
	2016 2592
	2145 2816
	1665 2432
	1344 2465
	1857 2497
8
	2016 2592
	1953 2592
	1408 2720
	1409 2785
	1857 2657
	1953 2657
	2016 2657
	2016 2497
5
	1953 2592
	1920 2592
	1953 2657
	2016 2657
	2016 2592
1
	1953 2560
1
	1920 2560
8
	1920 2592
	1857 2592
	1408 2720
	1409 2785
	1665 2785
	1857 2657
	1920 2657
	1953 2592
9
	1857 2592
	1857 2497
	1665 2432
	1344 2465
	1408 2529
	1857 2657
	1920 2657
	2016 2657
	1920 2592
9
	1857 2657
	1920 2657
	2016 2592
	1920 2592
	1857 2592
	1408 2720
	1409 2785
	1665 2785
	1857 2752
8
	1920 2657
	1953 2657
	1920 2592
	1857 2592
	1665 2432
	1344 2465
	1408 2529
	1857 2657
1
	1920 2689
1
	1953 2689
5
	1953 2657
	2016 2657
	2016 2592
	1953 2592
	1920 2657
9
	2016 2657
	2016 2752
	2145 2816
	2016 2592
	1953 2592
	1857 2592
	1344 2465
	1408 2529
	1953 2657
7
	2016 2752
	1857 2752
	993 2753
	1409 2785
	1665 2785
	2016 2817
	2016 2657
10
	1857 2752
	1857 2657
	1665 2432
	1344 2465
	1408 2529
	1185 2720
	993 2720
	1984 2785
	2145 2816
	2016 2752
6
	1889 1089
	1953 1057
	1856 1120
	1856 1184
	1793 1377
	1889 1152
1
	1953 1089
4
	1953 1057
	2080 1057
	1856 1057
	1889 1089
7
	2080 1057
	2080 1184
	2145 1344
	1697 832
	1440 865
	1440 1025
	1953 1057
12
	2080 1184
	1953 1184
	1440 1248
	1056 1600
	993 1633
	1313 1537
	1793 1377
	1889 1313
	1953 1281
	2048 1440
	2080 1889
	2080 1057
7
	1953 1184
	1889 1152
	1856 1184
	1953 1281
	2048 1281
	2145 1344
	2080 1184
1
	1953 1152
8
	1889 1152
	1889 1089
	1856 1057
	1856 1121
	1889 1313
	2048 1281
	2145 1344
	1953 1184
9
	1953 1889
	2080 1889
	2145 1377
	2048 1440
	1984 1504
	1920 1889
	1920 2080
	1920 2272
	1953 2080
9
	2080 1889
	2080 2080
	2080 1184
	2048 1281
	1761 1536
	1440 1185
	1664 1537
	1664 1793
	1953 1889
7
	2080 2080
	1953 2080
	1761 2113
	1985 2113
	2080 2113
	2145 1377
	2080 1889
7
	1953 2080
	1953 1889
	1920 1889
	1920 2080
	1953 2145
	2080 2113
	2080 2080
5
	1953 2145
	1985 2113
	1953 2080
	1920 2272
	1953 2272
5
	1985 2113
	2080 2113
	2080 2080
	1920 2113
	1953 2145
6
	2080 2113
	2080 2272
	2080 2080
	1953 2080
	1761 2080
	1985 2113
5
	2080 2272
	1953 2272
	1665 2369
	2145 1377
	2080 2113
6
	1953 2272
	1953 2145
	1920 1889
	1920 2113
	1920 2272
	2080 2272
11
	2241 1825
	2368 1825
	3040 1696
	2849 1601
	2656 1664
	2433 1441
	2497 897
	2529 769
	2593 513
	2496 832
	2241 1888
5
	2368 1825
	2400 1857
	2848 2049
	2208 1377
	2241 1825
1
	2368 1857
5
	2400 1857
	2432 1889
	2848 2049
	2208 1377
	2368 1825
1
	2400 1889
7
	2432 1889
	2432 1984
	2720 2369
	2657 2240
	2848 2049
	2208 1377
	2400 1857
9
	2432 1984
	2400 2016
	3040 1696
	2849 1601
	2977 1473
	2912 1504
	2656 1664
	2433 1441
	2432 1889
1
	2400 1984
6
	2400 2016
	2368 2048
	3040 1696
	2849 1601
	2977 1473
	2432 1984
1
	2368 2016
6
	2368 2048
	2241 2048
	3040 1696
	2849 1601
	2977 1473
	2400 2016
7
	2241 2048
	2241 1953
	2208 1377
	2720 2369
	2657 2240
	2848 2049
	2368 2048
3
	2241 1953
	2241 1888
	2241 2048
1
	2305 1953
1
	2305 1920
2
	2273 1920
	2241 1888
1
	2273 1888
5
	2241 1888
	2241 1825
	2208 1377
	2241 1953
	2273 1920
5
	2337 449
	2528 449
	2593 353
	2625 161
	2337 576
8
	2528 449
	2528 576
	2529 832
	2593 608
	2593 480
	2145 352
	2208 385
	2337 449
9
	2528 576
	2433 576
	2337 609
	2433 609
	2528 609
	2593 513
	2593 353
	2593 225
	2528 449
7
	2433 576
	2432 576
	2433 609
	2528 609
	2913 704
	2593 608
	2528 576
1
	2433 544
1
	2432 544
5
	2432 576
	2337 576
	2337 609
	2432 609
	2433 576
8
	2337 576
	2337 449
	2208 385
	2337 609
	2432 609
	2528 609
	2593 608
	2432 576
7
	2337 609
	2432 609
	2720 608
	2528 576
	2432 576
	2337 576
	2337 704
5
	2432 609
	2433 609
	2432 576
	2337 576
	2337 609
1
	2432 641
1
	2433 641
6
	2433 609
	2528 609
	2720 608
	2528 576
	2433 576
	2432 609
8
	2528 609
	2528 704
	2529 832
	2913 704
	2528 576
	2433 576
	2337 576
	2433 609
11
	2528 704
	2337 704
	2496 832
	2497 897
	2913 704
	2913 545
	2720 608
	2593 513
	2593 353
	2593 225
	2528 609
5
	2337 704
	2337 609
	2208 385
	2496 769
	2528 704
4
	2337 2721
	2369 2689
	2433 2465
	2337 2944
7
	2369 2689
	2432 2689
	2945 2625
	2848 2624
	2560 2624
	2208 2816
	2337 2721
5
	2432 2689
	2464 2721
	2720 2753
	2945 2784
	2369 2689
5
	2464 2721
	2464 2944
	2561 2912
	2433 2624
	2432 2689
7
	2464 2944
	2432 2976
	2561 2753
	2657 2561
	2624 2592
	2560 2624
	2464 2721
5
	2432 2976
	2369 2976
	2784 2944
	2592 2912
	2464 2944
6
	2369 2976
	2337 2944
	2208 2849
	2945 3104
	2976 2977
	2432 2976
3
	2337 2944
	2337 2721
	2369 2976
7
	2433 1441
	2465 1409
	2497 897
	2496 832
	2241 1825
	2432 1984
	2433 1568
1
	2465 1441
5
	2465 1409
	2497 1377
	2497 897
	2496 832
	2433 1441
1
	2497 1409
8
	2497 1377
	2560 1377
	2849 1249
	2912 1184
	2688 1248
	2497 1248
	2208 1377
	2465 1409
6
	2560 1377
	2592 1409
	2849 1504
	2497 1248
	2145 1344
	2497 1377
1
	2560 1409
5
	2592 1409
	2656 1473
	2849 1504
	2497 1248
	2560 1377
1
	2592 1473
8
	2656 1473
	2656 1664
	2657 2240
	2848 2049
	2849 1696
	2849 1504
	2497 1248
	2592 1409
12
	2656 1664
	2497 1664
	2241 1825
	2432 1984
	2849 1601
	2977 1473
	2912 1504
	2849 1249
	2849 1057
	2849 897
	2688 1248
	2656 1473
7
	2497 1664
	2465 1632
	2208 1377
	2657 2240
	2848 2049
	2849 1696
	2656 1664
1
	2497 1632
6
	2465 1632
	2433 1568
	2208 1377
	2657 2240
	2848 2049
	2497 1664
1
	2465 1568
5
	2433 1568
	2433 1441
	2208 1377
	2657 2240
	2465 1632
6
	2433 2465
	2560 2465
	2720 2432
	2208 2816
	2337 2721
	2433 2624
4
	2560 2465
	2624 2497
	2657 2465
	2433 2465
1
	2560 2497
5
	2624 2497
	2624 2592
	2657 2624
	2657 2528
	2560 2465
7
	2624 2592
	2560 2624
	2464 2944
	2561 2753
	2657 2561
	2657 2465
	2624 2497
1
	2560 2592
6
	2560 2624
	2433 2624
	2369 2689
	2464 2944
	2657 2624
	2624 2592
8
	2433 2624
	2433 2465
	2464 2721
	2561 2912
	2720 2753
	2945 2784
	3072 2625
	2560 2624
10
	2497 897
	2688 897
	2529 769
	2593 353
	2528 704
	2208 1344
	2241 1825
	2433 1441
	2465 1409
	2497 1248
10
	2688 897
	2688 1056
	2848 2049
	2849 1696
	2849 1504
	2849 1184
	2849 1024
	2849 897
	2529 832
	2497 897
8
	2688 1056
	2625 1056
	2593 1089
	2688 1089
	3040 1024
	2944 1024
	2849 897
	2688 897
6
	2625 1056
	2592 1056
	2688 1089
	2944 1057
	3040 1057
	2688 1056
1
	2625 992
1
	2592 992
2
	2592 1056
	2625 1056
1
	2560 1056
1
	2560 1153
1
	2593 1153
6
	2593 1089
	2688 1089
	2849 1057
	3040 1024
	2944 1024
	2688 1056
9
	2688 1089
	2688 1248
	2848 2049
	2849 1696
	2849 1504
	2849 1184
	2688 1056
	2625 1056
	2593 1089
12
	2688 1248
	2497 1248
	2208 1344
	2145 1377
	2497 1377
	2656 1664
	2657 2049
	3040 1184
	2912 1184
	2849 1057
	2849 897
	2688 1089
11
	2497 1248
	2497 897
	2496 769
	2497 1377
	2560 1377
	2592 1409
	2656 1473
	2849 1696
	2849 1504
	3040 1249
	2688 1248
8
	2561 2753
	2720 2753
	2945 2625
	2848 2624
	2657 2561
	2624 2592
	2464 2944
	2561 2912
10
	2720 2753
	2720 2784
	2784 2817
	2976 2977
	2977 2944
	2945 2784
	2657 2624
	2433 2624
	2432 2689
	2561 2753
4
	2720 2784
	2688 2848
	2848 2624
	2720 2753
1
	2688 2816
7
	2688 2848
	2592 2912
	2625 2913
	2753 2817
	2945 2625
	2848 2624
	2720 2784
1
	2656 2848
5
	2592 2912
	2561 2912
	2432 2976
	2689 2849
	2688 2848
6
	2561 2912
	2561 2753
	2433 2624
	2464 2721
	2625 2944
	2592 2912
6
	2593 225
	2625 161
	2528 576
	2528 704
	2529 769
	2593 320
1
	2625 193
7
	2625 161
	2688 161
	2849 65
	2208 352
	2145 385
	2337 449
	2593 225
5
	2688 161
	2720 225
	3072 545
	2945 416
	2625 161
1
	2688 193
4
	2720 225
	2720 320
	2913 704
	2688 161
4
	2720 320
	2720 353
	2849 65
	2720 225
1
	2688 320
1
	2688 353
6
	2720 353
	2720 480
	2913 704
	3072 545
	2945 416
	2720 320
5
	2720 480
	2720 513
	3040 416
	2849 65
	2720 353
1
	2688 480
1
	2688 513
5
	2720 513
	2720 608
	2913 704
	3072 545
	2720 480
10
	2720 608
	2593 608
	2337 609
	2433 609
	2528 704
	2529 769
	2913 545
	3040 416
	2849 65
	2720 513
7
	2593 608
	2593 513
	2528 449
	2433 576
	2337 576
	2913 704
	2720 608
8
	2593 513
	2593 480
	2528 576
	2528 704
	2496 832
	2241 1825
	2529 769
	2593 608
1
	2625 513
1
	2625 480
4
	2593 480
	2593 353
	2528 449
	2593 513
9
	2593 353
	2593 320
	2145 385
	2337 449
	2528 576
	2528 704
	2497 897
	2529 769
	2593 480
1
	2625 353
1
	2625 320
3
	2593 320
	2593 225
	2593 353
4
	2625 2913
	2689 2849
	2688 2848
	2625 2944
5
	2689 2849
	2753 2817
	2945 2625
	2592 2912
	2625 2913
1
	2721 2849
7
	2753 2817
	2784 2817
	3041 2785
	3008 2784
	2945 2625
	2688 2848
	2689 2849
9
	2784 2817
	2784 2944
	2945 3104
	2976 2977
	3073 3008
	2977 2944
	2657 2624
	2720 2753
	2753 2817
11
	2784 2944
	2625 2944
	2432 2976
	2977 2944
	2945 2881
	2977 2849
	3041 2785
	3008 2784
	2945 2625
	2848 2624
	2784 2817
6
	2625 2944
	2625 2913
	2561 2912
	2945 3104
	2976 2977
	2784 2944
9
	2657 2049
	2848 2049
	3040 1696
	2849 1601
	2849 1249
	2849 1057
	2849 897
	2688 1248
	2657 2240
13
	2848 2049
	2848 2240
	2688 897
	2688 1089
	2656 1473
	2497 1664
	2465 1632
	2208 1377
	2368 1825
	2400 1857
	2432 1889
	2241 2048
	2657 2049
9
	2848 2240
	2657 2240
	2753 2369
	3040 1696
	2849 1601
	2849 1249
	2849 1057
	2849 897
	2848 2049
12
	2657 2240
	2657 2049
	2656 1473
	2497 1664
	2465 1632
	2433 1568
	2208 1377
	2432 1889
	2241 2048
	2720 2369
	2753 2432
	2848 2240
6
	2657 2465
	2848 2465
	2720 2432
	2560 2465
	2624 2592
	2657 2528
8
	2848 2465
	2848 2624
	2945 3104
	2945 2912
	2945 2784
	3072 2625
	2753 2432
	2657 2465
8
	2848 2624
	2657 2624
	2369 2689
	2561 2753
	2720 2784
	2688 2848
	2784 2944
	2848 2465
11
	2657 2624
	2657 2561
	2624 2497
	2560 2624
	2720 2753
	2784 2817
	3072 3073
	2945 2912
	2945 2784
	3072 2625
	2848 2624
6
	2657 2561
	2657 2528
	2624 2592
	2464 2944
	2561 2753
	2657 2624
1
	2721 2561
1
	2721 2528
4
	2657 2528
	2657 2465
	2624 2497
	2657 2561
7
	2849 65
	2944 65
	2625 161
	2720 320
	2720 480
	2720 608
	2849 288
3
	2944 65
	2976 97
	2849 65
1
	2944 97
3
	2976 97
	3008 129
	2944 65
3
	3008 129
	3040 193
	2976 97
1
	3008 161
4
	3040 193
	3040 416
	3072 545
	3008 129
7
	3040 416
	2945 416
	2720 480
	2720 608
	2529 769
	2913 545
	3040 193
5
	2945 416
	2913 384
	2688 161
	2720 353
	3040 416
5
	2913 384
	2849 288
	2913 545
	3072 545
	2945 416
1
	2913 352
4
	2849 288
	2849 65
	2913 704
	2913 384
9
	2849 897
	2912 897
	2688 897
	2688 1056
	2688 1248
	2656 1664
	2657 2049
	2848 2240
	2849 1024
7
	2912 897
	2944 961
	2977 1024
	2945 960
	2945 897
	2529 832
	2849 897
1
	2912 961
5
	2944 961
	2944 1024
	2945 1184
	2977 1024
	2912 897
9
	2944 1024
	2849 1024
	2688 1056
	2593 1089
	2849 1057
	2944 1057
	2977 1024
	2945 897
	2944 961
7
	2849 1024
	2849 897
	2688 897
	2849 1057
	2944 1057
	3040 1057
	2944 1024
11
	2849 1057
	2944 1057
	3040 1024
	2944 1024
	2849 1024
	2593 1089
	2688 1248
	2656 1664
	2657 2049
	2848 2240
	2849 1184
8
	2944 1057
	2944 1120
	2945 1184
	2977 1057
	2944 1024
	2849 1024
	2625 1056
	2849 1057
5
	2944 1120
	2912 1184
	2977 1057
	2945 897
	2944 1057
1
	2912 1120
9
	2912 1184
	2849 1184
	2688 1248
	2497 1377
	2849 1249
	2945 1184
	2945 1121
	2977 1057
	2944 1120
7
	2849 1184
	2849 1057
	2688 897
	2688 1089
	2849 1249
	3040 1249
	2912 1184
12
	2849 1249
	3040 1249
	3040 1184
	2912 1184
	2849 1184
	2208 1344
	2145 1377
	2497 1377
	2656 1664
	2657 2049
	2848 2240
	2849 1504
7
	3040 1249
	3040 1344
	3040 1184
	2945 1184
	2849 1184
	2497 1248
	2849 1249
6
	3040 1344
	3008 1376
	2976 1440
	2945 1505
	3040 1473
	3040 1249
1
	3008 1344
4
	3008 1376
	2976 1440
	2945 1505
	3040 1344
1
	2976 1376
6
	2976 1440
	2944 1472
	2849 1601
	2945 1505
	3040 1344
	3008 1376
1
	2944 1440
4
	2944 1472
	2912 1504
	2849 1601
	2976 1440
1
	2912 1472
7
	2912 1504
	2849 1504
	2656 1664
	2432 1984
	2849 1601
	2977 1473
	2944 1472
10
	2849 1504
	2849 1249
	2688 897
	2688 1089
	2497 1248
	2560 1377
	2592 1409
	2656 1473
	2849 1601
	2912 1504
14
	2849 1601
	2945 1505
	2976 1440
	2944 1472
	2912 1504
	2849 1504
	2656 1664
	2241 1825
	2432 1984
	2400 2016
	2368 2048
	2657 2049
	2848 2240
	2849 1696
1
	2881 1601
1
	2945 1537
6
	2945 1505
	2977 1473
	3040 1344
	3008 1376
	2976 1440
	2849 1601
8
	2977 1473
	3040 1473
	2912 1504
	2656 1664
	2432 1984
	2400 2016
	2368 2048
	2945 1505
4
	3040 1473
	3040 1696
	3040 1344
	2977 1473
9
	3040 1696
	2849 1696
	2241 1825
	2432 1984
	2400 2016
	2368 2048
	2657 2049
	2848 2240
	3040 1473
8
	2849 1696
	2849 1601
	2688 897
	2688 1089
	2497 1248
	2656 1473
	2497 1664
	3040 1696
8
	2913 545
	3072 545
	3040 416
	2913 384
	2720 608
	2528 704
	2529 769
	2913 704
8
	3072 545
	3072 704
	3040 193
	2913 384
	2688 161
	2720 353
	2720 513
	2913 545
4
	3072 704
	2913 704
	2529 769
	3072 545
11
	2913 704
	2913 545
	2849 288
	2720 225
	2720 353
	2720 513
	2593 608
	2433 576
	2528 609
	2528 704
	3072 704
6
	2945 897
	3040 897
	2912 897
	2944 1024
	2944 1120
	2945 960
4
	3040 897
	3040 1024
	2529 832
	2945 897
8
	3040 1024
	2977 1024
	2688 1056
	2593 1089
	2849 1057
	2977 1057
	3040 1057
	3040 897
8
	2977 1024
	2945 960
	2912 897
	2944 961
	2944 1024
	2977 1057
	3040 1057
	3040 1024
1
	2977 960
5
	2945 960
	2945 897
	2912 897
	2945 1121
	2977 1024
5
	2945 1121
	2977 1057
	2945 960
	2912 1184
	2945 1184
1
	2977 1121
8
	2977 1057
	3040 1057
	3040 1024
	2977 1024
	2944 1057
	2944 1120
	2912 1184
	2945 1121
7
	3040 1057
	3040 1184
	3040 1024
	2977 1024
	2849 1024
	2625 1056
	2977 1057
8
	3040 1184
	2945 1184
	2688 1248
	2208 1344
	2145 1377
	2849 1249
	3040 1249
	3040 1057
7
	2945 1184
	2945 1121
	2944 961
	2944 1057
	2912 1184
	3040 1249
	3040 1184
9
	2945 2625
	3072 2625
	2369 2689
	2561 2753
	2688 2848
	2689 2849
	2753 2817
	2784 2944
	2945 2784
7
	3072 2625
	3072 2720
	3104 2785
	2848 2465
	2657 2624
	2433 2624
	2945 2625
6
	3072 2720
	3008 2784
	2945 2881
	2977 2849
	3041 2785
	3072 2625
1
	3040 2720
1
	3008 2752
7
	3008 2784
	2945 2784
	2753 2817
	2784 2944
	2945 2881
	2977 2849
	3072 2720
10
	2945 2784
	2945 2625
	2848 2465
	2657 2624
	2433 2624
	2432 2689
	2720 2753
	2945 2881
	3104 2785
	3008 2784
7
	2945 2881
	2977 2849
	3072 2720
	3008 2784
	2945 2784
	2784 2944
	2945 2912
1
	2977 2881
6
	2977 2849
	3041 2785
	3072 2720
	3008 2784
	2784 2944
	2945 2881
1
	3009 2849
1
	3041 2817
6
	3041 2785
	3104 2785
	3072 2720
	2753 2817
	2784 2944
	2977 2849
5
	3104 2785
	3104 3008
	3072 2625
	2945 2784
	3041 2785
4
	3104 3008
	3073 3008
	3072 3104
	3104 2785
5
	3073 3008
	2977 2944
	2784 2817
	2976 2977
	3104 3008
1
	3009 2944
6
	2977 2944
	2945 2912
	2720 2753
	2784 2817
	2784 2944
	3073 3008
7
	2945 2912
	2945 2881
	2848 2465
	2657 2624
	2945 2977
	3072 3073
	2977 2944
4
	2945 2977
	2976 2977
	2945 2912
	2945 3104
8
	2976 2977
	3072 3073
	3073 3008
	2720 2753
	2784 2817
	2625 2944
	2369 2976
	2945 2977
5
	3072 3073
	3072 3104
	2945 2912
	2657 2624
	2976 2977
4
	3072 3104
	2945 3104
	3104 3008
	3072 3073
7
	2945 3104
	2945 2977
	2848 2465
	2784 2817
	2625 2944
	2369 2976
	3072 3104
