1085
4
	0 0
	16384 0
	16384 32
	0 32
4
	0 32
	16384 32
	16384 64
	0 64
4
	0 64
	16384 64
	16384 96
	0 96
4
	0 96
	16384 96
	16384 128
	0 128
4
	0 128
	16384 128
	16384 160
	0 160
4
	0 160
	16384 160
	16384 192
	0 192
4
	0 192
	16384 192
	16384 224
	0 224
4
	0 224
	16384 224
	16384 256
	0 256
4
	0 256
	16384 256
	16384 288
	0 288
4
	0 288
	16384 288
	16384 320
	0 320
4
	0 320
	16384 320
	16384 352
	0 352
4
	0 352
	16384 352
	16384 384
	0 384
4
	0 384
	16384 384
	16384 416
	0 416
4
	0 416
	8000 416
	8000 448
	0 448
4
	16000 416
	16384 416
	16384 448
	16000 448
4
	0 448
	8000 448
	8000 480
	0 480
4
	16000 448
	16384 448
	16384 480
	16000 480
4
	0 480
	8000 480
	8000 512
	0 512
4
	16000 480
	16384 480
	16384 512
	16000 512
4
	0 512
	8000 512
	8000 544
	0 544
4
	16000 512
	16384 512
	16384 544
	16000 544
4
	0 544
	8000 544
	8000 576
	0 576
4
	16000 544
	16384 544
	16384 576
	16000 576
4
	0 576
	8000 576
	8000 608
	0 608
4
	16000 576
	16384 576
	16384 608
	16000 608
4
	0 608
	8000 608
	8000 640
	0 640
4
	16000 608
	16384 608
	16384 640
	16000 640
4
	0 640
	7584 640
	7584 672
	0 672
4
	16000 640
	16384 640
	16384 672
	16000 672
4
	0 672
	7584 672
	7584 704
	0 704
4
	16000 672
	16384 672
	16384 704
	16000 704
4
	0 704
	7584 704
	7584 736
	0 736
4
	16000 704
	16384 704
	16384 736
	16000 736
4
	0 736
	7584 736
	7584 768
	0 768
4
	16000 736
	16384 736
	16384 768
	16000 768
4
	0 768
	7584 768
	7584 800
	0 800
4
	16000 768
	16384 768
	16384 800
	16000 800
4
	0 800
	7584 800
	7584 832
	0 832
4
	16000 800
	16384 800
	16384 832
	16000 832
4
	0 832
	7392 832
	7392 864
	0 864
4
	15776 832
	16384 832
	16384 864
	15776 864
4
	0 864
	7392 864
	7392 896
	0 896
4
	15776 864
	16384 864
	16384 896
	15776 896
4
	0 896
	7392 896
	7392 928
	0 928
4
	15776 896
	16384 896
	16384 928
	15776 928
4
	0 928
	7392 928
	7392 960
	0 960
4
	15776 928
	16384 928
	16384 960
	15776 960
4
	0 960
	7392 960
	7392 992
	0 992
4
	15776 960
	16384 960
	16384 992
	15776 992
4
	0 992
	7392 992
	7392 1024
	0 1024
4
	15776 992
	16384 992
	16384 1024
	15776 1024
4
	0 1024
	6976 1024
	6976 1056
	0 1056
4
	15776 1024
	16384 1024
	16384 1056
	15776 1056
4
	0 1056
	6976 1056
	6976 1088
	0 1088
4
	15776 1056
	16384 1056
	16384 1088
	15776 1088
4
	0 1088
	6976 1088
	6976 1120
	0 1120
4
	15776 1088
	16384 1088
	16384 1120
	15776 1120
4
	0 1120
	6976 1120
	6976 1152
	0 1152
4
	15776 1120
	16384 1120
	16384 1152
	15776 1152
4
	0 1152
	6976 1152
	6976 1184
	0 1184
4
	15776 1152
	16384 1152
	16384 1184
	15776 1184
4
	0 1184
	6976 1184
	6976 1216
	0 1216
4
	15776 1184
	16384 1184
	16384 1216
	15776 1216
4
	0 1216
	6976 1216
	6976 1248
	0 1248
4
	15776 1216
	16384 1216
	16384 1248
	15776 1248
4
	0 1248
	6784 1248
	6784 1280
	0 1280
4
	15776 1248
	16384 1248
	16384 1280
	15776 1280
4
	0 1280
	6784 1280
	6784 1312
	0 1312
4
	15776 1280
	16384 1280
	16384 1312
	15776 1312
4
	0 1312
	6784 1312
	6784 1344
	0 1344
4
	15776 1312
	16384 1312
	16384 1344
	15776 1344
4
	0 1344
	6784 1344
	6784 1376
	0 1376
4
	15776 1344
	16384 1344
	16384 1376
	15776 1376
4
	0 1376
	6784 1376
	6784 1408
	0 1408
4
	15776 1376
	16384 1376
	16384 1408
	15776 1408
4
	0 1408
	6784 1408
	6784 1440
	0 1440
4
	15776 1408
	16384 1408
	16384 1440
	15776 1440
4
	0 1440
	6560 1440
	6560 1472
	0 1472
4
	15584 1440
	16384 1440
	16384 1472
	15584 1472
4
	0 1472
	6560 1472
	6560 1504
	0 1504
4
	15584 1472
	16384 1472
	16384 1504
	15584 1504
4
	0 1504
	6560 1504
	6560 1536
	0 1536
4
	15584 1504
	16384 1504
	16384 1536
	15584 1536
4
	0 1536
	6560 1536
	6560 1568
	0 1568
4
	15584 1536
	16384 1536
	16384 1568
	15584 1568
4
	0 1568
	6560 1568
	6560 1600
	0 1600
4
	15584 1568
	16384 1568
	16384 1600
	15584 1600
4
	0 1600
	6560 1600
	6560 1632
	0 1632
4
	15584 1600
	16384 1600
	16384 1632
	15584 1632
4
	0 1632
	6560 1632
	6560 1664
	0 1664
4
	15584 1632
	16384 1632
	16384 1664
	15584 1664
4
	0 1664
	6368 1664
	6368 1696
	0 1696
4
	15584 1664
	16384 1664
	16384 1696
	15584 1696
4
	0 1696
	6368 1696
	6368 1728
	0 1728
4
	15584 1696
	16384 1696
	16384 1728
	15584 1728
4
	0 1728
	6368 1728
	6368 1760
	0 1760
4
	15584 1728
	16384 1728
	16384 1760
	15584 1760
4
	0 1760
	6368 1760
	6368 1792
	0 1792
4
	15584 1760
	16384 1760
	16384 1792
	15584 1792
4
	0 1792
	6368 1792
	6368 1824
	0 1824
4
	15584 1792
	16384 1792
	16384 1824
	15584 1824
4
	0 1824
	6368 1824
	6368 1856
	0 1856
4
	15584 1824
	16384 1824
	16384 1856
	15584 1856
4
	0 1856
	6144 1856
	6144 1888
	0 1888
4
	15360 1856
	16384 1856
	16384 1888
	15360 1888
4
	0 1888
	6144 1888
	6144 1920
	0 1920
4
	15360 1888
	16384 1888
	16384 1920
	15360 1920
4
	0 1920
	6144 1920
	6144 1952
	0 1952
4
	15360 1920
	16384 1920
	16384 1952
	15360 1952
4
	0 1952
	6144 1952
	6144 1984
	0 1984
4
	15360 1952
	16384 1952
	16384 1984
	15360 1984
4
	0 1984
	6144 1984
	6144 2016
	0 2016
4
	15360 1984
	16384 1984
	16384 2016
	15360 2016
4
	0 2016
	6144 2016
	6144 2048
	0 2048
4
	15360 2016
	16384 2016
	16384 2048
	15360 2048
4
	0 2048
	5952 2048
	5952 2080
	0 2080
4
	15360 2048
	16384 2048
	16384 2080
	15360 2080
4
	0 2080
	5952 2080
	5952 2112
	0 2112
4
	15360 2080
	16384 2080
	16384 2112
	15360 2112
4
	0 2112
	5952 2112
	5952 2144
	0 2144
4
	15360 2112
	16384 2112
	16384 2144
	15360 2144
4
	0 2144
	5952 2144
	5952 2176
	0 2176
4
	15360 2144
	16384 2144
	16384 2176
	15360 2176
4
	0 2176
	5952 2176
	5952 2208
	0 2208
4
	15360 2176
	16384 2176
	16384 2208
	15360 2208
4
	0 2208
	5952 2208
	5952 2240
	0 2240
4
	15360 2208
	16384 2208
	16384 2240
	15360 2240
4
	0 2240
	5952 2240
	5952 2272
	0 2272
4
	15360 2240
	16384 2240
	16384 2272
	15360 2272
4
	0 2272
	5760 2272
	5760 2304
	0 2304
4
	15360 2272
	16384 2272
	16384 2304
	15360 2304
4
	0 2304
	5760 2304
	5760 2336
	0 2336
4
	15360 2304
	16384 2304
	16384 2336
	15360 2336
4
	0 2336
	5760 2336
	5760 2368
	0 2368
4
	15360 2336
	16384 2336
	16384 2368
	15360 2368
4
	0 2368
	5760 2368
	5760 2400
	0 2400
4
	15360 2368
	16384 2368
	16384 2400
	15360 2400
4
	0 2400
	5760 2400
	5760 2432
	0 2432
4
	15360 2400
	16384 2400
	16384 2432
	15360 2432
4
	0 2432
	5760 2432
	5760 2464
	0 2464
4
	15360 2432
	16384 2432
	16384 2464
	15360 2464
4
	0 2464
	5536 2464
	5536 2496
	0 2496
4
	15168 2464
	16384 2464
	16384 2496
	15168 2496
4
	0 2496
	5536 2496
	5536 2528
	0 2528
4
	15168 2496
	16384 2496
	16384 2528
	15168 2528
4
	0 2528
	5536 2528
	5536 2560
	0 2560
4
	15168 2528
	16384 2528
	16384 2560
	15168 2560
4
	0 2560
	5536 2560
	5536 2592
	0 2592
4
	15168 2560
	16384 2560
	16384 2592
	15168 2592
4
	0 2592
	5536 2592
	5536 2624
	0 2624
4
	15168 2592
	16384 2592
	16384 2624
	15168 2624
4
	0 2624
	5536 2624
	5536 2656
	0 2656
4
	15168 2624
	16384 2624
	16384 2656
	15168 2656
4
	0 2656
	5536 2656
	5536 2688
	0 2688
4
	15168 2656
	16384 2656
	16384 2688
	15168 2688
4
	0 2688
	5344 2688
	5344 2720
	0 2720
4
	6560 2688
	7168 2688
	7168 2720
	6560 2720
4
	15168 2688
	16384 2688
	16384 2720
	15168 2720
4
	0 2720
	5344 2720
	5344 2752
	0 2752
4
	6560 2720
	7168 2720
	7168 2752
	6560 2752
4
	15168 2720
	16384 2720
	16384 2752
	15168 2752
4
	0 2752
	5344 2752
	5344 2784
	0 2784
4
	6560 2752
	7168 2752
	7168 2784
	6560 2784
4
	15168 2752
	16384 2752
	16384 2784
	15168 2784
4
	0 2784
	5344 2784
	5344 2816
	0 2816
4
	6560 2784
	7168 2784
	7168 2816
	6560 2816
4
	15168 2784
	16384 2784
	16384 2816
	15168 2816
4
	0 2816
	5344 2816
	5344 2848
	0 2848
4
	6560 2816
	7168 2816
	7168 2848
	6560 2848
4
	15168 2816
	16384 2816
	16384 2848
	15168 2848
4
	0 2848
	5344 2848
	5344 2880
	0 2880
4
	6560 2848
	7168 2848
	7168 2880
	6560 2880
4
	15168 2848
	16384 2848
	16384 2880
	15168 2880
4
	0 2880
	5120 2880
	5120 2912
	0 2912
4
	6368 2880
	7392 2880
	7392 2912
	6368 2912
4
	14976 2880
	16384 2880
	16384 2912
	14976 2912
4
	0 2912
	5120 2912
	5120 2944
	0 2944
4
	6368 2912
	7392 2912
	7392 2944
	6368 2944
4
	14976 2912
	16384 2912
	16384 2944
	14976 2944
4
	0 2944
	5120 2944
	5120 2976
	0 2976
4
	6368 2944
	7392 2944
	7392 2976
	6368 2976
4
	14976 2944
	16384 2944
	16384 2976
	14976 2976
4
	0 2976
	5120 2976
	5120 3008
	0 3008
4
	6368 2976
	7392 2976
	7392 3008
	6368 3008
4
	14976 2976
	16384 2976
	16384 3008
	14976 3008
4
	0 3008
	5120 3008
	5120 3040
	0 3040
4
	6368 3008
	7392 3008
	7392 3040
	6368 3040
4
	14976 3008
	16384 3008
	16384 3040
	14976 3040
4
	0 3040
	5120 3040
	5120 3072
	0 3072
4
	6368 3040
	7392 3040
	7392 3072
	6368 3072
4
	14976 3040
	16384 3040
	16384 3072
	14976 3072
4
	0 3072
	4928 3072
	4928 3104
	0 3104
4
	6144 3072
	7392 3072
	7392 3104
	6144 3104
4
	14976 3072
	16384 3072
	16384 3104
	14976 3104
4
	0 3104
	4928 3104
	4928 3136
	0 3136
4
	6144 3104
	7392 3104
	7392 3136
	6144 3136
4
	14976 3104
	16384 3104
	16384 3136
	14976 3136
4
	0 3136
	4928 3136
	4928 3168
	0 3168
4
	6144 3136
	7392 3136
	7392 3168
	6144 3168
4
	14976 3136
	16384 3136
	16384 3168
	14976 3168
4
	0 3168
	4928 3168
	4928 3200
	0 3200
4
	6144 3168
	7392 3168
	7392 3200
	6144 3200
4
	14976 3168
	16384 3168
	16384 3200
	14976 3200
4
	0 3200
	4928 3200
	4928 3232
	0 3232
4
	6144 3200
	7392 3200
	7392 3232
	6144 3232
4
	14976 3200
	16384 3200
	16384 3232
	14976 3232
4
	0 3232
	4928 3232
	4928 3264
	0 3264
4
	6144 3232
	7392 3232
	7392 3264
	6144 3264
4
	14976 3232
	16384 3232
	16384 3264
	14976 3264
4
	0 3264
	4928 3264
	4928 3296
	0 3296
4
	6144 3264
	7392 3264
	7392 3296
	6144 3296
4
	14976 3264
	16384 3264
	16384 3296
	14976 3296
4
	0 3296
	4736 3296
	4736 3328
	0 3328
4
	6368 3296
	7392 3296
	7392 3328
	6368 3328
4
	14752 3296
	16384 3296
	16384 3328
	14752 3328
4
	0 3328
	4736 3328
	4736 3360
	0 3360
4
	6368 3328
	7392 3328
	7392 3360
	6368 3360
4
	14752 3328
	16384 3328
	16384 3360
	14752 3360
4
	0 3360
	4736 3360
	4736 3392
	0 3392
4
	6368 3360
	7392 3360
	7392 3392
	6368 3392
4
	14752 3360
	16384 3360
	16384 3392
	14752 3392
4
	0 3392
	4736 3392
	4736 3424
	0 3424
4
	6368 3392
	7392 3392
	7392 3424
	6368 3424
4
	14752 3392
	16384 3392
	16384 3424
	14752 3424
4
	0 3424
	4736 3424
	4736 3456
	0 3456
4
	6368 3424
	7392 3424
	7392 3456
	6368 3456
4
	14752 3424
	16384 3424
	16384 3456
	14752 3456
4
	0 3456
	4736 3456
	4736 3488
	0 3488
4
	6368 3456
	7392 3456
	7392 3488
	6368 3488
4
	14752 3456
	16384 3456
	16384 3488
	14752 3488
4
	0 3488
	4512 3488
	4512 3520
	0 3520
4
	14752 3488
	16384 3488
	16384 3520
	14752 3520
4
	0 3520
	4512 3520
	4512 3552
	0 3552
4
	14752 3520
	16384 3520
	16384 3552
	14752 3552
4
	0 3552
	4512 3552
	4512 3584
	0 3584
4
	14752 3552
	16384 3552
	16384 3584
	14752 3584
4
	0 3584
	4512 3584
	4512 3616
	0 3616
4
	14752 3584
	16384 3584
	16384 3616
	14752 3616
4
	0 3616
	4512 3616
	4512 3648
	0 3648
4
	14752 3616
	16384 3616
	16384 3648
	14752 3648
4
	0 3648
	4512 3648
	4512 3680
	0 3680
4
	14752 3648
	16384 3648
	16384 3680
	14752 3680
4
	0 3680
	4512 3680
	4512 3712
	0 3712
4
	14752 3680
	16384 3680
	16384 3712
	14752 3712
4
	0 3712
	4320 3712
	4320 3744
	0 3744
4
	14752 3712
	16384 3712
	16384 3744
	14752 3744
4
	0 3744
	4320 3744
	4320 3776
	0 3776
4
	14752 3744
	16384 3744
	16384 3776
	14752 3776
4
	0 3776
	4320 3776
	4320 3808
	0 3808
4
	14752 3776
	16384 3776
	16384 3808
	14752 3808
4
	0 3808
	4320 3808
	4320 3840
	0 3840
4
	14752 3808
	16384 3808
	16384 3840
	14752 3840
4
	0 3840
	4320 3840
	4320 3872
	0 3872
4
	14752 3840
	16384 3840
	16384 3872
	14752 3872
4
	0 3872
	4320 3872
	4320 3904
	0 3904
4
	14752 3872
	16384 3872
	16384 3904
	14752 3904
4
	0 3904
	4320 3904
	4320 3936
	0 3936
4
	14560 3904
	16384 3904
	16384 3936
	14560 3936
4
	0 3936
	4320 3936
	4320 3968
	0 3968
4
	14560 3936
	16384 3936
	16384 3968
	14560 3968
4
	0 3968
	4320 3968
	4320 4000
	0 4000
4
	14560 3968
	16384 3968
	16384 4000
	14560 4000
4
	0 4000
	4320 4000
	4320 4032
	0 4032
4
	14560 4000
	16384 4000
	16384 4032
	14560 4032
4
	0 4032
	4320 4032
	4320 4064
	0 4064
4
	14560 4032
	16384 4032
	16384 4064
	14560 4064
4
	0 4064
	4320 4064
	4320 4096
	0 4096
4
	14560 4064
	16384 4064
	16384 4096
	14560 4096
4
	0 4096
	4320 4096
	4320 4128
	0 4128
4
	14560 4096
	16384 4096
	16384 4128
	14560 4128
4
	0 4128
	4320 4128
	4320 4160
	0 4160
4
	14560 4128
	16384 4128
	16384 4160
	14560 4160
4
	0 4160
	4320 4160
	4320 4192
	0 4192
4
	14560 4160
	16384 4160
	16384 4192
	14560 4192
4
	0 4192
	4320 4192
	4320 4224
	0 4224
4
	14560 4192
	16384 4192
	16384 4224
	14560 4224
4
	0 4224
	4320 4224
	4320 4256
	0 4256
4
	14560 4224
	16384 4224
	16384 4256
	14560 4256
4
	0 4256
	4320 4256
	4320 4288
	0 4288
4
	14560 4256
	16384 4256
	16384 4288
	14560 4288
4
	0 4288
	4320 4288
	4320 4320
	0 4320
4
	14560 4288
	16384 4288
	16384 4320
	14560 4320
4
	0 4320
	4096 4320
	4096 4352
	0 4352
4
	5536 4320
	6368 4320
	6368 4352
	5536 4352
4
	14336 4320
	16384 4320
	16384 4352
	14336 4352
4
	0 4352
	4096 4352
	4096 4384
	0 4384
4
	5536 4352
	6368 4352
	6368 4384
	5536 4384
4
	14336 4352
	16384 4352
	16384 4384
	14336 4384
4
	0 4384
	4096 4384
	4096 4416
	0 4416
4
	5536 4384
	6368 4384
	6368 4416
	5536 4416
4
	14336 4384
	16384 4384
	16384 4416
	14336 4416
4
	0 4416
	4096 4416
	4096 4448
	0 4448
4
	5536 4416
	6368 4416
	6368 4448
	5536 4448
4
	14336 4416
	16384 4416
	16384 4448
	14336 4448
4
	0 4448
	4096 4448
	4096 4480
	0 4480
4
	5536 4448
	6368 4448
	6368 4480
	5536 4480
4
	14336 4448
	16384 4448
	16384 4480
	14336 4480
4
	0 4480
	4096 4480
	4096 4512
	0 4512
4
	5536 4480
	6368 4480
	6368 4512
	5536 4512
4
	14336 4480
	16384 4480
	16384 4512
	14336 4512
4
	0 4512
	4096 4512
	4096 4544
	0 4544
4
	5536 4512
	6368 4512
	6368 4544
	5536 4544
4
	14336 4512
	16384 4512
	16384 4544
	14336 4544
4
	0 4544
	4096 4544
	4096 4576
	0 4576
4
	5536 4544
	6368 4544
	6368 4576
	5536 4576
4
	14336 4544
	16384 4544
	16384 4576
	14336 4576
4
	0 4576
	4096 4576
	4096 4608
	0 4608
4
	5536 4576
	6368 4576
	6368 4608
	5536 4608
4
	14336 4576
	16384 4576
	16384 4608
	14336 4608
4
	0 4608
	4096 4608
	4096 4640
	0 4640
4
	5536 4608
	6368 4608
	6368 4640
	5536 4640
4
	14336 4608
	16384 4608
	16384 4640
	14336 4640
4
	0 4640
	4096 4640
	4096 4672
	0 4672
4
	5536 4640
	6368 4640
	6368 4672
	5536 4672
4
	14336 4640
	16384 4640
	16384 4672
	14336 4672
4
	0 4672
	4096 4672
	4096 4704
	0 4704
4
	5536 4672
	6368 4672
	6368 4704
	5536 4704
4
	14336 4672
	16384 4672
	16384 4704
	14336 4704
4
	0 4704
	4096 4704
	4096 4736
	0 4736
4
	5536 4704
	6368 4704
	6368 4736
	5536 4736
4
	14336 4704
	16384 4704
	16384 4736
	14336 4736
4
	0 4736
	4096 4736
	4096 4768
	0 4768
4
	5536 4736
	6368 4736
	6368 4768
	5536 4768
4
	14336 4736
	16384 4736
	16384 4768
	14336 4768
4
	0 4768
	4096 4768
	4096 4800
	0 4800
4
	5536 4768
	6368 4768
	6368 4800
	5536 4800
4
	14336 4768
	16384 4768
	16384 4800
	14336 4800
4
	0 4800
	4096 4800
	4096 4832
	0 4832
4
	5536 4800
	6368 4800
	6368 4832
	5536 4832
4
	14336 4800
	16384 4800
	16384 4832
	14336 4832
4
	0 4832
	4096 4832
	4096 4864
	0 4864
4
	5536 4832
	6368 4832
	6368 4864
	5536 4864
4
	14336 4832
	16384 4832
	16384 4864
	14336 4864
4
	0 4864
	4096 4864
	4096 4896
	0 4896
4
	5536 4864
	6368 4864
	6368 4896
	5536 4896
4
	14336 4864
	16384 4864
	16384 4896
	14336 4896
4
	0 4896
	4096 4896
	4096 4928
	0 4928
4
	5536 4896
	6368 4896
	6368 4928
	5536 4928
4
	14336 4896
	16384 4896
	16384 4928
	14336 4928
4
	0 4928
	3904 4928
	3904 4960
	0 4960
4
	5536 4928
	6368 4928
	6368 4960
	5536 4960
4
	14336 4928
	16384 4928
	16384 4960
	14336 4960
4
	0 4960
	3904 4960
	3904 4992
	0 4992
4
	5536 4960
	6368 4960
	6368 4992
	5536 4992
4
	14336 4960
	16384 4960
	16384 4992
	14336 4992
4
	0 4992
	3904 4992
	3904 5024
	0 5024
4
	5536 4992
	6368 4992
	6368 5024
	5536 5024
4
	14336 4992
	16384 4992
	16384 5024
	14336 5024
4
	0 5024
	3904 5024
	3904 5056
	0 5056
4
	5536 5024
	6368 5024
	6368 5056
	5536 5056
4
	14336 5024
	16384 5024
	16384 5056
	14336 5056
4
	0 5056
	3904 5056
	3904 5088
	0 5088
4
	5536 5056
	6368 5056
	6368 5088
	5536 5088
4
	14336 5056
	16384 5056
	16384 5088
	14336 5088
4
	0 5088
	3904 5088
	3904 5120
	0 5120
4
	5536 5088
	6368 5088
	6368 5120
	5536 5120
4
	14336 5088
	16384 5088
	16384 5120
	14336 5120
4
	0 5120
	3904 5120
	3904 5152
	0 5152
4
	14336 5120
	16384 5120
	16384 5152
	14336 5152
4
	0 5152
	3904 5152
	3904 5184
	0 5184
4
	14336 5152
	16384 5152
	16384 5184
	14336 5184
4
	0 5184
	3904 5184
	3904 5216
	0 5216
4
	14336 5184
	16384 5184
	16384 5216
	14336 5216
4
	0 5216
	3904 5216
	3904 5248
	0 5248
4
	14336 5216
	16384 5216
	16384 5248
	14336 5248
4
	0 5248
	3904 5248
	3904 5280
	0 5280
4
	14336 5248
	16384 5248
	16384 5280
	14336 5280
4
	0 5280
	3904 5280
	3904 5312
	0 5312
4
	14336 5280
	16384 5280
	16384 5312
	14336 5312
4
	0 5312
	3904 5312
	3904 5344
	0 5344
4
	14336 5312
	16384 5312
	16384 5344
	14336 5344
4
	0 5344
	3712 5344
	3712 5376
	0 5376
4
	14336 5344
	16384 5344
	16384 5376
	14336 5376
4
	0 5376
	3712 5376
	3712 5408
	0 5408
4
	14336 5376
	16384 5376
	16384 5408
	14336 5408
4
	0 5408
	3712 5408
	3712 5440
	0 5440
4
	14336 5408
	16384 5408
	16384 5440
	14336 5440
4
	0 5440
	3712 5440
	3712 5472
	0 5472
4
	14336 5440
	16384 5440
	16384 5472
	14336 5472
4
	0 5472
	3712 5472
	3712 5504
	0 5504
4
	14336 5472
	16384 5472
	16384 5504
	14336 5504
4
	0 5504
	3712 5504
	3712 5536
	0 5536
4
	14336 5504
	16384 5504
	16384 5536
	14336 5536
4
	0 5536
	3712 5536
	3712 5568
	0 5568
4
	14336 5536
	16384 5536
	16384 5568
	14336 5568
4
	0 5568
	3712 5568
	3712 5600
	0 5600
4
	14336 5568
	16384 5568
	16384 5600
	14336 5600
4
	0 5600
	3712 5600
	3712 5632
	0 5632
4
	14336 5600
	16384 5600
	16384 5632
	14336 5632
4
	0 5632
	3712 5632
	3712 5664
	0 5664
4
	14336 5632
	16384 5632
	16384 5664
	14336 5664
4
	0 5664
	3712 5664
	3712 5696
	0 5696
4
	14336 5664
	16384 5664
	16384 5696
	14336 5696
4
	0 5696
	3712 5696
	3712 5728
	0 5728
4
	14336 5696
	16384 5696
	16384 5728
	14336 5728
4
	0 5728
	3712 5728
	3712 5760
	0 5760
4
	14336 5728
	16384 5728
	16384 5760
	14336 5760
4
	0 5760
	3712 5760
	3712 5792
	0 5792
4
	14336 5760
	16384 5760
	16384 5792
	14336 5792
4
	0 5792
	3712 5792
	3712 5824
	0 5824
4
	14336 5792
	16384 5792
	16384 5824
	14336 5824
4
	0 5824
	3712 5824
	3712 5856
	0 5856
4
	14336 5824
	16384 5824
	16384 5856
	14336 5856
4
	0 5856
	3712 5856
	3712 5888
	0 5888
4
	14336 5856
	16384 5856
	16384 5888
	14336 5888
4
	0 5888
	3712 5888
	3712 5920
	0 5920
4
	14336 5888
	16384 5888
	16384 5920
	14336 5920
4
	0 5920
	3712 5920
	3712 5952
	0 5952
4
	14336 5920
	16384 5920
	16384 5952
	14336 5952
4
	0 5952
	3488 5952
	3488 5984
	0 5984
4
	14336 5952
	16384 5952
	16384 5984
	14336 5984
4
	0 5984
	3488 5984
	3488 6016
	0 6016
4
	14336 5984
	16384 5984
	16384 6016
	14336 6016
4
	0 6016
	3488 6016
	3488 6048
	0 6048
4
	14336 6016
	16384 6016
	16384 6048
	14336 6048
4
	0 6048
	3488 6048
	3488 6080
	0 6080
4
	14336 6048
	16384 6048
	16384 6080
	14336 6080
4
	0 6080
	3488 6080
	3488 6112
	0 6112
4
	14336 6080
	16384 6080
	16384 6112
	14336 6112
4
	0 6112
	3488 6112
	3488 6144
	0 6144
4
	14336 6112
	16384 6112
	16384 6144
	14336 6144
4
	0 6144
	3488 6144
	3488 6176
	0 6176
4
	14336 6144
	16384 6144
	16384 6176
	14336 6176
4
	0 6176
	3488 6176
	3488 6208
	0 6208
4
	14336 6176
	16384 6176
	16384 6208
	14336 6208
4
	0 6208
	3488 6208
	3488 6240
	0 6240
4
	14336 6208
	16384 6208
	16384 6240
	14336 6240
4
	0 6240
	3488 6240
	3488 6272
	0 6272
4
	14336 6240
	16384 6240
	16384 6272
	14336 6272
4
	0 6272
	3488 6272
	3488 6304
	0 6304
4
	14336 6272
	16384 6272
	16384 6304
	14336 6304
4
	0 6304
	3488 6304
	3488 6336
	0 6336
4
	14336 6304
	16384 6304
	16384 6336
	14336 6336
4
	0 6336
	3488 6336
	3488 6368
	0 6368
4
	14336 6336
	16384 6336
	16384 6368
	14336 6368
4
	0 6368
	3488 6368
	3488 6400
	0 6400
4
	14336 6368
	16384 6368
	16384 6400
	14336 6400
4
	0 6400
	3488 6400
	3488 6432
	0 6432
4
	14336 6400
	16384 6400
	16384 6432
	14336 6432
4
	0 6432
	3488 6432
	3488 6464
	0 6464
4
	14336 6432
	16384 6432
	16384 6464
	14336 6464
4
	0 6464
	3488 6464
	3488 6496
	0 6496
4
	14336 6464
	16384 6464
	16384 6496
	14336 6496
4
	0 6496
	3488 6496
	3488 6528
	0 6528
4
	14336 6496
	16384 6496
	16384 6528
	14336 6528
4
	0 6528
	3488 6528
	3488 6560
	0 6560
4
	14336 6528
	16384 6528
	16384 6560
	14336 6560
4
	0 6560
	3296 6560
	3296 6592
	0 6592
4
	14336 6560
	16384 6560
	16384 6592
	14336 6592
4
	0 6592
	3296 6592
	3296 6624
	0 6624
4
	14336 6592
	16384 6592
	16384 6624
	14336 6624
4
	0 6624
	3296 6624
	3296 6656
	0 6656
4
	14336 6624
	16384 6624
	16384 6656
	14336 6656
4
	0 6656
	3296 6656
	3296 6688
	0 6688
4
	14336 6656
	16384 6656
	16384 6688
	14336 6688
4
	0 6688
	3296 6688
	3296 6720
	0 6720
4
	14336 6688
	16384 6688
	16384 6720
	14336 6720
4
	0 6720
	3296 6720
	3296 6752
	0 6752
4
	14336 6720
	16384 6720
	16384 6752
	14336 6752
4
	0 6752
	3296 6752
	3296 6784
	0 6784
4
	14336 6752
	16384 6752
	16384 6784
	14336 6784
4
	0 6784
	3296 6784
	3296 6816
	0 6816
4
	14336 6784
	16384 6784
	16384 6816
	14336 6816
4
	0 6816
	3296 6816
	3296 6848
	0 6848
4
	14336 6816
	16384 6816
	16384 6848
	14336 6848
4
	0 6848
	3296 6848
	3296 6880
	0 6880
4
	14336 6848
	16384 6848
	16384 6880
	14336 6880
4
	0 6880
	3296 6880
	3296 6912
	0 6912
4
	14336 6880
	16384 6880
	16384 6912
	14336 6912
4
	0 6912
	3296 6912
	3296 6944
	0 6944
4
	14336 6912
	16384 6912
	16384 6944
	14336 6944
4
	0 6944
	3296 6944
	3296 6976
	0 6976
4
	14336 6944
	16384 6944
	16384 6976
	14336 6976
4
	0 6976
	3072 6976
	3072 7008
	0 7008
4
	14336 6976
	16384 6976
	16384 7008
	14336 7008
4
	0 7008
	3072 7008
	3072 7040
	0 7040
4
	14336 7008
	16384 7008
	16384 7040
	14336 7040
4
	0 7040
	3072 7040
	3072 7072
	0 7072
4
	14336 7040
	16384 7040
	16384 7072
	14336 7072
4
	0 7072
	3072 7072
	3072 7104
	0 7104
4
	14336 7072
	16384 7072
	16384 7104
	14336 7104
4
	0 7104
	3072 7104
	3072 7136
	0 7136
4
	14336 7104
	16384 7104
	16384 7136
	14336 7136
4
	0 7136
	3072 7136
	3072 7168
	0 7168
4
	14336 7136
	16384 7136
	16384 7168
	14336 7168
4
	0 7168
	3072 7168
	3072 7200
	0 7200
4
	14336 7168
	16384 7168
	16384 7200
	14336 7200
4
	0 7200
	3072 7200
	3072 7232
	0 7232
4
	14336 7200
	16384 7200
	16384 7232
	14336 7232
4
	0 7232
	3072 7232
	3072 7264
	0 7264
4
	14336 7232
	16384 7232
	16384 7264
	14336 7264
4
	0 7264
	3072 7264
	3072 7296
	0 7296
4
	14336 7264
	16384 7264
	16384 7296
	14336 7296
4
	0 7296
	3072 7296
	3072 7328
	0 7328
4
	14336 7296
	16384 7296
	16384 7328
	14336 7328
4
	0 7328
	3072 7328
	3072 7360
	0 7360
4
	14336 7328
	16384 7328
	16384 7360
	14336 7360
4
	0 7360
	3072 7360
	3072 7392
	0 7392
4
	14336 7360
	16384 7360
	16384 7392
	14336 7392
4
	0 7392
	2880 7392
	2880 7424
	0 7424
4
	14144 7392
	16384 7392
	16384 7424
	14144 7424
4
	0 7424
	2880 7424
	2880 7456
	0 7456
4
	14144 7424
	16384 7424
	16384 7456
	14144 7456
4
	0 7456
	2880 7456
	2880 7488
	0 7488
4
	14144 7456
	16384 7456
	16384 7488
	14144 7488
4
	0 7488
	2880 7488
	2880 7520
	0 7520
4
	14144 7488
	16384 7488
	16384 7520
	14144 7520
4
	0 7520
	2880 7520
	2880 7552
	0 7552
4
	14144 7520
	16384 7520
	16384 7552
	14144 7552
4
	0 7552
	2880 7552
	2880 7584
	0 7584
4
	14144 7552
	16384 7552
	16384 7584
	14144 7584
4
	0 7584
	2688 7584
	2688 7616
	0 7616
4
	14144 7584
	16384 7584
	16384 7616
	14144 7616
4
	0 7616
	2688 7616
	2688 7648
	0 7648
4
	14144 7616
	16384 7616
	16384 7648
	14144 7648
4
	0 7648
	2688 7648
	2688 7680
	0 7680
4
	14144 7648
	16384 7648
	16384 7680
	14144 7680
4
	0 7680
	2688 7680
	2688 7712
	0 7712
4
	14144 7680
	16384 7680
	16384 7712
	14144 7712
4
	0 7712
	2688 7712
	2688 7744
	0 7744
4
	14144 7712
	16384 7712
	16384 7744
	14144 7744
4
	0 7744
	2688 7744
	2688 7776
	0 7776
4
	14144 7744
	16384 7744
	16384 7776
	14144 7776
4
	0 7776
	2688 7776
	2688 7808
	0 7808
4
	14144 7776
	16384 7776
	16384 7808
	14144 7808
4
	0 7808
	2464 7808
	2464 7840
	0 7840
4
	14144 7808
	16384 7808
	16384 7840
	14144 7840
4
	0 7840
	2464 7840
	2464 7872
	0 7872
4
	14144 7840
	16384 7840
	16384 7872
	14144 7872
4
	0 7872
	2464 7872
	2464 7904
	0 7904
4
	14144 7872
	16384 7872
	16384 7904
	14144 7904
4
	0 7904
	2464 7904
	2464 7936
	0 7936
4
	14144 7904
	16384 7904
	16384 7936
	14144 7936
4
	0 7936
	2464 7936
	2464 7968
	0 7968
4
	14144 7936
	16384 7936
	16384 7968
	14144 7968
4
	0 7968
	2464 7968
	2464 8000
	0 8000
4
	14144 7968
	16384 7968
	16384 8000
	14144 8000
4
	0 8000
	2272 8000
	2272 8032
	0 8032
4
	14144 8000
	16384 8000
	16384 8032
	14144 8032
4
	0 8032
	2272 8032
	2272 8064
	0 8064
4
	14144 8032
	16384 8032
	16384 8064
	14144 8064
4
	0 8064
	2272 8064
	2272 8096
	0 8096
4
	14144 8064
	16384 8064
	16384 8096
	14144 8096
4
	0 8096
	2272 8096
	2272 8128
	0 8128
4
	14144 8096
	16384 8096
	16384 8128
	14144 8128
4
	0 8128
	2272 8128
	2272 8160
	0 8160
4
	14144 8128
	16384 8128
	16384 8160
	14144 8160
4
	0 8160
	2272 8160
	2272 8192
	0 8192
4
	14144 8160
	16384 8160
	16384 8192
	14144 8192
4
	0 8192
	1856 8192
	1856 8224
	0 8224
4
	14144 8192
	16384 8192
	16384 8224
	14144 8224
4
	0 8224
	1856 8224
	1856 8256
	0 8256
4
	14144 8224
	16384 8224
	16384 8256
	14144 8256
4
	0 8256
	1856 8256
	1856 8288
	0 8288
4
	14144 8256
	16384 8256
	16384 8288
	14144 8288
4
	0 8288
	1856 8288
	1856 8320
	0 8320
4
	14144 8288
	16384 8288
	16384 8320
	14144 8320
4
	0 8320
	1856 8320
	1856 8352
	0 8352
4
	14144 8320
	16384 8320
	16384 8352
	14144 8352
4
	0 8352
	1856 8352
	1856 8384
	0 8384
4
	14144 8352
	16384 8352
	16384 8384
	14144 8384
4
	0 8384
	1856 8384
	1856 8416
	0 8416
4
	14144 8384
	16384 8384
	16384 8416
	14144 8416
4
	0 8416
	1440 8416
	1440 8448
	0 8448
4
	13728 8416
	16384 8416
	16384 8448
	13728 8448
4
	0 8448
	1440 8448
	1440 8480
	0 8480
4
	13728 8448
	16384 8448
	16384 8480
	13728 8480
4
	0 8480
	1440 8480
	1440 8512
	0 8512
4
	13728 8480
	16384 8480
	16384 8512
	13728 8512
4
	0 8512
	1440 8512
	1440 8544
	0 8544
4
	13728 8512
	16384 8512
	16384 8544
	13728 8544
4
	0 8544
	1440 8544
	1440 8576
	0 8576
4
	13728 8544
	16384 8544
	16384 8576
	13728 8576
4
	0 8576
	1440 8576
	1440 8608
	0 8608
4
	13728 8576
	16384 8576
	16384 8608
	13728 8608
4
	0 8608
	1024 8608
	1024 8640
	0 8640
4
	13728 8608
	16384 8608
	16384 8640
	13728 8640
4
	0 8640
	1024 8640
	1024 8672
	0 8672
4
	13728 8640
	16384 8640
	16384 8672
	13728 8672
4
	0 8672
	1024 8672
	1024 8704
	0 8704
4
	13728 8672
	16384 8672
	16384 8704
	13728 8704
4
	0 8704
	1024 8704
	1024 8736
	0 8736
4
	13728 8704
	16384 8704
	16384 8736
	13728 8736
4
	0 8736
	1024 8736
	1024 8768
	0 8768
4
	13728 8736
	16384 8736
	16384 8768
	13728 8768
4
	0 8768
	1024 8768
	1024 8800
	0 8800
4
	13728 8768
	16384 8768
	16384 8800
	13728 8800
4
	0 8800
	1024 8800
	1024 8832
	0 8832
4
	13728 8800
	16384 8800
	16384 8832
	13728 8832
4
	0 8832
	1248 8832
	1248 8864
	0 8864
4
	13536 8832
	16384 8832
	16384 8864
	13536 8864
4
	0 8864
	1248 8864
	1248 8896
	0 8896
4
	13536 8864
	16384 8864
	16384 8896
	13536 8896
4
	0 8896
	1248 8896
	1248 8928
	0 8928
4
	13536 8896
	16384 8896
	16384 8928
	13536 8928
4
	0 8928
	1248 8928
	1248 8960
	0 8960
4
	13536 8928
	16384 8928
	16384 8960
	13536 8960
4
	0 8960
	1248 8960
	1248 8992
	0 8992
4
	13536 8960
	16384 8960
	16384 8992
	13536 8992
4
	0 8992
	1248 8992
	1248 9024
	0 9024
4
	13536 8992
	16384 8992
	16384 9024
	13536 9024
4
	0 9024
	1440 9024
	1440 9056
	0 9056
4
	1856 9024
	2880 9024
	2880 9056
	1856 9056
4
	13312 9024
	16384 9024
	16384 9056
	13312 9056
4
	0 9056
	1440 9056
	1440 9088
	0 9088
4
	1856 9056
	2880 9056
	2880 9088
	1856 9088
4
	13312 9056
	16384 9056
	16384 9088
	13312 9088
4
	0 9088
	1440 9088
	1440 9120
	0 9120
4
	1856 9088
	2880 9088
	2880 9120
	1856 9120
4
	13312 9088
	16384 9088
	16384 9120
	13312 9120
4
	0 9120
	1440 9120
	1440 9152
	0 9152
4
	1856 9120
	2880 9120
	2880 9152
	1856 9152
4
	13312 9120
	16384 9120
	16384 9152
	13312 9152
4
	0 9152
	1440 9152
	1440 9184
	0 9184
4
	1856 9152
	2880 9152
	2880 9184
	1856 9184
4
	13312 9152
	16384 9152
	16384 9184
	13312 9184
4
	0 9184
	1440 9184
	1440 9216
	0 9216
4
	1856 9184
	2880 9184
	2880 9216
	1856 9216
4
	13312 9184
	16384 9184
	16384 9216
	13312 9216
4
	0 9216
	1440 9216
	1440 9248
	0 9248
4
	1664 9216
	2880 9216
	2880 9248
	1664 9248
4
	13120 9216
	16384 9216
	16384 9248
	13120 9248
4
	0 9248
	1440 9248
	1440 9280
	0 9280
4
	1664 9248
	2880 9248
	2880 9280
	1664 9280
4
	13120 9248
	16384 9248
	16384 9280
	13120 9280
4
	0 9280
	1440 9280
	1440 9312
	0 9312
4
	1664 9280
	2880 9280
	2880 9312
	1664 9312
4
	13120 9280
	16384 9280
	16384 9312
	13120 9312
4
	0 9312
	1440 9312
	1440 9344
	0 9344
4
	1664 9312
	2880 9312
	2880 9344
	1664 9344
4
	13120 9312
	16384 9312
	16384 9344
	13120 9344
4
	0 9344
	1440 9344
	1440 9376
	0 9376
4
	1664 9344
	2880 9344
	2880 9376
	1664 9376
4
	13120 9344
	16384 9344
	16384 9376
	13120 9376
4
	0 9376
	1440 9376
	1440 9408
	0 9408
4
	1664 9376
	2880 9376
	2880 9408
	1664 9408
4
	13120 9376
	16384 9376
	16384 9408
	13120 9408
4
	0 9408
	1440 9408
	1440 9440
	0 9440
4
	1664 9408
	2880 9408
	2880 9440
	1664 9440
4
	13120 9408
	16384 9408
	16384 9440
	13120 9440
4
	0 9440
	1248 9440
	1248 9472
	0 9472
4
	1664 9440
	3072 9440
	3072 9472
	1664 9472
4
	12928 9440
	16384 9440
	16384 9472
	12928 9472
4
	0 9472
	1248 9472
	1248 9504
	0 9504
4
	1664 9472
	3072 9472
	3072 9504
	1664 9504
4
	12928 9472
	16384 9472
	16384 9504
	12928 9504
4
	0 9504
	1248 9504
	1248 9536
	0 9536
4
	1664 9504
	3072 9504
	3072 9536
	1664 9536
4
	12928 9504
	16384 9504
	16384 9536
	12928 9536
4
	0 9536
	1248 9536
	1248 9568
	0 9568
4
	1664 9536
	3072 9536
	3072 9568
	1664 9568
4
	12928 9536
	16384 9536
	16384 9568
	12928 9568
4
	0 9568
	1248 9568
	1248 9600
	0 9600
4
	1664 9568
	3072 9568
	3072 9600
	1664 9600
4
	12928 9568
	16384 9568
	16384 9600
	12928 9600
4
	0 9600
	1248 9600
	1248 9632
	0 9632
4
	1664 9600
	3072 9600
	3072 9632
	1664 9632
4
	12928 9600
	16384 9600
	16384 9632
	12928 9632
4
	0 9632
	1248 9632
	1248 9664
	0 9664
4
	1856 9632
	3072 9632
	3072 9664
	1856 9664
4
	12704 9632
	16384 9632
	16384 9664
	12704 9664
4
	0 9664
	1248 9664
	1248 9696
	0 9696
4
	1856 9664
	3072 9664
	3072 9696
	1856 9696
4
	12704 9664
	16384 9664
	16384 9696
	12704 9696
4
	0 9696
	1248 9696
	1248 9728
	0 9728
4
	1856 9696
	3072 9696
	3072 9728
	1856 9728
4
	12704 9696
	16384 9696
	16384 9728
	12704 9728
4
	0 9728
	1248 9728
	1248 9760
	0 9760
4
	1856 9728
	3072 9728
	3072 9760
	1856 9760
4
	12704 9728
	16384 9728
	16384 9760
	12704 9760
4
	0 9760
	1248 9760
	1248 9792
	0 9792
4
	1856 9760
	3072 9760
	3072 9792
	1856 9792
4
	12704 9760
	16384 9760
	16384 9792
	12704 9792
4
	0 9792
	1248 9792
	1248 9824
	0 9824
4
	1856 9792
	3072 9792
	3072 9824
	1856 9824
4
	12704 9792
	16384 9792
	16384 9824
	12704 9824
4
	0 9824
	1248 9824
	1248 9856
	0 9856
4
	1856 9824
	3072 9824
	3072 9856
	1856 9856
4
	12704 9824
	16384 9824
	16384 9856
	12704 9856
4
	0 9856
	416 9856
	416 9888
	0 9888
4
	1856 9856
	3072 9856
	3072 9888
	1856 9888
4
	12288 9856
	16384 9856
	16384 9888
	12288 9888
4
	0 9888
	416 9888
	416 9920
	0 9920
4
	1856 9888
	3072 9888
	3072 9920
	1856 9920
4
	12288 9888
	16384 9888
	16384 9920
	12288 9920
4
	0 9920
	416 9920
	416 9952
	0 9952
4
	1856 9920
	3072 9920
	3072 9952
	1856 9952
4
	12288 9920
	16384 9920
	16384 9952
	12288 9952
4
	0 9952
	416 9952
	416 9984
	0 9984
4
	1856 9952
	3072 9952
	3072 9984
	1856 9984
4
	12288 9952
	16384 9952
	16384 9984
	12288 9984
4
	0 9984
	416 9984
	416 10016
	0 10016
4
	1856 9984
	3072 9984
	3072 10016
	1856 10016
4
	12288 9984
	16384 9984
	16384 10016
	12288 10016
4
	0 10016
	416 10016
	416 10048
	0 10048
4
	1856 10016
	3072 10016
	3072 10048
	1856 10048
4
	12288 10016
	16384 10016
	16384 10048
	12288 10048
4
	0 10048
	416 10048
	416 10080
	0 10080
4
	11904 10048
	16384 10048
	16384 10080
	11904 10080
4
	0 10080
	416 10080
	416 10112
	0 10112
4
	11904 10080
	16384 10080
	16384 10112
	11904 10112
4
	0 10112
	416 10112
	416 10144
	0 10144
4
	11904 10112
	16384 10112
	16384 10144
	11904 10144
4
	0 10144
	416 10144
	416 10176
	0 10176
4
	11904 10144
	16384 10144
	16384 10176
	11904 10176
4
	0 10176
	416 10176
	416 10208
	0 10208
4
	11904 10176
	16384 10176
	16384 10208
	11904 10208
4
	0 10208
	416 10208
	416 10240
	0 10240
4
	11904 10208
	16384 10208
	16384 10240
	11904 10240
4
	0 10240
	416 10240
	416 10272
	0 10272
4
	11680 10240
	16384 10240
	16384 10272
	11680 10272
4
	0 10272
	416 10272
	416 10304
	0 10304
4
	11680 10272
	16384 10272
	16384 10304
	11680 10304
4
	0 10304
	416 10304
	416 10336
	0 10336
4
	11680 10304
	16384 10304
	16384 10336
	11680 10336
4
	0 10336
	416 10336
	416 10368
	0 10368
4
	11680 10336
	16384 10336
	16384 10368
	11680 10368
4
	0 10368
	416 10368
	416 10400
	0 10400
4
	11680 10368
	16384 10368
	16384 10400
	11680 10400
4
	0 10400
	416 10400
	416 10432
	0 10432
4
	11680 10400
	16384 10400
	16384 10432
	11680 10432
4
	0 10432
	416 10432
	416 10464
	0 10464
4
	11680 10432
	16384 10432
	16384 10464
	11680 10464
4
	0 10464
	416 10464
	416 10496
	0 10496
4
	11264 10464
	16384 10464
	16384 10496
	11264 10496
4
	0 10496
	416 10496
	416 10528
	0 10528
4
	11264 10496
	16384 10496
	16384 10528
	11264 10528
4
	0 10528
	416 10528
	416 10560
	0 10560
4
	11264 10528
	16384 10528
	16384 10560
	11264 10560
4
	0 10560
	416 10560
	416 10592
	0 10592
4
	11264 10560
	16384 10560
	16384 10592
	11264 10592
4
	0 10592
	416 10592
	416 10624
	0 10624
4
	11264 10592
	16384 10592
	16384 10624
	11264 10624
4
	0 10624
	416 10624
	416 10656
	0 10656
4
	11264 10624
	16384 10624
	16384 10656
	11264 10656
4
	0 10656
	416 10656
	416 10688
	0 10688
4
	10880 10656
	16384 10656
	16384 10688
	10880 10688
4
	0 10688
	416 10688
	416 10720
	0 10720
4
	10880 10688
	16384 10688
	16384 10720
	10880 10720
4
	0 10720
	416 10720
	416 10752
	0 10752
4
	10880 10720
	16384 10720
	16384 10752
	10880 10752
4
	0 10752
	416 10752
	416 10784
	0 10784
4
	10880 10752
	16384 10752
	16384 10784
	10880 10784
4
	0 10784
	416 10784
	416 10816
	0 10816
4
	10880 10784
	16384 10784
	16384 10816
	10880 10816
4
	0 10816
	416 10816
	416 10848
	0 10848
4
	10880 10816
	16384 10816
	16384 10848
	10880 10848
4
	0 10848
	416 10848
	416 10880
	0 10880
4
	10880 10848
	16384 10848
	16384 10880
	10880 10880
4
	0 10880
	416 10880
	416 10912
	0 10912
4
	10464 10880
	16384 10880
	16384 10912
	10464 10912
4
	0 10912
	416 10912
	416 10944
	0 10944
4
	10464 10912
	16384 10912
	16384 10944
	10464 10944
4
	0 10944
	416 10944
	416 10976
	0 10976
4
	10464 10944
	16384 10944
	16384 10976
	10464 10976
4
	0 10976
	416 10976
	416 11008
	0 11008
4
	10464 10976
	16384 10976
	16384 11008
	10464 11008
4
	0 11008
	416 11008
	416 11040
	0 11040
4
	10464 11008
	16384 11008
	16384 11040
	10464 11040
4
	0 11040
	416 11040
	416 11072
	0 11072
4
	10464 11040
	16384 11040
	16384 11072
	10464 11072
4
	0 11072
	416 11072
	416 11104
	0 11104
4
	10240 11072
	16384 11072
	16384 11104
	10240 11104
4
	0 11104
	416 11104
	416 11136
	0 11136
4
	10240 11104
	16384 11104
	16384 11136
	10240 11136
4
	0 11136
	416 11136
	416 11168
	0 11168
4
	10240 11136
	16384 11136
	16384 11168
	10240 11168
4
	0 11168
	416 11168
	416 11200
	0 11200
4
	10240 11168
	16384 11168
	16384 11200
	10240 11200
4
	0 11200
	416 11200
	416 11232
	0 11232
4
	10240 11200
	16384 11200
	16384 11232
	10240 11232
4
	0 11232
	416 11232
	416 11264
	0 11264
4
	10240 11232
	16384 11232
	16384 11264
	10240 11264
4
	0 11264
	416 11264
	416 11296
	0 11296
4
	10048 11264
	16384 11264
	16384 11296
	10048 11296
4
	0 11296
	416 11296
	416 11328
	0 11328
4
	10048 11296
	16384 11296
	16384 11328
	10048 11328
4
	0 11328
	416 11328
	416 11360
	0 11360
4
	10048 11328
	16384 11328
	16384 11360
	10048 11360
4
	0 11360
	416 11360
	416 11392
	0 11392
4
	10048 11360
	16384 11360
	16384 11392
	10048 11392
4
	0 11392
	416 11392
	416 11424
	0 11424
4
	10048 11392
	16384 11392
	16384 11424
	10048 11424
4
	0 11424
	416 11424
	416 11456
	0 11456
4
	10048 11424
	16384 11424
	16384 11456
	10048 11456
4
	0 11456
	416 11456
	416 11488
	0 11488
4
	10048 11456
	16384 11456
	16384 11488
	10048 11488
4
	0 11488
	416 11488
	416 11520
	0 11520
4
	9856 11488
	16384 11488
	16384 11520
	9856 11520
4
	0 11520
	416 11520
	416 11552
	0 11552
4
	9856 11520
	16384 11520
	16384 11552
	9856 11552
4
	0 11552
	416 11552
	416 11584
	0 11584
4
	9856 11552
	16384 11552
	16384 11584
	9856 11584
4
	0 11584
	416 11584
	416 11616
	0 11616
4
	9856 11584
	16384 11584
	16384 11616
	9856 11616
4
	0 11616
	416 11616
	416 11648
	0 11648
4
	9856 11616
	16384 11616
	16384 11648
	9856 11648
4
	0 11648
	416 11648
	416 11680
	0 11680
4
	9856 11648
	16384 11648
	16384 11680
	9856 11680
4
	0 11680
	416 11680
	416 11712
	0 11712
4
	9632 11680
	16384 11680
	16384 11712
	9632 11712
4
	0 11712
	416 11712
	416 11744
	0 11744
4
	9632 11712
	16384 11712
	16384 11744
	9632 11744
4
	0 11744
	416 11744
	416 11776
	0 11776
4
	9632 11744
	16384 11744
	16384 11776
	9632 11776
4
	0 11776
	416 11776
	416 11808
	0 11808
4
	9632 11776
	16384 11776
	16384 11808
	9632 11808
4
	0 11808
	416 11808
	416 11840
	0 11840
4
	9632 11808
	16384 11808
	16384 11840
	9632 11840
4
	0 11840
	416 11840
	416 11872
	0 11872
4
	9632 11840
	16384 11840
	16384 11872
	9632 11872
4
	0 11872
	416 11872
	416 11904
	0 11904
4
	9632 11872
	16384 11872
	16384 11904
	9632 11904
4
	0 11904
	416 11904
	416 11936
	0 11936
4
	9440 11904
	16384 11904
	16384 11936
	9440 11936
4
	0 11936
	416 11936
	416 11968
	0 11968
4
	9440 11936
	16384 11936
	16384 11968
	9440 11968
4
	0 11968
	416 11968
	416 12000
	0 12000
4
	9440 11968
	16384 11968
	16384 12000
	9440 12000
4
	0 12000
	416 12000
	416 12032
	0 12032
4
	9440 12000
	16384 12000
	16384 12032
	9440 12032
4
	0 12032
	416 12032
	416 12064
	0 12064
4
	9440 12032
	16384 12032
	16384 12064
	9440 12064
4
	0 12064
	416 12064
	416 12096
	0 12096
4
	9440 12064
	16384 12064
	16384 12096
	9440 12096
4
	0 12096
	416 12096
	416 12128
	0 12128
4
	9216 12096
	16384 12096
	16384 12128
	9216 12128
4
	0 12128
	416 12128
	416 12160
	0 12160
4
	9216 12128
	16384 12128
	16384 12160
	9216 12160
4
	0 12160
	416 12160
	416 12192
	0 12192
4
	9216 12160
	16384 12160
	16384 12192
	9216 12192
4
	0 12192
	416 12192
	416 12224
	0 12224
4
	9216 12192
	16384 12192
	16384 12224
	9216 12224
4
	0 12224
	416 12224
	416 12256
	0 12256
4
	9216 12224
	16384 12224
	16384 12256
	9216 12256
4
	0 12256
	416 12256
	416 12288
	0 12288
4
	9216 12256
	16384 12256
	16384 12288
	9216 12288
4
	0 12288
	416 12288
	416 12320
	0 12320
4
	9024 12288
	16384 12288
	16384 12320
	9024 12320
4
	0 12320
	416 12320
	416 12352
	0 12352
4
	9024 12320
	16384 12320
	16384 12352
	9024 12352
4
	0 12352
	416 12352
	416 12384
	0 12384
4
	9024 12352
	16384 12352
	16384 12384
	9024 12384
4
	0 12384
	416 12384
	416 12416
	0 12416
4
	9024 12384
	16384 12384
	16384 12416
	9024 12416
4
	0 12416
	416 12416
	416 12448
	0 12448
4
	9024 12416
	16384 12416
	16384 12448
	9024 12448
4
	0 12448
	416 12448
	416 12480
	0 12480
4
	9024 12448
	16384 12448
	16384 12480
	9024 12480
4
	0 12480
	416 12480
	416 12512
	0 12512
4
	9024 12480
	16384 12480
	16384 12512
	9024 12512
4
	0 12512
	416 12512
	416 12544
	0 12544
4
	9024 12512
	16384 12512
	16384 12544
	9024 12544
4
	0 12544
	416 12544
	416 12576
	0 12576
4
	9024 12544
	16384 12544
	16384 12576
	9024 12576
4
	0 12576
	416 12576
	416 12608
	0 12608
4
	9024 12576
	16384 12576
	16384 12608
	9024 12608
4
	0 12608
	416 12608
	416 12640
	0 12640
4
	9024 12608
	16384 12608
	16384 12640
	9024 12640
4
	0 12640
	416 12640
	416 12672
	0 12672
4
	9024 12640
	16384 12640
	16384 12672
	9024 12672
4
	0 12672
	416 12672
	416 12704
	0 12704
4
	9024 12672
	16384 12672
	16384 12704
	9024 12704
4
	0 12704
	416 12704
	416 12736
	0 12736
4
	8832 12704
	16384 12704
	16384 12736
	8832 12736
4
	0 12736
	416 12736
	416 12768
	0 12768
4
	8832 12736
	16384 12736
	16384 12768
	8832 12768
4
	0 12768
	416 12768
	416 12800
	0 12800
4
	8832 12768
	16384 12768
	16384 12800
	8832 12800
4
	0 12800
	416 12800
	416 12832
	0 12832
4
	8832 12800
	16384 12800
	16384 12832
	8832 12832
4
	0 12832
	416 12832
	416 12864
	0 12864
4
	8832 12832
	16384 12832
	16384 12864
	8832 12864
4
	0 12864
	416 12864
	416 12896
	0 12896
4
	8832 12864
	16384 12864
	16384 12896
	8832 12896
4
	0 12896
	416 12896
	416 12928
	0 12928
4
	8832 12896
	16384 12896
	16384 12928
	8832 12928
4
	0 12928
	416 12928
	416 12960
	0 12960
4
	8832 12928
	16384 12928
	16384 12960
	8832 12960
4
	0 12960
	416 12960
	416 12992
	0 12992
4
	8832 12960
	16384 12960
	16384 12992
	8832 12992
4
	0 12992
	416 12992
	416 13024
	0 13024
4
	8832 12992
	16384 12992
	16384 13024
	8832 13024
4
	0 13024
	416 13024
	416 13056
	0 13056
4
	8832 13024
	16384 13024
	16384 13056
	8832 13056
4
	0 13056
	416 13056
	416 13088
	0 13088
4
	8832 13056
	16384 13056
	16384 13088
	8832 13088
4
	0 13088
	416 13088
	416 13120
	0 13120
4
	8832 13088
	16384 13088
	16384 13120
	8832 13120
4
	0 13120
	416 13120
	416 13152
	0 13152
4
	8608 13120
	16384 13120
	16384 13152
	8608 13152
4
	0 13152
	416 13152
	416 13184
	0 13184
4
	8608 13152
	16384 13152
	16384 13184
	8608 13184
4
	0 13184
	416 13184
	416 13216
	0 13216
4
	8608 13184
	16384 13184
	16384 13216
	8608 13216
4
	0 13216
	416 13216
	416 13248
	0 13248
4
	8608 13216
	16384 13216
	16384 13248
	8608 13248
4
	0 13248
	416 13248
	416 13280
	0 13280
4
	8608 13248
	16384 13248
	16384 13280
	8608 13280
4
	0 13280
	416 13280
	416 13312
	0 13312
4
	8608 13280
	16384 13280
	16384 13312
	8608 13312
4
	0 13312
	416 13312
	416 13344
	0 13344
4
	8416 13312
	16384 13312
	16384 13344
	8416 13344
4
	0 13344
	416 13344
	416 13376
	0 13376
4
	8416 13344
	16384 13344
	16384 13376
	8416 13376
4
	0 13376
	416 13376
	416 13408
	0 13408
4
	8416 13376
	16384 13376
	16384 13408
	8416 13408
4
	0 13408
	416 13408
	416 13440
	0 13440
4
	8416 13408
	16384 13408
	16384 13440
	8416 13440
4
	0 13440
	416 13440
	416 13472
	0 13472
4
	8416 13440
	16384 13440
	16384 13472
	8416 13472
4
	0 13472
	416 13472
	416 13504
	0 13504
4
	8416 13472
	16384 13472
	16384 13504
	8416 13504
4
	0 13504
	416 13504
	416 13536
	0 13536
4
	8416 13504
	16384 13504
	16384 13536
	8416 13536
4
	0 13536
	416 13536
	416 13568
	0 13568
4
	8416 13536
	16384 13536
	16384 13568
	8416 13568
4
	0 13568
	416 13568
	416 13600
	0 13600
4
	8416 13568
	16384 13568
	16384 13600
	8416 13600
4
	0 13600
	416 13600
	416 13632
	0 13632
4
	8416 13600
	16384 13600
	16384 13632
	8416 13632
4
	0 13632
	416 13632
	416 13664
	0 13664
4
	8416 13632
	16384 13632
	16384 13664
	8416 13664
4
	0 13664
	416 13664
	416 13696
	0 13696
4
	8416 13664
	16384 13664
	16384 13696
	8416 13696
4
	0 13696
	416 13696
	416 13728
	0 13728
4
	8416 13696
	16384 13696
	16384 13728
	8416 13728
4
	0 13728
	416 13728
	416 13760
	0 13760
4
	8416 13728
	16384 13728
	16384 13760
	8416 13760
4
	0 13760
	416 13760
	416 13792
	0 13792
4
	8416 13760
	16384 13760
	16384 13792
	8416 13792
4
	0 13792
	416 13792
	416 13824
	0 13824
4
	8416 13792
	16384 13792
	16384 13824
	8416 13824
4
	0 13824
	416 13824
	416 13856
	0 13856
4
	8416 13824
	16384 13824
	16384 13856
	8416 13856
4
	0 13856
	416 13856
	416 13888
	0 13888
4
	8416 13856
	16384 13856
	16384 13888
	8416 13888
4
	0 13888
	416 13888
	416 13920
	0 13920
4
	8416 13888
	16384 13888
	16384 13920
	8416 13920
4
	0 13920
	416 13920
	416 13952
	0 13952
4
	8416 13920
	16384 13920
	16384 13952
	8416 13952
4
	0 13952
	416 13952
	416 13984
	0 13984
4
	8192 13952
	16384 13952
	16384 13984
	8192 13984
4
	0 13984
	416 13984
	416 14016
	0 14016
4
	8192 13984
	16384 13984
	16384 14016
	8192 14016
4
	0 14016
	416 14016
	416 14048
	0 14048
4
	8192 14016
	16384 14016
	16384 14048
	8192 14048
4
	0 14048
	416 14048
	416 14080
	0 14080
4
	8192 14048
	16384 14048
	16384 14080
	8192 14080
4
	0 14080
	416 14080
	416 14112
	0 14112
4
	8192 14080
	16384 14080
	16384 14112
	8192 14112
4
	0 14112
	416 14112
	416 14144
	0 14144
4
	8192 14112
	16384 14112
	16384 14144
	8192 14144
4
	0 14144
	416 14144
	416 14176
	0 14176
4
	8192 14144
	16384 14144
	16384 14176
	8192 14176
4
	0 14176
	416 14176
	416 14208
	0 14208
4
	8192 14176
	16384 14176
	16384 14208
	8192 14208
4
	0 14208
	416 14208
	416 14240
	0 14240
4
	8192 14208
	16384 14208
	16384 14240
	8192 14240
4
	0 14240
	416 14240
	416 14272
	0 14272
4
	8192 14240
	16384 14240
	16384 14272
	8192 14272
4
	0 14272
	416 14272
	416 14304
	0 14304
4
	8192 14272
	16384 14272
	16384 14304
	8192 14304
4
	0 14304
	416 14304
	416 14336
	0 14336
4
	8192 14304
	16384 14304
	16384 14336
	8192 14336
4
	0 14336
	416 14336
	416 14368
	0 14368
4
	8192 14336
	16384 14336
	16384 14368
	8192 14368
4
	0 14368
	416 14368
	416 14400
	0 14400
4
	8192 14368
	16384 14368
	16384 14400
	8192 14400
4
	0 14400
	416 14400
	416 14432
	0 14432
4
	8192 14400
	16384 14400
	16384 14432
	8192 14432
4
	0 14432
	416 14432
	416 14464
	0 14464
4
	8192 14432
	16384 14432
	16384 14464
	8192 14464
4
	0 14464
	416 14464
	416 14496
	0 14496
4
	8192 14464
	16384 14464
	16384 14496
	8192 14496
4
	0 14496
	416 14496
	416 14528
	0 14528
4
	8192 14496
	16384 14496
	16384 14528
	8192 14528
4
	0 14528
	416 14528
	416 14560
	0 14560
4
	8192 14528
	16384 14528
	16384 14560
	8192 14560
4
	0 14560
	416 14560
	416 14592
	0 14592
4
	8000 14560
	16384 14560
	16384 14592
	8000 14592
4
	0 14592
	416 14592
	416 14624
	0 14624
4
	8000 14592
	16384 14592
	16384 14624
	8000 14624
4
	0 14624
	416 14624
	416 14656
	0 14656
4
	8000 14624
	16384 14624
	16384 14656
	8000 14656
4
	0 14656
	416 14656
	416 14688
	0 14688
4
	8000 14656
	16384 14656
	16384 14688
	8000 14688
4
	0 14688
	416 14688
	416 14720
	0 14720
4
	8000 14688
	16384 14688
	16384 14720
	8000 14720
4
	0 14720
	416 14720
	416 14752
	0 14752
4
	8000 14720
	16384 14720
	16384 14752
	8000 14752
4
	0 14752
	416 14752
	416 14784
	0 14784
4
	8000 14752
	16384 14752
	16384 14784
	8000 14784
4
	0 14784
	416 14784
	416 14816
	0 14816
4
	8000 14784
	16384 14784
	16384 14816
	8000 14816
4
	0 14816
	416 14816
	416 14848
	0 14848
4
	8000 14816
	16384 14816
	16384 14848
	8000 14848
4
	0 14848
	416 14848
	416 14880
	0 14880
4
	8000 14848
	16384 14848
	16384 14880
	8000 14880
4
	0 14880
	416 14880
	416 14912
	0 14912
4
	8000 14880
	16384 14880
	16384 14912
	8000 14912
4
	0 14912
	416 14912
	416 14944
	0 14944
4
	8000 14912
	16384 14912
	16384 14944
	8000 14944
4
	0 14944
	416 14944
	416 14976
	0 14976
4
	8000 14944
	16384 14944
	16384 14976
	8000 14976
4
	0 14976
	416 14976
	416 15008
	0 15008
4
	8000 14976
	16384 14976
	16384 15008
	8000 15008
4
	0 15008
	416 15008
	416 15040
	0 15040
4
	8000 15008
	16384 15008
	16384 15040
	8000 15040
4
	0 15040
	416 15040
	416 15072
	0 15072
4
	8000 15040
	16384 15040
	16384 15072
	8000 15072
4
	0 15072
	416 15072
	416 15104
	0 15104
4
	8000 15072
	16384 15072
	16384 15104
	8000 15104
4
	0 15104
	416 15104
	416 15136
	0 15136
4
	8000 15104
	16384 15104
	16384 15136
	8000 15136
4
	0 15136
	416 15136
	416 15168
	0 15168
4
	8000 15136
	16384 15136
	16384 15168
	8000 15168
4
	0 15168
	416 15168
	416 15200
	0 15200
4
	8000 15168
	16384 15168
	16384 15200
	8000 15200
4
	0 15200
	416 15200
	416 15232
	0 15232
4
	8000 15200
	16384 15200
	16384 15232
	8000 15232
4
	0 15232
	416 15232
	416 15264
	0 15264
4
	8000 15232
	16384 15232
	16384 15264
	8000 15264
4
	0 15264
	416 15264
	416 15296
	0 15296
4
	8000 15264
	16384 15264
	16384 15296
	8000 15296
4
	0 15296
	416 15296
	416 15328
	0 15328
4
	8000 15296
	16384 15296
	16384 15328
	8000 15328
4
	0 15328
	416 15328
	416 15360
	0 15360
4
	8000 15328
	16384 15328
	16384 15360
	8000 15360
4
	0 15360
	416 15360
	416 15392
	0 15392
4
	8000 15360
	16384 15360
	16384 15392
	8000 15392
4
	0 15392
	416 15392
	416 15424
	0 15424
4
	8000 15392
	16384 15392
	16384 15424
	8000 15424
4
	0 15424
	416 15424
	416 15456
	0 15456
4
	8000 15424
	16384 15424
	16384 15456
	8000 15456
4
	0 15456
	416 15456
	416 15488
	0 15488
4
	8000 15456
	16384 15456
	16384 15488
	8000 15488
4
	0 15488
	416 15488
	416 15520
	0 15520
4
	8000 15488
	16384 15488
	16384 15520
	8000 15520
4
	0 15520
	416 15520
	416 15552
	0 15552
4
	8000 15520
	16384 15520
	16384 15552
	8000 15552
4
	0 15552
	416 15552
	416 15584
	0 15584
4
	8000 15552
	16384 15552
	16384 15584
	8000 15584
4
	0 15584
	416 15584
	416 15616
	0 15616
4
	8000 15584
	16384 15584
	16384 15616
	8000 15616
4
	0 15616
	416 15616
	416 15648
	0 15648
4
	8000 15616
	16384 15616
	16384 15648
	8000 15648
4
	0 15648
	416 15648
	416 15680
	0 15680
4
	8000 15648
	16384 15648
	16384 15680
	8000 15680
4
	0 15680
	416 15680
	416 15712
	0 15712
4
	8000 15680
	16384 15680
	16384 15712
	8000 15712
4
	0 15712
	416 15712
	416 15744
	0 15744
4
	8000 15712
	16384 15712
	16384 15744
	8000 15744
4
	0 15744
	416 15744
	416 15776
	0 15776
4
	8000 15744
	16384 15744
	16384 15776
	8000 15776
4
	0 15776
	416 15776
	416 15808
	0 15808
4
	8000 15776
	16384 15776
	16384 15808
	8000 15808
4
	0 15808
	416 15808
	416 15840
	0 15840
4
	8000 15808
	16384 15808
	16384 15840
	8000 15840
4
	0 15840
	416 15840
	416 15872
	0 15872
4
	8000 15840
	16384 15840
	16384 15872
	8000 15872
4
	0 15872
	416 15872
	416 15904
	0 15904
4
	8000 15872
	16384 15872
	16384 15904
	8000 15904
4
	0 15904
	416 15904
	416 15936
	0 15936
4
	8000 15904
	16384 15904
	16384 15936
	8000 15936
4
	0 15936
	416 15936
	416 15968
	0 15968
4
	8000 15936
	16384 15936
	16384 15968
	8000 15968
4
	0 15968
	416 15968
	416 16000
	0 16000
4
	8000 15968
	16384 15968
	16384 16000
	8000 16000
4
	0 16000
	16384 16000
	16384 16032
	0 16032
4
	0 16032
	16384 16032
	16384 16064
	0 16064
4
	0 16064
	16384 16064
	16384 16096
	0 16096
4
	0 16096
	16384 16096
	16384 16128
	0 16128
4
	0 16128
	16384 16128
	16384 16160
	0 16160
4
	0 16160
	16384 16160
	16384 16192
	0 16192
4
	0 16192
	16384 16192
	16384 16224
	0 16224
4
	0 16224
	16384 16224
	16384 16256
	0 16256
4
	0 16256
	16384 16256
	16384 16288
	0 16288
4
	0 16288
	16384 16288
	16384 16320
	0 16320
4
	0 16320
	16384 16320
	16384 16352
	0 16352
4
	0 16352
	16384 16352
	16384 16384
	0 16384
4
	-32 -32
	16416 -32
	16416 0
	-32 0
4
	-32 16384
	16416 16384
	16416 16416
	-32 16416
4
	-32 0
	0 0
	0 16384
	-32 16384
4
	16384 0
	16416 0
	16416 16384
	16384 16384
