1701
4
	0 0
	16384 0
	16384 32
	0 32
4
	0 32
	16384 32
	16384 64
	0 64
4
	0 64
	16384 64
	16384 96
	0 96
4
	0 96
	16384 96
	16384 128
	0 128
4
	0 128
	16384 128
	16384 160
	0 160
4
	0 160
	16384 160
	16384 192
	0 192
4
	0 192
	16384 192
	16384 224
	0 224
4
	0 224
	16384 224
	16384 256
	0 256
4
	0 256
	16384 256
	16384 288
	0 288
4
	0 288
	16384 288
	16384 320
	0 320
4
	0 320
	16384 320
	16384 352
	0 352
4
	0 352
	16384 352
	16384 384
	0 384
4
	0 384
	16384 384
	16384 416
	0 416
4
	0 416
	16384 416
	16384 448
	0 448
4
	0 448
	16384 448
	16384 480
	0 480
4
	0 480
	16384 480
	16384 512
	0 512
4
	0 512
	16384 512
	16384 544
	0 544
4
	0 544
	16384 544
	16384 576
	0 576
4
	0 576
	16384 576
	16384 608
	0 608
4
	0 608
	16384 608
	16384 640
	0 640
4
	0 640
	16384 640
	16384 672
	0 672
4
	0 672
	16384 672
	16384 704
	0 704
4
	0 704
	16384 704
	16384 736
	0 736
4
	0 736
	16384 736
	16384 768
	0 768
4
	0 768
	16384 768
	16384 800
	0 800
4
	0 800
	16384 800
	16384 832
	0 832
4
	0 832
	16384 832
	16384 864
	0 864
4
	0 864
	16384 864
	16384 896
	0 896
4
	0 896
	16384 896
	16384 928
	0 928
4
	0 928
	16384 928
	16384 960
	0 960
4
	0 960
	16384 960
	16384 992
	0 992
4
	0 992
	16384 992
	16384 1024
	0 1024
4
	0 1024
	16384 1024
	16384 1056
	0 1056
4
	0 1056
	16384 1056
	16384 1088
	0 1088
4
	0 1088
	16384 1088
	16384 1120
	0 1120
4
	0 1120
	16384 1120
	16384 1152
	0 1152
4
	0 1152
	16384 1152
	16384 1184
	0 1184
4
	0 1184
	16384 1184
	16384 1216
	0 1216
4
	0 1216
	16384 1216
	16384 1248
	0 1248
4
	0 1248
	16384 1248
	16384 1280
	0 1280
4
	0 1280
	16384 1280
	16384 1312
	0 1312
4
	0 1312
	16384 1312
	16384 1344
	0 1344
4
	0 1344
	16384 1344
	16384 1376
	0 1376
4
	0 1376
	16384 1376
	16384 1408
	0 1408
4
	0 1408
	16384 1408
	16384 1440
	0 1440
4
	0 1440
	16384 1440
	16384 1472
	0 1472
4
	0 1472
	16384 1472
	16384 1504
	0 1504
4
	0 1504
	16384 1504
	16384 1536
	0 1536
4
	0 1536
	16384 1536
	16384 1568
	0 1568
4
	0 1568
	16384 1568
	16384 1600
	0 1600
4
	0 1600
	16384 1600
	16384 1632
	0 1632
4
	0 1632
	16384 1632
	16384 1664
	0 1664
4
	0 1664
	16384 1664
	16384 1696
	0 1696
4
	0 1696
	16384 1696
	16384 1728
	0 1728
4
	0 1728
	16384 1728
	16384 1760
	0 1760
4
	0 1760
	16384 1760
	16384 1792
	0 1792
4
	0 1792
	16384 1792
	16384 1824
	0 1824
4
	0 1824
	16384 1824
	16384 1856
	0 1856
4
	0 1856
	16384 1856
	16384 1888
	0 1888
4
	0 1888
	16384 1888
	16384 1920
	0 1920
4
	0 1920
	16384 1920
	16384 1952
	0 1952
4
	0 1952
	16384 1952
	16384 1984
	0 1984
4
	0 1984
	16384 1984
	16384 2016
	0 2016
4
	0 2016
	16384 2016
	16384 2048
	0 2048
4
	0 2048
	16384 2048
	16384 2080
	0 2080
4
	0 2080
	16384 2080
	16384 2112
	0 2112
4
	0 2112
	16384 2112
	16384 2144
	0 2144
4
	0 2144
	16384 2144
	16384 2176
	0 2176
4
	0 2176
	16384 2176
	16384 2208
	0 2208
4
	0 2208
	16384 2208
	16384 2240
	0 2240
4
	0 2240
	16384 2240
	16384 2272
	0 2272
4
	0 2272
	16384 2272
	16384 2304
	0 2304
4
	0 2304
	5792 2304
	5792 2336
	0 2336
4
	6144 2304
	16384 2304
	16384 2336
	6144 2336
4
	0 2336
	5792 2336
	5792 2368
	0 2368
4
	6144 2336
	16384 2336
	16384 2368
	6144 2368
4
	0 2368
	5792 2368
	5792 2400
	0 2400
4
	6144 2368
	16384 2368
	16384 2400
	6144 2400
4
	0 2400
	5792 2400
	5792 2432
	0 2432
4
	6144 2400
	16384 2400
	16384 2432
	6144 2432
4
	0 2432
	5792 2432
	5792 2464
	0 2464
4
	6144 2432
	16384 2432
	16384 2464
	6144 2464
4
	0 2464
	5792 2464
	5792 2496
	0 2496
4
	6144 2464
	16384 2464
	16384 2496
	6144 2496
4
	0 2496
	5792 2496
	5792 2528
	0 2528
4
	6336 2496
	16384 2496
	16384 2528
	6336 2528
4
	0 2528
	5792 2528
	5792 2560
	0 2560
4
	6336 2528
	16384 2528
	16384 2560
	6336 2560
4
	0 2560
	5792 2560
	5792 2592
	0 2592
4
	6336 2560
	16384 2560
	16384 2592
	6336 2592
4
	0 2592
	5792 2592
	5792 2624
	0 2624
4
	6336 2592
	16384 2592
	16384 2624
	6336 2624
4
	0 2624
	5792 2624
	5792 2656
	0 2656
4
	6336 2624
	16384 2624
	16384 2656
	6336 2656
4
	0 2656
	5792 2656
	5792 2688
	0 2688
4
	6336 2656
	16384 2656
	16384 2688
	6336 2688
4
	0 2688
	5600 2688
	5600 2720
	0 2720
4
	6528 2688
	16384 2688
	16384 2720
	6528 2720
4
	0 2720
	5600 2720
	5600 2752
	0 2752
4
	6528 2720
	16384 2720
	16384 2752
	6528 2752
4
	0 2752
	5600 2752
	5600 2784
	0 2784
4
	6528 2752
	16384 2752
	16384 2784
	6528 2784
4
	0 2784
	5600 2784
	5600 2816
	0 2816
4
	6528 2784
	16384 2784
	16384 2816
	6528 2816
4
	0 2816
	5600 2816
	5600 2848
	0 2848
4
	6528 2816
	16384 2816
	16384 2848
	6528 2848
4
	0 2848
	5600 2848
	5600 2880
	0 2880
4
	6528 2848
	16384 2848
	16384 2880
	6528 2880
4
	0 2880
	5408 2880
	5408 2912
	0 2912
4
	6720 2880
	16384 2880
	16384 2912
	6720 2912
4
	0 2912
	5408 2912
	5408 2944
	0 2944
4
	6720 2912
	16384 2912
	16384 2944
	6720 2944
4
	0 2944
	5408 2944
	5408 2976
	0 2976
4
	6720 2944
	16384 2944
	16384 2976
	6720 2976
4
	0 2976
	5408 2976
	5408 3008
	0 3008
4
	6720 2976
	16384 2976
	16384 3008
	6720 3008
4
	0 3008
	5408 3008
	5408 3040
	0 3040
4
	6720 3008
	16384 3008
	16384 3040
	6720 3040
4
	0 3040
	5408 3040
	5408 3072
	0 3072
4
	6720 3040
	16384 3040
	16384 3072
	6720 3072
4
	0 3072
	5216 3072
	5216 3104
	0 3104
4
	6912 3072
	7456 3072
	7456 3104
	6912 3104
4
	7840 3072
	16384 3072
	16384 3104
	7840 3104
4
	0 3104
	5216 3104
	5216 3136
	0 3136
4
	6912 3104
	7456 3104
	7456 3136
	6912 3136
4
	7840 3104
	16384 3104
	16384 3136
	7840 3136
4
	0 3136
	5216 3136
	5216 3168
	0 3168
4
	6912 3136
	7456 3136
	7456 3168
	6912 3168
4
	7840 3136
	16384 3136
	16384 3168
	7840 3168
4
	0 3168
	5216 3168
	5216 3200
	0 3200
4
	6912 3168
	7456 3168
	7456 3200
	6912 3200
4
	7840 3168
	16384 3168
	16384 3200
	7840 3200
4
	0 3200
	5216 3200
	5216 3232
	0 3232
4
	6912 3200
	7456 3200
	7456 3232
	6912 3232
4
	7840 3200
	16384 3200
	16384 3232
	7840 3232
4
	0 3232
	5216 3232
	5216 3264
	0 3264
4
	6912 3232
	7456 3232
	7456 3264
	6912 3264
4
	7840 3232
	16384 3232
	16384 3264
	7840 3264
4
	0 3264
	5056 3264
	5056 3296
	0 3296
4
	5984 3264
	6336 3264
	6336 3296
	5984 3296
4
	7840 3264
	16384 3264
	16384 3296
	7840 3296
4
	0 3296
	5056 3296
	5056 3328
	0 3328
4
	5984 3296
	6336 3296
	6336 3328
	5984 3328
4
	7840 3296
	16384 3296
	16384 3328
	7840 3328
4
	0 3328
	5056 3328
	5056 3360
	0 3360
4
	5984 3328
	6336 3328
	6336 3360
	5984 3360
4
	7840 3328
	16384 3328
	16384 3360
	7840 3360
4
	0 3360
	5056 3360
	5056 3392
	0 3392
4
	5984 3360
	6336 3360
	6336 3392
	5984 3392
4
	7840 3360
	16384 3360
	16384 3392
	7840 3392
4
	0 3392
	5056 3392
	5056 3424
	0 3424
4
	5984 3392
	6336 3392
	6336 3424
	5984 3424
4
	7840 3392
	16384 3392
	16384 3424
	7840 3424
4
	0 3424
	5056 3424
	5056 3456
	0 3456
4
	5984 3424
	6336 3424
	6336 3456
	5984 3456
4
	7840 3424
	16384 3424
	16384 3456
	7840 3456
4
	0 3456
	4864 3456
	4864 3488
	0 3488
4
	5792 3456
	6336 3456
	6336 3488
	5792 3488
4
	8032 3456
	16384 3456
	16384 3488
	8032 3488
4
	0 3488
	4864 3488
	4864 3520
	0 3520
4
	5792 3488
	6336 3488
	6336 3520
	5792 3520
4
	8032 3488
	16384 3488
	16384 3520
	8032 3520
4
	0 3520
	4864 3520
	4864 3552
	0 3552
4
	5792 3520
	6336 3520
	6336 3552
	5792 3552
4
	8032 3520
	16384 3520
	16384 3552
	8032 3552
4
	0 3552
	4864 3552
	4864 3584
	0 3584
4
	5792 3552
	6336 3552
	6336 3584
	5792 3584
4
	8032 3552
	16384 3552
	16384 3584
	8032 3584
4
	0 3584
	4864 3584
	4864 3616
	0 3616
4
	5792 3584
	6336 3584
	6336 3616
	5792 3616
4
	8032 3584
	16384 3584
	16384 3616
	8032 3616
4
	0 3616
	4864 3616
	4864 3648
	0 3648
4
	5792 3616
	6336 3616
	6336 3648
	5792 3648
4
	8032 3616
	16384 3616
	16384 3648
	8032 3648
4
	0 3648
	4672 3648
	4672 3680
	0 3680
4
	5600 3648
	6144 3648
	6144 3680
	5600 3680
4
	8384 3648
	16384 3648
	16384 3680
	8384 3680
4
	0 3680
	4672 3680
	4672 3712
	0 3712
4
	5600 3680
	6144 3680
	6144 3712
	5600 3712
4
	8384 3680
	16384 3680
	16384 3712
	8384 3712
4
	0 3712
	4672 3712
	4672 3744
	0 3744
4
	5600 3712
	6144 3712
	6144 3744
	5600 3744
4
	8384 3712
	16384 3712
	16384 3744
	8384 3744
4
	0 3744
	4672 3744
	4672 3776
	0 3776
4
	5600 3744
	6144 3744
	6144 3776
	5600 3776
4
	8384 3744
	16384 3744
	16384 3776
	8384 3776
4
	0 3776
	4672 3776
	4672 3808
	0 3808
4
	5600 3776
	6144 3776
	6144 3808
	5600 3808
4
	8384 3776
	16384 3776
	16384 3808
	8384 3808
4
	0 3808
	4672 3808
	4672 3840
	0 3840
4
	5600 3808
	6144 3808
	6144 3840
	5600 3840
4
	8384 3808
	16384 3808
	16384 3840
	8384 3840
4
	0 3840
	4480 3840
	4480 3872
	0 3872
4
	5408 3840
	5984 3840
	5984 3872
	5408 3872
4
	8576 3840
	16384 3840
	16384 3872
	8576 3872
4
	0 3872
	4480 3872
	4480 3904
	0 3904
4
	5408 3872
	5984 3872
	5984 3904
	5408 3904
4
	8576 3872
	16384 3872
	16384 3904
	8576 3904
4
	0 3904
	4480 3904
	4480 3936
	0 3936
4
	5408 3904
	5984 3904
	5984 3936
	5408 3936
4
	8576 3904
	16384 3904
	16384 3936
	8576 3936
4
	0 3936
	4480 3936
	4480 3968
	0 3968
4
	5408 3936
	5984 3936
	5984 3968
	5408 3968
4
	8576 3936
	16384 3936
	16384 3968
	8576 3968
4
	0 3968
	4480 3968
	4480 4000
	0 4000
4
	5408 3968
	5984 3968
	5984 4000
	5408 4000
4
	8576 3968
	16384 3968
	16384 4000
	8576 4000
4
	0 4000
	4480 4000
	4480 4032
	0 4032
4
	5408 4000
	5984 4000
	5984 4032
	5408 4032
4
	8576 4000
	16384 4000
	16384 4032
	8576 4032
4
	0 4032
	4672 4032
	4672 4064
	0 4064
4
	5216 4032
	5792 4032
	5792 4064
	5216 4064
4
	6912 4032
	7264 4032
	7264 4064
	6912 4064
4
	8576 4032
	16384 4032
	16384 4064
	8576 4064
4
	0 4064
	4672 4064
	4672 4096
	0 4096
4
	5216 4064
	5792 4064
	5792 4096
	5216 4096
4
	6912 4064
	7264 4064
	7264 4096
	6912 4096
4
	8576 4064
	16384 4064
	16384 4096
	8576 4096
4
	0 4096
	4672 4096
	4672 4128
	0 4128
4
	5216 4096
	5792 4096
	5792 4128
	5216 4128
4
	6912 4096
	7264 4096
	7264 4128
	6912 4128
4
	8576 4096
	16384 4096
	16384 4128
	8576 4128
4
	0 4128
	4672 4128
	4672 4160
	0 4160
4
	5216 4128
	5792 4128
	5792 4160
	5216 4160
4
	6912 4128
	7264 4128
	7264 4160
	6912 4160
4
	8576 4128
	16384 4128
	16384 4160
	8576 4160
4
	0 4160
	4672 4160
	4672 4192
	0 4192
4
	5216 4160
	5792 4160
	5792 4192
	5216 4192
4
	6912 4160
	7264 4160
	7264 4192
	6912 4192
4
	8576 4160
	16384 4160
	16384 4192
	8576 4192
4
	0 4192
	4096 4192
	4096 4224
	0 4224
4
	4288 4192
	4672 4192
	4672 4224
	4288 4224
4
	5056 4192
	5600 4192
	5600 4224
	5056 4224
4
	6912 4192
	7456 4192
	7456 4224
	6912 4224
4
	8768 4192
	16384 4192
	16384 4224
	8768 4224
4
	0 4224
	4096 4224
	4096 4256
	0 4256
4
	4288 4224
	4672 4224
	4672 4256
	4288 4256
4
	5056 4224
	5600 4224
	5600 4256
	5056 4256
4
	6912 4224
	7456 4224
	7456 4256
	6912 4256
4
	8768 4224
	16384 4224
	16384 4256
	8768 4256
4
	0 4256
	4096 4256
	4096 4288
	0 4288
4
	4288 4256
	4672 4256
	4672 4288
	4288 4288
4
	5056 4256
	5600 4256
	5600 4288
	5056 4288
4
	6912 4256
	7456 4256
	7456 4288
	6912 4288
4
	8768 4256
	16384 4256
	16384 4288
	8768 4288
4
	0 4288
	4096 4288
	4096 4320
	0 4320
4
	4288 4288
	4672 4288
	4672 4320
	4288 4320
4
	5056 4288
	5600 4288
	5600 4320
	5056 4320
4
	6912 4288
	7456 4288
	7456 4320
	6912 4320
4
	8768 4288
	16384 4288
	16384 4320
	8768 4320
4
	0 4320
	4096 4320
	4096 4352
	0 4352
4
	4288 4320
	4672 4320
	4672 4352
	4288 4352
4
	5056 4320
	5600 4320
	5600 4352
	5056 4352
4
	6912 4320
	7456 4320
	7456 4352
	6912 4352
4
	8768 4320
	16384 4320
	16384 4352
	8768 4352
4
	0 4352
	4096 4352
	4096 4384
	0 4384
4
	4288 4352
	4672 4352
	4672 4384
	4288 4384
4
	5056 4352
	5600 4352
	5600 4384
	5056 4384
4
	6912 4352
	7456 4352
	7456 4384
	6912 4384
4
	8768 4352
	16384 4352
	16384 4384
	8768 4384
4
	0 4384
	3936 4384
	3936 4416
	0 4416
4
	4480 4384
	5408 4384
	5408 4416
	4480 4416
4
	6720 4384
	7648 4384
	7648 4416
	6720 4416
4
	8576 4384
	16384 4384
	16384 4416
	8576 4416
4
	0 4416
	3936 4416
	3936 4448
	0 4448
4
	4480 4416
	5408 4416
	5408 4448
	4480 4448
4
	6720 4416
	7648 4416
	7648 4448
	6720 4448
4
	8576 4416
	16384 4416
	16384 4448
	8576 4448
4
	0 4448
	3936 4448
	3936 4480
	0 4480
4
	4480 4448
	5408 4448
	5408 4480
	4480 4480
4
	6720 4448
	7648 4448
	7648 4480
	6720 4480
4
	8576 4448
	16384 4448
	16384 4480
	8576 4480
4
	0 4480
	3936 4480
	3936 4512
	0 4512
4
	4480 4480
	5408 4480
	5408 4512
	4480 4512
4
	6720 4480
	7648 4480
	7648 4512
	6720 4512
4
	8576 4480
	16384 4480
	16384 4512
	8576 4512
4
	0 4512
	3936 4512
	3936 4544
	0 4544
4
	4480 4512
	5408 4512
	5408 4544
	4480 4544
4
	6720 4512
	7648 4512
	7648 4544
	6720 4544
4
	8576 4512
	16384 4512
	16384 4544
	8576 4544
4
	0 4544
	3936 4544
	3936 4576
	0 4576
4
	4480 4544
	5408 4544
	5408 4576
	4480 4576
4
	6720 4544
	7648 4544
	7648 4576
	6720 4576
4
	8576 4544
	16384 4544
	16384 4576
	8576 4576
4
	0 4576
	3744 4576
	3744 4608
	0 4608
4
	4480 4576
	5216 4576
	5216 4608
	4480 4608
4
	6528 4576
	7648 4576
	7648 4608
	6528 4608
4
	8384 4576
	16384 4576
	16384 4608
	8384 4608
4
	0 4608
	3744 4608
	3744 4640
	0 4640
4
	4480 4608
	5216 4608
	5216 4640
	4480 4640
4
	6528 4608
	7648 4608
	7648 4640
	6528 4640
4
	8384 4608
	16384 4608
	16384 4640
	8384 4640
4
	0 4640
	3744 4640
	3744 4672
	0 4672
4
	4480 4640
	5216 4640
	5216 4672
	4480 4672
4
	6528 4640
	7648 4640
	7648 4672
	6528 4672
4
	8384 4640
	16384 4640
	16384 4672
	8384 4672
4
	0 4672
	3744 4672
	3744 4704
	0 4704
4
	4480 4672
	5216 4672
	5216 4704
	4480 4704
4
	6528 4672
	7648 4672
	7648 4704
	6528 4704
4
	8384 4672
	16384 4672
	16384 4704
	8384 4704
4
	0 4704
	3744 4704
	3744 4736
	0 4736
4
	4480 4704
	5216 4704
	5216 4736
	4480 4736
4
	6528 4704
	7648 4704
	7648 4736
	6528 4736
4
	8384 4704
	16384 4704
	16384 4736
	8384 4736
4
	0 4736
	3744 4736
	3744 4768
	0 4768
4
	4480 4736
	5216 4736
	5216 4768
	4480 4768
4
	6528 4736
	7648 4736
	7648 4768
	6528 4768
4
	8384 4736
	16384 4736
	16384 4768
	8384 4768
4
	0 4768
	3552 4768
	3552 4800
	0 4800
4
	6528 4768
	7456 4768
	7456 4800
	6528 4800
4
	8192 4768
	16384 4768
	16384 4800
	8192 4800
4
	0 4800
	3552 4800
	3552 4832
	0 4832
4
	6528 4800
	7456 4800
	7456 4832
	6528 4832
4
	8192 4800
	16384 4800
	16384 4832
	8192 4832
4
	0 4832
	3552 4832
	3552 4864
	0 4864
4
	6528 4832
	7456 4832
	7456 4864
	6528 4864
4
	8192 4832
	16384 4832
	16384 4864
	8192 4864
4
	0 4864
	3552 4864
	3552 4896
	0 4896
4
	6528 4864
	7456 4864
	7456 4896
	6528 4896
4
	8192 4864
	16384 4864
	16384 4896
	8192 4896
4
	0 4896
	3552 4896
	3552 4928
	0 4928
4
	6528 4896
	7456 4896
	7456 4928
	6528 4928
4
	8192 4896
	16384 4896
	16384 4928
	8192 4928
4
	0 4928
	3552 4928
	3552 4960
	0 4960
4
	6528 4928
	7456 4928
	7456 4960
	6528 4960
4
	8192 4928
	16384 4928
	16384 4960
	8192 4960
4
	0 4960
	3360 4960
	3360 4992
	0 4992
4
	6912 4960
	7456 4960
	7456 4992
	6912 4992
4
	8192 4960
	16384 4960
	16384 4992
	8192 4992
4
	0 4992
	3360 4992
	3360 5024
	0 5024
4
	6912 4992
	7456 4992
	7456 5024
	6912 5024
4
	8192 4992
	16384 4992
	16384 5024
	8192 5024
4
	0 5024
	3360 5024
	3360 5056
	0 5056
4
	6912 5024
	7456 5024
	7456 5056
	6912 5056
4
	8192 5024
	16384 5024
	16384 5056
	8192 5056
4
	0 5056
	3360 5056
	3360 5088
	0 5088
4
	6912 5056
	7456 5056
	7456 5088
	6912 5088
4
	8192 5056
	16384 5056
	16384 5088
	8192 5088
4
	0 5088
	3360 5088
	3360 5120
	0 5120
4
	6912 5088
	7456 5088
	7456 5120
	6912 5120
4
	8192 5088
	16384 5088
	16384 5120
	8192 5120
4
	0 5120
	3360 5120
	3360 5152
	0 5152
4
	6912 5120
	7456 5120
	7456 5152
	6912 5152
4
	8192 5120
	16384 5120
	16384 5152
	8192 5152
4
	0 5152
	3168 5152
	3168 5184
	0 5184
4
	7104 5152
	7648 5152
	7648 5184
	7104 5184
4
	8032 5152
	9152 5152
	9152 5184
	8032 5184
4
	9312 5152
	9696 5152
	9696 5184
	9312 5184
4
	9888 5152
	16384 5152
	16384 5184
	9888 5184
4
	0 5184
	3168 5184
	3168 5216
	0 5216
4
	7104 5184
	7648 5184
	7648 5216
	7104 5216
4
	8032 5184
	9152 5184
	9152 5216
	8032 5216
4
	9312 5184
	9696 5184
	9696 5216
	9312 5216
4
	9888 5184
	16384 5184
	16384 5216
	9888 5216
4
	0 5216
	3168 5216
	3168 5248
	0 5248
4
	7104 5216
	7648 5216
	7648 5248
	7104 5248
4
	8032 5216
	9152 5216
	9152 5248
	8032 5248
4
	9312 5216
	9696 5216
	9696 5248
	9312 5248
4
	9888 5216
	16384 5216
	16384 5248
	9888 5248
4
	0 5248
	3168 5248
	3168 5280
	0 5280
4
	7104 5248
	7648 5248
	7648 5280
	7104 5280
4
	8032 5248
	9152 5248
	9152 5280
	8032 5280
4
	9312 5248
	9696 5248
	9696 5280
	9312 5280
4
	9888 5248
	16384 5248
	16384 5280
	9888 5280
4
	0 5280
	3168 5280
	3168 5312
	0 5312
4
	7104 5280
	7648 5280
	7648 5312
	7104 5312
4
	8032 5280
	9152 5280
	9152 5312
	8032 5312
4
	9312 5280
	9696 5280
	9696 5312
	9312 5312
4
	9888 5280
	16384 5280
	16384 5312
	9888 5312
4
	0 5312
	3168 5312
	3168 5344
	0 5344
4
	7104 5312
	7648 5312
	7648 5344
	7104 5344
4
	8032 5312
	9152 5312
	9152 5344
	8032 5344
4
	9312 5312
	9696 5312
	9696 5344
	9312 5344
4
	9888 5312
	16384 5312
	16384 5344
	9888 5344
4
	0 5344
	3008 5344
	3008 5376
	0 5376
4
	7264 5344
	7456 5344
	7456 5376
	7264 5376
4
	7840 5344
	9152 5344
	9152 5376
	7840 5376
4
	9504 5344
	9696 5344
	9696 5376
	9504 5376
4
	10080 5344
	16384 5344
	16384 5376
	10080 5376
4
	0 5376
	3008 5376
	3008 5408
	0 5408
4
	7264 5376
	7456 5376
	7456 5408
	7264 5408
4
	7840 5376
	9152 5376
	9152 5408
	7840 5408
4
	9504 5376
	9696 5376
	9696 5408
	9504 5408
4
	10080 5376
	16384 5376
	16384 5408
	10080 5408
4
	0 5408
	3008 5408
	3008 5440
	0 5440
4
	7264 5408
	7456 5408
	7456 5440
	7264 5440
4
	7840 5408
	9152 5408
	9152 5440
	7840 5440
4
	9504 5408
	9696 5408
	9696 5440
	9504 5440
4
	10080 5408
	16384 5408
	16384 5440
	10080 5440
4
	0 5440
	3008 5440
	3008 5472
	0 5472
4
	7264 5440
	7456 5440
	7456 5472
	7264 5472
4
	7840 5440
	9152 5440
	9152 5472
	7840 5472
4
	9504 5440
	9696 5440
	9696 5472
	9504 5472
4
	10080 5440
	16384 5440
	16384 5472
	10080 5472
4
	0 5472
	3008 5472
	3008 5504
	0 5504
4
	7264 5472
	7456 5472
	7456 5504
	7264 5504
4
	7840 5472
	9152 5472
	9152 5504
	7840 5504
4
	9504 5472
	9696 5472
	9696 5504
	9504 5504
4
	10080 5472
	16384 5472
	16384 5504
	10080 5504
4
	0 5504
	3008 5504
	3008 5536
	0 5536
4
	7264 5504
	7456 5504
	7456 5536
	7264 5536
4
	7840 5504
	9152 5504
	9152 5536
	7840 5536
4
	9504 5504
	9696 5504
	9696 5536
	9504 5536
4
	10080 5504
	16384 5504
	16384 5536
	10080 5536
4
	0 5536
	2816 5536
	2816 5568
	0 5568
4
	7840 5536
	9312 5536
	9312 5568
	7840 5568
4
	10080 5536
	16384 5536
	16384 5568
	10080 5568
4
	0 5568
	2816 5568
	2816 5600
	0 5600
4
	7840 5568
	9312 5568
	9312 5600
	7840 5600
4
	10080 5568
	16384 5568
	16384 5600
	10080 5600
4
	0 5600
	2816 5600
	2816 5632
	0 5632
4
	7840 5600
	9312 5600
	9312 5632
	7840 5632
4
	10080 5600
	16384 5600
	16384 5632
	10080 5632
4
	0 5632
	2816 5632
	2816 5664
	0 5664
4
	7840 5632
	9312 5632
	9312 5664
	7840 5664
4
	10080 5632
	16384 5632
	16384 5664
	10080 5664
4
	0 5664
	2816 5664
	2816 5696
	0 5696
4
	7840 5664
	9312 5664
	9312 5696
	7840 5696
4
	10080 5664
	16384 5664
	16384 5696
	10080 5696
4
	0 5696
	2816 5696
	2816 5728
	0 5728
4
	7840 5696
	9312 5696
	9312 5728
	7840 5728
4
	10080 5696
	16384 5696
	16384 5728
	10080 5728
4
	0 5728
	2816 5728
	2816 5760
	0 5760
4
	7648 5728
	9152 5728
	9152 5760
	7648 5760
4
	10240 5728
	16384 5728
	16384 5760
	10240 5760
4
	0 5760
	2816 5760
	2816 5792
	0 5792
4
	7648 5760
	9152 5760
	9152 5792
	7648 5792
4
	10240 5760
	16384 5760
	16384 5792
	10240 5792
4
	0 5792
	2816 5792
	2816 5824
	0 5824
4
	7648 5792
	9152 5792
	9152 5824
	7648 5824
4
	10240 5792
	16384 5792
	16384 5824
	10240 5824
4
	0 5824
	2816 5824
	2816 5856
	0 5856
4
	7648 5824
	9152 5824
	9152 5856
	7648 5856
4
	10240 5824
	16384 5824
	16384 5856
	10240 5856
4
	0 5856
	2816 5856
	2816 5888
	0 5888
4
	7648 5856
	9152 5856
	9152 5888
	7648 5888
4
	10240 5856
	16384 5856
	16384 5888
	10240 5888
4
	0 5888
	2816 5888
	2816 5920
	0 5920
4
	7648 5888
	9152 5888
	9152 5920
	7648 5920
4
	10240 5888
	16384 5888
	16384 5920
	10240 5920
4
	0 5920
	3008 5920
	3008 5952
	0 5952
4
	7456 5920
	8960 5920
	8960 5952
	7456 5952
4
	10624 5920
	16384 5920
	16384 5952
	10624 5952
4
	0 5952
	3008 5952
	3008 5984
	0 5984
4
	7456 5952
	8960 5952
	8960 5984
	7456 5984
4
	10624 5952
	16384 5952
	16384 5984
	10624 5984
4
	0 5984
	3008 5984
	3008 6016
	0 6016
4
	7456 5984
	8960 5984
	8960 6016
	7456 6016
4
	10624 5984
	16384 5984
	16384 6016
	10624 6016
4
	0 6016
	3008 6016
	3008 6048
	0 6048
4
	7456 6016
	8960 6016
	8960 6048
	7456 6048
4
	10624 6016
	16384 6016
	16384 6048
	10624 6048
4
	0 6048
	3008 6048
	3008 6080
	0 6080
4
	7456 6048
	8960 6048
	8960 6080
	7456 6080
4
	10624 6048
	16384 6048
	16384 6080
	10624 6080
4
	0 6080
	3008 6080
	3008 6112
	0 6112
4
	7456 6080
	8960 6080
	8960 6112
	7456 6112
4
	10624 6080
	16384 6080
	16384 6112
	10624 6112
4
	0 6112
	3360 6112
	3360 6144
	0 6144
4
	7104 6112
	8768 6112
	8768 6144
	7104 6144
4
	11008 6112
	16384 6112
	16384 6144
	11008 6144
4
	0 6144
	3360 6144
	3360 6176
	0 6176
4
	7104 6144
	8768 6144
	8768 6176
	7104 6176
4
	11008 6144
	16384 6144
	16384 6176
	11008 6176
4
	0 6176
	3360 6176
	3360 6208
	0 6208
4
	7104 6176
	8768 6176
	8768 6208
	7104 6208
4
	11008 6176
	16384 6176
	16384 6208
	11008 6208
4
	0 6208
	3360 6208
	3360 6240
	0 6240
4
	7104 6208
	8768 6208
	8768 6240
	7104 6240
4
	11008 6208
	16384 6208
	16384 6240
	11008 6240
4
	0 6240
	3360 6240
	3360 6272
	0 6272
4
	7104 6240
	8768 6240
	8768 6272
	7104 6272
4
	11008 6240
	16384 6240
	16384 6272
	11008 6272
4
	0 6272
	3360 6272
	3360 6304
	0 6304
4
	7104 6272
	8768 6272
	8768 6304
	7104 6304
4
	11008 6272
	16384 6272
	16384 6304
	11008 6304
4
	0 6304
	3936 6304
	3936 6336
	0 6336
4
	7104 6304
	8768 6304
	8768 6336
	7104 6336
4
	11008 6304
	16384 6304
	16384 6336
	11008 6336
4
	0 6336
	3936 6336
	3936 6368
	0 6368
4
	7104 6336
	8768 6336
	8768 6368
	7104 6368
4
	11008 6336
	16384 6336
	16384 6368
	11008 6368
4
	0 6368
	3936 6368
	3936 6400
	0 6400
4
	7104 6368
	8768 6368
	8768 6400
	7104 6400
4
	11008 6368
	16384 6368
	16384 6400
	11008 6400
4
	0 6400
	3936 6400
	3936 6432
	0 6432
4
	7104 6400
	8768 6400
	8768 6432
	7104 6432
4
	11008 6400
	16384 6400
	16384 6432
	11008 6432
4
	0 6432
	3936 6432
	3936 6464
	0 6464
4
	7104 6432
	8768 6432
	8768 6464
	7104 6464
4
	11008 6432
	16384 6432
	16384 6464
	11008 6464
4
	0 6464
	3936 6464
	3936 6496
	0 6496
4
	7104 6464
	8768 6464
	8768 6496
	7104 6496
4
	11008 6464
	16384 6464
	16384 6496
	11008 6496
4
	0 6496
	1888 6496
	1888 6528
	0 6528
4
	2048 6496
	3936 6496
	3936 6528
	2048 6528
4
	7104 6496
	8768 6496
	8768 6528
	7104 6528
4
	10816 6496
	16384 6496
	16384 6528
	10816 6528
4
	0 6528
	1888 6528
	1888 6560
	0 6560
4
	2048 6528
	3936 6528
	3936 6560
	2048 6560
4
	7104 6528
	8768 6528
	8768 6560
	7104 6560
4
	10816 6528
	16384 6528
	16384 6560
	10816 6560
4
	0 6560
	1888 6560
	1888 6592
	0 6592
4
	2048 6560
	3936 6560
	3936 6592
	2048 6592
4
	7104 6560
	8768 6560
	8768 6592
	7104 6592
4
	10816 6560
	16384 6560
	16384 6592
	10816 6592
4
	0 6592
	1888 6592
	1888 6624
	0 6624
4
	2048 6592
	3936 6592
	3936 6624
	2048 6624
4
	7104 6592
	8768 6592
	8768 6624
	7104 6624
4
	10816 6592
	16384 6592
	16384 6624
	10816 6624
4
	0 6624
	1888 6624
	1888 6656
	0 6656
4
	2048 6624
	3936 6624
	3936 6656
	2048 6656
4
	7104 6624
	8768 6624
	8768 6656
	7104 6656
4
	10816 6624
	16384 6624
	16384 6656
	10816 6656
4
	0 6656
	1888 6656
	1888 6688
	0 6688
4
	2048 6656
	3936 6656
	3936 6688
	2048 6688
4
	7104 6656
	8768 6656
	8768 6688
	7104 6688
4
	10816 6656
	16384 6656
	16384 6688
	10816 6688
4
	0 6688
	1504 6688
	1504 6720
	0 6720
4
	2240 6688
	3936 6688
	3936 6720
	2240 6720
4
	6912 6688
	8384 6688
	8384 6720
	6912 6720
4
	10816 6688
	11360 6688
	11360 6720
	10816 6720
4
	11552 6688
	16384 6688
	16384 6720
	11552 6720
4
	0 6720
	1504 6720
	1504 6752
	0 6752
4
	2240 6720
	3936 6720
	3936 6752
	2240 6752
4
	6912 6720
	8384 6720
	8384 6752
	6912 6752
4
	10816 6720
	11360 6720
	11360 6752
	10816 6752
4
	11552 6720
	16384 6720
	16384 6752
	11552 6752
4
	0 6752
	1504 6752
	1504 6784
	0 6784
4
	2240 6752
	3936 6752
	3936 6784
	2240 6784
4
	6912 6752
	8384 6752
	8384 6784
	6912 6784
4
	10816 6752
	11360 6752
	11360 6784
	10816 6784
4
	11552 6752
	16384 6752
	16384 6784
	11552 6784
4
	0 6784
	1504 6784
	1504 6816
	0 6816
4
	2240 6784
	3936 6784
	3936 6816
	2240 6816
4
	6912 6784
	8384 6784
	8384 6816
	6912 6816
4
	10816 6784
	11360 6784
	11360 6816
	10816 6816
4
	11552 6784
	16384 6784
	16384 6816
	11552 6816
4
	0 6816
	1504 6816
	1504 6848
	0 6848
4
	2240 6816
	3936 6816
	3936 6848
	2240 6848
4
	6912 6816
	8384 6816
	8384 6848
	6912 6848
4
	10816 6816
	11360 6816
	11360 6848
	10816 6848
4
	11552 6816
	16384 6816
	16384 6848
	11552 6848
4
	0 6848
	1504 6848
	1504 6880
	0 6880
4
	2240 6848
	3936 6848
	3936 6880
	2240 6880
4
	6912 6848
	8384 6848
	8384 6880
	6912 6880
4
	10816 6848
	11360 6848
	11360 6880
	10816 6880
4
	11552 6848
	16384 6848
	16384 6880
	11552 6880
4
	0 6880
	1312 6880
	1312 6912
	0 6912
4
	2432 6880
	4480 6880
	4480 6912
	2432 6912
4
	6720 6880
	7840 6880
	7840 6912
	6720 6912
4
	11744 6880
	16384 6880
	16384 6912
	11744 6912
4
	0 6912
	1312 6912
	1312 6944
	0 6944
4
	2432 6912
	4480 6912
	4480 6944
	2432 6944
4
	6720 6912
	7840 6912
	7840 6944
	6720 6944
4
	11744 6912
	16384 6912
	16384 6944
	11744 6944
4
	0 6944
	1312 6944
	1312 6976
	0 6976
4
	2432 6944
	4480 6944
	4480 6976
	2432 6976
4
	6720 6944
	7840 6944
	7840 6976
	6720 6976
4
	11744 6944
	16384 6944
	16384 6976
	11744 6976
4
	0 6976
	1312 6976
	1312 7008
	0 7008
4
	2432 6976
	4480 6976
	4480 7008
	2432 7008
4
	6720 6976
	7840 6976
	7840 7008
	6720 7008
4
	11744 6976
	16384 6976
	16384 7008
	11744 7008
4
	0 7008
	1312 7008
	1312 7040
	0 7040
4
	2432 7008
	4480 7008
	4480 7040
	2432 7040
4
	6720 7008
	7840 7008
	7840 7040
	6720 7040
4
	11744 7008
	16384 7008
	16384 7040
	11744 7040
4
	0 7040
	1312 7040
	1312 7072
	0 7072
4
	2432 7040
	4480 7040
	4480 7072
	2432 7072
4
	6720 7040
	7840 7040
	7840 7072
	6720 7072
4
	11744 7040
	16384 7040
	16384 7072
	11744 7072
4
	0 7072
	1120 7072
	1120 7104
	0 7104
4
	2624 7072
	3744 7072
	3744 7104
	2624 7104
4
	3936 7072
	4480 7072
	4480 7104
	3936 7104
4
	6720 7072
	7264 7072
	7264 7104
	6720 7104
4
	7456 7072
	7840 7072
	7840 7104
	7456 7104
4
	11744 7072
	16384 7072
	16384 7104
	11744 7104
4
	0 7104
	1120 7104
	1120 7136
	0 7136
4
	2624 7104
	3744 7104
	3744 7136
	2624 7136
4
	3936 7104
	4480 7104
	4480 7136
	3936 7136
4
	6720 7104
	7264 7104
	7264 7136
	6720 7136
4
	7456 7104
	7840 7104
	7840 7136
	7456 7136
4
	11744 7104
	16384 7104
	16384 7136
	11744 7136
4
	0 7136
	1120 7136
	1120 7168
	0 7168
4
	2624 7136
	3744 7136
	3744 7168
	2624 7168
4
	3936 7136
	4480 7136
	4480 7168
	3936 7168
4
	6720 7136
	7264 7136
	7264 7168
	6720 7168
4
	7456 7136
	7840 7136
	7840 7168
	7456 7168
4
	11744 7136
	16384 7136
	16384 7168
	11744 7168
4
	0 7168
	1120 7168
	1120 7200
	0 7200
4
	2624 7168
	3744 7168
	3744 7200
	2624 7200
4
	3936 7168
	4480 7168
	4480 7200
	3936 7200
4
	6720 7168
	7264 7168
	7264 7200
	6720 7200
4
	7456 7168
	7840 7168
	7840 7200
	7456 7200
4
	11744 7168
	16384 7168
	16384 7200
	11744 7200
4
	0 7200
	1120 7200
	1120 7232
	0 7232
4
	2624 7200
	3744 7200
	3744 7232
	2624 7232
4
	3936 7200
	4480 7200
	4480 7232
	3936 7232
4
	6720 7200
	7264 7200
	7264 7232
	6720 7232
4
	7456 7200
	7840 7200
	7840 7232
	7456 7232
4
	11744 7200
	16384 7200
	16384 7232
	11744 7232
4
	0 7232
	1120 7232
	1120 7264
	0 7264
4
	2624 7232
	3744 7232
	3744 7264
	2624 7264
4
	3936 7232
	4480 7232
	4480 7264
	3936 7264
4
	6720 7232
	7264 7232
	7264 7264
	6720 7264
4
	7456 7232
	7840 7232
	7840 7264
	7456 7264
4
	11744 7232
	16384 7232
	16384 7264
	11744 7264
4
	0 7264
	960 7264
	960 7296
	0 7296
4
	2816 7264
	3552 7264
	3552 7296
	2816 7296
4
	3936 7264
	4288 7264
	4288 7296
	3936 7296
4
	6528 7264
	7104 7264
	7104 7296
	6528 7296
4
	9152 7264
	9888 7264
	9888 7296
	9152 7296
4
	11936 7264
	16384 7264
	16384 7296
	11936 7296
4
	0 7296
	960 7296
	960 7328
	0 7328
4
	2816 7296
	3552 7296
	3552 7328
	2816 7328
4
	3936 7296
	4288 7296
	4288 7328
	3936 7328
4
	6528 7296
	7104 7296
	7104 7328
	6528 7328
4
	9152 7296
	9888 7296
	9888 7328
	9152 7328
4
	11936 7296
	16384 7296
	16384 7328
	11936 7328
4
	0 7328
	960 7328
	960 7360
	0 7360
4
	2816 7328
	3552 7328
	3552 7360
	2816 7360
4
	3936 7328
	4288 7328
	4288 7360
	3936 7360
4
	6528 7328
	7104 7328
	7104 7360
	6528 7360
4
	9152 7328
	9888 7328
	9888 7360
	9152 7360
4
	11936 7328
	16384 7328
	16384 7360
	11936 7360
4
	0 7360
	960 7360
	960 7392
	0 7392
4
	2816 7360
	3552 7360
	3552 7392
	2816 7392
4
	3936 7360
	4288 7360
	4288 7392
	3936 7392
4
	6528 7360
	7104 7360
	7104 7392
	6528 7392
4
	9152 7360
	9888 7360
	9888 7392
	9152 7392
4
	11936 7360
	16384 7360
	16384 7392
	11936 7392
4
	0 7392
	960 7392
	960 7424
	0 7424
4
	2816 7392
	3552 7392
	3552 7424
	2816 7424
4
	3936 7392
	4288 7392
	4288 7424
	3936 7424
4
	6528 7392
	7104 7392
	7104 7424
	6528 7424
4
	9152 7392
	9888 7392
	9888 7424
	9152 7424
4
	11936 7392
	16384 7392
	16384 7424
	11936 7424
4
	0 7424
	960 7424
	960 7456
	0 7456
4
	2816 7424
	3552 7424
	3552 7456
	2816 7456
4
	3936 7424
	4288 7424
	4288 7456
	3936 7456
4
	6528 7424
	7104 7424
	7104 7456
	6528 7456
4
	9152 7424
	9888 7424
	9888 7456
	9152 7456
4
	11936 7424
	16384 7424
	16384 7456
	11936 7456
4
	0 7456
	768 7456
	768 7488
	0 7488
4
	3168 7456
	3360 7456
	3360 7488
	3168 7488
4
	3744 7456
	4096 7456
	4096 7488
	3744 7488
4
	6528 7456
	7104 7456
	7104 7488
	6528 7488
4
	9152 7456
	10080 7456
	10080 7488
	9152 7488
4
	12288 7456
	16384 7456
	16384 7488
	12288 7488
4
	0 7488
	768 7488
	768 7520
	0 7520
4
	3168 7488
	3360 7488
	3360 7520
	3168 7520
4
	3744 7488
	4096 7488
	4096 7520
	3744 7520
4
	6528 7488
	7104 7488
	7104 7520
	6528 7520
4
	9152 7488
	10080 7488
	10080 7520
	9152 7520
4
	12288 7488
	16384 7488
	16384 7520
	12288 7520
4
	0 7520
	768 7520
	768 7552
	0 7552
4
	3168 7520
	3360 7520
	3360 7552
	3168 7552
4
	3744 7520
	4096 7520
	4096 7552
	3744 7552
4
	6528 7520
	7104 7520
	7104 7552
	6528 7552
4
	9152 7520
	10080 7520
	10080 7552
	9152 7552
4
	12288 7520
	16384 7520
	16384 7552
	12288 7552
4
	0 7552
	768 7552
	768 7584
	0 7584
4
	3168 7552
	3360 7552
	3360 7584
	3168 7584
4
	3744 7552
	4096 7552
	4096 7584
	3744 7584
4
	6528 7552
	7104 7552
	7104 7584
	6528 7584
4
	9152 7552
	10080 7552
	10080 7584
	9152 7584
4
	12288 7552
	16384 7552
	16384 7584
	12288 7584
4
	0 7584
	768 7584
	768 7616
	0 7616
4
	3168 7584
	3360 7584
	3360 7616
	3168 7616
4
	3744 7584
	4096 7584
	4096 7616
	3744 7616
4
	6528 7584
	7104 7584
	7104 7616
	6528 7616
4
	9152 7584
	10080 7584
	10080 7616
	9152 7616
4
	12288 7584
	16384 7584
	16384 7616
	12288 7616
4
	0 7616
	768 7616
	768 7648
	0 7648
4
	3168 7616
	3360 7616
	3360 7648
	3168 7648
4
	3744 7616
	4096 7616
	4096 7648
	3744 7648
4
	6528 7616
	7104 7616
	7104 7648
	6528 7648
4
	9152 7616
	10080 7616
	10080 7648
	9152 7648
4
	12288 7616
	16384 7616
	16384 7648
	12288 7648
4
	0 7648
	576 7648
	576 7680
	0 7680
4
	3744 7648
	3936 7648
	3936 7680
	3744 7680
4
	5792 7648
	5984 7648
	5984 7680
	5792 7680
4
	6912 7648
	7104 7648
	7104 7680
	6912 7680
4
	9696 7648
	10240 7648
	10240 7680
	9696 7680
4
	12480 7648
	16384 7648
	16384 7680
	12480 7680
4
	0 7680
	576 7680
	576 7712
	0 7712
4
	3744 7680
	3936 7680
	3936 7712
	3744 7712
4
	5792 7680
	5984 7680
	5984 7712
	5792 7712
4
	6912 7680
	7104 7680
	7104 7712
	6912 7712
4
	9696 7680
	10240 7680
	10240 7712
	9696 7712
4
	12480 7680
	16384 7680
	16384 7712
	12480 7712
4
	0 7712
	576 7712
	576 7744
	0 7744
4
	3744 7712
	3936 7712
	3936 7744
	3744 7744
4
	5792 7712
	5984 7712
	5984 7744
	5792 7744
4
	6912 7712
	7104 7712
	7104 7744
	6912 7744
4
	9696 7712
	10240 7712
	10240 7744
	9696 7744
4
	12480 7712
	16384 7712
	16384 7744
	12480 7744
4
	0 7744
	576 7744
	576 7776
	0 7776
4
	3744 7744
	3936 7744
	3936 7776
	3744 7776
4
	5792 7744
	5984 7744
	5984 7776
	5792 7776
4
	6912 7744
	7104 7744
	7104 7776
	6912 7776
4
	9696 7744
	10240 7744
	10240 7776
	9696 7776
4
	12480 7744
	16384 7744
	16384 7776
	12480 7776
4
	0 7776
	576 7776
	576 7808
	0 7808
4
	3744 7776
	3936 7776
	3936 7808
	3744 7808
4
	5792 7776
	5984 7776
	5984 7808
	5792 7808
4
	6912 7776
	7104 7776
	7104 7808
	6912 7808
4
	9696 7776
	10240 7776
	10240 7808
	9696 7808
4
	12480 7776
	16384 7776
	16384 7808
	12480 7808
4
	0 7808
	576 7808
	576 7840
	0 7840
4
	3744 7808
	3936 7808
	3936 7840
	3744 7840
4
	5792 7808
	5984 7808
	5984 7840
	5792 7840
4
	6912 7808
	7104 7808
	7104 7840
	6912 7840
4
	9696 7808
	10240 7808
	10240 7840
	9696 7840
4
	12480 7808
	16384 7808
	16384 7840
	12480 7840
4
	0 7840
	576 7840
	576 7872
	0 7872
4
	5600 7840
	5984 7840
	5984 7872
	5600 7872
4
	6912 7840
	7104 7840
	7104 7872
	6912 7872
4
	9696 7840
	10240 7840
	10240 7872
	9696 7872
4
	12480 7840
	16384 7840
	16384 7872
	12480 7872
4
	0 7872
	576 7872
	576 7904
	0 7904
4
	5600 7872
	5984 7872
	5984 7904
	5600 7904
4
	6912 7872
	7104 7872
	7104 7904
	6912 7904
4
	9696 7872
	10240 7872
	10240 7904
	9696 7904
4
	12480 7872
	16384 7872
	16384 7904
	12480 7904
4
	0 7904
	576 7904
	576 7936
	0 7936
4
	5600 7904
	5984 7904
	5984 7936
	5600 7936
4
	6912 7904
	7104 7904
	7104 7936
	6912 7936
4
	9696 7904
	10240 7904
	10240 7936
	9696 7936
4
	12480 7904
	16384 7904
	16384 7936
	12480 7936
4
	0 7936
	576 7936
	576 7968
	0 7968
4
	5600 7936
	5984 7936
	5984 7968
	5600 7968
4
	6912 7936
	7104 7936
	7104 7968
	6912 7968
4
	9696 7936
	10240 7936
	10240 7968
	9696 7968
4
	12480 7936
	16384 7936
	16384 7968
	12480 7968
4
	0 7968
	576 7968
	576 8000
	0 8000
4
	5600 7968
	5984 7968
	5984 8000
	5600 8000
4
	6912 7968
	7104 7968
	7104 8000
	6912 8000
4
	9696 7968
	10240 7968
	10240 8000
	9696 8000
4
	12480 7968
	16384 7968
	16384 8000
	12480 8000
4
	0 8000
	576 8000
	576 8032
	0 8032
4
	5600 8000
	5984 8000
	5984 8032
	5600 8032
4
	6912 8000
	7104 8000
	7104 8032
	6912 8032
4
	9696 8000
	10240 8000
	10240 8032
	9696 8032
4
	12480 8000
	16384 8000
	16384 8032
	12480 8032
4
	0 8032
	576 8032
	576 8064
	0 8064
4
	5408 8032
	6336 8032
	6336 8064
	5408 8064
4
	9888 8032
	10432 8032
	10432 8064
	9888 8064
4
	12480 8032
	16384 8032
	16384 8064
	12480 8064
4
	0 8064
	576 8064
	576 8096
	0 8096
4
	5408 8064
	6336 8064
	6336 8096
	5408 8096
4
	9888 8064
	10432 8064
	10432 8096
	9888 8096
4
	12480 8064
	16384 8064
	16384 8096
	12480 8096
4
	0 8096
	576 8096
	576 8128
	0 8128
4
	5408 8096
	6336 8096
	6336 8128
	5408 8128
4
	9888 8096
	10432 8096
	10432 8128
	9888 8128
4
	12480 8096
	16384 8096
	16384 8128
	12480 8128
4
	0 8128
	576 8128
	576 8160
	0 8160
4
	5408 8128
	6336 8128
	6336 8160
	5408 8160
4
	9888 8128
	10432 8128
	10432 8160
	9888 8160
4
	12480 8128
	16384 8128
	16384 8160
	12480 8160
4
	0 8160
	576 8160
	576 8192
	0 8192
4
	5408 8160
	6336 8160
	6336 8192
	5408 8192
4
	9888 8160
	10432 8160
	10432 8192
	9888 8192
4
	12480 8160
	16384 8160
	16384 8192
	12480 8192
4
	0 8192
	768 8192
	768 8224
	0 8224
4
	5216 8192
	6528 8192
	6528 8224
	5216 8224
4
	10080 8192
	10240 8192
	10240 8224
	10080 8224
4
	12288 8192
	16384 8192
	16384 8224
	12288 8224
4
	0 8224
	768 8224
	768 8256
	0 8256
4
	5216 8224
	6528 8224
	6528 8256
	5216 8256
4
	10080 8224
	10240 8224
	10240 8256
	10080 8256
4
	12288 8224
	16384 8224
	16384 8256
	12288 8256
4
	0 8256
	768 8256
	768 8288
	0 8288
4
	5216 8256
	6528 8256
	6528 8288
	5216 8288
4
	10080 8256
	10240 8256
	10240 8288
	10080 8288
4
	12288 8256
	16384 8256
	16384 8288
	12288 8288
4
	0 8288
	768 8288
	768 8320
	0 8320
4
	5216 8288
	6528 8288
	6528 8320
	5216 8320
4
	10080 8288
	10240 8288
	10240 8320
	10080 8320
4
	12288 8288
	16384 8288
	16384 8320
	12288 8320
4
	0 8320
	768 8320
	768 8352
	0 8352
4
	5216 8320
	6528 8320
	6528 8352
	5216 8352
4
	10080 8320
	10240 8320
	10240 8352
	10080 8352
4
	12288 8320
	16384 8320
	16384 8352
	12288 8352
4
	0 8352
	768 8352
	768 8384
	0 8384
4
	5216 8352
	6528 8352
	6528 8384
	5216 8384
4
	10080 8352
	10240 8352
	10240 8384
	10080 8384
4
	12288 8352
	16384 8352
	16384 8384
	12288 8384
4
	0 8384
	960 8384
	960 8416
	0 8416
4
	5056 8384
	5792 8384
	5792 8416
	5056 8416
4
	6144 8384
	6528 8384
	6528 8416
	6144 8416
4
	12288 8384
	16384 8384
	16384 8416
	12288 8416
4
	0 8416
	960 8416
	960 8448
	0 8448
4
	5056 8416
	5792 8416
	5792 8448
	5056 8448
4
	6144 8416
	6528 8416
	6528 8448
	6144 8448
4
	12288 8416
	16384 8416
	16384 8448
	12288 8448
4
	0 8448
	960 8448
	960 8480
	0 8480
4
	5056 8448
	5792 8448
	5792 8480
	5056 8480
4
	6144 8448
	6528 8448
	6528 8480
	6144 8480
4
	12288 8448
	16384 8448
	16384 8480
	12288 8480
4
	0 8480
	960 8480
	960 8512
	0 8512
4
	5056 8480
	5792 8480
	5792 8512
	5056 8512
4
	6144 8480
	6528 8480
	6528 8512
	6144 8512
4
	12288 8480
	16384 8480
	16384 8512
	12288 8512
4
	0 8512
	960 8512
	960 8544
	0 8544
4
	5056 8512
	5792 8512
	5792 8544
	5056 8544
4
	6144 8512
	6528 8512
	6528 8544
	6144 8544
4
	12288 8512
	16384 8512
	16384 8544
	12288 8544
4
	0 8544
	960 8544
	960 8576
	0 8576
4
	5056 8544
	5792 8544
	5792 8576
	5056 8576
4
	6144 8544
	6528 8544
	6528 8576
	6144 8576
4
	12288 8544
	16384 8544
	16384 8576
	12288 8576
4
	0 8576
	1120 8576
	1120 8608
	0 8608
4
	4864 8576
	5600 8576
	5600 8608
	4864 8608
4
	11936 8576
	16384 8576
	16384 8608
	11936 8608
4
	0 8608
	1120 8608
	1120 8640
	0 8640
4
	4864 8608
	5600 8608
	5600 8640
	4864 8640
4
	11936 8608
	16384 8608
	16384 8640
	11936 8640
4
	0 8640
	1120 8640
	1120 8672
	0 8672
4
	4864 8640
	5600 8640
	5600 8672
	4864 8672
4
	11936 8640
	16384 8640
	16384 8672
	11936 8672
4
	0 8672
	1120 8672
	1120 8704
	0 8704
4
	4864 8672
	5600 8672
	5600 8704
	4864 8704
4
	11936 8672
	16384 8672
	16384 8704
	11936 8704
4
	0 8704
	1120 8704
	1120 8736
	0 8736
4
	4864 8704
	5600 8704
	5600 8736
	4864 8736
4
	11936 8704
	16384 8704
	16384 8736
	11936 8736
4
	0 8736
	1120 8736
	1120 8768
	0 8768
4
	4864 8736
	5600 8736
	5600 8768
	4864 8768
4
	11936 8736
	16384 8736
	16384 8768
	11936 8768
4
	0 8768
	1312 8768
	1312 8800
	0 8800
4
	4672 8768
	5600 8768
	5600 8800
	4672 8800
4
	11744 8768
	12672 8768
	12672 8800
	11744 8800
4
	13056 8768
	16384 8768
	16384 8800
	13056 8800
4
	0 8800
	1312 8800
	1312 8832
	0 8832
4
	4672 8800
	5600 8800
	5600 8832
	4672 8832
4
	11744 8800
	12672 8800
	12672 8832
	11744 8832
4
	13056 8800
	16384 8800
	16384 8832
	13056 8832
4
	0 8832
	1312 8832
	1312 8864
	0 8864
4
	4672 8832
	5600 8832
	5600 8864
	4672 8864
4
	11744 8832
	12672 8832
	12672 8864
	11744 8864
4
	13056 8832
	16384 8832
	16384 8864
	13056 8864
4
	0 8864
	1312 8864
	1312 8896
	0 8896
4
	4672 8864
	5600 8864
	5600 8896
	4672 8896
4
	11744 8864
	12672 8864
	12672 8896
	11744 8896
4
	13056 8864
	16384 8864
	16384 8896
	13056 8896
4
	0 8896
	1312 8896
	1312 8928
	0 8928
4
	4672 8896
	5600 8896
	5600 8928
	4672 8928
4
	11744 8896
	12672 8896
	12672 8928
	11744 8928
4
	13056 8896
	16384 8896
	16384 8928
	13056 8928
4
	0 8928
	1312 8928
	1312 8960
	0 8960
4
	4672 8928
	5600 8928
	5600 8960
	4672 8960
4
	11744 8928
	12672 8928
	12672 8960
	11744 8960
4
	13056 8928
	16384 8928
	16384 8960
	13056 8960
4
	0 8960
	1504 8960
	1504 8992
	0 8992
4
	4480 8960
	5792 8960
	5792 8992
	4480 8992
4
	11552 8960
	12480 8960
	12480 8992
	11552 8992
4
	13248 8960
	16384 8960
	16384 8992
	13248 8992
4
	0 8992
	1504 8992
	1504 9024
	0 9024
4
	4480 8992
	5792 8992
	5792 9024
	4480 9024
4
	11552 8992
	12480 8992
	12480 9024
	11552 9024
4
	13248 8992
	16384 8992
	16384 9024
	13248 9024
4
	0 9024
	1504 9024
	1504 9056
	0 9056
4
	4480 9024
	5792 9024
	5792 9056
	4480 9056
4
	11552 9024
	12480 9024
	12480 9056
	11552 9056
4
	13248 9024
	16384 9024
	16384 9056
	13248 9056
4
	0 9056
	1504 9056
	1504 9088
	0 9088
4
	4480 9056
	5792 9056
	5792 9088
	4480 9088
4
	11552 9056
	12480 9056
	12480 9088
	11552 9088
4
	13248 9056
	16384 9056
	16384 9088
	13248 9088
4
	0 9088
	1504 9088
	1504 9120
	0 9120
4
	4480 9088
	5792 9088
	5792 9120
	4480 9120
4
	11552 9088
	12480 9088
	12480 9120
	11552 9120
4
	13248 9088
	16384 9088
	16384 9120
	13248 9120
4
	0 9120
	1504 9120
	1504 9152
	0 9152
4
	4480 9120
	5792 9120
	5792 9152
	4480 9152
4
	11552 9120
	12480 9120
	12480 9152
	11552 9152
4
	13248 9120
	16384 9120
	16384 9152
	13248 9152
4
	0 9152
	1696 9152
	1696 9184
	0 9184
4
	4288 9152
	5792 9152
	5792 9184
	4288 9184
4
	7840 9152
	8384 9152
	8384 9184
	7840 9184
4
	11360 9152
	12480 9152
	12480 9184
	11360 9184
4
	13408 9152
	16384 9152
	16384 9184
	13408 9184
4
	0 9184
	1696 9184
	1696 9216
	0 9216
4
	4288 9184
	5792 9184
	5792 9216
	4288 9216
4
	7840 9184
	8384 9184
	8384 9216
	7840 9216
4
	11360 9184
	12480 9184
	12480 9216
	11360 9216
4
	13408 9184
	16384 9184
	16384 9216
	13408 9216
4
	0 9216
	1696 9216
	1696 9248
	0 9248
4
	4288 9216
	5792 9216
	5792 9248
	4288 9248
4
	7840 9216
	8384 9216
	8384 9248
	7840 9248
4
	11360 9216
	12480 9216
	12480 9248
	11360 9248
4
	13408 9216
	16384 9216
	16384 9248
	13408 9248
4
	0 9248
	1696 9248
	1696 9280
	0 9280
4
	4288 9248
	5792 9248
	5792 9280
	4288 9280
4
	7840 9248
	8384 9248
	8384 9280
	7840 9280
4
	11360 9248
	12480 9248
	12480 9280
	11360 9280
4
	13408 9248
	16384 9248
	16384 9280
	13408 9280
4
	0 9280
	1696 9280
	1696 9312
	0 9312
4
	4288 9280
	5792 9280
	5792 9312
	4288 9312
4
	7840 9280
	8384 9280
	8384 9312
	7840 9312
4
	11360 9280
	12480 9280
	12480 9312
	11360 9312
4
	13408 9280
	16384 9280
	16384 9312
	13408 9312
4
	0 9312
	1696 9312
	1696 9344
	0 9344
4
	4288 9312
	5792 9312
	5792 9344
	4288 9344
4
	7840 9312
	8384 9312
	8384 9344
	7840 9344
4
	11360 9312
	12480 9312
	12480 9344
	11360 9344
4
	13408 9312
	16384 9312
	16384 9344
	13408 9344
4
	0 9344
	1888 9344
	1888 9376
	0 9376
4
	4096 9344
	5600 9344
	5600 9376
	4096 9376
4
	7840 9344
	8384 9344
	8384 9376
	7840 9376
4
	11200 9344
	12480 9344
	12480 9376
	11200 9376
4
	13600 9344
	16384 9344
	16384 9376
	13600 9376
4
	0 9376
	1888 9376
	1888 9408
	0 9408
4
	4096 9376
	5600 9376
	5600 9408
	4096 9408
4
	7840 9376
	8384 9376
	8384 9408
	7840 9408
4
	11200 9376
	12480 9376
	12480 9408
	11200 9408
4
	13600 9376
	16384 9376
	16384 9408
	13600 9408
4
	0 9408
	1888 9408
	1888 9440
	0 9440
4
	4096 9408
	5600 9408
	5600 9440
	4096 9440
4
	7840 9408
	8384 9408
	8384 9440
	7840 9440
4
	11200 9408
	12480 9408
	12480 9440
	11200 9440
4
	13600 9408
	16384 9408
	16384 9440
	13600 9440
4
	0 9440
	1888 9440
	1888 9472
	0 9472
4
	4096 9440
	5600 9440
	5600 9472
	4096 9472
4
	7840 9440
	8384 9440
	8384 9472
	7840 9472
4
	11200 9440
	12480 9440
	12480 9472
	11200 9472
4
	13600 9440
	16384 9440
	16384 9472
	13600 9472
4
	0 9472
	1888 9472
	1888 9504
	0 9504
4
	4096 9472
	5600 9472
	5600 9504
	4096 9504
4
	7840 9472
	8384 9472
	8384 9504
	7840 9504
4
	11200 9472
	12480 9472
	12480 9504
	11200 9504
4
	13600 9472
	16384 9472
	16384 9504
	13600 9504
4
	0 9504
	1888 9504
	1888 9536
	0 9536
4
	4096 9504
	5600 9504
	5600 9536
	4096 9536
4
	7840 9504
	8384 9504
	8384 9536
	7840 9536
4
	11200 9504
	12480 9504
	12480 9536
	11200 9536
4
	13600 9504
	16384 9504
	16384 9536
	13600 9536
4
	0 9536
	2048 9536
	2048 9568
	0 9568
4
	3936 9536
	5600 9536
	5600 9568
	3936 9568
4
	7840 9536
	8384 9536
	8384 9568
	7840 9568
4
	11008 9536
	12128 9536
	12128 9568
	11008 9568
4
	13792 9536
	16384 9536
	16384 9568
	13792 9568
4
	0 9568
	2048 9568
	2048 9600
	0 9600
4
	3936 9568
	5600 9568
	5600 9600
	3936 9600
4
	7840 9568
	8384 9568
	8384 9600
	7840 9600
4
	11008 9568
	12128 9568
	12128 9600
	11008 9600
4
	13792 9568
	16384 9568
	16384 9600
	13792 9600
4
	0 9600
	2048 9600
	2048 9632
	0 9632
4
	3936 9600
	5600 9600
	5600 9632
	3936 9632
4
	7840 9600
	8384 9600
	8384 9632
	7840 9632
4
	11008 9600
	12128 9600
	12128 9632
	11008 9632
4
	13792 9600
	16384 9600
	16384 9632
	13792 9632
4
	0 9632
	2048 9632
	2048 9664
	0 9664
4
	3936 9632
	5600 9632
	5600 9664
	3936 9664
4
	7840 9632
	8384 9632
	8384 9664
	7840 9664
4
	11008 9632
	12128 9632
	12128 9664
	11008 9664
4
	13792 9632
	16384 9632
	16384 9664
	13792 9664
4
	0 9664
	2048 9664
	2048 9696
	0 9696
4
	3936 9664
	5600 9664
	5600 9696
	3936 9696
4
	7840 9664
	8384 9664
	8384 9696
	7840 9696
4
	11008 9664
	12128 9664
	12128 9696
	11008 9696
4
	13792 9664
	16384 9664
	16384 9696
	13792 9696
4
	0 9696
	2048 9696
	2048 9728
	0 9728
4
	3936 9696
	5600 9696
	5600 9728
	3936 9728
4
	7840 9696
	8384 9696
	8384 9728
	7840 9728
4
	11008 9696
	12128 9696
	12128 9728
	11008 9728
4
	13792 9696
	16384 9696
	16384 9728
	13792 9728
4
	0 9728
	2240 9728
	2240 9760
	0 9760
4
	3360 9728
	5216 9728
	5216 9760
	3360 9760
4
	10624 9728
	12128 9728
	12128 9760
	10624 9760
4
	12288 9728
	13056 9728
	13056 9760
	12288 9760
4
	14528 9728
	16384 9728
	16384 9760
	14528 9760
4
	0 9760
	2240 9760
	2240 9792
	0 9792
4
	3360 9760
	5216 9760
	5216 9792
	3360 9792
4
	10624 9760
	12128 9760
	12128 9792
	10624 9792
4
	12288 9760
	13056 9760
	13056 9792
	12288 9792
4
	14528 9760
	16384 9760
	16384 9792
	14528 9792
4
	0 9792
	2240 9792
	2240 9824
	0 9824
4
	3360 9792
	5216 9792
	5216 9824
	3360 9824
4
	10624 9792
	12128 9792
	12128 9824
	10624 9824
4
	12288 9792
	13056 9792
	13056 9824
	12288 9824
4
	14528 9792
	16384 9792
	16384 9824
	14528 9824
4
	0 9824
	2240 9824
	2240 9856
	0 9856
4
	3360 9824
	5216 9824
	5216 9856
	3360 9856
4
	10624 9824
	12128 9824
	12128 9856
	10624 9856
4
	12288 9824
	13056 9824
	13056 9856
	12288 9856
4
	14528 9824
	16384 9824
	16384 9856
	14528 9856
4
	0 9856
	2240 9856
	2240 9888
	0 9888
4
	3360 9856
	5216 9856
	5216 9888
	3360 9888
4
	10624 9856
	12128 9856
	12128 9888
	10624 9888
4
	12288 9856
	13056 9856
	13056 9888
	12288 9888
4
	14528 9856
	16384 9856
	16384 9888
	14528 9888
4
	0 9888
	2240 9888
	2240 9920
	0 9920
4
	3360 9888
	5216 9888
	5216 9920
	3360 9920
4
	10624 9888
	12128 9888
	12128 9920
	10624 9920
4
	12288 9888
	13056 9888
	13056 9920
	12288 9920
4
	14528 9888
	16384 9888
	16384 9920
	14528 9920
4
	0 9920
	2432 9920
	2432 9952
	0 9952
4
	3360 9920
	5216 9920
	5216 9952
	3360 9952
4
	10624 9920
	12128 9920
	12128 9952
	10624 9952
4
	12288 9920
	13248 9920
	13248 9952
	12288 9952
4
	14528 9920
	16384 9920
	16384 9952
	14528 9952
4
	0 9952
	2432 9952
	2432 9984
	0 9984
4
	3360 9952
	5216 9952
	5216 9984
	3360 9984
4
	10624 9952
	12128 9952
	12128 9984
	10624 9984
4
	12288 9952
	13248 9952
	13248 9984
	12288 9984
4
	14528 9952
	16384 9952
	16384 9984
	14528 9984
4
	0 9984
	2432 9984
	2432 10016
	0 10016
4
	3360 9984
	5216 9984
	5216 10016
	3360 10016
4
	10624 9984
	12128 9984
	12128 10016
	10624 10016
4
	12288 9984
	13248 9984
	13248 10016
	12288 10016
4
	14528 9984
	16384 9984
	16384 10016
	14528 10016
4
	0 10016
	2432 10016
	2432 10048
	0 10048
4
	3360 10016
	5216 10016
	5216 10048
	3360 10048
4
	10624 10016
	12128 10016
	12128 10048
	10624 10048
4
	12288 10016
	13248 10016
	13248 10048
	12288 10048
4
	14528 10016
	16384 10016
	16384 10048
	14528 10048
4
	0 10048
	2432 10048
	2432 10080
	0 10080
4
	3360 10048
	5216 10048
	5216 10080
	3360 10080
4
	10624 10048
	12128 10048
	12128 10080
	10624 10080
4
	12288 10048
	13248 10048
	13248 10080
	12288 10080
4
	14528 10048
	16384 10048
	16384 10080
	14528 10080
4
	0 10080
	2432 10080
	2432 10112
	0 10112
4
	3360 10080
	5216 10080
	5216 10112
	3360 10112
4
	10624 10080
	12128 10080
	12128 10112
	10624 10112
4
	12288 10080
	13248 10080
	13248 10112
	12288 10112
4
	14528 10080
	16384 10080
	16384 10112
	14528 10112
4
	0 10112
	2624 10112
	2624 10144
	0 10144
4
	3168 10112
	5056 10112
	5056 10144
	3168 10144
4
	10432 10112
	11936 10112
	11936 10144
	10432 10144
4
	12288 10112
	13408 10112
	13408 10144
	12288 10144
4
	14528 10112
	16384 10112
	16384 10144
	14528 10144
4
	0 10144
	2624 10144
	2624 10176
	0 10176
4
	3168 10144
	5056 10144
	5056 10176
	3168 10176
4
	10432 10144
	11936 10144
	11936 10176
	10432 10176
4
	12288 10144
	13408 10144
	13408 10176
	12288 10176
4
	14528 10144
	16384 10144
	16384 10176
	14528 10176
4
	0 10176
	2624 10176
	2624 10208
	0 10208
4
	3168 10176
	5056 10176
	5056 10208
	3168 10208
4
	10432 10176
	11936 10176
	11936 10208
	10432 10208
4
	12288 10176
	13408 10176
	13408 10208
	12288 10208
4
	14528 10176
	16384 10176
	16384 10208
	14528 10208
4
	0 10208
	2624 10208
	2624 10240
	0 10240
4
	3168 10208
	5056 10208
	5056 10240
	3168 10240
4
	10432 10208
	11936 10208
	11936 10240
	10432 10240
4
	12288 10208
	13408 10208
	13408 10240
	12288 10240
4
	14528 10208
	16384 10208
	16384 10240
	14528 10240
4
	0 10240
	2624 10240
	2624 10272
	0 10272
4
	3168 10240
	5056 10240
	5056 10272
	3168 10272
4
	10432 10240
	11936 10240
	11936 10272
	10432 10272
4
	12288 10240
	13408 10240
	13408 10272
	12288 10272
4
	14528 10240
	16384 10240
	16384 10272
	14528 10272
4
	0 10272
	2624 10272
	2624 10304
	0 10304
4
	3168 10272
	5056 10272
	5056 10304
	3168 10304
4
	10432 10272
	11936 10272
	11936 10304
	10432 10304
4
	12288 10272
	13408 10272
	13408 10304
	12288 10304
4
	14528 10272
	16384 10272
	16384 10304
	14528 10304
4
	0 10304
	4672 10304
	4672 10336
	0 10336
4
	10080 10304
	11744 10304
	11744 10336
	10080 10336
4
	12288 10304
	13600 10304
	13600 10336
	12288 10336
4
	14528 10304
	16384 10304
	16384 10336
	14528 10336
4
	0 10336
	4672 10336
	4672 10368
	0 10368
4
	10080 10336
	11744 10336
	11744 10368
	10080 10368
4
	12288 10336
	13600 10336
	13600 10368
	12288 10368
4
	14528 10336
	16384 10336
	16384 10368
	14528 10368
4
	0 10368
	4672 10368
	4672 10400
	0 10400
4
	10080 10368
	11744 10368
	11744 10400
	10080 10400
4
	12288 10368
	13600 10368
	13600 10400
	12288 10400
4
	14528 10368
	16384 10368
	16384 10400
	14528 10400
4
	0 10400
	4672 10400
	4672 10432
	0 10432
4
	10080 10400
	11744 10400
	11744 10432
	10080 10432
4
	12288 10400
	13600 10400
	13600 10432
	12288 10432
4
	14528 10400
	16384 10400
	16384 10432
	14528 10432
4
	0 10432
	4672 10432
	4672 10464
	0 10464
4
	10080 10432
	11744 10432
	11744 10464
	10080 10464
4
	12288 10432
	13600 10432
	13600 10464
	12288 10464
4
	14528 10432
	16384 10432
	16384 10464
	14528 10464
4
	0 10464
	4672 10464
	4672 10496
	0 10496
4
	10080 10464
	11744 10464
	11744 10496
	10080 10496
4
	12288 10464
	13600 10464
	13600 10496
	12288 10496
4
	14528 10464
	16384 10464
	16384 10496
	14528 10496
4
	0 10496
	3744 10496
	3744 10528
	0 10528
4
	9888 10496
	11552 10496
	11552 10528
	9888 10528
4
	12288 10496
	13600 10496
	13600 10528
	12288 10528
4
	14912 10496
	16384 10496
	16384 10528
	14912 10528
4
	0 10528
	3744 10528
	3744 10560
	0 10560
4
	9888 10528
	11552 10528
	11552 10560
	9888 10560
4
	12288 10528
	13600 10528
	13600 10560
	12288 10560
4
	14912 10528
	16384 10528
	16384 10560
	14912 10560
4
	0 10560
	3744 10560
	3744 10592
	0 10592
4
	9888 10560
	11552 10560
	11552 10592
	9888 10592
4
	12288 10560
	13600 10560
	13600 10592
	12288 10592
4
	14912 10560
	16384 10560
	16384 10592
	14912 10592
4
	0 10592
	3744 10592
	3744 10624
	0 10624
4
	9888 10592
	11552 10592
	11552 10624
	9888 10624
4
	12288 10592
	13600 10592
	13600 10624
	12288 10624
4
	14912 10592
	16384 10592
	16384 10624
	14912 10624
4
	0 10624
	3744 10624
	3744 10656
	0 10656
4
	9888 10624
	11552 10624
	11552 10656
	9888 10656
4
	12288 10624
	13600 10624
	13600 10656
	12288 10656
4
	14912 10624
	16384 10624
	16384 10656
	14912 10656
4
	0 10656
	3744 10656
	3744 10688
	0 10688
4
	9888 10656
	11552 10656
	11552 10688
	9888 10688
4
	12288 10656
	13600 10656
	13600 10688
	12288 10688
4
	14912 10656
	16384 10656
	16384 10688
	14912 10688
4
	0 10688
	3552 10688
	3552 10720
	0 10720
4
	9888 10688
	11552 10688
	11552 10720
	9888 10720
4
	12288 10688
	13600 10688
	13600 10720
	12288 10720
4
	14912 10688
	16384 10688
	16384 10720
	14912 10720
4
	0 10720
	3552 10720
	3552 10752
	0 10752
4
	9888 10720
	11552 10720
	11552 10752
	9888 10752
4
	12288 10720
	13600 10720
	13600 10752
	12288 10752
4
	14912 10720
	16384 10720
	16384 10752
	14912 10752
4
	0 10752
	3552 10752
	3552 10784
	0 10784
4
	9888 10752
	11552 10752
	11552 10784
	9888 10784
4
	12288 10752
	13600 10752
	13600 10784
	12288 10784
4
	14912 10752
	16384 10752
	16384 10784
	14912 10784
4
	0 10784
	3552 10784
	3552 10816
	0 10816
4
	9888 10784
	11552 10784
	11552 10816
	9888 10816
4
	12288 10784
	13600 10784
	13600 10816
	12288 10816
4
	14912 10784
	16384 10784
	16384 10816
	14912 10816
4
	0 10816
	3552 10816
	3552 10848
	0 10848
4
	9888 10816
	11552 10816
	11552 10848
	9888 10848
4
	12288 10816
	13600 10816
	13600 10848
	12288 10848
4
	14912 10816
	16384 10816
	16384 10848
	14912 10848
4
	0 10848
	3552 10848
	3552 10880
	0 10880
4
	9888 10848
	11552 10848
	11552 10880
	9888 10880
4
	12288 10848
	13600 10848
	13600 10880
	12288 10880
4
	14912 10848
	16384 10848
	16384 10880
	14912 10880
4
	0 10880
	3360 10880
	3360 10912
	0 10912
4
	10080 10880
	10432 10880
	10432 10912
	10080 10912
4
	12480 10880
	13408 10880
	13408 10912
	12480 10912
4
	15104 10880
	15296 10880
	15296 10912
	15104 10912
4
	15648 10880
	16384 10880
	16384 10912
	15648 10912
4
	0 10912
	3360 10912
	3360 10944
	0 10944
4
	10080 10912
	10432 10912
	10432 10944
	10080 10944
4
	12480 10912
	13408 10912
	13408 10944
	12480 10944
4
	15104 10912
	15296 10912
	15296 10944
	15104 10944
4
	15648 10912
	16384 10912
	16384 10944
	15648 10944
4
	0 10944
	3360 10944
	3360 10976
	0 10976
4
	10080 10944
	10432 10944
	10432 10976
	10080 10976
4
	12480 10944
	13408 10944
	13408 10976
	12480 10976
4
	15104 10944
	15296 10944
	15296 10976
	15104 10976
4
	15648 10944
	16384 10944
	16384 10976
	15648 10976
4
	0 10976
	3360 10976
	3360 11008
	0 11008
4
	10080 10976
	10432 10976
	10432 11008
	10080 11008
4
	12480 10976
	13408 10976
	13408 11008
	12480 11008
4
	15104 10976
	15296 10976
	15296 11008
	15104 11008
4
	15648 10976
	16384 10976
	16384 11008
	15648 11008
4
	0 11008
	3360 11008
	3360 11040
	0 11040
4
	10080 11008
	10432 11008
	10432 11040
	10080 11040
4
	12480 11008
	13408 11008
	13408 11040
	12480 11040
4
	15104 11008
	15296 11008
	15296 11040
	15104 11040
4
	15648 11008
	16384 11008
	16384 11040
	15648 11040
4
	0 11040
	3360 11040
	3360 11072
	0 11072
4
	10080 11040
	10432 11040
	10432 11072
	10080 11072
4
	12480 11040
	13408 11040
	13408 11072
	12480 11072
4
	15104 11040
	15296 11040
	15296 11072
	15104 11072
4
	15648 11040
	16384 11040
	16384 11072
	15648 11072
4
	0 11072
	3552 11072
	3552 11104
	0 11104
4
	14176 11072
	14528 11072
	14528 11104
	14176 11104
4
	15840 11072
	16384 11072
	16384 11104
	15840 11104
4
	0 11104
	3552 11104
	3552 11136
	0 11136
4
	14176 11104
	14528 11104
	14528 11136
	14176 11136
4
	15840 11104
	16384 11104
	16384 11136
	15840 11136
4
	0 11136
	3552 11136
	3552 11168
	0 11168
4
	14176 11136
	14528 11136
	14528 11168
	14176 11168
4
	15840 11136
	16384 11136
	16384 11168
	15840 11168
4
	0 11168
	3552 11168
	3552 11200
	0 11200
4
	14176 11168
	14528 11168
	14528 11200
	14176 11200
4
	15840 11168
	16384 11168
	16384 11200
	15840 11200
4
	0 11200
	3552 11200
	3552 11232
	0 11232
4
	14176 11200
	14528 11200
	14528 11232
	14176 11232
4
	15840 11200
	16384 11200
	16384 11232
	15840 11232
4
	0 11232
	3552 11232
	3552 11264
	0 11264
4
	14176 11232
	14528 11232
	14528 11264
	14176 11264
4
	15840 11232
	16384 11232
	16384 11264
	15840 11264
4
	0 11264
	3744 11264
	3744 11296
	0 11296
4
	9152 11264
	9504 11264
	9504 11296
	9152 11296
4
	13984 11264
	14528 11264
	14528 11296
	13984 11296
4
	15456 11264
	16384 11264
	16384 11296
	15456 11296
4
	0 11296
	3744 11296
	3744 11328
	0 11328
4
	9152 11296
	9504 11296
	9504 11328
	9152 11328
4
	13984 11296
	14528 11296
	14528 11328
	13984 11328
4
	15456 11296
	16384 11296
	16384 11328
	15456 11328
4
	0 11328
	3744 11328
	3744 11360
	0 11360
4
	9152 11328
	9504 11328
	9504 11360
	9152 11360
4
	13984 11328
	14528 11328
	14528 11360
	13984 11360
4
	15456 11328
	16384 11328
	16384 11360
	15456 11360
4
	0 11360
	3744 11360
	3744 11392
	0 11392
4
	9152 11360
	9504 11360
	9504 11392
	9152 11392
4
	13984 11360
	14528 11360
	14528 11392
	13984 11392
4
	15456 11360
	16384 11360
	16384 11392
	15456 11392
4
	0 11392
	3744 11392
	3744 11424
	0 11424
4
	9152 11392
	9504 11392
	9504 11424
	9152 11424
4
	13984 11392
	14528 11392
	14528 11424
	13984 11424
4
	15456 11392
	16384 11392
	16384 11424
	15456 11424
4
	0 11424
	3744 11424
	3744 11456
	0 11456
4
	9152 11424
	9504 11424
	9504 11456
	9152 11456
4
	13984 11424
	14528 11424
	14528 11456
	13984 11456
4
	15456 11424
	16384 11424
	16384 11456
	15456 11456
4
	0 11456
	3936 11456
	3936 11488
	0 11488
4
	8960 11456
	9696 11456
	9696 11488
	8960 11488
4
	13792 11456
	14336 11456
	14336 11488
	13792 11488
4
	15296 11456
	16384 11456
	16384 11488
	15296 11488
4
	0 11488
	3936 11488
	3936 11520
	0 11520
4
	8960 11488
	9696 11488
	9696 11520
	8960 11520
4
	13792 11488
	14336 11488
	14336 11520
	13792 11520
4
	15296 11488
	16384 11488
	16384 11520
	15296 11520
4
	0 11520
	3936 11520
	3936 11552
	0 11552
4
	8960 11520
	9696 11520
	9696 11552
	8960 11552
4
	13792 11520
	14336 11520
	14336 11552
	13792 11552
4
	15296 11520
	16384 11520
	16384 11552
	15296 11552
4
	0 11552
	3936 11552
	3936 11584
	0 11584
4
	8960 11552
	9696 11552
	9696 11584
	8960 11584
4
	13792 11552
	14336 11552
	14336 11584
	13792 11584
4
	15296 11552
	16384 11552
	16384 11584
	15296 11584
4
	0 11584
	3936 11584
	3936 11616
	0 11616
4
	8960 11584
	9696 11584
	9696 11616
	8960 11616
4
	13792 11584
	14336 11584
	14336 11616
	13792 11616
4
	15296 11584
	16384 11584
	16384 11616
	15296 11616
4
	0 11616
	3936 11616
	3936 11648
	0 11648
4
	8960 11616
	9696 11616
	9696 11648
	8960 11648
4
	13792 11616
	14336 11616
	14336 11648
	13792 11648
4
	15296 11616
	16384 11616
	16384 11648
	15296 11648
4
	0 11648
	4096 11648
	4096 11680
	0 11680
4
	8768 11648
	9696 11648
	9696 11680
	8768 11680
4
	13600 11648
	14176 11648
	14176 11680
	13600 11680
4
	15104 11648
	16384 11648
	16384 11680
	15104 11680
4
	0 11680
	4096 11680
	4096 11712
	0 11712
4
	8768 11680
	9696 11680
	9696 11712
	8768 11712
4
	13600 11680
	14176 11680
	14176 11712
	13600 11712
4
	15104 11680
	16384 11680
	16384 11712
	15104 11712
4
	0 11712
	4096 11712
	4096 11744
	0 11744
4
	8768 11712
	9696 11712
	9696 11744
	8768 11744
4
	13600 11712
	14176 11712
	14176 11744
	13600 11744
4
	15104 11712
	16384 11712
	16384 11744
	15104 11744
4
	0 11744
	4096 11744
	4096 11776
	0 11776
4
	8768 11744
	9696 11744
	9696 11776
	8768 11776
4
	13600 11744
	14176 11744
	14176 11776
	13600 11776
4
	15104 11744
	16384 11744
	16384 11776
	15104 11776
4
	0 11776
	4096 11776
	4096 11808
	0 11808
4
	8768 11776
	9696 11776
	9696 11808
	8768 11808
4
	13600 11776
	14176 11776
	14176 11808
	13600 11808
4
	15104 11776
	16384 11776
	16384 11808
	15104 11808
4
	0 11808
	4096 11808
	4096 11840
	0 11840
4
	8768 11808
	9696 11808
	9696 11840
	8768 11840
4
	13600 11808
	14176 11808
	14176 11840
	13600 11840
4
	15104 11808
	16384 11808
	16384 11840
	15104 11840
4
	0 11840
	4288 11840
	4288 11872
	0 11872
4
	8576 11840
	9696 11840
	9696 11872
	8576 11872
4
	13408 11840
	13984 11840
	13984 11872
	13408 11872
4
	14912 11840
	16384 11840
	16384 11872
	14912 11872
4
	0 11872
	4288 11872
	4288 11904
	0 11904
4
	8576 11872
	9696 11872
	9696 11904
	8576 11904
4
	13408 11872
	13984 11872
	13984 11904
	13408 11904
4
	14912 11872
	16384 11872
	16384 11904
	14912 11904
4
	0 11904
	4288 11904
	4288 11936
	0 11936
4
	8576 11904
	9696 11904
	9696 11936
	8576 11936
4
	13408 11904
	13984 11904
	13984 11936
	13408 11936
4
	14912 11904
	16384 11904
	16384 11936
	14912 11936
4
	0 11936
	4288 11936
	4288 11968
	0 11968
4
	8576 11936
	9696 11936
	9696 11968
	8576 11968
4
	13408 11936
	13984 11936
	13984 11968
	13408 11968
4
	14912 11936
	16384 11936
	16384 11968
	14912 11968
4
	0 11968
	4288 11968
	4288 12000
	0 12000
4
	8576 11968
	9696 11968
	9696 12000
	8576 12000
4
	13408 11968
	13984 11968
	13984 12000
	13408 12000
4
	14912 11968
	16384 11968
	16384 12000
	14912 12000
4
	0 12000
	4288 12000
	4288 12032
	0 12032
4
	8576 12000
	9696 12000
	9696 12032
	8576 12032
4
	13408 12000
	13984 12000
	13984 12032
	13408 12032
4
	14912 12000
	16384 12000
	16384 12032
	14912 12032
4
	0 12032
	4480 12032
	4480 12064
	0 12064
4
	8384 12032
	9696 12032
	9696 12064
	8384 12064
4
	13248 12032
	13792 12032
	13792 12064
	13248 12064
4
	14720 12032
	16384 12032
	16384 12064
	14720 12064
4
	0 12064
	4480 12064
	4480 12096
	0 12096
4
	8384 12064
	9696 12064
	9696 12096
	8384 12096
4
	13248 12064
	13792 12064
	13792 12096
	13248 12096
4
	14720 12064
	16384 12064
	16384 12096
	14720 12096
4
	0 12096
	4480 12096
	4480 12128
	0 12128
4
	8384 12096
	9696 12096
	9696 12128
	8384 12128
4
	13248 12096
	13792 12096
	13792 12128
	13248 12128
4
	14720 12096
	16384 12096
	16384 12128
	14720 12128
4
	0 12128
	4480 12128
	4480 12160
	0 12160
4
	8384 12128
	9696 12128
	9696 12160
	8384 12160
4
	13248 12128
	13792 12128
	13792 12160
	13248 12160
4
	14720 12128
	16384 12128
	16384 12160
	14720 12160
4
	0 12160
	4480 12160
	4480 12192
	0 12192
4
	8384 12160
	9696 12160
	9696 12192
	8384 12192
4
	13248 12160
	13792 12160
	13792 12192
	13248 12192
4
	14720 12160
	16384 12160
	16384 12192
	14720 12192
4
	0 12192
	4480 12192
	4480 12224
	0 12224
4
	8384 12192
	9696 12192
	9696 12224
	8384 12224
4
	13248 12192
	13792 12192
	13792 12224
	13248 12224
4
	14720 12192
	16384 12192
	16384 12224
	14720 12224
4
	0 12224
	4672 12224
	4672 12256
	0 12256
4
	8192 12224
	9504 12224
	9504 12256
	8192 12256
4
	13056 12224
	13600 12224
	13600 12256
	13056 12256
4
	14720 12224
	16384 12224
	16384 12256
	14720 12256
4
	0 12256
	4672 12256
	4672 12288
	0 12288
4
	8192 12256
	9504 12256
	9504 12288
	8192 12288
4
	13056 12256
	13600 12256
	13600 12288
	13056 12288
4
	14720 12256
	16384 12256
	16384 12288
	14720 12288
4
	0 12288
	4672 12288
	4672 12320
	0 12320
4
	8192 12288
	9504 12288
	9504 12320
	8192 12320
4
	13056 12288
	13600 12288
	13600 12320
	13056 12320
4
	14720 12288
	16384 12288
	16384 12320
	14720 12320
4
	0 12320
	4672 12320
	4672 12352
	0 12352
4
	8192 12320
	9504 12320
	9504 12352
	8192 12352
4
	13056 12320
	13600 12320
	13600 12352
	13056 12352
4
	14720 12320
	16384 12320
	16384 12352
	14720 12352
4
	0 12352
	4672 12352
	4672 12384
	0 12384
4
	8192 12352
	9504 12352
	9504 12384
	8192 12384
4
	13056 12352
	13600 12352
	13600 12384
	13056 12384
4
	14720 12352
	16384 12352
	16384 12384
	14720 12384
4
	0 12384
	4864 12384
	4864 12416
	0 12416
4
	8032 12384
	9312 12384
	9312 12416
	8032 12416
4
	12864 12384
	13408 12384
	13408 12416
	12864 12416
4
	14528 12384
	16384 12384
	16384 12416
	14528 12416
4
	0 12416
	4864 12416
	4864 12448
	0 12448
4
	8032 12416
	9312 12416
	9312 12448
	8032 12448
4
	12864 12416
	13408 12416
	13408 12448
	12864 12448
4
	14528 12416
	16384 12416
	16384 12448
	14528 12448
4
	0 12448
	4864 12448
	4864 12480
	0 12480
4
	8032 12448
	9312 12448
	9312 12480
	8032 12480
4
	12864 12448
	13408 12448
	13408 12480
	12864 12480
4
	14528 12448
	16384 12448
	16384 12480
	14528 12480
4
	0 12480
	4864 12480
	4864 12512
	0 12512
4
	8032 12480
	9312 12480
	9312 12512
	8032 12512
4
	12864 12480
	13408 12480
	13408 12512
	12864 12512
4
	14528 12480
	16384 12480
	16384 12512
	14528 12512
4
	0 12512
	4864 12512
	4864 12544
	0 12544
4
	8032 12512
	9312 12512
	9312 12544
	8032 12544
4
	12864 12512
	13408 12512
	13408 12544
	12864 12544
4
	14528 12512
	16384 12512
	16384 12544
	14528 12544
4
	0 12544
	4864 12544
	4864 12576
	0 12576
4
	8032 12544
	9312 12544
	9312 12576
	8032 12576
4
	12864 12544
	13408 12544
	13408 12576
	12864 12576
4
	14528 12544
	16384 12544
	16384 12576
	14528 12576
4
	0 12576
	5056 12576
	5056 12608
	0 12608
4
	7648 12576
	8960 12576
	8960 12608
	7648 12608
4
	12672 12576
	13248 12576
	13248 12608
	12672 12608
4
	14336 12576
	16384 12576
	16384 12608
	14336 12608
4
	0 12608
	5056 12608
	5056 12640
	0 12640
4
	7648 12608
	8960 12608
	8960 12640
	7648 12640
4
	12672 12608
	13248 12608
	13248 12640
	12672 12640
4
	14336 12608
	16384 12608
	16384 12640
	14336 12640
4
	0 12640
	5056 12640
	5056 12672
	0 12672
4
	7648 12640
	8960 12640
	8960 12672
	7648 12672
4
	12672 12640
	13248 12640
	13248 12672
	12672 12672
4
	14336 12640
	16384 12640
	16384 12672
	14336 12672
4
	0 12672
	5056 12672
	5056 12704
	0 12704
4
	7648 12672
	8960 12672
	8960 12704
	7648 12704
4
	12672 12672
	13248 12672
	13248 12704
	12672 12704
4
	14336 12672
	16384 12672
	16384 12704
	14336 12704
4
	0 12704
	5056 12704
	5056 12736
	0 12736
4
	7648 12704
	8960 12704
	8960 12736
	7648 12736
4
	12672 12704
	13248 12704
	13248 12736
	12672 12736
4
	14336 12704
	16384 12704
	16384 12736
	14336 12736
4
	0 12736
	5056 12736
	5056 12768
	0 12768
4
	7648 12736
	8960 12736
	8960 12768
	7648 12768
4
	12672 12736
	13248 12736
	13248 12768
	12672 12768
4
	14336 12736
	16384 12736
	16384 12768
	14336 12768
4
	0 12768
	5216 12768
	5216 12800
	0 12800
4
	7648 12768
	8960 12768
	8960 12800
	7648 12800
4
	12672 12768
	13248 12768
	13248 12800
	12672 12800
4
	14176 12768
	16384 12768
	16384 12800
	14176 12800
4
	0 12800
	5216 12800
	5216 12832
	0 12832
4
	7648 12800
	8960 12800
	8960 12832
	7648 12832
4
	12672 12800
	13248 12800
	13248 12832
	12672 12832
4
	14176 12800
	16384 12800
	16384 12832
	14176 12832
4
	0 12832
	5216 12832
	5216 12864
	0 12864
4
	7648 12832
	8960 12832
	8960 12864
	7648 12864
4
	12672 12832
	13248 12832
	13248 12864
	12672 12864
4
	14176 12832
	16384 12832
	16384 12864
	14176 12864
4
	0 12864
	5216 12864
	5216 12896
	0 12896
4
	7648 12864
	8960 12864
	8960 12896
	7648 12896
4
	12672 12864
	13248 12864
	13248 12896
	12672 12896
4
	14176 12864
	16384 12864
	16384 12896
	14176 12896
4
	0 12896
	5216 12896
	5216 12928
	0 12928
4
	7648 12896
	8960 12896
	8960 12928
	7648 12928
4
	12672 12896
	13248 12896
	13248 12928
	12672 12928
4
	14176 12896
	16384 12896
	16384 12928
	14176 12928
4
	0 12928
	5216 12928
	5216 12960
	0 12960
4
	7648 12928
	8960 12928
	8960 12960
	7648 12960
4
	12672 12928
	13248 12928
	13248 12960
	12672 12960
4
	14176 12928
	16384 12928
	16384 12960
	14176 12960
4
	0 12960
	5408 12960
	5408 12992
	0 12992
4
	7456 12960
	8768 12960
	8768 12992
	7456 12992
4
	13056 12960
	13408 12960
	13408 12992
	13056 12992
4
	13984 12960
	16384 12960
	16384 12992
	13984 12992
4
	0 12992
	5408 12992
	5408 13024
	0 13024
4
	7456 12992
	8768 12992
	8768 13024
	7456 13024
4
	13056 12992
	13408 12992
	13408 13024
	13056 13024
4
	13984 12992
	16384 12992
	16384 13024
	13984 13024
4
	0 13024
	5408 13024
	5408 13056
	0 13056
4
	7456 13024
	8768 13024
	8768 13056
	7456 13056
4
	13056 13024
	13408 13024
	13408 13056
	13056 13056
4
	13984 13024
	16384 13024
	16384 13056
	13984 13056
4
	0 13056
	5408 13056
	5408 13088
	0 13088
4
	7456 13056
	8768 13056
	8768 13088
	7456 13088
4
	13056 13056
	13408 13056
	13408 13088
	13056 13088
4
	13984 13056
	16384 13056
	16384 13088
	13984 13088
4
	0 13088
	5408 13088
	5408 13120
	0 13120
4
	7456 13088
	8768 13088
	8768 13120
	7456 13120
4
	13056 13088
	13408 13088
	13408 13120
	13056 13120
4
	13984 13088
	16384 13088
	16384 13120
	13984 13120
4
	0 13120
	5408 13120
	5408 13152
	0 13152
4
	7456 13120
	8768 13120
	8768 13152
	7456 13152
4
	13056 13120
	13408 13120
	13408 13152
	13056 13152
4
	13984 13120
	16384 13120
	16384 13152
	13984 13152
4
	0 13152
	5600 13152
	5600 13184
	0 13184
4
	7264 13152
	8576 13152
	8576 13184
	7264 13184
4
	13056 13152
	13600 13152
	13600 13184
	13056 13184
4
	13792 13152
	16384 13152
	16384 13184
	13792 13184
4
	0 13184
	5600 13184
	5600 13216
	0 13216
4
	7264 13184
	8576 13184
	8576 13216
	7264 13216
4
	13056 13184
	13600 13184
	13600 13216
	13056 13216
4
	13792 13184
	16384 13184
	16384 13216
	13792 13216
4
	0 13216
	5600 13216
	5600 13248
	0 13248
4
	7264 13216
	8576 13216
	8576 13248
	7264 13248
4
	13056 13216
	13600 13216
	13600 13248
	13056 13248
4
	13792 13216
	16384 13216
	16384 13248
	13792 13248
4
	0 13248
	5600 13248
	5600 13280
	0 13280
4
	7264 13248
	8576 13248
	8576 13280
	7264 13280
4
	13056 13248
	13600 13248
	13600 13280
	13056 13280
4
	13792 13248
	16384 13248
	16384 13280
	13792 13280
4
	0 13280
	5600 13280
	5600 13312
	0 13312
4
	7264 13280
	8576 13280
	8576 13312
	7264 13312
4
	13056 13280
	13600 13280
	13600 13312
	13056 13312
4
	13792 13280
	16384 13280
	16384 13312
	13792 13312
4
	0 13312
	5600 13312
	5600 13344
	0 13344
4
	7264 13312
	8576 13312
	8576 13344
	7264 13344
4
	13056 13312
	13600 13312
	13600 13344
	13056 13344
4
	13792 13312
	16384 13312
	16384 13344
	13792 13344
4
	0 13344
	5792 13344
	5792 13376
	0 13376
4
	6912 13344
	8192 13344
	8192 13376
	6912 13376
4
	10080 13344
	10240 13344
	10240 13376
	10080 13376
4
	13248 13344
	16384 13344
	16384 13376
	13248 13376
4
	0 13376
	5792 13376
	5792 13408
	0 13408
4
	6912 13376
	8192 13376
	8192 13408
	6912 13408
4
	10080 13376
	10240 13376
	10240 13408
	10080 13408
4
	13248 13376
	16384 13376
	16384 13408
	13248 13408
4
	0 13408
	5792 13408
	5792 13440
	0 13440
4
	6912 13408
	8192 13408
	8192 13440
	6912 13440
4
	10080 13408
	10240 13408
	10240 13440
	10080 13440
4
	13248 13408
	16384 13408
	16384 13440
	13248 13440
4
	0 13440
	5792 13440
	5792 13472
	0 13472
4
	6912 13440
	8192 13440
	8192 13472
	6912 13472
4
	10080 13440
	10240 13440
	10240 13472
	10080 13472
4
	13248 13440
	16384 13440
	16384 13472
	13248 13472
4
	0 13472
	5792 13472
	5792 13504
	0 13504
4
	6912 13472
	8192 13472
	8192 13504
	6912 13504
4
	10080 13472
	10240 13472
	10240 13504
	10080 13504
4
	13248 13472
	16384 13472
	16384 13504
	13248 13504
4
	0 13504
	5792 13504
	5792 13536
	0 13536
4
	6912 13504
	8192 13504
	8192 13536
	6912 13536
4
	10080 13504
	10240 13504
	10240 13536
	10080 13536
4
	13248 13504
	16384 13504
	16384 13536
	13248 13536
4
	0 13536
	5984 13536
	5984 13568
	0 13568
4
	6912 13536
	8192 13536
	8192 13568
	6912 13568
4
	9888 13536
	10240 13536
	10240 13568
	9888 13568
4
	13248 13536
	16384 13536
	16384 13568
	13248 13568
4
	0 13568
	5984 13568
	5984 13600
	0 13600
4
	6912 13568
	8192 13568
	8192 13600
	6912 13600
4
	9888 13568
	10240 13568
	10240 13600
	9888 13600
4
	13248 13568
	16384 13568
	16384 13600
	13248 13600
4
	0 13600
	5984 13600
	5984 13632
	0 13632
4
	6912 13600
	8192 13600
	8192 13632
	6912 13632
4
	9888 13600
	10240 13600
	10240 13632
	9888 13632
4
	13248 13600
	16384 13600
	16384 13632
	13248 13632
4
	0 13632
	5984 13632
	5984 13664
	0 13664
4
	6912 13632
	8192 13632
	8192 13664
	6912 13664
4
	9888 13632
	10240 13632
	10240 13664
	9888 13664
4
	13248 13632
	16384 13632
	16384 13664
	13248 13664
4
	0 13664
	5984 13664
	5984 13696
	0 13696
4
	6912 13664
	8192 13664
	8192 13696
	6912 13696
4
	9888 13664
	10240 13664
	10240 13696
	9888 13696
4
	13248 13664
	16384 13664
	16384 13696
	13248 13696
4
	0 13696
	5984 13696
	5984 13728
	0 13728
4
	6912 13696
	8192 13696
	8192 13728
	6912 13728
4
	9888 13696
	10240 13696
	10240 13728
	9888 13728
4
	13248 13696
	16384 13696
	16384 13728
	13248 13728
4
	0 13728
	6144 13728
	6144 13760
	0 13760
4
	6720 13728
	8032 13728
	8032 13760
	6720 13760
4
	10432 13728
	10624 13728
	10624 13760
	10432 13760
4
	13056 13728
	16384 13728
	16384 13760
	13056 13760
4
	0 13760
	6144 13760
	6144 13792
	0 13792
4
	6720 13760
	8032 13760
	8032 13792
	6720 13792
4
	10432 13760
	10624 13760
	10624 13792
	10432 13792
4
	13056 13760
	16384 13760
	16384 13792
	13056 13792
4
	0 13792
	6144 13792
	6144 13824
	0 13824
4
	6720 13792
	8032 13792
	8032 13824
	6720 13824
4
	10432 13792
	10624 13792
	10624 13824
	10432 13824
4
	13056 13792
	16384 13792
	16384 13824
	13056 13824
4
	0 13824
	6144 13824
	6144 13856
	0 13856
4
	6720 13824
	8032 13824
	8032 13856
	6720 13856
4
	10432 13824
	10624 13824
	10624 13856
	10432 13856
4
	13056 13824
	16384 13824
	16384 13856
	13056 13856
4
	0 13856
	6144 13856
	6144 13888
	0 13888
4
	6720 13856
	8032 13856
	8032 13888
	6720 13888
4
	10432 13856
	10624 13856
	10624 13888
	10432 13888
4
	13056 13856
	16384 13856
	16384 13888
	13056 13888
4
	0 13888
	6144 13888
	6144 13920
	0 13920
4
	6720 13888
	8032 13888
	8032 13920
	6720 13920
4
	10432 13888
	10624 13888
	10624 13920
	10432 13920
4
	13056 13888
	16384 13888
	16384 13920
	13056 13920
4
	0 13920
	6336 13920
	6336 13952
	0 13952
4
	6528 13920
	7456 13920
	7456 13952
	6528 13952
4
	9888 13920
	11008 13920
	11008 13952
	9888 13952
4
	12864 13920
	16384 13920
	16384 13952
	12864 13952
4
	0 13952
	6336 13952
	6336 13984
	0 13984
4
	6528 13952
	7456 13952
	7456 13984
	6528 13984
4
	9888 13952
	11008 13952
	11008 13984
	9888 13984
4
	12864 13952
	16384 13952
	16384 13984
	12864 13984
4
	0 13984
	6336 13984
	6336 14016
	0 14016
4
	6528 13984
	7456 13984
	7456 14016
	6528 14016
4
	9888 13984
	11008 13984
	11008 14016
	9888 14016
4
	12864 13984
	16384 13984
	16384 14016
	12864 14016
4
	0 14016
	6336 14016
	6336 14048
	0 14048
4
	6528 14016
	7456 14016
	7456 14048
	6528 14048
4
	9888 14016
	11008 14016
	11008 14048
	9888 14048
4
	12864 14016
	16384 14016
	16384 14048
	12864 14048
4
	0 14048
	6336 14048
	6336 14080
	0 14080
4
	6528 14048
	7456 14048
	7456 14080
	6528 14080
4
	9888 14048
	11008 14048
	11008 14080
	9888 14080
4
	12864 14048
	16384 14048
	16384 14080
	12864 14080
4
	0 14080
	6336 14080
	6336 14112
	0 14112
4
	6528 14080
	7456 14080
	7456 14112
	6528 14112
4
	9888 14080
	11008 14080
	11008 14112
	9888 14112
4
	12864 14080
	16384 14080
	16384 14112
	12864 14112
4
	0 14112
	7264 14112
	7264 14144
	0 14144
4
	9696 14112
	11200 14112
	11200 14144
	9696 14144
4
	12672 14112
	16384 14112
	16384 14144
	12672 14144
4
	0 14144
	7264 14144
	7264 14176
	0 14176
4
	9696 14144
	11200 14144
	11200 14176
	9696 14176
4
	12672 14144
	16384 14144
	16384 14176
	12672 14176
4
	0 14176
	7264 14176
	7264 14208
	0 14208
4
	9696 14176
	11200 14176
	11200 14208
	9696 14208
4
	12672 14176
	16384 14176
	16384 14208
	12672 14208
4
	0 14208
	7264 14208
	7264 14240
	0 14240
4
	9696 14208
	11200 14208
	11200 14240
	9696 14240
4
	12672 14208
	16384 14208
	16384 14240
	12672 14240
4
	0 14240
	7264 14240
	7264 14272
	0 14272
4
	9696 14240
	11200 14240
	11200 14272
	9696 14272
4
	12672 14240
	16384 14240
	16384 14272
	12672 14272
4
	0 14272
	7264 14272
	7264 14304
	0 14304
4
	9696 14272
	11200 14272
	11200 14304
	9696 14304
4
	12672 14272
	16384 14272
	16384 14304
	12672 14304
4
	0 14304
	7104 14304
	7104 14336
	0 14336
4
	9504 14304
	11360 14304
	11360 14336
	9504 14336
4
	12480 14304
	16384 14304
	16384 14336
	12480 14336
4
	0 14336
	7104 14336
	7104 14368
	0 14368
4
	9504 14336
	11360 14336
	11360 14368
	9504 14368
4
	12480 14336
	16384 14336
	16384 14368
	12480 14368
4
	0 14368
	7104 14368
	7104 14400
	0 14400
4
	9504 14368
	11360 14368
	11360 14400
	9504 14400
4
	12480 14368
	16384 14368
	16384 14400
	12480 14400
4
	0 14400
	7104 14400
	7104 14432
	0 14432
4
	9504 14400
	11360 14400
	11360 14432
	9504 14432
4
	12480 14400
	16384 14400
	16384 14432
	12480 14432
4
	0 14432
	7104 14432
	7104 14464
	0 14464
4
	9504 14432
	11360 14432
	11360 14464
	9504 14464
4
	12480 14432
	16384 14432
	16384 14464
	12480 14464
4
	0 14464
	7104 14464
	7104 14496
	0 14496
4
	9504 14464
	11360 14464
	11360 14496
	9504 14496
4
	12480 14464
	16384 14464
	16384 14496
	12480 14496
4
	0 14496
	6912 14496
	6912 14528
	0 14528
4
	9504 14496
	11552 14496
	11552 14528
	9504 14528
4
	12288 14496
	16384 14496
	16384 14528
	12288 14528
4
	0 14528
	6912 14528
	6912 14560
	0 14560
4
	9504 14528
	11552 14528
	11552 14560
	9504 14560
4
	12288 14528
	16384 14528
	16384 14560
	12288 14560
4
	0 14560
	6912 14560
	6912 14592
	0 14592
4
	9504 14560
	11552 14560
	11552 14592
	9504 14592
4
	12288 14560
	16384 14560
	16384 14592
	12288 14592
4
	0 14592
	6912 14592
	6912 14624
	0 14624
4
	9504 14592
	11552 14592
	11552 14624
	9504 14624
4
	12288 14592
	16384 14592
	16384 14624
	12288 14624
4
	0 14624
	6912 14624
	6912 14656
	0 14656
4
	9504 14624
	11552 14624
	11552 14656
	9504 14656
4
	12288 14624
	16384 14624
	16384 14656
	12288 14656
4
	0 14656
	6912 14656
	6912 14688
	0 14688
4
	9504 14656
	11552 14656
	11552 14688
	9504 14688
4
	12288 14656
	16384 14656
	16384 14688
	12288 14688
4
	0 14688
	7104 14688
	7104 14720
	0 14720
4
	9888 14688
	11744 14688
	11744 14720
	9888 14720
4
	12128 14688
	16384 14688
	16384 14720
	12128 14720
4
	0 14720
	7104 14720
	7104 14752
	0 14752
4
	9888 14720
	11744 14720
	11744 14752
	9888 14752
4
	12128 14720
	16384 14720
	16384 14752
	12128 14752
4
	0 14752
	7104 14752
	7104 14784
	0 14784
4
	9888 14752
	11744 14752
	11744 14784
	9888 14784
4
	12128 14752
	16384 14752
	16384 14784
	12128 14784
4
	0 14784
	7104 14784
	7104 14816
	0 14816
4
	9888 14784
	11744 14784
	11744 14816
	9888 14816
4
	12128 14784
	16384 14784
	16384 14816
	12128 14816
4
	0 14816
	7104 14816
	7104 14848
	0 14848
4
	9888 14816
	11744 14816
	11744 14848
	9888 14848
4
	12128 14816
	16384 14816
	16384 14848
	12128 14848
4
	0 14848
	7104 14848
	7104 14880
	0 14880
4
	9888 14848
	11744 14848
	11744 14880
	9888 14880
4
	12128 14848
	16384 14848
	16384 14880
	12128 14880
4
	0 14880
	7264 14880
	7264 14912
	0 14912
4
	10816 14880
	16384 14880
	16384 14912
	10816 14912
4
	0 14912
	7264 14912
	7264 14944
	0 14944
4
	10816 14912
	16384 14912
	16384 14944
	10816 14944
4
	0 14944
	7264 14944
	7264 14976
	0 14976
4
	10816 14944
	16384 14944
	16384 14976
	10816 14976
4
	0 14976
	7264 14976
	7264 15008
	0 15008
4
	10816 14976
	16384 14976
	16384 15008
	10816 15008
4
	0 15008
	7264 15008
	7264 15040
	0 15040
4
	10816 15008
	16384 15008
	16384 15040
	10816 15040
4
	0 15040
	7264 15040
	7264 15072
	0 15072
4
	10816 15040
	16384 15040
	16384 15072
	10816 15072
4
	0 15072
	7456 15072
	7456 15104
	0 15104
4
	11008 15072
	16384 15072
	16384 15104
	11008 15104
4
	0 15104
	7456 15104
	7456 15136
	0 15136
4
	11008 15104
	16384 15104
	16384 15136
	11008 15136
4
	0 15136
	7456 15136
	7456 15168
	0 15168
4
	11008 15136
	16384 15136
	16384 15168
	11008 15168
4
	0 15168
	7456 15168
	7456 15200
	0 15200
4
	11008 15168
	16384 15168
	16384 15200
	11008 15200
4
	0 15200
	7456 15200
	7456 15232
	0 15232
4
	11008 15200
	16384 15200
	16384 15232
	11008 15232
4
	0 15232
	7456 15232
	7456 15264
	0 15264
4
	11008 15232
	16384 15232
	16384 15264
	11008 15264
4
	0 15264
	7648 15264
	7648 15296
	0 15296
4
	11200 15264
	16384 15264
	16384 15296
	11200 15296
4
	0 15296
	7648 15296
	7648 15328
	0 15328
4
	11200 15296
	16384 15296
	16384 15328
	11200 15328
4
	0 15328
	7648 15328
	7648 15360
	0 15360
4
	11200 15328
	16384 15328
	16384 15360
	11200 15360
4
	0 15360
	7648 15360
	7648 15392
	0 15392
4
	11200 15360
	16384 15360
	16384 15392
	11200 15392
4
	0 15392
	7648 15392
	7648 15424
	0 15424
4
	11200 15392
	16384 15392
	16384 15424
	11200 15424
4
	0 15424
	7648 15424
	7648 15456
	0 15456
4
	11200 15424
	16384 15424
	16384 15456
	11200 15456
4
	0 15456
	7840 15456
	7840 15488
	0 15488
4
	11360 15456
	16384 15456
	16384 15488
	11360 15488
4
	0 15488
	7840 15488
	7840 15520
	0 15520
4
	11360 15488
	16384 15488
	16384 15520
	11360 15520
4
	0 15520
	7840 15520
	7840 15552
	0 15552
4
	11360 15520
	16384 15520
	16384 15552
	11360 15552
4
	0 15552
	7840 15552
	7840 15584
	0 15584
4
	11360 15552
	16384 15552
	16384 15584
	11360 15584
4
	0 15584
	7840 15584
	7840 15616
	0 15616
4
	11360 15584
	16384 15584
	16384 15616
	11360 15616
4
	0 15616
	7840 15616
	7840 15648
	0 15648
4
	11360 15616
	16384 15616
	16384 15648
	11360 15648
4
	0 15648
	8032 15648
	8032 15680
	0 15680
4
	11200 15648
	16384 15648
	16384 15680
	11200 15680
4
	0 15680
	8032 15680
	8032 15712
	0 15712
4
	11200 15680
	16384 15680
	16384 15712
	11200 15712
4
	0 15712
	8032 15712
	8032 15744
	0 15744
4
	11200 15712
	16384 15712
	16384 15744
	11200 15744
4
	0 15744
	8032 15744
	8032 15776
	0 15776
4
	11200 15744
	16384 15744
	16384 15776
	11200 15776
4
	0 15776
	8032 15776
	8032 15808
	0 15808
4
	11200 15776
	16384 15776
	16384 15808
	11200 15808
4
	0 15808
	8032 15808
	8032 15840
	0 15840
4
	11200 15808
	16384 15808
	16384 15840
	11200 15840
4
	0 15840
	8192 15840
	8192 15872
	0 15872
4
	11008 15840
	16384 15840
	16384 15872
	11008 15872
4
	0 15872
	8192 15872
	8192 15904
	0 15904
4
	11008 15872
	16384 15872
	16384 15904
	11008 15904
4
	0 15904
	8192 15904
	8192 15936
	0 15936
4
	11008 15904
	16384 15904
	16384 15936
	11008 15936
4
	0 15936
	8192 15936
	8192 15968
	0 15968
4
	11008 15936
	16384 15936
	16384 15968
	11008 15968
4
	0 15968
	8192 15968
	8192 16000
	0 16000
4
	11008 15968
	16384 15968
	16384 16000
	11008 16000
4
	0 16000
	8192 16000
	8192 16032
	0 16032
4
	11008 16000
	16384 16000
	16384 16032
	11008 16032
4
	0 16032
	8384 16032
	8384 16064
	0 16064
4
	10816 16032
	16384 16032
	16384 16064
	10816 16064
4
	0 16064
	8384 16064
	8384 16096
	0 16096
4
	10816 16064
	16384 16064
	16384 16096
	10816 16096
4
	0 16096
	8384 16096
	8384 16128
	0 16128
4
	10816 16096
	16384 16096
	16384 16128
	10816 16128
4
	0 16128
	8384 16128
	8384 16160
	0 16160
4
	10816 16128
	16384 16128
	16384 16160
	10816 16160
4
	0 16160
	8384 16160
	8384 16192
	0 16192
4
	10816 16160
	16384 16160
	16384 16192
	10816 16192
4
	0 16192
	8384 16192
	8384 16224
	0 16224
4
	10816 16192
	16384 16192
	16384 16224
	10816 16224
4
	0 16224
	16384 16224
	16384 16256
	0 16256
4
	0 16256
	16384 16256
	16384 16288
	0 16288
4
	0 16288
	16384 16288
	16384 16320
	0 16320
4
	0 16320
	16384 16320
	16384 16352
	0 16352
4
	0 16352
	16384 16352
	16384 16384
	0 16384
4
	-32 -32
	16416 -32
	16416 0
	-32 0
4
	-32 16384
	16416 16384
	16416 16416
	-32 16416
4
	-32 0
	0 0
	0 16384
	-32 16384
4
	16384 0
	16416 0
	16416 16384
	16384 16384
