1212
4
	0 0
	16384 0
	16384 32
	0 32
4
	0 32
	16384 32
	16384 64
	0 64
4
	0 64
	16384 64
	16384 96
	0 96
4
	0 96
	16384 96
	16384 128
	0 128
4
	0 128
	16384 128
	16384 160
	0 160
4
	0 160
	16384 160
	16384 192
	0 192
4
	0 192
	16384 192
	16384 224
	0 224
4
	0 224
	16384 224
	16384 256
	0 256
4
	0 256
	16384 256
	16384 288
	0 288
4
	0 288
	16384 288
	16384 320
	0 320
4
	0 320
	16384 320
	16384 352
	0 352
4
	0 352
	16384 352
	16384 384
	0 384
4
	0 384
	16384 384
	16384 416
	0 416
4
	0 416
	16384 416
	16384 448
	0 448
4
	0 448
	16384 448
	16384 480
	0 480
4
	0 480
	16384 480
	16384 512
	0 512
4
	0 512
	16384 512
	16384 544
	0 544
4
	0 544
	16384 544
	16384 576
	0 576
4
	0 576
	16384 576
	16384 608
	0 608
4
	0 608
	16384 608
	16384 640
	0 640
4
	0 640
	16384 640
	16384 672
	0 672
4
	0 672
	16384 672
	16384 704
	0 704
4
	0 704
	16384 704
	16384 736
	0 736
4
	0 736
	16384 736
	16384 768
	0 768
4
	0 768
	16384 768
	16384 800
	0 800
4
	0 800
	16384 800
	16384 832
	0 832
4
	0 832
	16384 832
	16384 864
	0 864
4
	0 864
	16384 864
	16384 896
	0 896
4
	0 896
	16384 896
	16384 928
	0 928
4
	0 928
	16384 928
	16384 960
	0 960
4
	0 960
	16384 960
	16384 992
	0 992
4
	0 992
	16384 992
	16384 1024
	0 1024
4
	0 1024
	16384 1024
	16384 1056
	0 1056
4
	0 1056
	16384 1056
	16384 1088
	0 1088
4
	0 1088
	16384 1088
	16384 1120
	0 1120
4
	0 1120
	16384 1120
	16384 1152
	0 1152
4
	0 1152
	16384 1152
	16384 1184
	0 1184
4
	0 1184
	16384 1184
	16384 1216
	0 1216
4
	0 1216
	16384 1216
	16384 1248
	0 1248
4
	0 1248
	16384 1248
	16384 1280
	0 1280
4
	0 1280
	16384 1280
	16384 1312
	0 1312
4
	0 1312
	16384 1312
	16384 1344
	0 1344
4
	0 1344
	16384 1344
	16384 1376
	0 1376
4
	0 1376
	16384 1376
	16384 1408
	0 1408
4
	0 1408
	16384 1408
	16384 1440
	0 1440
4
	0 1440
	16384 1440
	16384 1472
	0 1472
4
	0 1472
	16384 1472
	16384 1504
	0 1504
4
	0 1504
	16384 1504
	16384 1536
	0 1536
4
	0 1536
	16384 1536
	16384 1568
	0 1568
4
	0 1568
	16384 1568
	16384 1600
	0 1600
4
	0 1600
	16384 1600
	16384 1632
	0 1632
4
	0 1632
	16384 1632
	16384 1664
	0 1664
4
	0 1664
	16384 1664
	16384 1696
	0 1696
4
	0 1696
	16384 1696
	16384 1728
	0 1728
4
	0 1728
	16384 1728
	16384 1760
	0 1760
4
	0 1760
	16384 1760
	16384 1792
	0 1792
4
	0 1792
	16384 1792
	16384 1824
	0 1824
4
	0 1824
	16384 1824
	16384 1856
	0 1856
4
	0 1856
	16384 1856
	16384 1888
	0 1888
4
	0 1888
	16384 1888
	16384 1920
	0 1920
4
	0 1920
	16384 1920
	16384 1952
	0 1952
4
	0 1952
	16384 1952
	16384 1984
	0 1984
4
	0 1984
	16384 1984
	16384 2016
	0 2016
4
	0 2016
	16384 2016
	16384 2048
	0 2048
4
	0 2048
	16384 2048
	16384 2080
	0 2080
4
	0 2080
	16384 2080
	16384 2112
	0 2112
4
	0 2112
	16384 2112
	16384 2144
	0 2144
4
	0 2144
	16384 2144
	16384 2176
	0 2176
4
	0 2176
	16384 2176
	16384 2208
	0 2208
4
	0 2208
	16384 2208
	16384 2240
	0 2240
4
	0 2240
	16384 2240
	16384 2272
	0 2272
4
	0 2272
	16384 2272
	16384 2304
	0 2304
4
	0 2304
	16384 2304
	16384 2336
	0 2336
4
	0 2336
	16384 2336
	16384 2368
	0 2368
4
	0 2368
	16384 2368
	16384 2400
	0 2400
4
	0 2400
	16384 2400
	16384 2432
	0 2432
4
	0 2432
	16384 2432
	16384 2464
	0 2464
4
	0 2464
	16384 2464
	16384 2496
	0 2496
4
	0 2496
	16384 2496
	16384 2528
	0 2528
4
	0 2528
	16384 2528
	16384 2560
	0 2560
4
	0 2560
	16384 2560
	16384 2592
	0 2592
4
	0 2592
	16384 2592
	16384 2624
	0 2624
4
	0 2624
	16384 2624
	16384 2656
	0 2656
4
	0 2656
	16384 2656
	16384 2688
	0 2688
4
	0 2688
	16384 2688
	16384 2720
	0 2720
4
	0 2720
	16384 2720
	16384 2752
	0 2752
4
	0 2752
	16384 2752
	16384 2784
	0 2784
4
	0 2784
	16384 2784
	16384 2816
	0 2816
4
	0 2816
	16384 2816
	16384 2848
	0 2848
4
	0 2848
	16384 2848
	16384 2880
	0 2880
4
	0 2880
	16384 2880
	16384 2912
	0 2912
4
	0 2912
	16384 2912
	16384 2944
	0 2944
4
	0 2944
	16384 2944
	16384 2976
	0 2976
4
	0 2976
	16384 2976
	16384 3008
	0 3008
4
	0 3008
	16384 3008
	16384 3040
	0 3040
4
	0 3040
	16384 3040
	16384 3072
	0 3072
4
	0 3072
	16384 3072
	16384 3104
	0 3104
4
	0 3104
	16384 3104
	16384 3136
	0 3136
4
	0 3136
	16384 3136
	16384 3168
	0 3168
4
	0 3168
	16384 3168
	16384 3200
	0 3200
4
	0 3200
	16384 3200
	16384 3232
	0 3232
4
	0 3232
	16384 3232
	16384 3264
	0 3264
4
	0 3264
	16384 3264
	16384 3296
	0 3296
4
	0 3296
	16384 3296
	16384 3328
	0 3328
4
	0 3328
	16384 3328
	16384 3360
	0 3360
4
	0 3360
	16384 3360
	16384 3392
	0 3392
4
	0 3392
	16384 3392
	16384 3424
	0 3424
4
	0 3424
	16384 3424
	16384 3456
	0 3456
4
	0 3456
	16384 3456
	16384 3488
	0 3488
4
	0 3488
	16384 3488
	16384 3520
	0 3520
4
	0 3520
	16384 3520
	16384 3552
	0 3552
4
	0 3552
	16384 3552
	16384 3584
	0 3584
4
	0 3584
	16384 3584
	16384 3616
	0 3616
4
	0 3616
	16384 3616
	16384 3648
	0 3648
4
	0 3648
	16384 3648
	16384 3680
	0 3680
4
	0 3680
	16384 3680
	16384 3712
	0 3712
4
	0 3712
	16384 3712
	16384 3744
	0 3744
4
	0 3744
	16384 3744
	16384 3776
	0 3776
4
	0 3776
	16384 3776
	16384 3808
	0 3808
4
	0 3808
	16384 3808
	16384 3840
	0 3840
4
	0 3840
	16384 3840
	16384 3872
	0 3872
4
	0 3872
	16384 3872
	16384 3904
	0 3904
4
	0 3904
	12512 3904
	12512 3936
	0 3936
4
	12928 3904
	16384 3904
	16384 3936
	12928 3936
4
	0 3936
	12512 3936
	12512 3968
	0 3968
4
	12928 3936
	16384 3936
	16384 3968
	12928 3968
4
	0 3968
	12512 3968
	12512 4000
	0 4000
4
	12928 3968
	16384 3968
	16384 4000
	12928 4000
4
	0 4000
	12512 4000
	12512 4032
	0 4032
4
	12928 4000
	16384 4000
	16384 4032
	12928 4032
4
	0 4032
	12512 4032
	12512 4064
	0 4064
4
	12928 4032
	16384 4032
	16384 4064
	12928 4064
4
	0 4064
	12512 4064
	12512 4096
	0 4096
4
	12928 4064
	16384 4064
	16384 4096
	12928 4096
4
	0 4096
	12288 4096
	12288 4128
	0 4128
4
	13120 4096
	16384 4096
	16384 4128
	13120 4128
4
	0 4128
	12288 4128
	12288 4160
	0 4160
4
	13120 4128
	16384 4128
	16384 4160
	13120 4160
4
	0 4160
	12288 4160
	12288 4192
	0 4192
4
	13120 4160
	16384 4160
	16384 4192
	13120 4192
4
	0 4192
	12288 4192
	12288 4224
	0 4224
4
	13120 4192
	16384 4192
	16384 4224
	13120 4224
4
	0 4224
	12288 4224
	12288 4256
	0 4256
4
	13120 4224
	16384 4224
	16384 4256
	13120 4256
4
	0 4256
	12288 4256
	12288 4288
	0 4288
4
	13120 4256
	16384 4256
	16384 4288
	13120 4288
4
	0 4288
	12288 4288
	12288 4320
	0 4320
4
	13120 4288
	16384 4288
	16384 4320
	13120 4320
4
	0 4320
	12288 4320
	12288 4352
	0 4352
4
	13312 4320
	16384 4320
	16384 4352
	13312 4352
4
	0 4352
	12288 4352
	12288 4384
	0 4384
4
	13312 4352
	16384 4352
	16384 4384
	13312 4384
4
	0 4384
	12288 4384
	12288 4416
	0 4416
4
	13312 4384
	16384 4384
	16384 4416
	13312 4416
4
	0 4416
	12288 4416
	12288 4448
	0 4448
4
	13312 4416
	16384 4416
	16384 4448
	13312 4448
4
	0 4448
	12288 4448
	12288 4480
	0 4480
4
	13312 4448
	16384 4448
	16384 4480
	13312 4480
4
	0 4480
	12288 4480
	12288 4512
	0 4512
4
	13312 4480
	16384 4480
	16384 4512
	13312 4512
4
	0 4512
	12096 4512
	12096 4544
	0 4544
4
	13536 4512
	16384 4512
	16384 4544
	13536 4544
4
	0 4544
	12096 4544
	12096 4576
	0 4576
4
	13536 4544
	16384 4544
	16384 4576
	13536 4576
4
	0 4576
	12096 4576
	12096 4608
	0 4608
4
	13536 4576
	16384 4576
	16384 4608
	13536 4608
4
	0 4608
	12096 4608
	12096 4640
	0 4640
4
	13536 4608
	16384 4608
	16384 4640
	13536 4640
4
	0 4640
	12096 4640
	12096 4672
	0 4672
4
	13536 4640
	16384 4640
	16384 4672
	13536 4672
4
	0 4672
	12096 4672
	12096 4704
	0 4704
4
	13536 4672
	16384 4672
	16384 4704
	13536 4704
4
	0 4704
	12096 4704
	12096 4736
	0 4736
4
	13536 4704
	16384 4704
	16384 4736
	13536 4736
4
	0 4736
	6784 4736
	6784 4768
	0 4768
4
	6976 4736
	11904 4736
	11904 4768
	6976 4768
4
	13728 4736
	16384 4736
	16384 4768
	13728 4768
4
	0 4768
	6784 4768
	6784 4800
	0 4800
4
	6976 4768
	11904 4768
	11904 4800
	6976 4800
4
	13728 4768
	16384 4768
	16384 4800
	13728 4800
4
	0 4800
	6784 4800
	6784 4832
	0 4832
4
	6976 4800
	11904 4800
	11904 4832
	6976 4832
4
	13728 4800
	16384 4800
	16384 4832
	13728 4832
4
	0 4832
	6784 4832
	6784 4864
	0 4864
4
	6976 4832
	11904 4832
	11904 4864
	6976 4864
4
	13728 4832
	16384 4832
	16384 4864
	13728 4864
4
	0 4864
	6784 4864
	6784 4896
	0 4896
4
	6976 4864
	11904 4864
	11904 4896
	6976 4896
4
	13728 4864
	16384 4864
	16384 4896
	13728 4896
4
	0 4896
	6784 4896
	6784 4928
	0 4928
4
	6976 4896
	11904 4896
	11904 4928
	6976 4928
4
	13728 4896
	16384 4896
	16384 4928
	13728 4928
4
	0 4928
	6560 4928
	6560 4960
	0 4960
4
	7168 4928
	11680 4928
	11680 4960
	7168 4960
4
	13952 4928
	16384 4928
	16384 4960
	13952 4960
4
	0 4960
	6560 4960
	6560 4992
	0 4992
4
	7168 4960
	11680 4960
	11680 4992
	7168 4992
4
	13952 4960
	16384 4960
	16384 4992
	13952 4992
4
	0 4992
	6560 4992
	6560 5024
	0 5024
4
	7168 4992
	11680 4992
	11680 5024
	7168 5024
4
	13952 4992
	16384 4992
	16384 5024
	13952 5024
4
	0 5024
	6560 5024
	6560 5056
	0 5056
4
	7168 5024
	11680 5024
	11680 5056
	7168 5056
4
	13952 5024
	16384 5024
	16384 5056
	13952 5056
4
	0 5056
	6560 5056
	6560 5088
	0 5088
4
	7168 5056
	11680 5056
	11680 5088
	7168 5088
4
	13952 5056
	16384 5056
	16384 5088
	13952 5088
4
	0 5088
	6560 5088
	6560 5120
	0 5120
4
	7168 5088
	11680 5088
	11680 5120
	7168 5120
4
	13952 5088
	16384 5088
	16384 5120
	13952 5120
4
	0 5120
	6144 5120
	6144 5152
	0 5152
4
	7392 5120
	11488 5120
	11488 5152
	7392 5152
4
	14144 5120
	16384 5120
	16384 5152
	14144 5152
4
	0 5152
	6144 5152
	6144 5184
	0 5184
4
	7392 5152
	11488 5152
	11488 5184
	7392 5184
4
	14144 5152
	16384 5152
	16384 5184
	14144 5184
4
	0 5184
	6144 5184
	6144 5216
	0 5216
4
	7392 5184
	11488 5184
	11488 5216
	7392 5216
4
	14144 5184
	16384 5184
	16384 5216
	14144 5216
4
	0 5216
	6144 5216
	6144 5248
	0 5248
4
	7392 5216
	11488 5216
	11488 5248
	7392 5248
4
	14144 5216
	16384 5216
	16384 5248
	14144 5248
4
	0 5248
	6144 5248
	6144 5280
	0 5280
4
	7392 5248
	11488 5248
	11488 5280
	7392 5280
4
	14144 5248
	16384 5248
	16384 5280
	14144 5280
4
	0 5280
	6144 5280
	6144 5312
	0 5312
4
	7392 5280
	11488 5280
	11488 5312
	7392 5312
4
	14144 5280
	16384 5280
	16384 5312
	14144 5312
4
	0 5312
	6144 5312
	6144 5344
	0 5344
4
	7392 5312
	11488 5312
	11488 5344
	7392 5344
4
	14144 5312
	16384 5312
	16384 5344
	14144 5344
4
	0 5344
	5760 5344
	5760 5376
	0 5376
4
	7392 5344
	11264 5344
	11264 5376
	7392 5376
4
	14144 5344
	16384 5344
	16384 5376
	14144 5376
4
	0 5376
	5760 5376
	5760 5408
	0 5408
4
	7392 5376
	11264 5376
	11264 5408
	7392 5408
4
	14144 5376
	16384 5376
	16384 5408
	14144 5408
4
	0 5408
	5760 5408
	5760 5440
	0 5440
4
	7392 5408
	11264 5408
	11264 5440
	7392 5440
4
	14144 5408
	16384 5408
	16384 5440
	14144 5440
4
	0 5440
	5760 5440
	5760 5472
	0 5472
4
	7392 5440
	11264 5440
	11264 5472
	7392 5472
4
	14144 5440
	16384 5440
	16384 5472
	14144 5472
4
	0 5472
	5760 5472
	5760 5504
	0 5504
4
	7392 5472
	11264 5472
	11264 5504
	7392 5504
4
	14144 5472
	16384 5472
	16384 5504
	14144 5504
4
	0 5504
	5760 5504
	5760 5536
	0 5536
4
	7392 5504
	11264 5504
	11264 5536
	7392 5536
4
	14144 5504
	16384 5504
	16384 5536
	14144 5536
4
	0 5536
	5344 5536
	5344 5568
	0 5568
4
	7392 5536
	11072 5536
	11072 5568
	7392 5568
4
	13952 5536
	16384 5536
	16384 5568
	13952 5568
4
	0 5568
	5344 5568
	5344 5600
	0 5600
4
	7392 5568
	11072 5568
	11072 5600
	7392 5600
4
	13952 5568
	16384 5568
	16384 5600
	13952 5600
4
	0 5600
	5344 5600
	5344 5632
	0 5632
4
	7392 5600
	11072 5600
	11072 5632
	7392 5632
4
	13952 5600
	16384 5600
	16384 5632
	13952 5632
4
	0 5632
	5344 5632
	5344 5664
	0 5664
4
	7392 5632
	11072 5632
	11072 5664
	7392 5664
4
	13952 5632
	16384 5632
	16384 5664
	13952 5664
4
	0 5664
	5344 5664
	5344 5696
	0 5696
4
	7392 5664
	11072 5664
	11072 5696
	7392 5696
4
	13952 5664
	16384 5664
	16384 5696
	13952 5696
4
	0 5696
	5344 5696
	5344 5728
	0 5728
4
	7392 5696
	11072 5696
	11072 5728
	7392 5728
4
	13952 5696
	16384 5696
	16384 5728
	13952 5728
4
	0 5728
	5344 5728
	5344 5760
	0 5760
4
	7392 5728
	11072 5728
	11072 5760
	7392 5760
4
	13952 5728
	16384 5728
	16384 5760
	13952 5760
4
	0 5760
	5536 5760
	5536 5792
	0 5792
4
	7584 5760
	8608 5760
	8608 5792
	7584 5792
4
	9024 5760
	10880 5760
	10880 5792
	9024 5792
4
	13728 5760
	16384 5760
	16384 5792
	13728 5792
4
	0 5792
	5536 5792
	5536 5824
	0 5824
4
	7584 5792
	8608 5792
	8608 5824
	7584 5824
4
	9024 5792
	10880 5792
	10880 5824
	9024 5824
4
	13728 5792
	16384 5792
	16384 5824
	13728 5824
4
	0 5824
	5536 5824
	5536 5856
	0 5856
4
	7584 5824
	8608 5824
	8608 5856
	7584 5856
4
	9024 5824
	10880 5824
	10880 5856
	9024 5856
4
	13728 5824
	16384 5824
	16384 5856
	13728 5856
4
	0 5856
	5536 5856
	5536 5888
	0 5888
4
	7584 5856
	8608 5856
	8608 5888
	7584 5888
4
	9024 5856
	10880 5856
	10880 5888
	9024 5888
4
	13728 5856
	16384 5856
	16384 5888
	13728 5888
4
	0 5888
	5536 5888
	5536 5920
	0 5920
4
	7584 5888
	8608 5888
	8608 5920
	7584 5920
4
	9024 5888
	10880 5888
	10880 5920
	9024 5920
4
	13728 5888
	16384 5888
	16384 5920
	13728 5920
4
	0 5920
	5536 5920
	5536 5952
	0 5952
4
	7584 5920
	8608 5920
	8608 5952
	7584 5952
4
	9024 5920
	10880 5920
	10880 5952
	9024 5952
4
	13728 5920
	16384 5920
	16384 5952
	13728 5952
4
	0 5952
	5536 5952
	5536 5984
	0 5984
4
	7808 5952
	8416 5952
	8416 5984
	7808 5984
4
	9216 5952
	10656 5952
	10656 5984
	9216 5984
4
	13536 5952
	16384 5952
	16384 5984
	13536 5984
4
	0 5984
	5536 5984
	5536 6016
	0 6016
4
	7808 5984
	8416 5984
	8416 6016
	7808 6016
4
	9216 5984
	10656 5984
	10656 6016
	9216 6016
4
	13536 5984
	16384 5984
	16384 6016
	13536 6016
4
	0 6016
	5536 6016
	5536 6048
	0 6048
4
	7808 6016
	8416 6016
	8416 6048
	7808 6048
4
	9216 6016
	10656 6016
	10656 6048
	9216 6048
4
	13536 6016
	16384 6016
	16384 6048
	13536 6048
4
	0 6048
	5536 6048
	5536 6080
	0 6080
4
	7808 6048
	8416 6048
	8416 6080
	7808 6080
4
	9216 6048
	10656 6048
	10656 6080
	9216 6080
4
	13536 6048
	16384 6048
	16384 6080
	13536 6080
4
	0 6080
	5536 6080
	5536 6112
	0 6112
4
	7808 6080
	8416 6080
	8416 6112
	7808 6112
4
	9216 6080
	10656 6080
	10656 6112
	9216 6112
4
	13536 6080
	16384 6080
	16384 6112
	13536 6112
4
	0 6112
	5536 6112
	5536 6144
	0 6144
4
	7808 6112
	8416 6112
	8416 6144
	7808 6144
4
	9216 6112
	10656 6112
	10656 6144
	9216 6144
4
	13536 6112
	16384 6112
	16384 6144
	13536 6144
4
	0 6144
	5344 6144
	5344 6176
	0 6176
4
	9440 6144
	10464 6144
	10464 6176
	9440 6176
4
	13312 6144
	16384 6144
	16384 6176
	13312 6176
4
	0 6176
	5344 6176
	5344 6208
	0 6208
4
	9440 6176
	10464 6176
	10464 6208
	9440 6208
4
	13312 6176
	16384 6176
	16384 6208
	13312 6208
4
	0 6208
	5344 6208
	5344 6240
	0 6240
4
	9440 6208
	10464 6208
	10464 6240
	9440 6240
4
	13312 6208
	16384 6208
	16384 6240
	13312 6240
4
	0 6240
	5344 6240
	5344 6272
	0 6272
4
	9440 6240
	10464 6240
	10464 6272
	9440 6272
4
	13312 6240
	16384 6240
	16384 6272
	13312 6272
4
	0 6272
	5344 6272
	5344 6304
	0 6304
4
	9440 6272
	10464 6272
	10464 6304
	9440 6304
4
	13312 6272
	16384 6272
	16384 6304
	13312 6304
4
	0 6304
	5344 6304
	5344 6336
	0 6336
4
	9440 6304
	10464 6304
	10464 6336
	9440 6336
4
	13312 6304
	16384 6304
	16384 6336
	13312 6336
4
	0 6336
	5344 6336
	5344 6368
	0 6368
4
	9440 6336
	10464 6336
	10464 6368
	9440 6368
4
	13312 6336
	16384 6336
	16384 6368
	13312 6368
4
	0 6368
	5120 6368
	5120 6400
	0 6400
4
	8608 6368
	10240 6368
	10240 6400
	8608 6400
4
	13120 6368
	16384 6368
	16384 6400
	13120 6400
4
	0 6400
	5120 6400
	5120 6432
	0 6432
4
	8608 6400
	10240 6400
	10240 6432
	8608 6432
4
	13120 6400
	16384 6400
	16384 6432
	13120 6432
4
	0 6432
	5120 6432
	5120 6464
	0 6464
4
	8608 6432
	10240 6432
	10240 6464
	8608 6464
4
	13120 6432
	16384 6432
	16384 6464
	13120 6464
4
	0 6464
	5120 6464
	5120 6496
	0 6496
4
	8608 6464
	10240 6464
	10240 6496
	8608 6496
4
	13120 6464
	16384 6464
	16384 6496
	13120 6496
4
	0 6496
	5120 6496
	5120 6528
	0 6528
4
	8608 6496
	10240 6496
	10240 6528
	8608 6528
4
	13120 6496
	16384 6496
	16384 6528
	13120 6528
4
	0 6528
	5120 6528
	5120 6560
	0 6560
4
	8608 6528
	10240 6528
	10240 6560
	8608 6560
4
	13120 6528
	16384 6528
	16384 6560
	13120 6560
4
	0 6560
	4928 6560
	4928 6592
	0 6592
4
	8416 6560
	9856 6560
	9856 6592
	8416 6592
4
	13120 6560
	16384 6560
	16384 6592
	13120 6592
4
	0 6592
	4928 6592
	4928 6624
	0 6624
4
	8416 6592
	9856 6592
	9856 6624
	8416 6624
4
	13120 6592
	16384 6592
	16384 6624
	13120 6624
4
	0 6624
	4928 6624
	4928 6656
	0 6656
4
	8416 6624
	9856 6624
	9856 6656
	8416 6656
4
	13120 6624
	16384 6624
	16384 6656
	13120 6656
4
	0 6656
	4928 6656
	4928 6688
	0 6688
4
	8416 6656
	9856 6656
	9856 6688
	8416 6688
4
	13120 6656
	16384 6656
	16384 6688
	13120 6688
4
	0 6688
	4928 6688
	4928 6720
	0 6720
4
	8416 6688
	9856 6688
	9856 6720
	8416 6720
4
	13120 6688
	16384 6688
	16384 6720
	13120 6720
4
	0 6720
	4928 6720
	4928 6752
	0 6752
4
	8416 6720
	9856 6720
	9856 6752
	8416 6752
4
	13120 6720
	16384 6720
	16384 6752
	13120 6752
4
	0 6752
	4928 6752
	4928 6784
	0 6784
4
	8416 6752
	9856 6752
	9856 6784
	8416 6784
4
	13120 6752
	16384 6752
	16384 6784
	13120 6784
4
	0 6784
	4736 6784
	4736 6816
	0 6816
4
	7168 6784
	7584 6784
	7584 6816
	7168 6816
4
	12928 6784
	16384 6784
	16384 6816
	12928 6816
4
	0 6816
	4736 6816
	4736 6848
	0 6848
4
	7168 6816
	7584 6816
	7584 6848
	7168 6848
4
	12928 6816
	16384 6816
	16384 6848
	12928 6848
4
	0 6848
	4736 6848
	4736 6880
	0 6880
4
	7168 6848
	7584 6848
	7584 6880
	7168 6880
4
	12928 6848
	16384 6848
	16384 6880
	12928 6880
4
	0 6880
	4736 6880
	4736 6912
	0 6912
4
	7168 6880
	7584 6880
	7584 6912
	7168 6912
4
	12928 6880
	16384 6880
	16384 6912
	12928 6912
4
	0 6912
	4736 6912
	4736 6944
	0 6944
4
	7168 6912
	7584 6912
	7584 6944
	7168 6944
4
	12928 6912
	16384 6912
	16384 6944
	12928 6944
4
	0 6944
	4736 6944
	4736 6976
	0 6976
4
	7168 6944
	7584 6944
	7584 6976
	7168 6976
4
	12928 6944
	16384 6944
	16384 6976
	12928 6976
4
	0 6976
	4512 6976
	4512 7008
	0 7008
4
	5760 6976
	5952 6976
	5952 7008
	5760 7008
4
	6560 6976
	6976 6976
	6976 7008
	6560 7008
4
	7168 6976
	7584 6976
	7584 7008
	7168 7008
4
	12928 6976
	16384 6976
	16384 7008
	12928 7008
4
	0 7008
	4512 7008
	4512 7040
	0 7040
4
	5760 7008
	5952 7008
	5952 7040
	5760 7040
4
	6560 7008
	6976 7008
	6976 7040
	6560 7040
4
	7168 7008
	7584 7008
	7584 7040
	7168 7040
4
	12928 7008
	16384 7008
	16384 7040
	12928 7040
4
	0 7040
	4512 7040
	4512 7072
	0 7072
4
	5760 7040
	5952 7040
	5952 7072
	5760 7072
4
	6560 7040
	6976 7040
	6976 7072
	6560 7072
4
	7168 7040
	7584 7040
	7584 7072
	7168 7072
4
	12928 7040
	16384 7040
	16384 7072
	12928 7072
4
	0 7072
	4512 7072
	4512 7104
	0 7104
4
	5760 7072
	5952 7072
	5952 7104
	5760 7104
4
	6560 7072
	6976 7072
	6976 7104
	6560 7104
4
	7168 7072
	7584 7072
	7584 7104
	7168 7104
4
	12928 7072
	16384 7072
	16384 7104
	12928 7104
4
	0 7104
	4512 7104
	4512 7136
	0 7136
4
	5760 7104
	5952 7104
	5952 7136
	5760 7136
4
	6560 7104
	6976 7104
	6976 7136
	6560 7136
4
	7168 7104
	7584 7104
	7584 7136
	7168 7136
4
	12928 7104
	16384 7104
	16384 7136
	12928 7136
4
	0 7136
	4512 7136
	4512 7168
	0 7168
4
	5760 7136
	5952 7136
	5952 7168
	5760 7168
4
	6560 7136
	6976 7136
	6976 7168
	6560 7168
4
	7168 7136
	7584 7136
	7584 7168
	7168 7168
4
	12928 7136
	16384 7136
	16384 7168
	12928 7168
4
	0 7168
	4320 7168
	4320 7200
	0 7200
4
	5536 7168
	5952 7168
	5952 7200
	5536 7200
4
	6368 7168
	7392 7168
	7392 7200
	6368 7200
4
	12704 7168
	16384 7168
	16384 7200
	12704 7200
4
	0 7200
	4320 7200
	4320 7232
	0 7232
4
	5536 7200
	5952 7200
	5952 7232
	5536 7232
4
	6368 7200
	7392 7200
	7392 7232
	6368 7232
4
	12704 7200
	16384 7200
	16384 7232
	12704 7232
4
	0 7232
	4320 7232
	4320 7264
	0 7264
4
	5536 7232
	5952 7232
	5952 7264
	5536 7264
4
	6368 7232
	7392 7232
	7392 7264
	6368 7264
4
	12704 7232
	16384 7232
	16384 7264
	12704 7264
4
	0 7264
	4320 7264
	4320 7296
	0 7296
4
	5536 7264
	5952 7264
	5952 7296
	5536 7296
4
	6368 7264
	7392 7264
	7392 7296
	6368 7296
4
	12704 7264
	16384 7264
	16384 7296
	12704 7296
4
	0 7296
	4320 7296
	4320 7328
	0 7328
4
	5536 7296
	5952 7296
	5952 7328
	5536 7328
4
	6368 7296
	7392 7296
	7392 7328
	6368 7328
4
	12704 7296
	16384 7296
	16384 7328
	12704 7328
4
	0 7328
	4320 7328
	4320 7360
	0 7360
4
	5536 7328
	5952 7328
	5952 7360
	5536 7360
4
	6368 7328
	7392 7328
	7392 7360
	6368 7360
4
	12704 7328
	16384 7328
	16384 7360
	12704 7360
4
	0 7360
	4320 7360
	4320 7392
	0 7392
4
	5536 7360
	5952 7360
	5952 7392
	5536 7392
4
	6368 7360
	7392 7360
	7392 7392
	6368 7392
4
	12704 7360
	16384 7360
	16384 7392
	12704 7392
4
	0 7392
	4096 7392
	4096 7424
	0 7424
4
	6144 7392
	7392 7392
	7392 7424
	6144 7424
4
	12704 7392
	16384 7392
	16384 7424
	12704 7424
4
	0 7424
	4096 7424
	4096 7456
	0 7456
4
	6144 7424
	7392 7424
	7392 7456
	6144 7456
4
	12704 7424
	16384 7424
	16384 7456
	12704 7456
4
	0 7456
	4096 7456
	4096 7488
	0 7488
4
	6144 7456
	7392 7456
	7392 7488
	6144 7488
4
	12704 7456
	16384 7456
	16384 7488
	12704 7488
4
	0 7488
	4096 7488
	4096 7520
	0 7520
4
	6144 7488
	7392 7488
	7392 7520
	6144 7520
4
	12704 7488
	16384 7488
	16384 7520
	12704 7520
4
	0 7520
	4096 7520
	4096 7552
	0 7552
4
	6144 7520
	7392 7520
	7392 7552
	6144 7552
4
	12704 7520
	16384 7520
	16384 7552
	12704 7552
4
	0 7552
	4096 7552
	4096 7584
	0 7584
4
	6144 7552
	7392 7552
	7392 7584
	6144 7584
4
	12704 7552
	16384 7552
	16384 7584
	12704 7584
4
	0 7584
	2880 7584
	2880 7616
	0 7616
4
	3072 7584
	3904 7584
	3904 7616
	3072 7616
4
	5952 7584
	7392 7584
	7392 7616
	5952 7616
4
	12512 7584
	16384 7584
	16384 7616
	12512 7616
4
	0 7616
	2880 7616
	2880 7648
	0 7648
4
	3072 7616
	3904 7616
	3904 7648
	3072 7648
4
	5952 7616
	7392 7616
	7392 7648
	5952 7648
4
	12512 7616
	16384 7616
	16384 7648
	12512 7648
4
	0 7648
	2880 7648
	2880 7680
	0 7680
4
	3072 7648
	3904 7648
	3904 7680
	3072 7680
4
	5952 7648
	7392 7648
	7392 7680
	5952 7680
4
	12512 7648
	16384 7648
	16384 7680
	12512 7680
4
	0 7680
	2880 7680
	2880 7712
	0 7712
4
	3072 7680
	3904 7680
	3904 7712
	3072 7712
4
	5952 7680
	7392 7680
	7392 7712
	5952 7712
4
	12512 7680
	16384 7680
	16384 7712
	12512 7712
4
	0 7712
	2880 7712
	2880 7744
	0 7744
4
	3072 7712
	3904 7712
	3904 7744
	3072 7744
4
	5952 7712
	7392 7712
	7392 7744
	5952 7744
4
	12512 7712
	16384 7712
	16384 7744
	12512 7744
4
	0 7744
	2880 7744
	2880 7776
	0 7776
4
	3072 7744
	3904 7744
	3904 7776
	3072 7776
4
	5952 7744
	7392 7744
	7392 7776
	5952 7776
4
	12512 7744
	16384 7744
	16384 7776
	12512 7776
4
	0 7776
	2880 7776
	2880 7808
	0 7808
4
	3072 7776
	3904 7776
	3904 7808
	3072 7808
4
	5952 7776
	7392 7776
	7392 7808
	5952 7808
4
	12512 7776
	16384 7776
	16384 7808
	12512 7808
4
	0 7808
	2688 7808
	2688 7840
	0 7840
4
	3072 7808
	3712 7808
	3712 7840
	3072 7840
4
	5760 7808
	7168 7808
	7168 7840
	5760 7840
4
	12288 7808
	16384 7808
	16384 7840
	12288 7840
4
	0 7840
	2688 7840
	2688 7872
	0 7872
4
	3072 7840
	3712 7840
	3712 7872
	3072 7872
4
	5760 7840
	7168 7840
	7168 7872
	5760 7872
4
	12288 7840
	16384 7840
	16384 7872
	12288 7872
4
	0 7872
	2688 7872
	2688 7904
	0 7904
4
	3072 7872
	3712 7872
	3712 7904
	3072 7904
4
	5760 7872
	7168 7872
	7168 7904
	5760 7904
4
	12288 7872
	16384 7872
	16384 7904
	12288 7904
4
	0 7904
	2688 7904
	2688 7936
	0 7936
4
	3072 7904
	3712 7904
	3712 7936
	3072 7936
4
	5760 7904
	7168 7904
	7168 7936
	5760 7936
4
	12288 7904
	16384 7904
	16384 7936
	12288 7936
4
	0 7936
	2688 7936
	2688 7968
	0 7968
4
	3072 7936
	3712 7936
	3712 7968
	3072 7968
4
	5760 7936
	7168 7936
	7168 7968
	5760 7968
4
	12288 7936
	16384 7936
	16384 7968
	12288 7968
4
	0 7968
	2688 7968
	2688 8000
	0 8000
4
	3072 7968
	3712 7968
	3712 8000
	3072 8000
4
	5760 7968
	7168 7968
	7168 8000
	5760 8000
4
	12288 7968
	16384 7968
	16384 8000
	12288 8000
4
	0 8000
	2688 8000
	2688 8032
	0 8032
4
	3072 8000
	3488 8000
	3488 8032
	3072 8032
4
	5536 8000
	6976 8000
	6976 8032
	5536 8032
4
	12096 8000
	16384 8000
	16384 8032
	12096 8032
4
	0 8032
	2688 8032
	2688 8064
	0 8064
4
	3072 8032
	3488 8032
	3488 8064
	3072 8064
4
	5536 8032
	6976 8032
	6976 8064
	5536 8064
4
	12096 8032
	16384 8032
	16384 8064
	12096 8064
4
	0 8064
	2688 8064
	2688 8096
	0 8096
4
	3072 8064
	3488 8064
	3488 8096
	3072 8096
4
	5536 8064
	6976 8064
	6976 8096
	5536 8096
4
	12096 8064
	16384 8064
	16384 8096
	12096 8096
4
	0 8096
	2688 8096
	2688 8128
	0 8128
4
	3072 8096
	3488 8096
	3488 8128
	3072 8128
4
	5536 8096
	6976 8096
	6976 8128
	5536 8128
4
	12096 8096
	16384 8096
	16384 8128
	12096 8128
4
	0 8128
	2688 8128
	2688 8160
	0 8160
4
	3072 8128
	3488 8128
	3488 8160
	3072 8160
4
	5536 8128
	6976 8128
	6976 8160
	5536 8160
4
	12096 8128
	16384 8128
	16384 8160
	12096 8160
4
	0 8160
	2688 8160
	2688 8192
	0 8192
4
	3072 8160
	3488 8160
	3488 8192
	3072 8192
4
	5536 8160
	6976 8160
	6976 8192
	5536 8192
4
	12096 8160
	16384 8160
	16384 8192
	12096 8192
4
	0 8192
	2688 8192
	2688 8224
	0 8224
4
	3072 8192
	3296 8192
	3296 8224
	3072 8224
4
	5344 8192
	6784 8192
	6784 8224
	5344 8224
4
	12096 8192
	16384 8192
	16384 8224
	12096 8224
4
	0 8224
	2688 8224
	2688 8256
	0 8256
4
	3072 8224
	3296 8224
	3296 8256
	3072 8256
4
	5344 8224
	6784 8224
	6784 8256
	5344 8256
4
	12096 8224
	16384 8224
	16384 8256
	12096 8256
4
	0 8256
	2688 8256
	2688 8288
	0 8288
4
	3072 8256
	3296 8256
	3296 8288
	3072 8288
4
	5344 8256
	6784 8256
	6784 8288
	5344 8288
4
	12096 8256
	16384 8256
	16384 8288
	12096 8288
4
	0 8288
	2688 8288
	2688 8320
	0 8320
4
	3072 8288
	3296 8288
	3296 8320
	3072 8320
4
	5344 8288
	6784 8288
	6784 8320
	5344 8320
4
	12096 8288
	16384 8288
	16384 8320
	12096 8320
4
	0 8320
	2688 8320
	2688 8352
	0 8352
4
	3072 8320
	3296 8320
	3296 8352
	3072 8352
4
	5344 8320
	6784 8320
	6784 8352
	5344 8352
4
	12096 8320
	16384 8320
	16384 8352
	12096 8352
4
	0 8352
	2688 8352
	2688 8384
	0 8384
4
	3072 8352
	3296 8352
	3296 8384
	3072 8384
4
	5344 8352
	6784 8352
	6784 8384
	5344 8384
4
	12096 8352
	16384 8352
	16384 8384
	12096 8384
4
	0 8384
	2688 8384
	2688 8416
	0 8416
4
	3072 8384
	3296 8384
	3296 8416
	3072 8416
4
	5344 8384
	6784 8384
	6784 8416
	5344 8416
4
	12096 8384
	16384 8384
	16384 8416
	12096 8416
4
	0 8416
	2688 8416
	2688 8448
	0 8448
4
	4096 8416
	4320 8416
	4320 8448
	4096 8448
4
	5120 8416
	5536 8416
	5536 8448
	5120 8448
4
	5760 8416
	6560 8416
	6560 8448
	5760 8448
4
	11904 8416
	16384 8416
	16384 8448
	11904 8448
4
	0 8448
	2688 8448
	2688 8480
	0 8480
4
	4096 8448
	4320 8448
	4320 8480
	4096 8480
4
	5120 8448
	5536 8448
	5536 8480
	5120 8480
4
	5760 8448
	6560 8448
	6560 8480
	5760 8480
4
	11904 8448
	16384 8448
	16384 8480
	11904 8480
4
	0 8480
	2688 8480
	2688 8512
	0 8512
4
	4096 8480
	4320 8480
	4320 8512
	4096 8512
4
	5120 8480
	5536 8480
	5536 8512
	5120 8512
4
	5760 8480
	6560 8480
	6560 8512
	5760 8512
4
	11904 8480
	16384 8480
	16384 8512
	11904 8512
4
	0 8512
	2688 8512
	2688 8544
	0 8544
4
	4096 8512
	4320 8512
	4320 8544
	4096 8544
4
	5120 8512
	5536 8512
	5536 8544
	5120 8544
4
	5760 8512
	6560 8512
	6560 8544
	5760 8544
4
	11904 8512
	16384 8512
	16384 8544
	11904 8544
4
	0 8544
	2688 8544
	2688 8576
	0 8576
4
	4096 8544
	4320 8544
	4320 8576
	4096 8576
4
	5120 8544
	5536 8544
	5536 8576
	5120 8576
4
	5760 8544
	6560 8544
	6560 8576
	5760 8576
4
	11904 8544
	16384 8544
	16384 8576
	11904 8576
4
	0 8576
	2688 8576
	2688 8608
	0 8608
4
	4096 8576
	4320 8576
	4320 8608
	4096 8608
4
	5120 8576
	5536 8576
	5536 8608
	5120 8608
4
	5760 8576
	6560 8576
	6560 8608
	5760 8608
4
	11904 8576
	16384 8576
	16384 8608
	11904 8608
4
	0 8608
	2688 8608
	2688 8640
	0 8640
4
	3904 8608
	4512 8608
	4512 8640
	3904 8640
4
	5952 8608
	6560 8608
	6560 8640
	5952 8640
4
	11904 8608
	12096 8608
	12096 8640
	11904 8640
4
	12512 8608
	16384 8608
	16384 8640
	12512 8640
4
	0 8640
	2688 8640
	2688 8672
	0 8672
4
	3904 8640
	4512 8640
	4512 8672
	3904 8672
4
	5952 8640
	6560 8640
	6560 8672
	5952 8672
4
	11904 8640
	12096 8640
	12096 8672
	11904 8672
4
	12512 8640
	16384 8640
	16384 8672
	12512 8672
4
	0 8672
	2688 8672
	2688 8704
	0 8704
4
	3904 8672
	4512 8672
	4512 8704
	3904 8704
4
	5952 8672
	6560 8672
	6560 8704
	5952 8704
4
	11904 8672
	12096 8672
	12096 8704
	11904 8704
4
	12512 8672
	16384 8672
	16384 8704
	12512 8704
4
	0 8704
	2688 8704
	2688 8736
	0 8736
4
	3904 8704
	4512 8704
	4512 8736
	3904 8736
4
	5952 8704
	6560 8704
	6560 8736
	5952 8736
4
	11904 8704
	12096 8704
	12096 8736
	11904 8736
4
	12512 8704
	16384 8704
	16384 8736
	12512 8736
4
	0 8736
	2688 8736
	2688 8768
	0 8768
4
	3904 8736
	4512 8736
	4512 8768
	3904 8768
4
	5952 8736
	6560 8736
	6560 8768
	5952 8768
4
	11904 8736
	12096 8736
	12096 8768
	11904 8768
4
	12512 8736
	16384 8736
	16384 8768
	12512 8768
4
	0 8768
	2688 8768
	2688 8800
	0 8800
4
	3904 8768
	4512 8768
	4512 8800
	3904 8800
4
	5952 8768
	6560 8768
	6560 8800
	5952 8800
4
	11904 8768
	12096 8768
	12096 8800
	11904 8800
4
	12512 8768
	16384 8768
	16384 8800
	12512 8800
4
	0 8800
	2688 8800
	2688 8832
	0 8832
4
	3904 8800
	4512 8800
	4512 8832
	3904 8832
4
	5952 8800
	6560 8800
	6560 8832
	5952 8832
4
	11904 8800
	12096 8800
	12096 8832
	11904 8832
4
	12512 8800
	16384 8800
	16384 8832
	12512 8832
4
	0 8832
	2464 8832
	2464 8864
	0 8864
4
	3904 8832
	4320 8832
	4320 8864
	3904 8864
4
	5760 8832
	6144 8832
	6144 8864
	5760 8864
4
	11680 8832
	12096 8832
	12096 8864
	11680 8864
4
	12704 8832
	16384 8832
	16384 8864
	12704 8864
4
	0 8864
	2464 8864
	2464 8896
	0 8896
4
	3904 8864
	4320 8864
	4320 8896
	3904 8896
4
	5760 8864
	6144 8864
	6144 8896
	5760 8896
4
	11680 8864
	12096 8864
	12096 8896
	11680 8896
4
	12704 8864
	16384 8864
	16384 8896
	12704 8896
4
	0 8896
	2464 8896
	2464 8928
	0 8928
4
	3904 8896
	4320 8896
	4320 8928
	3904 8928
4
	5760 8896
	6144 8896
	6144 8928
	5760 8928
4
	11680 8896
	12096 8896
	12096 8928
	11680 8928
4
	12704 8896
	16384 8896
	16384 8928
	12704 8928
4
	0 8928
	2464 8928
	2464 8960
	0 8960
4
	3904 8928
	4320 8928
	4320 8960
	3904 8960
4
	5760 8928
	6144 8928
	6144 8960
	5760 8960
4
	11680 8928
	12096 8928
	12096 8960
	11680 8960
4
	12704 8928
	16384 8928
	16384 8960
	12704 8960
4
	0 8960
	2464 8960
	2464 8992
	0 8992
4
	3904 8960
	4320 8960
	4320 8992
	3904 8992
4
	5760 8960
	6144 8960
	6144 8992
	5760 8992
4
	11680 8960
	12096 8960
	12096 8992
	11680 8992
4
	12704 8960
	16384 8960
	16384 8992
	12704 8992
4
	0 8992
	2464 8992
	2464 9024
	0 9024
4
	3904 8992
	4320 8992
	4320 9024
	3904 9024
4
	5760 8992
	6144 8992
	6144 9024
	5760 9024
4
	11680 8992
	12096 8992
	12096 9024
	11680 9024
4
	12704 8992
	16384 8992
	16384 9024
	12704 9024
4
	0 9024
	2464 9024
	2464 9056
	0 9056
4
	3904 9024
	4320 9024
	4320 9056
	3904 9056
4
	11680 9024
	11904 9024
	11904 9056
	11680 9056
4
	12928 9024
	16384 9024
	16384 9056
	12928 9056
4
	0 9056
	2464 9056
	2464 9088
	0 9088
4
	3904 9056
	4320 9056
	4320 9088
	3904 9088
4
	11680 9056
	11904 9056
	11904 9088
	11680 9088
4
	12928 9056
	16384 9056
	16384 9088
	12928 9088
4
	0 9088
	2464 9088
	2464 9120
	0 9120
4
	3904 9088
	4320 9088
	4320 9120
	3904 9120
4
	11680 9088
	11904 9088
	11904 9120
	11680 9120
4
	12928 9088
	16384 9088
	16384 9120
	12928 9120
4
	0 9120
	2464 9120
	2464 9152
	0 9152
4
	3904 9120
	4320 9120
	4320 9152
	3904 9152
4
	11680 9120
	11904 9120
	11904 9152
	11680 9152
4
	12928 9120
	16384 9120
	16384 9152
	12928 9152
4
	0 9152
	2464 9152
	2464 9184
	0 9184
4
	3904 9152
	4320 9152
	4320 9184
	3904 9184
4
	11680 9152
	11904 9152
	11904 9184
	11680 9184
4
	12928 9152
	16384 9152
	16384 9184
	12928 9184
4
	0 9184
	2464 9184
	2464 9216
	0 9216
4
	3904 9184
	4320 9184
	4320 9216
	3904 9216
4
	11680 9184
	11904 9184
	11904 9216
	11680 9216
4
	12928 9184
	16384 9184
	16384 9216
	12928 9216
4
	0 9216
	2464 9216
	2464 9248
	0 9248
4
	12928 9216
	16384 9216
	16384 9248
	12928 9248
4
	0 9248
	2464 9248
	2464 9280
	0 9280
4
	12928 9248
	16384 9248
	16384 9280
	12928 9280
4
	0 9280
	2464 9280
	2464 9312
	0 9312
4
	12928 9280
	16384 9280
	16384 9312
	12928 9312
4
	0 9312
	2464 9312
	2464 9344
	0 9344
4
	12928 9312
	16384 9312
	16384 9344
	12928 9344
4
	0 9344
	2464 9344
	2464 9376
	0 9376
4
	12928 9344
	16384 9344
	16384 9376
	12928 9376
4
	0 9376
	2464 9376
	2464 9408
	0 9408
4
	12928 9376
	16384 9376
	16384 9408
	12928 9408
4
	0 9408
	2464 9408
	2464 9440
	0 9440
4
	12928 9408
	16384 9408
	16384 9440
	12928 9440
4
	0 9440
	2272 9440
	2272 9472
	0 9472
4
	12928 9440
	16384 9440
	16384 9472
	12928 9472
4
	0 9472
	2272 9472
	2272 9504
	0 9504
4
	12928 9472
	16384 9472
	16384 9504
	12928 9504
4
	0 9504
	2272 9504
	2272 9536
	0 9536
4
	12928 9504
	16384 9504
	16384 9536
	12928 9536
4
	0 9536
	2272 9536
	2272 9568
	0 9568
4
	12928 9536
	16384 9536
	16384 9568
	12928 9568
4
	0 9568
	2272 9568
	2272 9600
	0 9600
4
	12928 9568
	16384 9568
	16384 9600
	12928 9600
4
	0 9600
	2272 9600
	2272 9632
	0 9632
4
	12928 9600
	16384 9600
	16384 9632
	12928 9632
4
	0 9632
	2048 9632
	2048 9664
	0 9664
4
	12704 9632
	16384 9632
	16384 9664
	12704 9664
4
	0 9664
	2048 9664
	2048 9696
	0 9696
4
	12704 9664
	16384 9664
	16384 9696
	12704 9696
4
	0 9696
	2048 9696
	2048 9728
	0 9728
4
	12704 9696
	16384 9696
	16384 9728
	12704 9728
4
	0 9728
	2048 9728
	2048 9760
	0 9760
4
	12704 9728
	16384 9728
	16384 9760
	12704 9760
4
	0 9760
	2048 9760
	2048 9792
	0 9792
4
	12704 9760
	16384 9760
	16384 9792
	12704 9792
4
	0 9792
	2048 9792
	2048 9824
	0 9824
4
	12704 9792
	16384 9792
	16384 9824
	12704 9824
4
	0 9824
	2048 9824
	2048 9856
	0 9856
4
	12704 9824
	16384 9824
	16384 9856
	12704 9856
4
	0 9856
	2048 9856
	2048 9888
	0 9888
4
	12512 9856
	16384 9856
	16384 9888
	12512 9888
4
	0 9888
	2048 9888
	2048 9920
	0 9920
4
	12512 9888
	16384 9888
	16384 9920
	12512 9920
4
	0 9920
	2048 9920
	2048 9952
	0 9952
4
	12512 9920
	16384 9920
	16384 9952
	12512 9952
4
	0 9952
	2048 9952
	2048 9984
	0 9984
4
	12512 9952
	16384 9952
	16384 9984
	12512 9984
4
	0 9984
	2048 9984
	2048 10016
	0 10016
4
	12512 9984
	16384 9984
	16384 10016
	12512 10016
4
	0 10016
	2048 10016
	2048 10048
	0 10048
4
	12512 10016
	16384 10016
	16384 10048
	12512 10048
4
	0 10048
	1856 10048
	1856 10080
	0 10080
4
	12288 10048
	16384 10048
	16384 10080
	12288 10080
4
	0 10080
	1856 10080
	1856 10112
	0 10112
4
	12288 10080
	16384 10080
	16384 10112
	12288 10112
4
	0 10112
	1856 10112
	1856 10144
	0 10144
4
	12288 10112
	16384 10112
	16384 10144
	12288 10144
4
	0 10144
	1856 10144
	1856 10176
	0 10176
4
	12288 10144
	16384 10144
	16384 10176
	12288 10176
4
	0 10176
	1856 10176
	1856 10208
	0 10208
4
	12288 10176
	16384 10176
	16384 10208
	12288 10208
4
	0 10208
	1856 10208
	1856 10240
	0 10240
4
	12288 10208
	16384 10208
	16384 10240
	12288 10240
4
	0 10240
	1856 10240
	1856 10272
	0 10272
4
	12096 10240
	16384 10240
	16384 10272
	12096 10272
4
	0 10272
	1856 10272
	1856 10304
	0 10304
4
	12096 10272
	16384 10272
	16384 10304
	12096 10304
4
	0 10304
	1856 10304
	1856 10336
	0 10336
4
	12096 10304
	16384 10304
	16384 10336
	12096 10336
4
	0 10336
	1856 10336
	1856 10368
	0 10368
4
	12096 10336
	16384 10336
	16384 10368
	12096 10368
4
	0 10368
	1856 10368
	1856 10400
	0 10400
4
	12096 10368
	16384 10368
	16384 10400
	12096 10400
4
	0 10400
	1856 10400
	1856 10432
	0 10432
4
	12096 10400
	16384 10400
	16384 10432
	12096 10432
4
	0 10432
	1856 10432
	1856 10464
	0 10464
4
	12096 10432
	16384 10432
	16384 10464
	12096 10464
4
	0 10464
	1856 10464
	1856 10496
	0 10496
4
	11904 10464
	16384 10464
	16384 10496
	11904 10496
4
	0 10496
	1856 10496
	1856 10528
	0 10528
4
	11904 10496
	16384 10496
	16384 10528
	11904 10528
4
	0 10528
	1856 10528
	1856 10560
	0 10560
4
	11904 10528
	16384 10528
	16384 10560
	11904 10560
4
	0 10560
	1856 10560
	1856 10592
	0 10592
4
	11904 10560
	16384 10560
	16384 10592
	11904 10592
4
	0 10592
	1856 10592
	1856 10624
	0 10624
4
	11904 10592
	16384 10592
	16384 10624
	11904 10624
4
	0 10624
	1856 10624
	1856 10656
	0 10656
4
	11904 10624
	16384 10624
	16384 10656
	11904 10656
4
	0 10656
	2048 10656
	2048 10688
	0 10688
4
	3488 10656
	5344 10656
	5344 10688
	3488 10688
4
	11680 10656
	16384 10656
	16384 10688
	11680 10688
4
	0 10688
	2048 10688
	2048 10720
	0 10720
4
	3488 10688
	5344 10688
	5344 10720
	3488 10720
4
	11680 10688
	16384 10688
	16384 10720
	11680 10720
4
	0 10720
	2048 10720
	2048 10752
	0 10752
4
	3488 10720
	5344 10720
	5344 10752
	3488 10752
4
	11680 10720
	16384 10720
	16384 10752
	11680 10752
4
	0 10752
	2048 10752
	2048 10784
	0 10784
4
	3488 10752
	5344 10752
	5344 10784
	3488 10784
4
	11680 10752
	16384 10752
	16384 10784
	11680 10784
4
	0 10784
	2048 10784
	2048 10816
	0 10816
4
	3488 10784
	5344 10784
	5344 10816
	3488 10816
4
	11680 10784
	16384 10784
	16384 10816
	11680 10816
4
	0 10816
	2048 10816
	2048 10848
	0 10848
4
	3488 10816
	5344 10816
	5344 10848
	3488 10848
4
	11680 10816
	16384 10816
	16384 10848
	11680 10848
4
	0 10848
	2048 10848
	2048 10880
	0 10880
4
	3488 10848
	5344 10848
	5344 10880
	3488 10880
4
	11680 10848
	16384 10848
	16384 10880
	11680 10880
4
	0 10880
	2272 10880
	2272 10912
	0 10912
4
	3296 10880
	5760 10880
	5760 10912
	3296 10912
4
	11488 10880
	16384 10880
	16384 10912
	11488 10912
4
	0 10912
	2272 10912
	2272 10944
	0 10944
4
	3296 10912
	5760 10912
	5760 10944
	3296 10944
4
	11488 10912
	16384 10912
	16384 10944
	11488 10944
4
	0 10944
	2272 10944
	2272 10976
	0 10976
4
	3296 10944
	5760 10944
	5760 10976
	3296 10976
4
	11488 10944
	16384 10944
	16384 10976
	11488 10976
4
	0 10976
	2272 10976
	2272 11008
	0 11008
4
	3296 10976
	5760 10976
	5760 11008
	3296 11008
4
	11488 10976
	16384 10976
	16384 11008
	11488 11008
4
	0 11008
	2272 11008
	2272 11040
	0 11040
4
	3296 11008
	5760 11008
	5760 11040
	3296 11040
4
	11488 11008
	16384 11008
	16384 11040
	11488 11040
4
	0 11040
	2272 11040
	2272 11072
	0 11072
4
	3296 11040
	5760 11040
	5760 11072
	3296 11072
4
	11488 11040
	16384 11040
	16384 11072
	11488 11072
4
	0 11072
	2464 11072
	2464 11104
	0 11104
4
	3296 11072
	5952 11072
	5952 11104
	3296 11104
4
	11264 11072
	16384 11072
	16384 11104
	11264 11104
4
	0 11104
	2464 11104
	2464 11136
	0 11136
4
	3296 11104
	5952 11104
	5952 11136
	3296 11136
4
	11264 11104
	16384 11104
	16384 11136
	11264 11136
4
	0 11136
	2464 11136
	2464 11168
	0 11168
4
	3296 11136
	5952 11136
	5952 11168
	3296 11168
4
	11264 11136
	16384 11136
	16384 11168
	11264 11168
4
	0 11168
	2464 11168
	2464 11200
	0 11200
4
	3296 11168
	5952 11168
	5952 11200
	3296 11200
4
	11264 11168
	16384 11168
	16384 11200
	11264 11200
4
	0 11200
	2464 11200
	2464 11232
	0 11232
4
	3296 11200
	5952 11200
	5952 11232
	3296 11232
4
	11264 11200
	16384 11200
	16384 11232
	11264 11232
4
	0 11232
	2464 11232
	2464 11264
	0 11264
4
	3296 11232
	5952 11232
	5952 11264
	3296 11264
4
	11264 11232
	16384 11232
	16384 11264
	11264 11264
4
	0 11264
	2464 11264
	2464 11296
	0 11296
4
	3296 11264
	5760 11264
	5760 11296
	3296 11296
4
	11072 11264
	16384 11264
	16384 11296
	11072 11296
4
	0 11296
	2464 11296
	2464 11328
	0 11328
4
	3296 11296
	5760 11296
	5760 11328
	3296 11328
4
	11072 11296
	16384 11296
	16384 11328
	11072 11328
4
	0 11328
	2464 11328
	2464 11360
	0 11360
4
	3296 11328
	5760 11328
	5760 11360
	3296 11360
4
	11072 11328
	16384 11328
	16384 11360
	11072 11360
4
	0 11360
	2464 11360
	2464 11392
	0 11392
4
	3296 11360
	5760 11360
	5760 11392
	3296 11392
4
	11072 11360
	16384 11360
	16384 11392
	11072 11392
4
	0 11392
	2464 11392
	2464 11424
	0 11424
4
	3296 11392
	5760 11392
	5760 11424
	3296 11424
4
	11072 11392
	16384 11392
	16384 11424
	11072 11424
4
	0 11424
	2464 11424
	2464 11456
	0 11456
4
	3296 11424
	5760 11424
	5760 11456
	3296 11456
4
	11072 11424
	16384 11424
	16384 11456
	11072 11456
4
	0 11456
	2464 11456
	2464 11488
	0 11488
4
	3296 11456
	5760 11456
	5760 11488
	3296 11488
4
	11072 11456
	16384 11456
	16384 11488
	11072 11488
4
	0 11488
	2048 11488
	2048 11520
	0 11520
4
	3296 11488
	5760 11488
	5760 11520
	3296 11520
4
	10464 11488
	16384 11488
	16384 11520
	10464 11520
4
	0 11520
	2048 11520
	2048 11552
	0 11552
4
	3296 11520
	5760 11520
	5760 11552
	3296 11552
4
	10464 11520
	16384 11520
	16384 11552
	10464 11552
4
	0 11552
	2048 11552
	2048 11584
	0 11584
4
	3296 11552
	5760 11552
	5760 11584
	3296 11584
4
	10464 11552
	16384 11552
	16384 11584
	10464 11584
4
	0 11584
	2048 11584
	2048 11616
	0 11616
4
	3296 11584
	5760 11584
	5760 11616
	3296 11616
4
	10464 11584
	16384 11584
	16384 11616
	10464 11616
4
	0 11616
	2048 11616
	2048 11648
	0 11648
4
	3296 11616
	5760 11616
	5760 11648
	3296 11648
4
	10464 11616
	16384 11616
	16384 11648
	10464 11648
4
	0 11648
	2048 11648
	2048 11680
	0 11680
4
	3296 11648
	5760 11648
	5760 11680
	3296 11680
4
	10464 11648
	16384 11648
	16384 11680
	10464 11680
4
	0 11680
	2272 11680
	2272 11712
	0 11712
4
	3904 11680
	5536 11680
	5536 11712
	3904 11712
4
	10048 11680
	16384 11680
	16384 11712
	10048 11712
4
	0 11712
	2272 11712
	2272 11744
	0 11744
4
	3904 11712
	5536 11712
	5536 11744
	3904 11744
4
	10048 11712
	16384 11712
	16384 11744
	10048 11744
4
	0 11744
	2272 11744
	2272 11776
	0 11776
4
	3904 11744
	5536 11744
	5536 11776
	3904 11776
4
	10048 11744
	16384 11744
	16384 11776
	10048 11776
4
	0 11776
	2272 11776
	2272 11808
	0 11808
4
	3904 11776
	5536 11776
	5536 11808
	3904 11808
4
	10048 11776
	16384 11776
	16384 11808
	10048 11808
4
	0 11808
	2272 11808
	2272 11840
	0 11840
4
	3904 11808
	5536 11808
	5536 11840
	3904 11840
4
	10048 11808
	16384 11808
	16384 11840
	10048 11840
4
	0 11840
	2272 11840
	2272 11872
	0 11872
4
	3904 11840
	5536 11840
	5536 11872
	3904 11872
4
	10048 11840
	16384 11840
	16384 11872
	10048 11872
4
	0 11872
	2272 11872
	2272 11904
	0 11904
4
	3904 11872
	5536 11872
	5536 11904
	3904 11904
4
	10048 11872
	16384 11872
	16384 11904
	10048 11904
4
	0 11904
	2272 11904
	2272 11936
	0 11936
4
	4096 11904
	5536 11904
	5536 11936
	4096 11936
4
	10048 11904
	16384 11904
	16384 11936
	10048 11936
4
	0 11936
	2272 11936
	2272 11968
	0 11968
4
	4096 11936
	5536 11936
	5536 11968
	4096 11968
4
	10048 11936
	16384 11936
	16384 11968
	10048 11968
4
	0 11968
	2272 11968
	2272 12000
	0 12000
4
	4096 11968
	5536 11968
	5536 12000
	4096 12000
4
	10048 11968
	16384 11968
	16384 12000
	10048 12000
4
	0 12000
	2272 12000
	2272 12032
	0 12032
4
	4096 12000
	5536 12000
	5536 12032
	4096 12032
4
	10048 12000
	16384 12000
	16384 12032
	10048 12032
4
	0 12032
	2272 12032
	2272 12064
	0 12064
4
	4096 12032
	5536 12032
	5536 12064
	4096 12064
4
	10048 12032
	16384 12032
	16384 12064
	10048 12064
4
	0 12064
	2272 12064
	2272 12096
	0 12096
4
	4096 12064
	5536 12064
	5536 12096
	4096 12096
4
	10048 12064
	16384 12064
	16384 12096
	10048 12096
4
	0 12096
	2272 12096
	2272 12128
	0 12128
4
	4928 12096
	5536 12096
	5536 12128
	4928 12128
4
	9856 12096
	16384 12096
	16384 12128
	9856 12128
4
	0 12128
	2272 12128
	2272 12160
	0 12160
4
	4928 12128
	5536 12128
	5536 12160
	4928 12160
4
	9856 12128
	16384 12128
	16384 12160
	9856 12160
4
	0 12160
	2272 12160
	2272 12192
	0 12192
4
	4928 12160
	5536 12160
	5536 12192
	4928 12192
4
	9856 12160
	16384 12160
	16384 12192
	9856 12192
4
	0 12192
	2272 12192
	2272 12224
	0 12224
4
	4928 12192
	5536 12192
	5536 12224
	4928 12224
4
	9856 12192
	16384 12192
	16384 12224
	9856 12224
4
	0 12224
	2272 12224
	2272 12256
	0 12256
4
	4928 12224
	5536 12224
	5536 12256
	4928 12256
4
	9856 12224
	16384 12224
	16384 12256
	9856 12256
4
	0 12256
	2272 12256
	2272 12288
	0 12288
4
	4928 12256
	5536 12256
	5536 12288
	4928 12288
4
	9856 12256
	16384 12256
	16384 12288
	9856 12288
4
	0 12288
	2048 12288
	2048 12320
	0 12320
4
	9632 12288
	16384 12288
	16384 12320
	9632 12320
4
	0 12320
	2048 12320
	2048 12352
	0 12352
4
	9632 12320
	16384 12320
	16384 12352
	9632 12352
4
	0 12352
	2048 12352
	2048 12384
	0 12384
4
	9632 12352
	16384 12352
	16384 12384
	9632 12384
4
	0 12384
	2048 12384
	2048 12416
	0 12416
4
	9632 12384
	16384 12384
	16384 12416
	9632 12416
4
	0 12416
	2048 12416
	2048 12448
	0 12448
4
	9632 12416
	16384 12416
	16384 12448
	9632 12448
4
	0 12448
	2048 12448
	2048 12480
	0 12480
4
	9632 12448
	16384 12448
	16384 12480
	9632 12480
4
	0 12480
	2048 12480
	2048 12512
	0 12512
4
	9632 12480
	16384 12480
	16384 12512
	9632 12512
4
	0 12512
	1664 12512
	1664 12544
	0 12544
4
	9440 12512
	16384 12512
	16384 12544
	9440 12544
4
	0 12544
	1664 12544
	1664 12576
	0 12576
4
	9440 12544
	16384 12544
	16384 12576
	9440 12576
4
	0 12576
	1664 12576
	1664 12608
	0 12608
4
	9440 12576
	16384 12576
	16384 12608
	9440 12608
4
	0 12608
	1664 12608
	1664 12640
	0 12640
4
	9440 12608
	16384 12608
	16384 12640
	9440 12640
4
	0 12640
	1664 12640
	1664 12672
	0 12672
4
	9440 12640
	16384 12640
	16384 12672
	9440 12672
4
	0 12672
	1664 12672
	1664 12704
	0 12704
4
	9440 12672
	16384 12672
	16384 12704
	9440 12704
4
	0 12704
	1664 12704
	1664 12736
	0 12736
4
	9024 12704
	16384 12704
	16384 12736
	9024 12736
4
	0 12736
	1664 12736
	1664 12768
	0 12768
4
	9024 12736
	16384 12736
	16384 12768
	9024 12768
4
	0 12768
	1664 12768
	1664 12800
	0 12800
4
	9024 12768
	16384 12768
	16384 12800
	9024 12800
4
	0 12800
	1664 12800
	1664 12832
	0 12832
4
	9024 12800
	16384 12800
	16384 12832
	9024 12832
4
	0 12832
	1664 12832
	1664 12864
	0 12864
4
	9024 12832
	16384 12832
	16384 12864
	9024 12864
4
	0 12864
	1664 12864
	1664 12896
	0 12896
4
	9024 12864
	16384 12864
	16384 12896
	9024 12896
4
	0 12896
	1664 12896
	1664 12928
	0 12928
4
	9024 12896
	16384 12896
	16384 12928
	9024 12928
4
	0 12928
	832 12928
	832 12960
	0 12960
4
	8832 12928
	16384 12928
	16384 12960
	8832 12960
4
	0 12960
	832 12960
	832 12992
	0 12992
4
	8832 12960
	16384 12960
	16384 12992
	8832 12992
4
	0 12992
	832 12992
	832 13024
	0 13024
4
	8832 12992
	16384 12992
	16384 13024
	8832 13024
4
	0 13024
	832 13024
	832 13056
	0 13056
4
	8832 13024
	16384 13024
	16384 13056
	8832 13056
4
	0 13056
	832 13056
	832 13088
	0 13088
4
	8832 13056
	16384 13056
	16384 13088
	8832 13088
4
	0 13088
	832 13088
	832 13120
	0 13120
4
	8832 13088
	16384 13088
	16384 13120
	8832 13120
4
	0 13120
	832 13120
	832 13152
	0 13152
4
	8608 13120
	16384 13120
	16384 13152
	8608 13152
4
	0 13152
	832 13152
	832 13184
	0 13184
4
	8608 13152
	16384 13152
	16384 13184
	8608 13184
4
	0 13184
	832 13184
	832 13216
	0 13216
4
	8608 13184
	16384 13184
	16384 13216
	8608 13216
4
	0 13216
	832 13216
	832 13248
	0 13248
4
	8608 13216
	16384 13216
	16384 13248
	8608 13248
4
	0 13248
	832 13248
	832 13280
	0 13280
4
	8608 13248
	16384 13248
	16384 13280
	8608 13280
4
	0 13280
	832 13280
	832 13312
	0 13312
4
	8608 13280
	16384 13280
	16384 13312
	8608 13312
4
	0 13312
	1024 13312
	1024 13344
	0 13344
4
	1664 13312
	2048 13312
	2048 13344
	1664 13344
4
	8416 13312
	16384 13312
	16384 13344
	8416 13344
4
	0 13344
	1024 13344
	1024 13376
	0 13376
4
	1664 13344
	2048 13344
	2048 13376
	1664 13376
4
	8416 13344
	16384 13344
	16384 13376
	8416 13376
4
	0 13376
	1024 13376
	1024 13408
	0 13408
4
	1664 13376
	2048 13376
	2048 13408
	1664 13408
4
	8416 13376
	16384 13376
	16384 13408
	8416 13408
4
	0 13408
	1024 13408
	1024 13440
	0 13440
4
	1664 13408
	2048 13408
	2048 13440
	1664 13440
4
	8416 13408
	16384 13408
	16384 13440
	8416 13440
4
	0 13440
	1024 13440
	1024 13472
	0 13472
4
	1664 13440
	2048 13440
	2048 13472
	1664 13472
4
	8416 13440
	16384 13440
	16384 13472
	8416 13472
4
	0 13472
	1024 13472
	1024 13504
	0 13504
4
	1664 13472
	2048 13472
	2048 13504
	1664 13504
4
	8416 13472
	16384 13472
	16384 13504
	8416 13504
4
	0 13504
	1024 13504
	1024 13536
	0 13536
4
	1664 13504
	2048 13504
	2048 13536
	1664 13536
4
	8416 13504
	16384 13504
	16384 13536
	8416 13536
4
	0 13536
	1024 13536
	1024 13568
	0 13568
4
	1664 13536
	2048 13536
	2048 13568
	1664 13568
4
	8192 13536
	16384 13536
	16384 13568
	8192 13568
4
	0 13568
	1024 13568
	1024 13600
	0 13600
4
	1664 13568
	2048 13568
	2048 13600
	1664 13600
4
	8192 13568
	16384 13568
	16384 13600
	8192 13600
4
	0 13600
	1024 13600
	1024 13632
	0 13632
4
	1664 13600
	2048 13600
	2048 13632
	1664 13632
4
	8192 13600
	16384 13600
	16384 13632
	8192 13632
4
	0 13632
	1024 13632
	1024 13664
	0 13664
4
	1664 13632
	2048 13632
	2048 13664
	1664 13664
4
	8192 13632
	16384 13632
	16384 13664
	8192 13664
4
	0 13664
	1024 13664
	1024 13696
	0 13696
4
	1664 13664
	2048 13664
	2048 13696
	1664 13696
4
	8192 13664
	16384 13664
	16384 13696
	8192 13696
4
	0 13696
	1024 13696
	1024 13728
	0 13728
4
	1664 13696
	2048 13696
	2048 13728
	1664 13728
4
	8192 13696
	16384 13696
	16384 13728
	8192 13728
4
	0 13728
	832 13728
	832 13760
	0 13760
4
	7808 13728
	16384 13728
	16384 13760
	7808 13760
4
	0 13760
	832 13760
	832 13792
	0 13792
4
	7808 13760
	16384 13760
	16384 13792
	7808 13792
4
	0 13792
	832 13792
	832 13824
	0 13824
4
	7808 13792
	16384 13792
	16384 13824
	7808 13824
4
	0 13824
	832 13824
	832 13856
	0 13856
4
	7808 13824
	16384 13824
	16384 13856
	7808 13856
4
	0 13856
	832 13856
	832 13888
	0 13888
4
	7808 13856
	16384 13856
	16384 13888
	7808 13888
4
	0 13888
	832 13888
	832 13920
	0 13920
4
	7808 13888
	16384 13888
	16384 13920
	7808 13920
4
	0 13920
	832 13920
	832 13952
	0 13952
4
	7808 13920
	16384 13920
	16384 13952
	7808 13952
4
	0 13952
	640 13952
	640 13984
	0 13984
4
	7584 13952
	16384 13952
	16384 13984
	7584 13984
4
	0 13984
	640 13984
	640 14016
	0 14016
4
	7584 13984
	16384 13984
	16384 14016
	7584 14016
4
	0 14016
	640 14016
	640 14048
	0 14048
4
	7584 14016
	16384 14016
	16384 14048
	7584 14048
4
	0 14048
	640 14048
	640 14080
	0 14080
4
	7584 14048
	16384 14048
	16384 14080
	7584 14080
4
	0 14080
	640 14080
	640 14112
	0 14112
4
	7584 14080
	16384 14080
	16384 14112
	7584 14112
4
	0 14112
	640 14112
	640 14144
	0 14144
4
	7584 14112
	16384 14112
	16384 14144
	7584 14144
4
	0 14144
	832 14144
	832 14176
	0 14176
4
	7392 14144
	16384 14144
	16384 14176
	7392 14176
4
	0 14176
	832 14176
	832 14208
	0 14208
4
	7392 14176
	16384 14176
	16384 14208
	7392 14208
4
	0 14208
	832 14208
	832 14240
	0 14240
4
	7392 14208
	16384 14208
	16384 14240
	7392 14240
4
	0 14240
	832 14240
	832 14272
	0 14272
4
	7392 14240
	16384 14240
	16384 14272
	7392 14272
4
	0 14272
	832 14272
	832 14304
	0 14304
4
	7392 14272
	16384 14272
	16384 14304
	7392 14304
4
	0 14304
	832 14304
	832 14336
	0 14336
4
	7392 14304
	16384 14304
	16384 14336
	7392 14336
4
	0 14336
	1024 14336
	1024 14368
	0 14368
4
	7168 14336
	16384 14336
	16384 14368
	7168 14368
4
	0 14368
	1024 14368
	1024 14400
	0 14400
4
	7168 14368
	16384 14368
	16384 14400
	7168 14400
4
	0 14400
	1024 14400
	1024 14432
	0 14432
4
	7168 14400
	16384 14400
	16384 14432
	7168 14432
4
	0 14432
	1024 14432
	1024 14464
	0 14464
4
	7168 14432
	16384 14432
	16384 14464
	7168 14464
4
	0 14464
	1024 14464
	1024 14496
	0 14496
4
	7168 14464
	16384 14464
	16384 14496
	7168 14496
4
	0 14496
	1024 14496
	1024 14528
	0 14528
4
	7168 14496
	16384 14496
	16384 14528
	7168 14528
4
	0 14528
	1024 14528
	1024 14560
	0 14560
4
	7168 14528
	16384 14528
	16384 14560
	7168 14560
4
	0 14560
	1248 14560
	1248 14592
	0 14592
4
	6976 14560
	16384 14560
	16384 14592
	6976 14592
4
	0 14592
	1248 14592
	1248 14624
	0 14624
4
	6976 14592
	16384 14592
	16384 14624
	6976 14624
4
	0 14624
	1248 14624
	1248 14656
	0 14656
4
	6976 14624
	16384 14624
	16384 14656
	6976 14656
4
	0 14656
	1248 14656
	1248 14688
	0 14688
4
	6976 14656
	16384 14656
	16384 14688
	6976 14688
4
	0 14688
	1248 14688
	1248 14720
	0 14720
4
	6976 14688
	16384 14688
	16384 14720
	6976 14720
4
	0 14720
	1248 14720
	1248 14752
	0 14752
4
	6976 14720
	16384 14720
	16384 14752
	6976 14752
4
	0 14752
	1024 14752
	1024 14784
	0 14784
4
	6784 14752
	16384 14752
	16384 14784
	6784 14784
4
	0 14784
	1024 14784
	1024 14816
	0 14816
4
	6784 14784
	16384 14784
	16384 14816
	6784 14816
4
	0 14816
	1024 14816
	1024 14848
	0 14848
4
	6784 14816
	16384 14816
	16384 14848
	6784 14848
4
	0 14848
	1024 14848
	1024 14880
	0 14880
4
	6784 14848
	16384 14848
	16384 14880
	6784 14880
4
	0 14880
	1024 14880
	1024 14912
	0 14912
4
	6784 14880
	16384 14880
	16384 14912
	6784 14912
4
	0 14912
	1024 14912
	1024 14944
	0 14944
4
	6784 14912
	16384 14912
	16384 14944
	6784 14944
4
	0 14944
	1024 14944
	1024 14976
	0 14976
4
	6784 14944
	16384 14944
	16384 14976
	6784 14976
4
	0 14976
	832 14976
	832 15008
	0 15008
4
	6560 14976
	16384 14976
	16384 15008
	6560 15008
4
	0 15008
	832 15008
	832 15040
	0 15040
4
	6560 15008
	16384 15008
	16384 15040
	6560 15040
4
	0 15040
	832 15040
	832 15072
	0 15072
4
	6560 15040
	16384 15040
	16384 15072
	6560 15072
4
	0 15072
	832 15072
	832 15104
	0 15104
4
	6560 15072
	16384 15072
	16384 15104
	6560 15104
4
	0 15104
	832 15104
	832 15136
	0 15136
4
	6560 15104
	16384 15104
	16384 15136
	6560 15136
4
	0 15136
	832 15136
	832 15168
	0 15168
4
	6560 15136
	16384 15136
	16384 15168
	6560 15168
4
	0 15168
	1024 15168
	1024 15200
	0 15200
4
	6368 15168
	16384 15168
	16384 15200
	6368 15200
4
	0 15200
	1024 15200
	1024 15232
	0 15232
4
	6368 15200
	16384 15200
	16384 15232
	6368 15232
4
	0 15232
	1024 15232
	1024 15264
	0 15264
4
	6368 15232
	16384 15232
	16384 15264
	6368 15264
4
	0 15264
	1024 15264
	1024 15296
	0 15296
4
	6368 15264
	16384 15264
	16384 15296
	6368 15296
4
	0 15296
	1024 15296
	1024 15328
	0 15328
4
	6368 15296
	16384 15296
	16384 15328
	6368 15328
4
	0 15328
	1024 15328
	1024 15360
	0 15360
4
	6368 15328
	16384 15328
	16384 15360
	6368 15360
4
	0 15360
	1248 15360
	1248 15392
	0 15392
4
	5344 15360
	5536 15360
	5536 15392
	5344 15392
4
	6368 15360
	16384 15360
	16384 15392
	6368 15392
4
	0 15392
	1248 15392
	1248 15424
	0 15424
4
	5344 15392
	5536 15392
	5536 15424
	5344 15424
4
	6368 15392
	16384 15392
	16384 15424
	6368 15424
4
	0 15424
	1248 15424
	1248 15456
	0 15456
4
	5344 15424
	5536 15424
	5536 15456
	5344 15456
4
	6368 15424
	16384 15424
	16384 15456
	6368 15456
4
	0 15456
	1248 15456
	1248 15488
	0 15488
4
	5344 15456
	5536 15456
	5536 15488
	5344 15488
4
	6368 15456
	16384 15456
	16384 15488
	6368 15488
4
	0 15488
	1248 15488
	1248 15520
	0 15520
4
	5344 15488
	5536 15488
	5536 15520
	5344 15520
4
	6368 15488
	16384 15488
	16384 15520
	6368 15520
4
	0 15520
	1248 15520
	1248 15552
	0 15552
4
	5344 15520
	5536 15520
	5536 15552
	5344 15552
4
	6368 15520
	16384 15520
	16384 15552
	6368 15552
4
	0 15552
	1248 15552
	1248 15584
	0 15584
4
	5344 15552
	5536 15552
	5536 15584
	5344 15584
4
	6368 15552
	16384 15552
	16384 15584
	6368 15584
4
	0 15584
	1024 15584
	1024 15616
	0 15616
4
	5344 15584
	5760 15584
	5760 15616
	5344 15616
4
	5952 15584
	16384 15584
	16384 15616
	5952 15616
4
	0 15616
	1024 15616
	1024 15648
	0 15648
4
	5344 15616
	5760 15616
	5760 15648
	5344 15648
4
	5952 15616
	16384 15616
	16384 15648
	5952 15648
4
	0 15648
	1024 15648
	1024 15680
	0 15680
4
	5344 15648
	5760 15648
	5760 15680
	5344 15680
4
	5952 15648
	16384 15648
	16384 15680
	5952 15680
4
	0 15680
	1024 15680
	1024 15712
	0 15712
4
	5344 15680
	5760 15680
	5760 15712
	5344 15712
4
	5952 15680
	16384 15680
	16384 15712
	5952 15712
4
	0 15712
	1024 15712
	1024 15744
	0 15744
4
	5344 15712
	5760 15712
	5760 15744
	5344 15744
4
	5952 15712
	16384 15712
	16384 15744
	5952 15744
4
	0 15744
	1024 15744
	1024 15776
	0 15776
4
	5344 15744
	5760 15744
	5760 15776
	5344 15776
4
	5952 15744
	16384 15744
	16384 15776
	5952 15776
4
	0 15776
	832 15776
	832 15808
	0 15808
4
	5952 15776
	16384 15776
	16384 15808
	5952 15808
4
	0 15808
	832 15808
	832 15840
	0 15840
4
	5952 15808
	16384 15808
	16384 15840
	5952 15840
4
	0 15840
	832 15840
	832 15872
	0 15872
4
	5952 15840
	16384 15840
	16384 15872
	5952 15872
4
	0 15872
	832 15872
	832 15904
	0 15904
4
	5952 15872
	16384 15872
	16384 15904
	5952 15904
4
	0 15904
	832 15904
	832 15936
	0 15936
4
	5952 15904
	16384 15904
	16384 15936
	5952 15936
4
	0 15936
	832 15936
	832 15968
	0 15968
4
	5952 15936
	16384 15936
	16384 15968
	5952 15968
4
	0 15968
	832 15968
	832 16000
	0 16000
4
	5952 15968
	16384 15968
	16384 16000
	5952 16000
4
	0 16000
	16384 16000
	16384 16032
	0 16032
4
	0 16032
	16384 16032
	16384 16064
	0 16064
4
	0 16064
	16384 16064
	16384 16096
	0 16096
4
	0 16096
	16384 16096
	16384 16128
	0 16128
4
	0 16128
	16384 16128
	16384 16160
	0 16160
4
	0 16160
	16384 16160
	16384 16192
	0 16192
4
	0 16192
	16384 16192
	16384 16224
	0 16224
4
	0 16224
	16384 16224
	16384 16256
	0 16256
4
	0 16256
	16384 16256
	16384 16288
	0 16288
4
	0 16288
	16384 16288
	16384 16320
	0 16320
4
	0 16320
	16384 16320
	16384 16352
	0 16352
4
	0 16352
	16384 16352
	16384 16384
	0 16384
4
	-32 -32
	16416 -32
	16416 0
	-32 0
4
	-32 16384
	16416 16384
	16416 16416
	-32 16416
4
	-32 0
	0 0
	0 16384
	-32 16384
4
	16384 0
	16416 0
	16416 16384
	16384 16384
