1260
4
	0 0
	16384 0
	16384 32
	0 32
4
	0 32
	16384 32
	16384 64
	0 64
4
	0 64
	16384 64
	16384 96
	0 96
4
	0 96
	16384 96
	16384 128
	0 128
4
	0 128
	16384 128
	16384 160
	0 160
4
	0 160
	16384 160
	16384 192
	0 192
4
	0 192
	16384 192
	16384 224
	0 224
4
	0 224
	16384 224
	16384 256
	0 256
4
	0 256
	16384 256
	16384 288
	0 288
4
	0 288
	16384 288
	16384 320
	0 320
4
	0 320
	16384 320
	16384 352
	0 352
4
	0 352
	16384 352
	16384 384
	0 384
4
	0 384
	16384 384
	16384 416
	0 416
4
	0 416
	16384 416
	16384 448
	0 448
4
	0 448
	16384 448
	16384 480
	0 480
4
	0 480
	16384 480
	16384 512
	0 512
4
	0 512
	16384 512
	16384 544
	0 544
4
	0 544
	16384 544
	16384 576
	0 576
4
	0 576
	16384 576
	16384 608
	0 608
4
	0 608
	16384 608
	16384 640
	0 640
4
	0 640
	16384 640
	16384 672
	0 672
4
	0 672
	16384 672
	16384 704
	0 704
4
	0 704
	16384 704
	16384 736
	0 736
4
	0 736
	16384 736
	16384 768
	0 768
4
	0 768
	16384 768
	16384 800
	0 800
4
	0 800
	16384 800
	16384 832
	0 832
4
	0 832
	16384 832
	16384 864
	0 864
4
	0 864
	16384 864
	16384 896
	0 896
4
	0 896
	16384 896
	16384 928
	0 928
4
	0 928
	16384 928
	16384 960
	0 960
4
	0 960
	16384 960
	16384 992
	0 992
4
	0 992
	16384 992
	16384 1024
	0 1024
4
	0 1024
	16384 1024
	16384 1056
	0 1056
4
	0 1056
	16384 1056
	16384 1088
	0 1088
4
	0 1088
	16384 1088
	16384 1120
	0 1120
4
	0 1120
	16384 1120
	16384 1152
	0 1152
4
	0 1152
	16384 1152
	16384 1184
	0 1184
4
	0 1184
	16384 1184
	16384 1216
	0 1216
4
	0 1216
	16384 1216
	16384 1248
	0 1248
4
	0 1248
	16384 1248
	16384 1280
	0 1280
4
	0 1280
	16384 1280
	16384 1312
	0 1312
4
	0 1312
	16384 1312
	16384 1344
	0 1344
4
	0 1344
	16384 1344
	16384 1376
	0 1376
4
	0 1376
	16384 1376
	16384 1408
	0 1408
4
	0 1408
	16384 1408
	16384 1440
	0 1440
4
	0 1440
	16384 1440
	16384 1472
	0 1472
4
	0 1472
	16384 1472
	16384 1504
	0 1504
4
	0 1504
	16384 1504
	16384 1536
	0 1536
4
	0 1536
	16384 1536
	16384 1568
	0 1568
4
	0 1568
	16384 1568
	16384 1600
	0 1600
4
	0 1600
	16384 1600
	16384 1632
	0 1632
4
	0 1632
	16384 1632
	16384 1664
	0 1664
4
	0 1664
	16384 1664
	16384 1696
	0 1696
4
	0 1696
	16384 1696
	16384 1728
	0 1728
4
	0 1728
	16384 1728
	16384 1760
	0 1760
4
	0 1760
	16384 1760
	16384 1792
	0 1792
4
	0 1792
	16384 1792
	16384 1824
	0 1824
4
	0 1824
	16384 1824
	16384 1856
	0 1856
4
	0 1856
	16384 1856
	16384 1888
	0 1888
4
	0 1888
	16384 1888
	16384 1920
	0 1920
4
	0 1920
	16384 1920
	16384 1952
	0 1952
4
	0 1952
	16384 1952
	16384 1984
	0 1984
4
	0 1984
	16384 1984
	16384 2016
	0 2016
4
	0 2016
	16384 2016
	16384 2048
	0 2048
4
	0 2048
	16384 2048
	16384 2080
	0 2080
4
	0 2080
	16384 2080
	16384 2112
	0 2112
4
	0 2112
	16384 2112
	16384 2144
	0 2144
4
	0 2144
	16384 2144
	16384 2176
	0 2176
4
	0 2176
	16384 2176
	16384 2208
	0 2208
4
	0 2208
	16384 2208
	16384 2240
	0 2240
4
	0 2240
	16384 2240
	16384 2272
	0 2272
4
	0 2272
	16384 2272
	16384 2304
	0 2304
4
	0 2304
	16384 2304
	16384 2336
	0 2336
4
	0 2336
	16384 2336
	16384 2368
	0 2368
4
	0 2368
	16384 2368
	16384 2400
	0 2400
4
	0 2400
	16384 2400
	16384 2432
	0 2432
4
	0 2432
	16384 2432
	16384 2464
	0 2464
4
	0 2464
	16384 2464
	16384 2496
	0 2496
4
	0 2496
	16384 2496
	16384 2528
	0 2528
4
	0 2528
	16384 2528
	16384 2560
	0 2560
4
	0 2560
	16384 2560
	16384 2592
	0 2592
4
	0 2592
	16384 2592
	16384 2624
	0 2624
4
	0 2624
	16384 2624
	16384 2656
	0 2656
4
	0 2656
	16384 2656
	16384 2688
	0 2688
4
	0 2688
	16384 2688
	16384 2720
	0 2720
4
	0 2720
	16384 2720
	16384 2752
	0 2752
4
	0 2752
	16384 2752
	16384 2784
	0 2784
4
	0 2784
	16384 2784
	16384 2816
	0 2816
4
	0 2816
	16384 2816
	16384 2848
	0 2848
4
	0 2848
	16384 2848
	16384 2880
	0 2880
4
	0 2880
	16384 2880
	16384 2912
	0 2912
4
	0 2912
	16384 2912
	16384 2944
	0 2944
4
	0 2944
	16384 2944
	16384 2976
	0 2976
4
	0 2976
	16384 2976
	16384 3008
	0 3008
4
	0 3008
	16384 3008
	16384 3040
	0 3040
4
	0 3040
	16384 3040
	16384 3072
	0 3072
4
	0 3072
	16384 3072
	16384 3104
	0 3104
4
	0 3104
	16384 3104
	16384 3136
	0 3136
4
	0 3136
	16384 3136
	16384 3168
	0 3168
4
	0 3168
	16384 3168
	16384 3200
	0 3200
4
	0 3200
	16384 3200
	16384 3232
	0 3232
4
	0 3232
	16384 3232
	16384 3264
	0 3264
4
	0 3264
	16384 3264
	16384 3296
	0 3296
4
	0 3296
	16384 3296
	16384 3328
	0 3328
4
	0 3328
	16384 3328
	16384 3360
	0 3360
4
	0 3360
	16384 3360
	16384 3392
	0 3392
4
	0 3392
	16384 3392
	16384 3424
	0 3424
4
	0 3424
	16384 3424
	16384 3456
	0 3456
4
	0 3456
	16384 3456
	16384 3488
	0 3488
4
	0 3488
	16384 3488
	16384 3520
	0 3520
4
	0 3520
	16384 3520
	16384 3552
	0 3552
4
	0 3552
	16384 3552
	16384 3584
	0 3584
4
	0 3584
	16384 3584
	16384 3616
	0 3616
4
	0 3616
	16384 3616
	16384 3648
	0 3648
4
	0 3648
	16384 3648
	16384 3680
	0 3680
4
	0 3680
	16384 3680
	16384 3712
	0 3712
4
	0 3712
	16384 3712
	16384 3744
	0 3744
4
	0 3744
	16384 3744
	16384 3776
	0 3776
4
	0 3776
	16384 3776
	16384 3808
	0 3808
4
	0 3808
	16384 3808
	16384 3840
	0 3840
4
	0 3840
	5056 3840
	5056 3872
	0 3872
4
	5856 3840
	16384 3840
	16384 3872
	5856 3872
4
	0 3872
	5056 3872
	5056 3904
	0 3904
4
	5856 3872
	16384 3872
	16384 3904
	5856 3904
4
	0 3904
	5056 3904
	5056 3936
	0 3936
4
	5856 3904
	16384 3904
	16384 3936
	5856 3936
4
	0 3936
	5056 3936
	5056 3968
	0 3968
4
	5856 3936
	16384 3936
	16384 3968
	5856 3968
4
	0 3968
	4576 3968
	4576 4000
	0 4000
4
	6464 3968
	16384 3968
	16384 4000
	6464 4000
4
	0 4000
	4576 4000
	4576 4032
	0 4032
4
	6464 4000
	16384 4000
	16384 4032
	6464 4032
4
	0 4032
	4576 4032
	4576 4064
	0 4064
4
	6464 4032
	16384 4032
	16384 4064
	6464 4064
4
	0 4064
	4576 4064
	4576 4096
	0 4096
4
	6464 4064
	16384 4064
	16384 4096
	6464 4096
4
	0 4096
	4256 4096
	4256 4128
	0 4128
4
	6784 4096
	16384 4096
	16384 4128
	6784 4128
4
	0 4128
	4256 4128
	4256 4160
	0 4160
4
	6784 4128
	16384 4128
	16384 4160
	6784 4160
4
	0 4160
	4256 4160
	4256 4192
	0 4192
4
	6784 4160
	16384 4160
	16384 4192
	6784 4192
4
	0 4192
	4256 4192
	4256 4224
	0 4224
4
	6784 4192
	16384 4192
	16384 4224
	6784 4224
4
	0 4224
	2688 4224
	2688 4256
	0 4256
4
	3968 4224
	4256 4224
	4256 4256
	3968 4256
4
	6944 4224
	16384 4224
	16384 4256
	6944 4256
4
	0 4256
	2688 4256
	2688 4288
	0 4288
4
	3968 4256
	4256 4256
	4256 4288
	3968 4288
4
	6944 4256
	16384 4256
	16384 4288
	6944 4288
4
	0 4288
	2688 4288
	2688 4320
	0 4320
4
	3968 4288
	4256 4288
	4256 4320
	3968 4320
4
	6944 4288
	16384 4288
	16384 4320
	6944 4320
4
	0 4320
	2688 4320
	2688 4352
	0 4352
4
	3968 4320
	4256 4320
	4256 4352
	3968 4352
4
	6944 4320
	16384 4320
	16384 4352
	6944 4352
4
	0 4352
	2528 4352
	2528 4384
	0 4384
4
	3328 4352
	3488 4352
	3488 4384
	3328 4384
4
	3968 4352
	4256 4352
	4256 4384
	3968 4384
4
	7104 4352
	16384 4352
	16384 4384
	7104 4384
4
	0 4384
	2528 4384
	2528 4416
	0 4416
4
	3328 4384
	3488 4384
	3488 4416
	3328 4416
4
	3968 4384
	4256 4384
	4256 4416
	3968 4416
4
	7104 4384
	16384 4384
	16384 4416
	7104 4416
4
	0 4416
	2528 4416
	2528 4448
	0 4448
4
	3328 4416
	3488 4416
	3488 4448
	3328 4448
4
	3968 4416
	4256 4416
	4256 4448
	3968 4448
4
	7104 4416
	16384 4416
	16384 4448
	7104 4448
4
	0 4448
	2528 4448
	2528 4480
	0 4480
4
	3328 4448
	3488 4448
	3488 4480
	3328 4480
4
	3968 4448
	4256 4448
	4256 4480
	3968 4480
4
	7104 4448
	16384 4448
	16384 4480
	7104 4480
4
	0 4480
	2048 4480
	2048 4512
	0 4512
4
	2208 4480
	2688 4480
	2688 4512
	2208 4512
4
	3328 4480
	3648 4480
	3648 4512
	3328 4512
4
	7264 4480
	16384 4480
	16384 4512
	7264 4512
4
	0 4512
	2048 4512
	2048 4544
	0 4544
4
	2208 4512
	2688 4512
	2688 4544
	2208 4544
4
	3328 4512
	3648 4512
	3648 4544
	3328 4544
4
	7264 4512
	16384 4512
	16384 4544
	7264 4544
4
	0 4544
	2048 4544
	2048 4576
	0 4576
4
	2208 4544
	2688 4544
	2688 4576
	2208 4576
4
	3328 4544
	3648 4544
	3648 4576
	3328 4576
4
	7264 4544
	16384 4544
	16384 4576
	7264 4576
4
	0 4576
	2048 4576
	2048 4608
	0 4608
4
	2208 4576
	2688 4576
	2688 4608
	2208 4608
4
	3328 4576
	3648 4576
	3648 4608
	3328 4608
4
	7264 4576
	16384 4576
	16384 4608
	7264 4608
4
	0 4608
	1920 4608
	1920 4640
	0 4640
4
	2368 4608
	2848 4608
	2848 4640
	2368 4640
4
	3168 4608
	3648 4608
	3648 4640
	3168 4640
4
	7424 4608
	16384 4608
	16384 4640
	7424 4640
4
	0 4640
	1920 4640
	1920 4672
	0 4672
4
	2368 4640
	2848 4640
	2848 4672
	2368 4672
4
	3168 4640
	3648 4640
	3648 4672
	3168 4672
4
	7424 4640
	16384 4640
	16384 4672
	7424 4672
4
	0 4672
	1920 4672
	1920 4704
	0 4704
4
	2368 4672
	2848 4672
	2848 4704
	2368 4704
4
	3168 4672
	3648 4672
	3648 4704
	3168 4704
4
	7424 4672
	16384 4672
	16384 4704
	7424 4704
4
	0 4704
	1920 4704
	1920 4736
	0 4736
4
	2368 4704
	2848 4704
	2848 4736
	2368 4736
4
	3168 4704
	3648 4704
	3648 4736
	3168 4736
4
	7424 4704
	16384 4704
	16384 4736
	7424 4736
4
	0 4736
	1760 4736
	1760 4768
	0 4768
4
	2688 4736
	2848 4736
	2848 4768
	2688 4768
4
	7424 4736
	16384 4736
	16384 4768
	7424 4768
4
	0 4768
	1760 4768
	1760 4800
	0 4800
4
	2688 4768
	2848 4768
	2848 4800
	2688 4800
4
	7424 4768
	16384 4768
	16384 4800
	7424 4800
4
	0 4800
	1760 4800
	1760 4832
	0 4832
4
	2688 4800
	2848 4800
	2848 4832
	2688 4832
4
	7424 4800
	16384 4800
	16384 4832
	7424 4832
4
	0 4832
	1760 4832
	1760 4864
	0 4864
4
	2688 4832
	2848 4832
	2848 4864
	2688 4864
4
	7424 4832
	16384 4832
	16384 4864
	7424 4864
4
	0 4864
	1760 4864
	1760 4896
	0 4896
4
	6304 4864
	6624 4864
	6624 4896
	6304 4896
4
	7424 4864
	16384 4864
	16384 4896
	7424 4896
4
	0 4896
	1760 4896
	1760 4928
	0 4928
4
	6304 4896
	6624 4896
	6624 4928
	6304 4928
4
	7424 4896
	16384 4896
	16384 4928
	7424 4928
4
	0 4928
	1760 4928
	1760 4960
	0 4960
4
	6304 4928
	6624 4928
	6624 4960
	6304 4960
4
	7424 4928
	16384 4928
	16384 4960
	7424 4960
4
	0 4960
	1760 4960
	1760 4992
	0 4992
4
	6304 4960
	6624 4960
	6624 4992
	6304 4992
4
	7424 4960
	16384 4960
	16384 4992
	7424 4992
4
	0 4992
	1760 4992
	1760 5024
	0 5024
4
	6304 4992
	6624 4992
	6624 5024
	6304 5024
4
	7424 4992
	16384 4992
	16384 5024
	7424 5024
4
	0 5024
	1760 5024
	1760 5056
	0 5056
4
	6304 5024
	6624 5024
	6624 5056
	6304 5056
4
	7424 5024
	16384 5024
	16384 5056
	7424 5056
4
	0 5056
	1760 5056
	1760 5088
	0 5088
4
	6304 5056
	6624 5056
	6624 5088
	6304 5088
4
	7424 5056
	16384 5056
	16384 5088
	7424 5088
4
	0 5088
	1760 5088
	1760 5120
	0 5120
4
	6304 5088
	6624 5088
	6624 5120
	6304 5120
4
	7424 5088
	16384 5088
	16384 5120
	7424 5120
4
	0 5120
	1760 5120
	1760 5152
	0 5152
4
	7424 5120
	16384 5120
	16384 5152
	7424 5152
4
	0 5152
	1760 5152
	1760 5184
	0 5184
4
	7424 5152
	16384 5152
	16384 5184
	7424 5184
4
	0 5184
	1760 5184
	1760 5216
	0 5216
4
	7424 5184
	16384 5184
	16384 5216
	7424 5216
4
	0 5216
	1760 5216
	1760 5248
	0 5248
4
	7424 5216
	16384 5216
	16384 5248
	7424 5248
4
	0 5248
	1760 5248
	1760 5280
	0 5280
4
	7424 5248
	16384 5248
	16384 5280
	7424 5280
4
	0 5280
	1760 5280
	1760 5312
	0 5312
4
	7424 5280
	16384 5280
	16384 5312
	7424 5312
4
	0 5312
	1760 5312
	1760 5344
	0 5344
4
	7424 5312
	16384 5312
	16384 5344
	7424 5344
4
	0 5344
	1760 5344
	1760 5376
	0 5376
4
	7424 5344
	16384 5344
	16384 5376
	7424 5376
4
	0 5376
	1760 5376
	1760 5408
	0 5408
4
	7744 5376
	16384 5376
	16384 5408
	7744 5408
4
	0 5408
	1760 5408
	1760 5440
	0 5440
4
	7744 5408
	16384 5408
	16384 5440
	7744 5440
4
	0 5440
	1760 5440
	1760 5472
	0 5472
4
	7744 5440
	16384 5440
	16384 5472
	7744 5472
4
	0 5472
	1760 5472
	1760 5504
	0 5504
4
	7744 5472
	16384 5472
	16384 5504
	7744 5504
4
	0 5504
	1760 5504
	1760 5536
	0 5536
4
	6784 5504
	7104 5504
	7104 5536
	6784 5536
4
	7904 5504
	16384 5504
	16384 5536
	7904 5536
4
	0 5536
	1760 5536
	1760 5568
	0 5568
4
	6784 5536
	7104 5536
	7104 5568
	6784 5568
4
	7904 5536
	16384 5536
	16384 5568
	7904 5568
4
	0 5568
	1760 5568
	1760 5600
	0 5600
4
	6784 5568
	7104 5568
	7104 5600
	6784 5600
4
	7904 5568
	16384 5568
	16384 5600
	7904 5600
4
	0 5600
	1760 5600
	1760 5632
	0 5632
4
	6784 5600
	7104 5600
	7104 5632
	6784 5632
4
	7904 5600
	16384 5600
	16384 5632
	7904 5632
4
	0 5632
	1760 5632
	1760 5664
	0 5664
4
	6784 5632
	7104 5632
	7104 5664
	6784 5664
4
	8064 5632
	16384 5632
	16384 5664
	8064 5664
4
	0 5664
	1760 5664
	1760 5696
	0 5696
4
	6784 5664
	7104 5664
	7104 5696
	6784 5696
4
	8064 5664
	16384 5664
	16384 5696
	8064 5696
4
	0 5696
	1760 5696
	1760 5728
	0 5728
4
	6784 5696
	7104 5696
	7104 5728
	6784 5728
4
	8064 5696
	16384 5696
	16384 5728
	8064 5728
4
	0 5728
	1760 5728
	1760 5760
	0 5760
4
	6784 5728
	7104 5728
	7104 5760
	6784 5760
4
	8064 5728
	16384 5728
	16384 5760
	8064 5760
4
	0 5760
	1760 5760
	1760 5792
	0 5792
4
	8192 5760
	11360 5760
	11360 5792
	8192 5792
4
	11680 5760
	16384 5760
	16384 5792
	11680 5792
4
	0 5792
	1760 5792
	1760 5824
	0 5824
4
	8192 5792
	11360 5792
	11360 5824
	8192 5824
4
	11680 5792
	16384 5792
	16384 5824
	11680 5824
4
	0 5824
	1760 5824
	1760 5856
	0 5856
4
	8192 5824
	11360 5824
	11360 5856
	8192 5856
4
	11680 5824
	16384 5824
	16384 5856
	11680 5856
4
	0 5856
	1760 5856
	1760 5888
	0 5888
4
	8192 5856
	11360 5856
	11360 5888
	8192 5888
4
	11680 5856
	16384 5856
	16384 5888
	11680 5888
4
	0 5888
	1760 5888
	1760 5920
	0 5920
4
	8192 5888
	11040 5888
	11040 5920
	8192 5920
4
	11680 5888
	12000 5888
	12000 5920
	11680 5920
4
	12448 5888
	16384 5888
	16384 5920
	12448 5920
4
	0 5920
	1760 5920
	1760 5952
	0 5952
4
	8192 5920
	11040 5920
	11040 5952
	8192 5952
4
	11680 5920
	12000 5920
	12000 5952
	11680 5952
4
	12448 5920
	16384 5920
	16384 5952
	12448 5952
4
	0 5952
	1760 5952
	1760 5984
	0 5984
4
	8192 5952
	11040 5952
	11040 5984
	8192 5984
4
	11680 5952
	12000 5952
	12000 5984
	11680 5984
4
	12448 5952
	16384 5952
	16384 5984
	12448 5984
4
	0 5984
	1760 5984
	1760 6016
	0 6016
4
	8192 5984
	11040 5984
	11040 6016
	8192 6016
4
	11680 5984
	12000 5984
	12000 6016
	11680 6016
4
	12448 5984
	16384 5984
	16384 6016
	12448 6016
4
	0 6016
	1760 6016
	1760 6048
	0 6048
4
	6784 6016
	7264 6016
	7264 6048
	6784 6048
4
	8352 6016
	10720 6016
	10720 6048
	8352 6048
4
	12608 6016
	16384 6016
	16384 6048
	12608 6048
4
	0 6048
	1760 6048
	1760 6080
	0 6080
4
	6784 6048
	7264 6048
	7264 6080
	6784 6080
4
	8352 6048
	10720 6048
	10720 6080
	8352 6080
4
	12608 6048
	16384 6048
	16384 6080
	12608 6080
4
	0 6080
	1760 6080
	1760 6112
	0 6112
4
	6784 6080
	7264 6080
	7264 6112
	6784 6112
4
	8352 6080
	10720 6080
	10720 6112
	8352 6112
4
	12608 6080
	16384 6080
	16384 6112
	12608 6112
4
	0 6112
	1760 6112
	1760 6144
	0 6144
4
	6784 6112
	7264 6112
	7264 6144
	6784 6144
4
	8352 6112
	10720 6112
	10720 6144
	8352 6144
4
	12608 6112
	16384 6112
	16384 6144
	12608 6144
4
	0 6144
	1920 6144
	1920 6176
	0 6176
4
	6784 6144
	7264 6144
	7264 6176
	6784 6176
4
	8512 6144
	10400 6144
	10400 6176
	8512 6176
4
	12768 6144
	16384 6144
	16384 6176
	12768 6176
4
	0 6176
	1920 6176
	1920 6208
	0 6208
4
	6784 6176
	7264 6176
	7264 6208
	6784 6208
4
	8512 6176
	10400 6176
	10400 6208
	8512 6208
4
	12768 6176
	16384 6176
	16384 6208
	12768 6208
4
	0 6208
	1920 6208
	1920 6240
	0 6240
4
	6784 6208
	7264 6208
	7264 6240
	6784 6240
4
	8512 6208
	10400 6208
	10400 6240
	8512 6240
4
	12768 6208
	16384 6208
	16384 6240
	12768 6240
4
	0 6240
	1920 6240
	1920 6272
	0 6272
4
	6784 6240
	7264 6240
	7264 6272
	6784 6272
4
	8512 6240
	10400 6240
	10400 6272
	8512 6272
4
	12768 6240
	16384 6240
	16384 6272
	12768 6272
4
	0 6272
	1920 6272
	1920 6304
	0 6304
4
	8512 6272
	10240 6272
	10240 6304
	8512 6304
4
	13088 6272
	16384 6272
	16384 6304
	13088 6304
4
	0 6304
	1920 6304
	1920 6336
	0 6336
4
	8512 6304
	10240 6304
	10240 6336
	8512 6336
4
	13088 6304
	16384 6304
	16384 6336
	13088 6336
4
	0 6336
	1920 6336
	1920 6368
	0 6368
4
	8512 6336
	10240 6336
	10240 6368
	8512 6368
4
	13088 6336
	16384 6336
	16384 6368
	13088 6368
4
	0 6368
	1920 6368
	1920 6400
	0 6400
4
	8512 6368
	10240 6368
	10240 6400
	8512 6400
4
	13088 6368
	16384 6368
	16384 6400
	13088 6400
4
	0 6400
	1920 6400
	1920 6432
	0 6432
4
	8512 6400
	10112 6400
	10112 6432
	8512 6432
4
	11360 6400
	11680 6400
	11680 6432
	11360 6432
4
	12000 6400
	12288 6400
	12288 6432
	12000 6432
4
	13248 6400
	16384 6400
	16384 6432
	13248 6432
4
	0 6432
	1920 6432
	1920 6464
	0 6464
4
	8512 6432
	10112 6432
	10112 6464
	8512 6464
4
	11360 6432
	11680 6432
	11680 6464
	11360 6464
4
	12000 6432
	12288 6432
	12288 6464
	12000 6464
4
	13248 6432
	16384 6432
	16384 6464
	13248 6464
4
	0 6464
	1920 6464
	1920 6496
	0 6496
4
	8512 6464
	10112 6464
	10112 6496
	8512 6496
4
	11360 6464
	11680 6464
	11680 6496
	11360 6496
4
	12000 6464
	12288 6464
	12288 6496
	12000 6496
4
	13248 6464
	16384 6464
	16384 6496
	13248 6496
4
	0 6496
	1920 6496
	1920 6528
	0 6528
4
	8512 6496
	10112 6496
	10112 6528
	8512 6528
4
	11360 6496
	11680 6496
	11680 6528
	11360 6528
4
	12000 6496
	12288 6496
	12288 6528
	12000 6528
4
	13248 6496
	16384 6496
	16384 6528
	13248 6528
4
	0 6528
	2048 6528
	2048 6560
	0 6560
4
	8512 6528
	9952 6528
	9952 6560
	8512 6560
4
	11200 6528
	12288 6528
	12288 6560
	11200 6560
4
	13088 6528
	16384 6528
	16384 6560
	13088 6560
4
	0 6560
	2048 6560
	2048 6592
	0 6592
4
	8512 6560
	9952 6560
	9952 6592
	8512 6592
4
	11200 6560
	12288 6560
	12288 6592
	11200 6592
4
	13088 6560
	16384 6560
	16384 6592
	13088 6592
4
	0 6592
	2048 6592
	2048 6624
	0 6624
4
	8512 6592
	9952 6592
	9952 6624
	8512 6624
4
	11200 6592
	12288 6592
	12288 6624
	11200 6624
4
	13088 6592
	16384 6592
	16384 6624
	13088 6624
4
	0 6624
	2048 6624
	2048 6656
	0 6656
4
	8512 6624
	9952 6624
	9952 6656
	8512 6656
4
	11200 6624
	12288 6624
	12288 6656
	11200 6656
4
	13088 6624
	16384 6624
	16384 6656
	13088 6656
4
	0 6656
	2048 6656
	2048 6688
	0 6688
4
	8352 6656
	9952 6656
	9952 6688
	8352 6688
4
	10880 6656
	12288 6656
	12288 6688
	10880 6688
4
	13088 6656
	16384 6656
	16384 6688
	13088 6688
4
	0 6688
	2048 6688
	2048 6720
	0 6720
4
	8352 6688
	9952 6688
	9952 6720
	8352 6720
4
	10880 6688
	12288 6688
	12288 6720
	10880 6720
4
	13088 6688
	16384 6688
	16384 6720
	13088 6720
4
	0 6720
	2048 6720
	2048 6752
	0 6752
4
	8352 6720
	9952 6720
	9952 6752
	8352 6752
4
	10880 6720
	12288 6720
	12288 6752
	10880 6752
4
	13088 6720
	16384 6720
	16384 6752
	13088 6752
4
	0 6752
	2048 6752
	2048 6784
	0 6784
4
	8352 6752
	9952 6752
	9952 6784
	8352 6784
4
	10880 6752
	12288 6752
	12288 6784
	10880 6784
4
	13088 6752
	16384 6752
	16384 6784
	13088 6784
4
	0 6784
	2048 6784
	2048 6816
	0 6816
4
	8192 6784
	9952 6784
	9952 6816
	8192 6816
4
	10880 6784
	12160 6784
	12160 6816
	10880 6816
4
	13088 6784
	16384 6784
	16384 6816
	13088 6816
4
	0 6816
	2048 6816
	2048 6848
	0 6848
4
	8192 6816
	9952 6816
	9952 6848
	8192 6848
4
	10880 6816
	12160 6816
	12160 6848
	10880 6848
4
	13088 6816
	16384 6816
	16384 6848
	13088 6848
4
	0 6848
	2048 6848
	2048 6880
	0 6880
4
	8192 6848
	9952 6848
	9952 6880
	8192 6880
4
	10880 6848
	12160 6848
	12160 6880
	10880 6880
4
	13088 6848
	16384 6848
	16384 6880
	13088 6880
4
	0 6880
	2048 6880
	2048 6912
	0 6912
4
	8192 6880
	9952 6880
	9952 6912
	8192 6912
4
	10880 6880
	12160 6880
	12160 6912
	10880 6912
4
	13088 6880
	16384 6880
	16384 6912
	13088 6912
4
	0 6912
	2208 6912
	2208 6944
	0 6944
4
	8064 6912
	10240 6912
	10240 6944
	8064 6944
4
	11200 6912
	12288 6912
	12288 6944
	11200 6944
4
	13088 6912
	16384 6912
	16384 6944
	13088 6944
4
	0 6944
	2208 6944
	2208 6976
	0 6976
4
	8064 6944
	10240 6944
	10240 6976
	8064 6976
4
	11200 6944
	12288 6944
	12288 6976
	11200 6976
4
	13088 6944
	16384 6944
	16384 6976
	13088 6976
4
	0 6976
	2208 6976
	2208 7008
	0 7008
4
	8064 6976
	10240 6976
	10240 7008
	8064 7008
4
	11200 6976
	12288 6976
	12288 7008
	11200 7008
4
	13088 6976
	16384 6976
	16384 7008
	13088 7008
4
	0 7008
	2208 7008
	2208 7040
	0 7040
4
	8064 7008
	10240 7008
	10240 7040
	8064 7040
4
	11200 7008
	12288 7008
	12288 7040
	11200 7040
4
	13088 7008
	16384 7008
	16384 7040
	13088 7040
4
	0 7040
	2208 7040
	2208 7072
	0 7072
4
	7904 7040
	9792 7040
	9792 7072
	7904 7072
4
	9952 7040
	10240 7040
	10240 7072
	9952 7072
4
	11360 7040
	12288 7040
	12288 7072
	11360 7072
4
	13408 7040
	16384 7040
	16384 7072
	13408 7072
4
	0 7072
	2208 7072
	2208 7104
	0 7104
4
	7904 7072
	9792 7072
	9792 7104
	7904 7104
4
	9952 7072
	10240 7072
	10240 7104
	9952 7104
4
	11360 7072
	12288 7072
	12288 7104
	11360 7104
4
	13408 7072
	16384 7072
	16384 7104
	13408 7104
4
	0 7104
	2208 7104
	2208 7136
	0 7136
4
	7904 7104
	9792 7104
	9792 7136
	7904 7136
4
	9952 7104
	10240 7104
	10240 7136
	9952 7136
4
	11360 7104
	12288 7104
	12288 7136
	11360 7136
4
	13408 7104
	16384 7104
	16384 7136
	13408 7136
4
	0 7136
	2208 7136
	2208 7168
	0 7168
4
	7904 7136
	9792 7136
	9792 7168
	7904 7168
4
	9952 7136
	10240 7136
	10240 7168
	9952 7168
4
	11360 7136
	12288 7136
	12288 7168
	11360 7168
4
	13408 7136
	16384 7136
	16384 7168
	13408 7168
4
	0 7168
	2368 7168
	2368 7200
	0 7200
4
	7744 7168
	9792 7168
	9792 7200
	7744 7200
4
	11520 7168
	12160 7168
	12160 7200
	11520 7200
4
	13248 7168
	16384 7168
	16384 7200
	13248 7200
4
	0 7200
	2368 7200
	2368 7232
	0 7232
4
	7744 7200
	9792 7200
	9792 7232
	7744 7232
4
	11520 7200
	12160 7200
	12160 7232
	11520 7232
4
	13248 7200
	16384 7200
	16384 7232
	13248 7232
4
	0 7232
	2368 7232
	2368 7264
	0 7264
4
	7744 7232
	9792 7232
	9792 7264
	7744 7264
4
	11520 7232
	12160 7232
	12160 7264
	11520 7264
4
	13248 7232
	16384 7232
	16384 7264
	13248 7264
4
	0 7264
	2368 7264
	2368 7296
	0 7296
4
	7744 7264
	9792 7264
	9792 7296
	7744 7296
4
	11520 7264
	12160 7264
	12160 7296
	11520 7296
4
	13248 7264
	16384 7264
	16384 7296
	13248 7296
4
	0 7296
	2368 7296
	2368 7328
	0 7328
4
	7584 7296
	8672 7296
	8672 7328
	7584 7328
4
	9312 7296
	9792 7296
	9792 7328
	9312 7328
4
	11680 7296
	12000 7296
	12000 7328
	11680 7328
4
	12768 7296
	16384 7296
	16384 7328
	12768 7328
4
	0 7328
	2368 7328
	2368 7360
	0 7360
4
	7584 7328
	8672 7328
	8672 7360
	7584 7360
4
	9312 7328
	9792 7328
	9792 7360
	9312 7360
4
	11680 7328
	12000 7328
	12000 7360
	11680 7360
4
	12768 7328
	16384 7328
	16384 7360
	12768 7360
4
	0 7360
	2368 7360
	2368 7392
	0 7392
4
	7584 7360
	8672 7360
	8672 7392
	7584 7392
4
	9312 7360
	9792 7360
	9792 7392
	9312 7392
4
	11680 7360
	12000 7360
	12000 7392
	11680 7392
4
	12768 7360
	16384 7360
	16384 7392
	12768 7392
4
	0 7392
	2368 7392
	2368 7424
	0 7424
4
	7584 7392
	8672 7392
	8672 7424
	7584 7424
4
	9312 7392
	9792 7392
	9792 7424
	9312 7424
4
	11680 7392
	12000 7392
	12000 7424
	11680 7424
4
	12768 7392
	16384 7392
	16384 7424
	12768 7424
4
	0 7424
	2528 7424
	2528 7456
	0 7456
4
	7264 7424
	8352 7424
	8352 7456
	7264 7456
4
	9312 7424
	9792 7424
	9792 7456
	9312 7456
4
	12448 7424
	16384 7424
	16384 7456
	12448 7456
4
	0 7456
	2528 7456
	2528 7488
	0 7488
4
	7264 7456
	8352 7456
	8352 7488
	7264 7488
4
	9312 7456
	9792 7456
	9792 7488
	9312 7488
4
	12448 7456
	16384 7456
	16384 7488
	12448 7488
4
	0 7488
	2528 7488
	2528 7520
	0 7520
4
	7264 7488
	8352 7488
	8352 7520
	7264 7520
4
	9312 7488
	9792 7488
	9792 7520
	9312 7520
4
	12448 7488
	16384 7488
	16384 7520
	12448 7520
4
	0 7520
	2528 7520
	2528 7552
	0 7552
4
	7264 7520
	8352 7520
	8352 7552
	7264 7552
4
	9312 7520
	9792 7520
	9792 7552
	9312 7552
4
	12448 7520
	16384 7520
	16384 7552
	12448 7552
4
	0 7552
	2528 7552
	2528 7584
	0 7584
4
	7104 7552
	8192 7552
	8192 7584
	7104 7584
4
	9312 7552
	9792 7552
	9792 7584
	9312 7584
4
	12608 7552
	16384 7552
	16384 7584
	12608 7584
4
	0 7584
	2528 7584
	2528 7616
	0 7616
4
	7104 7584
	8192 7584
	8192 7616
	7104 7616
4
	9312 7584
	9792 7584
	9792 7616
	9312 7616
4
	12608 7584
	16384 7584
	16384 7616
	12608 7616
4
	0 7616
	2528 7616
	2528 7648
	0 7648
4
	7104 7616
	8192 7616
	8192 7648
	7104 7648
4
	9312 7616
	9792 7616
	9792 7648
	9312 7648
4
	12608 7616
	16384 7616
	16384 7648
	12608 7648
4
	0 7648
	2528 7648
	2528 7680
	0 7680
4
	7104 7648
	8192 7648
	8192 7680
	7104 7680
4
	9312 7648
	9792 7648
	9792 7680
	9312 7680
4
	12608 7648
	16384 7648
	16384 7680
	12608 7680
4
	0 7680
	2848 7680
	2848 7712
	0 7712
4
	6464 7680
	8064 7680
	8064 7712
	6464 7712
4
	9472 7680
	9792 7680
	9792 7712
	9472 7712
4
	12768 7680
	16384 7680
	16384 7712
	12768 7712
4
	0 7712
	2848 7712
	2848 7744
	0 7744
4
	6464 7712
	8064 7712
	8064 7744
	6464 7744
4
	9472 7712
	9792 7712
	9792 7744
	9472 7744
4
	12768 7712
	16384 7712
	16384 7744
	12768 7744
4
	0 7744
	2848 7744
	2848 7776
	0 7776
4
	6464 7744
	8064 7744
	8064 7776
	6464 7776
4
	9472 7744
	9792 7744
	9792 7776
	9472 7776
4
	12768 7744
	16384 7744
	16384 7776
	12768 7776
4
	0 7776
	2848 7776
	2848 7808
	0 7808
4
	6464 7776
	8064 7776
	8064 7808
	6464 7808
4
	9472 7776
	9792 7776
	9792 7808
	9472 7808
4
	12768 7776
	16384 7776
	16384 7808
	12768 7808
4
	0 7808
	2848 7808
	2848 7840
	0 7840
4
	6624 7808
	7744 7808
	7744 7840
	6624 7840
4
	9472 7808
	9792 7808
	9792 7840
	9472 7840
4
	12928 7808
	16384 7808
	16384 7840
	12928 7840
4
	0 7840
	2848 7840
	2848 7872
	0 7872
4
	6624 7840
	7744 7840
	7744 7872
	6624 7872
4
	9472 7840
	9792 7840
	9792 7872
	9472 7872
4
	12928 7840
	16384 7840
	16384 7872
	12928 7872
4
	0 7872
	2848 7872
	2848 7904
	0 7904
4
	6624 7872
	7744 7872
	7744 7904
	6624 7904
4
	9472 7872
	9792 7872
	9792 7904
	9472 7904
4
	12928 7872
	16384 7872
	16384 7904
	12928 7904
4
	0 7904
	2848 7904
	2848 7936
	0 7936
4
	6624 7904
	7744 7904
	7744 7936
	6624 7936
4
	9472 7904
	9792 7904
	9792 7936
	9472 7936
4
	12928 7904
	16384 7904
	16384 7936
	12928 7936
4
	0 7936
	2848 7936
	2848 7968
	0 7968
4
	6624 7936
	7744 7936
	7744 7968
	6624 7968
4
	9472 7936
	9952 7936
	9952 7968
	9472 7968
4
	11680 7936
	12000 7936
	12000 7968
	11680 7968
4
	13088 7936
	16384 7936
	16384 7968
	13088 7968
4
	0 7968
	2848 7968
	2848 8000
	0 8000
4
	6624 7968
	7744 7968
	7744 8000
	6624 8000
4
	9472 7968
	9952 7968
	9952 8000
	9472 8000
4
	11680 7968
	12000 7968
	12000 8000
	11680 8000
4
	13088 7968
	16384 7968
	16384 8000
	13088 8000
4
	0 8000
	2848 8000
	2848 8032
	0 8032
4
	6624 8000
	7744 8000
	7744 8032
	6624 8032
4
	9472 8000
	9952 8000
	9952 8032
	9472 8032
4
	11680 8000
	12000 8000
	12000 8032
	11680 8032
4
	13088 8000
	16384 8000
	16384 8032
	13088 8032
4
	0 8032
	2848 8032
	2848 8064
	0 8064
4
	6624 8032
	7744 8032
	7744 8064
	6624 8064
4
	9472 8032
	9952 8032
	9952 8064
	9472 8064
4
	11680 8032
	12000 8032
	12000 8064
	11680 8064
4
	13088 8032
	16384 8032
	16384 8064
	13088 8064
4
	0 8064
	3008 8064
	3008 8096
	0 8096
4
	6784 8064
	7424 8064
	7424 8096
	6784 8096
4
	9632 8064
	10400 8064
	10400 8096
	9632 8096
4
	11840 8064
	12160 8064
	12160 8096
	11840 8096
4
	13088 8064
	16384 8064
	16384 8096
	13088 8096
4
	0 8096
	3008 8096
	3008 8128
	0 8128
4
	6784 8096
	7424 8096
	7424 8128
	6784 8128
4
	9632 8096
	10400 8096
	10400 8128
	9632 8128
4
	11840 8096
	12160 8096
	12160 8128
	11840 8128
4
	13088 8096
	16384 8096
	16384 8128
	13088 8128
4
	0 8128
	3008 8128
	3008 8160
	0 8160
4
	6784 8128
	7424 8128
	7424 8160
	6784 8160
4
	9632 8128
	10400 8128
	10400 8160
	9632 8160
4
	11840 8128
	12160 8128
	12160 8160
	11840 8160
4
	13088 8128
	16384 8128
	16384 8160
	13088 8160
4
	0 8160
	3008 8160
	3008 8192
	0 8192
4
	6784 8160
	7424 8160
	7424 8192
	6784 8192
4
	9632 8160
	10400 8160
	10400 8192
	9632 8192
4
	11840 8160
	12160 8160
	12160 8192
	11840 8192
4
	13088 8160
	16384 8160
	16384 8192
	13088 8192
4
	0 8192
	3168 8192
	3168 8224
	0 8224
4
	5536 8192
	5856 8192
	5856 8224
	5536 8224
4
	6784 8192
	7104 8192
	7104 8224
	6784 8224
4
	9632 8192
	10112 8192
	10112 8224
	9632 8224
4
	12000 8192
	12288 8192
	12288 8224
	12000 8224
4
	13248 8192
	16384 8192
	16384 8224
	13248 8224
4
	0 8224
	3168 8224
	3168 8256
	0 8256
4
	5536 8224
	5856 8224
	5856 8256
	5536 8256
4
	6784 8224
	7104 8224
	7104 8256
	6784 8256
4
	9632 8224
	10112 8224
	10112 8256
	9632 8256
4
	12000 8224
	12288 8224
	12288 8256
	12000 8256
4
	13248 8224
	16384 8224
	16384 8256
	13248 8256
4
	0 8256
	3168 8256
	3168 8288
	0 8288
4
	5536 8256
	5856 8256
	5856 8288
	5536 8288
4
	6784 8256
	7104 8256
	7104 8288
	6784 8288
4
	9632 8256
	10112 8256
	10112 8288
	9632 8288
4
	12000 8256
	12288 8256
	12288 8288
	12000 8288
4
	13248 8256
	16384 8256
	16384 8288
	13248 8288
4
	0 8288
	3168 8288
	3168 8320
	0 8320
4
	5536 8288
	5856 8288
	5856 8320
	5536 8320
4
	6784 8288
	7104 8288
	7104 8320
	6784 8320
4
	9632 8288
	10112 8288
	10112 8320
	9632 8320
4
	12000 8288
	12288 8288
	12288 8320
	12000 8320
4
	13248 8288
	16384 8288
	16384 8320
	13248 8320
4
	0 8320
	3328 8320
	3328 8352
	0 8352
4
	5376 8320
	5856 8320
	5856 8352
	5376 8352
4
	6944 8320
	7104 8320
	7104 8352
	6944 8352
4
	9632 8320
	9952 8320
	9952 8352
	9632 8352
4
	12160 8320
	12448 8320
	12448 8352
	12160 8352
4
	13408 8320
	16384 8320
	16384 8352
	13408 8352
4
	0 8352
	3328 8352
	3328 8384
	0 8384
4
	5376 8352
	5856 8352
	5856 8384
	5376 8384
4
	6944 8352
	7104 8352
	7104 8384
	6944 8384
4
	9632 8352
	9952 8352
	9952 8384
	9632 8384
4
	12160 8352
	12448 8352
	12448 8384
	12160 8384
4
	13408 8352
	16384 8352
	16384 8384
	13408 8384
4
	0 8384
	3328 8384
	3328 8416
	0 8416
4
	5376 8384
	5856 8384
	5856 8416
	5376 8416
4
	6944 8384
	7104 8384
	7104 8416
	6944 8416
4
	9632 8384
	9952 8384
	9952 8416
	9632 8416
4
	12160 8384
	12448 8384
	12448 8416
	12160 8416
4
	13408 8384
	16384 8384
	16384 8416
	13408 8416
4
	0 8416
	3328 8416
	3328 8448
	0 8448
4
	5376 8416
	5856 8416
	5856 8448
	5376 8448
4
	6944 8416
	7104 8416
	7104 8448
	6944 8448
4
	9632 8416
	9952 8416
	9952 8448
	9632 8448
4
	12160 8416
	12448 8416
	12448 8448
	12160 8448
4
	13408 8416
	16384 8416
	16384 8448
	13408 8448
4
	0 8448
	3488 8448
	3488 8480
	0 8480
4
	5216 8448
	6016 8448
	6016 8480
	5216 8480
4
	9632 8448
	9952 8448
	9952 8480
	9632 8480
4
	10560 8448
	10720 8448
	10720 8480
	10560 8480
4
	12160 8448
	12608 8448
	12608 8480
	12160 8480
4
	13568 8448
	16384 8448
	16384 8480
	13568 8480
4
	0 8480
	3488 8480
	3488 8512
	0 8512
4
	5216 8480
	6016 8480
	6016 8512
	5216 8512
4
	9632 8480
	9952 8480
	9952 8512
	9632 8512
4
	10560 8480
	10720 8480
	10720 8512
	10560 8512
4
	12160 8480
	12608 8480
	12608 8512
	12160 8512
4
	13568 8480
	16384 8480
	16384 8512
	13568 8512
4
	0 8512
	3488 8512
	3488 8544
	0 8544
4
	5216 8512
	6016 8512
	6016 8544
	5216 8544
4
	9632 8512
	9952 8512
	9952 8544
	9632 8544
4
	10560 8512
	10720 8512
	10720 8544
	10560 8544
4
	12160 8512
	12608 8512
	12608 8544
	12160 8544
4
	13568 8512
	16384 8512
	16384 8544
	13568 8544
4
	0 8544
	3488 8544
	3488 8576
	0 8576
4
	5216 8544
	6016 8544
	6016 8576
	5216 8576
4
	9632 8544
	9952 8544
	9952 8576
	9632 8576
4
	10560 8544
	10720 8544
	10720 8576
	10560 8576
4
	12160 8544
	12608 8544
	12608 8576
	12160 8576
4
	13568 8544
	16384 8544
	16384 8576
	13568 8576
4
	0 8576
	3808 8576
	3808 8608
	0 8608
4
	5056 8576
	6016 8576
	6016 8608
	5056 8608
4
	9632 8576
	9792 8576
	9792 8608
	9632 8608
4
	10560 8576
	10880 8576
	10880 8608
	10560 8608
4
	11840 8576
	12768 8576
	12768 8608
	11840 8608
4
	13728 8576
	16384 8576
	16384 8608
	13728 8608
4
	0 8608
	3808 8608
	3808 8640
	0 8640
4
	5056 8608
	6016 8608
	6016 8640
	5056 8640
4
	9632 8608
	9792 8608
	9792 8640
	9632 8640
4
	10560 8608
	10880 8608
	10880 8640
	10560 8640
4
	11840 8608
	12768 8608
	12768 8640
	11840 8640
4
	13728 8608
	16384 8608
	16384 8640
	13728 8640
4
	0 8640
	3808 8640
	3808 8672
	0 8672
4
	5056 8640
	6016 8640
	6016 8672
	5056 8672
4
	9632 8640
	9792 8640
	9792 8672
	9632 8672
4
	10560 8640
	10880 8640
	10880 8672
	10560 8672
4
	11840 8640
	12768 8640
	12768 8672
	11840 8672
4
	13728 8640
	16384 8640
	16384 8672
	13728 8672
4
	0 8672
	3808 8672
	3808 8704
	0 8704
4
	5056 8672
	6016 8672
	6016 8704
	5056 8704
4
	9632 8672
	9792 8672
	9792 8704
	9632 8704
4
	10560 8672
	10880 8672
	10880 8704
	10560 8704
4
	11840 8672
	12768 8672
	12768 8704
	11840 8704
4
	13728 8672
	16384 8672
	16384 8704
	13728 8704
4
	0 8704
	3968 8704
	3968 8736
	0 8736
4
	4896 8704
	6144 8704
	6144 8736
	4896 8736
4
	9632 8704
	9792 8704
	9792 8736
	9632 8736
4
	10560 8704
	11040 8704
	11040 8736
	10560 8736
4
	11360 8704
	12928 8704
	12928 8736
	11360 8736
4
	13888 8704
	16384 8704
	16384 8736
	13888 8736
4
	0 8736
	3968 8736
	3968 8768
	0 8768
4
	4896 8736
	6144 8736
	6144 8768
	4896 8768
4
	9632 8736
	9792 8736
	9792 8768
	9632 8768
4
	10560 8736
	11040 8736
	11040 8768
	10560 8768
4
	11360 8736
	12928 8736
	12928 8768
	11360 8768
4
	13888 8736
	16384 8736
	16384 8768
	13888 8768
4
	0 8768
	3968 8768
	3968 8800
	0 8800
4
	4896 8768
	6144 8768
	6144 8800
	4896 8800
4
	9632 8768
	9792 8768
	9792 8800
	9632 8800
4
	10560 8768
	11040 8768
	11040 8800
	10560 8800
4
	11360 8768
	12928 8768
	12928 8800
	11360 8800
4
	13888 8768
	16384 8768
	16384 8800
	13888 8800
4
	0 8800
	3968 8800
	3968 8832
	0 8832
4
	4896 8800
	6144 8800
	6144 8832
	4896 8832
4
	9632 8800
	9792 8800
	9792 8832
	9632 8832
4
	10560 8800
	11040 8800
	11040 8832
	10560 8832
4
	11360 8800
	12928 8800
	12928 8832
	11360 8832
4
	13888 8800
	16384 8800
	16384 8832
	13888 8832
4
	0 8832
	4096 8832
	4096 8864
	0 8864
4
	4736 8832
	6144 8832
	6144 8864
	4736 8864
4
	10400 8832
	13088 8832
	13088 8864
	10400 8864
4
	13888 8832
	16384 8832
	16384 8864
	13888 8864
4
	0 8864
	4096 8864
	4096 8896
	0 8896
4
	4736 8864
	6144 8864
	6144 8896
	4736 8896
4
	10400 8864
	13088 8864
	13088 8896
	10400 8896
4
	13888 8864
	16384 8864
	16384 8896
	13888 8896
4
	0 8896
	4096 8896
	4096 8928
	0 8928
4
	4736 8896
	6144 8896
	6144 8928
	4736 8928
4
	10400 8896
	13088 8896
	13088 8928
	10400 8928
4
	13888 8896
	16384 8896
	16384 8928
	13888 8928
4
	0 8928
	4096 8928
	4096 8960
	0 8960
4
	4736 8928
	6144 8928
	6144 8960
	4736 8960
4
	10400 8928
	13088 8928
	13088 8960
	10400 8960
4
	13888 8928
	16384 8928
	16384 8960
	13888 8960
4
	0 8960
	5856 8960
	5856 8992
	0 8992
4
	10400 8960
	13088 8960
	13088 8992
	10400 8992
4
	14048 8960
	16384 8960
	16384 8992
	14048 8992
4
	0 8992
	5856 8992
	5856 9024
	0 9024
4
	10400 8992
	13088 8992
	13088 9024
	10400 9024
4
	14048 8992
	16384 8992
	16384 9024
	14048 9024
4
	0 9024
	5856 9024
	5856 9056
	0 9056
4
	10400 9024
	13088 9024
	13088 9056
	10400 9056
4
	14048 9024
	16384 9024
	16384 9056
	14048 9056
4
	0 9056
	5856 9056
	5856 9088
	0 9088
4
	10400 9056
	13088 9056
	13088 9088
	10400 9088
4
	14048 9056
	16384 9056
	16384 9088
	14048 9088
4
	0 9088
	5536 9088
	5536 9120
	0 9120
4
	10240 9088
	13248 9088
	13248 9120
	10240 9120
4
	14208 9088
	16384 9088
	16384 9120
	14208 9120
4
	0 9120
	5536 9120
	5536 9152
	0 9152
4
	10240 9120
	13248 9120
	13248 9152
	10240 9152
4
	14208 9120
	16384 9120
	16384 9152
	14208 9152
4
	0 9152
	5536 9152
	5536 9184
	0 9184
4
	10240 9152
	13248 9152
	13248 9184
	10240 9184
4
	14208 9152
	16384 9152
	16384 9184
	14208 9184
4
	0 9184
	5536 9184
	5536 9216
	0 9216
4
	10240 9184
	13248 9184
	13248 9216
	10240 9216
4
	14208 9184
	16384 9184
	16384 9216
	14208 9216
4
	0 9216
	5376 9216
	5376 9248
	0 9248
4
	10240 9216
	10560 9216
	10560 9248
	10240 9248
4
	10720 9216
	13408 9216
	13408 9248
	10720 9248
4
	14336 9216
	16384 9216
	16384 9248
	14336 9248
4
	0 9248
	5376 9248
	5376 9280
	0 9280
4
	10240 9248
	10560 9248
	10560 9280
	10240 9280
4
	10720 9248
	13408 9248
	13408 9280
	10720 9280
4
	14336 9248
	16384 9248
	16384 9280
	14336 9280
4
	0 9280
	5376 9280
	5376 9312
	0 9312
4
	10240 9280
	10560 9280
	10560 9312
	10240 9312
4
	10720 9280
	13408 9280
	13408 9312
	10720 9312
4
	14336 9280
	16384 9280
	16384 9312
	14336 9312
4
	0 9312
	5376 9312
	5376 9344
	0 9344
4
	10240 9312
	10560 9312
	10560 9344
	10240 9344
4
	10720 9312
	13408 9312
	13408 9344
	10720 9344
4
	14336 9312
	16384 9312
	16384 9344
	14336 9344
4
	0 9344
	5216 9344
	5216 9376
	0 9376
4
	10720 9344
	13568 9344
	13568 9376
	10720 9376
4
	14496 9344
	16384 9344
	16384 9376
	14496 9376
4
	0 9376
	5216 9376
	5216 9408
	0 9408
4
	10720 9376
	13568 9376
	13568 9408
	10720 9408
4
	14496 9376
	16384 9376
	16384 9408
	14496 9408
4
	0 9408
	5216 9408
	5216 9440
	0 9440
4
	10720 9408
	13568 9408
	13568 9440
	10720 9440
4
	14496 9408
	16384 9408
	16384 9440
	14496 9440
4
	0 9440
	5216 9440
	5216 9472
	0 9472
4
	10720 9440
	13568 9440
	13568 9472
	10720 9472
4
	14496 9440
	16384 9440
	16384 9472
	14496 9472
4
	0 9472
	5056 9472
	5056 9504
	0 9504
4
	10720 9472
	13728 9472
	13728 9504
	10720 9504
4
	14656 9472
	16384 9472
	16384 9504
	14656 9504
4
	0 9504
	5056 9504
	5056 9536
	0 9536
4
	10720 9504
	13728 9504
	13728 9536
	10720 9536
4
	14656 9504
	16384 9504
	16384 9536
	14656 9536
4
	0 9536
	5056 9536
	5056 9568
	0 9568
4
	10720 9536
	13728 9536
	13728 9568
	10720 9568
4
	14656 9536
	16384 9536
	16384 9568
	14656 9568
4
	0 9568
	5056 9568
	5056 9600
	0 9600
4
	10720 9568
	13728 9568
	13728 9600
	10720 9600
4
	14656 9568
	16384 9568
	16384 9600
	14656 9600
4
	0 9600
	5056 9600
	5056 9632
	0 9632
4
	10720 9600
	13888 9600
	13888 9632
	10720 9632
4
	14816 9600
	16384 9600
	16384 9632
	14816 9632
4
	0 9632
	5056 9632
	5056 9664
	0 9664
4
	10720 9632
	13888 9632
	13888 9664
	10720 9664
4
	14816 9632
	16384 9632
	16384 9664
	14816 9664
4
	0 9664
	5056 9664
	5056 9696
	0 9696
4
	10720 9664
	13888 9664
	13888 9696
	10720 9696
4
	14816 9664
	16384 9664
	16384 9696
	14816 9696
4
	0 9696
	5056 9696
	5056 9728
	0 9728
4
	10720 9696
	13888 9696
	13888 9728
	10720 9728
4
	14816 9696
	16384 9696
	16384 9728
	14816 9728
4
	0 9728
	5216 9728
	5216 9760
	0 9760
4
	10720 9728
	14048 9728
	14048 9760
	10720 9760
4
	14976 9728
	16384 9728
	16384 9760
	14976 9760
4
	0 9760
	5216 9760
	5216 9792
	0 9792
4
	10720 9760
	14048 9760
	14048 9792
	10720 9792
4
	14976 9760
	16384 9760
	16384 9792
	14976 9792
4
	0 9792
	5216 9792
	5216 9824
	0 9824
4
	10720 9792
	14048 9792
	14048 9824
	10720 9824
4
	14976 9792
	16384 9792
	16384 9824
	14976 9824
4
	0 9824
	5216 9824
	5216 9856
	0 9856
4
	10720 9824
	14048 9824
	14048 9856
	10720 9856
4
	14976 9824
	16384 9824
	16384 9856
	14976 9856
4
	0 9856
	5216 9856
	5216 9888
	0 9888
4
	10720 9856
	14048 9856
	14048 9888
	10720 9888
4
	15136 9856
	16384 9856
	16384 9888
	15136 9888
4
	0 9888
	5216 9888
	5216 9920
	0 9920
4
	10720 9888
	14048 9888
	14048 9920
	10720 9920
4
	15136 9888
	16384 9888
	16384 9920
	15136 9920
4
	0 9920
	5216 9920
	5216 9952
	0 9952
4
	10720 9920
	14048 9920
	14048 9952
	10720 9952
4
	15136 9920
	16384 9920
	16384 9952
	15136 9952
4
	0 9952
	5216 9952
	5216 9984
	0 9984
4
	10720 9952
	14048 9952
	14048 9984
	10720 9984
4
	15136 9952
	16384 9952
	16384 9984
	15136 9984
4
	0 9984
	5216 9984
	5216 10016
	0 10016
4
	10720 9984
	14208 9984
	14208 10016
	10720 10016
4
	15136 9984
	16384 9984
	16384 10016
	15136 10016
4
	0 10016
	5216 10016
	5216 10048
	0 10048
4
	10720 10016
	14208 10016
	14208 10048
	10720 10048
4
	15136 10016
	16384 10016
	16384 10048
	15136 10048
4
	0 10048
	5216 10048
	5216 10080
	0 10080
4
	10720 10048
	14208 10048
	14208 10080
	10720 10080
4
	15136 10048
	16384 10048
	16384 10080
	15136 10080
4
	0 10080
	5216 10080
	5216 10112
	0 10112
4
	10720 10080
	14208 10080
	14208 10112
	10720 10112
4
	15136 10080
	16384 10080
	16384 10112
	15136 10112
4
	0 10112
	4896 10112
	4896 10144
	0 10144
4
	10720 10112
	14336 10112
	14336 10144
	10720 10144
4
	14976 10112
	16384 10112
	16384 10144
	14976 10144
4
	0 10144
	4896 10144
	4896 10176
	0 10176
4
	10720 10144
	14336 10144
	14336 10176
	10720 10176
4
	14976 10144
	16384 10144
	16384 10176
	14976 10176
4
	0 10176
	4896 10176
	4896 10208
	0 10208
4
	10720 10176
	14336 10176
	14336 10208
	10720 10208
4
	14976 10176
	16384 10176
	16384 10208
	14976 10208
4
	0 10208
	4896 10208
	4896 10240
	0 10240
4
	10720 10208
	14336 10208
	14336 10240
	10720 10240
4
	14976 10208
	16384 10208
	16384 10240
	14976 10240
4
	0 10240
	4896 10240
	4896 10272
	0 10272
4
	10720 10240
	14496 10240
	14496 10272
	10720 10272
4
	14816 10240
	16384 10240
	16384 10272
	14816 10272
4
	0 10272
	4896 10272
	4896 10304
	0 10304
4
	10720 10272
	14496 10272
	14496 10304
	10720 10304
4
	14816 10272
	16384 10272
	16384 10304
	14816 10304
4
	0 10304
	4896 10304
	4896 10336
	0 10336
4
	10720 10304
	14496 10304
	14496 10336
	10720 10336
4
	14816 10304
	16384 10304
	16384 10336
	14816 10336
4
	0 10336
	4896 10336
	4896 10368
	0 10368
4
	10720 10336
	14496 10336
	14496 10368
	10720 10368
4
	14816 10336
	16384 10336
	16384 10368
	14816 10368
4
	0 10368
	4736 10368
	4736 10400
	0 10400
4
	5056 10368
	5216 10368
	5216 10400
	5056 10400
4
	10720 10368
	16384 10368
	16384 10400
	10720 10400
4
	0 10400
	4736 10400
	4736 10432
	0 10432
4
	5056 10400
	5216 10400
	5216 10432
	5056 10432
4
	10720 10400
	16384 10400
	16384 10432
	10720 10432
4
	0 10432
	4736 10432
	4736 10464
	0 10464
4
	5056 10432
	5216 10432
	5216 10464
	5056 10464
4
	10720 10432
	16384 10432
	16384 10464
	10720 10464
4
	0 10464
	4736 10464
	4736 10496
	0 10496
4
	5056 10464
	5216 10464
	5216 10496
	5056 10496
4
	10720 10464
	16384 10464
	16384 10496
	10720 10496
4
	0 10496
	4576 10496
	4576 10528
	0 10528
4
	4896 10496
	5216 10496
	5216 10528
	4896 10528
4
	10720 10496
	16384 10496
	16384 10528
	10720 10528
4
	0 10528
	4576 10528
	4576 10560
	0 10560
4
	4896 10528
	5216 10528
	5216 10560
	4896 10560
4
	10720 10528
	16384 10528
	16384 10560
	10720 10560
4
	0 10560
	4576 10560
	4576 10592
	0 10592
4
	4896 10560
	5216 10560
	5216 10592
	4896 10592
4
	10720 10560
	16384 10560
	16384 10592
	10720 10592
4
	0 10592
	4576 10592
	4576 10624
	0 10624
4
	4896 10592
	5216 10592
	5216 10624
	4896 10624
4
	10720 10592
	16384 10592
	16384 10624
	10720 10624
4
	0 10624
	4576 10624
	4576 10656
	0 10656
4
	4896 10624
	5216 10624
	5216 10656
	4896 10656
4
	10560 10624
	16384 10624
	16384 10656
	10560 10656
4
	0 10656
	4576 10656
	4576 10688
	0 10688
4
	4896 10656
	5216 10656
	5216 10688
	4896 10688
4
	10560 10656
	16384 10656
	16384 10688
	10560 10688
4
	0 10688
	4576 10688
	4576 10720
	0 10720
4
	4896 10688
	5216 10688
	5216 10720
	4896 10720
4
	10560 10688
	16384 10688
	16384 10720
	10560 10720
4
	0 10720
	4576 10720
	4576 10752
	0 10752
4
	4896 10720
	5216 10720
	5216 10752
	4896 10752
4
	10560 10720
	16384 10720
	16384 10752
	10560 10752
4
	0 10752
	4576 10752
	4576 10784
	0 10784
4
	10560 10752
	16384 10752
	16384 10784
	10560 10784
4
	0 10784
	4576 10784
	4576 10816
	0 10816
4
	10560 10784
	16384 10784
	16384 10816
	10560 10816
4
	0 10816
	4576 10816
	4576 10848
	0 10848
4
	10560 10816
	16384 10816
	16384 10848
	10560 10848
4
	0 10848
	4576 10848
	4576 10880
	0 10880
4
	10560 10848
	16384 10848
	16384 10880
	10560 10880
4
	0 10880
	4576 10880
	4576 10912
	0 10912
4
	10400 10880
	16384 10880
	16384 10912
	10400 10912
4
	0 10912
	4576 10912
	4576 10944
	0 10944
4
	10400 10912
	16384 10912
	16384 10944
	10400 10944
4
	0 10944
	4576 10944
	4576 10976
	0 10976
4
	10400 10944
	16384 10944
	16384 10976
	10400 10976
4
	0 10976
	4576 10976
	4576 11008
	0 11008
4
	10400 10976
	16384 10976
	16384 11008
	10400 11008
4
	0 11008
	4576 11008
	4576 11040
	0 11040
4
	10240 11008
	16384 11008
	16384 11040
	10240 11040
4
	0 11040
	4576 11040
	4576 11072
	0 11072
4
	10240 11040
	16384 11040
	16384 11072
	10240 11072
4
	0 11072
	4576 11072
	4576 11104
	0 11104
4
	10240 11072
	16384 11072
	16384 11104
	10240 11104
4
	0 11104
	4576 11104
	4576 11136
	0 11136
4
	10240 11104
	16384 11104
	16384 11136
	10240 11136
4
	0 11136
	4576 11136
	4576 11168
	0 11168
4
	8832 11136
	9152 11136
	9152 11168
	8832 11168
4
	10112 11136
	16384 11136
	16384 11168
	10112 11168
4
	0 11168
	4576 11168
	4576 11200
	0 11200
4
	8832 11168
	9152 11168
	9152 11200
	8832 11200
4
	10112 11168
	16384 11168
	16384 11200
	10112 11200
4
	0 11200
	4576 11200
	4576 11232
	0 11232
4
	8832 11200
	9152 11200
	9152 11232
	8832 11232
4
	10112 11200
	16384 11200
	16384 11232
	10112 11232
4
	0 11232
	4576 11232
	4576 11264
	0 11264
4
	8832 11232
	9152 11232
	9152 11264
	8832 11264
4
	10112 11232
	16384 11232
	16384 11264
	10112 11264
4
	0 11264
	4576 11264
	4576 11296
	0 11296
4
	8992 11264
	9312 11264
	9312 11296
	8992 11296
4
	9952 11264
	16384 11264
	16384 11296
	9952 11296
4
	0 11296
	4576 11296
	4576 11328
	0 11328
4
	8992 11296
	9312 11296
	9312 11328
	8992 11328
4
	9952 11296
	16384 11296
	16384 11328
	9952 11328
4
	0 11328
	4576 11328
	4576 11360
	0 11360
4
	8992 11328
	9312 11328
	9312 11360
	8992 11360
4
	9952 11328
	16384 11328
	16384 11360
	9952 11360
4
	0 11360
	4576 11360
	4576 11392
	0 11392
4
	8992 11360
	9312 11360
	9312 11392
	8992 11392
4
	9952 11360
	16384 11360
	16384 11392
	9952 11392
4
	0 11392
	4576 11392
	4576 11424
	0 11424
4
	9152 11392
	9472 11392
	9472 11424
	9152 11424
4
	9792 11392
	16384 11392
	16384 11424
	9792 11424
4
	0 11424
	4576 11424
	4576 11456
	0 11456
4
	9152 11424
	9472 11424
	9472 11456
	9152 11456
4
	9792 11424
	16384 11424
	16384 11456
	9792 11456
4
	0 11456
	4576 11456
	4576 11488
	0 11488
4
	9152 11456
	9472 11456
	9472 11488
	9152 11488
4
	9792 11456
	16384 11456
	16384 11488
	9792 11488
4
	0 11488
	4576 11488
	4576 11520
	0 11520
4
	9152 11488
	9472 11488
	9472 11520
	9152 11520
4
	9792 11488
	16384 11488
	16384 11520
	9792 11520
4
	0 11520
	4736 11520
	4736 11552
	0 11552
4
	9312 11520
	16384 11520
	16384 11552
	9312 11552
4
	0 11552
	4736 11552
	4736 11584
	0 11584
4
	9312 11552
	16384 11552
	16384 11584
	9312 11584
4
	0 11584
	4736 11584
	4736 11616
	0 11616
4
	9312 11584
	16384 11584
	16384 11616
	9312 11616
4
	0 11616
	4736 11616
	4736 11648
	0 11648
4
	9312 11616
	16384 11616
	16384 11648
	9312 11648
4
	0 11648
	4896 11648
	4896 11680
	0 11680
4
	8064 11648
	8352 11648
	8352 11680
	8064 11680
4
	9312 11648
	16384 11648
	16384 11680
	9312 11680
4
	0 11680
	4896 11680
	4896 11712
	0 11712
4
	8064 11680
	8352 11680
	8352 11712
	8064 11712
4
	9312 11680
	16384 11680
	16384 11712
	9312 11712
4
	0 11712
	4896 11712
	4896 11744
	0 11744
4
	8064 11712
	8352 11712
	8352 11744
	8064 11744
4
	9312 11712
	16384 11712
	16384 11744
	9312 11744
4
	0 11744
	4896 11744
	4896 11776
	0 11776
4
	8064 11744
	8352 11744
	8352 11776
	8064 11776
4
	9312 11744
	16384 11744
	16384 11776
	9312 11776
4
	0 11776
	5216 11776
	5216 11808
	0 11808
4
	8192 11776
	8512 11776
	8512 11808
	8192 11808
4
	9472 11776
	16384 11776
	16384 11808
	9472 11808
4
	0 11808
	5216 11808
	5216 11840
	0 11840
4
	8192 11808
	8512 11808
	8512 11840
	8192 11840
4
	9472 11808
	16384 11808
	16384 11840
	9472 11840
4
	0 11840
	5216 11840
	5216 11872
	0 11872
4
	8192 11840
	8512 11840
	8512 11872
	8192 11872
4
	9472 11840
	16384 11840
	16384 11872
	9472 11872
4
	0 11872
	5216 11872
	5216 11904
	0 11904
4
	8192 11872
	8512 11872
	8512 11904
	8192 11904
4
	9472 11872
	16384 11872
	16384 11904
	9472 11904
4
	0 11904
	5376 11904
	5376 11936
	0 11936
4
	8352 11904
	8672 11904
	8672 11936
	8352 11936
4
	9632 11904
	16384 11904
	16384 11936
	9632 11936
4
	0 11936
	5376 11936
	5376 11968
	0 11968
4
	8352 11936
	8672 11936
	8672 11968
	8352 11968
4
	9632 11936
	16384 11936
	16384 11968
	9632 11968
4
	0 11968
	5376 11968
	5376 12000
	0 12000
4
	8352 11968
	8672 11968
	8672 12000
	8352 12000
4
	9632 11968
	16384 11968
	16384 12000
	9632 12000
4
	0 12000
	5376 12000
	5376 12032
	0 12032
4
	8352 12000
	8672 12000
	8672 12032
	8352 12032
4
	9632 12000
	16384 12000
	16384 12032
	9632 12032
4
	0 12032
	5536 12032
	5536 12064
	0 12064
4
	8512 12032
	8832 12032
	8832 12064
	8512 12064
4
	9632 12032
	16384 12032
	16384 12064
	9632 12064
4
	0 12064
	5536 12064
	5536 12096
	0 12096
4
	8512 12064
	8832 12064
	8832 12096
	8512 12096
4
	9632 12064
	16384 12064
	16384 12096
	9632 12096
4
	0 12096
	5536 12096
	5536 12128
	0 12128
4
	8512 12096
	8832 12096
	8832 12128
	8512 12128
4
	9632 12096
	16384 12096
	16384 12128
	9632 12128
4
	0 12128
	5536 12128
	5536 12160
	0 12160
4
	8512 12128
	8832 12128
	8832 12160
	8512 12160
4
	9632 12128
	16384 12128
	16384 12160
	9632 12160
4
	0 12160
	5696 12160
	5696 12192
	0 12192
4
	8672 12160
	8992 12160
	8992 12192
	8672 12192
4
	9792 12160
	16384 12160
	16384 12192
	9792 12192
4
	0 12192
	5696 12192
	5696 12224
	0 12224
4
	8672 12192
	8992 12192
	8992 12224
	8672 12224
4
	9792 12192
	16384 12192
	16384 12224
	9792 12224
4
	0 12224
	5696 12224
	5696 12256
	0 12256
4
	8672 12224
	8992 12224
	8992 12256
	8672 12256
4
	9792 12224
	16384 12224
	16384 12256
	9792 12256
4
	0 12256
	5696 12256
	5696 12288
	0 12288
4
	8672 12256
	8992 12256
	8992 12288
	8672 12288
4
	9792 12256
	16384 12256
	16384 12288
	9792 12288
4
	0 12288
	6144 12288
	6144 12320
	0 12320
4
	8512 12288
	9152 12288
	9152 12320
	8512 12320
4
	9792 12288
	16384 12288
	16384 12320
	9792 12320
4
	0 12320
	6144 12320
	6144 12352
	0 12352
4
	8512 12320
	9152 12320
	9152 12352
	8512 12352
4
	9792 12320
	16384 12320
	16384 12352
	9792 12352
4
	0 12352
	6144 12352
	6144 12384
	0 12384
4
	8512 12352
	9152 12352
	9152 12384
	8512 12384
4
	9792 12352
	16384 12352
	16384 12384
	9792 12384
4
	0 12384
	6144 12384
	6144 12416
	0 12416
4
	8512 12384
	9152 12384
	9152 12416
	8512 12416
4
	9792 12384
	16384 12384
	16384 12416
	9792 12416
4
	0 12416
	6304 12416
	6304 12448
	0 12448
4
	8352 12416
	9152 12416
	9152 12448
	8352 12448
4
	9952 12416
	16384 12416
	16384 12448
	9952 12448
4
	0 12448
	6304 12448
	6304 12480
	0 12480
4
	8352 12448
	9152 12448
	9152 12480
	8352 12480
4
	9952 12448
	16384 12448
	16384 12480
	9952 12480
4
	0 12480
	6304 12480
	6304 12512
	0 12512
4
	8352 12480
	9152 12480
	9152 12512
	8352 12512
4
	9952 12480
	16384 12480
	16384 12512
	9952 12512
4
	0 12512
	6304 12512
	6304 12544
	0 12544
4
	8352 12512
	9152 12512
	9152 12544
	8352 12544
4
	9952 12512
	16384 12512
	16384 12544
	9952 12544
4
	0 12544
	6624 12544
	6624 12576
	0 12576
4
	8064 12544
	9312 12544
	9312 12576
	8064 12576
4
	10112 12544
	16384 12544
	16384 12576
	10112 12576
4
	0 12576
	6624 12576
	6624 12608
	0 12608
4
	8064 12576
	9312 12576
	9312 12608
	8064 12608
4
	10112 12576
	16384 12576
	16384 12608
	10112 12608
4
	0 12608
	6624 12608
	6624 12640
	0 12640
4
	8064 12608
	9312 12608
	9312 12640
	8064 12640
4
	10112 12608
	16384 12608
	16384 12640
	10112 12640
4
	0 12640
	6624 12640
	6624 12672
	0 12672
4
	8064 12640
	9312 12640
	9312 12672
	8064 12672
4
	10112 12640
	16384 12640
	16384 12672
	10112 12672
4
	0 12672
	9472 12672
	9472 12704
	0 12704
4
	10112 12672
	16384 12672
	16384 12704
	10112 12704
4
	0 12704
	9472 12704
	9472 12736
	0 12736
4
	10112 12704
	16384 12704
	16384 12736
	10112 12736
4
	0 12736
	9472 12736
	9472 12768
	0 12768
4
	10112 12736
	16384 12736
	16384 12768
	10112 12768
4
	0 12768
	9472 12768
	9472 12800
	0 12800
4
	10112 12768
	16384 12768
	16384 12800
	10112 12800
4
	0 12800
	9472 12800
	9472 12832
	0 12832
4
	10240 12800
	16384 12800
	16384 12832
	10240 12832
4
	0 12832
	9472 12832
	9472 12864
	0 12864
4
	10240 12832
	16384 12832
	16384 12864
	10240 12864
4
	0 12864
	9472 12864
	9472 12896
	0 12896
4
	10240 12864
	16384 12864
	16384 12896
	10240 12896
4
	0 12896
	9472 12896
	9472 12928
	0 12928
4
	10240 12896
	16384 12896
	16384 12928
	10240 12928
4
	0 12928
	9632 12928
	9632 12960
	0 12960
4
	10400 12928
	16384 12928
	16384 12960
	10400 12960
4
	0 12960
	9632 12960
	9632 12992
	0 12992
4
	10400 12960
	16384 12960
	16384 12992
	10400 12992
4
	0 12992
	9632 12992
	9632 13024
	0 13024
4
	10400 12992
	16384 12992
	16384 13024
	10400 13024
4
	0 13024
	9632 13024
	9632 13056
	0 13056
4
	10400 13024
	16384 13024
	16384 13056
	10400 13056
4
	0 13056
	9632 13056
	9632 13088
	0 13088
4
	10560 13056
	16384 13056
	16384 13088
	10560 13088
4
	0 13088
	9632 13088
	9632 13120
	0 13120
4
	10560 13088
	16384 13088
	16384 13120
	10560 13120
4
	0 13120
	9632 13120
	9632 13152
	0 13152
4
	10560 13120
	16384 13120
	16384 13152
	10560 13152
4
	0 13152
	9632 13152
	9632 13184
	0 13184
4
	10560 13152
	16384 13152
	16384 13184
	10560 13184
4
	0 13184
	9792 13184
	9792 13216
	0 13216
4
	10720 13184
	16384 13184
	16384 13216
	10720 13216
4
	0 13216
	9792 13216
	9792 13248
	0 13248
4
	10720 13216
	16384 13216
	16384 13248
	10720 13248
4
	0 13248
	9792 13248
	9792 13280
	0 13280
4
	10720 13248
	16384 13248
	16384 13280
	10720 13280
4
	0 13280
	9792 13280
	9792 13312
	0 13312
4
	10720 13280
	16384 13280
	16384 13312
	10720 13312
4
	0 13312
	9952 13312
	9952 13344
	0 13344
4
	10880 13312
	16384 13312
	16384 13344
	10880 13344
4
	0 13344
	9952 13344
	9952 13376
	0 13376
4
	10880 13344
	16384 13344
	16384 13376
	10880 13376
4
	0 13376
	9952 13376
	9952 13408
	0 13408
4
	10880 13376
	16384 13376
	16384 13408
	10880 13408
4
	0 13408
	9952 13408
	9952 13440
	0 13440
4
	10880 13408
	16384 13408
	16384 13440
	10880 13440
4
	0 13440
	10112 13440
	10112 13472
	0 13472
4
	11040 13440
	16384 13440
	16384 13472
	11040 13472
4
	0 13472
	10112 13472
	10112 13504
	0 13504
4
	11040 13472
	16384 13472
	16384 13504
	11040 13504
4
	0 13504
	10112 13504
	10112 13536
	0 13536
4
	11040 13504
	16384 13504
	16384 13536
	11040 13536
4
	0 13536
	10112 13536
	10112 13568
	0 13568
4
	11040 13536
	16384 13536
	16384 13568
	11040 13568
4
	0 13568
	10240 13568
	10240 13600
	0 13600
4
	11200 13568
	16384 13568
	16384 13600
	11200 13600
4
	0 13600
	10240 13600
	10240 13632
	0 13632
4
	11200 13600
	16384 13600
	16384 13632
	11200 13632
4
	0 13632
	10240 13632
	10240 13664
	0 13664
4
	11200 13632
	16384 13632
	16384 13664
	11200 13664
4
	0 13664
	10240 13664
	10240 13696
	0 13696
4
	11200 13664
	16384 13664
	16384 13696
	11200 13696
4
	0 13696
	10400 13696
	10400 13728
	0 13728
4
	11360 13696
	16384 13696
	16384 13728
	11360 13728
4
	0 13728
	10400 13728
	10400 13760
	0 13760
4
	11360 13728
	16384 13728
	16384 13760
	11360 13760
4
	0 13760
	10400 13760
	10400 13792
	0 13792
4
	11360 13760
	16384 13760
	16384 13792
	11360 13792
4
	0 13792
	10400 13792
	10400 13824
	0 13824
4
	11360 13792
	16384 13792
	16384 13824
	11360 13824
4
	0 13824
	10560 13824
	10560 13856
	0 13856
4
	11520 13824
	16384 13824
	16384 13856
	11520 13856
4
	0 13856
	10560 13856
	10560 13888
	0 13888
4
	11520 13856
	16384 13856
	16384 13888
	11520 13888
4
	0 13888
	10560 13888
	10560 13920
	0 13920
4
	11520 13888
	16384 13888
	16384 13920
	11520 13920
4
	0 13920
	10560 13920
	10560 13952
	0 13952
4
	11520 13920
	16384 13920
	16384 13952
	11520 13952
4
	0 13952
	10720 13952
	10720 13984
	0 13984
4
	11680 13952
	16384 13952
	16384 13984
	11680 13984
4
	0 13984
	10720 13984
	10720 14016
	0 14016
4
	11680 13984
	16384 13984
	16384 14016
	11680 14016
4
	0 14016
	10720 14016
	10720 14048
	0 14048
4
	11680 14016
	16384 14016
	16384 14048
	11680 14048
4
	0 14048
	10720 14048
	10720 14080
	0 14080
4
	11680 14048
	16384 14048
	16384 14080
	11680 14080
4
	0 14080
	10880 14080
	10880 14112
	0 14112
4
	11840 14080
	16384 14080
	16384 14112
	11840 14112
4
	0 14112
	10880 14112
	10880 14144
	0 14144
4
	11840 14112
	16384 14112
	16384 14144
	11840 14144
4
	0 14144
	10880 14144
	10880 14176
	0 14176
4
	11840 14144
	16384 14144
	16384 14176
	11840 14176
4
	0 14176
	10880 14176
	10880 14208
	0 14208
4
	11840 14176
	16384 14176
	16384 14208
	11840 14208
4
	0 14208
	11040 14208
	11040 14240
	0 14240
4
	12000 14208
	16384 14208
	16384 14240
	12000 14240
4
	0 14240
	11040 14240
	11040 14272
	0 14272
4
	12000 14240
	16384 14240
	16384 14272
	12000 14272
4
	0 14272
	11040 14272
	11040 14304
	0 14304
4
	12000 14272
	16384 14272
	16384 14304
	12000 14304
4
	0 14304
	11040 14304
	11040 14336
	0 14336
4
	12000 14304
	16384 14304
	16384 14336
	12000 14336
4
	0 14336
	11200 14336
	11200 14368
	0 14368
4
	12160 14336
	16384 14336
	16384 14368
	12160 14368
4
	0 14368
	11200 14368
	11200 14400
	0 14400
4
	12160 14368
	16384 14368
	16384 14400
	12160 14400
4
	0 14400
	11200 14400
	11200 14432
	0 14432
4
	12160 14400
	16384 14400
	16384 14432
	12160 14432
4
	0 14432
	11200 14432
	11200 14464
	0 14464
4
	12160 14432
	16384 14432
	16384 14464
	12160 14464
4
	0 14464
	11360 14464
	11360 14496
	0 14496
4
	12000 14464
	16384 14464
	16384 14496
	12000 14496
4
	0 14496
	11360 14496
	11360 14528
	0 14528
4
	12000 14496
	16384 14496
	16384 14528
	12000 14528
4
	0 14528
	11360 14528
	11360 14560
	0 14560
4
	12000 14528
	16384 14528
	16384 14560
	12000 14560
4
	0 14560
	11360 14560
	11360 14592
	0 14592
4
	12000 14560
	16384 14560
	16384 14592
	12000 14592
4
	0 14592
	11520 14592
	11520 14624
	0 14624
4
	11840 14592
	16384 14592
	16384 14624
	11840 14624
4
	0 14624
	11520 14624
	11520 14656
	0 14656
4
	11840 14624
	16384 14624
	16384 14656
	11840 14656
4
	0 14656
	11520 14656
	11520 14688
	0 14688
4
	11840 14656
	16384 14656
	16384 14688
	11840 14688
4
	0 14688
	11520 14688
	11520 14720
	0 14720
4
	11840 14688
	16384 14688
	16384 14720
	11840 14720
4
	0 14720
	16384 14720
	16384 14752
	0 14752
4
	0 14752
	16384 14752
	16384 14784
	0 14784
4
	0 14784
	16384 14784
	16384 14816
	0 14816
4
	0 14816
	16384 14816
	16384 14848
	0 14848
4
	0 14848
	16384 14848
	16384 14880
	0 14880
4
	0 14880
	16384 14880
	16384 14912
	0 14912
4
	0 14912
	16384 14912
	16384 14944
	0 14944
4
	0 14944
	16384 14944
	16384 14976
	0 14976
4
	0 14976
	16384 14976
	16384 15008
	0 15008
4
	0 15008
	16384 15008
	16384 15040
	0 15040
4
	0 15040
	16384 15040
	16384 15072
	0 15072
4
	0 15072
	16384 15072
	16384 15104
	0 15104
4
	0 15104
	16384 15104
	16384 15136
	0 15136
4
	0 15136
	16384 15136
	16384 15168
	0 15168
4
	0 15168
	16384 15168
	16384 15200
	0 15200
4
	0 15200
	16384 15200
	16384 15232
	0 15232
4
	0 15232
	16384 15232
	16384 15264
	0 15264
4
	0 15264
	16384 15264
	16384 15296
	0 15296
4
	0 15296
	16384 15296
	16384 15328
	0 15328
4
	0 15328
	16384 15328
	16384 15360
	0 15360
4
	0 15360
	16384 15360
	16384 15392
	0 15392
4
	0 15392
	16384 15392
	16384 15424
	0 15424
4
	0 15424
	16384 15424
	16384 15456
	0 15456
4
	0 15456
	16384 15456
	16384 15488
	0 15488
4
	0 15488
	16384 15488
	16384 15520
	0 15520
4
	0 15520
	16384 15520
	16384 15552
	0 15552
4
	0 15552
	16384 15552
	16384 15584
	0 15584
4
	0 15584
	16384 15584
	16384 15616
	0 15616
4
	0 15616
	16384 15616
	16384 15648
	0 15648
4
	0 15648
	16384 15648
	16384 15680
	0 15680
4
	0 15680
	16384 15680
	16384 15712
	0 15712
4
	0 15712
	16384 15712
	16384 15744
	0 15744
4
	0 15744
	16384 15744
	16384 15776
	0 15776
4
	0 15776
	16384 15776
	16384 15808
	0 15808
4
	0 15808
	16384 15808
	16384 15840
	0 15840
4
	0 15840
	16384 15840
	16384 15872
	0 15872
4
	0 15872
	16384 15872
	16384 15904
	0 15904
4
	0 15904
	16384 15904
	16384 15936
	0 15936
4
	0 15936
	16384 15936
	16384 15968
	0 15968
4
	0 15968
	16384 15968
	16384 16000
	0 16000
4
	0 16000
	16384 16000
	16384 16032
	0 16032
4
	0 16032
	16384 16032
	16384 16064
	0 16064
4
	0 16064
	16384 16064
	16384 16096
	0 16096
4
	0 16096
	16384 16096
	16384 16128
	0 16128
4
	0 16128
	16384 16128
	16384 16160
	0 16160
4
	0 16160
	16384 16160
	16384 16192
	0 16192
4
	0 16192
	16384 16192
	16384 16224
	0 16224
4
	0 16224
	16384 16224
	16384 16256
	0 16256
4
	0 16256
	16384 16256
	16384 16288
	0 16288
4
	0 16288
	16384 16288
	16384 16320
	0 16320
4
	0 16320
	16384 16320
	16384 16352
	0 16352
4
	0 16352
	16384 16352
	16384 16384
	0 16384
4
	-32 -32
	16416 -32
	16416 0
	-32 0
4
	-32 16384
	16416 16384
	16416 16416
	-32 16416
4
	-32 0
	0 0
	0 16384
	-32 16384
4
	16384 0
	16416 0
	16416 16384
	16384 16384
