1608
4
	0 0
	16384 0
	16384 32
	0 32
4
	0 32
	16384 32
	16384 64
	0 64
4
	0 64
	16384 64
	16384 96
	0 96
4
	0 96
	16384 96
	16384 128
	0 128
4
	0 128
	16384 128
	16384 160
	0 160
4
	0 160
	16384 160
	16384 192
	0 192
4
	0 192
	16384 192
	16384 224
	0 224
4
	0 224
	16384 224
	16384 256
	0 256
4
	0 256
	16384 256
	16384 288
	0 288
4
	0 288
	16384 288
	16384 320
	0 320
4
	0 320
	16384 320
	16384 352
	0 352
4
	0 352
	16384 352
	16384 384
	0 384
4
	0 384
	16384 384
	16384 416
	0 416
4
	0 416
	16384 416
	16384 448
	0 448
4
	0 448
	16384 448
	16384 480
	0 480
4
	0 480
	16384 480
	16384 512
	0 512
4
	0 512
	16384 512
	16384 544
	0 544
4
	0 544
	16384 544
	16384 576
	0 576
4
	0 576
	16384 576
	16384 608
	0 608
4
	0 608
	16384 608
	16384 640
	0 640
4
	0 640
	16384 640
	16384 672
	0 672
4
	0 672
	16384 672
	16384 704
	0 704
4
	0 704
	16384 704
	16384 736
	0 736
4
	0 736
	16384 736
	16384 768
	0 768
4
	0 768
	16384 768
	16384 800
	0 800
4
	0 800
	16384 800
	16384 832
	0 832
4
	0 832
	16384 832
	16384 864
	0 864
4
	0 864
	16384 864
	16384 896
	0 896
4
	0 896
	16384 896
	16384 928
	0 928
4
	0 928
	16384 928
	16384 960
	0 960
4
	0 960
	16384 960
	16384 992
	0 992
4
	0 992
	16384 992
	16384 1024
	0 1024
4
	0 1024
	16384 1024
	16384 1056
	0 1056
4
	0 1056
	16384 1056
	16384 1088
	0 1088
4
	0 1088
	16384 1088
	16384 1120
	0 1120
4
	0 1120
	16384 1120
	16384 1152
	0 1152
4
	0 1152
	16384 1152
	16384 1184
	0 1184
4
	0 1184
	16384 1184
	16384 1216
	0 1216
4
	0 1216
	16384 1216
	16384 1248
	0 1248
4
	0 1248
	16384 1248
	16384 1280
	0 1280
4
	0 1280
	16384 1280
	16384 1312
	0 1312
4
	0 1312
	16384 1312
	16384 1344
	0 1344
4
	0 1344
	16384 1344
	16384 1376
	0 1376
4
	0 1376
	16384 1376
	16384 1408
	0 1408
4
	0 1408
	16384 1408
	16384 1440
	0 1440
4
	0 1440
	16384 1440
	16384 1472
	0 1472
4
	0 1472
	16384 1472
	16384 1504
	0 1504
4
	0 1504
	16384 1504
	16384 1536
	0 1536
4
	0 1536
	16384 1536
	16384 1568
	0 1568
4
	0 1568
	16384 1568
	16384 1600
	0 1600
4
	0 1600
	16384 1600
	16384 1632
	0 1632
4
	0 1632
	16384 1632
	16384 1664
	0 1664
4
	0 1664
	16384 1664
	16384 1696
	0 1696
4
	0 1696
	16384 1696
	16384 1728
	0 1728
4
	0 1728
	16384 1728
	16384 1760
	0 1760
4
	0 1760
	16384 1760
	16384 1792
	0 1792
4
	0 1792
	16384 1792
	16384 1824
	0 1824
4
	0 1824
	16384 1824
	16384 1856
	0 1856
4
	0 1856
	16384 1856
	16384 1888
	0 1888
4
	0 1888
	16384 1888
	16384 1920
	0 1920
4
	0 1920
	16384 1920
	16384 1952
	0 1952
4
	0 1952
	16384 1952
	16384 1984
	0 1984
4
	0 1984
	16384 1984
	16384 2016
	0 2016
4
	0 2016
	16384 2016
	16384 2048
	0 2048
4
	0 2048
	16384 2048
	16384 2080
	0 2080
4
	0 2080
	16384 2080
	16384 2112
	0 2112
4
	0 2112
	16384 2112
	16384 2144
	0 2144
4
	0 2144
	16384 2144
	16384 2176
	0 2176
4
	0 2176
	16384 2176
	16384 2208
	0 2208
4
	0 2208
	16384 2208
	16384 2240
	0 2240
4
	0 2240
	16384 2240
	16384 2272
	0 2272
4
	0 2272
	16384 2272
	16384 2304
	0 2304
4
	0 2304
	16384 2304
	16384 2336
	0 2336
4
	0 2336
	16384 2336
	16384 2368
	0 2368
4
	0 2368
	16384 2368
	16384 2400
	0 2400
4
	0 2400
	16384 2400
	16384 2432
	0 2432
4
	0 2432
	16384 2432
	16384 2464
	0 2464
4
	0 2464
	16384 2464
	16384 2496
	0 2496
4
	0 2496
	16384 2496
	16384 2528
	0 2528
4
	0 2528
	16384 2528
	16384 2560
	0 2560
4
	0 2560
	16384 2560
	16384 2592
	0 2592
4
	0 2592
	16384 2592
	16384 2624
	0 2624
4
	0 2624
	16384 2624
	16384 2656
	0 2656
4
	0 2656
	16384 2656
	16384 2688
	0 2688
4
	0 2688
	16384 2688
	16384 2720
	0 2720
4
	0 2720
	16384 2720
	16384 2752
	0 2752
4
	0 2752
	16384 2752
	16384 2784
	0 2784
4
	0 2784
	16384 2784
	16384 2816
	0 2816
4
	0 2816
	16384 2816
	16384 2848
	0 2848
4
	0 2848
	16384 2848
	16384 2880
	0 2880
4
	0 2880
	16384 2880
	16384 2912
	0 2912
4
	0 2912
	16384 2912
	16384 2944
	0 2944
4
	0 2944
	16384 2944
	16384 2976
	0 2976
4
	0 2976
	16384 2976
	16384 3008
	0 3008
4
	0 3008
	16384 3008
	16384 3040
	0 3040
4
	0 3040
	16384 3040
	16384 3072
	0 3072
4
	0 3072
	16384 3072
	16384 3104
	0 3104
4
	0 3104
	16384 3104
	16384 3136
	0 3136
4
	0 3136
	16384 3136
	16384 3168
	0 3168
4
	0 3168
	16384 3168
	16384 3200
	0 3200
4
	0 3200
	16384 3200
	16384 3232
	0 3232
4
	0 3232
	16384 3232
	16384 3264
	0 3264
4
	0 3264
	6848 3264
	6848 3296
	0 3296
4
	7232 3264
	16384 3264
	16384 3296
	7232 3296
4
	0 3296
	6848 3296
	6848 3328
	0 3328
4
	7232 3296
	16384 3296
	16384 3328
	7232 3328
4
	0 3328
	6848 3328
	6848 3360
	0 3360
4
	7232 3328
	16384 3328
	16384 3360
	7232 3360
4
	0 3360
	6848 3360
	6848 3392
	0 3392
4
	7232 3360
	16384 3360
	16384 3392
	7232 3392
4
	0 3392
	6848 3392
	6848 3424
	0 3424
4
	7232 3392
	16384 3392
	16384 3424
	7232 3424
4
	0 3424
	6848 3424
	6848 3456
	0 3456
4
	7232 3424
	16384 3424
	16384 3456
	7232 3456
4
	0 3456
	6848 3456
	6848 3488
	0 3488
4
	7232 3456
	16384 3456
	16384 3488
	7232 3488
4
	0 3488
	6848 3488
	6848 3520
	0 3520
4
	7232 3488
	16384 3488
	16384 3520
	7232 3520
4
	0 3520
	6848 3520
	6848 3552
	0 3552
4
	7232 3520
	16384 3520
	16384 3552
	7232 3552
4
	0 3552
	6848 3552
	6848 3584
	0 3584
4
	7232 3552
	16384 3552
	16384 3584
	7232 3584
4
	0 3584
	6848 3584
	6848 3616
	0 3616
4
	7232 3584
	16384 3584
	16384 3616
	7232 3616
4
	0 3616
	6656 3616
	6656 3648
	0 3648
4
	7232 3616
	16384 3616
	16384 3648
	7232 3648
4
	0 3648
	6656 3648
	6656 3680
	0 3680
4
	7232 3648
	16384 3648
	16384 3680
	7232 3680
4
	0 3680
	6656 3680
	6656 3712
	0 3712
4
	7232 3680
	16384 3680
	16384 3712
	7232 3712
4
	0 3712
	6656 3712
	6656 3744
	0 3744
4
	7232 3712
	16384 3712
	16384 3744
	7232 3744
4
	0 3744
	6656 3744
	6656 3776
	0 3776
4
	7232 3744
	16384 3744
	16384 3776
	7232 3776
4
	0 3776
	6656 3776
	6656 3808
	0 3808
4
	7232 3776
	16384 3776
	16384 3808
	7232 3808
4
	0 3808
	5088 3808
	5088 3840
	0 3840
4
	5664 3808
	6464 3808
	6464 3840
	5664 3840
4
	7424 3808
	16384 3808
	16384 3840
	7424 3840
4
	0 3840
	5088 3840
	5088 3872
	0 3872
4
	5664 3840
	6464 3840
	6464 3872
	5664 3872
4
	7424 3840
	16384 3840
	16384 3872
	7424 3872
4
	0 3872
	5088 3872
	5088 3904
	0 3904
4
	5664 3872
	6464 3872
	6464 3904
	5664 3904
4
	7424 3872
	16384 3872
	16384 3904
	7424 3904
4
	0 3904
	5088 3904
	5088 3936
	0 3936
4
	5664 3904
	6464 3904
	6464 3936
	5664 3936
4
	7424 3904
	16384 3904
	16384 3936
	7424 3936
4
	0 3936
	5088 3936
	5088 3968
	0 3968
4
	5664 3936
	6464 3936
	6464 3968
	5664 3968
4
	7424 3936
	16384 3936
	16384 3968
	7424 3968
4
	0 3968
	5088 3968
	5088 4000
	0 4000
4
	5856 3968
	6048 3968
	6048 4000
	5856 4000
4
	7808 3968
	16384 3968
	16384 4000
	7808 4000
4
	0 4000
	5088 4000
	5088 4032
	0 4032
4
	5856 4000
	6048 4000
	6048 4032
	5856 4032
4
	7808 4000
	16384 4000
	16384 4032
	7808 4032
4
	0 4032
	5088 4032
	5088 4064
	0 4064
4
	5856 4032
	6048 4032
	6048 4064
	5856 4064
4
	7808 4032
	16384 4032
	16384 4064
	7808 4064
4
	0 4064
	5088 4064
	5088 4096
	0 4096
4
	5856 4064
	6048 4064
	6048 4096
	5856 4096
4
	7808 4064
	16384 4064
	16384 4096
	7808 4096
4
	0 4096
	5088 4096
	5088 4128
	0 4128
4
	5856 4096
	6048 4096
	6048 4128
	5856 4128
4
	7808 4096
	16384 4096
	16384 4128
	7808 4128
4
	0 4128
	5088 4128
	5088 4160
	0 4160
4
	5856 4128
	6048 4128
	6048 4160
	5856 4160
4
	7808 4128
	16384 4128
	16384 4160
	7808 4160
4
	0 4160
	5280 4160
	5280 4192
	0 4192
4
	7616 4160
	8000 4160
	8000 4192
	7616 4192
4
	8192 4160
	16384 4160
	16384 4192
	8192 4192
4
	0 4192
	5280 4192
	5280 4224
	0 4224
4
	7616 4192
	8000 4192
	8000 4224
	7616 4224
4
	8192 4192
	16384 4192
	16384 4224
	8192 4224
4
	0 4224
	5280 4224
	5280 4256
	0 4256
4
	7616 4224
	8000 4224
	8000 4256
	7616 4256
4
	8192 4224
	16384 4224
	16384 4256
	8192 4256
4
	0 4256
	5280 4256
	5280 4288
	0 4288
4
	7616 4256
	8000 4256
	8000 4288
	7616 4288
4
	8192 4256
	16384 4256
	16384 4288
	8192 4288
4
	0 4288
	5280 4288
	5280 4320
	0 4320
4
	7616 4288
	8000 4288
	8000 4320
	7616 4320
4
	8192 4288
	16384 4288
	16384 4320
	8192 4320
4
	0 4320
	5280 4320
	5280 4352
	0 4352
4
	7616 4320
	8000 4320
	8000 4352
	7616 4352
4
	8192 4320
	16384 4320
	16384 4352
	8192 4352
4
	0 4352
	5280 4352
	5280 4384
	0 4384
4
	7616 4352
	8000 4352
	8000 4384
	7616 4384
4
	8416 4352
	16384 4352
	16384 4384
	8416 4384
4
	0 4384
	5280 4384
	5280 4416
	0 4416
4
	7616 4384
	8000 4384
	8000 4416
	7616 4416
4
	8416 4384
	16384 4384
	16384 4416
	8416 4416
4
	0 4416
	5280 4416
	5280 4448
	0 4448
4
	7616 4416
	8000 4416
	8000 4448
	7616 4448
4
	8416 4416
	16384 4416
	16384 4448
	8416 4448
4
	0 4448
	5280 4448
	5280 4480
	0 4480
4
	7616 4448
	8000 4448
	8000 4480
	7616 4480
4
	8416 4448
	16384 4448
	16384 4480
	8416 4480
4
	0 4480
	5280 4480
	5280 4512
	0 4512
4
	7616 4480
	8000 4480
	8000 4512
	7616 4512
4
	8416 4480
	16384 4480
	16384 4512
	8416 4512
4
	0 4512
	4896 4512
	4896 4544
	0 4544
4
	8608 4512
	16384 4512
	16384 4544
	8608 4544
4
	0 4544
	4896 4544
	4896 4576
	0 4576
4
	8608 4544
	16384 4544
	16384 4576
	8608 4576
4
	0 4576
	4896 4576
	4896 4608
	0 4608
4
	8608 4576
	16384 4576
	16384 4608
	8608 4608
4
	0 4608
	4896 4608
	4896 4640
	0 4640
4
	8608 4608
	16384 4608
	16384 4640
	8608 4640
4
	0 4640
	4896 4640
	4896 4672
	0 4672
4
	8608 4640
	16384 4640
	16384 4672
	8608 4672
4
	0 4672
	4896 4672
	4896 4704
	0 4704
4
	8608 4672
	16384 4672
	16384 4704
	8608 4704
4
	0 4704
	4704 4704
	4704 4736
	0 4736
4
	8608 4704
	16384 4704
	16384 4736
	8608 4736
4
	0 4736
	4704 4736
	4704 4768
	0 4768
4
	8608 4736
	16384 4736
	16384 4768
	8608 4768
4
	0 4768
	4704 4768
	4704 4800
	0 4800
4
	8608 4768
	16384 4768
	16384 4800
	8608 4800
4
	0 4800
	4704 4800
	4704 4832
	0 4832
4
	8608 4800
	16384 4800
	16384 4832
	8608 4832
4
	0 4832
	4704 4832
	4704 4864
	0 4864
4
	8608 4832
	16384 4832
	16384 4864
	8608 4864
4
	0 4864
	4096 4864
	4096 4896
	0 4896
4
	8800 4864
	16384 4864
	16384 4896
	8800 4896
4
	0 4896
	4096 4896
	4096 4928
	0 4928
4
	8800 4896
	16384 4896
	16384 4928
	8800 4928
4
	0 4928
	4096 4928
	4096 4960
	0 4960
4
	8800 4928
	16384 4928
	16384 4960
	8800 4960
4
	0 4960
	4096 4960
	4096 4992
	0 4992
4
	8800 4960
	16384 4960
	16384 4992
	8800 4992
4
	0 4992
	4096 4992
	4096 5024
	0 5024
4
	8800 4992
	16384 4992
	16384 5024
	8800 5024
4
	0 5024
	4096 5024
	4096 5056
	0 5056
4
	8800 5024
	16384 5024
	16384 5056
	8800 5056
4
	0 5056
	3904 5056
	3904 5088
	0 5088
4
	8992 5056
	16384 5056
	16384 5088
	8992 5088
4
	0 5088
	3904 5088
	3904 5120
	0 5120
4
	8992 5088
	16384 5088
	16384 5120
	8992 5120
4
	0 5120
	3904 5120
	3904 5152
	0 5152
4
	8992 5120
	16384 5120
	16384 5152
	8992 5152
4
	0 5152
	3904 5152
	3904 5184
	0 5184
4
	8992 5152
	16384 5152
	16384 5184
	8992 5184
4
	0 5184
	3904 5184
	3904 5216
	0 5216
4
	8992 5184
	16384 5184
	16384 5216
	8992 5216
4
	0 5216
	3904 5216
	3904 5248
	0 5248
4
	8992 5216
	16384 5216
	16384 5248
	8992 5248
4
	0 5248
	3712 5248
	3712 5280
	0 5280
4
	9184 5248
	16384 5248
	16384 5280
	9184 5280
4
	0 5280
	3712 5280
	3712 5312
	0 5312
4
	9184 5280
	16384 5280
	16384 5312
	9184 5312
4
	0 5312
	3712 5312
	3712 5344
	0 5344
4
	9184 5312
	16384 5312
	16384 5344
	9184 5344
4
	0 5344
	3712 5344
	3712 5376
	0 5376
4
	9184 5344
	16384 5344
	16384 5376
	9184 5376
4
	0 5376
	3712 5376
	3712 5408
	0 5408
4
	9184 5376
	16384 5376
	16384 5408
	9184 5408
4
	0 5408
	3712 5408
	3712 5440
	0 5440
4
	9376 5408
	16384 5408
	16384 5440
	9376 5440
4
	0 5440
	3712 5440
	3712 5472
	0 5472
4
	9376 5440
	16384 5440
	16384 5472
	9376 5472
4
	0 5472
	3712 5472
	3712 5504
	0 5504
4
	9376 5472
	16384 5472
	16384 5504
	9376 5504
4
	0 5504
	3712 5504
	3712 5536
	0 5536
4
	9376 5504
	16384 5504
	16384 5536
	9376 5536
4
	0 5536
	3712 5536
	3712 5568
	0 5568
4
	9376 5536
	16384 5536
	16384 5568
	9376 5568
4
	0 5568
	3712 5568
	3712 5600
	0 5600
4
	9376 5568
	16384 5568
	16384 5600
	9376 5600
4
	0 5600
	3904 5600
	3904 5632
	0 5632
4
	9568 5600
	16384 5600
	16384 5632
	9568 5632
4
	0 5632
	3904 5632
	3904 5664
	0 5664
4
	9568 5632
	16384 5632
	16384 5664
	9568 5664
4
	0 5664
	3904 5664
	3904 5696
	0 5696
4
	9568 5664
	16384 5664
	16384 5696
	9568 5696
4
	0 5696
	3904 5696
	3904 5728
	0 5728
4
	9568 5696
	16384 5696
	16384 5728
	9568 5728
4
	0 5728
	3904 5728
	3904 5760
	0 5760
4
	9568 5728
	16384 5728
	16384 5760
	9568 5760
4
	0 5760
	3904 5760
	3904 5792
	0 5792
4
	9568 5760
	16384 5760
	16384 5792
	9568 5792
4
	0 5792
	4096 5792
	4096 5824
	0 5824
4
	9376 5792
	9760 5792
	9760 5824
	9376 5824
4
	10144 5792
	16384 5792
	16384 5824
	10144 5824
4
	0 5824
	4096 5824
	4096 5856
	0 5856
4
	9376 5824
	9760 5824
	9760 5856
	9376 5856
4
	10144 5824
	16384 5824
	16384 5856
	10144 5856
4
	0 5856
	4096 5856
	4096 5888
	0 5888
4
	9376 5856
	9760 5856
	9760 5888
	9376 5888
4
	10144 5856
	16384 5856
	16384 5888
	10144 5888
4
	0 5888
	4096 5888
	4096 5920
	0 5920
4
	9376 5888
	9760 5888
	9760 5920
	9376 5920
4
	10144 5888
	16384 5888
	16384 5920
	10144 5920
4
	0 5920
	4096 5920
	4096 5952
	0 5952
4
	9376 5920
	9760 5920
	9760 5952
	9376 5952
4
	10144 5920
	16384 5920
	16384 5952
	10144 5952
4
	0 5952
	4320 5952
	4320 5984
	0 5984
4
	9184 5952
	9568 5952
	9568 5984
	9184 5984
4
	10368 5952
	16384 5952
	16384 5984
	10368 5984
4
	0 5984
	4320 5984
	4320 6016
	0 6016
4
	9184 5984
	9568 5984
	9568 6016
	9184 6016
4
	10368 5984
	16384 5984
	16384 6016
	10368 6016
4
	0 6016
	4320 6016
	4320 6048
	0 6048
4
	9184 6016
	9568 6016
	9568 6048
	9184 6048
4
	10368 6016
	16384 6016
	16384 6048
	10368 6048
4
	0 6048
	4320 6048
	4320 6080
	0 6080
4
	9184 6048
	9568 6048
	9568 6080
	9184 6080
4
	10368 6048
	16384 6048
	16384 6080
	10368 6080
4
	0 6080
	4320 6080
	4320 6112
	0 6112
4
	9184 6080
	9568 6080
	9568 6112
	9184 6112
4
	10368 6080
	16384 6080
	16384 6112
	10368 6112
4
	0 6112
	4320 6112
	4320 6144
	0 6144
4
	9184 6112
	9568 6112
	9568 6144
	9184 6144
4
	10368 6112
	16384 6112
	16384 6144
	10368 6144
4
	0 6144
	4512 6144
	4512 6176
	0 6176
4
	8992 6144
	9376 6144
	9376 6176
	8992 6176
4
	10560 6144
	16384 6144
	16384 6176
	10560 6176
4
	0 6176
	4512 6176
	4512 6208
	0 6208
4
	8992 6176
	9376 6176
	9376 6208
	8992 6208
4
	10560 6176
	16384 6176
	16384 6208
	10560 6208
4
	0 6208
	4512 6208
	4512 6240
	0 6240
4
	8992 6208
	9376 6208
	9376 6240
	8992 6240
4
	10560 6208
	16384 6208
	16384 6240
	10560 6240
4
	0 6240
	4512 6240
	4512 6272
	0 6272
4
	8992 6240
	9376 6240
	9376 6272
	8992 6272
4
	10560 6240
	16384 6240
	16384 6272
	10560 6272
4
	0 6272
	4512 6272
	4512 6304
	0 6304
4
	8992 6272
	9376 6272
	9376 6304
	8992 6304
4
	10560 6272
	16384 6272
	16384 6304
	10560 6304
4
	0 6304
	4704 6304
	4704 6336
	0 6336
4
	8800 6304
	9184 6304
	9184 6336
	8800 6336
4
	9760 6304
	9952 6304
	9952 6336
	9760 6336
4
	10752 6304
	16384 6304
	16384 6336
	10752 6336
4
	0 6336
	4704 6336
	4704 6368
	0 6368
4
	8800 6336
	9184 6336
	9184 6368
	8800 6368
4
	9760 6336
	9952 6336
	9952 6368
	9760 6368
4
	10752 6336
	16384 6336
	16384 6368
	10752 6368
4
	0 6368
	4704 6368
	4704 6400
	0 6400
4
	8800 6368
	9184 6368
	9184 6400
	8800 6400
4
	9760 6368
	9952 6368
	9952 6400
	9760 6400
4
	10752 6368
	16384 6368
	16384 6400
	10752 6400
4
	0 6400
	4704 6400
	4704 6432
	0 6432
4
	8800 6400
	9184 6400
	9184 6432
	8800 6432
4
	9760 6400
	9952 6400
	9952 6432
	9760 6432
4
	10752 6400
	16384 6400
	16384 6432
	10752 6432
4
	0 6432
	4704 6432
	4704 6464
	0 6464
4
	8800 6432
	9184 6432
	9184 6464
	8800 6464
4
	9760 6432
	9952 6432
	9952 6464
	9760 6464
4
	10752 6432
	16384 6432
	16384 6464
	10752 6464
4
	0 6464
	4704 6464
	4704 6496
	0 6496
4
	8800 6464
	9184 6464
	9184 6496
	8800 6496
4
	9760 6464
	9952 6464
	9952 6496
	9760 6496
4
	10752 6464
	16384 6464
	16384 6496
	10752 6496
4
	0 6496
	4896 6496
	4896 6528
	0 6528
4
	8608 6496
	8992 6496
	8992 6528
	8608 6528
4
	9568 6496
	10144 6496
	10144 6528
	9568 6528
4
	10944 6496
	16384 6496
	16384 6528
	10944 6528
4
	0 6528
	4896 6528
	4896 6560
	0 6560
4
	8608 6528
	8992 6528
	8992 6560
	8608 6560
4
	9568 6528
	10144 6528
	10144 6560
	9568 6560
4
	10944 6528
	16384 6528
	16384 6560
	10944 6560
4
	0 6560
	4896 6560
	4896 6592
	0 6592
4
	8608 6560
	8992 6560
	8992 6592
	8608 6592
4
	9568 6560
	10144 6560
	10144 6592
	9568 6592
4
	10944 6560
	16384 6560
	16384 6592
	10944 6592
4
	0 6592
	4896 6592
	4896 6624
	0 6624
4
	8608 6592
	8992 6592
	8992 6624
	8608 6624
4
	9568 6592
	10144 6592
	10144 6624
	9568 6624
4
	10944 6592
	16384 6592
	16384 6624
	10944 6624
4
	0 6624
	4896 6624
	4896 6656
	0 6656
4
	8608 6624
	8992 6624
	8992 6656
	8608 6656
4
	9568 6624
	10144 6624
	10144 6656
	9568 6656
4
	10944 6624
	16384 6624
	16384 6656
	10944 6656
4
	0 6656
	4896 6656
	4896 6688
	0 6688
4
	8608 6656
	8992 6656
	8992 6688
	8608 6688
4
	9568 6656
	10144 6656
	10144 6688
	9568 6688
4
	10944 6656
	16384 6656
	16384 6688
	10944 6688
4
	0 6688
	5088 6688
	5088 6720
	0 6720
4
	8416 6688
	9184 6688
	9184 6720
	8416 6720
4
	9376 6688
	10368 6688
	10368 6720
	9376 6720
4
	11136 6688
	16384 6688
	16384 6720
	11136 6720
4
	0 6720
	5088 6720
	5088 6752
	0 6752
4
	8416 6720
	9184 6720
	9184 6752
	8416 6752
4
	9376 6720
	10368 6720
	10368 6752
	9376 6752
4
	11136 6720
	16384 6720
	16384 6752
	11136 6752
4
	0 6752
	5088 6752
	5088 6784
	0 6784
4
	8416 6752
	9184 6752
	9184 6784
	8416 6784
4
	9376 6752
	10368 6752
	10368 6784
	9376 6784
4
	11136 6752
	16384 6752
	16384 6784
	11136 6784
4
	0 6784
	5088 6784
	5088 6816
	0 6816
4
	8416 6784
	9184 6784
	9184 6816
	8416 6816
4
	9376 6784
	10368 6784
	10368 6816
	9376 6816
4
	11136 6784
	16384 6784
	16384 6816
	11136 6816
4
	0 6816
	5088 6816
	5088 6848
	0 6848
4
	8416 6816
	9184 6816
	9184 6848
	8416 6848
4
	9376 6816
	10368 6816
	10368 6848
	9376 6848
4
	11136 6816
	16384 6816
	16384 6848
	11136 6848
4
	0 6848
	4512 6848
	4512 6880
	0 6880
4
	4704 6848
	5280 6848
	5280 6880
	4704 6880
4
	8192 6848
	9568 6848
	9568 6880
	8192 6880
4
	9760 6848
	10560 6848
	10560 6880
	9760 6880
4
	11328 6848
	16384 6848
	16384 6880
	11328 6880
4
	0 6880
	4512 6880
	4512 6912
	0 6912
4
	4704 6880
	5280 6880
	5280 6912
	4704 6912
4
	8192 6880
	9568 6880
	9568 6912
	8192 6912
4
	9760 6880
	10560 6880
	10560 6912
	9760 6912
4
	11328 6880
	16384 6880
	16384 6912
	11328 6912
4
	0 6912
	4512 6912
	4512 6944
	0 6944
4
	4704 6912
	5280 6912
	5280 6944
	4704 6944
4
	8192 6912
	9568 6912
	9568 6944
	8192 6944
4
	9760 6912
	10560 6912
	10560 6944
	9760 6944
4
	11328 6912
	16384 6912
	16384 6944
	11328 6944
4
	0 6944
	4512 6944
	4512 6976
	0 6976
4
	4704 6944
	5280 6944
	5280 6976
	4704 6976
4
	8192 6944
	9568 6944
	9568 6976
	8192 6976
4
	9760 6944
	10560 6944
	10560 6976
	9760 6976
4
	11328 6944
	16384 6944
	16384 6976
	11328 6976
4
	0 6976
	4512 6976
	4512 7008
	0 7008
4
	4704 6976
	5280 6976
	5280 7008
	4704 7008
4
	8192 6976
	9568 6976
	9568 7008
	8192 7008
4
	9760 6976
	10560 6976
	10560 7008
	9760 7008
4
	11328 6976
	16384 6976
	16384 7008
	11328 7008
4
	0 7008
	4512 7008
	4512 7040
	0 7040
4
	4704 7008
	5280 7008
	5280 7040
	4704 7040
4
	8192 7008
	9568 7008
	9568 7040
	8192 7040
4
	9760 7008
	10560 7008
	10560 7040
	9760 7040
4
	11328 7008
	16384 7008
	16384 7040
	11328 7040
4
	0 7040
	1760 7040
	1760 7072
	0 7072
4
	1952 7040
	4096 7040
	4096 7072
	1952 7072
4
	4704 7040
	5472 7040
	5472 7072
	4704 7072
4
	8000 7040
	9568 7040
	9568 7072
	8000 7072
4
	9952 7040
	10560 7040
	10560 7072
	9952 7072
4
	11520 7040
	16384 7040
	16384 7072
	11520 7072
4
	0 7072
	1760 7072
	1760 7104
	0 7104
4
	1952 7072
	4096 7072
	4096 7104
	1952 7104
4
	4704 7072
	5472 7072
	5472 7104
	4704 7104
4
	8000 7072
	9568 7072
	9568 7104
	8000 7104
4
	9952 7072
	10560 7072
	10560 7104
	9952 7104
4
	11520 7072
	16384 7072
	16384 7104
	11520 7104
4
	0 7104
	1760 7104
	1760 7136
	0 7136
4
	1952 7104
	4096 7104
	4096 7136
	1952 7136
4
	4704 7104
	5472 7104
	5472 7136
	4704 7136
4
	8000 7104
	9568 7104
	9568 7136
	8000 7136
4
	9952 7104
	10560 7104
	10560 7136
	9952 7136
4
	11520 7104
	16384 7104
	16384 7136
	11520 7136
4
	0 7136
	1760 7136
	1760 7168
	0 7168
4
	1952 7136
	4096 7136
	4096 7168
	1952 7168
4
	4704 7136
	5472 7136
	5472 7168
	4704 7168
4
	8000 7136
	9568 7136
	9568 7168
	8000 7168
4
	9952 7136
	10560 7136
	10560 7168
	9952 7168
4
	11520 7136
	16384 7136
	16384 7168
	11520 7168
4
	0 7168
	1760 7168
	1760 7200
	0 7200
4
	1952 7168
	4096 7168
	4096 7200
	1952 7200
4
	4704 7168
	5472 7168
	5472 7200
	4704 7200
4
	8000 7168
	9568 7168
	9568 7200
	8000 7200
4
	9952 7168
	10560 7168
	10560 7200
	9952 7200
4
	11520 7168
	16384 7168
	16384 7200
	11520 7200
4
	0 7200
	1760 7200
	1760 7232
	0 7232
4
	1952 7200
	4096 7200
	4096 7232
	1952 7232
4
	4704 7200
	5472 7200
	5472 7232
	4704 7232
4
	8000 7200
	9568 7200
	9568 7232
	8000 7232
4
	9952 7200
	10560 7200
	10560 7232
	9952 7232
4
	11520 7200
	16384 7200
	16384 7232
	11520 7232
4
	0 7232
	1760 7232
	1760 7264
	0 7264
4
	2176 7232
	3904 7232
	3904 7264
	2176 7264
4
	4896 7232
	5280 7232
	5280 7264
	4896 7264
4
	7808 7232
	9376 7232
	9376 7264
	7808 7264
4
	11712 7232
	16384 7232
	16384 7264
	11712 7264
4
	0 7264
	1760 7264
	1760 7296
	0 7296
4
	2176 7264
	3904 7264
	3904 7296
	2176 7296
4
	4896 7264
	5280 7264
	5280 7296
	4896 7296
4
	7808 7264
	9376 7264
	9376 7296
	7808 7296
4
	11712 7264
	16384 7264
	16384 7296
	11712 7296
4
	0 7296
	1760 7296
	1760 7328
	0 7328
4
	2176 7296
	3904 7296
	3904 7328
	2176 7328
4
	4896 7296
	5280 7296
	5280 7328
	4896 7328
4
	7808 7296
	9376 7296
	9376 7328
	7808 7328
4
	11712 7296
	16384 7296
	16384 7328
	11712 7328
4
	0 7328
	1760 7328
	1760 7360
	0 7360
4
	2176 7328
	3904 7328
	3904 7360
	2176 7360
4
	4896 7328
	5280 7328
	5280 7360
	4896 7360
4
	7808 7328
	9376 7328
	9376 7360
	7808 7360
4
	11712 7328
	16384 7328
	16384 7360
	11712 7360
4
	0 7360
	1760 7360
	1760 7392
	0 7392
4
	2176 7360
	3904 7360
	3904 7392
	2176 7392
4
	4896 7360
	5280 7360
	5280 7392
	4896 7392
4
	7808 7360
	9376 7360
	9376 7392
	7808 7392
4
	11712 7360
	16384 7360
	16384 7392
	11712 7392
4
	0 7392
	1760 7392
	1760 7424
	0 7424
4
	2560 7392
	2944 7392
	2944 7424
	2560 7424
4
	3136 7392
	4512 7392
	4512 7424
	3136 7424
4
	5088 7392
	5280 7392
	5280 7424
	5088 7424
4
	7616 7392
	8992 7392
	8992 7424
	7616 7424
4
	11904 7392
	16384 7392
	16384 7424
	11904 7424
4
	0 7424
	1760 7424
	1760 7456
	0 7456
4
	2560 7424
	2944 7424
	2944 7456
	2560 7456
4
	3136 7424
	4512 7424
	4512 7456
	3136 7456
4
	5088 7424
	5280 7424
	5280 7456
	5088 7456
4
	7616 7424
	8992 7424
	8992 7456
	7616 7456
4
	11904 7424
	16384 7424
	16384 7456
	11904 7456
4
	0 7456
	1760 7456
	1760 7488
	0 7488
4
	2560 7456
	2944 7456
	2944 7488
	2560 7488
4
	3136 7456
	4512 7456
	4512 7488
	3136 7488
4
	5088 7456
	5280 7456
	5280 7488
	5088 7488
4
	7616 7456
	8992 7456
	8992 7488
	7616 7488
4
	11904 7456
	16384 7456
	16384 7488
	11904 7488
4
	0 7488
	1760 7488
	1760 7520
	0 7520
4
	2560 7488
	2944 7488
	2944 7520
	2560 7520
4
	3136 7488
	4512 7488
	4512 7520
	3136 7520
4
	5088 7488
	5280 7488
	5280 7520
	5088 7520
4
	7616 7488
	8992 7488
	8992 7520
	7616 7520
4
	11904 7488
	16384 7488
	16384 7520
	11904 7520
4
	0 7520
	1760 7520
	1760 7552
	0 7552
4
	2560 7520
	2944 7520
	2944 7552
	2560 7552
4
	3136 7520
	4512 7520
	4512 7552
	3136 7552
4
	5088 7520
	5280 7520
	5280 7552
	5088 7552
4
	7616 7520
	8992 7520
	8992 7552
	7616 7552
4
	11904 7520
	16384 7520
	16384 7552
	11904 7552
4
	0 7552
	1760 7552
	1760 7584
	0 7584
4
	2560 7552
	2944 7552
	2944 7584
	2560 7584
4
	3136 7552
	4512 7552
	4512 7584
	3136 7584
4
	5088 7552
	5280 7552
	5280 7584
	5088 7584
4
	7616 7552
	8992 7552
	8992 7584
	7616 7584
4
	11904 7552
	16384 7552
	16384 7584
	11904 7584
4
	0 7584
	1184 7584
	1184 7616
	0 7616
4
	2752 7584
	2944 7584
	2944 7616
	2752 7616
4
	3136 7584
	4704 7584
	4704 7616
	3136 7616
4
	5664 7584
	6048 7584
	6048 7616
	5664 7616
4
	7232 7584
	8800 7584
	8800 7616
	7232 7616
4
	12096 7584
	16384 7584
	16384 7616
	12096 7616
4
	0 7616
	1184 7616
	1184 7648
	0 7648
4
	2752 7616
	2944 7616
	2944 7648
	2752 7648
4
	3136 7616
	4704 7616
	4704 7648
	3136 7648
4
	5664 7616
	6048 7616
	6048 7648
	5664 7648
4
	7232 7616
	8800 7616
	8800 7648
	7232 7648
4
	12096 7616
	16384 7616
	16384 7648
	12096 7648
4
	0 7648
	1184 7648
	1184 7680
	0 7680
4
	2752 7648
	2944 7648
	2944 7680
	2752 7680
4
	3136 7648
	4704 7648
	4704 7680
	3136 7680
4
	5664 7648
	6048 7648
	6048 7680
	5664 7680
4
	7232 7648
	8800 7648
	8800 7680
	7232 7680
4
	12096 7648
	16384 7648
	16384 7680
	12096 7680
4
	0 7680
	1184 7680
	1184 7712
	0 7712
4
	2752 7680
	2944 7680
	2944 7712
	2752 7712
4
	3136 7680
	4704 7680
	4704 7712
	3136 7712
4
	5664 7680
	6048 7680
	6048 7712
	5664 7712
4
	7232 7680
	8800 7680
	8800 7712
	7232 7712
4
	12096 7680
	16384 7680
	16384 7712
	12096 7712
4
	0 7712
	1184 7712
	1184 7744
	0 7744
4
	2752 7712
	2944 7712
	2944 7744
	2752 7744
4
	3136 7712
	4704 7712
	4704 7744
	3136 7744
4
	5664 7712
	6048 7712
	6048 7744
	5664 7744
4
	7232 7712
	8800 7712
	8800 7744
	7232 7744
4
	12096 7712
	16384 7712
	16384 7744
	12096 7744
4
	0 7744
	992 7744
	992 7776
	0 7776
4
	1952 7744
	2176 7744
	2176 7776
	1952 7776
4
	2560 7744
	2944 7744
	2944 7776
	2560 7776
4
	3136 7744
	4704 7744
	4704 7776
	3136 7776
4
	5856 7744
	6272 7744
	6272 7776
	5856 7776
4
	7040 7744
	7616 7744
	7616 7776
	7040 7776
4
	7808 7744
	8608 7744
	8608 7776
	7808 7776
4
	12288 7744
	16384 7744
	16384 7776
	12288 7776
4
	0 7776
	992 7776
	992 7808
	0 7808
4
	1952 7776
	2176 7776
	2176 7808
	1952 7808
4
	2560 7776
	2944 7776
	2944 7808
	2560 7808
4
	3136 7776
	4704 7776
	4704 7808
	3136 7808
4
	5856 7776
	6272 7776
	6272 7808
	5856 7808
4
	7040 7776
	7616 7776
	7616 7808
	7040 7808
4
	7808 7776
	8608 7776
	8608 7808
	7808 7808
4
	12288 7776
	16384 7776
	16384 7808
	12288 7808
4
	0 7808
	992 7808
	992 7840
	0 7840
4
	1952 7808
	2176 7808
	2176 7840
	1952 7840
4
	2560 7808
	2944 7808
	2944 7840
	2560 7840
4
	3136 7808
	4704 7808
	4704 7840
	3136 7840
4
	5856 7808
	6272 7808
	6272 7840
	5856 7840
4
	7040 7808
	7616 7808
	7616 7840
	7040 7840
4
	7808 7808
	8608 7808
	8608 7840
	7808 7840
4
	12288 7808
	16384 7808
	16384 7840
	12288 7840
4
	0 7840
	992 7840
	992 7872
	0 7872
4
	1952 7840
	2176 7840
	2176 7872
	1952 7872
4
	2560 7840
	2944 7840
	2944 7872
	2560 7872
4
	3136 7840
	4704 7840
	4704 7872
	3136 7872
4
	5856 7840
	6272 7840
	6272 7872
	5856 7872
4
	7040 7840
	7616 7840
	7616 7872
	7040 7872
4
	7808 7840
	8608 7840
	8608 7872
	7808 7872
4
	12288 7840
	16384 7840
	16384 7872
	12288 7872
4
	0 7872
	992 7872
	992 7904
	0 7904
4
	1952 7872
	2176 7872
	2176 7904
	1952 7904
4
	2560 7872
	2944 7872
	2944 7904
	2560 7904
4
	3136 7872
	4704 7872
	4704 7904
	3136 7904
4
	5856 7872
	6272 7872
	6272 7904
	5856 7904
4
	7040 7872
	7616 7872
	7616 7904
	7040 7904
4
	7808 7872
	8608 7872
	8608 7904
	7808 7904
4
	12288 7872
	16384 7872
	16384 7904
	12288 7904
4
	0 7904
	992 7904
	992 7936
	0 7936
4
	1952 7904
	2176 7904
	2176 7936
	1952 7936
4
	2560 7904
	2944 7904
	2944 7936
	2560 7936
4
	3136 7904
	4704 7904
	4704 7936
	3136 7936
4
	5856 7904
	6272 7904
	6272 7936
	5856 7936
4
	7040 7904
	7616 7904
	7616 7936
	7040 7936
4
	7808 7904
	8608 7904
	8608 7936
	7808 7936
4
	12288 7904
	16384 7904
	16384 7936
	12288 7936
4
	0 7936
	800 7936
	800 7968
	0 7968
4
	1952 7936
	2752 7936
	2752 7968
	1952 7968
4
	3136 7936
	4896 7936
	4896 7968
	3136 7968
4
	6048 7936
	6464 7936
	6464 7968
	6048 7968
4
	6848 7936
	7424 7936
	7424 7968
	6848 7968
4
	11904 7936
	16384 7936
	16384 7968
	11904 7968
4
	0 7968
	800 7968
	800 8000
	0 8000
4
	1952 7968
	2752 7968
	2752 8000
	1952 8000
4
	3136 7968
	4896 7968
	4896 8000
	3136 8000
4
	6048 7968
	6464 7968
	6464 8000
	6048 8000
4
	6848 7968
	7424 7968
	7424 8000
	6848 8000
4
	11904 7968
	16384 7968
	16384 8000
	11904 8000
4
	0 8000
	800 8000
	800 8032
	0 8032
4
	1952 8000
	2752 8000
	2752 8032
	1952 8032
4
	3136 8000
	4896 8000
	4896 8032
	3136 8032
4
	6048 8000
	6464 8000
	6464 8032
	6048 8032
4
	6848 8000
	7424 8000
	7424 8032
	6848 8032
4
	11904 8000
	16384 8000
	16384 8032
	11904 8032
4
	0 8032
	800 8032
	800 8064
	0 8064
4
	1952 8032
	2752 8032
	2752 8064
	1952 8064
4
	3136 8032
	4896 8032
	4896 8064
	3136 8064
4
	6048 8032
	6464 8032
	6464 8064
	6048 8064
4
	6848 8032
	7424 8032
	7424 8064
	6848 8064
4
	11904 8032
	16384 8032
	16384 8064
	11904 8064
4
	0 8064
	800 8064
	800 8096
	0 8096
4
	1952 8064
	2752 8064
	2752 8096
	1952 8096
4
	3136 8064
	4896 8064
	4896 8096
	3136 8096
4
	6048 8064
	6464 8064
	6464 8096
	6048 8096
4
	6848 8064
	7424 8064
	7424 8096
	6848 8096
4
	11904 8064
	16384 8064
	16384 8096
	11904 8096
4
	0 8096
	800 8096
	800 8128
	0 8128
4
	1952 8096
	2752 8096
	2752 8128
	1952 8128
4
	3136 8096
	4896 8096
	4896 8128
	3136 8128
4
	6048 8096
	6464 8096
	6464 8128
	6048 8128
4
	6848 8096
	7424 8096
	7424 8128
	6848 8128
4
	11904 8096
	16384 8096
	16384 8128
	11904 8128
4
	0 8128
	608 8128
	608 8160
	0 8160
4
	3136 8128
	4896 8128
	4896 8160
	3136 8160
4
	6272 8128
	7232 8128
	7232 8160
	6272 8160
4
	11712 8128
	16384 8128
	16384 8160
	11712 8160
4
	0 8160
	608 8160
	608 8192
	0 8192
4
	3136 8160
	4896 8160
	4896 8192
	3136 8192
4
	6272 8160
	7232 8160
	7232 8192
	6272 8192
4
	11712 8160
	16384 8160
	16384 8192
	11712 8192
4
	0 8192
	608 8192
	608 8224
	0 8224
4
	3136 8192
	4896 8192
	4896 8224
	3136 8224
4
	6272 8192
	7232 8192
	7232 8224
	6272 8224
4
	11712 8192
	16384 8192
	16384 8224
	11712 8224
4
	0 8224
	608 8224
	608 8256
	0 8256
4
	3136 8224
	4896 8224
	4896 8256
	3136 8256
4
	6272 8224
	7232 8224
	7232 8256
	6272 8256
4
	11712 8224
	16384 8224
	16384 8256
	11712 8256
4
	0 8256
	608 8256
	608 8288
	0 8288
4
	3136 8256
	4896 8256
	4896 8288
	3136 8288
4
	6272 8256
	7232 8256
	7232 8288
	6272 8288
4
	11712 8256
	16384 8256
	16384 8288
	11712 8288
4
	0 8288
	416 8288
	416 8320
	0 8320
4
	3136 8288
	4320 8288
	4320 8320
	3136 8320
4
	6272 8288
	7232 8288
	7232 8320
	6272 8320
4
	11520 8288
	16384 8288
	16384 8320
	11520 8320
4
	0 8320
	416 8320
	416 8352
	0 8352
4
	3136 8320
	4320 8320
	4320 8352
	3136 8352
4
	6272 8320
	7232 8320
	7232 8352
	6272 8352
4
	11520 8320
	16384 8320
	16384 8352
	11520 8352
4
	0 8352
	416 8352
	416 8384
	0 8384
4
	3136 8352
	4320 8352
	4320 8384
	3136 8384
4
	6272 8352
	7232 8352
	7232 8384
	6272 8384
4
	11520 8352
	16384 8352
	16384 8384
	11520 8384
4
	0 8384
	416 8384
	416 8416
	0 8416
4
	3136 8384
	4320 8384
	4320 8416
	3136 8416
4
	6272 8384
	7232 8384
	7232 8416
	6272 8416
4
	11520 8384
	16384 8384
	16384 8416
	11520 8416
4
	0 8416
	416 8416
	416 8448
	0 8448
4
	3136 8416
	4320 8416
	4320 8448
	3136 8448
4
	6272 8416
	7232 8416
	7232 8448
	6272 8448
4
	11520 8416
	16384 8416
	16384 8448
	11520 8448
4
	0 8448
	416 8448
	416 8480
	0 8480
4
	3136 8448
	4320 8448
	4320 8480
	3136 8480
4
	6272 8448
	7232 8448
	7232 8480
	6272 8480
4
	11520 8448
	16384 8448
	16384 8480
	11520 8480
4
	0 8480
	608 8480
	608 8512
	0 8512
4
	3136 8480
	3520 8480
	3520 8512
	3136 8512
4
	6048 8480
	7424 8480
	7424 8512
	6048 8512
4
	11328 8480
	16384 8480
	16384 8512
	11328 8512
4
	0 8512
	608 8512
	608 8544
	0 8544
4
	3136 8512
	3520 8512
	3520 8544
	3136 8544
4
	6048 8512
	7424 8512
	7424 8544
	6048 8544
4
	11328 8512
	16384 8512
	16384 8544
	11328 8544
4
	0 8544
	608 8544
	608 8576
	0 8576
4
	3136 8544
	3520 8544
	3520 8576
	3136 8576
4
	6048 8544
	7424 8544
	7424 8576
	6048 8576
4
	11328 8544
	16384 8544
	16384 8576
	11328 8576
4
	0 8576
	608 8576
	608 8608
	0 8608
4
	3136 8576
	3520 8576
	3520 8608
	3136 8608
4
	6048 8576
	7424 8576
	7424 8608
	6048 8608
4
	11328 8576
	16384 8576
	16384 8608
	11328 8608
4
	0 8608
	608 8608
	608 8640
	0 8640
4
	3136 8608
	3520 8608
	3520 8640
	3136 8640
4
	6048 8608
	7424 8608
	7424 8640
	6048 8640
4
	11328 8608
	16384 8608
	16384 8640
	11328 8640
4
	0 8640
	608 8640
	608 8672
	0 8672
4
	3136 8640
	3520 8640
	3520 8672
	3136 8672
4
	6048 8640
	7424 8640
	7424 8672
	6048 8672
4
	11328 8640
	16384 8640
	16384 8672
	11328 8672
4
	0 8672
	800 8672
	800 8704
	0 8704
4
	5856 8672
	7616 8672
	7616 8704
	5856 8704
4
	11520 8672
	16384 8672
	16384 8704
	11520 8704
4
	0 8704
	800 8704
	800 8736
	0 8736
4
	5856 8704
	7616 8704
	7616 8736
	5856 8736
4
	11520 8704
	16384 8704
	16384 8736
	11520 8736
4
	0 8736
	800 8736
	800 8768
	0 8768
4
	5856 8736
	7616 8736
	7616 8768
	5856 8768
4
	11520 8736
	16384 8736
	16384 8768
	11520 8768
4
	0 8768
	800 8768
	800 8800
	0 8800
4
	5856 8768
	7616 8768
	7616 8800
	5856 8800
4
	11520 8768
	16384 8768
	16384 8800
	11520 8800
4
	0 8800
	800 8800
	800 8832
	0 8832
4
	5856 8800
	7616 8800
	7616 8832
	5856 8832
4
	11520 8800
	16384 8800
	16384 8832
	11520 8832
4
	0 8832
	992 8832
	992 8864
	0 8864
4
	5664 8832
	7808 8832
	7808 8864
	5664 8864
4
	11712 8832
	13280 8832
	13280 8864
	11712 8864
4
	13664 8832
	16384 8832
	16384 8864
	13664 8864
4
	0 8864
	992 8864
	992 8896
	0 8896
4
	5664 8864
	7808 8864
	7808 8896
	5664 8896
4
	11712 8864
	13280 8864
	13280 8896
	11712 8896
4
	13664 8864
	16384 8864
	16384 8896
	13664 8896
4
	0 8896
	992 8896
	992 8928
	0 8928
4
	5664 8896
	7808 8896
	7808 8928
	5664 8928
4
	11712 8896
	13280 8896
	13280 8928
	11712 8928
4
	13664 8896
	16384 8896
	16384 8928
	13664 8928
4
	0 8928
	992 8928
	992 8960
	0 8960
4
	5664 8928
	7808 8928
	7808 8960
	5664 8960
4
	11712 8928
	13280 8928
	13280 8960
	11712 8960
4
	13664 8928
	16384 8928
	16384 8960
	13664 8960
4
	0 8960
	992 8960
	992 8992
	0 8992
4
	5664 8960
	7808 8960
	7808 8992
	5664 8992
4
	11712 8960
	13280 8960
	13280 8992
	11712 8992
4
	13664 8960
	16384 8960
	16384 8992
	13664 8992
4
	0 8992
	992 8992
	992 9024
	0 9024
4
	5664 8992
	7808 8992
	7808 9024
	5664 9024
4
	11712 8992
	13280 8992
	13280 9024
	11712 9024
4
	13664 8992
	16384 8992
	16384 9024
	13664 9024
4
	0 9024
	1184 9024
	1184 9056
	0 9056
4
	6048 9024
	8000 9024
	8000 9056
	6048 9056
4
	11904 9024
	13088 9024
	13088 9056
	11904 9056
4
	13856 9024
	16384 9024
	16384 9056
	13856 9056
4
	0 9056
	1184 9056
	1184 9088
	0 9088
4
	6048 9056
	8000 9056
	8000 9088
	6048 9088
4
	11904 9056
	13088 9056
	13088 9088
	11904 9088
4
	13856 9056
	16384 9056
	16384 9088
	13856 9088
4
	0 9088
	1184 9088
	1184 9120
	0 9120
4
	6048 9088
	8000 9088
	8000 9120
	6048 9120
4
	11904 9088
	13088 9088
	13088 9120
	11904 9120
4
	13856 9088
	16384 9088
	16384 9120
	13856 9120
4
	0 9120
	1184 9120
	1184 9152
	0 9152
4
	6048 9120
	8000 9120
	8000 9152
	6048 9152
4
	11904 9120
	13088 9120
	13088 9152
	11904 9152
4
	13856 9120
	16384 9120
	16384 9152
	13856 9152
4
	0 9152
	1184 9152
	1184 9184
	0 9184
4
	6048 9152
	8000 9152
	8000 9184
	6048 9184
4
	11904 9152
	13088 9152
	13088 9184
	11904 9184
4
	13856 9152
	16384 9152
	16384 9184
	13856 9184
4
	0 9184
	1376 9184
	1376 9216
	0 9216
4
	6272 9184
	7424 9184
	7424 9216
	6272 9216
4
	12096 9184
	12704 9184
	12704 9216
	12096 9216
4
	14240 9184
	16384 9184
	16384 9216
	14240 9216
4
	0 9216
	1376 9216
	1376 9248
	0 9248
4
	6272 9216
	7424 9216
	7424 9248
	6272 9248
4
	12096 9216
	12704 9216
	12704 9248
	12096 9248
4
	14240 9216
	16384 9216
	16384 9248
	14240 9248
4
	0 9248
	1376 9248
	1376 9280
	0 9280
4
	6272 9248
	7424 9248
	7424 9280
	6272 9280
4
	12096 9248
	12704 9248
	12704 9280
	12096 9280
4
	14240 9248
	16384 9248
	16384 9280
	14240 9280
4
	0 9280
	1376 9280
	1376 9312
	0 9312
4
	6272 9280
	7424 9280
	7424 9312
	6272 9312
4
	12096 9280
	12704 9280
	12704 9312
	12096 9312
4
	14240 9280
	16384 9280
	16384 9312
	14240 9312
4
	0 9312
	1376 9312
	1376 9344
	0 9344
4
	6272 9312
	7424 9312
	7424 9344
	6272 9344
4
	12096 9312
	12704 9312
	12704 9344
	12096 9344
4
	14240 9312
	16384 9312
	16384 9344
	14240 9344
4
	0 9344
	1376 9344
	1376 9376
	0 9376
4
	6272 9344
	7424 9344
	7424 9376
	6272 9376
4
	12096 9344
	12704 9344
	12704 9376
	12096 9376
4
	14240 9344
	16384 9344
	16384 9376
	14240 9376
4
	0 9376
	1568 9376
	1568 9408
	0 9408
4
	6464 9376
	7232 9376
	7232 9408
	6464 9408
4
	12288 9376
	12512 9376
	12512 9408
	12288 9408
4
	14464 9376
	16384 9376
	16384 9408
	14464 9408
4
	0 9408
	1568 9408
	1568 9440
	0 9440
4
	6464 9408
	7232 9408
	7232 9440
	6464 9440
4
	12288 9408
	12512 9408
	12512 9440
	12288 9440
4
	14464 9408
	16384 9408
	16384 9440
	14464 9440
4
	0 9440
	1568 9440
	1568 9472
	0 9472
4
	6464 9440
	7232 9440
	7232 9472
	6464 9472
4
	12288 9440
	12512 9440
	12512 9472
	12288 9472
4
	14464 9440
	16384 9440
	16384 9472
	14464 9472
4
	0 9472
	1568 9472
	1568 9504
	0 9504
4
	6464 9472
	7232 9472
	7232 9504
	6464 9504
4
	12288 9472
	12512 9472
	12512 9504
	12288 9504
4
	14464 9472
	16384 9472
	16384 9504
	14464 9504
4
	0 9504
	1568 9504
	1568 9536
	0 9536
4
	6464 9504
	7232 9504
	7232 9536
	6464 9536
4
	12288 9504
	12512 9504
	12512 9536
	12288 9536
4
	14464 9504
	16384 9504
	16384 9536
	14464 9536
4
	0 9536
	1568 9536
	1568 9568
	0 9568
4
	6464 9536
	7232 9536
	7232 9568
	6464 9568
4
	12288 9536
	12512 9536
	12512 9568
	12288 9568
4
	14464 9536
	16384 9536
	16384 9568
	14464 9568
4
	0 9568
	1760 9568
	1760 9600
	0 9600
4
	4096 9568
	4512 9568
	4512 9600
	4096 9600
4
	6656 9568
	7040 9568
	7040 9600
	6656 9600
4
	10368 9568
	10752 9568
	10752 9600
	10368 9600
4
	11712 9568
	12512 9568
	12512 9600
	11712 9600
4
	14656 9568
	16384 9568
	16384 9600
	14656 9600
4
	0 9600
	1760 9600
	1760 9632
	0 9632
4
	4096 9600
	4512 9600
	4512 9632
	4096 9632
4
	6656 9600
	7040 9600
	7040 9632
	6656 9632
4
	10368 9600
	10752 9600
	10752 9632
	10368 9632
4
	11712 9600
	12512 9600
	12512 9632
	11712 9632
4
	14656 9600
	16384 9600
	16384 9632
	14656 9632
4
	0 9632
	1760 9632
	1760 9664
	0 9664
4
	4096 9632
	4512 9632
	4512 9664
	4096 9664
4
	6656 9632
	7040 9632
	7040 9664
	6656 9664
4
	10368 9632
	10752 9632
	10752 9664
	10368 9664
4
	11712 9632
	12512 9632
	12512 9664
	11712 9664
4
	14656 9632
	16384 9632
	16384 9664
	14656 9664
4
	0 9664
	1760 9664
	1760 9696
	0 9696
4
	4096 9664
	4512 9664
	4512 9696
	4096 9696
4
	6656 9664
	7040 9664
	7040 9696
	6656 9696
4
	10368 9664
	10752 9664
	10752 9696
	10368 9696
4
	11712 9664
	12512 9664
	12512 9696
	11712 9696
4
	14656 9664
	16384 9664
	16384 9696
	14656 9696
4
	0 9696
	1760 9696
	1760 9728
	0 9728
4
	4096 9696
	4512 9696
	4512 9728
	4096 9728
4
	6656 9696
	7040 9696
	7040 9728
	6656 9728
4
	10368 9696
	10752 9696
	10752 9728
	10368 9728
4
	11712 9696
	12512 9696
	12512 9728
	11712 9728
4
	14656 9696
	16384 9696
	16384 9728
	14656 9728
4
	0 9728
	1952 9728
	1952 9760
	0 9760
4
	3904 9728
	4704 9728
	4704 9760
	3904 9760
4
	6656 9728
	7040 9728
	7040 9760
	6656 9760
4
	10144 9728
	10944 9728
	10944 9760
	10144 9760
4
	11520 9728
	13088 9728
	13088 9760
	11520 9760
4
	14848 9728
	16384 9728
	16384 9760
	14848 9760
4
	0 9760
	1952 9760
	1952 9792
	0 9792
4
	3904 9760
	4704 9760
	4704 9792
	3904 9792
4
	6656 9760
	7040 9760
	7040 9792
	6656 9792
4
	10144 9760
	10944 9760
	10944 9792
	10144 9792
4
	11520 9760
	13088 9760
	13088 9792
	11520 9792
4
	14848 9760
	16384 9760
	16384 9792
	14848 9792
4
	0 9792
	1952 9792
	1952 9824
	0 9824
4
	3904 9792
	4704 9792
	4704 9824
	3904 9824
4
	6656 9792
	7040 9792
	7040 9824
	6656 9824
4
	10144 9792
	10944 9792
	10944 9824
	10144 9824
4
	11520 9792
	13088 9792
	13088 9824
	11520 9824
4
	14848 9792
	16384 9792
	16384 9824
	14848 9824
4
	0 9824
	1952 9824
	1952 9856
	0 9856
4
	3904 9824
	4704 9824
	4704 9856
	3904 9856
4
	6656 9824
	7040 9824
	7040 9856
	6656 9856
4
	10144 9824
	10944 9824
	10944 9856
	10144 9856
4
	11520 9824
	13088 9824
	13088 9856
	11520 9856
4
	14848 9824
	16384 9824
	16384 9856
	14848 9856
4
	0 9856
	1952 9856
	1952 9888
	0 9888
4
	3904 9856
	4704 9856
	4704 9888
	3904 9888
4
	6656 9856
	7040 9856
	7040 9888
	6656 9888
4
	10144 9856
	10944 9856
	10944 9888
	10144 9888
4
	11520 9856
	13088 9856
	13088 9888
	11520 9888
4
	14848 9856
	16384 9856
	16384 9888
	14848 9888
4
	0 9888
	1952 9888
	1952 9920
	0 9920
4
	3904 9888
	4704 9888
	4704 9920
	3904 9920
4
	6656 9888
	7040 9888
	7040 9920
	6656 9920
4
	10144 9888
	10944 9888
	10944 9920
	10144 9920
4
	11520 9888
	13088 9888
	13088 9920
	11520 9920
4
	14848 9888
	16384 9888
	16384 9920
	14848 9920
4
	0 9920
	2176 9920
	2176 9952
	0 9952
4
	3712 9920
	4896 9920
	4896 9952
	3712 9952
4
	9952 9920
	11136 9920
	11136 9952
	9952 9952
4
	11520 9920
	11904 9920
	11904 9952
	11520 9952
4
	12704 9920
	13280 9920
	13280 9952
	12704 9952
4
	14656 9920
	16384 9920
	16384 9952
	14656 9952
4
	0 9952
	2176 9952
	2176 9984
	0 9984
4
	3712 9952
	4896 9952
	4896 9984
	3712 9984
4
	9952 9952
	11136 9952
	11136 9984
	9952 9984
4
	11520 9952
	11904 9952
	11904 9984
	11520 9984
4
	12704 9952
	13280 9952
	13280 9984
	12704 9984
4
	14656 9952
	16384 9952
	16384 9984
	14656 9984
4
	0 9984
	2176 9984
	2176 10016
	0 10016
4
	3712 9984
	4896 9984
	4896 10016
	3712 10016
4
	9952 9984
	11136 9984
	11136 10016
	9952 10016
4
	11520 9984
	11904 9984
	11904 10016
	11520 10016
4
	12704 9984
	13280 9984
	13280 10016
	12704 10016
4
	14656 9984
	16384 9984
	16384 10016
	14656 10016
4
	0 10016
	2176 10016
	2176 10048
	0 10048
4
	3712 10016
	4896 10016
	4896 10048
	3712 10048
4
	9952 10016
	11136 10016
	11136 10048
	9952 10048
4
	11520 10016
	11904 10016
	11904 10048
	11520 10048
4
	12704 10016
	13280 10016
	13280 10048
	12704 10048
4
	14656 10016
	16384 10016
	16384 10048
	14656 10048
4
	0 10048
	2176 10048
	2176 10080
	0 10080
4
	3712 10048
	4896 10048
	4896 10080
	3712 10080
4
	9952 10048
	11136 10048
	11136 10080
	9952 10080
4
	11520 10048
	11904 10048
	11904 10080
	11520 10080
4
	12704 10048
	13280 10048
	13280 10080
	12704 10080
4
	14656 10048
	16384 10048
	16384 10080
	14656 10080
4
	0 10080
	2176 10080
	2176 10112
	0 10112
4
	3712 10080
	4896 10080
	4896 10112
	3712 10112
4
	9952 10080
	11136 10080
	11136 10112
	9952 10112
4
	11520 10080
	11904 10080
	11904 10112
	11520 10112
4
	12704 10080
	13280 10080
	13280 10112
	12704 10112
4
	14656 10080
	16384 10080
	16384 10112
	14656 10112
4
	0 10112
	2368 10112
	2368 10144
	0 10144
4
	3520 10112
	4896 10112
	4896 10144
	3520 10144
4
	9760 10112
	11328 10112
	11328 10144
	9760 10144
4
	12512 10112
	13472 10112
	13472 10144
	12512 10144
4
	14464 10112
	16384 10112
	16384 10144
	14464 10144
4
	0 10144
	2368 10144
	2368 10176
	0 10176
4
	3520 10144
	4896 10144
	4896 10176
	3520 10176
4
	9760 10144
	11328 10144
	11328 10176
	9760 10176
4
	12512 10144
	13472 10144
	13472 10176
	12512 10176
4
	14464 10144
	16384 10144
	16384 10176
	14464 10176
4
	0 10176
	2368 10176
	2368 10208
	0 10208
4
	3520 10176
	4896 10176
	4896 10208
	3520 10208
4
	9760 10176
	11328 10176
	11328 10208
	9760 10208
4
	12512 10176
	13472 10176
	13472 10208
	12512 10208
4
	14464 10176
	16384 10176
	16384 10208
	14464 10208
4
	0 10208
	2368 10208
	2368 10240
	0 10240
4
	3520 10208
	4896 10208
	4896 10240
	3520 10240
4
	9760 10208
	11328 10208
	11328 10240
	9760 10240
4
	12512 10208
	13472 10208
	13472 10240
	12512 10240
4
	14464 10208
	16384 10208
	16384 10240
	14464 10240
4
	0 10240
	2368 10240
	2368 10272
	0 10272
4
	3520 10240
	4896 10240
	4896 10272
	3520 10272
4
	9760 10240
	11328 10240
	11328 10272
	9760 10272
4
	12512 10240
	13472 10240
	13472 10272
	12512 10272
4
	14464 10240
	16384 10240
	16384 10272
	14464 10272
4
	0 10272
	2560 10272
	2560 10304
	0 10304
4
	3328 10272
	4704 10272
	4704 10304
	3328 10304
4
	9568 10272
	11520 10272
	11520 10304
	9568 10304
4
	12288 10272
	13472 10272
	13472 10304
	12288 10304
4
	14240 10272
	16384 10272
	16384 10304
	14240 10304
4
	0 10304
	2560 10304
	2560 10336
	0 10336
4
	3328 10304
	4704 10304
	4704 10336
	3328 10336
4
	9568 10304
	11520 10304
	11520 10336
	9568 10336
4
	12288 10304
	13472 10304
	13472 10336
	12288 10336
4
	14240 10304
	16384 10304
	16384 10336
	14240 10336
4
	0 10336
	2560 10336
	2560 10368
	0 10368
4
	3328 10336
	4704 10336
	4704 10368
	3328 10368
4
	9568 10336
	11520 10336
	11520 10368
	9568 10368
4
	12288 10336
	13472 10336
	13472 10368
	12288 10368
4
	14240 10336
	16384 10336
	16384 10368
	14240 10368
4
	0 10368
	2560 10368
	2560 10400
	0 10400
4
	3328 10368
	4704 10368
	4704 10400
	3328 10400
4
	9568 10368
	11520 10368
	11520 10400
	9568 10400
4
	12288 10368
	13472 10368
	13472 10400
	12288 10400
4
	14240 10368
	16384 10368
	16384 10400
	14240 10400
4
	0 10400
	2560 10400
	2560 10432
	0 10432
4
	3328 10400
	4704 10400
	4704 10432
	3328 10432
4
	9568 10400
	11520 10400
	11520 10432
	9568 10432
4
	12288 10400
	13472 10400
	13472 10432
	12288 10432
4
	14240 10400
	16384 10400
	16384 10432
	14240 10432
4
	0 10432
	2560 10432
	2560 10464
	0 10464
4
	3328 10432
	4704 10432
	4704 10464
	3328 10464
4
	9568 10432
	11520 10432
	11520 10464
	9568 10464
4
	12288 10432
	13472 10432
	13472 10464
	12288 10464
4
	14240 10432
	16384 10432
	16384 10464
	14240 10464
4
	0 10464
	2752 10464
	2752 10496
	0 10496
4
	3136 10464
	4512 10464
	4512 10496
	3136 10496
4
	5088 10464
	5280 10464
	5280 10496
	5088 10496
4
	9376 10464
	11520 10464
	11520 10496
	9376 10496
4
	12096 10464
	13664 10464
	13664 10496
	12096 10496
4
	14048 10464
	16384 10464
	16384 10496
	14048 10496
4
	0 10496
	2752 10496
	2752 10528
	0 10528
4
	3136 10496
	4512 10496
	4512 10528
	3136 10528
4
	5088 10496
	5280 10496
	5280 10528
	5088 10528
4
	9376 10496
	11520 10496
	11520 10528
	9376 10528
4
	12096 10496
	13664 10496
	13664 10528
	12096 10528
4
	14048 10496
	16384 10496
	16384 10528
	14048 10528
4
	0 10528
	2752 10528
	2752 10560
	0 10560
4
	3136 10528
	4512 10528
	4512 10560
	3136 10560
4
	5088 10528
	5280 10528
	5280 10560
	5088 10560
4
	9376 10528
	11520 10528
	11520 10560
	9376 10560
4
	12096 10528
	13664 10528
	13664 10560
	12096 10560
4
	14048 10528
	16384 10528
	16384 10560
	14048 10560
4
	0 10560
	2752 10560
	2752 10592
	0 10592
4
	3136 10560
	4512 10560
	4512 10592
	3136 10592
4
	5088 10560
	5280 10560
	5280 10592
	5088 10592
4
	9376 10560
	11520 10560
	11520 10592
	9376 10592
4
	12096 10560
	13664 10560
	13664 10592
	12096 10592
4
	14048 10560
	16384 10560
	16384 10592
	14048 10592
4
	0 10592
	2752 10592
	2752 10624
	0 10624
4
	3136 10592
	4512 10592
	4512 10624
	3136 10624
4
	5088 10592
	5280 10592
	5280 10624
	5088 10624
4
	9376 10592
	11520 10592
	11520 10624
	9376 10624
4
	12096 10592
	13664 10592
	13664 10624
	12096 10624
4
	14048 10592
	16384 10592
	16384 10624
	14048 10624
4
	0 10624
	4320 10624
	4320 10656
	0 10656
4
	4896 10624
	5472 10624
	5472 10656
	4896 10656
4
	9376 10624
	11520 10624
	11520 10656
	9376 10656
4
	11904 10624
	16384 10624
	16384 10656
	11904 10656
4
	0 10656
	4320 10656
	4320 10688
	0 10688
4
	4896 10656
	5472 10656
	5472 10688
	4896 10688
4
	9376 10656
	11520 10656
	11520 10688
	9376 10688
4
	11904 10656
	16384 10656
	16384 10688
	11904 10688
4
	0 10688
	4320 10688
	4320 10720
	0 10720
4
	4896 10688
	5472 10688
	5472 10720
	4896 10720
4
	9376 10688
	11520 10688
	11520 10720
	9376 10720
4
	11904 10688
	16384 10688
	16384 10720
	11904 10720
4
	0 10720
	4320 10720
	4320 10752
	0 10752
4
	4896 10720
	5472 10720
	5472 10752
	4896 10752
4
	9376 10720
	11520 10720
	11520 10752
	9376 10752
4
	11904 10720
	16384 10720
	16384 10752
	11904 10752
4
	0 10752
	4320 10752
	4320 10784
	0 10784
4
	4896 10752
	5472 10752
	5472 10784
	4896 10784
4
	9376 10752
	11520 10752
	11520 10784
	9376 10784
4
	11904 10752
	16384 10752
	16384 10784
	11904 10784
4
	0 10784
	4320 10784
	4320 10816
	0 10816
4
	4896 10784
	5472 10784
	5472 10816
	4896 10816
4
	9376 10784
	11520 10784
	11520 10816
	9376 10816
4
	11904 10784
	16384 10784
	16384 10816
	11904 10816
4
	0 10816
	4096 10816
	4096 10848
	0 10848
4
	4704 10816
	5664 10816
	5664 10848
	4704 10848
4
	9568 10816
	11136 10816
	11136 10848
	9568 10848
4
	11712 10816
	13280 10816
	13280 10848
	11712 10848
4
	13664 10816
	16384 10816
	16384 10848
	13664 10848
4
	0 10848
	4096 10848
	4096 10880
	0 10880
4
	4704 10848
	5664 10848
	5664 10880
	4704 10880
4
	9568 10848
	11136 10848
	11136 10880
	9568 10880
4
	11712 10848
	13280 10848
	13280 10880
	11712 10880
4
	13664 10848
	16384 10848
	16384 10880
	13664 10880
4
	0 10880
	4096 10880
	4096 10912
	0 10912
4
	4704 10880
	5664 10880
	5664 10912
	4704 10912
4
	9568 10880
	11136 10880
	11136 10912
	9568 10912
4
	11712 10880
	13280 10880
	13280 10912
	11712 10912
4
	13664 10880
	16384 10880
	16384 10912
	13664 10912
4
	0 10912
	4096 10912
	4096 10944
	0 10944
4
	4704 10912
	5664 10912
	5664 10944
	4704 10944
4
	9568 10912
	11136 10912
	11136 10944
	9568 10944
4
	11712 10912
	13280 10912
	13280 10944
	11712 10944
4
	13664 10912
	16384 10912
	16384 10944
	13664 10944
4
	0 10944
	4096 10944
	4096 10976
	0 10976
4
	4704 10944
	5664 10944
	5664 10976
	4704 10976
4
	9568 10944
	11136 10944
	11136 10976
	9568 10976
4
	11712 10944
	13280 10944
	13280 10976
	11712 10976
4
	13664 10944
	16384 10944
	16384 10976
	13664 10976
4
	0 10976
	4096 10976
	4096 11008
	0 11008
4
	4704 10976
	5664 10976
	5664 11008
	4704 11008
4
	9568 10976
	11136 10976
	11136 11008
	9568 11008
4
	11712 10976
	13280 10976
	13280 11008
	11712 11008
4
	13664 10976
	16384 10976
	16384 11008
	13664 11008
4
	0 11008
	4096 11008
	4096 11040
	0 11040
4
	4512 11008
	5856 11008
	5856 11040
	4512 11040
4
	9952 11008
	10944 11008
	10944 11040
	9952 11040
4
	11520 11008
	13088 11008
	13088 11040
	11520 11040
4
	14048 11008
	16384 11008
	16384 11040
	14048 11040
4
	0 11040
	4096 11040
	4096 11072
	0 11072
4
	4512 11040
	5856 11040
	5856 11072
	4512 11072
4
	9952 11040
	10944 11040
	10944 11072
	9952 11072
4
	11520 11040
	13088 11040
	13088 11072
	11520 11072
4
	14048 11040
	16384 11040
	16384 11072
	14048 11072
4
	0 11072
	4096 11072
	4096 11104
	0 11104
4
	4512 11072
	5856 11072
	5856 11104
	4512 11104
4
	9952 11072
	10944 11072
	10944 11104
	9952 11104
4
	11520 11072
	13088 11072
	13088 11104
	11520 11104
4
	14048 11072
	16384 11072
	16384 11104
	14048 11104
4
	0 11104
	4096 11104
	4096 11136
	0 11136
4
	4512 11104
	5856 11104
	5856 11136
	4512 11136
4
	9952 11104
	10944 11104
	10944 11136
	9952 11136
4
	11520 11104
	13088 11104
	13088 11136
	11520 11136
4
	14048 11104
	16384 11104
	16384 11136
	14048 11136
4
	0 11136
	4096 11136
	4096 11168
	0 11168
4
	4512 11136
	5856 11136
	5856 11168
	4512 11168
4
	9952 11136
	10944 11136
	10944 11168
	9952 11168
4
	11520 11136
	13088 11136
	13088 11168
	11520 11168
4
	14048 11136
	16384 11136
	16384 11168
	14048 11168
4
	0 11168
	6048 11168
	6048 11200
	0 11200
4
	10144 11168
	10752 11168
	10752 11200
	10144 11200
4
	11328 11168
	12896 11168
	12896 11200
	11328 11200
4
	14240 11168
	16384 11168
	16384 11200
	14240 11200
4
	0 11200
	6048 11200
	6048 11232
	0 11232
4
	10144 11200
	10752 11200
	10752 11232
	10144 11232
4
	11328 11200
	12896 11200
	12896 11232
	11328 11232
4
	14240 11200
	16384 11200
	16384 11232
	14240 11232
4
	0 11232
	6048 11232
	6048 11264
	0 11264
4
	10144 11232
	10752 11232
	10752 11264
	10144 11264
4
	11328 11232
	12896 11232
	12896 11264
	11328 11264
4
	14240 11232
	16384 11232
	16384 11264
	14240 11264
4
	0 11264
	6048 11264
	6048 11296
	0 11296
4
	10144 11264
	10752 11264
	10752 11296
	10144 11296
4
	11328 11264
	12896 11264
	12896 11296
	11328 11296
4
	14240 11264
	16384 11264
	16384 11296
	14240 11296
4
	0 11296
	6048 11296
	6048 11328
	0 11328
4
	10144 11296
	10752 11296
	10752 11328
	10144 11328
4
	11328 11296
	12896 11296
	12896 11328
	11328 11328
4
	14240 11296
	16384 11296
	16384 11328
	14240 11328
4
	0 11328
	6048 11328
	6048 11360
	0 11360
4
	10144 11328
	10752 11328
	10752 11360
	10144 11360
4
	11328 11328
	12896 11328
	12896 11360
	11328 11360
4
	14240 11328
	16384 11328
	16384 11360
	14240 11360
4
	0 11360
	6272 11360
	6272 11392
	0 11392
4
	9760 11360
	10560 11360
	10560 11392
	9760 11392
4
	11520 11360
	12704 11360
	12704 11392
	11520 11392
4
	14464 11360
	16384 11360
	16384 11392
	14464 11392
4
	0 11392
	6272 11392
	6272 11424
	0 11424
4
	9760 11392
	10560 11392
	10560 11424
	9760 11424
4
	11520 11392
	12704 11392
	12704 11424
	11520 11424
4
	14464 11392
	16384 11392
	16384 11424
	14464 11424
4
	0 11424
	6272 11424
	6272 11456
	0 11456
4
	9760 11424
	10560 11424
	10560 11456
	9760 11456
4
	11520 11424
	12704 11424
	12704 11456
	11520 11456
4
	14464 11424
	16384 11424
	16384 11456
	14464 11456
4
	0 11456
	6272 11456
	6272 11488
	0 11488
4
	9760 11456
	10560 11456
	10560 11488
	9760 11488
4
	11520 11456
	12704 11456
	12704 11488
	11520 11488
4
	14464 11456
	16384 11456
	16384 11488
	14464 11488
4
	0 11488
	6272 11488
	6272 11520
	0 11520
4
	9760 11488
	10560 11488
	10560 11520
	9760 11520
4
	11520 11488
	12704 11488
	12704 11520
	11520 11520
4
	14464 11488
	16384 11488
	16384 11520
	14464 11520
4
	0 11520
	6272 11520
	6272 11552
	0 11552
4
	9760 11520
	10560 11520
	10560 11552
	9760 11552
4
	11520 11520
	12704 11520
	12704 11552
	11520 11552
4
	14464 11520
	16384 11520
	16384 11552
	14464 11552
4
	0 11552
	6272 11552
	6272 11584
	0 11584
4
	9568 11552
	10368 11552
	10368 11584
	9568 11584
4
	11712 11552
	12512 11552
	12512 11584
	11712 11584
4
	13088 11552
	13472 11552
	13472 11584
	13088 11584
4
	14656 11552
	16384 11552
	16384 11584
	14656 11584
4
	0 11584
	6272 11584
	6272 11616
	0 11616
4
	9568 11584
	10368 11584
	10368 11616
	9568 11616
4
	11712 11584
	12512 11584
	12512 11616
	11712 11616
4
	13088 11584
	13472 11584
	13472 11616
	13088 11616
4
	14656 11584
	16384 11584
	16384 11616
	14656 11616
4
	0 11616
	6272 11616
	6272 11648
	0 11648
4
	9568 11616
	10368 11616
	10368 11648
	9568 11648
4
	11712 11616
	12512 11616
	12512 11648
	11712 11648
4
	13088 11616
	13472 11616
	13472 11648
	13088 11648
4
	14656 11616
	16384 11616
	16384 11648
	14656 11648
4
	0 11648
	6272 11648
	6272 11680
	0 11680
4
	9568 11648
	10368 11648
	10368 11680
	9568 11680
4
	11712 11648
	12512 11648
	12512 11680
	11712 11680
4
	13088 11648
	13472 11648
	13472 11680
	13088 11680
4
	14656 11648
	16384 11648
	16384 11680
	14656 11680
4
	0 11680
	6272 11680
	6272 11712
	0 11712
4
	9568 11680
	10368 11680
	10368 11712
	9568 11712
4
	11712 11680
	12512 11680
	12512 11712
	11712 11712
4
	13088 11680
	13472 11680
	13472 11712
	13088 11712
4
	14656 11680
	16384 11680
	16384 11712
	14656 11712
4
	0 11712
	6464 11712
	6464 11744
	0 11744
4
	9568 11712
	10144 11712
	10144 11744
	9568 11744
4
	11136 11712
	11328 11712
	11328 11744
	11136 11744
4
	11904 11712
	12288 11712
	12288 11744
	11904 11744
4
	12704 11712
	13472 11712
	13472 11744
	12704 11744
4
	14848 11712
	16384 11712
	16384 11744
	14848 11744
4
	0 11744
	6464 11744
	6464 11776
	0 11776
4
	9568 11744
	10144 11744
	10144 11776
	9568 11776
4
	11136 11744
	11328 11744
	11328 11776
	11136 11776
4
	11904 11744
	12288 11744
	12288 11776
	11904 11776
4
	12704 11744
	13472 11744
	13472 11776
	12704 11776
4
	14848 11744
	16384 11744
	16384 11776
	14848 11776
4
	0 11776
	6464 11776
	6464 11808
	0 11808
4
	9568 11776
	10144 11776
	10144 11808
	9568 11808
4
	11136 11776
	11328 11776
	11328 11808
	11136 11808
4
	11904 11776
	12288 11776
	12288 11808
	11904 11808
4
	12704 11776
	13472 11776
	13472 11808
	12704 11808
4
	14848 11776
	16384 11776
	16384 11808
	14848 11808
4
	0 11808
	6464 11808
	6464 11840
	0 11840
4
	9568 11808
	10144 11808
	10144 11840
	9568 11840
4
	11136 11808
	11328 11808
	11328 11840
	11136 11840
4
	11904 11808
	12288 11808
	12288 11840
	11904 11840
4
	12704 11808
	13472 11808
	13472 11840
	12704 11840
4
	14848 11808
	16384 11808
	16384 11840
	14848 11840
4
	0 11840
	6464 11840
	6464 11872
	0 11872
4
	9568 11840
	10144 11840
	10144 11872
	9568 11872
4
	11136 11840
	11328 11840
	11328 11872
	11136 11872
4
	11904 11840
	12288 11840
	12288 11872
	11904 11872
4
	12704 11840
	13472 11840
	13472 11872
	12704 11872
4
	14848 11840
	16384 11840
	16384 11872
	14848 11872
4
	0 11872
	6464 11872
	6464 11904
	0 11904
4
	9568 11872
	10144 11872
	10144 11904
	9568 11904
4
	11136 11872
	11328 11872
	11328 11904
	11136 11904
4
	11904 11872
	12288 11872
	12288 11904
	11904 11904
4
	12704 11872
	13472 11872
	13472 11904
	12704 11904
4
	14848 11872
	16384 11872
	16384 11904
	14848 11904
4
	0 11904
	6656 11904
	6656 11936
	0 11936
4
	8416 11904
	8608 11904
	8608 11936
	8416 11936
4
	9568 11904
	9760 11904
	9760 11936
	9568 11936
4
	11136 11904
	11520 11904
	11520 11936
	11136 11936
4
	12512 11904
	13088 11904
	13088 11936
	12512 11936
4
	15040 11904
	16384 11904
	16384 11936
	15040 11936
4
	0 11936
	6656 11936
	6656 11968
	0 11968
4
	8416 11936
	8608 11936
	8608 11968
	8416 11968
4
	9568 11936
	9760 11936
	9760 11968
	9568 11968
4
	11136 11936
	11520 11936
	11520 11968
	11136 11968
4
	12512 11936
	13088 11936
	13088 11968
	12512 11968
4
	15040 11936
	16384 11936
	16384 11968
	15040 11968
4
	0 11968
	6656 11968
	6656 12000
	0 12000
4
	8416 11968
	8608 11968
	8608 12000
	8416 12000
4
	9568 11968
	9760 11968
	9760 12000
	9568 12000
4
	11136 11968
	11520 11968
	11520 12000
	11136 12000
4
	12512 11968
	13088 11968
	13088 12000
	12512 12000
4
	15040 11968
	16384 11968
	16384 12000
	15040 12000
4
	0 12000
	6656 12000
	6656 12032
	0 12032
4
	8416 12000
	8608 12000
	8608 12032
	8416 12032
4
	9568 12000
	9760 12000
	9760 12032
	9568 12032
4
	11136 12000
	11520 12000
	11520 12032
	11136 12032
4
	12512 12000
	13088 12000
	13088 12032
	12512 12032
4
	15040 12000
	16384 12000
	16384 12032
	15040 12032
4
	0 12032
	6656 12032
	6656 12064
	0 12064
4
	8416 12032
	8608 12032
	8608 12064
	8416 12064
4
	9568 12032
	9760 12032
	9760 12064
	9568 12064
4
	11136 12032
	11520 12032
	11520 12064
	11136 12064
4
	12512 12032
	13088 12032
	13088 12064
	12512 12064
4
	15040 12032
	16384 12032
	16384 12064
	15040 12064
4
	0 12064
	6848 12064
	6848 12096
	0 12096
4
	8192 12064
	8800 12064
	8800 12096
	8192 12096
4
	10944 12064
	11712 12064
	11712 12096
	10944 12096
4
	12512 12064
	12704 12064
	12704 12096
	12512 12096
4
	15232 12064
	16384 12064
	16384 12096
	15232 12096
4
	0 12096
	6848 12096
	6848 12128
	0 12128
4
	8192 12096
	8800 12096
	8800 12128
	8192 12128
4
	10944 12096
	11712 12096
	11712 12128
	10944 12128
4
	12512 12096
	12704 12096
	12704 12128
	12512 12128
4
	15232 12096
	16384 12096
	16384 12128
	15232 12128
4
	0 12128
	6848 12128
	6848 12160
	0 12160
4
	8192 12128
	8800 12128
	8800 12160
	8192 12160
4
	10944 12128
	11712 12128
	11712 12160
	10944 12160
4
	12512 12128
	12704 12128
	12704 12160
	12512 12160
4
	15232 12128
	16384 12128
	16384 12160
	15232 12160
4
	0 12160
	6848 12160
	6848 12192
	0 12192
4
	8192 12160
	8800 12160
	8800 12192
	8192 12192
4
	10944 12160
	11712 12160
	11712 12192
	10944 12192
4
	12512 12160
	12704 12160
	12704 12192
	12512 12192
4
	15232 12160
	16384 12160
	16384 12192
	15232 12192
4
	0 12192
	6848 12192
	6848 12224
	0 12224
4
	8192 12192
	8800 12192
	8800 12224
	8192 12224
4
	10944 12192
	11712 12192
	11712 12224
	10944 12224
4
	12512 12192
	12704 12192
	12704 12224
	12512 12224
4
	15232 12192
	16384 12192
	16384 12224
	15232 12224
4
	0 12224
	6848 12224
	6848 12256
	0 12256
4
	8192 12224
	8800 12224
	8800 12256
	8192 12256
4
	10944 12224
	11712 12224
	11712 12256
	10944 12256
4
	12512 12224
	12704 12224
	12704 12256
	12512 12256
4
	15232 12224
	16384 12224
	16384 12256
	15232 12256
4
	0 12256
	7040 12256
	7040 12288
	0 12288
4
	8000 12256
	8992 12256
	8992 12288
	8000 12288
4
	10368 12256
	10560 12256
	10560 12288
	10368 12288
4
	10752 12256
	11904 12256
	11904 12288
	10752 12288
4
	15040 12256
	16384 12256
	16384 12288
	15040 12288
4
	0 12288
	7040 12288
	7040 12320
	0 12320
4
	8000 12288
	8992 12288
	8992 12320
	8000 12320
4
	10368 12288
	10560 12288
	10560 12320
	10368 12320
4
	10752 12288
	11904 12288
	11904 12320
	10752 12320
4
	15040 12288
	16384 12288
	16384 12320
	15040 12320
4
	0 12320
	7040 12320
	7040 12352
	0 12352
4
	8000 12320
	8992 12320
	8992 12352
	8000 12352
4
	10368 12320
	10560 12320
	10560 12352
	10368 12352
4
	10752 12320
	11904 12320
	11904 12352
	10752 12352
4
	15040 12320
	16384 12320
	16384 12352
	15040 12352
4
	0 12352
	7040 12352
	7040 12384
	0 12384
4
	8000 12352
	8992 12352
	8992 12384
	8000 12384
4
	10368 12352
	10560 12352
	10560 12384
	10368 12384
4
	10752 12352
	11904 12352
	11904 12384
	10752 12384
4
	15040 12352
	16384 12352
	16384 12384
	15040 12384
4
	0 12384
	7040 12384
	7040 12416
	0 12416
4
	8000 12384
	8992 12384
	8992 12416
	8000 12416
4
	10368 12384
	10560 12384
	10560 12416
	10368 12416
4
	10752 12384
	11904 12384
	11904 12416
	10752 12416
4
	15040 12384
	16384 12384
	16384 12416
	15040 12416
4
	0 12416
	7040 12416
	7040 12448
	0 12448
4
	8000 12416
	8992 12416
	8992 12448
	8000 12448
4
	10368 12416
	10560 12416
	10560 12448
	10368 12448
4
	10752 12416
	11904 12416
	11904 12448
	10752 12448
4
	15040 12416
	16384 12416
	16384 12448
	15040 12448
4
	0 12448
	7040 12448
	7040 12480
	0 12480
4
	7808 12448
	9184 12448
	9184 12480
	7808 12480
4
	10368 12448
	10944 12448
	10944 12480
	10368 12480
4
	11136 12448
	11520 12448
	11520 12480
	11136 12480
4
	14848 12448
	16384 12448
	16384 12480
	14848 12480
4
	0 12480
	7040 12480
	7040 12512
	0 12512
4
	7808 12480
	9184 12480
	9184 12512
	7808 12512
4
	10368 12480
	10944 12480
	10944 12512
	10368 12512
4
	11136 12480
	11520 12480
	11520 12512
	11136 12512
4
	14848 12480
	16384 12480
	16384 12512
	14848 12512
4
	0 12512
	7040 12512
	7040 12544
	0 12544
4
	7808 12512
	9184 12512
	9184 12544
	7808 12544
4
	10368 12512
	10944 12512
	10944 12544
	10368 12544
4
	11136 12512
	11520 12512
	11520 12544
	11136 12544
4
	14848 12512
	16384 12512
	16384 12544
	14848 12544
4
	0 12544
	7040 12544
	7040 12576
	0 12576
4
	7808 12544
	9184 12544
	9184 12576
	7808 12576
4
	10368 12544
	10944 12544
	10944 12576
	10368 12576
4
	11136 12544
	11520 12544
	11520 12576
	11136 12576
4
	14848 12544
	16384 12544
	16384 12576
	14848 12576
4
	0 12576
	7040 12576
	7040 12608
	0 12608
4
	7808 12576
	9184 12576
	9184 12608
	7808 12608
4
	10368 12576
	10944 12576
	10944 12608
	10368 12608
4
	11136 12576
	11520 12576
	11520 12608
	11136 12608
4
	14848 12576
	16384 12576
	16384 12608
	14848 12608
4
	0 12608
	7232 12608
	7232 12640
	0 12640
4
	7616 12608
	9376 12608
	9376 12640
	7616 12640
4
	10560 12608
	10944 12608
	10944 12640
	10560 12640
4
	11328 12608
	11712 12608
	11712 12640
	11328 12640
4
	14464 12608
	16384 12608
	16384 12640
	14464 12640
4
	0 12640
	7232 12640
	7232 12672
	0 12672
4
	7616 12640
	9376 12640
	9376 12672
	7616 12672
4
	10560 12640
	10944 12640
	10944 12672
	10560 12672
4
	11328 12640
	11712 12640
	11712 12672
	11328 12672
4
	14464 12640
	16384 12640
	16384 12672
	14464 12672
4
	0 12672
	7232 12672
	7232 12704
	0 12704
4
	7616 12672
	9376 12672
	9376 12704
	7616 12704
4
	10560 12672
	10944 12672
	10944 12704
	10560 12704
4
	11328 12672
	11712 12672
	11712 12704
	11328 12704
4
	14464 12672
	16384 12672
	16384 12704
	14464 12704
4
	0 12704
	7232 12704
	7232 12736
	0 12736
4
	7616 12704
	9376 12704
	9376 12736
	7616 12736
4
	10560 12704
	10944 12704
	10944 12736
	10560 12736
4
	11328 12704
	11712 12704
	11712 12736
	11328 12736
4
	14464 12704
	16384 12704
	16384 12736
	14464 12736
4
	0 12736
	7232 12736
	7232 12768
	0 12768
4
	7616 12736
	9376 12736
	9376 12768
	7616 12768
4
	10560 12736
	10944 12736
	10944 12768
	10560 12768
4
	11328 12736
	11712 12736
	11712 12768
	11328 12768
4
	14464 12736
	16384 12736
	16384 12768
	14464 12768
4
	0 12768
	7232 12768
	7232 12800
	0 12800
4
	7616 12768
	9376 12768
	9376 12800
	7616 12800
4
	10560 12768
	10944 12768
	10944 12800
	10560 12800
4
	11328 12768
	11712 12768
	11712 12800
	11328 12800
4
	14464 12768
	16384 12768
	16384 12800
	14464 12800
4
	0 12800
	7232 12800
	7232 12832
	0 12832
4
	7808 12800
	9568 12800
	9568 12832
	7808 12832
4
	10752 12800
	11136 12800
	11136 12832
	10752 12832
4
	14240 12800
	16384 12800
	16384 12832
	14240 12832
4
	0 12832
	7232 12832
	7232 12864
	0 12864
4
	7808 12832
	9568 12832
	9568 12864
	7808 12864
4
	10752 12832
	11136 12832
	11136 12864
	10752 12864
4
	14240 12832
	16384 12832
	16384 12864
	14240 12864
4
	0 12864
	7232 12864
	7232 12896
	0 12896
4
	7808 12864
	9568 12864
	9568 12896
	7808 12896
4
	10752 12864
	11136 12864
	11136 12896
	10752 12896
4
	14240 12864
	16384 12864
	16384 12896
	14240 12896
4
	0 12896
	7232 12896
	7232 12928
	0 12928
4
	7808 12896
	9568 12896
	9568 12928
	7808 12928
4
	10752 12896
	11136 12896
	11136 12928
	10752 12928
4
	14240 12896
	16384 12896
	16384 12928
	14240 12928
4
	0 12928
	7232 12928
	7232 12960
	0 12960
4
	7808 12928
	9568 12928
	9568 12960
	7808 12960
4
	10752 12928
	11136 12928
	11136 12960
	10752 12960
4
	14240 12928
	16384 12928
	16384 12960
	14240 12960
4
	0 12960
	7232 12960
	7232 12992
	0 12992
4
	7808 12960
	9568 12960
	9568 12992
	7808 12992
4
	10752 12960
	11136 12960
	11136 12992
	10752 12992
4
	14240 12960
	16384 12960
	16384 12992
	14240 12992
4
	0 12992
	7424 12992
	7424 13024
	0 13024
4
	8000 12992
	8992 12992
	8992 13024
	8000 13024
4
	14048 12992
	16384 12992
	16384 13024
	14048 13024
4
	0 13024
	7424 13024
	7424 13056
	0 13056
4
	8000 13024
	8992 13024
	8992 13056
	8000 13056
4
	14048 13024
	16384 13024
	16384 13056
	14048 13056
4
	0 13056
	7424 13056
	7424 13088
	0 13088
4
	8000 13056
	8992 13056
	8992 13088
	8000 13088
4
	14048 13056
	16384 13056
	16384 13088
	14048 13088
4
	0 13088
	7424 13088
	7424 13120
	0 13120
4
	8000 13088
	8992 13088
	8992 13120
	8000 13120
4
	14048 13088
	16384 13088
	16384 13120
	14048 13120
4
	0 13120
	7424 13120
	7424 13152
	0 13152
4
	8000 13120
	8992 13120
	8992 13152
	8000 13152
4
	14048 13120
	16384 13120
	16384 13152
	14048 13152
4
	0 13152
	7616 13152
	7616 13184
	0 13184
4
	8192 13152
	8800 13152
	8800 13184
	8192 13184
4
	10144 13152
	10368 13152
	10368 13184
	10144 13184
4
	13856 13152
	16384 13152
	16384 13184
	13856 13184
4
	0 13184
	7616 13184
	7616 13216
	0 13216
4
	8192 13184
	8800 13184
	8800 13216
	8192 13216
4
	10144 13184
	10368 13184
	10368 13216
	10144 13216
4
	13856 13184
	16384 13184
	16384 13216
	13856 13216
4
	0 13216
	7616 13216
	7616 13248
	0 13248
4
	8192 13216
	8800 13216
	8800 13248
	8192 13248
4
	10144 13216
	10368 13216
	10368 13248
	10144 13248
4
	13856 13216
	16384 13216
	16384 13248
	13856 13248
4
	0 13248
	7616 13248
	7616 13280
	0 13280
4
	8192 13248
	8800 13248
	8800 13280
	8192 13280
4
	10144 13248
	10368 13248
	10368 13280
	10144 13280
4
	13856 13248
	16384 13248
	16384 13280
	13856 13280
4
	0 13280
	7616 13280
	7616 13312
	0 13312
4
	8192 13280
	8800 13280
	8800 13312
	8192 13312
4
	10144 13280
	10368 13280
	10368 13312
	10144 13312
4
	13856 13280
	16384 13280
	16384 13312
	13856 13312
4
	0 13312
	7616 13312
	7616 13344
	0 13344
4
	8192 13312
	8800 13312
	8800 13344
	8192 13344
4
	10144 13312
	10368 13312
	10368 13344
	10144 13344
4
	13856 13312
	16384 13312
	16384 13344
	13856 13344
4
	0 13344
	8000 13344
	8000 13376
	0 13376
4
	9952 13344
	10752 13344
	10752 13376
	9952 13376
4
	13664 13344
	16384 13344
	16384 13376
	13664 13376
4
	0 13376
	8000 13376
	8000 13408
	0 13408
4
	9952 13376
	10752 13376
	10752 13408
	9952 13408
4
	13664 13376
	16384 13376
	16384 13408
	13664 13408
4
	0 13408
	8000 13408
	8000 13440
	0 13440
4
	9952 13408
	10752 13408
	10752 13440
	9952 13440
4
	13664 13408
	16384 13408
	16384 13440
	13664 13440
4
	0 13440
	8000 13440
	8000 13472
	0 13472
4
	9952 13440
	10752 13440
	10752 13472
	9952 13472
4
	13664 13440
	16384 13440
	16384 13472
	13664 13472
4
	0 13472
	8000 13472
	8000 13504
	0 13504
4
	9952 13472
	10752 13472
	10752 13504
	9952 13504
4
	13664 13472
	16384 13472
	16384 13504
	13664 13504
4
	0 13504
	8192 13504
	8192 13536
	0 13536
4
	10144 13504
	10944 13504
	10944 13536
	10144 13536
4
	13472 13504
	16384 13504
	16384 13536
	13472 13536
4
	0 13536
	8192 13536
	8192 13568
	0 13568
4
	10144 13536
	10944 13536
	10944 13568
	10144 13568
4
	13472 13536
	16384 13536
	16384 13568
	13472 13568
4
	0 13568
	8192 13568
	8192 13600
	0 13600
4
	10144 13568
	10944 13568
	10944 13600
	10144 13600
4
	13472 13568
	16384 13568
	16384 13600
	13472 13600
4
	0 13600
	8192 13600
	8192 13632
	0 13632
4
	10144 13600
	10944 13600
	10944 13632
	10144 13632
4
	13472 13600
	16384 13600
	16384 13632
	13472 13632
4
	0 13632
	8192 13632
	8192 13664
	0 13664
4
	10144 13632
	10944 13632
	10944 13664
	10144 13664
4
	13472 13632
	16384 13632
	16384 13664
	13472 13664
4
	0 13664
	8192 13664
	8192 13696
	0 13696
4
	10144 13664
	10944 13664
	10944 13696
	10144 13696
4
	13472 13664
	16384 13664
	16384 13696
	13472 13696
4
	0 13696
	8000 13696
	8000 13728
	0 13728
4
	10144 13696
	11136 13696
	11136 13728
	10144 13728
4
	13280 13696
	16384 13696
	16384 13728
	13280 13728
4
	0 13728
	8000 13728
	8000 13760
	0 13760
4
	10144 13728
	11136 13728
	11136 13760
	10144 13760
4
	13280 13728
	16384 13728
	16384 13760
	13280 13760
4
	0 13760
	8000 13760
	8000 13792
	0 13792
4
	10144 13760
	11136 13760
	11136 13792
	10144 13792
4
	13280 13760
	16384 13760
	16384 13792
	13280 13792
4
	0 13792
	8000 13792
	8000 13824
	0 13824
4
	10144 13792
	11136 13792
	11136 13824
	10144 13824
4
	13280 13792
	16384 13792
	16384 13824
	13280 13824
4
	0 13824
	8000 13824
	8000 13856
	0 13856
4
	10144 13824
	11136 13824
	11136 13856
	10144 13856
4
	13280 13824
	16384 13824
	16384 13856
	13280 13856
4
	0 13856
	8000 13856
	8000 13888
	0 13888
4
	10144 13856
	11136 13856
	11136 13888
	10144 13888
4
	13280 13856
	16384 13856
	16384 13888
	13280 13888
4
	0 13888
	7808 13888
	7808 13920
	0 13920
4
	8608 13888
	8992 13888
	8992 13920
	8608 13920
4
	9952 13888
	11328 13888
	11328 13920
	9952 13920
4
	13088 13888
	16384 13888
	16384 13920
	13088 13920
4
	0 13920
	7808 13920
	7808 13952
	0 13952
4
	8608 13920
	8992 13920
	8992 13952
	8608 13952
4
	9952 13920
	11328 13920
	11328 13952
	9952 13952
4
	13088 13920
	16384 13920
	16384 13952
	13088 13952
4
	0 13952
	7808 13952
	7808 13984
	0 13984
4
	8608 13952
	8992 13952
	8992 13984
	8608 13984
4
	9952 13952
	11328 13952
	11328 13984
	9952 13984
4
	13088 13952
	16384 13952
	16384 13984
	13088 13984
4
	0 13984
	7808 13984
	7808 14016
	0 14016
4
	8608 13984
	8992 13984
	8992 14016
	8608 14016
4
	9952 13984
	11328 13984
	11328 14016
	9952 14016
4
	13088 13984
	16384 13984
	16384 14016
	13088 14016
4
	0 14016
	7808 14016
	7808 14048
	0 14048
4
	8608 14016
	8992 14016
	8992 14048
	8608 14048
4
	9952 14016
	11328 14016
	11328 14048
	9952 14048
4
	13088 14016
	16384 14016
	16384 14048
	13088 14048
4
	0 14048
	7424 14048
	7424 14080
	0 14080
4
	8800 14048
	9376 14048
	9376 14080
	8800 14080
4
	9760 14048
	11520 14048
	11520 14080
	9760 14080
4
	12896 14048
	16384 14048
	16384 14080
	12896 14080
4
	0 14080
	7424 14080
	7424 14112
	0 14112
4
	8800 14080
	9376 14080
	9376 14112
	8800 14112
4
	9760 14080
	11520 14080
	11520 14112
	9760 14112
4
	12896 14080
	16384 14080
	16384 14112
	12896 14112
4
	0 14112
	7424 14112
	7424 14144
	0 14144
4
	8800 14112
	9376 14112
	9376 14144
	8800 14144
4
	9760 14112
	11520 14112
	11520 14144
	9760 14144
4
	12896 14112
	16384 14112
	16384 14144
	12896 14144
4
	0 14144
	7424 14144
	7424 14176
	0 14176
4
	8800 14144
	9376 14144
	9376 14176
	8800 14176
4
	9760 14144
	11520 14144
	11520 14176
	9760 14176
4
	12896 14144
	16384 14144
	16384 14176
	12896 14176
4
	0 14176
	7424 14176
	7424 14208
	0 14208
4
	8800 14176
	9376 14176
	9376 14208
	8800 14208
4
	9760 14176
	11520 14176
	11520 14208
	9760 14208
4
	12896 14176
	16384 14176
	16384 14208
	12896 14208
4
	0 14208
	7424 14208
	7424 14240
	0 14240
4
	8800 14208
	9376 14208
	9376 14240
	8800 14240
4
	9760 14208
	11520 14208
	11520 14240
	9760 14240
4
	12896 14208
	16384 14208
	16384 14240
	12896 14240
4
	0 14240
	7424 14240
	7424 14272
	0 14272
4
	8000 14240
	8416 14240
	8416 14272
	8000 14272
4
	8800 14240
	11904 14240
	11904 14272
	8800 14272
4
	12704 14240
	16384 14240
	16384 14272
	12704 14272
4
	0 14272
	7424 14272
	7424 14304
	0 14304
4
	8000 14272
	8416 14272
	8416 14304
	8000 14304
4
	8800 14272
	11904 14272
	11904 14304
	8800 14304
4
	12704 14272
	16384 14272
	16384 14304
	12704 14304
4
	0 14304
	7424 14304
	7424 14336
	0 14336
4
	8000 14304
	8416 14304
	8416 14336
	8000 14336
4
	8800 14304
	11904 14304
	11904 14336
	8800 14336
4
	12704 14304
	16384 14304
	16384 14336
	12704 14336
4
	0 14336
	7424 14336
	7424 14368
	0 14368
4
	8000 14336
	8416 14336
	8416 14368
	8000 14368
4
	8800 14336
	11904 14336
	11904 14368
	8800 14368
4
	12704 14336
	16384 14336
	16384 14368
	12704 14368
4
	0 14368
	7424 14368
	7424 14400
	0 14400
4
	8000 14368
	8416 14368
	8416 14400
	8000 14400
4
	8800 14368
	11904 14368
	11904 14400
	8800 14400
4
	12704 14368
	16384 14368
	16384 14400
	12704 14400
4
	0 14400
	7424 14400
	7424 14432
	0 14432
4
	8000 14400
	8416 14400
	8416 14432
	8000 14432
4
	8800 14400
	11904 14400
	11904 14432
	8800 14432
4
	12704 14400
	16384 14400
	16384 14432
	12704 14432
4
	0 14432
	7616 14432
	7616 14464
	0 14464
4
	8608 14432
	12096 14432
	12096 14464
	8608 14464
4
	12512 14432
	16384 14432
	16384 14464
	12512 14464
4
	0 14464
	7616 14464
	7616 14496
	0 14496
4
	8608 14464
	12096 14464
	12096 14496
	8608 14496
4
	12512 14464
	16384 14464
	16384 14496
	12512 14496
4
	0 14496
	7616 14496
	7616 14528
	0 14528
4
	8608 14496
	12096 14496
	12096 14528
	8608 14528
4
	12512 14496
	16384 14496
	16384 14528
	12512 14528
4
	0 14528
	7616 14528
	7616 14560
	0 14560
4
	8608 14528
	12096 14528
	12096 14560
	8608 14560
4
	12512 14528
	16384 14528
	16384 14560
	12512 14560
4
	0 14560
	7616 14560
	7616 14592
	0 14592
4
	8608 14560
	12096 14560
	12096 14592
	8608 14592
4
	12512 14560
	16384 14560
	16384 14592
	12512 14592
4
	0 14592
	7808 14592
	7808 14624
	0 14624
4
	8416 14592
	12096 14592
	12096 14624
	8416 14624
4
	12288 14592
	16384 14592
	16384 14624
	12288 14624
4
	0 14624
	7808 14624
	7808 14656
	0 14656
4
	8416 14624
	12096 14624
	12096 14656
	8416 14656
4
	12288 14624
	16384 14624
	16384 14656
	12288 14656
4
	0 14656
	7808 14656
	7808 14688
	0 14688
4
	8416 14656
	12096 14656
	12096 14688
	8416 14688
4
	12288 14656
	16384 14656
	16384 14688
	12288 14688
4
	0 14688
	7808 14688
	7808 14720
	0 14720
4
	8416 14688
	12096 14688
	12096 14720
	8416 14720
4
	12288 14688
	16384 14688
	16384 14720
	12288 14720
4
	0 14720
	7808 14720
	7808 14752
	0 14752
4
	8416 14720
	12096 14720
	12096 14752
	8416 14752
4
	12288 14720
	16384 14720
	16384 14752
	12288 14752
4
	0 14752
	7808 14752
	7808 14784
	0 14784
4
	8416 14752
	12096 14752
	12096 14784
	8416 14784
4
	12288 14752
	16384 14752
	16384 14784
	12288 14784
4
	0 14784
	8192 14784
	8192 14816
	0 14816
4
	8416 14784
	16384 14784
	16384 14816
	8416 14816
4
	0 14816
	8192 14816
	8192 14848
	0 14848
4
	8416 14816
	16384 14816
	16384 14848
	8416 14848
4
	0 14848
	8192 14848
	8192 14880
	0 14880
4
	8416 14848
	16384 14848
	16384 14880
	8416 14880
4
	0 14880
	8192 14880
	8192 14912
	0 14912
4
	8416 14880
	16384 14880
	16384 14912
	8416 14912
4
	0 14912
	8192 14912
	8192 14944
	0 14944
4
	8416 14912
	16384 14912
	16384 14944
	8416 14944
4
	0 14944
	16384 14944
	16384 14976
	0 14976
4
	0 14976
	16384 14976
	16384 15008
	0 15008
4
	0 15008
	16384 15008
	16384 15040
	0 15040
4
	0 15040
	16384 15040
	16384 15072
	0 15072
4
	0 15072
	16384 15072
	16384 15104
	0 15104
4
	0 15104
	16384 15104
	16384 15136
	0 15136
4
	0 15136
	16384 15136
	16384 15168
	0 15168
4
	0 15168
	16384 15168
	16384 15200
	0 15200
4
	0 15200
	16384 15200
	16384 15232
	0 15232
4
	0 15232
	16384 15232
	16384 15264
	0 15264
4
	0 15264
	16384 15264
	16384 15296
	0 15296
4
	0 15296
	16384 15296
	16384 15328
	0 15328
4
	0 15328
	16384 15328
	16384 15360
	0 15360
4
	0 15360
	16384 15360
	16384 15392
	0 15392
4
	0 15392
	16384 15392
	16384 15424
	0 15424
4
	0 15424
	16384 15424
	16384 15456
	0 15456
4
	0 15456
	16384 15456
	16384 15488
	0 15488
4
	0 15488
	16384 15488
	16384 15520
	0 15520
4
	0 15520
	16384 15520
	16384 15552
	0 15552
4
	0 15552
	16384 15552
	16384 15584
	0 15584
4
	0 15584
	16384 15584
	16384 15616
	0 15616
4
	0 15616
	16384 15616
	16384 15648
	0 15648
4
	0 15648
	16384 15648
	16384 15680
	0 15680
4
	0 15680
	16384 15680
	16384 15712
	0 15712
4
	0 15712
	16384 15712
	16384 15744
	0 15744
4
	0 15744
	16384 15744
	16384 15776
	0 15776
4
	0 15776
	16384 15776
	16384 15808
	0 15808
4
	0 15808
	16384 15808
	16384 15840
	0 15840
4
	0 15840
	16384 15840
	16384 15872
	0 15872
4
	0 15872
	16384 15872
	16384 15904
	0 15904
4
	0 15904
	16384 15904
	16384 15936
	0 15936
4
	0 15936
	16384 15936
	16384 15968
	0 15968
4
	0 15968
	16384 15968
	16384 16000
	0 16000
4
	0 16000
	16384 16000
	16384 16032
	0 16032
4
	0 16032
	16384 16032
	16384 16064
	0 16064
4
	0 16064
	16384 16064
	16384 16096
	0 16096
4
	0 16096
	16384 16096
	16384 16128
	0 16128
4
	0 16128
	16384 16128
	16384 16160
	0 16160
4
	0 16160
	16384 16160
	16384 16192
	0 16192
4
	0 16192
	16384 16192
	16384 16224
	0 16224
4
	0 16224
	16384 16224
	16384 16256
	0 16256
4
	0 16256
	16384 16256
	16384 16288
	0 16288
4
	0 16288
	16384 16288
	16384 16320
	0 16320
4
	0 16320
	16384 16320
	16384 16352
	0 16352
4
	0 16352
	16384 16352
	16384 16384
	0 16384
4
	-32 -32
	16416 -32
	16416 0
	-32 0
4
	-32 16384
	16416 16384
	16416 16416
	-32 16416
4
	-32 0
	0 0
	0 16384
	-32 16384
4
	16384 0
	16416 0
	16416 16384
	16384 16384
