1771
4
	0 0
	16384 0
	16384 32
	0 32
4
	0 32
	16384 32
	16384 64
	0 64
4
	0 64
	16384 64
	16384 96
	0 96
4
	0 96
	16384 96
	16384 128
	0 128
4
	0 128
	16384 128
	16384 160
	0 160
4
	0 160
	16384 160
	16384 192
	0 192
4
	0 192
	16384 192
	16384 224
	0 224
4
	0 224
	16384 224
	16384 256
	0 256
4
	0 256
	16384 256
	16384 288
	0 288
4
	0 288
	16384 288
	16384 320
	0 320
4
	0 320
	16384 320
	16384 352
	0 352
4
	0 352
	16384 352
	16384 384
	0 384
4
	0 384
	16384 384
	16384 416
	0 416
4
	0 416
	16384 416
	16384 448
	0 448
4
	0 448
	16384 448
	16384 480
	0 480
4
	0 480
	16384 480
	16384 512
	0 512
4
	0 512
	16384 512
	16384 544
	0 544
4
	0 544
	16384 544
	16384 576
	0 576
4
	0 576
	16384 576
	16384 608
	0 608
4
	0 608
	16384 608
	16384 640
	0 640
4
	0 640
	16384 640
	16384 672
	0 672
4
	0 672
	16384 672
	16384 704
	0 704
4
	0 704
	16384 704
	16384 736
	0 736
4
	0 736
	16384 736
	16384 768
	0 768
4
	0 768
	16384 768
	16384 800
	0 800
4
	0 800
	16384 800
	16384 832
	0 832
4
	0 832
	16384 832
	16384 864
	0 864
4
	0 864
	16384 864
	16384 896
	0 896
4
	0 896
	16384 896
	16384 928
	0 928
4
	0 928
	16384 928
	16384 960
	0 960
4
	0 960
	16384 960
	16384 992
	0 992
4
	0 992
	16384 992
	16384 1024
	0 1024
4
	0 1024
	16384 1024
	16384 1056
	0 1056
4
	0 1056
	16384 1056
	16384 1088
	0 1088
4
	0 1088
	16384 1088
	16384 1120
	0 1120
4
	0 1120
	16384 1120
	16384 1152
	0 1152
4
	0 1152
	16384 1152
	16384 1184
	0 1184
4
	0 1184
	16384 1184
	16384 1216
	0 1216
4
	0 1216
	16384 1216
	16384 1248
	0 1248
4
	0 1248
	16384 1248
	16384 1280
	0 1280
4
	0 1280
	16384 1280
	16384 1312
	0 1312
4
	0 1312
	16384 1312
	16384 1344
	0 1344
4
	0 1344
	16384 1344
	16384 1376
	0 1376
4
	0 1376
	16384 1376
	16384 1408
	0 1408
4
	0 1408
	16384 1408
	16384 1440
	0 1440
4
	0 1440
	16384 1440
	16384 1472
	0 1472
4
	0 1472
	16384 1472
	16384 1504
	0 1504
4
	0 1504
	16384 1504
	16384 1536
	0 1536
4
	0 1536
	16384 1536
	16384 1568
	0 1568
4
	0 1568
	16384 1568
	16384 1600
	0 1600
4
	0 1600
	16384 1600
	16384 1632
	0 1632
4
	0 1632
	16384 1632
	16384 1664
	0 1664
4
	0 1664
	16384 1664
	16384 1696
	0 1696
4
	0 1696
	16384 1696
	16384 1728
	0 1728
4
	0 1728
	16384 1728
	16384 1760
	0 1760
4
	0 1760
	16384 1760
	16384 1792
	0 1792
4
	0 1792
	16384 1792
	16384 1824
	0 1824
4
	0 1824
	16384 1824
	16384 1856
	0 1856
4
	0 1856
	16384 1856
	16384 1888
	0 1888
4
	0 1888
	16384 1888
	16384 1920
	0 1920
4
	0 1920
	16384 1920
	16384 1952
	0 1952
4
	0 1952
	16384 1952
	16384 1984
	0 1984
4
	0 1984
	16384 1984
	16384 2016
	0 2016
4
	0 2016
	16384 2016
	16384 2048
	0 2048
4
	0 2048
	16384 2048
	16384 2080
	0 2080
4
	0 2080
	16384 2080
	16384 2112
	0 2112
4
	0 2112
	16384 2112
	16384 2144
	0 2144
4
	0 2144
	16384 2144
	16384 2176
	0 2176
4
	0 2176
	16384 2176
	16384 2208
	0 2208
4
	0 2208
	16384 2208
	16384 2240
	0 2240
4
	0 2240
	16384 2240
	16384 2272
	0 2272
4
	0 2272
	16384 2272
	16384 2304
	0 2304
4
	0 2304
	16384 2304
	16384 2336
	0 2336
4
	0 2336
	16384 2336
	16384 2368
	0 2368
4
	0 2368
	16384 2368
	16384 2400
	0 2400
4
	0 2400
	16384 2400
	16384 2432
	0 2432
4
	0 2432
	16384 2432
	16384 2464
	0 2464
4
	0 2464
	16384 2464
	16384 2496
	0 2496
4
	0 2496
	16384 2496
	16384 2528
	0 2528
4
	0 2528
	16384 2528
	16384 2560
	0 2560
4
	0 2560
	16384 2560
	16384 2592
	0 2592
4
	0 2592
	16384 2592
	16384 2624
	0 2624
4
	0 2624
	16384 2624
	16384 2656
	0 2656
4
	0 2656
	16384 2656
	16384 2688
	0 2688
4
	0 2688
	8416 2688
	8416 2720
	0 2720
4
	8608 2688
	10464 2688
	10464 2720
	8608 2720
4
	11072 2688
	16384 2688
	16384 2720
	11072 2720
4
	0 2720
	8416 2720
	8416 2752
	0 2752
4
	8608 2720
	10464 2720
	10464 2752
	8608 2752
4
	11072 2720
	16384 2720
	16384 2752
	11072 2752
4
	0 2752
	8416 2752
	8416 2784
	0 2784
4
	8608 2752
	10464 2752
	10464 2784
	8608 2784
4
	11072 2752
	16384 2752
	16384 2784
	11072 2784
4
	0 2784
	8416 2784
	8416 2816
	0 2816
4
	8608 2784
	10464 2784
	10464 2816
	8608 2816
4
	11072 2784
	16384 2784
	16384 2816
	11072 2816
4
	0 2816
	8416 2816
	8416 2848
	0 2848
4
	8608 2816
	10464 2816
	10464 2848
	8608 2848
4
	11072 2816
	16384 2816
	16384 2848
	11072 2848
4
	0 2848
	8416 2848
	8416 2880
	0 2880
4
	8608 2848
	10464 2848
	10464 2880
	8608 2880
4
	11072 2848
	16384 2848
	16384 2880
	11072 2880
4
	0 2880
	8192 2880
	8192 2912
	0 2912
4
	9024 2880
	10240 2880
	10240 2912
	9024 2912
4
	11264 2880
	16384 2880
	16384 2912
	11264 2912
4
	0 2912
	8192 2912
	8192 2944
	0 2944
4
	9024 2912
	10240 2912
	10240 2944
	9024 2944
4
	11264 2912
	16384 2912
	16384 2944
	11264 2944
4
	0 2944
	8192 2944
	8192 2976
	0 2976
4
	9024 2944
	10240 2944
	10240 2976
	9024 2976
4
	11264 2944
	16384 2944
	16384 2976
	11264 2976
4
	0 2976
	8192 2976
	8192 3008
	0 3008
4
	9024 2976
	10240 2976
	10240 3008
	9024 3008
4
	11264 2976
	16384 2976
	16384 3008
	11264 3008
4
	0 3008
	8192 3008
	8192 3040
	0 3040
4
	9024 3008
	10240 3008
	10240 3040
	9024 3040
4
	11264 3008
	16384 3008
	16384 3040
	11264 3040
4
	0 3040
	8192 3040
	8192 3072
	0 3072
4
	9024 3040
	10240 3040
	10240 3072
	9024 3072
4
	11264 3040
	16384 3040
	16384 3072
	11264 3072
4
	0 3072
	8000 3072
	8000 3104
	0 3104
4
	9216 3072
	10048 3072
	10048 3104
	9216 3104
4
	11264 3072
	16384 3072
	16384 3104
	11264 3104
4
	0 3104
	8000 3104
	8000 3136
	0 3136
4
	9216 3104
	10048 3104
	10048 3136
	9216 3136
4
	11264 3104
	16384 3104
	16384 3136
	11264 3136
4
	0 3136
	8000 3136
	8000 3168
	0 3168
4
	9216 3136
	10048 3136
	10048 3168
	9216 3168
4
	11264 3136
	16384 3136
	16384 3168
	11264 3168
4
	0 3168
	8000 3168
	8000 3200
	0 3200
4
	9216 3168
	10048 3168
	10048 3200
	9216 3200
4
	11264 3168
	16384 3168
	16384 3200
	11264 3200
4
	0 3200
	8000 3200
	8000 3232
	0 3232
4
	9216 3200
	10048 3200
	10048 3232
	9216 3232
4
	11264 3200
	16384 3200
	16384 3232
	11264 3232
4
	0 3232
	8000 3232
	8000 3264
	0 3264
4
	9216 3232
	10048 3232
	10048 3264
	9216 3264
4
	11264 3232
	16384 3232
	16384 3264
	11264 3264
4
	0 3264
	8000 3264
	8000 3296
	0 3296
4
	9440 3264
	10048 3264
	10048 3296
	9440 3296
4
	11072 3264
	16384 3264
	16384 3296
	11072 3296
4
	0 3296
	8000 3296
	8000 3328
	0 3328
4
	9440 3296
	10048 3296
	10048 3328
	9440 3328
4
	11072 3296
	16384 3296
	16384 3328
	11072 3328
4
	0 3328
	8000 3328
	8000 3360
	0 3360
4
	9440 3328
	10048 3328
	10048 3360
	9440 3360
4
	11072 3328
	16384 3328
	16384 3360
	11072 3360
4
	0 3360
	8000 3360
	8000 3392
	0 3392
4
	9440 3360
	10048 3360
	10048 3392
	9440 3392
4
	11072 3360
	16384 3360
	16384 3392
	11072 3392
4
	0 3392
	8000 3392
	8000 3424
	0 3424
4
	9440 3392
	10048 3392
	10048 3424
	9440 3424
4
	11072 3392
	16384 3392
	16384 3424
	11072 3424
4
	0 3424
	8000 3424
	8000 3456
	0 3456
4
	9440 3424
	10048 3424
	10048 3456
	9440 3456
4
	11072 3424
	16384 3424
	16384 3456
	11072 3456
4
	0 3456
	8192 3456
	8192 3488
	0 3488
4
	9216 3456
	10048 3456
	10048 3488
	9216 3488
4
	10880 3456
	16384 3456
	16384 3488
	10880 3488
4
	0 3488
	8192 3488
	8192 3520
	0 3520
4
	9216 3488
	10048 3488
	10048 3520
	9216 3520
4
	10880 3488
	16384 3488
	16384 3520
	10880 3520
4
	0 3520
	8192 3520
	8192 3552
	0 3552
4
	9216 3520
	10048 3520
	10048 3552
	9216 3552
4
	10880 3520
	16384 3520
	16384 3552
	10880 3552
4
	0 3552
	8192 3552
	8192 3584
	0 3584
4
	9216 3552
	10048 3552
	10048 3584
	9216 3584
4
	10880 3552
	16384 3552
	16384 3584
	10880 3584
4
	0 3584
	8192 3584
	8192 3616
	0 3616
4
	9216 3584
	10048 3584
	10048 3616
	9216 3616
4
	10880 3584
	16384 3584
	16384 3616
	10880 3616
4
	0 3616
	8192 3616
	8192 3648
	0 3648
4
	9216 3616
	10048 3616
	10048 3648
	9216 3648
4
	10880 3616
	16384 3616
	16384 3648
	10880 3648
4
	0 3648
	8000 3648
	8000 3680
	0 3680
4
	9216 3648
	10048 3648
	10048 3680
	9216 3680
4
	10656 3648
	16384 3648
	16384 3680
	10656 3680
4
	0 3680
	8000 3680
	8000 3712
	0 3712
4
	9216 3680
	10048 3680
	10048 3712
	9216 3712
4
	10656 3680
	16384 3680
	16384 3712
	10656 3712
4
	0 3712
	8000 3712
	8000 3744
	0 3744
4
	9216 3712
	10048 3712
	10048 3744
	9216 3744
4
	10656 3712
	16384 3712
	16384 3744
	10656 3744
4
	0 3744
	8000 3744
	8000 3776
	0 3776
4
	9216 3744
	10048 3744
	10048 3776
	9216 3776
4
	10656 3744
	16384 3744
	16384 3776
	10656 3776
4
	0 3776
	8000 3776
	8000 3808
	0 3808
4
	9216 3776
	10048 3776
	10048 3808
	9216 3808
4
	10656 3776
	16384 3776
	16384 3808
	10656 3808
4
	0 3808
	8000 3808
	8000 3840
	0 3840
4
	9216 3808
	10048 3808
	10048 3840
	9216 3840
4
	10656 3808
	16384 3808
	16384 3840
	10656 3840
4
	0 3840
	7808 3840
	7808 3872
	0 3872
4
	10656 3840
	12096 3840
	12096 3872
	10656 3872
4
	12288 3840
	16384 3840
	16384 3872
	12288 3872
4
	0 3872
	7808 3872
	7808 3904
	0 3904
4
	10656 3872
	12096 3872
	12096 3904
	10656 3904
4
	12288 3872
	16384 3872
	16384 3904
	12288 3904
4
	0 3904
	7808 3904
	7808 3936
	0 3936
4
	10656 3904
	12096 3904
	12096 3936
	10656 3936
4
	12288 3904
	16384 3904
	16384 3936
	12288 3936
4
	0 3936
	7808 3936
	7808 3968
	0 3968
4
	10656 3936
	12096 3936
	12096 3968
	10656 3968
4
	12288 3936
	16384 3936
	16384 3968
	12288 3968
4
	0 3968
	7808 3968
	7808 4000
	0 4000
4
	10656 3968
	12096 3968
	12096 4000
	10656 4000
4
	12288 3968
	16384 3968
	16384 4000
	12288 4000
4
	0 4000
	7808 4000
	7808 4032
	0 4032
4
	10656 4000
	12096 4000
	12096 4032
	10656 4032
4
	12288 4000
	16384 4000
	16384 4032
	12288 4032
4
	0 4032
	7584 4032
	7584 4064
	0 4064
4
	10464 4032
	11904 4032
	11904 4064
	10464 4064
4
	12512 4032
	16384 4032
	16384 4064
	12512 4064
4
	0 4064
	7584 4064
	7584 4096
	0 4096
4
	10464 4064
	11904 4064
	11904 4096
	10464 4096
4
	12512 4064
	16384 4064
	16384 4096
	12512 4096
4
	0 4096
	7584 4096
	7584 4128
	0 4128
4
	10464 4096
	11904 4096
	11904 4128
	10464 4128
4
	12512 4096
	16384 4096
	16384 4128
	12512 4128
4
	0 4128
	7584 4128
	7584 4160
	0 4160
4
	10464 4128
	11904 4128
	11904 4160
	10464 4160
4
	12512 4128
	16384 4128
	16384 4160
	12512 4160
4
	0 4160
	7584 4160
	7584 4192
	0 4192
4
	10464 4160
	11904 4160
	11904 4192
	10464 4192
4
	12512 4160
	16384 4160
	16384 4192
	12512 4192
4
	0 4192
	7392 4192
	7392 4224
	0 4224
4
	10048 4192
	11680 4192
	11680 4224
	10048 4224
4
	12704 4192
	16384 4192
	16384 4224
	12704 4224
4
	0 4224
	7392 4224
	7392 4256
	0 4256
4
	10048 4224
	11680 4224
	11680 4256
	10048 4256
4
	12704 4224
	16384 4224
	16384 4256
	12704 4256
4
	0 4256
	7392 4256
	7392 4288
	0 4288
4
	10048 4256
	11680 4256
	11680 4288
	10048 4288
4
	12704 4256
	16384 4256
	16384 4288
	12704 4288
4
	0 4288
	7392 4288
	7392 4320
	0 4320
4
	10048 4288
	11680 4288
	11680 4320
	10048 4320
4
	12704 4288
	16384 4288
	16384 4320
	12704 4320
4
	0 4320
	7392 4320
	7392 4352
	0 4352
4
	10048 4320
	11680 4320
	11680 4352
	10048 4352
4
	12704 4320
	16384 4320
	16384 4352
	12704 4352
4
	0 4352
	7392 4352
	7392 4384
	0 4384
4
	10048 4352
	11680 4352
	11680 4384
	10048 4384
4
	12704 4352
	16384 4352
	16384 4384
	12704 4384
4
	0 4384
	7584 4384
	7584 4416
	0 4416
4
	10240 4384
	11264 4384
	11264 4416
	10240 4416
4
	12512 4384
	16384 4384
	16384 4416
	12512 4416
4
	0 4416
	7584 4416
	7584 4448
	0 4448
4
	10240 4416
	11264 4416
	11264 4448
	10240 4448
4
	12512 4416
	16384 4416
	16384 4448
	12512 4448
4
	0 4448
	7584 4448
	7584 4480
	0 4480
4
	10240 4448
	11264 4448
	11264 4480
	10240 4480
4
	12512 4448
	16384 4448
	16384 4480
	12512 4480
4
	0 4480
	7584 4480
	7584 4512
	0 4512
4
	10240 4480
	11264 4480
	11264 4512
	10240 4512
4
	12512 4480
	16384 4480
	16384 4512
	12512 4512
4
	0 4512
	7584 4512
	7584 4544
	0 4544
4
	10240 4512
	11264 4512
	11264 4544
	10240 4544
4
	12512 4512
	16384 4512
	16384 4544
	12512 4544
4
	0 4544
	7584 4544
	7584 4576
	0 4576
4
	10240 4544
	11264 4544
	11264 4576
	10240 4576
4
	12512 4544
	16384 4544
	16384 4576
	12512 4576
4
	0 4576
	7808 4576
	7808 4608
	0 4608
4
	10464 4576
	10880 4576
	10880 4608
	10464 4608
4
	12288 4576
	16384 4576
	16384 4608
	12288 4608
4
	0 4608
	7808 4608
	7808 4640
	0 4640
4
	10464 4608
	10880 4608
	10880 4640
	10464 4640
4
	12288 4608
	16384 4608
	16384 4640
	12288 4640
4
	0 4640
	7808 4640
	7808 4672
	0 4672
4
	10464 4640
	10880 4640
	10880 4672
	10464 4672
4
	12288 4640
	16384 4640
	16384 4672
	12288 4672
4
	0 4672
	7808 4672
	7808 4704
	0 4704
4
	10464 4672
	10880 4672
	10880 4704
	10464 4704
4
	12288 4672
	16384 4672
	16384 4704
	12288 4704
4
	0 4704
	7808 4704
	7808 4736
	0 4736
4
	10464 4704
	10880 4704
	10880 4736
	10464 4736
4
	12288 4704
	16384 4704
	16384 4736
	12288 4736
4
	0 4736
	7808 4736
	7808 4768
	0 4768
4
	10464 4736
	10880 4736
	10880 4768
	10464 4768
4
	12288 4736
	16384 4736
	16384 4768
	12288 4768
4
	0 4768
	8000 4768
	8000 4800
	0 4800
4
	12096 4768
	16384 4768
	16384 4800
	12096 4800
4
	0 4800
	8000 4800
	8000 4832
	0 4832
4
	12096 4800
	16384 4800
	16384 4832
	12096 4832
4
	0 4832
	8000 4832
	8000 4864
	0 4864
4
	12096 4832
	16384 4832
	16384 4864
	12096 4864
4
	0 4864
	8000 4864
	8000 4896
	0 4896
4
	12096 4864
	16384 4864
	16384 4896
	12096 4896
4
	0 4896
	8000 4896
	8000 4928
	0 4928
4
	12096 4896
	16384 4896
	16384 4928
	12096 4928
4
	0 4928
	8000 4928
	8000 4960
	0 4960
4
	12096 4928
	16384 4928
	16384 4960
	12096 4960
4
	0 4960
	5952 4960
	5952 4992
	0 4992
4
	6560 4960
	8192 4960
	8192 4992
	6560 4992
4
	11904 4960
	16384 4960
	16384 4992
	11904 4992
4
	0 4992
	5952 4992
	5952 5024
	0 5024
4
	6560 4992
	8192 4992
	8192 5024
	6560 5024
4
	11904 4992
	16384 4992
	16384 5024
	11904 5024
4
	0 5024
	5952 5024
	5952 5056
	0 5056
4
	6560 5024
	8192 5024
	8192 5056
	6560 5056
4
	11904 5024
	16384 5024
	16384 5056
	11904 5056
4
	0 5056
	5952 5056
	5952 5088
	0 5088
4
	6560 5056
	8192 5056
	8192 5088
	6560 5088
4
	11904 5056
	16384 5056
	16384 5088
	11904 5088
4
	0 5088
	5952 5088
	5952 5120
	0 5120
4
	6560 5088
	8192 5088
	8192 5120
	6560 5120
4
	11904 5088
	16384 5088
	16384 5120
	11904 5120
4
	0 5120
	5952 5120
	5952 5152
	0 5152
4
	6560 5120
	8192 5120
	8192 5152
	6560 5152
4
	11904 5120
	16384 5120
	16384 5152
	11904 5152
4
	0 5152
	5952 5152
	5952 5184
	0 5184
4
	6784 5152
	8416 5152
	8416 5184
	6784 5184
4
	11680 5152
	16384 5152
	16384 5184
	11680 5184
4
	0 5184
	5952 5184
	5952 5216
	0 5216
4
	6784 5184
	8416 5184
	8416 5216
	6784 5216
4
	11680 5184
	16384 5184
	16384 5216
	11680 5216
4
	0 5216
	5952 5216
	5952 5248
	0 5248
4
	6784 5216
	8416 5216
	8416 5248
	6784 5248
4
	11680 5216
	16384 5216
	16384 5248
	11680 5248
4
	0 5248
	5952 5248
	5952 5280
	0 5280
4
	6784 5248
	8416 5248
	8416 5280
	6784 5280
4
	11680 5248
	16384 5248
	16384 5280
	11680 5280
4
	0 5280
	5952 5280
	5952 5312
	0 5312
4
	6784 5280
	8416 5280
	8416 5312
	6784 5312
4
	11680 5280
	16384 5280
	16384 5312
	11680 5312
4
	0 5312
	5952 5312
	5952 5344
	0 5344
4
	6784 5312
	8416 5312
	8416 5344
	6784 5344
4
	11680 5312
	16384 5312
	16384 5344
	11680 5344
4
	0 5344
	5952 5344
	5952 5376
	0 5376
4
	6784 5344
	8608 5344
	8608 5376
	6784 5376
4
	11680 5344
	12928 5344
	12928 5376
	11680 5376
4
	14144 5344
	16384 5344
	16384 5376
	14144 5376
4
	0 5376
	5952 5376
	5952 5408
	0 5408
4
	6784 5376
	8608 5376
	8608 5408
	6784 5408
4
	11680 5376
	12928 5376
	12928 5408
	11680 5408
4
	14144 5376
	16384 5376
	16384 5408
	14144 5408
4
	0 5408
	5952 5408
	5952 5440
	0 5440
4
	6784 5408
	8608 5408
	8608 5440
	6784 5440
4
	11680 5408
	12928 5408
	12928 5440
	11680 5440
4
	14144 5408
	16384 5408
	16384 5440
	14144 5440
4
	0 5440
	5952 5440
	5952 5472
	0 5472
4
	6784 5440
	8608 5440
	8608 5472
	6784 5472
4
	11680 5440
	12928 5440
	12928 5472
	11680 5472
4
	14144 5440
	16384 5440
	16384 5472
	14144 5472
4
	0 5472
	5952 5472
	5952 5504
	0 5504
4
	6784 5472
	8608 5472
	8608 5504
	6784 5504
4
	11680 5472
	12928 5472
	12928 5504
	11680 5504
4
	14144 5472
	16384 5472
	16384 5504
	14144 5504
4
	0 5504
	5952 5504
	5952 5536
	0 5536
4
	6784 5504
	8608 5504
	8608 5536
	6784 5536
4
	11680 5504
	12928 5504
	12928 5536
	11680 5536
4
	14144 5504
	16384 5504
	16384 5536
	14144 5536
4
	0 5536
	6368 5536
	6368 5568
	0 5568
4
	6976 5536
	8832 5536
	8832 5568
	6976 5568
4
	11904 5536
	12928 5536
	12928 5568
	11904 5568
4
	14336 5536
	16384 5536
	16384 5568
	14336 5568
4
	0 5568
	6368 5568
	6368 5600
	0 5600
4
	6976 5568
	8832 5568
	8832 5600
	6976 5600
4
	11904 5568
	12928 5568
	12928 5600
	11904 5600
4
	14336 5568
	16384 5568
	16384 5600
	14336 5600
4
	0 5600
	6368 5600
	6368 5632
	0 5632
4
	6976 5600
	8832 5600
	8832 5632
	6976 5632
4
	11904 5600
	12928 5600
	12928 5632
	11904 5632
4
	14336 5600
	16384 5600
	16384 5632
	14336 5632
4
	0 5632
	6368 5632
	6368 5664
	0 5664
4
	6976 5632
	8832 5632
	8832 5664
	6976 5664
4
	11904 5632
	12928 5632
	12928 5664
	11904 5664
4
	14336 5632
	16384 5632
	16384 5664
	14336 5664
4
	0 5664
	6368 5664
	6368 5696
	0 5696
4
	6976 5664
	8832 5664
	8832 5696
	6976 5696
4
	11904 5664
	12928 5664
	12928 5696
	11904 5696
4
	14336 5664
	16384 5664
	16384 5696
	14336 5696
4
	0 5696
	6368 5696
	6368 5728
	0 5728
4
	6976 5696
	8832 5696
	8832 5728
	6976 5728
4
	11904 5696
	12928 5696
	12928 5728
	11904 5728
4
	14336 5696
	16384 5696
	16384 5728
	14336 5728
4
	0 5728
	6560 5728
	6560 5760
	0 5760
4
	7168 5728
	7584 5728
	7584 5760
	7168 5760
4
	8000 5728
	9024 5728
	9024 5760
	8000 5760
4
	12096 5728
	12512 5728
	12512 5760
	12096 5760
4
	14336 5728
	16384 5728
	16384 5760
	14336 5760
4
	0 5760
	6560 5760
	6560 5792
	0 5792
4
	7168 5760
	7584 5760
	7584 5792
	7168 5792
4
	8000 5760
	9024 5760
	9024 5792
	8000 5792
4
	12096 5760
	12512 5760
	12512 5792
	12096 5792
4
	14336 5760
	16384 5760
	16384 5792
	14336 5792
4
	0 5792
	6560 5792
	6560 5824
	0 5824
4
	7168 5792
	7584 5792
	7584 5824
	7168 5824
4
	8000 5792
	9024 5792
	9024 5824
	8000 5824
4
	12096 5792
	12512 5792
	12512 5824
	12096 5824
4
	14336 5792
	16384 5792
	16384 5824
	14336 5824
4
	0 5824
	6560 5824
	6560 5856
	0 5856
4
	7168 5824
	7584 5824
	7584 5856
	7168 5856
4
	8000 5824
	9024 5824
	9024 5856
	8000 5856
4
	12096 5824
	12512 5824
	12512 5856
	12096 5856
4
	14336 5824
	16384 5824
	16384 5856
	14336 5856
4
	0 5856
	6560 5856
	6560 5888
	0 5888
4
	7168 5856
	7584 5856
	7584 5888
	7168 5888
4
	8000 5856
	9024 5856
	9024 5888
	8000 5888
4
	12096 5856
	12512 5856
	12512 5888
	12096 5888
4
	14336 5856
	16384 5856
	16384 5888
	14336 5888
4
	0 5888
	6560 5888
	6560 5920
	0 5920
4
	7168 5888
	7584 5888
	7584 5920
	7168 5920
4
	8000 5888
	9024 5888
	9024 5920
	8000 5920
4
	12096 5888
	12512 5888
	12512 5920
	12096 5920
4
	14336 5888
	16384 5888
	16384 5920
	14336 5920
4
	0 5920
	4928 5920
	4928 5952
	0 5952
4
	5120 5920
	6784 5920
	6784 5952
	5120 5952
4
	8192 5920
	9216 5920
	9216 5952
	8192 5952
4
	12096 5920
	12512 5920
	12512 5952
	12096 5952
4
	14144 5920
	16384 5920
	16384 5952
	14144 5952
4
	0 5952
	4928 5952
	4928 5984
	0 5984
4
	5120 5952
	6784 5952
	6784 5984
	5120 5984
4
	8192 5952
	9216 5952
	9216 5984
	8192 5984
4
	12096 5952
	12512 5952
	12512 5984
	12096 5984
4
	14144 5952
	16384 5952
	16384 5984
	14144 5984
4
	0 5984
	4928 5984
	4928 6016
	0 6016
4
	5120 5984
	6784 5984
	6784 6016
	5120 6016
4
	8192 5984
	9216 5984
	9216 6016
	8192 6016
4
	12096 5984
	12512 5984
	12512 6016
	12096 6016
4
	14144 5984
	16384 5984
	16384 6016
	14144 6016
4
	0 6016
	4928 6016
	4928 6048
	0 6048
4
	5120 6016
	6784 6016
	6784 6048
	5120 6048
4
	8192 6016
	9216 6016
	9216 6048
	8192 6048
4
	12096 6016
	12512 6016
	12512 6048
	12096 6048
4
	14144 6016
	16384 6016
	16384 6048
	14144 6048
4
	0 6048
	4928 6048
	4928 6080
	0 6080
4
	5120 6048
	6784 6048
	6784 6080
	5120 6080
4
	8192 6048
	9216 6048
	9216 6080
	8192 6080
4
	12096 6048
	12512 6048
	12512 6080
	12096 6080
4
	14144 6048
	16384 6048
	16384 6080
	14144 6080
4
	0 6080
	4928 6080
	4928 6112
	0 6112
4
	5120 6080
	6784 6080
	6784 6112
	5120 6112
4
	8192 6080
	9216 6080
	9216 6112
	8192 6112
4
	12096 6080
	12512 6080
	12512 6112
	12096 6112
4
	14144 6080
	16384 6080
	16384 6112
	14144 6112
4
	0 6112
	4736 6112
	4736 6144
	0 6144
4
	5344 6112
	6784 6112
	6784 6144
	5344 6144
4
	8608 6112
	9440 6112
	9440 6144
	8608 6144
4
	13952 6112
	16384 6112
	16384 6144
	13952 6144
4
	0 6144
	4736 6144
	4736 6176
	0 6176
4
	5344 6144
	6784 6144
	6784 6176
	5344 6176
4
	8608 6144
	9440 6144
	9440 6176
	8608 6176
4
	13952 6144
	16384 6144
	16384 6176
	13952 6176
4
	0 6176
	4736 6176
	4736 6208
	0 6208
4
	5344 6176
	6784 6176
	6784 6208
	5344 6208
4
	8608 6176
	9440 6176
	9440 6208
	8608 6208
4
	13952 6176
	16384 6176
	16384 6208
	13952 6208
4
	0 6208
	4736 6208
	4736 6240
	0 6240
4
	5344 6208
	6784 6208
	6784 6240
	5344 6240
4
	8608 6208
	9440 6208
	9440 6240
	8608 6240
4
	13952 6208
	16384 6208
	16384 6240
	13952 6240
4
	0 6240
	4736 6240
	4736 6272
	0 6272
4
	5344 6240
	6784 6240
	6784 6272
	5344 6272
4
	8608 6240
	9440 6240
	9440 6272
	8608 6272
4
	13952 6240
	16384 6240
	16384 6272
	13952 6272
4
	0 6272
	4736 6272
	4736 6304
	0 6304
4
	5344 6272
	6784 6272
	6784 6304
	5344 6304
4
	8608 6272
	9440 6272
	9440 6304
	8608 6304
4
	13952 6272
	16384 6272
	16384 6304
	13952 6304
4
	0 6304
	4512 6304
	4512 6336
	0 6336
4
	5536 6304
	6560 6304
	6560 6336
	5536 6336
4
	8416 6304
	9440 6304
	9440 6336
	8416 6336
4
	13728 6304
	16384 6304
	16384 6336
	13728 6336
4
	0 6336
	4512 6336
	4512 6368
	0 6368
4
	5536 6336
	6560 6336
	6560 6368
	5536 6368
4
	8416 6336
	9440 6336
	9440 6368
	8416 6368
4
	13728 6336
	16384 6336
	16384 6368
	13728 6368
4
	0 6368
	4512 6368
	4512 6400
	0 6400
4
	5536 6368
	6560 6368
	6560 6400
	5536 6400
4
	8416 6368
	9440 6368
	9440 6400
	8416 6400
4
	13728 6368
	16384 6368
	16384 6400
	13728 6400
4
	0 6400
	4512 6400
	4512 6432
	0 6432
4
	5536 6400
	6560 6400
	6560 6432
	5536 6432
4
	8416 6400
	9440 6400
	9440 6432
	8416 6432
4
	13728 6400
	16384 6400
	16384 6432
	13728 6432
4
	0 6432
	4512 6432
	4512 6464
	0 6464
4
	5536 6432
	6560 6432
	6560 6464
	5536 6464
4
	8416 6432
	9440 6432
	9440 6464
	8416 6464
4
	13728 6432
	16384 6432
	16384 6464
	13728 6464
4
	0 6464
	4512 6464
	4512 6496
	0 6496
4
	5536 6464
	6560 6464
	6560 6496
	5536 6496
4
	8416 6464
	9440 6464
	9440 6496
	8416 6496
4
	13728 6464
	16384 6464
	16384 6496
	13728 6496
4
	0 6496
	4320 6496
	4320 6528
	0 6528
4
	5760 6496
	6368 6496
	6368 6528
	5760 6528
4
	8192 6496
	9216 6496
	9216 6528
	8192 6528
4
	13536 6496
	14752 6496
	14752 6528
	13536 6528
4
	15360 6496
	16384 6496
	16384 6528
	15360 6528
4
	0 6528
	4320 6528
	4320 6560
	0 6560
4
	5760 6528
	6368 6528
	6368 6560
	5760 6560
4
	8192 6528
	9216 6528
	9216 6560
	8192 6560
4
	13536 6528
	14752 6528
	14752 6560
	13536 6560
4
	15360 6528
	16384 6528
	16384 6560
	15360 6560
4
	0 6560
	4320 6560
	4320 6592
	0 6592
4
	5760 6560
	6368 6560
	6368 6592
	5760 6592
4
	8192 6560
	9216 6560
	9216 6592
	8192 6592
4
	13536 6560
	14752 6560
	14752 6592
	13536 6592
4
	15360 6560
	16384 6560
	16384 6592
	15360 6592
4
	0 6592
	4320 6592
	4320 6624
	0 6624
4
	5760 6592
	6368 6592
	6368 6624
	5760 6624
4
	8192 6592
	9216 6592
	9216 6624
	8192 6624
4
	13536 6592
	14752 6592
	14752 6624
	13536 6624
4
	15360 6592
	16384 6592
	16384 6624
	15360 6624
4
	0 6624
	4320 6624
	4320 6656
	0 6656
4
	5760 6624
	6368 6624
	6368 6656
	5760 6656
4
	8192 6624
	9216 6624
	9216 6656
	8192 6656
4
	13536 6624
	14752 6624
	14752 6656
	13536 6656
4
	15360 6624
	16384 6624
	16384 6656
	15360 6656
4
	0 6656
	4320 6656
	4320 6688
	0 6688
4
	5760 6656
	6368 6656
	6368 6688
	5760 6688
4
	8192 6656
	9216 6656
	9216 6688
	8192 6688
4
	13536 6656
	14752 6656
	14752 6688
	13536 6688
4
	15360 6656
	16384 6656
	16384 6688
	15360 6688
4
	0 6688
	4096 6688
	4096 6720
	0 6720
4
	8000 6688
	9024 6688
	9024 6720
	8000 6720
4
	13312 6688
	14560 6688
	14560 6720
	13312 6720
4
	15776 6688
	16384 6688
	16384 6720
	15776 6720
4
	0 6720
	4096 6720
	4096 6752
	0 6752
4
	8000 6720
	9024 6720
	9024 6752
	8000 6752
4
	13312 6720
	14560 6720
	14560 6752
	13312 6752
4
	15776 6720
	16384 6720
	16384 6752
	15776 6752
4
	0 6752
	4096 6752
	4096 6784
	0 6784
4
	8000 6752
	9024 6752
	9024 6784
	8000 6784
4
	13312 6752
	14560 6752
	14560 6784
	13312 6784
4
	15776 6752
	16384 6752
	16384 6784
	15776 6784
4
	0 6784
	4096 6784
	4096 6816
	0 6816
4
	8000 6784
	9024 6784
	9024 6816
	8000 6816
4
	13312 6784
	14560 6784
	14560 6816
	13312 6816
4
	15776 6784
	16384 6784
	16384 6816
	15776 6816
4
	0 6816
	4096 6816
	4096 6848
	0 6848
4
	8000 6816
	9024 6816
	9024 6848
	8000 6848
4
	13312 6816
	14560 6816
	14560 6848
	13312 6848
4
	15776 6816
	16384 6816
	16384 6848
	15776 6848
4
	0 6848
	4096 6848
	4096 6880
	0 6880
4
	8000 6848
	9024 6848
	9024 6880
	8000 6880
4
	13312 6848
	14560 6848
	14560 6880
	13312 6880
4
	15776 6848
	16384 6848
	16384 6880
	15776 6880
4
	0 6880
	3904 6880
	3904 6912
	0 6912
4
	7808 6880
	8832 6880
	8832 6912
	7808 6912
4
	13312 6880
	14336 6880
	14336 6912
	13312 6912
4
	15776 6880
	16384 6880
	16384 6912
	15776 6912
4
	0 6912
	3904 6912
	3904 6944
	0 6944
4
	7808 6912
	8832 6912
	8832 6944
	7808 6944
4
	13312 6912
	14336 6912
	14336 6944
	13312 6944
4
	15776 6912
	16384 6912
	16384 6944
	15776 6944
4
	0 6944
	3904 6944
	3904 6976
	0 6976
4
	7808 6944
	8832 6944
	8832 6976
	7808 6976
4
	13312 6944
	14336 6944
	14336 6976
	13312 6976
4
	15776 6944
	16384 6944
	16384 6976
	15776 6976
4
	0 6976
	3904 6976
	3904 7008
	0 7008
4
	7808 6976
	8832 6976
	8832 7008
	7808 7008
4
	13312 6976
	14336 6976
	14336 7008
	13312 7008
4
	15776 6976
	16384 6976
	16384 7008
	15776 7008
4
	0 7008
	3904 7008
	3904 7040
	0 7040
4
	7808 7008
	8832 7008
	8832 7040
	7808 7040
4
	13312 7008
	14336 7008
	14336 7040
	13312 7040
4
	15776 7008
	16384 7008
	16384 7040
	15776 7040
4
	0 7040
	3904 7040
	3904 7072
	0 7072
4
	7808 7040
	8832 7040
	8832 7072
	7808 7072
4
	13312 7040
	14336 7040
	14336 7072
	13312 7072
4
	15776 7040
	16384 7040
	16384 7072
	15776 7072
4
	0 7072
	4096 7072
	4096 7104
	0 7104
4
	7584 7072
	8608 7072
	8608 7104
	7584 7104
4
	10464 7072
	10656 7072
	10656 7104
	10464 7104
4
	13536 7072
	14144 7072
	14144 7104
	13536 7104
4
	15776 7072
	16384 7072
	16384 7104
	15776 7104
4
	0 7104
	4096 7104
	4096 7136
	0 7136
4
	7584 7104
	8608 7104
	8608 7136
	7584 7136
4
	10464 7104
	10656 7104
	10656 7136
	10464 7136
4
	13536 7104
	14144 7104
	14144 7136
	13536 7136
4
	15776 7104
	16384 7104
	16384 7136
	15776 7136
4
	0 7136
	4096 7136
	4096 7168
	0 7168
4
	7584 7136
	8608 7136
	8608 7168
	7584 7168
4
	10464 7136
	10656 7136
	10656 7168
	10464 7168
4
	13536 7136
	14144 7136
	14144 7168
	13536 7168
4
	15776 7136
	16384 7136
	16384 7168
	15776 7168
4
	0 7168
	4096 7168
	4096 7200
	0 7200
4
	7584 7168
	8608 7168
	8608 7200
	7584 7200
4
	10464 7168
	10656 7168
	10656 7200
	10464 7200
4
	13536 7168
	14144 7168
	14144 7200
	13536 7200
4
	15776 7168
	16384 7168
	16384 7200
	15776 7200
4
	0 7200
	4096 7200
	4096 7232
	0 7232
4
	7584 7200
	8608 7200
	8608 7232
	7584 7232
4
	10464 7200
	10656 7200
	10656 7232
	10464 7232
4
	13536 7200
	14144 7200
	14144 7232
	13536 7232
4
	15776 7200
	16384 7200
	16384 7232
	15776 7232
4
	0 7232
	4096 7232
	4096 7264
	0 7264
4
	7584 7232
	8608 7232
	8608 7264
	7584 7264
4
	10464 7232
	10656 7232
	10656 7264
	10464 7264
4
	13536 7232
	14144 7232
	14144 7264
	13536 7264
4
	15776 7232
	16384 7232
	16384 7264
	15776 7264
4
	0 7264
	4320 7264
	4320 7296
	0 7296
4
	7584 7264
	8416 7264
	8416 7296
	7584 7296
4
	10240 7264
	10880 7264
	10880 7296
	10240 7296
4
	15776 7264
	16384 7264
	16384 7296
	15776 7296
4
	0 7296
	4320 7296
	4320 7328
	0 7328
4
	7584 7296
	8416 7296
	8416 7328
	7584 7328
4
	10240 7296
	10880 7296
	10880 7328
	10240 7328
4
	15776 7296
	16384 7296
	16384 7328
	15776 7328
4
	0 7328
	4320 7328
	4320 7360
	0 7360
4
	7584 7328
	8416 7328
	8416 7360
	7584 7360
4
	10240 7328
	10880 7328
	10880 7360
	10240 7360
4
	15776 7328
	16384 7328
	16384 7360
	15776 7360
4
	0 7360
	4320 7360
	4320 7392
	0 7392
4
	7584 7360
	8416 7360
	8416 7392
	7584 7392
4
	10240 7360
	10880 7360
	10880 7392
	10240 7392
4
	15776 7360
	16384 7360
	16384 7392
	15776 7392
4
	0 7392
	4320 7392
	4320 7424
	0 7424
4
	7584 7392
	8416 7392
	8416 7424
	7584 7424
4
	10240 7392
	10880 7392
	10880 7424
	10240 7424
4
	15776 7392
	16384 7392
	16384 7424
	15776 7424
4
	0 7424
	4320 7424
	4320 7456
	0 7456
4
	7584 7424
	8416 7424
	8416 7456
	7584 7456
4
	10240 7424
	10880 7424
	10880 7456
	10240 7456
4
	15776 7424
	16384 7424
	16384 7456
	15776 7456
4
	0 7456
	4512 7456
	4512 7488
	0 7488
4
	7584 7456
	8192 7456
	8192 7488
	7584 7488
4
	10048 7456
	11072 7456
	11072 7488
	10048 7488
4
	15584 7456
	16384 7456
	16384 7488
	15584 7488
4
	0 7488
	4512 7488
	4512 7520
	0 7520
4
	7584 7488
	8192 7488
	8192 7520
	7584 7520
4
	10048 7488
	11072 7488
	11072 7520
	10048 7520
4
	15584 7488
	16384 7488
	16384 7520
	15584 7520
4
	0 7520
	4512 7520
	4512 7552
	0 7552
4
	7584 7520
	8192 7520
	8192 7552
	7584 7552
4
	10048 7520
	11072 7520
	11072 7552
	10048 7552
4
	15584 7520
	16384 7520
	16384 7552
	15584 7552
4
	0 7552
	4512 7552
	4512 7584
	0 7584
4
	7584 7552
	8192 7552
	8192 7584
	7584 7584
4
	10048 7552
	11072 7552
	11072 7584
	10048 7584
4
	15584 7552
	16384 7552
	16384 7584
	15584 7584
4
	0 7584
	4512 7584
	4512 7616
	0 7616
4
	7584 7584
	8192 7584
	8192 7616
	7584 7616
4
	10048 7584
	11072 7584
	11072 7616
	10048 7616
4
	15584 7584
	16384 7584
	16384 7616
	15584 7616
4
	0 7616
	4512 7616
	4512 7648
	0 7648
4
	7584 7616
	8192 7616
	8192 7648
	7584 7648
4
	10048 7616
	11072 7616
	11072 7648
	10048 7648
4
	15584 7616
	16384 7616
	16384 7648
	15584 7648
4
	0 7648
	4736 7648
	4736 7680
	0 7680
4
	6784 7648
	6976 7648
	6976 7680
	6784 7680
4
	7808 7648
	8000 7648
	8000 7680
	7808 7680
4
	9856 7648
	11264 7648
	11264 7680
	9856 7680
4
	13120 7648
	13536 7648
	13536 7680
	13120 7680
4
	15360 7648
	16384 7648
	16384 7680
	15360 7680
4
	0 7680
	4736 7680
	4736 7712
	0 7712
4
	6784 7680
	6976 7680
	6976 7712
	6784 7712
4
	7808 7680
	8000 7680
	8000 7712
	7808 7712
4
	9856 7680
	11264 7680
	11264 7712
	9856 7712
4
	13120 7680
	13536 7680
	13536 7712
	13120 7712
4
	15360 7680
	16384 7680
	16384 7712
	15360 7712
4
	0 7712
	4736 7712
	4736 7744
	0 7744
4
	6784 7712
	6976 7712
	6976 7744
	6784 7744
4
	7808 7712
	8000 7712
	8000 7744
	7808 7744
4
	9856 7712
	11264 7712
	11264 7744
	9856 7744
4
	13120 7712
	13536 7712
	13536 7744
	13120 7744
4
	15360 7712
	16384 7712
	16384 7744
	15360 7744
4
	0 7744
	4736 7744
	4736 7776
	0 7776
4
	6784 7744
	6976 7744
	6976 7776
	6784 7776
4
	7808 7744
	8000 7744
	8000 7776
	7808 7776
4
	9856 7744
	11264 7744
	11264 7776
	9856 7776
4
	13120 7744
	13536 7744
	13536 7776
	13120 7776
4
	15360 7744
	16384 7744
	16384 7776
	15360 7776
4
	0 7776
	4736 7776
	4736 7808
	0 7808
4
	6784 7776
	6976 7776
	6976 7808
	6784 7808
4
	7808 7776
	8000 7776
	8000 7808
	7808 7808
4
	9856 7776
	11264 7776
	11264 7808
	9856 7808
4
	13120 7776
	13536 7776
	13536 7808
	13120 7808
4
	15360 7776
	16384 7776
	16384 7808
	15360 7808
4
	0 7808
	4736 7808
	4736 7840
	0 7840
4
	6784 7808
	6976 7808
	6976 7840
	6784 7840
4
	7808 7808
	8000 7808
	8000 7840
	7808 7840
4
	9856 7808
	11264 7808
	11264 7840
	9856 7840
4
	13120 7808
	13536 7808
	13536 7840
	13120 7840
4
	15360 7808
	16384 7808
	16384 7840
	15360 7840
4
	0 7840
	4928 7840
	4928 7872
	0 7872
4
	6560 7840
	7168 7840
	7168 7872
	6560 7872
4
	9632 7840
	11488 7840
	11488 7872
	9632 7872
4
	12928 7840
	13312 7840
	13312 7872
	12928 7872
4
	15168 7840
	16384 7840
	16384 7872
	15168 7872
4
	0 7872
	4928 7872
	4928 7904
	0 7904
4
	6560 7872
	7168 7872
	7168 7904
	6560 7904
4
	9632 7872
	11488 7872
	11488 7904
	9632 7904
4
	12928 7872
	13312 7872
	13312 7904
	12928 7904
4
	15168 7872
	16384 7872
	16384 7904
	15168 7904
4
	0 7904
	4928 7904
	4928 7936
	0 7936
4
	6560 7904
	7168 7904
	7168 7936
	6560 7936
4
	9632 7904
	11488 7904
	11488 7936
	9632 7936
4
	12928 7904
	13312 7904
	13312 7936
	12928 7936
4
	15168 7904
	16384 7904
	16384 7936
	15168 7936
4
	0 7936
	4928 7936
	4928 7968
	0 7968
4
	6560 7936
	7168 7936
	7168 7968
	6560 7968
4
	9632 7936
	11488 7936
	11488 7968
	9632 7968
4
	12928 7936
	13312 7936
	13312 7968
	12928 7968
4
	15168 7936
	16384 7936
	16384 7968
	15168 7968
4
	0 7968
	4928 7968
	4928 8000
	0 8000
4
	6560 7968
	7168 7968
	7168 8000
	6560 8000
4
	9632 7968
	11488 7968
	11488 8000
	9632 8000
4
	12928 7968
	13312 7968
	13312 8000
	12928 8000
4
	15168 7968
	16384 7968
	16384 8000
	15168 8000
4
	0 8000
	4928 8000
	4928 8032
	0 8032
4
	6560 8000
	7168 8000
	7168 8032
	6560 8032
4
	9632 8000
	11488 8000
	11488 8032
	9632 8032
4
	12928 8000
	13312 8000
	13312 8032
	12928 8032
4
	15168 8000
	16384 8000
	16384 8032
	15168 8032
4
	0 8032
	5120 8032
	5120 8064
	0 8064
4
	6368 8032
	7392 8032
	7392 8064
	6368 8064
4
	9440 8032
	11680 8032
	11680 8064
	9440 8064
4
	12704 8032
	13120 8032
	13120 8064
	12704 8064
4
	14976 8032
	16384 8032
	16384 8064
	14976 8064
4
	0 8064
	5120 8064
	5120 8096
	0 8096
4
	6368 8064
	7392 8064
	7392 8096
	6368 8096
4
	9440 8064
	11680 8064
	11680 8096
	9440 8096
4
	12704 8064
	13120 8064
	13120 8096
	12704 8096
4
	14976 8064
	16384 8064
	16384 8096
	14976 8096
4
	0 8096
	5120 8096
	5120 8128
	0 8128
4
	6368 8096
	7392 8096
	7392 8128
	6368 8128
4
	9440 8096
	11680 8096
	11680 8128
	9440 8128
4
	12704 8096
	13120 8096
	13120 8128
	12704 8128
4
	14976 8096
	16384 8096
	16384 8128
	14976 8128
4
	0 8128
	5120 8128
	5120 8160
	0 8160
4
	6368 8128
	7392 8128
	7392 8160
	6368 8160
4
	9440 8128
	11680 8128
	11680 8160
	9440 8160
4
	12704 8128
	13120 8128
	13120 8160
	12704 8160
4
	14976 8128
	16384 8128
	16384 8160
	14976 8160
4
	0 8160
	5120 8160
	5120 8192
	0 8192
4
	6368 8160
	7392 8160
	7392 8192
	6368 8192
4
	9440 8160
	11680 8160
	11680 8192
	9440 8192
4
	12704 8160
	13120 8160
	13120 8192
	12704 8192
4
	14976 8160
	16384 8160
	16384 8192
	14976 8192
4
	0 8192
	3712 8192
	3712 8224
	0 8224
4
	3904 8192
	5344 8192
	5344 8224
	3904 8224
4
	6144 8192
	7392 8192
	7392 8224
	6144 8224
4
	9216 8192
	10464 8192
	10464 8224
	9216 8224
4
	10656 8192
	11904 8192
	11904 8224
	10656 8224
4
	12512 8192
	12928 8192
	12928 8224
	12512 8224
4
	14752 8192
	16384 8192
	16384 8224
	14752 8224
4
	0 8224
	3712 8224
	3712 8256
	0 8256
4
	3904 8224
	5344 8224
	5344 8256
	3904 8256
4
	6144 8224
	7392 8224
	7392 8256
	6144 8256
4
	9216 8224
	10464 8224
	10464 8256
	9216 8256
4
	10656 8224
	11904 8224
	11904 8256
	10656 8256
4
	12512 8224
	12928 8224
	12928 8256
	12512 8256
4
	14752 8224
	16384 8224
	16384 8256
	14752 8256
4
	0 8256
	3712 8256
	3712 8288
	0 8288
4
	3904 8256
	5344 8256
	5344 8288
	3904 8288
4
	6144 8256
	7392 8256
	7392 8288
	6144 8288
4
	9216 8256
	10464 8256
	10464 8288
	9216 8288
4
	10656 8256
	11904 8256
	11904 8288
	10656 8288
4
	12512 8256
	12928 8256
	12928 8288
	12512 8288
4
	14752 8256
	16384 8256
	16384 8288
	14752 8288
4
	0 8288
	3712 8288
	3712 8320
	0 8320
4
	3904 8288
	5344 8288
	5344 8320
	3904 8320
4
	6144 8288
	7392 8288
	7392 8320
	6144 8320
4
	9216 8288
	10464 8288
	10464 8320
	9216 8320
4
	10656 8288
	11904 8288
	11904 8320
	10656 8320
4
	12512 8288
	12928 8288
	12928 8320
	12512 8320
4
	14752 8288
	16384 8288
	16384 8320
	14752 8320
4
	0 8320
	3712 8320
	3712 8352
	0 8352
4
	3904 8320
	5344 8320
	5344 8352
	3904 8352
4
	6144 8320
	7392 8320
	7392 8352
	6144 8352
4
	9216 8320
	10464 8320
	10464 8352
	9216 8352
4
	10656 8320
	11904 8320
	11904 8352
	10656 8352
4
	12512 8320
	12928 8320
	12928 8352
	12512 8352
4
	14752 8320
	16384 8320
	16384 8352
	14752 8352
4
	0 8352
	3712 8352
	3712 8384
	0 8384
4
	3904 8352
	5344 8352
	5344 8384
	3904 8384
4
	6144 8352
	7392 8352
	7392 8384
	6144 8384
4
	9216 8352
	10464 8352
	10464 8384
	9216 8384
4
	10656 8352
	11904 8352
	11904 8384
	10656 8384
4
	12512 8352
	12928 8352
	12928 8384
	12512 8384
4
	14752 8352
	16384 8352
	16384 8384
	14752 8384
4
	0 8384
	2048 8384
	2048 8416
	0 8416
4
	2272 8384
	3712 8384
	3712 8416
	2272 8416
4
	4096 8384
	5536 8384
	5536 8416
	4096 8416
4
	5952 8384
	7168 8384
	7168 8416
	5952 8416
4
	9024 8384
	10464 8384
	10464 8416
	9024 8416
4
	10880 8384
	12096 8384
	12096 8416
	10880 8416
4
	12288 8384
	12704 8384
	12704 8416
	12288 8416
4
	14560 8384
	16384 8384
	16384 8416
	14560 8416
4
	0 8416
	2048 8416
	2048 8448
	0 8448
4
	2272 8416
	3712 8416
	3712 8448
	2272 8448
4
	4096 8416
	5536 8416
	5536 8448
	4096 8448
4
	5952 8416
	7168 8416
	7168 8448
	5952 8448
4
	9024 8416
	10464 8416
	10464 8448
	9024 8448
4
	10880 8416
	12096 8416
	12096 8448
	10880 8448
4
	12288 8416
	12704 8416
	12704 8448
	12288 8448
4
	14560 8416
	16384 8416
	16384 8448
	14560 8448
4
	0 8448
	2048 8448
	2048 8480
	0 8480
4
	2272 8448
	3712 8448
	3712 8480
	2272 8480
4
	4096 8448
	5536 8448
	5536 8480
	4096 8480
4
	5952 8448
	7168 8448
	7168 8480
	5952 8480
4
	9024 8448
	10464 8448
	10464 8480
	9024 8480
4
	10880 8448
	12096 8448
	12096 8480
	10880 8480
4
	12288 8448
	12704 8448
	12704 8480
	12288 8480
4
	14560 8448
	16384 8448
	16384 8480
	14560 8480
4
	0 8480
	2048 8480
	2048 8512
	0 8512
4
	2272 8480
	3712 8480
	3712 8512
	2272 8512
4
	4096 8480
	5536 8480
	5536 8512
	4096 8512
4
	5952 8480
	7168 8480
	7168 8512
	5952 8512
4
	9024 8480
	10464 8480
	10464 8512
	9024 8512
4
	10880 8480
	12096 8480
	12096 8512
	10880 8512
4
	12288 8480
	12704 8480
	12704 8512
	12288 8512
4
	14560 8480
	16384 8480
	16384 8512
	14560 8512
4
	0 8512
	2048 8512
	2048 8544
	0 8544
4
	2272 8512
	3712 8512
	3712 8544
	2272 8544
4
	4096 8512
	5536 8512
	5536 8544
	4096 8544
4
	5952 8512
	7168 8512
	7168 8544
	5952 8544
4
	9024 8512
	10464 8512
	10464 8544
	9024 8544
4
	10880 8512
	12096 8512
	12096 8544
	10880 8544
4
	12288 8512
	12704 8512
	12704 8544
	12288 8544
4
	14560 8512
	16384 8512
	16384 8544
	14560 8544
4
	0 8544
	2048 8544
	2048 8576
	0 8576
4
	2272 8544
	3712 8544
	3712 8576
	2272 8576
4
	4096 8544
	5536 8544
	5536 8576
	4096 8576
4
	5952 8544
	7168 8544
	7168 8576
	5952 8576
4
	9024 8544
	10464 8544
	10464 8576
	9024 8576
4
	10880 8544
	12096 8544
	12096 8576
	10880 8576
4
	12288 8544
	12704 8544
	12704 8576
	12288 8576
4
	14560 8544
	16384 8544
	16384 8576
	14560 8576
4
	0 8576
	1856 8576
	1856 8608
	0 8608
4
	2464 8576
	3296 8576
	3296 8608
	2464 8608
4
	4320 8576
	6976 8576
	6976 8608
	4320 8608
4
	9024 8576
	9632 8576
	9632 8608
	9024 8608
4
	11072 8576
	12512 8576
	12512 8608
	11072 8608
4
	14336 8576
	16384 8576
	16384 8608
	14336 8608
4
	0 8608
	1856 8608
	1856 8640
	0 8640
4
	2464 8608
	3296 8608
	3296 8640
	2464 8640
4
	4320 8608
	6976 8608
	6976 8640
	4320 8640
4
	9024 8608
	9632 8608
	9632 8640
	9024 8640
4
	11072 8608
	12512 8608
	12512 8640
	11072 8640
4
	14336 8608
	16384 8608
	16384 8640
	14336 8640
4
	0 8640
	1856 8640
	1856 8672
	0 8672
4
	2464 8640
	3296 8640
	3296 8672
	2464 8672
4
	4320 8640
	6976 8640
	6976 8672
	4320 8672
4
	9024 8640
	9632 8640
	9632 8672
	9024 8672
4
	11072 8640
	12512 8640
	12512 8672
	11072 8672
4
	14336 8640
	16384 8640
	16384 8672
	14336 8672
4
	0 8672
	1856 8672
	1856 8704
	0 8704
4
	2464 8672
	3296 8672
	3296 8704
	2464 8704
4
	4320 8672
	6976 8672
	6976 8704
	4320 8704
4
	9024 8672
	9632 8672
	9632 8704
	9024 8704
4
	11072 8672
	12512 8672
	12512 8704
	11072 8704
4
	14336 8672
	16384 8672
	16384 8704
	14336 8704
4
	0 8704
	1856 8704
	1856 8736
	0 8736
4
	2464 8704
	3296 8704
	3296 8736
	2464 8736
4
	4320 8704
	6976 8704
	6976 8736
	4320 8736
4
	9024 8704
	9632 8704
	9632 8736
	9024 8736
4
	11072 8704
	12512 8704
	12512 8736
	11072 8736
4
	14336 8704
	16384 8704
	16384 8736
	14336 8736
4
	0 8736
	1856 8736
	1856 8768
	0 8768
4
	2464 8736
	3296 8736
	3296 8768
	2464 8768
4
	4320 8736
	6976 8736
	6976 8768
	4320 8768
4
	9024 8736
	9632 8736
	9632 8768
	9024 8768
4
	11072 8736
	12512 8736
	12512 8768
	11072 8768
4
	14336 8736
	16384 8736
	16384 8768
	14336 8768
4
	0 8768
	1664 8768
	1664 8800
	0 8800
4
	2880 8768
	3072 8768
	3072 8800
	2880 8800
4
	4512 8768
	6784 8768
	6784 8800
	4512 8800
4
	9216 8768
	9440 8768
	9440 8800
	9216 8800
4
	10656 8768
	10880 8768
	10880 8800
	10656 8800
4
	11264 8768
	12512 8768
	12512 8800
	11264 8800
4
	14144 8768
	16384 8768
	16384 8800
	14144 8800
4
	0 8800
	1664 8800
	1664 8832
	0 8832
4
	2880 8800
	3072 8800
	3072 8832
	2880 8832
4
	4512 8800
	6784 8800
	6784 8832
	4512 8832
4
	9216 8800
	9440 8800
	9440 8832
	9216 8832
4
	10656 8800
	10880 8800
	10880 8832
	10656 8832
4
	11264 8800
	12512 8800
	12512 8832
	11264 8832
4
	14144 8800
	16384 8800
	16384 8832
	14144 8832
4
	0 8832
	1664 8832
	1664 8864
	0 8864
4
	2880 8832
	3072 8832
	3072 8864
	2880 8864
4
	4512 8832
	6784 8832
	6784 8864
	4512 8864
4
	9216 8832
	9440 8832
	9440 8864
	9216 8864
4
	10656 8832
	10880 8832
	10880 8864
	10656 8864
4
	11264 8832
	12512 8832
	12512 8864
	11264 8864
4
	14144 8832
	16384 8832
	16384 8864
	14144 8864
4
	0 8864
	1664 8864
	1664 8896
	0 8896
4
	2880 8864
	3072 8864
	3072 8896
	2880 8896
4
	4512 8864
	6784 8864
	6784 8896
	4512 8896
4
	9216 8864
	9440 8864
	9440 8896
	9216 8896
4
	10656 8864
	10880 8864
	10880 8896
	10656 8896
4
	11264 8864
	12512 8864
	12512 8896
	11264 8896
4
	14144 8864
	16384 8864
	16384 8896
	14144 8896
4
	0 8896
	1664 8896
	1664 8928
	0 8928
4
	2880 8896
	3072 8896
	3072 8928
	2880 8928
4
	4512 8896
	6784 8896
	6784 8928
	4512 8928
4
	9216 8896
	9440 8896
	9440 8928
	9216 8928
4
	10656 8896
	10880 8896
	10880 8928
	10656 8928
4
	11264 8896
	12512 8896
	12512 8928
	11264 8928
4
	14144 8896
	16384 8896
	16384 8928
	14144 8928
4
	0 8928
	1664 8928
	1664 8960
	0 8960
4
	2880 8928
	3072 8928
	3072 8960
	2880 8960
4
	4512 8928
	6784 8928
	6784 8960
	4512 8960
4
	9216 8928
	9440 8928
	9440 8960
	9216 8960
4
	10656 8928
	10880 8928
	10880 8960
	10656 8960
4
	11264 8928
	12512 8928
	12512 8960
	11264 8960
4
	14144 8928
	16384 8928
	16384 8960
	14144 8960
4
	0 8960
	1440 8960
	1440 8992
	0 8992
4
	4736 8960
	6560 8960
	6560 8992
	4736 8992
4
	8192 8960
	8608 8960
	8608 8992
	8192 8992
4
	9856 8960
	10880 8960
	10880 8992
	9856 8992
4
	11488 8960
	12704 8960
	12704 8992
	11488 8992
4
	13952 8960
	16384 8960
	16384 8992
	13952 8992
4
	0 8992
	1440 8992
	1440 9024
	0 9024
4
	4736 8992
	6560 8992
	6560 9024
	4736 9024
4
	8192 8992
	8608 8992
	8608 9024
	8192 9024
4
	9856 8992
	10880 8992
	10880 9024
	9856 9024
4
	11488 8992
	12704 8992
	12704 9024
	11488 9024
4
	13952 8992
	16384 8992
	16384 9024
	13952 9024
4
	0 9024
	1440 9024
	1440 9056
	0 9056
4
	4736 9024
	6560 9024
	6560 9056
	4736 9056
4
	8192 9024
	8608 9024
	8608 9056
	8192 9056
4
	9856 9024
	10880 9024
	10880 9056
	9856 9056
4
	11488 9024
	12704 9024
	12704 9056
	11488 9056
4
	13952 9024
	16384 9024
	16384 9056
	13952 9056
4
	0 9056
	1440 9056
	1440 9088
	0 9088
4
	4736 9056
	6560 9056
	6560 9088
	4736 9088
4
	8192 9056
	8608 9056
	8608 9088
	8192 9088
4
	9856 9056
	10880 9056
	10880 9088
	9856 9088
4
	11488 9056
	12704 9056
	12704 9088
	11488 9088
4
	13952 9056
	16384 9056
	16384 9088
	13952 9088
4
	0 9088
	1440 9088
	1440 9120
	0 9120
4
	4736 9088
	6560 9088
	6560 9120
	4736 9120
4
	8192 9088
	8608 9088
	8608 9120
	8192 9120
4
	9856 9088
	10880 9088
	10880 9120
	9856 9120
4
	11488 9088
	12704 9088
	12704 9120
	11488 9120
4
	13952 9088
	16384 9088
	16384 9120
	13952 9120
4
	0 9120
	1440 9120
	1440 9152
	0 9152
4
	4736 9120
	6560 9120
	6560 9152
	4736 9152
4
	8192 9120
	8608 9120
	8608 9152
	8192 9152
4
	9856 9120
	10880 9120
	10880 9152
	9856 9152
4
	11488 9120
	12704 9120
	12704 9152
	11488 9152
4
	13952 9120
	16384 9120
	16384 9152
	13952 9152
4
	0 9152
	1248 9152
	1248 9184
	0 9184
4
	4928 9152
	6368 9152
	6368 9184
	4928 9184
4
	8000 9152
	8832 9152
	8832 9184
	8000 9184
4
	9632 9152
	10880 9152
	10880 9184
	9632 9184
4
	11680 9152
	12928 9152
	12928 9184
	11680 9184
4
	13728 9152
	16384 9152
	16384 9184
	13728 9184
4
	0 9184
	1248 9184
	1248 9216
	0 9216
4
	4928 9184
	6368 9184
	6368 9216
	4928 9216
4
	8000 9184
	8832 9184
	8832 9216
	8000 9216
4
	9632 9184
	10880 9184
	10880 9216
	9632 9216
4
	11680 9184
	12928 9184
	12928 9216
	11680 9216
4
	13728 9184
	16384 9184
	16384 9216
	13728 9216
4
	0 9216
	1248 9216
	1248 9248
	0 9248
4
	4928 9216
	6368 9216
	6368 9248
	4928 9248
4
	8000 9216
	8832 9216
	8832 9248
	8000 9248
4
	9632 9216
	10880 9216
	10880 9248
	9632 9248
4
	11680 9216
	12928 9216
	12928 9248
	11680 9248
4
	13728 9216
	16384 9216
	16384 9248
	13728 9248
4
	0 9248
	1248 9248
	1248 9280
	0 9280
4
	4928 9248
	6368 9248
	6368 9280
	4928 9280
4
	8000 9248
	8832 9248
	8832 9280
	8000 9280
4
	9632 9248
	10880 9248
	10880 9280
	9632 9280
4
	11680 9248
	12928 9248
	12928 9280
	11680 9280
4
	13728 9248
	16384 9248
	16384 9280
	13728 9280
4
	0 9280
	1248 9280
	1248 9312
	0 9312
4
	4928 9280
	6368 9280
	6368 9312
	4928 9312
4
	8000 9280
	8832 9280
	8832 9312
	8000 9312
4
	9632 9280
	10880 9280
	10880 9312
	9632 9312
4
	11680 9280
	12928 9280
	12928 9312
	11680 9312
4
	13728 9280
	16384 9280
	16384 9312
	13728 9312
4
	0 9312
	1248 9312
	1248 9344
	0 9344
4
	4928 9312
	6368 9312
	6368 9344
	4928 9344
4
	8000 9312
	8832 9312
	8832 9344
	8000 9344
4
	9632 9312
	10880 9312
	10880 9344
	9632 9344
4
	11680 9312
	12928 9312
	12928 9344
	11680 9344
4
	13728 9312
	16384 9312
	16384 9344
	13728 9344
4
	0 9344
	1024 9344
	1024 9376
	0 9376
4
	2272 9344
	2464 9344
	2464 9376
	2272 9376
4
	5120 9344
	6144 9344
	6144 9376
	5120 9376
4
	7808 9344
	8832 9344
	8832 9376
	7808 9376
4
	9632 9344
	10880 9344
	10880 9376
	9632 9376
4
	11904 9344
	13120 9344
	13120 9376
	11904 9376
4
	13536 9344
	16384 9344
	16384 9376
	13536 9376
4
	0 9376
	1024 9376
	1024 9408
	0 9408
4
	2272 9376
	2464 9376
	2464 9408
	2272 9408
4
	5120 9376
	6144 9376
	6144 9408
	5120 9408
4
	7808 9376
	8832 9376
	8832 9408
	7808 9408
4
	9632 9376
	10880 9376
	10880 9408
	9632 9408
4
	11904 9376
	13120 9376
	13120 9408
	11904 9408
4
	13536 9376
	16384 9376
	16384 9408
	13536 9408
4
	0 9408
	1024 9408
	1024 9440
	0 9440
4
	2272 9408
	2464 9408
	2464 9440
	2272 9440
4
	5120 9408
	6144 9408
	6144 9440
	5120 9440
4
	7808 9408
	8832 9408
	8832 9440
	7808 9440
4
	9632 9408
	10880 9408
	10880 9440
	9632 9440
4
	11904 9408
	13120 9408
	13120 9440
	11904 9440
4
	13536 9408
	16384 9408
	16384 9440
	13536 9440
4
	0 9440
	1024 9440
	1024 9472
	0 9472
4
	2272 9440
	2464 9440
	2464 9472
	2272 9472
4
	5120 9440
	6144 9440
	6144 9472
	5120 9472
4
	7808 9440
	8832 9440
	8832 9472
	7808 9472
4
	9632 9440
	10880 9440
	10880 9472
	9632 9472
4
	11904 9440
	13120 9440
	13120 9472
	11904 9472
4
	13536 9440
	16384 9440
	16384 9472
	13536 9472
4
	0 9472
	1024 9472
	1024 9504
	0 9504
4
	2272 9472
	2464 9472
	2464 9504
	2272 9504
4
	5120 9472
	6144 9472
	6144 9504
	5120 9504
4
	7808 9472
	8832 9472
	8832 9504
	7808 9504
4
	9632 9472
	10880 9472
	10880 9504
	9632 9504
4
	11904 9472
	13120 9472
	13120 9504
	11904 9504
4
	13536 9472
	16384 9472
	16384 9504
	13536 9504
4
	0 9504
	1024 9504
	1024 9536
	0 9536
4
	2272 9504
	2464 9504
	2464 9536
	2272 9536
4
	5120 9504
	6144 9504
	6144 9536
	5120 9536
4
	7808 9504
	8832 9504
	8832 9536
	7808 9536
4
	9632 9504
	10880 9504
	10880 9536
	9632 9536
4
	11904 9504
	13120 9504
	13120 9536
	11904 9536
4
	13536 9504
	16384 9504
	16384 9536
	13536 9536
4
	0 9536
	832 9536
	832 9568
	0 9568
4
	2048 9536
	2688 9536
	2688 9568
	2048 9568
4
	4928 9536
	5952 9536
	5952 9568
	4928 9568
4
	7584 9536
	8832 9536
	8832 9568
	7584 9568
4
	9632 9536
	10880 9536
	10880 9568
	9632 9568
4
	12096 9536
	16384 9536
	16384 9568
	12096 9568
4
	0 9568
	832 9568
	832 9600
	0 9600
4
	2048 9568
	2688 9568
	2688 9600
	2048 9600
4
	4928 9568
	5952 9568
	5952 9600
	4928 9600
4
	7584 9568
	8832 9568
	8832 9600
	7584 9600
4
	9632 9568
	10880 9568
	10880 9600
	9632 9600
4
	12096 9568
	16384 9568
	16384 9600
	12096 9600
4
	0 9600
	832 9600
	832 9632
	0 9632
4
	2048 9600
	2688 9600
	2688 9632
	2048 9632
4
	4928 9600
	5952 9600
	5952 9632
	4928 9632
4
	7584 9600
	8832 9600
	8832 9632
	7584 9632
4
	9632 9600
	10880 9600
	10880 9632
	9632 9632
4
	12096 9600
	16384 9600
	16384 9632
	12096 9632
4
	0 9632
	832 9632
	832 9664
	0 9664
4
	2048 9632
	2688 9632
	2688 9664
	2048 9664
4
	4928 9632
	5952 9632
	5952 9664
	4928 9664
4
	7584 9632
	8832 9632
	8832 9664
	7584 9664
4
	9632 9632
	10880 9632
	10880 9664
	9632 9664
4
	12096 9632
	16384 9632
	16384 9664
	12096 9664
4
	0 9664
	832 9664
	832 9696
	0 9696
4
	2048 9664
	2688 9664
	2688 9696
	2048 9696
4
	4928 9664
	5952 9664
	5952 9696
	4928 9696
4
	7584 9664
	8832 9664
	8832 9696
	7584 9696
4
	9632 9664
	10880 9664
	10880 9696
	9632 9696
4
	12096 9664
	16384 9664
	16384 9696
	12096 9696
4
	0 9696
	832 9696
	832 9728
	0 9728
4
	2048 9696
	2688 9696
	2688 9728
	2048 9728
4
	4928 9696
	5952 9696
	5952 9728
	4928 9728
4
	7584 9696
	8832 9696
	8832 9728
	7584 9728
4
	9632 9696
	10880 9696
	10880 9728
	9632 9728
4
	12096 9696
	16384 9696
	16384 9728
	12096 9728
4
	0 9728
	640 9728
	640 9760
	0 9760
4
	1856 9728
	2880 9728
	2880 9760
	1856 9760
4
	4736 9728
	5760 9728
	5760 9760
	4736 9760
4
	7392 9728
	9024 9728
	9024 9760
	7392 9760
4
	9632 9728
	10880 9728
	10880 9760
	9632 9760
4
	12288 9728
	16384 9728
	16384 9760
	12288 9760
4
	0 9760
	640 9760
	640 9792
	0 9792
4
	1856 9760
	2880 9760
	2880 9792
	1856 9792
4
	4736 9760
	5760 9760
	5760 9792
	4736 9792
4
	7392 9760
	9024 9760
	9024 9792
	7392 9792
4
	9632 9760
	10880 9760
	10880 9792
	9632 9792
4
	12288 9760
	16384 9760
	16384 9792
	12288 9792
4
	0 9792
	640 9792
	640 9824
	0 9824
4
	1856 9792
	2880 9792
	2880 9824
	1856 9824
4
	4736 9792
	5760 9792
	5760 9824
	4736 9824
4
	7392 9792
	9024 9792
	9024 9824
	7392 9824
4
	9632 9792
	10880 9792
	10880 9824
	9632 9824
4
	12288 9792
	16384 9792
	16384 9824
	12288 9824
4
	0 9824
	640 9824
	640 9856
	0 9856
4
	1856 9824
	2880 9824
	2880 9856
	1856 9856
4
	4736 9824
	5760 9824
	5760 9856
	4736 9856
4
	7392 9824
	9024 9824
	9024 9856
	7392 9856
4
	9632 9824
	10880 9824
	10880 9856
	9632 9856
4
	12288 9824
	16384 9824
	16384 9856
	12288 9856
4
	0 9856
	640 9856
	640 9888
	0 9888
4
	1856 9856
	2880 9856
	2880 9888
	1856 9888
4
	4736 9856
	5760 9856
	5760 9888
	4736 9888
4
	7392 9856
	9024 9856
	9024 9888
	7392 9888
4
	9632 9856
	10880 9856
	10880 9888
	9632 9888
4
	12288 9856
	16384 9856
	16384 9888
	12288 9888
4
	0 9888
	640 9888
	640 9920
	0 9920
4
	1856 9888
	2880 9888
	2880 9920
	1856 9920
4
	4736 9888
	5760 9888
	5760 9920
	4736 9920
4
	7392 9888
	9024 9888
	9024 9920
	7392 9920
4
	9632 9888
	10880 9888
	10880 9920
	9632 9920
4
	12288 9888
	16384 9888
	16384 9920
	12288 9920
4
	0 9920
	416 9920
	416 9952
	0 9952
4
	1248 9920
	2880 9920
	2880 9952
	1248 9952
4
	4512 9920
	5536 9920
	5536 9952
	4512 9952
4
	7168 9920
	8832 9920
	8832 9952
	7168 9952
4
	9440 9920
	10880 9920
	10880 9952
	9440 9952
4
	12512 9920
	16384 9920
	16384 9952
	12512 9952
4
	0 9952
	416 9952
	416 9984
	0 9984
4
	1248 9952
	2880 9952
	2880 9984
	1248 9984
4
	4512 9952
	5536 9952
	5536 9984
	4512 9984
4
	7168 9952
	8832 9952
	8832 9984
	7168 9984
4
	9440 9952
	10880 9952
	10880 9984
	9440 9984
4
	12512 9952
	16384 9952
	16384 9984
	12512 9984
4
	0 9984
	416 9984
	416 10016
	0 10016
4
	1248 9984
	2880 9984
	2880 10016
	1248 10016
4
	4512 9984
	5536 9984
	5536 10016
	4512 10016
4
	7168 9984
	8832 9984
	8832 10016
	7168 10016
4
	9440 9984
	10880 9984
	10880 10016
	9440 10016
4
	12512 9984
	16384 9984
	16384 10016
	12512 10016
4
	0 10016
	416 10016
	416 10048
	0 10048
4
	1248 10016
	2880 10016
	2880 10048
	1248 10048
4
	4512 10016
	5536 10016
	5536 10048
	4512 10048
4
	7168 10016
	8832 10016
	8832 10048
	7168 10048
4
	9440 10016
	10880 10016
	10880 10048
	9440 10048
4
	12512 10016
	16384 10016
	16384 10048
	12512 10048
4
	0 10048
	416 10048
	416 10080
	0 10080
4
	1248 10048
	2880 10048
	2880 10080
	1248 10080
4
	4512 10048
	5536 10048
	5536 10080
	4512 10080
4
	7168 10048
	8832 10048
	8832 10080
	7168 10080
4
	9440 10048
	10880 10048
	10880 10080
	9440 10080
4
	12512 10048
	16384 10048
	16384 10080
	12512 10080
4
	0 10080
	416 10080
	416 10112
	0 10112
4
	1248 10080
	2880 10080
	2880 10112
	1248 10112
4
	4512 10080
	5536 10080
	5536 10112
	4512 10112
4
	7168 10080
	8832 10080
	8832 10112
	7168 10112
4
	9440 10080
	10880 10080
	10880 10112
	9440 10112
4
	12512 10080
	16384 10080
	16384 10112
	12512 10112
4
	0 10112
	416 10112
	416 10144
	0 10144
4
	1024 10112
	1664 10112
	1664 10144
	1024 10144
4
	1856 10112
	2880 10112
	2880 10144
	1856 10144
4
	4512 10112
	5536 10112
	5536 10144
	4512 10144
4
	6976 10112
	8608 10112
	8608 10144
	6976 10144
4
	9440 10112
	10656 10112
	10656 10144
	9440 10144
4
	12704 10112
	16384 10112
	16384 10144
	12704 10144
4
	0 10144
	416 10144
	416 10176
	0 10176
4
	1024 10144
	1664 10144
	1664 10176
	1024 10176
4
	1856 10144
	2880 10144
	2880 10176
	1856 10176
4
	4512 10144
	5536 10144
	5536 10176
	4512 10176
4
	6976 10144
	8608 10144
	8608 10176
	6976 10176
4
	9440 10144
	10656 10144
	10656 10176
	9440 10176
4
	12704 10144
	16384 10144
	16384 10176
	12704 10176
4
	0 10176
	416 10176
	416 10208
	0 10208
4
	1024 10176
	1664 10176
	1664 10208
	1024 10208
4
	1856 10176
	2880 10176
	2880 10208
	1856 10208
4
	4512 10176
	5536 10176
	5536 10208
	4512 10208
4
	6976 10176
	8608 10176
	8608 10208
	6976 10208
4
	9440 10176
	10656 10176
	10656 10208
	9440 10208
4
	12704 10176
	16384 10176
	16384 10208
	12704 10208
4
	0 10208
	416 10208
	416 10240
	0 10240
4
	1024 10208
	1664 10208
	1664 10240
	1024 10240
4
	1856 10208
	2880 10208
	2880 10240
	1856 10240
4
	4512 10208
	5536 10208
	5536 10240
	4512 10240
4
	6976 10208
	8608 10208
	8608 10240
	6976 10240
4
	9440 10208
	10656 10208
	10656 10240
	9440 10240
4
	12704 10208
	16384 10208
	16384 10240
	12704 10240
4
	0 10240
	416 10240
	416 10272
	0 10272
4
	1024 10240
	1664 10240
	1664 10272
	1024 10272
4
	1856 10240
	2880 10240
	2880 10272
	1856 10272
4
	4512 10240
	5536 10240
	5536 10272
	4512 10272
4
	6976 10240
	8608 10240
	8608 10272
	6976 10272
4
	9440 10240
	10656 10240
	10656 10272
	9440 10272
4
	12704 10240
	16384 10240
	16384 10272
	12704 10272
4
	0 10272
	416 10272
	416 10304
	0 10304
4
	1024 10272
	1664 10272
	1664 10304
	1024 10304
4
	1856 10272
	2880 10272
	2880 10304
	1856 10304
4
	4512 10272
	5536 10272
	5536 10304
	4512 10304
4
	6976 10272
	8608 10272
	8608 10304
	6976 10304
4
	9440 10272
	10656 10272
	10656 10304
	9440 10304
4
	12704 10272
	16384 10272
	16384 10304
	12704 10304
4
	0 10304
	640 10304
	640 10336
	0 10336
4
	832 10304
	1440 10304
	1440 10336
	832 10336
4
	2048 10304
	2688 10304
	2688 10336
	2048 10336
4
	4736 10304
	4928 10304
	4928 10336
	4736 10336
4
	6784 10304
	8416 10304
	8416 10336
	6784 10336
4
	9440 10304
	10464 10304
	10464 10336
	9440 10336
4
	12512 10304
	16384 10304
	16384 10336
	12512 10336
4
	0 10336
	640 10336
	640 10368
	0 10368
4
	832 10336
	1440 10336
	1440 10368
	832 10368
4
	2048 10336
	2688 10336
	2688 10368
	2048 10368
4
	4736 10336
	4928 10336
	4928 10368
	4736 10368
4
	6784 10336
	8416 10336
	8416 10368
	6784 10368
4
	9440 10336
	10464 10336
	10464 10368
	9440 10368
4
	12512 10336
	16384 10336
	16384 10368
	12512 10368
4
	0 10368
	640 10368
	640 10400
	0 10400
4
	832 10368
	1440 10368
	1440 10400
	832 10400
4
	2048 10368
	2688 10368
	2688 10400
	2048 10400
4
	4736 10368
	4928 10368
	4928 10400
	4736 10400
4
	6784 10368
	8416 10368
	8416 10400
	6784 10400
4
	9440 10368
	10464 10368
	10464 10400
	9440 10400
4
	12512 10368
	16384 10368
	16384 10400
	12512 10400
4
	0 10400
	640 10400
	640 10432
	0 10432
4
	832 10400
	1440 10400
	1440 10432
	832 10432
4
	2048 10400
	2688 10400
	2688 10432
	2048 10432
4
	4736 10400
	4928 10400
	4928 10432
	4736 10432
4
	6784 10400
	8416 10400
	8416 10432
	6784 10432
4
	9440 10400
	10464 10400
	10464 10432
	9440 10432
4
	12512 10400
	16384 10400
	16384 10432
	12512 10432
4
	0 10432
	640 10432
	640 10464
	0 10464
4
	832 10432
	1440 10432
	1440 10464
	832 10464
4
	2048 10432
	2688 10432
	2688 10464
	2048 10464
4
	4736 10432
	4928 10432
	4928 10464
	4736 10464
4
	6784 10432
	8416 10432
	8416 10464
	6784 10464
4
	9440 10432
	10464 10432
	10464 10464
	9440 10464
4
	12512 10432
	16384 10432
	16384 10464
	12512 10464
4
	0 10464
	640 10464
	640 10496
	0 10496
4
	832 10464
	1440 10464
	1440 10496
	832 10496
4
	2048 10464
	2688 10464
	2688 10496
	2048 10496
4
	4736 10464
	4928 10464
	4928 10496
	4736 10496
4
	6784 10464
	8416 10464
	8416 10496
	6784 10496
4
	9440 10464
	10464 10464
	10464 10496
	9440 10496
4
	12512 10464
	16384 10464
	16384 10496
	12512 10496
4
	0 10496
	1248 10496
	1248 10528
	0 10528
4
	3712 10496
	4096 10496
	4096 10528
	3712 10528
4
	6560 10496
	8192 10496
	8192 10528
	6560 10528
4
	9632 10496
	9856 10496
	9856 10528
	9632 10528
4
	12288 10496
	16384 10496
	16384 10528
	12288 10528
4
	0 10528
	1248 10528
	1248 10560
	0 10560
4
	3712 10528
	4096 10528
	4096 10560
	3712 10560
4
	6560 10528
	8192 10528
	8192 10560
	6560 10560
4
	9632 10528
	9856 10528
	9856 10560
	9632 10560
4
	12288 10528
	16384 10528
	16384 10560
	12288 10560
4
	0 10560
	1248 10560
	1248 10592
	0 10592
4
	3712 10560
	4096 10560
	4096 10592
	3712 10592
4
	6560 10560
	8192 10560
	8192 10592
	6560 10592
4
	9632 10560
	9856 10560
	9856 10592
	9632 10592
4
	12288 10560
	16384 10560
	16384 10592
	12288 10592
4
	0 10592
	1248 10592
	1248 10624
	0 10624
4
	3712 10592
	4096 10592
	4096 10624
	3712 10624
4
	6560 10592
	8192 10592
	8192 10624
	6560 10624
4
	9632 10592
	9856 10592
	9856 10624
	9632 10624
4
	12288 10592
	16384 10592
	16384 10624
	12288 10624
4
	0 10624
	1248 10624
	1248 10656
	0 10656
4
	3712 10624
	4096 10624
	4096 10656
	3712 10656
4
	6560 10624
	8192 10624
	8192 10656
	6560 10656
4
	9632 10624
	9856 10624
	9856 10656
	9632 10656
4
	12288 10624
	16384 10624
	16384 10656
	12288 10656
4
	0 10656
	1248 10656
	1248 10688
	0 10688
4
	3712 10656
	4096 10656
	4096 10688
	3712 10688
4
	6560 10656
	8192 10656
	8192 10688
	6560 10688
4
	9632 10656
	9856 10656
	9856 10688
	9632 10688
4
	12288 10656
	16384 10656
	16384 10688
	12288 10688
4
	0 10688
	1024 10688
	1024 10720
	0 10720
4
	3488 10688
	4320 10688
	4320 10720
	3488 10720
4
	6368 10688
	8416 10688
	8416 10720
	6368 10720
4
	12096 10688
	16384 10688
	16384 10720
	12096 10720
4
	0 10720
	1024 10720
	1024 10752
	0 10752
4
	3488 10720
	4320 10720
	4320 10752
	3488 10752
4
	6368 10720
	8416 10720
	8416 10752
	6368 10752
4
	12096 10720
	16384 10720
	16384 10752
	12096 10752
4
	0 10752
	1024 10752
	1024 10784
	0 10784
4
	3488 10752
	4320 10752
	4320 10784
	3488 10784
4
	6368 10752
	8416 10752
	8416 10784
	6368 10784
4
	12096 10752
	16384 10752
	16384 10784
	12096 10784
4
	0 10784
	1024 10784
	1024 10816
	0 10816
4
	3488 10784
	4320 10784
	4320 10816
	3488 10816
4
	6368 10784
	8416 10784
	8416 10816
	6368 10816
4
	12096 10784
	16384 10784
	16384 10816
	12096 10816
4
	0 10816
	1024 10816
	1024 10848
	0 10848
4
	3488 10816
	4320 10816
	4320 10848
	3488 10848
4
	6368 10816
	8416 10816
	8416 10848
	6368 10848
4
	12096 10816
	16384 10816
	16384 10848
	12096 10848
4
	0 10848
	1024 10848
	1024 10880
	0 10880
4
	3488 10848
	4320 10848
	4320 10880
	3488 10880
4
	6368 10848
	8416 10848
	8416 10880
	6368 10880
4
	12096 10848
	16384 10848
	16384 10880
	12096 10880
4
	0 10880
	1248 10880
	1248 10912
	0 10912
4
	3296 10880
	4320 10880
	4320 10912
	3296 10912
4
	6144 10880
	8608 10880
	8608 10912
	6144 10912
4
	11904 10880
	16384 10880
	16384 10912
	11904 10912
4
	0 10912
	1248 10912
	1248 10944
	0 10944
4
	3296 10912
	4320 10912
	4320 10944
	3296 10944
4
	6144 10912
	8608 10912
	8608 10944
	6144 10944
4
	11904 10912
	16384 10912
	16384 10944
	11904 10944
4
	0 10944
	1248 10944
	1248 10976
	0 10976
4
	3296 10944
	4320 10944
	4320 10976
	3296 10976
4
	6144 10944
	8608 10944
	8608 10976
	6144 10976
4
	11904 10944
	16384 10944
	16384 10976
	11904 10976
4
	0 10976
	1248 10976
	1248 11008
	0 11008
4
	3296 10976
	4320 10976
	4320 11008
	3296 11008
4
	6144 10976
	8608 10976
	8608 11008
	6144 11008
4
	11904 10976
	16384 10976
	16384 11008
	11904 11008
4
	0 11008
	1248 11008
	1248 11040
	0 11040
4
	3296 11008
	4320 11008
	4320 11040
	3296 11040
4
	6144 11008
	8608 11008
	8608 11040
	6144 11040
4
	11904 11008
	16384 11008
	16384 11040
	11904 11040
4
	0 11040
	1248 11040
	1248 11072
	0 11072
4
	3296 11040
	4320 11040
	4320 11072
	3296 11072
4
	6144 11040
	8608 11040
	8608 11072
	6144 11072
4
	11904 11040
	16384 11040
	16384 11072
	11904 11072
4
	0 11072
	1440 11072
	1440 11104
	0 11104
4
	3072 11072
	4096 11072
	4096 11104
	3072 11104
4
	5952 11072
	8832 11072
	8832 11104
	5952 11104
4
	11680 11072
	16384 11072
	16384 11104
	11680 11104
4
	0 11104
	1440 11104
	1440 11136
	0 11136
4
	3072 11104
	4096 11104
	4096 11136
	3072 11136
4
	5952 11104
	8832 11104
	8832 11136
	5952 11136
4
	11680 11104
	16384 11104
	16384 11136
	11680 11136
4
	0 11136
	1440 11136
	1440 11168
	0 11168
4
	3072 11136
	4096 11136
	4096 11168
	3072 11168
4
	5952 11136
	8832 11136
	8832 11168
	5952 11168
4
	11680 11136
	16384 11136
	16384 11168
	11680 11168
4
	0 11168
	1440 11168
	1440 11200
	0 11200
4
	3072 11168
	4096 11168
	4096 11200
	3072 11200
4
	5952 11168
	8832 11168
	8832 11200
	5952 11200
4
	11680 11168
	16384 11168
	16384 11200
	11680 11200
4
	0 11200
	1440 11200
	1440 11232
	0 11232
4
	3072 11200
	4096 11200
	4096 11232
	3072 11232
4
	5952 11200
	8832 11200
	8832 11232
	5952 11232
4
	11680 11200
	16384 11200
	16384 11232
	11680 11232
4
	0 11232
	1440 11232
	1440 11264
	0 11264
4
	3072 11232
	4096 11232
	4096 11264
	3072 11264
4
	5952 11232
	8832 11232
	8832 11264
	5952 11264
4
	11680 11232
	16384 11232
	16384 11264
	11680 11264
4
	0 11264
	1664 11264
	1664 11296
	0 11296
4
	2880 11264
	3904 11264
	3904 11296
	2880 11296
4
	5952 11264
	6560 11264
	6560 11296
	5952 11296
4
	6976 11264
	7392 11264
	7392 11296
	6976 11296
4
	8000 11264
	9024 11264
	9024 11296
	8000 11296
4
	11488 11264
	16384 11264
	16384 11296
	11488 11296
4
	0 11296
	1664 11296
	1664 11328
	0 11328
4
	2880 11296
	3904 11296
	3904 11328
	2880 11328
4
	5952 11296
	6560 11296
	6560 11328
	5952 11328
4
	6976 11296
	7392 11296
	7392 11328
	6976 11328
4
	8000 11296
	9024 11296
	9024 11328
	8000 11328
4
	11488 11296
	16384 11296
	16384 11328
	11488 11328
4
	0 11328
	1664 11328
	1664 11360
	0 11360
4
	2880 11328
	3904 11328
	3904 11360
	2880 11360
4
	5952 11328
	6560 11328
	6560 11360
	5952 11360
4
	6976 11328
	7392 11328
	7392 11360
	6976 11360
4
	8000 11328
	9024 11328
	9024 11360
	8000 11360
4
	11488 11328
	16384 11328
	16384 11360
	11488 11360
4
	0 11360
	1664 11360
	1664 11392
	0 11392
4
	2880 11360
	3904 11360
	3904 11392
	2880 11392
4
	5952 11360
	6560 11360
	6560 11392
	5952 11392
4
	6976 11360
	7392 11360
	7392 11392
	6976 11392
4
	8000 11360
	9024 11360
	9024 11392
	8000 11392
4
	11488 11360
	16384 11360
	16384 11392
	11488 11392
4
	0 11392
	1664 11392
	1664 11424
	0 11424
4
	2880 11392
	3904 11392
	3904 11424
	2880 11424
4
	5952 11392
	6560 11392
	6560 11424
	5952 11424
4
	6976 11392
	7392 11392
	7392 11424
	6976 11424
4
	8000 11392
	9024 11392
	9024 11424
	8000 11424
4
	11488 11392
	16384 11392
	16384 11424
	11488 11424
4
	0 11424
	1664 11424
	1664 11456
	0 11456
4
	2880 11424
	3904 11424
	3904 11456
	2880 11456
4
	5952 11424
	6560 11424
	6560 11456
	5952 11456
4
	6976 11424
	7392 11424
	7392 11456
	6976 11456
4
	8000 11424
	9024 11424
	9024 11456
	8000 11456
4
	11488 11424
	16384 11424
	16384 11456
	11488 11456
4
	0 11456
	1856 11456
	1856 11488
	0 11488
4
	2688 11456
	3712 11456
	3712 11488
	2688 11488
4
	5952 11456
	6368 11456
	6368 11488
	5952 11488
4
	8192 11456
	9216 11456
	9216 11488
	8192 11488
4
	11264 11456
	16384 11456
	16384 11488
	11264 11488
4
	0 11488
	1856 11488
	1856 11520
	0 11520
4
	2688 11488
	3712 11488
	3712 11520
	2688 11520
4
	5952 11488
	6368 11488
	6368 11520
	5952 11520
4
	8192 11488
	9216 11488
	9216 11520
	8192 11520
4
	11264 11488
	16384 11488
	16384 11520
	11264 11520
4
	0 11520
	1856 11520
	1856 11552
	0 11552
4
	2688 11520
	3712 11520
	3712 11552
	2688 11552
4
	5952 11520
	6368 11520
	6368 11552
	5952 11552
4
	8192 11520
	9216 11520
	9216 11552
	8192 11552
4
	11264 11520
	16384 11520
	16384 11552
	11264 11552
4
	0 11552
	1856 11552
	1856 11584
	0 11584
4
	2688 11552
	3712 11552
	3712 11584
	2688 11584
4
	5952 11552
	6368 11552
	6368 11584
	5952 11584
4
	8192 11552
	9216 11552
	9216 11584
	8192 11584
4
	11264 11552
	16384 11552
	16384 11584
	11264 11584
4
	0 11584
	1856 11584
	1856 11616
	0 11616
4
	2688 11584
	3712 11584
	3712 11616
	2688 11616
4
	5952 11584
	6368 11584
	6368 11616
	5952 11616
4
	8192 11584
	9216 11584
	9216 11616
	8192 11616
4
	11264 11584
	16384 11584
	16384 11616
	11264 11616
4
	0 11616
	1856 11616
	1856 11648
	0 11648
4
	2688 11616
	3712 11616
	3712 11648
	2688 11648
4
	5952 11616
	6368 11616
	6368 11648
	5952 11648
4
	8192 11616
	9216 11616
	9216 11648
	8192 11648
4
	11264 11616
	16384 11616
	16384 11648
	11264 11648
4
	0 11648
	2048 11648
	2048 11680
	0 11680
4
	2464 11648
	3488 11648
	3488 11680
	2464 11680
4
	8192 11648
	9440 11648
	9440 11680
	8192 11680
4
	11072 11648
	16384 11648
	16384 11680
	11072 11680
4
	0 11680
	2048 11680
	2048 11712
	0 11712
4
	2464 11680
	3488 11680
	3488 11712
	2464 11712
4
	8192 11680
	9440 11680
	9440 11712
	8192 11712
4
	11072 11680
	16384 11680
	16384 11712
	11072 11712
4
	0 11712
	2048 11712
	2048 11744
	0 11744
4
	2464 11712
	3488 11712
	3488 11744
	2464 11744
4
	8192 11712
	9440 11712
	9440 11744
	8192 11744
4
	11072 11712
	16384 11712
	16384 11744
	11072 11744
4
	0 11744
	2048 11744
	2048 11776
	0 11776
4
	2464 11744
	3488 11744
	3488 11776
	2464 11776
4
	8192 11744
	9440 11744
	9440 11776
	8192 11776
4
	11072 11744
	16384 11744
	16384 11776
	11072 11776
4
	0 11776
	2048 11776
	2048 11808
	0 11808
4
	2464 11776
	3488 11776
	3488 11808
	2464 11808
4
	8192 11776
	9440 11776
	9440 11808
	8192 11808
4
	11072 11776
	16384 11776
	16384 11808
	11072 11808
4
	0 11808
	2048 11808
	2048 11840
	0 11840
4
	2464 11808
	3488 11808
	3488 11840
	2464 11840
4
	8192 11808
	9440 11808
	9440 11840
	8192 11840
4
	11072 11808
	16384 11808
	16384 11840
	11072 11840
4
	0 11840
	3296 11840
	3296 11872
	0 11872
4
	4928 11840
	5344 11840
	5344 11872
	4928 11872
4
	6784 11840
	6976 11840
	6976 11872
	6784 11872
4
	8192 11840
	9632 11840
	9632 11872
	8192 11872
4
	10880 11840
	16384 11840
	16384 11872
	10880 11872
4
	0 11872
	3296 11872
	3296 11904
	0 11904
4
	4928 11872
	5344 11872
	5344 11904
	4928 11904
4
	6784 11872
	6976 11872
	6976 11904
	6784 11904
4
	8192 11872
	9632 11872
	9632 11904
	8192 11904
4
	10880 11872
	16384 11872
	16384 11904
	10880 11904
4
	0 11904
	3296 11904
	3296 11936
	0 11936
4
	4928 11904
	5344 11904
	5344 11936
	4928 11936
4
	6784 11904
	6976 11904
	6976 11936
	6784 11936
4
	8192 11904
	9632 11904
	9632 11936
	8192 11936
4
	10880 11904
	16384 11904
	16384 11936
	10880 11936
4
	0 11936
	3296 11936
	3296 11968
	0 11968
4
	4928 11936
	5344 11936
	5344 11968
	4928 11968
4
	6784 11936
	6976 11936
	6976 11968
	6784 11968
4
	8192 11936
	9632 11936
	9632 11968
	8192 11968
4
	10880 11936
	16384 11936
	16384 11968
	10880 11968
4
	0 11968
	3296 11968
	3296 12000
	0 12000
4
	4928 11968
	5344 11968
	5344 12000
	4928 12000
4
	6784 11968
	6976 11968
	6976 12000
	6784 12000
4
	8192 11968
	9632 11968
	9632 12000
	8192 12000
4
	10880 11968
	16384 11968
	16384 12000
	10880 12000
4
	0 12000
	3296 12000
	3296 12032
	0 12032
4
	4928 12000
	5344 12000
	5344 12032
	4928 12032
4
	6784 12000
	6976 12000
	6976 12032
	6784 12032
4
	8192 12000
	9632 12000
	9632 12032
	8192 12032
4
	10880 12000
	16384 12000
	16384 12032
	10880 12032
4
	0 12032
	3072 12032
	3072 12064
	0 12064
4
	4736 12032
	5536 12032
	5536 12064
	4736 12064
4
	6368 12032
	7168 12032
	7168 12064
	6368 12064
4
	8416 12032
	9856 12032
	9856 12064
	8416 12064
4
	10656 12032
	16384 12032
	16384 12064
	10656 12064
4
	0 12064
	3072 12064
	3072 12096
	0 12096
4
	4736 12064
	5536 12064
	5536 12096
	4736 12096
4
	6368 12064
	7168 12064
	7168 12096
	6368 12096
4
	8416 12064
	9856 12064
	9856 12096
	8416 12096
4
	10656 12064
	16384 12064
	16384 12096
	10656 12096
4
	0 12096
	3072 12096
	3072 12128
	0 12128
4
	4736 12096
	5536 12096
	5536 12128
	4736 12128
4
	6368 12096
	7168 12096
	7168 12128
	6368 12128
4
	8416 12096
	9856 12096
	9856 12128
	8416 12128
4
	10656 12096
	16384 12096
	16384 12128
	10656 12128
4
	0 12128
	3072 12128
	3072 12160
	0 12160
4
	4736 12128
	5536 12128
	5536 12160
	4736 12160
4
	6368 12128
	7168 12128
	7168 12160
	6368 12160
4
	8416 12128
	9856 12128
	9856 12160
	8416 12160
4
	10656 12128
	16384 12128
	16384 12160
	10656 12160
4
	0 12160
	3072 12160
	3072 12192
	0 12192
4
	4736 12160
	5536 12160
	5536 12192
	4736 12192
4
	6368 12160
	7168 12160
	7168 12192
	6368 12192
4
	8416 12160
	9856 12160
	9856 12192
	8416 12192
4
	10656 12160
	16384 12160
	16384 12192
	10656 12192
4
	0 12192
	3072 12192
	3072 12224
	0 12224
4
	4736 12192
	5536 12192
	5536 12224
	4736 12224
4
	6368 12192
	7168 12192
	7168 12224
	6368 12224
4
	8416 12192
	9856 12192
	9856 12224
	8416 12224
4
	10656 12192
	16384 12192
	16384 12224
	10656 12224
4
	0 12224
	2880 12224
	2880 12256
	0 12256
4
	4512 12224
	5536 12224
	5536 12256
	4512 12256
4
	6144 12224
	7392 12224
	7392 12256
	6144 12256
4
	8608 12224
	8832 12224
	8832 12256
	8608 12256
4
	9024 12224
	10048 12224
	10048 12256
	9024 12256
4
	10464 12224
	16384 12224
	16384 12256
	10464 12256
4
	0 12256
	2880 12256
	2880 12288
	0 12288
4
	4512 12256
	5536 12256
	5536 12288
	4512 12288
4
	6144 12256
	7392 12256
	7392 12288
	6144 12288
4
	8608 12256
	8832 12256
	8832 12288
	8608 12288
4
	9024 12256
	10048 12256
	10048 12288
	9024 12288
4
	10464 12256
	16384 12256
	16384 12288
	10464 12288
4
	0 12288
	2880 12288
	2880 12320
	0 12320
4
	4512 12288
	5536 12288
	5536 12320
	4512 12320
4
	6144 12288
	7392 12288
	7392 12320
	6144 12320
4
	8608 12288
	8832 12288
	8832 12320
	8608 12320
4
	9024 12288
	10048 12288
	10048 12320
	9024 12320
4
	10464 12288
	16384 12288
	16384 12320
	10464 12320
4
	0 12320
	2880 12320
	2880 12352
	0 12352
4
	4512 12320
	5536 12320
	5536 12352
	4512 12352
4
	6144 12320
	7392 12320
	7392 12352
	6144 12352
4
	8608 12320
	8832 12320
	8832 12352
	8608 12352
4
	9024 12320
	10048 12320
	10048 12352
	9024 12352
4
	10464 12320
	16384 12320
	16384 12352
	10464 12352
4
	0 12352
	2880 12352
	2880 12384
	0 12384
4
	4512 12352
	5536 12352
	5536 12384
	4512 12384
4
	6144 12352
	7392 12352
	7392 12384
	6144 12384
4
	8608 12352
	8832 12352
	8832 12384
	8608 12384
4
	9024 12352
	10048 12352
	10048 12384
	9024 12384
4
	10464 12352
	16384 12352
	16384 12384
	10464 12384
4
	0 12384
	3072 12384
	3072 12416
	0 12416
4
	4320 12384
	5344 12384
	5344 12416
	4320 12416
4
	5952 12384
	7584 12384
	7584 12416
	5952 12416
4
	9216 12384
	16384 12384
	16384 12416
	9216 12416
4
	0 12416
	3072 12416
	3072 12448
	0 12448
4
	4320 12416
	5344 12416
	5344 12448
	4320 12448
4
	5952 12416
	7584 12416
	7584 12448
	5952 12448
4
	9216 12416
	16384 12416
	16384 12448
	9216 12448
4
	0 12448
	3072 12448
	3072 12480
	0 12480
4
	4320 12448
	5344 12448
	5344 12480
	4320 12480
4
	5952 12448
	7584 12448
	7584 12480
	5952 12480
4
	9216 12448
	16384 12448
	16384 12480
	9216 12480
4
	0 12480
	3072 12480
	3072 12512
	0 12512
4
	4320 12480
	5344 12480
	5344 12512
	4320 12512
4
	5952 12480
	7584 12480
	7584 12512
	5952 12512
4
	9216 12480
	16384 12480
	16384 12512
	9216 12512
4
	0 12512
	3072 12512
	3072 12544
	0 12544
4
	4320 12512
	5344 12512
	5344 12544
	4320 12544
4
	5952 12512
	7584 12512
	7584 12544
	5952 12544
4
	9216 12512
	16384 12512
	16384 12544
	9216 12544
4
	0 12544
	3072 12544
	3072 12576
	0 12576
4
	4320 12544
	5344 12544
	5344 12576
	4320 12576
4
	5952 12544
	7584 12544
	7584 12576
	5952 12576
4
	9216 12544
	16384 12544
	16384 12576
	9216 12576
4
	0 12576
	3296 12576
	3296 12608
	0 12608
4
	4096 12576
	5120 12576
	5120 12608
	4096 12608
4
	5952 12576
	7584 12576
	7584 12608
	5952 12608
4
	9440 12576
	16384 12576
	16384 12608
	9440 12608
4
	0 12608
	3296 12608
	3296 12640
	0 12640
4
	4096 12608
	5120 12608
	5120 12640
	4096 12640
4
	5952 12608
	7584 12608
	7584 12640
	5952 12640
4
	9440 12608
	16384 12608
	16384 12640
	9440 12640
4
	0 12640
	3296 12640
	3296 12672
	0 12672
4
	4096 12640
	5120 12640
	5120 12672
	4096 12672
4
	5952 12640
	7584 12640
	7584 12672
	5952 12672
4
	9440 12640
	16384 12640
	16384 12672
	9440 12672
4
	0 12672
	3296 12672
	3296 12704
	0 12704
4
	4096 12672
	5120 12672
	5120 12704
	4096 12704
4
	5952 12672
	7584 12672
	7584 12704
	5952 12704
4
	9440 12672
	16384 12672
	16384 12704
	9440 12704
4
	0 12704
	3296 12704
	3296 12736
	0 12736
4
	4096 12704
	5120 12704
	5120 12736
	4096 12736
4
	5952 12704
	7584 12704
	7584 12736
	5952 12736
4
	9440 12704
	16384 12704
	16384 12736
	9440 12736
4
	0 12736
	3296 12736
	3296 12768
	0 12768
4
	4096 12736
	5120 12736
	5120 12768
	4096 12768
4
	5952 12736
	7584 12736
	7584 12768
	5952 12768
4
	9440 12736
	16384 12736
	16384 12768
	9440 12768
4
	0 12768
	3488 12768
	3488 12800
	0 12800
4
	3904 12768
	4928 12768
	4928 12800
	3904 12800
4
	5952 12768
	7392 12768
	7392 12800
	5952 12800
4
	9632 12768
	16384 12768
	16384 12800
	9632 12800
4
	0 12800
	3488 12800
	3488 12832
	0 12832
4
	3904 12800
	4928 12800
	4928 12832
	3904 12832
4
	5952 12800
	7392 12800
	7392 12832
	5952 12832
4
	9632 12800
	16384 12800
	16384 12832
	9632 12832
4
	0 12832
	3488 12832
	3488 12864
	0 12864
4
	3904 12832
	4928 12832
	4928 12864
	3904 12864
4
	5952 12832
	7392 12832
	7392 12864
	5952 12864
4
	9632 12832
	16384 12832
	16384 12864
	9632 12864
4
	0 12864
	3488 12864
	3488 12896
	0 12896
4
	3904 12864
	4928 12864
	4928 12896
	3904 12896
4
	5952 12864
	7392 12864
	7392 12896
	5952 12896
4
	9632 12864
	16384 12864
	16384 12896
	9632 12896
4
	0 12896
	3488 12896
	3488 12928
	0 12928
4
	3904 12896
	4928 12896
	4928 12928
	3904 12928
4
	5952 12896
	7392 12896
	7392 12928
	5952 12928
4
	9632 12896
	16384 12896
	16384 12928
	9632 12928
4
	0 12928
	3488 12928
	3488 12960
	0 12960
4
	3904 12928
	4928 12928
	4928 12960
	3904 12960
4
	5952 12928
	7392 12928
	7392 12960
	5952 12960
4
	9632 12928
	16384 12928
	16384 12960
	9632 12960
4
	0 12960
	4736 12960
	4736 12992
	0 12992
4
	5760 12960
	7392 12960
	7392 12992
	5760 12992
4
	9632 12960
	16384 12960
	16384 12992
	9632 12992
4
	0 12992
	4736 12992
	4736 13024
	0 13024
4
	5760 12992
	7392 12992
	7392 13024
	5760 13024
4
	9632 12992
	16384 12992
	16384 13024
	9632 13024
4
	0 13024
	4736 13024
	4736 13056
	0 13056
4
	5760 13024
	7392 13024
	7392 13056
	5760 13056
4
	9632 13024
	16384 13024
	16384 13056
	9632 13056
4
	0 13056
	4736 13056
	4736 13088
	0 13088
4
	5760 13056
	7392 13056
	7392 13088
	5760 13088
4
	9632 13056
	16384 13056
	16384 13088
	9632 13088
4
	0 13088
	4736 13088
	4736 13120
	0 13120
4
	5760 13088
	7392 13088
	7392 13120
	5760 13120
4
	9632 13088
	16384 13088
	16384 13120
	9632 13120
4
	0 13120
	4736 13120
	4736 13152
	0 13152
4
	5760 13120
	7392 13120
	7392 13152
	5760 13152
4
	9632 13120
	16384 13120
	16384 13152
	9632 13152
4
	0 13152
	4512 13152
	4512 13184
	0 13184
4
	5760 13152
	7168 13152
	7168 13184
	5760 13184
4
	9440 13152
	16384 13152
	16384 13184
	9440 13184
4
	0 13184
	4512 13184
	4512 13216
	0 13216
4
	5760 13184
	7168 13184
	7168 13216
	5760 13216
4
	9440 13184
	16384 13184
	16384 13216
	9440 13216
4
	0 13216
	4512 13216
	4512 13248
	0 13248
4
	5760 13216
	7168 13216
	7168 13248
	5760 13248
4
	9440 13216
	16384 13216
	16384 13248
	9440 13248
4
	0 13248
	4512 13248
	4512 13280
	0 13280
4
	5760 13248
	7168 13248
	7168 13280
	5760 13280
4
	9440 13248
	16384 13248
	16384 13280
	9440 13280
4
	0 13280
	4512 13280
	4512 13312
	0 13312
4
	5760 13280
	7168 13280
	7168 13312
	5760 13312
4
	9440 13280
	16384 13280
	16384 13312
	9440 13312
4
	0 13312
	4512 13312
	4512 13344
	0 13344
4
	5760 13312
	7168 13312
	7168 13344
	5760 13344
4
	9440 13312
	16384 13312
	16384 13344
	9440 13344
4
	0 13344
	4320 13344
	4320 13376
	0 13376
4
	5760 13344
	6976 13344
	6976 13376
	5760 13376
4
	9216 13344
	16384 13344
	16384 13376
	9216 13376
4
	0 13376
	4320 13376
	4320 13408
	0 13408
4
	5760 13376
	6976 13376
	6976 13408
	5760 13408
4
	9216 13376
	16384 13376
	16384 13408
	9216 13408
4
	0 13408
	4320 13408
	4320 13440
	0 13440
4
	5760 13408
	6976 13408
	6976 13440
	5760 13440
4
	9216 13408
	16384 13408
	16384 13440
	9216 13440
4
	0 13440
	4320 13440
	4320 13472
	0 13472
4
	5760 13440
	6976 13440
	6976 13472
	5760 13472
4
	9216 13440
	16384 13440
	16384 13472
	9216 13472
4
	0 13472
	4320 13472
	4320 13504
	0 13504
4
	5760 13472
	6976 13472
	6976 13504
	5760 13504
4
	9216 13472
	16384 13472
	16384 13504
	9216 13504
4
	0 13504
	4320 13504
	4320 13536
	0 13536
4
	5760 13504
	6976 13504
	6976 13536
	5760 13536
4
	9216 13504
	16384 13504
	16384 13536
	9216 13536
4
	0 13536
	4320 13536
	4320 13568
	0 13568
4
	5760 13536
	6560 13536
	6560 13568
	5760 13568
4
	9024 13536
	16384 13536
	16384 13568
	9024 13568
4
	0 13568
	4320 13568
	4320 13600
	0 13600
4
	5760 13568
	6560 13568
	6560 13600
	5760 13600
4
	9024 13568
	16384 13568
	16384 13600
	9024 13600
4
	0 13600
	4320 13600
	4320 13632
	0 13632
4
	5760 13600
	6560 13600
	6560 13632
	5760 13632
4
	9024 13600
	16384 13600
	16384 13632
	9024 13632
4
	0 13632
	4320 13632
	4320 13664
	0 13664
4
	5760 13632
	6560 13632
	6560 13664
	5760 13664
4
	9024 13632
	16384 13632
	16384 13664
	9024 13664
4
	0 13664
	4320 13664
	4320 13696
	0 13696
4
	5760 13664
	6560 13664
	6560 13696
	5760 13696
4
	9024 13664
	16384 13664
	16384 13696
	9024 13696
4
	0 13696
	4320 13696
	4320 13728
	0 13728
4
	5760 13696
	6560 13696
	6560 13728
	5760 13728
4
	9024 13696
	16384 13696
	16384 13728
	9024 13728
4
	0 13728
	4512 13728
	4512 13760
	0 13760
4
	8832 13728
	16384 13728
	16384 13760
	8832 13760
4
	0 13760
	4512 13760
	4512 13792
	0 13792
4
	8832 13760
	16384 13760
	16384 13792
	8832 13792
4
	0 13792
	4512 13792
	4512 13824
	0 13824
4
	8832 13792
	16384 13792
	16384 13824
	8832 13824
4
	0 13824
	4512 13824
	4512 13856
	0 13856
4
	8832 13824
	16384 13824
	16384 13856
	8832 13856
4
	0 13856
	4512 13856
	4512 13888
	0 13888
4
	8832 13856
	16384 13856
	16384 13888
	8832 13888
4
	0 13888
	4512 13888
	4512 13920
	0 13920
4
	8832 13888
	16384 13888
	16384 13920
	8832 13920
4
	0 13920
	4736 13920
	4736 13952
	0 13952
4
	8608 13920
	16384 13920
	16384 13952
	8608 13952
4
	0 13952
	4736 13952
	4736 13984
	0 13984
4
	8608 13952
	16384 13952
	16384 13984
	8608 13984
4
	0 13984
	4736 13984
	4736 14016
	0 14016
4
	8608 13984
	16384 13984
	16384 14016
	8608 14016
4
	0 14016
	4736 14016
	4736 14048
	0 14048
4
	8608 14016
	16384 14016
	16384 14048
	8608 14048
4
	0 14048
	4736 14048
	4736 14080
	0 14080
4
	8608 14048
	16384 14048
	16384 14080
	8608 14080
4
	0 14080
	4736 14080
	4736 14112
	0 14112
4
	8608 14080
	16384 14080
	16384 14112
	8608 14112
4
	0 14112
	4928 14112
	4928 14144
	0 14144
4
	8416 14112
	16384 14112
	16384 14144
	8416 14144
4
	0 14144
	4928 14144
	4928 14176
	0 14176
4
	8416 14144
	16384 14144
	16384 14176
	8416 14176
4
	0 14176
	4928 14176
	4928 14208
	0 14208
4
	8416 14176
	16384 14176
	16384 14208
	8416 14208
4
	0 14208
	4928 14208
	4928 14240
	0 14240
4
	8416 14208
	16384 14208
	16384 14240
	8416 14240
4
	0 14240
	4928 14240
	4928 14272
	0 14272
4
	8416 14240
	16384 14240
	16384 14272
	8416 14272
4
	0 14272
	4928 14272
	4928 14304
	0 14304
4
	8416 14272
	16384 14272
	16384 14304
	8416 14304
4
	0 14304
	5120 14304
	5120 14336
	0 14336
4
	8192 14304
	16384 14304
	16384 14336
	8192 14336
4
	0 14336
	5120 14336
	5120 14368
	0 14368
4
	8192 14336
	16384 14336
	16384 14368
	8192 14368
4
	0 14368
	5120 14368
	5120 14400
	0 14400
4
	8192 14368
	16384 14368
	16384 14400
	8192 14400
4
	0 14400
	5120 14400
	5120 14432
	0 14432
4
	8192 14400
	16384 14400
	16384 14432
	8192 14432
4
	0 14432
	5120 14432
	5120 14464
	0 14464
4
	8192 14432
	16384 14432
	16384 14464
	8192 14464
4
	0 14464
	5120 14464
	5120 14496
	0 14496
4
	8192 14464
	16384 14464
	16384 14496
	8192 14496
4
	0 14496
	5344 14496
	5344 14528
	0 14528
4
	8000 14496
	16384 14496
	16384 14528
	8000 14528
4
	0 14528
	5344 14528
	5344 14560
	0 14560
4
	8000 14528
	16384 14528
	16384 14560
	8000 14560
4
	0 14560
	5344 14560
	5344 14592
	0 14592
4
	8000 14560
	16384 14560
	16384 14592
	8000 14592
4
	0 14592
	5344 14592
	5344 14624
	0 14624
4
	8000 14592
	16384 14592
	16384 14624
	8000 14624
4
	0 14624
	5344 14624
	5344 14656
	0 14656
4
	8000 14624
	16384 14624
	16384 14656
	8000 14656
4
	0 14656
	5344 14656
	5344 14688
	0 14688
4
	8000 14656
	16384 14656
	16384 14688
	8000 14688
4
	0 14688
	5536 14688
	5536 14720
	0 14720
4
	7808 14688
	16384 14688
	16384 14720
	7808 14720
4
	0 14720
	5536 14720
	5536 14752
	0 14752
4
	7808 14720
	16384 14720
	16384 14752
	7808 14752
4
	0 14752
	5536 14752
	5536 14784
	0 14784
4
	7808 14752
	16384 14752
	16384 14784
	7808 14784
4
	0 14784
	5536 14784
	5536 14816
	0 14816
4
	7808 14784
	16384 14784
	16384 14816
	7808 14816
4
	0 14816
	5536 14816
	5536 14848
	0 14848
4
	7808 14816
	16384 14816
	16384 14848
	7808 14848
4
	0 14848
	5536 14848
	5536 14880
	0 14880
4
	7808 14848
	16384 14848
	16384 14880
	7808 14880
4
	0 14880
	5760 14880
	5760 14912
	0 14912
4
	7584 14880
	16384 14880
	16384 14912
	7584 14912
4
	0 14912
	5760 14912
	5760 14944
	0 14944
4
	7584 14912
	16384 14912
	16384 14944
	7584 14944
4
	0 14944
	5760 14944
	5760 14976
	0 14976
4
	7584 14944
	16384 14944
	16384 14976
	7584 14976
4
	0 14976
	5760 14976
	5760 15008
	0 15008
4
	7584 14976
	16384 14976
	16384 15008
	7584 15008
4
	0 15008
	5760 15008
	5760 15040
	0 15040
4
	7584 15008
	16384 15008
	16384 15040
	7584 15040
4
	0 15040
	5760 15040
	5760 15072
	0 15072
4
	7584 15040
	16384 15040
	16384 15072
	7584 15072
4
	0 15072
	5952 15072
	5952 15104
	0 15104
4
	7168 15072
	16384 15072
	16384 15104
	7168 15104
4
	0 15104
	5952 15104
	5952 15136
	0 15136
4
	7168 15104
	16384 15104
	16384 15136
	7168 15136
4
	0 15136
	5952 15136
	5952 15168
	0 15168
4
	7168 15136
	16384 15136
	16384 15168
	7168 15168
4
	0 15168
	5952 15168
	5952 15200
	0 15200
4
	7168 15168
	16384 15168
	16384 15200
	7168 15200
4
	0 15200
	5952 15200
	5952 15232
	0 15232
4
	7168 15200
	16384 15200
	16384 15232
	7168 15232
4
	0 15232
	5952 15232
	5952 15264
	0 15264
4
	7168 15232
	16384 15232
	16384 15264
	7168 15264
4
	0 15264
	6144 15264
	6144 15296
	0 15296
4
	6784 15264
	16384 15264
	16384 15296
	6784 15296
4
	0 15296
	6144 15296
	6144 15328
	0 15328
4
	6784 15296
	16384 15296
	16384 15328
	6784 15328
4
	0 15328
	6144 15328
	6144 15360
	0 15360
4
	6784 15328
	16384 15328
	16384 15360
	6784 15360
4
	0 15360
	6144 15360
	6144 15392
	0 15392
4
	6784 15360
	16384 15360
	16384 15392
	6784 15392
4
	0 15392
	6144 15392
	6144 15424
	0 15424
4
	6784 15392
	16384 15392
	16384 15424
	6784 15424
4
	0 15424
	6144 15424
	6144 15456
	0 15456
4
	6784 15424
	16384 15424
	16384 15456
	6784 15456
4
	0 15456
	16384 15456
	16384 15488
	0 15488
4
	0 15488
	16384 15488
	16384 15520
	0 15520
4
	0 15520
	16384 15520
	16384 15552
	0 15552
4
	0 15552
	16384 15552
	16384 15584
	0 15584
4
	0 15584
	16384 15584
	16384 15616
	0 15616
4
	0 15616
	16384 15616
	16384 15648
	0 15648
4
	0 15648
	16384 15648
	16384 15680
	0 15680
4
	0 15680
	16384 15680
	16384 15712
	0 15712
4
	0 15712
	16384 15712
	16384 15744
	0 15744
4
	0 15744
	16384 15744
	16384 15776
	0 15776
4
	0 15776
	16384 15776
	16384 15808
	0 15808
4
	0 15808
	16384 15808
	16384 15840
	0 15840
4
	0 15840
	16384 15840
	16384 15872
	0 15872
4
	0 15872
	16384 15872
	16384 15904
	0 15904
4
	0 15904
	16384 15904
	16384 15936
	0 15936
4
	0 15936
	16384 15936
	16384 15968
	0 15968
4
	0 15968
	16384 15968
	16384 16000
	0 16000
4
	0 16000
	16384 16000
	16384 16032
	0 16032
4
	0 16032
	16384 16032
	16384 16064
	0 16064
4
	0 16064
	16384 16064
	16384 16096
	0 16096
4
	0 16096
	16384 16096
	16384 16128
	0 16128
4
	0 16128
	16384 16128
	16384 16160
	0 16160
4
	0 16160
	16384 16160
	16384 16192
	0 16192
4
	0 16192
	16384 16192
	16384 16224
	0 16224
4
	0 16224
	16384 16224
	16384 16256
	0 16256
4
	0 16256
	16384 16256
	16384 16288
	0 16288
4
	0 16288
	16384 16288
	16384 16320
	0 16320
4
	0 16320
	16384 16320
	16384 16352
	0 16352
4
	0 16352
	16384 16352
	16384 16384
	0 16384
4
	-32 -32
	16416 -32
	16416 0
	-32 0
4
	-32 16384
	16416 16384
	16416 16416
	-32 16416
4
	-32 0
	0 0
	0 16384
	-32 16384
4
	16384 0
	16416 0
	16416 16384
	16384 16384
