1884
4
	0 0
	16384 0
	16384 32
	0 32
4
	0 32
	16384 32
	16384 64
	0 64
4
	0 64
	16384 64
	16384 96
	0 96
4
	0 96
	16384 96
	16384 128
	0 128
4
	0 128
	16384 128
	16384 160
	0 160
4
	0 160
	16384 160
	16384 192
	0 192
4
	0 192
	16384 192
	16384 224
	0 224
4
	0 224
	16384 224
	16384 256
	0 256
4
	0 256
	16384 256
	16384 288
	0 288
4
	0 288
	16384 288
	16384 320
	0 320
4
	0 320
	16384 320
	16384 352
	0 352
4
	0 352
	16384 352
	16384 384
	0 384
4
	0 384
	16384 384
	16384 416
	0 416
4
	0 416
	16384 416
	16384 448
	0 448
4
	0 448
	16384 448
	16384 480
	0 480
4
	0 480
	16384 480
	16384 512
	0 512
4
	0 512
	16384 512
	16384 544
	0 544
4
	0 544
	16384 544
	16384 576
	0 576
4
	0 576
	16384 576
	16384 608
	0 608
4
	0 608
	16384 608
	16384 640
	0 640
4
	0 640
	16384 640
	16384 672
	0 672
4
	0 672
	16384 672
	16384 704
	0 704
4
	0 704
	16384 704
	16384 736
	0 736
4
	0 736
	16384 736
	16384 768
	0 768
4
	0 768
	16384 768
	16384 800
	0 800
4
	0 800
	16384 800
	16384 832
	0 832
4
	0 832
	16384 832
	16384 864
	0 864
4
	0 864
	16384 864
	16384 896
	0 896
4
	0 896
	16384 896
	16384 928
	0 928
4
	0 928
	16384 928
	16384 960
	0 960
4
	0 960
	16384 960
	16384 992
	0 992
4
	0 992
	16384 992
	16384 1024
	0 1024
4
	0 1024
	16384 1024
	16384 1056
	0 1056
4
	0 1056
	16384 1056
	16384 1088
	0 1088
4
	0 1088
	16384 1088
	16384 1120
	0 1120
4
	0 1120
	16384 1120
	16384 1152
	0 1152
4
	0 1152
	16384 1152
	16384 1184
	0 1184
4
	0 1184
	16384 1184
	16384 1216
	0 1216
4
	0 1216
	16384 1216
	16384 1248
	0 1248
4
	0 1248
	16384 1248
	16384 1280
	0 1280
4
	0 1280
	16384 1280
	16384 1312
	0 1312
4
	0 1312
	16384 1312
	16384 1344
	0 1344
4
	0 1344
	16384 1344
	16384 1376
	0 1376
4
	0 1376
	16384 1376
	16384 1408
	0 1408
4
	0 1408
	16384 1408
	16384 1440
	0 1440
4
	0 1440
	16384 1440
	16384 1472
	0 1472
4
	0 1472
	16384 1472
	16384 1504
	0 1504
4
	0 1504
	16384 1504
	16384 1536
	0 1536
4
	0 1536
	16384 1536
	16384 1568
	0 1568
4
	0 1568
	16384 1568
	16384 1600
	0 1600
4
	0 1600
	16384 1600
	16384 1632
	0 1632
4
	0 1632
	16384 1632
	16384 1664
	0 1664
4
	0 1664
	16384 1664
	16384 1696
	0 1696
4
	0 1696
	16384 1696
	16384 1728
	0 1728
4
	0 1728
	16384 1728
	16384 1760
	0 1760
4
	0 1760
	16384 1760
	16384 1792
	0 1792
4
	0 1792
	16384 1792
	16384 1824
	0 1824
4
	0 1824
	16384 1824
	16384 1856
	0 1856
4
	0 1856
	16384 1856
	16384 1888
	0 1888
4
	0 1888
	16384 1888
	16384 1920
	0 1920
4
	0 1920
	16384 1920
	16384 1952
	0 1952
4
	0 1952
	16384 1952
	16384 1984
	0 1984
4
	0 1984
	16384 1984
	16384 2016
	0 2016
4
	0 2016
	16384 2016
	16384 2048
	0 2048
4
	0 2048
	16384 2048
	16384 2080
	0 2080
4
	0 2080
	16384 2080
	16384 2112
	0 2112
4
	0 2112
	16384 2112
	16384 2144
	0 2144
4
	0 2144
	16384 2144
	16384 2176
	0 2176
4
	0 2176
	16384 2176
	16384 2208
	0 2208
4
	0 2208
	16384 2208
	16384 2240
	0 2240
4
	0 2240
	16384 2240
	16384 2272
	0 2272
4
	0 2272
	16384 2272
	16384 2304
	0 2304
4
	0 2304
	16384 2304
	16384 2336
	0 2336
4
	0 2336
	16384 2336
	16384 2368
	0 2368
4
	0 2368
	16384 2368
	16384 2400
	0 2400
4
	0 2400
	16384 2400
	16384 2432
	0 2432
4
	0 2432
	16384 2432
	16384 2464
	0 2464
4
	0 2464
	16384 2464
	16384 2496
	0 2496
4
	0 2496
	16384 2496
	16384 2528
	0 2528
4
	0 2528
	16384 2528
	16384 2560
	0 2560
4
	0 2560
	16384 2560
	16384 2592
	0 2592
4
	0 2592
	16384 2592
	16384 2624
	0 2624
4
	0 2624
	16384 2624
	16384 2656
	0 2656
4
	0 2656
	16384 2656
	16384 2688
	0 2688
4
	0 2688
	16384 2688
	16384 2720
	0 2720
4
	0 2720
	16384 2720
	16384 2752
	0 2752
4
	0 2752
	16384 2752
	16384 2784
	0 2784
4
	0 2784
	16384 2784
	16384 2816
	0 2816
4
	0 2816
	16384 2816
	16384 2848
	0 2848
4
	0 2848
	16384 2848
	16384 2880
	0 2880
4
	0 2880
	16384 2880
	16384 2912
	0 2912
4
	0 2912
	16384 2912
	16384 2944
	0 2944
4
	0 2944
	16384 2944
	16384 2976
	0 2976
4
	0 2976
	16384 2976
	16384 3008
	0 3008
4
	0 3008
	16384 3008
	16384 3040
	0 3040
4
	0 3040
	16384 3040
	16384 3072
	0 3072
4
	0 3072
	16384 3072
	16384 3104
	0 3104
4
	0 3104
	16384 3104
	16384 3136
	0 3136
4
	0 3136
	16384 3136
	16384 3168
	0 3168
4
	0 3168
	16384 3168
	16384 3200
	0 3200
4
	0 3200
	16384 3200
	16384 3232
	0 3232
4
	0 3232
	16384 3232
	16384 3264
	0 3264
4
	0 3264
	16384 3264
	16384 3296
	0 3296
4
	0 3296
	16384 3296
	16384 3328
	0 3328
4
	0 3328
	16384 3328
	16384 3360
	0 3360
4
	0 3360
	16384 3360
	16384 3392
	0 3392
4
	0 3392
	16384 3392
	16384 3424
	0 3424
4
	0 3424
	16384 3424
	16384 3456
	0 3456
4
	0 3456
	16384 3456
	16384 3488
	0 3488
4
	0 3488
	16384 3488
	16384 3520
	0 3520
4
	0 3520
	16384 3520
	16384 3552
	0 3552
4
	0 3552
	16384 3552
	16384 3584
	0 3584
4
	0 3584
	16384 3584
	16384 3616
	0 3616
4
	0 3616
	16384 3616
	16384 3648
	0 3648
4
	0 3648
	16384 3648
	16384 3680
	0 3680
4
	0 3680
	16384 3680
	16384 3712
	0 3712
4
	0 3712
	16384 3712
	16384 3744
	0 3744
4
	0 3744
	16384 3744
	16384 3776
	0 3776
4
	0 3776
	16384 3776
	16384 3808
	0 3808
4
	0 3808
	16384 3808
	16384 3840
	0 3840
4
	0 3840
	16384 3840
	16384 3872
	0 3872
4
	0 3872
	16384 3872
	16384 3904
	0 3904
4
	0 3904
	16384 3904
	16384 3936
	0 3936
4
	0 3936
	16384 3936
	16384 3968
	0 3968
4
	0 3968
	5856 3968
	5856 4000
	0 4000
4
	6016 3968
	16384 3968
	16384 4000
	6016 4000
4
	0 4000
	5856 4000
	5856 4032
	0 4032
4
	6016 4000
	16384 4000
	16384 4032
	6016 4032
4
	0 4032
	5856 4032
	5856 4064
	0 4064
4
	6016 4032
	16384 4032
	16384 4064
	6016 4064
4
	0 4064
	5856 4064
	5856 4096
	0 4096
4
	6016 4064
	16384 4064
	16384 4096
	6016 4096
4
	0 4096
	5856 4096
	5856 4128
	0 4128
4
	6016 4096
	16384 4096
	16384 4128
	6016 4128
4
	0 4128
	5856 4128
	5856 4160
	0 4160
4
	6016 4128
	16384 4128
	16384 4160
	6016 4160
4
	0 4160
	5216 4160
	5216 4192
	0 4192
4
	5536 4160
	5696 4160
	5696 4192
	5536 4192
4
	6144 4160
	16384 4160
	16384 4192
	6144 4192
4
	0 4192
	5216 4192
	5216 4224
	0 4224
4
	5536 4192
	5696 4192
	5696 4224
	5536 4224
4
	6144 4192
	16384 4192
	16384 4224
	6144 4224
4
	0 4224
	5216 4224
	5216 4256
	0 4256
4
	5536 4224
	5696 4224
	5696 4256
	5536 4256
4
	6144 4224
	16384 4224
	16384 4256
	6144 4256
4
	0 4256
	5216 4256
	5216 4288
	0 4288
4
	5536 4256
	5696 4256
	5696 4288
	5536 4288
4
	6144 4256
	16384 4256
	16384 4288
	6144 4288
4
	0 4288
	5216 4288
	5216 4320
	0 4320
4
	5536 4288
	5696 4288
	5696 4320
	5536 4320
4
	6144 4288
	16384 4288
	16384 4320
	6144 4320
4
	0 4320
	5216 4320
	5216 4352
	0 4352
4
	5536 4320
	5696 4320
	5696 4352
	5536 4352
4
	6144 4320
	16384 4320
	16384 4352
	6144 4352
4
	0 4352
	5056 4352
	5056 4384
	0 4384
4
	6304 4352
	16384 4352
	16384 4384
	6304 4384
4
	0 4384
	5056 4384
	5056 4416
	0 4416
4
	6304 4384
	16384 4384
	16384 4416
	6304 4416
4
	0 4416
	5056 4416
	5056 4448
	0 4448
4
	6304 4416
	16384 4416
	16384 4448
	6304 4448
4
	0 4448
	5056 4448
	5056 4480
	0 4480
4
	6304 4448
	16384 4448
	16384 4480
	6304 4480
4
	0 4480
	5056 4480
	5056 4512
	0 4512
4
	6304 4480
	16384 4480
	16384 4512
	6304 4512
4
	0 4512
	4896 4512
	4896 4544
	0 4544
4
	6464 4512
	16384 4512
	16384 4544
	6464 4544
4
	0 4544
	4896 4544
	4896 4576
	0 4576
4
	6464 4544
	16384 4544
	16384 4576
	6464 4576
4
	0 4576
	4896 4576
	4896 4608
	0 4608
4
	6464 4576
	16384 4576
	16384 4608
	6464 4608
4
	0 4608
	4896 4608
	4896 4640
	0 4640
4
	6464 4608
	16384 4608
	16384 4640
	6464 4640
4
	0 4640
	4896 4640
	4896 4672
	0 4672
4
	6464 4640
	16384 4640
	16384 4672
	6464 4672
4
	0 4672
	4896 4672
	4896 4704
	0 4704
4
	6464 4672
	16384 4672
	16384 4704
	6464 4704
4
	0 4704
	1920 4704
	1920 4736
	0 4736
4
	2048 4704
	4736 4704
	4736 4736
	2048 4736
4
	6624 4704
	13408 4704
	13408 4736
	6624 4736
4
	13888 4704
	16384 4704
	16384 4736
	13888 4736
4
	0 4736
	1920 4736
	1920 4768
	0 4768
4
	2048 4736
	4736 4736
	4736 4768
	2048 4768
4
	6624 4736
	13408 4736
	13408 4768
	6624 4768
4
	13888 4736
	16384 4736
	16384 4768
	13888 4768
4
	0 4768
	1920 4768
	1920 4800
	0 4800
4
	2048 4768
	4736 4768
	4736 4800
	2048 4800
4
	6624 4768
	13408 4768
	13408 4800
	6624 4800
4
	13888 4768
	16384 4768
	16384 4800
	13888 4800
4
	0 4800
	1920 4800
	1920 4832
	0 4832
4
	2048 4800
	4736 4800
	4736 4832
	2048 4832
4
	6624 4800
	13408 4800
	13408 4832
	6624 4832
4
	13888 4800
	16384 4800
	16384 4832
	13888 4832
4
	0 4832
	1920 4832
	1920 4864
	0 4864
4
	2048 4832
	4736 4832
	4736 4864
	2048 4864
4
	6624 4832
	13408 4832
	13408 4864
	6624 4864
4
	13888 4832
	16384 4832
	16384 4864
	13888 4864
4
	0 4864
	1760 4864
	1760 4896
	0 4896
4
	2048 4864
	4896 4864
	4896 4896
	2048 4896
4
	6784 4864
	6944 4864
	6944 4896
	6784 4896
4
	7104 4864
	12768 4864
	12768 4896
	7104 4896
4
	13088 4864
	13408 4864
	13408 4896
	13088 4896
4
	13888 4864
	16384 4864
	16384 4896
	13888 4896
4
	0 4896
	1760 4896
	1760 4928
	0 4928
4
	2048 4896
	4896 4896
	4896 4928
	2048 4928
4
	6784 4896
	6944 4896
	6944 4928
	6784 4928
4
	7104 4896
	12768 4896
	12768 4928
	7104 4928
4
	13088 4896
	13408 4896
	13408 4928
	13088 4928
4
	13888 4896
	16384 4896
	16384 4928
	13888 4928
4
	0 4928
	1760 4928
	1760 4960
	0 4960
4
	2048 4928
	4896 4928
	4896 4960
	2048 4960
4
	6784 4928
	6944 4928
	6944 4960
	6784 4960
4
	7104 4928
	12768 4928
	12768 4960
	7104 4960
4
	13088 4928
	13408 4928
	13408 4960
	13088 4960
4
	13888 4928
	16384 4928
	16384 4960
	13888 4960
4
	0 4960
	1760 4960
	1760 4992
	0 4992
4
	2048 4960
	4896 4960
	4896 4992
	2048 4992
4
	6784 4960
	6944 4960
	6944 4992
	6784 4992
4
	7104 4960
	12768 4960
	12768 4992
	7104 4992
4
	13088 4960
	13408 4960
	13408 4992
	13088 4992
4
	13888 4960
	16384 4960
	16384 4992
	13888 4992
4
	0 4992
	1760 4992
	1760 5024
	0 5024
4
	2048 4992
	4896 4992
	4896 5024
	2048 5024
4
	6784 4992
	6944 4992
	6944 5024
	6784 5024
4
	7104 4992
	12768 4992
	12768 5024
	7104 5024
4
	13088 4992
	13408 4992
	13408 5024
	13088 5024
4
	13888 4992
	16384 4992
	16384 5024
	13888 5024
4
	0 5024
	1760 5024
	1760 5056
	0 5056
4
	2048 5024
	4896 5024
	4896 5056
	2048 5056
4
	6784 5024
	6944 5024
	6944 5056
	6784 5056
4
	7104 5024
	12768 5024
	12768 5056
	7104 5056
4
	13088 5024
	13408 5024
	13408 5056
	13088 5056
4
	13888 5024
	16384 5024
	16384 5056
	13888 5056
4
	0 5056
	1600 5056
	1600 5088
	0 5088
4
	2208 5056
	4416 5056
	4416 5088
	2208 5088
4
	4576 5056
	5056 5056
	5056 5088
	4576 5088
4
	7104 5056
	12608 5056
	12608 5088
	7104 5088
4
	13248 5056
	13408 5056
	13408 5088
	13248 5088
4
	13728 5056
	16384 5056
	16384 5088
	13728 5088
4
	0 5088
	1600 5088
	1600 5120
	0 5120
4
	2208 5088
	4416 5088
	4416 5120
	2208 5120
4
	4576 5088
	5056 5088
	5056 5120
	4576 5120
4
	7104 5088
	12608 5088
	12608 5120
	7104 5120
4
	13248 5088
	13408 5088
	13408 5120
	13248 5120
4
	13728 5088
	16384 5088
	16384 5120
	13728 5120
4
	0 5120
	1600 5120
	1600 5152
	0 5152
4
	2208 5120
	4416 5120
	4416 5152
	2208 5152
4
	4576 5120
	5056 5120
	5056 5152
	4576 5152
4
	7104 5120
	12608 5120
	12608 5152
	7104 5152
4
	13248 5120
	13408 5120
	13408 5152
	13248 5152
4
	13728 5120
	16384 5120
	16384 5152
	13728 5152
4
	0 5152
	1600 5152
	1600 5184
	0 5184
4
	2208 5152
	4416 5152
	4416 5184
	2208 5184
4
	4576 5152
	5056 5152
	5056 5184
	4576 5184
4
	7104 5152
	12608 5152
	12608 5184
	7104 5184
4
	13248 5152
	13408 5152
	13408 5184
	13248 5184
4
	13728 5152
	16384 5152
	16384 5184
	13728 5184
4
	0 5184
	1600 5184
	1600 5216
	0 5216
4
	2208 5184
	4416 5184
	4416 5216
	2208 5216
4
	4576 5184
	5056 5184
	5056 5216
	4576 5216
4
	7104 5184
	12608 5184
	12608 5216
	7104 5216
4
	13248 5184
	13408 5184
	13408 5216
	13248 5216
4
	13728 5184
	16384 5184
	16384 5216
	13728 5216
4
	0 5216
	1600 5216
	1600 5248
	0 5248
4
	2208 5216
	4416 5216
	4416 5248
	2208 5248
4
	4576 5216
	5056 5216
	5056 5248
	4576 5248
4
	7104 5216
	12608 5216
	12608 5248
	7104 5248
4
	13248 5216
	13408 5216
	13408 5248
	13248 5248
4
	13728 5216
	16384 5216
	16384 5248
	13728 5248
4
	0 5248
	1440 5248
	1440 5280
	0 5280
4
	2368 5248
	4256 5248
	4256 5280
	2368 5280
4
	4896 5248
	5216 5248
	5216 5280
	4896 5280
4
	7104 5248
	12288 5248
	12288 5280
	7104 5280
4
	13728 5248
	16384 5248
	16384 5280
	13728 5280
4
	0 5280
	1440 5280
	1440 5312
	0 5312
4
	2368 5280
	4256 5280
	4256 5312
	2368 5312
4
	4896 5280
	5216 5280
	5216 5312
	4896 5312
4
	7104 5280
	12288 5280
	12288 5312
	7104 5312
4
	13728 5280
	16384 5280
	16384 5312
	13728 5312
4
	0 5312
	1440 5312
	1440 5344
	0 5344
4
	2368 5312
	4256 5312
	4256 5344
	2368 5344
4
	4896 5312
	5216 5312
	5216 5344
	4896 5344
4
	7104 5312
	12288 5312
	12288 5344
	7104 5344
4
	13728 5312
	16384 5312
	16384 5344
	13728 5344
4
	0 5344
	1440 5344
	1440 5376
	0 5376
4
	2368 5344
	4256 5344
	4256 5376
	2368 5376
4
	4896 5344
	5216 5344
	5216 5376
	4896 5376
4
	7104 5344
	12288 5344
	12288 5376
	7104 5376
4
	13728 5344
	16384 5344
	16384 5376
	13728 5376
4
	0 5376
	1440 5376
	1440 5408
	0 5408
4
	2368 5376
	4256 5376
	4256 5408
	2368 5408
4
	4896 5376
	5216 5376
	5216 5408
	4896 5408
4
	7104 5376
	12288 5376
	12288 5408
	7104 5408
4
	13728 5376
	16384 5376
	16384 5408
	13728 5408
4
	0 5408
	1600 5408
	1600 5440
	0 5440
4
	2368 5408
	3968 5408
	3968 5440
	2368 5440
4
	5056 5408
	5376 5408
	5376 5440
	5056 5440
4
	7264 5408
	12160 5408
	12160 5440
	7264 5440
4
	13728 5408
	16384 5408
	16384 5440
	13728 5440
4
	0 5440
	1600 5440
	1600 5472
	0 5472
4
	2368 5440
	3968 5440
	3968 5472
	2368 5472
4
	5056 5440
	5376 5440
	5376 5472
	5056 5472
4
	7264 5440
	12160 5440
	12160 5472
	7264 5472
4
	13728 5440
	16384 5440
	16384 5472
	13728 5472
4
	0 5472
	1600 5472
	1600 5504
	0 5504
4
	2368 5472
	3968 5472
	3968 5504
	2368 5504
4
	5056 5472
	5376 5472
	5376 5504
	5056 5504
4
	7264 5472
	12160 5472
	12160 5504
	7264 5504
4
	13728 5472
	16384 5472
	16384 5504
	13728 5504
4
	0 5504
	1600 5504
	1600 5536
	0 5536
4
	2368 5504
	3968 5504
	3968 5536
	2368 5536
4
	5056 5504
	5376 5504
	5376 5536
	5056 5536
4
	7264 5504
	12160 5504
	12160 5536
	7264 5536
4
	13728 5504
	16384 5504
	16384 5536
	13728 5536
4
	0 5536
	1600 5536
	1600 5568
	0 5568
4
	2368 5536
	3968 5536
	3968 5568
	2368 5568
4
	5056 5536
	5376 5536
	5376 5568
	5056 5568
4
	7264 5536
	12160 5536
	12160 5568
	7264 5568
4
	13728 5536
	16384 5536
	16384 5568
	13728 5568
4
	0 5568
	1600 5568
	1600 5600
	0 5600
4
	2368 5568
	3968 5568
	3968 5600
	2368 5600
4
	5056 5568
	5376 5568
	5376 5600
	5056 5600
4
	7264 5568
	12160 5568
	12160 5600
	7264 5600
4
	13728 5568
	16384 5568
	16384 5600
	13728 5600
4
	0 5600
	1600 5600
	1600 5632
	0 5632
4
	2528 5600
	3808 5600
	3808 5632
	2528 5632
4
	5216 5600
	5536 5600
	5536 5632
	5216 5632
4
	7424 5600
	12000 5600
	12000 5632
	7424 5632
4
	13728 5600
	16384 5600
	16384 5632
	13728 5632
4
	0 5632
	1600 5632
	1600 5664
	0 5664
4
	2528 5632
	3808 5632
	3808 5664
	2528 5664
4
	5216 5632
	5536 5632
	5536 5664
	5216 5664
4
	7424 5632
	12000 5632
	12000 5664
	7424 5664
4
	13728 5632
	16384 5632
	16384 5664
	13728 5664
4
	0 5664
	1600 5664
	1600 5696
	0 5696
4
	2528 5664
	3808 5664
	3808 5696
	2528 5696
4
	5216 5664
	5536 5664
	5536 5696
	5216 5696
4
	7424 5664
	12000 5664
	12000 5696
	7424 5696
4
	13728 5664
	16384 5664
	16384 5696
	13728 5696
4
	0 5696
	1600 5696
	1600 5728
	0 5728
4
	2528 5696
	3808 5696
	3808 5728
	2528 5728
4
	5216 5696
	5536 5696
	5536 5728
	5216 5728
4
	7424 5696
	12000 5696
	12000 5728
	7424 5728
4
	13728 5696
	16384 5696
	16384 5728
	13728 5728
4
	0 5728
	1600 5728
	1600 5760
	0 5760
4
	2528 5728
	3808 5728
	3808 5760
	2528 5760
4
	5216 5728
	5536 5728
	5536 5760
	5216 5760
4
	7424 5728
	12000 5728
	12000 5760
	7424 5760
4
	13728 5728
	16384 5728
	16384 5760
	13728 5760
4
	0 5760
	1600 5760
	1600 5792
	0 5792
4
	2528 5760
	3808 5760
	3808 5792
	2528 5792
4
	5216 5760
	5536 5760
	5536 5792
	5216 5792
4
	7424 5760
	12000 5760
	12000 5792
	7424 5792
4
	13728 5760
	16384 5760
	16384 5792
	13728 5792
4
	0 5792
	1760 5792
	1760 5824
	0 5824
4
	2528 5792
	3968 5792
	3968 5824
	2528 5824
4
	5376 5792
	5696 5792
	5696 5824
	5376 5824
4
	7584 5792
	12160 5792
	12160 5824
	7584 5824
4
	13408 5792
	16384 5792
	16384 5824
	13408 5824
4
	0 5824
	1760 5824
	1760 5856
	0 5856
4
	2528 5824
	3968 5824
	3968 5856
	2528 5856
4
	5376 5824
	5696 5824
	5696 5856
	5376 5856
4
	7584 5824
	12160 5824
	12160 5856
	7584 5856
4
	13408 5824
	16384 5824
	16384 5856
	13408 5856
4
	0 5856
	1760 5856
	1760 5888
	0 5888
4
	2528 5856
	3968 5856
	3968 5888
	2528 5888
4
	5376 5856
	5696 5856
	5696 5888
	5376 5888
4
	7584 5856
	12160 5856
	12160 5888
	7584 5888
4
	13408 5856
	16384 5856
	16384 5888
	13408 5888
4
	0 5888
	1760 5888
	1760 5920
	0 5920
4
	2528 5888
	3968 5888
	3968 5920
	2528 5920
4
	5376 5888
	5696 5888
	5696 5920
	5376 5920
4
	7584 5888
	12160 5888
	12160 5920
	7584 5920
4
	13408 5888
	16384 5888
	16384 5920
	13408 5920
4
	0 5920
	1760 5920
	1760 5952
	0 5952
4
	2528 5920
	3968 5920
	3968 5952
	2528 5952
4
	5376 5920
	5696 5920
	5696 5952
	5376 5952
4
	7584 5920
	12160 5920
	12160 5952
	7584 5952
4
	13408 5920
	16384 5920
	16384 5952
	13408 5952
4
	0 5952
	1920 5952
	1920 5984
	0 5984
4
	2528 5952
	3488 5952
	3488 5984
	2528 5984
4
	3808 5952
	4096 5952
	4096 5984
	3808 5984
4
	5536 5952
	5696 5952
	5696 5984
	5536 5984
4
	7424 5952
	7744 5952
	7744 5984
	7424 5984
4
	8064 5952
	12448 5952
	12448 5984
	8064 5984
4
	13248 5952
	16384 5952
	16384 5984
	13248 5984
4
	0 5984
	1920 5984
	1920 6016
	0 6016
4
	2528 5984
	3488 5984
	3488 6016
	2528 6016
4
	3808 5984
	4096 5984
	4096 6016
	3808 6016
4
	5536 5984
	5696 5984
	5696 6016
	5536 6016
4
	7424 5984
	7744 5984
	7744 6016
	7424 6016
4
	8064 5984
	12448 5984
	12448 6016
	8064 6016
4
	13248 5984
	16384 5984
	16384 6016
	13248 6016
4
	0 6016
	1920 6016
	1920 6048
	0 6048
4
	2528 6016
	3488 6016
	3488 6048
	2528 6048
4
	3808 6016
	4096 6016
	4096 6048
	3808 6048
4
	5536 6016
	5696 6016
	5696 6048
	5536 6048
4
	7424 6016
	7744 6016
	7744 6048
	7424 6048
4
	8064 6016
	12448 6016
	12448 6048
	8064 6048
4
	13248 6016
	16384 6016
	16384 6048
	13248 6048
4
	0 6048
	1920 6048
	1920 6080
	0 6080
4
	2528 6048
	3488 6048
	3488 6080
	2528 6080
4
	3808 6048
	4096 6048
	4096 6080
	3808 6080
4
	5536 6048
	5696 6048
	5696 6080
	5536 6080
4
	7424 6048
	7744 6048
	7744 6080
	7424 6080
4
	8064 6048
	12448 6048
	12448 6080
	8064 6080
4
	13248 6048
	16384 6048
	16384 6080
	13248 6080
4
	0 6080
	1920 6080
	1920 6112
	0 6112
4
	2528 6080
	3488 6080
	3488 6112
	2528 6112
4
	3808 6080
	4096 6080
	4096 6112
	3808 6112
4
	5536 6080
	5696 6080
	5696 6112
	5536 6112
4
	7424 6080
	7744 6080
	7744 6112
	7424 6112
4
	8064 6080
	12448 6080
	12448 6112
	8064 6112
4
	13248 6080
	16384 6080
	16384 6112
	13248 6112
4
	0 6112
	1920 6112
	1920 6144
	0 6144
4
	2528 6112
	3488 6112
	3488 6144
	2528 6144
4
	3808 6112
	4096 6112
	4096 6144
	3808 6144
4
	5536 6112
	5696 6112
	5696 6144
	5536 6144
4
	7424 6112
	7744 6112
	7744 6144
	7424 6144
4
	8064 6112
	12448 6112
	12448 6144
	8064 6144
4
	13248 6112
	16384 6112
	16384 6144
	13248 6144
4
	0 6144
	1920 6144
	1920 6176
	0 6176
4
	2688 6144
	3328 6144
	3328 6176
	2688 6176
4
	3968 6144
	4256 6144
	4256 6176
	3968 6176
4
	7264 6144
	7584 6144
	7584 6176
	7264 6176
4
	8064 6144
	11520 6144
	11520 6176
	8064 6176
4
	12288 6144
	12608 6144
	12608 6176
	12288 6176
4
	13248 6144
	16384 6144
	16384 6176
	13248 6176
4
	0 6176
	1920 6176
	1920 6208
	0 6208
4
	2688 6176
	3328 6176
	3328 6208
	2688 6208
4
	3968 6176
	4256 6176
	4256 6208
	3968 6208
4
	7264 6176
	7584 6176
	7584 6208
	7264 6208
4
	8064 6176
	11520 6176
	11520 6208
	8064 6208
4
	12288 6176
	12608 6176
	12608 6208
	12288 6208
4
	13248 6176
	16384 6176
	16384 6208
	13248 6208
4
	0 6208
	1920 6208
	1920 6240
	0 6240
4
	2688 6208
	3328 6208
	3328 6240
	2688 6240
4
	3968 6208
	4256 6208
	4256 6240
	3968 6240
4
	7264 6208
	7584 6208
	7584 6240
	7264 6240
4
	8064 6208
	11520 6208
	11520 6240
	8064 6240
4
	12288 6208
	12608 6208
	12608 6240
	12288 6240
4
	13248 6208
	16384 6208
	16384 6240
	13248 6240
4
	0 6240
	1920 6240
	1920 6272
	0 6272
4
	2688 6240
	3328 6240
	3328 6272
	2688 6272
4
	3968 6240
	4256 6240
	4256 6272
	3968 6272
4
	7264 6240
	7584 6240
	7584 6272
	7264 6272
4
	8064 6240
	11520 6240
	11520 6272
	8064 6272
4
	12288 6240
	12608 6240
	12608 6272
	12288 6272
4
	13248 6240
	16384 6240
	16384 6272
	13248 6272
4
	0 6272
	1920 6272
	1920 6304
	0 6304
4
	2688 6272
	3328 6272
	3328 6304
	2688 6304
4
	3968 6272
	4256 6272
	4256 6304
	3968 6304
4
	7264 6272
	7584 6272
	7584 6304
	7264 6304
4
	8064 6272
	11520 6272
	11520 6304
	8064 6304
4
	12288 6272
	12608 6272
	12608 6304
	12288 6304
4
	13248 6272
	16384 6272
	16384 6304
	13248 6304
4
	0 6304
	2048 6304
	2048 6336
	0 6336
4
	2688 6304
	3008 6304
	3008 6336
	2688 6336
4
	4096 6304
	4416 6304
	4416 6336
	4096 6336
4
	7104 6304
	7424 6304
	7424 6336
	7104 6336
4
	8064 6304
	10880 6304
	10880 6336
	8064 6336
4
	11040 6304
	11360 6304
	11360 6336
	11040 6336
4
	12448 6304
	12768 6304
	12768 6336
	12448 6336
4
	13248 6304
	16384 6304
	16384 6336
	13248 6336
4
	0 6336
	2048 6336
	2048 6368
	0 6368
4
	2688 6336
	3008 6336
	3008 6368
	2688 6368
4
	4096 6336
	4416 6336
	4416 6368
	4096 6368
4
	7104 6336
	7424 6336
	7424 6368
	7104 6368
4
	8064 6336
	10880 6336
	10880 6368
	8064 6368
4
	11040 6336
	11360 6336
	11360 6368
	11040 6368
4
	12448 6336
	12768 6336
	12768 6368
	12448 6368
4
	13248 6336
	16384 6336
	16384 6368
	13248 6368
4
	0 6368
	2048 6368
	2048 6400
	0 6400
4
	2688 6368
	3008 6368
	3008 6400
	2688 6400
4
	4096 6368
	4416 6368
	4416 6400
	4096 6400
4
	7104 6368
	7424 6368
	7424 6400
	7104 6400
4
	8064 6368
	10880 6368
	10880 6400
	8064 6400
4
	11040 6368
	11360 6368
	11360 6400
	11040 6400
4
	12448 6368
	12768 6368
	12768 6400
	12448 6400
4
	13248 6368
	16384 6368
	16384 6400
	13248 6400
4
	0 6400
	2048 6400
	2048 6432
	0 6432
4
	2688 6400
	3008 6400
	3008 6432
	2688 6432
4
	4096 6400
	4416 6400
	4416 6432
	4096 6432
4
	7104 6400
	7424 6400
	7424 6432
	7104 6432
4
	8064 6400
	10880 6400
	10880 6432
	8064 6432
4
	11040 6400
	11360 6400
	11360 6432
	11040 6432
4
	12448 6400
	12768 6400
	12768 6432
	12448 6432
4
	13248 6400
	16384 6400
	16384 6432
	13248 6432
4
	0 6432
	2048 6432
	2048 6464
	0 6464
4
	2688 6432
	3008 6432
	3008 6464
	2688 6464
4
	4096 6432
	4416 6432
	4416 6464
	4096 6464
4
	7104 6432
	7424 6432
	7424 6464
	7104 6464
4
	8064 6432
	10880 6432
	10880 6464
	8064 6464
4
	11040 6432
	11360 6432
	11360 6464
	11040 6464
4
	12448 6432
	12768 6432
	12768 6464
	12448 6464
4
	13248 6432
	16384 6432
	16384 6464
	13248 6464
4
	0 6464
	2048 6464
	2048 6496
	0 6496
4
	2688 6464
	3008 6464
	3008 6496
	2688 6496
4
	4096 6464
	4416 6464
	4416 6496
	4096 6496
4
	7104 6464
	7424 6464
	7424 6496
	7104 6496
4
	8064 6464
	10880 6464
	10880 6496
	8064 6496
4
	11040 6464
	11360 6464
	11360 6496
	11040 6496
4
	12448 6464
	12768 6464
	12768 6496
	12448 6496
4
	13248 6464
	16384 6464
	16384 6496
	13248 6496
4
	0 6496
	2208 6496
	2208 6528
	0 6528
4
	2848 6496
	3168 6496
	3168 6528
	2848 6528
4
	4256 6496
	4576 6496
	4576 6528
	4256 6528
4
	6944 6496
	7264 6496
	7264 6528
	6944 6528
4
	8064 6496
	10880 6496
	10880 6528
	8064 6528
4
	13248 6496
	16384 6496
	16384 6528
	13248 6528
4
	0 6528
	2208 6528
	2208 6560
	0 6560
4
	2848 6528
	3168 6528
	3168 6560
	2848 6560
4
	4256 6528
	4576 6528
	4576 6560
	4256 6560
4
	6944 6528
	7264 6528
	7264 6560
	6944 6560
4
	8064 6528
	10880 6528
	10880 6560
	8064 6560
4
	13248 6528
	16384 6528
	16384 6560
	13248 6560
4
	0 6560
	2208 6560
	2208 6592
	0 6592
4
	2848 6560
	3168 6560
	3168 6592
	2848 6592
4
	4256 6560
	4576 6560
	4576 6592
	4256 6592
4
	6944 6560
	7264 6560
	7264 6592
	6944 6592
4
	8064 6560
	10880 6560
	10880 6592
	8064 6592
4
	13248 6560
	16384 6560
	16384 6592
	13248 6592
4
	0 6592
	2208 6592
	2208 6624
	0 6624
4
	2848 6592
	3168 6592
	3168 6624
	2848 6624
4
	4256 6592
	4576 6592
	4576 6624
	4256 6624
4
	6944 6592
	7264 6592
	7264 6624
	6944 6624
4
	8064 6592
	10880 6592
	10880 6624
	8064 6624
4
	13248 6592
	16384 6592
	16384 6624
	13248 6624
4
	0 6624
	2208 6624
	2208 6656
	0 6656
4
	2848 6624
	3168 6624
	3168 6656
	2848 6656
4
	4256 6624
	4576 6624
	4576 6656
	4256 6656
4
	6944 6624
	7264 6624
	7264 6656
	6944 6656
4
	8064 6624
	10880 6624
	10880 6656
	8064 6656
4
	13248 6624
	16384 6624
	16384 6656
	13248 6656
4
	0 6656
	2208 6656
	2208 6688
	0 6688
4
	2848 6656
	3168 6656
	3168 6688
	2848 6688
4
	4256 6656
	4576 6656
	4576 6688
	4256 6688
4
	6944 6656
	7264 6656
	7264 6688
	6944 6688
4
	8064 6656
	10880 6656
	10880 6688
	8064 6688
4
	13248 6656
	16384 6656
	16384 6688
	13248 6688
4
	0 6688
	2208 6688
	2208 6720
	0 6720
4
	2848 6688
	3328 6688
	3328 6720
	2848 6720
4
	4416 6688
	4736 6688
	4736 6720
	4416 6720
4
	6784 6688
	7104 6688
	7104 6720
	6784 6720
4
	8192 6688
	10720 6688
	10720 6720
	8192 6720
4
	13248 6688
	16384 6688
	16384 6720
	13248 6720
4
	0 6720
	2208 6720
	2208 6752
	0 6752
4
	2848 6720
	3328 6720
	3328 6752
	2848 6752
4
	4416 6720
	4736 6720
	4736 6752
	4416 6752
4
	6784 6720
	7104 6720
	7104 6752
	6784 6752
4
	8192 6720
	10720 6720
	10720 6752
	8192 6752
4
	13248 6720
	16384 6720
	16384 6752
	13248 6752
4
	0 6752
	2208 6752
	2208 6784
	0 6784
4
	2848 6752
	3328 6752
	3328 6784
	2848 6784
4
	4416 6752
	4736 6752
	4736 6784
	4416 6784
4
	6784 6752
	7104 6752
	7104 6784
	6784 6784
4
	8192 6752
	10720 6752
	10720 6784
	8192 6784
4
	13248 6752
	16384 6752
	16384 6784
	13248 6784
4
	0 6784
	2208 6784
	2208 6816
	0 6816
4
	2848 6784
	3328 6784
	3328 6816
	2848 6816
4
	4416 6784
	4736 6784
	4736 6816
	4416 6816
4
	6784 6784
	7104 6784
	7104 6816
	6784 6816
4
	8192 6784
	10720 6784
	10720 6816
	8192 6816
4
	13248 6784
	16384 6784
	16384 6816
	13248 6816
4
	0 6816
	2208 6816
	2208 6848
	0 6848
4
	2848 6816
	3328 6816
	3328 6848
	2848 6848
4
	4416 6816
	4736 6816
	4736 6848
	4416 6848
4
	6784 6816
	7104 6816
	7104 6848
	6784 6848
4
	8192 6816
	10720 6816
	10720 6848
	8192 6848
4
	13248 6816
	16384 6816
	16384 6848
	13248 6848
4
	0 6848
	2368 6848
	2368 6880
	0 6880
4
	2848 6848
	3488 6848
	3488 6880
	2848 6880
4
	4576 6848
	4896 6848
	4896 6880
	4576 6880
4
	6624 6848
	6944 6848
	6944 6880
	6624 6880
4
	8192 6848
	8512 6848
	8512 6880
	8192 6880
4
	8672 6848
	10720 6848
	10720 6880
	8672 6880
4
	12928 6848
	16384 6848
	16384 6880
	12928 6880
4
	0 6880
	2368 6880
	2368 6912
	0 6912
4
	2848 6880
	3488 6880
	3488 6912
	2848 6912
4
	4576 6880
	4896 6880
	4896 6912
	4576 6912
4
	6624 6880
	6944 6880
	6944 6912
	6624 6912
4
	8192 6880
	8512 6880
	8512 6912
	8192 6912
4
	8672 6880
	10720 6880
	10720 6912
	8672 6912
4
	12928 6880
	16384 6880
	16384 6912
	12928 6912
4
	0 6912
	2368 6912
	2368 6944
	0 6944
4
	2848 6912
	3488 6912
	3488 6944
	2848 6944
4
	4576 6912
	4896 6912
	4896 6944
	4576 6944
4
	6624 6912
	6944 6912
	6944 6944
	6624 6944
4
	8192 6912
	8512 6912
	8512 6944
	8192 6944
4
	8672 6912
	10720 6912
	10720 6944
	8672 6944
4
	12928 6912
	16384 6912
	16384 6944
	12928 6944
4
	0 6944
	2368 6944
	2368 6976
	0 6976
4
	2848 6944
	3488 6944
	3488 6976
	2848 6976
4
	4576 6944
	4896 6944
	4896 6976
	4576 6976
4
	6624 6944
	6944 6944
	6944 6976
	6624 6976
4
	8192 6944
	8512 6944
	8512 6976
	8192 6976
4
	8672 6944
	10720 6944
	10720 6976
	8672 6976
4
	12928 6944
	16384 6944
	16384 6976
	12928 6976
4
	0 6976
	2368 6976
	2368 7008
	0 7008
4
	2848 6976
	3488 6976
	3488 7008
	2848 7008
4
	4576 6976
	4896 6976
	4896 7008
	4576 7008
4
	6624 6976
	6944 6976
	6944 7008
	6624 7008
4
	8192 6976
	8512 6976
	8512 7008
	8192 7008
4
	8672 6976
	10720 6976
	10720 7008
	8672 7008
4
	12928 6976
	16384 6976
	16384 7008
	12928 7008
4
	0 7008
	2368 7008
	2368 7040
	0 7040
4
	2848 7008
	3488 7008
	3488 7040
	2848 7040
4
	4576 7008
	4896 7008
	4896 7040
	4576 7040
4
	6624 7008
	6944 7008
	6944 7040
	6624 7040
4
	8192 7008
	8512 7008
	8512 7040
	8192 7040
4
	8672 7008
	10720 7008
	10720 7040
	8672 7040
4
	12928 7008
	16384 7008
	16384 7040
	12928 7040
4
	0 7040
	2368 7040
	2368 7072
	0 7072
4
	3008 7040
	3648 7040
	3648 7072
	3008 7072
4
	4736 7040
	4896 7040
	4896 7072
	4736 7072
4
	6464 7040
	6784 7040
	6784 7072
	6464 7072
4
	8672 7040
	10720 7040
	10720 7072
	8672 7072
4
	13088 7040
	16384 7040
	16384 7072
	13088 7072
4
	0 7072
	2368 7072
	2368 7104
	0 7104
4
	3008 7072
	3648 7072
	3648 7104
	3008 7104
4
	4736 7072
	4896 7072
	4896 7104
	4736 7104
4
	6464 7072
	6784 7072
	6784 7104
	6464 7104
4
	8672 7072
	10720 7072
	10720 7104
	8672 7104
4
	13088 7072
	16384 7072
	16384 7104
	13088 7104
4
	0 7104
	2368 7104
	2368 7136
	0 7136
4
	3008 7104
	3648 7104
	3648 7136
	3008 7136
4
	4736 7104
	4896 7104
	4896 7136
	4736 7136
4
	6464 7104
	6784 7104
	6784 7136
	6464 7136
4
	8672 7104
	10720 7104
	10720 7136
	8672 7136
4
	13088 7104
	16384 7104
	16384 7136
	13088 7136
4
	0 7136
	2368 7136
	2368 7168
	0 7168
4
	3008 7136
	3648 7136
	3648 7168
	3008 7168
4
	4736 7136
	4896 7136
	4896 7168
	4736 7168
4
	6464 7136
	6784 7136
	6784 7168
	6464 7168
4
	8672 7136
	10720 7136
	10720 7168
	8672 7168
4
	13088 7136
	16384 7136
	16384 7168
	13088 7168
4
	0 7168
	2368 7168
	2368 7200
	0 7200
4
	3008 7168
	3648 7168
	3648 7200
	3008 7200
4
	4736 7168
	4896 7168
	4896 7200
	4736 7200
4
	6464 7168
	6784 7168
	6784 7200
	6464 7200
4
	8672 7168
	10720 7168
	10720 7200
	8672 7200
4
	13088 7168
	16384 7168
	16384 7200
	13088 7200
4
	0 7200
	2368 7200
	2368 7232
	0 7232
4
	3008 7200
	3648 7200
	3648 7232
	3008 7232
4
	4736 7200
	4896 7200
	4896 7232
	4736 7232
4
	6464 7200
	6784 7200
	6784 7232
	6464 7232
4
	8672 7200
	10720 7200
	10720 7232
	8672 7232
4
	13088 7200
	16384 7200
	16384 7232
	13088 7232
4
	0 7232
	2528 7232
	2528 7264
	0 7264
4
	3008 7232
	3808 7232
	3808 7264
	3008 7264
4
	6304 7232
	6624 7232
	6624 7264
	6304 7264
4
	8672 7232
	10880 7232
	10880 7264
	8672 7264
4
	13248 7232
	16384 7232
	16384 7264
	13248 7264
4
	0 7264
	2528 7264
	2528 7296
	0 7296
4
	3008 7264
	3808 7264
	3808 7296
	3008 7296
4
	6304 7264
	6624 7264
	6624 7296
	6304 7296
4
	8672 7264
	10880 7264
	10880 7296
	8672 7296
4
	13248 7264
	16384 7264
	16384 7296
	13248 7296
4
	0 7296
	2528 7296
	2528 7328
	0 7328
4
	3008 7296
	3808 7296
	3808 7328
	3008 7328
4
	6304 7296
	6624 7296
	6624 7328
	6304 7328
4
	8672 7296
	10880 7296
	10880 7328
	8672 7328
4
	13248 7296
	16384 7296
	16384 7328
	13248 7328
4
	0 7328
	2528 7328
	2528 7360
	0 7360
4
	3008 7328
	3808 7328
	3808 7360
	3008 7360
4
	6304 7328
	6624 7328
	6624 7360
	6304 7360
4
	8672 7328
	10880 7328
	10880 7360
	8672 7360
4
	13248 7328
	16384 7328
	16384 7360
	13248 7360
4
	0 7360
	2528 7360
	2528 7392
	0 7392
4
	3008 7360
	3808 7360
	3808 7392
	3008 7392
4
	6304 7360
	6624 7360
	6624 7392
	6304 7392
4
	8672 7360
	10880 7360
	10880 7392
	8672 7392
4
	13248 7360
	16384 7360
	16384 7392
	13248 7392
4
	0 7392
	2528 7392
	2528 7424
	0 7424
4
	3168 7392
	3968 7392
	3968 7424
	3168 7424
4
	6304 7392
	6464 7392
	6464 7424
	6304 7424
4
	8832 7392
	11040 7392
	11040 7424
	8832 7424
4
	13408 7392
	16384 7392
	16384 7424
	13408 7424
4
	0 7424
	2528 7424
	2528 7456
	0 7456
4
	3168 7424
	3968 7424
	3968 7456
	3168 7456
4
	6304 7424
	6464 7424
	6464 7456
	6304 7456
4
	8832 7424
	11040 7424
	11040 7456
	8832 7456
4
	13408 7424
	16384 7424
	16384 7456
	13408 7456
4
	0 7456
	2528 7456
	2528 7488
	0 7488
4
	3168 7456
	3968 7456
	3968 7488
	3168 7488
4
	6304 7456
	6464 7456
	6464 7488
	6304 7488
4
	8832 7456
	11040 7456
	11040 7488
	8832 7488
4
	13408 7456
	16384 7456
	16384 7488
	13408 7488
4
	0 7488
	2528 7488
	2528 7520
	0 7520
4
	3168 7488
	3968 7488
	3968 7520
	3168 7520
4
	6304 7488
	6464 7488
	6464 7520
	6304 7520
4
	8832 7488
	11040 7488
	11040 7520
	8832 7520
4
	13408 7488
	16384 7488
	16384 7520
	13408 7520
4
	0 7520
	2528 7520
	2528 7552
	0 7552
4
	3168 7520
	3968 7520
	3968 7552
	3168 7552
4
	6304 7520
	6464 7520
	6464 7552
	6304 7552
4
	8832 7520
	11040 7520
	11040 7552
	8832 7552
4
	13408 7520
	16384 7520
	16384 7552
	13408 7552
4
	0 7552
	2528 7552
	2528 7584
	0 7584
4
	3168 7552
	3968 7552
	3968 7584
	3168 7584
4
	6304 7552
	6464 7552
	6464 7584
	6304 7584
4
	8832 7552
	11040 7552
	11040 7584
	8832 7584
4
	13408 7552
	16384 7552
	16384 7584
	13408 7584
4
	0 7584
	2048 7584
	2048 7616
	0 7616
4
	3328 7584
	4096 7584
	4096 7616
	3328 7616
4
	6304 7584
	6464 7584
	6464 7616
	6304 7616
4
	6944 7584
	7104 7584
	7104 7616
	6944 7616
4
	8672 7584
	11360 7584
	11360 7616
	8672 7616
4
	13568 7584
	16384 7584
	16384 7616
	13568 7616
4
	0 7616
	2048 7616
	2048 7648
	0 7648
4
	3328 7616
	4096 7616
	4096 7648
	3328 7648
4
	6304 7616
	6464 7616
	6464 7648
	6304 7648
4
	6944 7616
	7104 7616
	7104 7648
	6944 7648
4
	8672 7616
	11360 7616
	11360 7648
	8672 7648
4
	13568 7616
	16384 7616
	16384 7648
	13568 7648
4
	0 7648
	2048 7648
	2048 7680
	0 7680
4
	3328 7648
	4096 7648
	4096 7680
	3328 7680
4
	6304 7648
	6464 7648
	6464 7680
	6304 7680
4
	6944 7648
	7104 7648
	7104 7680
	6944 7680
4
	8672 7648
	11360 7648
	11360 7680
	8672 7680
4
	13568 7648
	16384 7648
	16384 7680
	13568 7680
4
	0 7680
	2048 7680
	2048 7712
	0 7712
4
	3328 7680
	4096 7680
	4096 7712
	3328 7712
4
	6304 7680
	6464 7680
	6464 7712
	6304 7712
4
	6944 7680
	7104 7680
	7104 7712
	6944 7712
4
	8672 7680
	11360 7680
	11360 7712
	8672 7712
4
	13568 7680
	16384 7680
	16384 7712
	13568 7712
4
	0 7712
	2048 7712
	2048 7744
	0 7744
4
	3328 7712
	4096 7712
	4096 7744
	3328 7744
4
	6304 7712
	6464 7712
	6464 7744
	6304 7744
4
	6944 7712
	7104 7712
	7104 7744
	6944 7744
4
	8672 7712
	11360 7712
	11360 7744
	8672 7744
4
	13568 7712
	16384 7712
	16384 7744
	13568 7744
4
	0 7744
	1920 7744
	1920 7776
	0 7776
4
	3328 7744
	4096 7744
	4096 7776
	3328 7776
4
	6144 7744
	6464 7744
	6464 7776
	6144 7776
4
	6784 7744
	7264 7744
	7264 7776
	6784 7776
4
	8512 7744
	11520 7744
	11520 7776
	8512 7776
4
	13728 7744
	16384 7744
	16384 7776
	13728 7776
4
	0 7776
	1920 7776
	1920 7808
	0 7808
4
	3328 7776
	4096 7776
	4096 7808
	3328 7808
4
	6144 7776
	6464 7776
	6464 7808
	6144 7808
4
	6784 7776
	7264 7776
	7264 7808
	6784 7808
4
	8512 7776
	11520 7776
	11520 7808
	8512 7808
4
	13728 7776
	16384 7776
	16384 7808
	13728 7808
4
	0 7808
	1920 7808
	1920 7840
	0 7840
4
	3328 7808
	4096 7808
	4096 7840
	3328 7840
4
	6144 7808
	6464 7808
	6464 7840
	6144 7840
4
	6784 7808
	7264 7808
	7264 7840
	6784 7840
4
	8512 7808
	11520 7808
	11520 7840
	8512 7840
4
	13728 7808
	16384 7808
	16384 7840
	13728 7840
4
	0 7840
	1920 7840
	1920 7872
	0 7872
4
	3328 7840
	4096 7840
	4096 7872
	3328 7872
4
	6144 7840
	6464 7840
	6464 7872
	6144 7872
4
	6784 7840
	7264 7840
	7264 7872
	6784 7872
4
	8512 7840
	11520 7840
	11520 7872
	8512 7872
4
	13728 7840
	16384 7840
	16384 7872
	13728 7872
4
	0 7872
	1920 7872
	1920 7904
	0 7904
4
	3328 7872
	4096 7872
	4096 7904
	3328 7904
4
	6144 7872
	6464 7872
	6464 7904
	6144 7904
4
	6784 7872
	7264 7872
	7264 7904
	6784 7904
4
	8512 7872
	11520 7872
	11520 7904
	8512 7904
4
	13728 7872
	16384 7872
	16384 7904
	13728 7904
4
	0 7904
	1920 7904
	1920 7936
	0 7936
4
	3328 7904
	4096 7904
	4096 7936
	3328 7936
4
	6144 7904
	6464 7904
	6464 7936
	6144 7936
4
	6784 7904
	7264 7904
	7264 7936
	6784 7936
4
	8512 7904
	11520 7904
	11520 7936
	8512 7936
4
	13728 7904
	16384 7904
	16384 7936
	13728 7936
4
	0 7936
	1760 7936
	1760 7968
	0 7968
4
	3488 7936
	4256 7936
	4256 7968
	3488 7968
4
	6144 7936
	6304 7936
	6304 7968
	6144 7968
4
	6784 7936
	7424 7936
	7424 7968
	6784 7968
4
	8352 7936
	11680 7936
	11680 7968
	8352 7968
4
	13888 7936
	16384 7936
	16384 7968
	13888 7968
4
	0 7968
	1760 7968
	1760 8000
	0 8000
4
	3488 7968
	4256 7968
	4256 8000
	3488 8000
4
	6144 7968
	6304 7968
	6304 8000
	6144 8000
4
	6784 7968
	7424 7968
	7424 8000
	6784 8000
4
	8352 7968
	11680 7968
	11680 8000
	8352 8000
4
	13888 7968
	16384 7968
	16384 8000
	13888 8000
4
	0 8000
	1760 8000
	1760 8032
	0 8032
4
	3488 8000
	4256 8000
	4256 8032
	3488 8032
4
	6144 8000
	6304 8000
	6304 8032
	6144 8032
4
	6784 8000
	7424 8000
	7424 8032
	6784 8032
4
	8352 8000
	11680 8000
	11680 8032
	8352 8032
4
	13888 8000
	16384 8000
	16384 8032
	13888 8032
4
	0 8032
	1760 8032
	1760 8064
	0 8064
4
	3488 8032
	4256 8032
	4256 8064
	3488 8064
4
	6144 8032
	6304 8032
	6304 8064
	6144 8064
4
	6784 8032
	7424 8032
	7424 8064
	6784 8064
4
	8352 8032
	11680 8032
	11680 8064
	8352 8064
4
	13888 8032
	16384 8032
	16384 8064
	13888 8064
4
	0 8064
	1760 8064
	1760 8096
	0 8096
4
	3488 8064
	4256 8064
	4256 8096
	3488 8096
4
	6144 8064
	6304 8064
	6304 8096
	6144 8096
4
	6784 8064
	7424 8064
	7424 8096
	6784 8096
4
	8352 8064
	11680 8064
	11680 8096
	8352 8096
4
	13888 8064
	16384 8064
	16384 8096
	13888 8096
4
	0 8096
	1760 8096
	1760 8128
	0 8128
4
	3488 8096
	4256 8096
	4256 8128
	3488 8128
4
	6144 8096
	6304 8096
	6304 8128
	6144 8128
4
	6784 8096
	7424 8096
	7424 8128
	6784 8128
4
	8352 8096
	11680 8096
	11680 8128
	8352 8128
4
	13888 8096
	16384 8096
	16384 8128
	13888 8128
4
	0 8128
	1600 8128
	1600 8160
	0 8160
4
	3968 8128
	4256 8128
	4256 8160
	3968 8160
4
	6016 8128
	6304 8128
	6304 8160
	6016 8160
4
	6784 8128
	7584 8128
	7584 8160
	6784 8160
4
	8192 8128
	12000 8128
	12000 8160
	8192 8160
4
	14048 8128
	16384 8128
	16384 8160
	14048 8160
4
	0 8160
	1600 8160
	1600 8192
	0 8192
4
	3968 8160
	4256 8160
	4256 8192
	3968 8192
4
	6016 8160
	6304 8160
	6304 8192
	6016 8192
4
	6784 8160
	7584 8160
	7584 8192
	6784 8192
4
	8192 8160
	12000 8160
	12000 8192
	8192 8192
4
	14048 8160
	16384 8160
	16384 8192
	14048 8192
4
	0 8192
	1600 8192
	1600 8224
	0 8224
4
	3968 8192
	4256 8192
	4256 8224
	3968 8224
4
	6016 8192
	6304 8192
	6304 8224
	6016 8224
4
	6784 8192
	7584 8192
	7584 8224
	6784 8224
4
	8192 8192
	12000 8192
	12000 8224
	8192 8224
4
	14048 8192
	16384 8192
	16384 8224
	14048 8224
4
	0 8224
	1600 8224
	1600 8256
	0 8256
4
	3968 8224
	4256 8224
	4256 8256
	3968 8256
4
	6016 8224
	6304 8224
	6304 8256
	6016 8256
4
	6784 8224
	7584 8224
	7584 8256
	6784 8256
4
	8192 8224
	12000 8224
	12000 8256
	8192 8256
4
	14048 8224
	16384 8224
	16384 8256
	14048 8256
4
	0 8256
	1600 8256
	1600 8288
	0 8288
4
	3968 8256
	4256 8256
	4256 8288
	3968 8288
4
	6016 8256
	6304 8256
	6304 8288
	6016 8288
4
	6784 8256
	7584 8256
	7584 8288
	6784 8288
4
	8192 8256
	12000 8256
	12000 8288
	8192 8288
4
	14048 8256
	16384 8256
	16384 8288
	14048 8288
4
	0 8288
	1440 8288
	1440 8320
	0 8320
4
	6016 8288
	6144 8288
	6144 8320
	6016 8320
4
	6784 8288
	7744 8288
	7744 8320
	6784 8320
4
	8064 8288
	12160 8288
	12160 8320
	8064 8320
4
	14208 8288
	16384 8288
	16384 8320
	14208 8320
4
	0 8320
	1440 8320
	1440 8352
	0 8352
4
	6016 8320
	6144 8320
	6144 8352
	6016 8352
4
	6784 8320
	7744 8320
	7744 8352
	6784 8352
4
	8064 8320
	12160 8320
	12160 8352
	8064 8352
4
	14208 8320
	16384 8320
	16384 8352
	14208 8352
4
	0 8352
	1440 8352
	1440 8384
	0 8384
4
	6016 8352
	6144 8352
	6144 8384
	6016 8384
4
	6784 8352
	7744 8352
	7744 8384
	6784 8384
4
	8064 8352
	12160 8352
	12160 8384
	8064 8384
4
	14208 8352
	16384 8352
	16384 8384
	14208 8384
4
	0 8384
	1440 8384
	1440 8416
	0 8416
4
	6016 8384
	6144 8384
	6144 8416
	6016 8416
4
	6784 8384
	7744 8384
	7744 8416
	6784 8416
4
	8064 8384
	12160 8384
	12160 8416
	8064 8416
4
	14208 8384
	16384 8384
	16384 8416
	14208 8416
4
	0 8416
	1440 8416
	1440 8448
	0 8448
4
	6016 8416
	6144 8416
	6144 8448
	6016 8448
4
	6784 8416
	7744 8416
	7744 8448
	6784 8448
4
	8064 8416
	12160 8416
	12160 8448
	8064 8448
4
	14208 8416
	16384 8416
	16384 8448
	14208 8448
4
	0 8448
	1440 8448
	1440 8480
	0 8480
4
	6016 8448
	6144 8448
	6144 8480
	6016 8480
4
	6784 8448
	7744 8448
	7744 8480
	6784 8480
4
	8064 8448
	12160 8448
	12160 8480
	8064 8480
4
	14208 8448
	16384 8448
	16384 8480
	14208 8480
4
	0 8480
	1280 8480
	1280 8512
	0 8512
4
	5856 8480
	6144 8480
	6144 8512
	5856 8512
4
	6624 8480
	9152 8480
	9152 8512
	6624 8512
4
	9312 8480
	12448 8480
	12448 8512
	9312 8512
4
	14336 8480
	16384 8480
	16384 8512
	14336 8512
4
	0 8512
	1280 8512
	1280 8544
	0 8544
4
	5856 8512
	6144 8512
	6144 8544
	5856 8544
4
	6624 8512
	9152 8512
	9152 8544
	6624 8544
4
	9312 8512
	12448 8512
	12448 8544
	9312 8544
4
	14336 8512
	16384 8512
	16384 8544
	14336 8544
4
	0 8544
	1280 8544
	1280 8576
	0 8576
4
	5856 8544
	6144 8544
	6144 8576
	5856 8576
4
	6624 8544
	9152 8544
	9152 8576
	6624 8576
4
	9312 8544
	12448 8544
	12448 8576
	9312 8576
4
	14336 8544
	16384 8544
	16384 8576
	14336 8576
4
	0 8576
	1280 8576
	1280 8608
	0 8608
4
	5856 8576
	6144 8576
	6144 8608
	5856 8608
4
	6624 8576
	9152 8576
	9152 8608
	6624 8608
4
	9312 8576
	12448 8576
	12448 8608
	9312 8608
4
	14336 8576
	16384 8576
	16384 8608
	14336 8608
4
	0 8608
	1280 8608
	1280 8640
	0 8640
4
	5856 8608
	6144 8608
	6144 8640
	5856 8640
4
	6624 8608
	9152 8608
	9152 8640
	6624 8640
4
	9312 8608
	12448 8608
	12448 8640
	9312 8640
4
	14336 8608
	16384 8608
	16384 8640
	14336 8640
4
	0 8640
	1280 8640
	1280 8672
	0 8672
4
	5856 8640
	6144 8640
	6144 8672
	5856 8672
4
	6624 8640
	9152 8640
	9152 8672
	6624 8672
4
	9312 8640
	12448 8640
	12448 8672
	9312 8672
4
	14336 8640
	16384 8640
	16384 8672
	14336 8672
4
	0 8672
	1280 8672
	1280 8704
	0 8704
4
	5856 8672
	6016 8672
	6016 8704
	5856 8704
4
	6464 8672
	8992 8672
	8992 8704
	6464 8704
4
	9312 8672
	10400 8672
	10400 8704
	9312 8704
4
	10560 8672
	12768 8672
	12768 8704
	10560 8704
4
	14496 8672
	16384 8672
	16384 8704
	14496 8704
4
	0 8704
	1280 8704
	1280 8736
	0 8736
4
	5856 8704
	6016 8704
	6016 8736
	5856 8736
4
	6464 8704
	8992 8704
	8992 8736
	6464 8736
4
	9312 8704
	10400 8704
	10400 8736
	9312 8736
4
	10560 8704
	12768 8704
	12768 8736
	10560 8736
4
	14496 8704
	16384 8704
	16384 8736
	14496 8736
4
	0 8736
	1280 8736
	1280 8768
	0 8768
4
	5856 8736
	6016 8736
	6016 8768
	5856 8768
4
	6464 8736
	8992 8736
	8992 8768
	6464 8768
4
	9312 8736
	10400 8736
	10400 8768
	9312 8768
4
	10560 8736
	12768 8736
	12768 8768
	10560 8768
4
	14496 8736
	16384 8736
	16384 8768
	14496 8768
4
	0 8768
	1280 8768
	1280 8800
	0 8800
4
	5856 8768
	6016 8768
	6016 8800
	5856 8800
4
	6464 8768
	8992 8768
	8992 8800
	6464 8800
4
	9312 8768
	10400 8768
	10400 8800
	9312 8800
4
	10560 8768
	12768 8768
	12768 8800
	10560 8800
4
	14496 8768
	16384 8768
	16384 8800
	14496 8800
4
	0 8800
	1280 8800
	1280 8832
	0 8832
4
	5856 8800
	6016 8800
	6016 8832
	5856 8832
4
	6464 8800
	8992 8800
	8992 8832
	6464 8832
4
	9312 8800
	10400 8800
	10400 8832
	9312 8832
4
	10560 8800
	12768 8800
	12768 8832
	10560 8832
4
	14496 8800
	16384 8800
	16384 8832
	14496 8832
4
	0 8832
	1440 8832
	1440 8864
	0 8864
4
	5856 8832
	6016 8832
	6016 8864
	5856 8864
4
	6464 8832
	8512 8832
	8512 8864
	6464 8864
4
	8672 8832
	8832 8832
	8832 8864
	8672 8864
4
	9472 8832
	10240 8832
	10240 8864
	9472 8864
4
	10560 8832
	12608 8832
	12608 8864
	10560 8864
4
	14656 8832
	16384 8832
	16384 8864
	14656 8864
4
	0 8864
	1440 8864
	1440 8896
	0 8896
4
	5856 8864
	6016 8864
	6016 8896
	5856 8896
4
	6464 8864
	8512 8864
	8512 8896
	6464 8896
4
	8672 8864
	8832 8864
	8832 8896
	8672 8896
4
	9472 8864
	10240 8864
	10240 8896
	9472 8896
4
	10560 8864
	12608 8864
	12608 8896
	10560 8896
4
	14656 8864
	16384 8864
	16384 8896
	14656 8896
4
	0 8896
	1440 8896
	1440 8928
	0 8928
4
	5856 8896
	6016 8896
	6016 8928
	5856 8928
4
	6464 8896
	8512 8896
	8512 8928
	6464 8928
4
	8672 8896
	8832 8896
	8832 8928
	8672 8928
4
	9472 8896
	10240 8896
	10240 8928
	9472 8928
4
	10560 8896
	12608 8896
	12608 8928
	10560 8928
4
	14656 8896
	16384 8896
	16384 8928
	14656 8928
4
	0 8928
	1440 8928
	1440 8960
	0 8960
4
	5856 8928
	6016 8928
	6016 8960
	5856 8960
4
	6464 8928
	8512 8928
	8512 8960
	6464 8960
4
	8672 8928
	8832 8928
	8832 8960
	8672 8960
4
	9472 8928
	10240 8928
	10240 8960
	9472 8960
4
	10560 8928
	12608 8928
	12608 8960
	10560 8960
4
	14656 8928
	16384 8928
	16384 8960
	14656 8960
4
	0 8960
	1440 8960
	1440 8992
	0 8992
4
	5856 8960
	6016 8960
	6016 8992
	5856 8992
4
	6464 8960
	8512 8960
	8512 8992
	6464 8992
4
	8672 8960
	8832 8960
	8832 8992
	8672 8992
4
	9472 8960
	10240 8960
	10240 8992
	9472 8992
4
	10560 8960
	12608 8960
	12608 8992
	10560 8992
4
	14656 8960
	16384 8960
	16384 8992
	14656 8992
4
	0 8992
	1440 8992
	1440 9024
	0 9024
4
	5856 8992
	6016 8992
	6016 9024
	5856 9024
4
	6464 8992
	8512 8992
	8512 9024
	6464 9024
4
	8672 8992
	8832 8992
	8832 9024
	8672 9024
4
	9472 8992
	10240 8992
	10240 9024
	9472 9024
4
	10560 8992
	12608 8992
	12608 9024
	10560 9024
4
	14656 8992
	16384 8992
	16384 9024
	14656 9024
4
	0 9024
	1600 9024
	1600 9056
	0 9056
4
	6304 9024
	8192 9024
	8192 9056
	6304 9056
4
	9312 9024
	10240 9024
	10240 9056
	9312 9056
4
	10720 9024
	11840 9024
	11840 9056
	10720 9056
4
	12000 9024
	12448 9024
	12448 9056
	12000 9056
4
	14976 9024
	16384 9024
	16384 9056
	14976 9056
4
	0 9056
	1600 9056
	1600 9088
	0 9088
4
	6304 9056
	8192 9056
	8192 9088
	6304 9088
4
	9312 9056
	10240 9056
	10240 9088
	9312 9088
4
	10720 9056
	11840 9056
	11840 9088
	10720 9088
4
	12000 9056
	12448 9056
	12448 9088
	12000 9088
4
	14976 9056
	16384 9056
	16384 9088
	14976 9088
4
	0 9088
	1600 9088
	1600 9120
	0 9120
4
	6304 9088
	8192 9088
	8192 9120
	6304 9120
4
	9312 9088
	10240 9088
	10240 9120
	9312 9120
4
	10720 9088
	11840 9088
	11840 9120
	10720 9120
4
	12000 9088
	12448 9088
	12448 9120
	12000 9120
4
	14976 9088
	16384 9088
	16384 9120
	14976 9120
4
	0 9120
	1600 9120
	1600 9152
	0 9152
4
	6304 9120
	8192 9120
	8192 9152
	6304 9152
4
	9312 9120
	10240 9120
	10240 9152
	9312 9152
4
	10720 9120
	11840 9120
	11840 9152
	10720 9152
4
	12000 9120
	12448 9120
	12448 9152
	12000 9152
4
	14976 9120
	16384 9120
	16384 9152
	14976 9152
4
	0 9152
	1600 9152
	1600 9184
	0 9184
4
	6304 9152
	8192 9152
	8192 9184
	6304 9184
4
	9312 9152
	10240 9152
	10240 9184
	9312 9184
4
	10720 9152
	11840 9152
	11840 9184
	10720 9184
4
	12000 9152
	12448 9152
	12448 9184
	12000 9184
4
	14976 9152
	16384 9152
	16384 9184
	14976 9184
4
	0 9184
	1760 9184
	1760 9216
	0 9216
4
	6304 9184
	8064 9184
	8064 9216
	6304 9216
4
	9312 9184
	10240 9184
	10240 9216
	9312 9216
4
	11040 9184
	11680 9184
	11680 9216
	11040 9216
4
	12160 9184
	12288 9184
	12288 9216
	12160 9216
4
	14816 9184
	16384 9184
	16384 9216
	14816 9216
4
	0 9216
	1760 9216
	1760 9248
	0 9248
4
	6304 9216
	8064 9216
	8064 9248
	6304 9248
4
	9312 9216
	10240 9216
	10240 9248
	9312 9248
4
	11040 9216
	11680 9216
	11680 9248
	11040 9248
4
	12160 9216
	12288 9216
	12288 9248
	12160 9248
4
	14816 9216
	16384 9216
	16384 9248
	14816 9248
4
	0 9248
	1760 9248
	1760 9280
	0 9280
4
	6304 9248
	8064 9248
	8064 9280
	6304 9280
4
	9312 9248
	10240 9248
	10240 9280
	9312 9280
4
	11040 9248
	11680 9248
	11680 9280
	11040 9280
4
	12160 9248
	12288 9248
	12288 9280
	12160 9280
4
	14816 9248
	16384 9248
	16384 9280
	14816 9280
4
	0 9280
	1760 9280
	1760 9312
	0 9312
4
	6304 9280
	8064 9280
	8064 9312
	6304 9312
4
	9312 9280
	10240 9280
	10240 9312
	9312 9312
4
	11040 9280
	11680 9280
	11680 9312
	11040 9312
4
	12160 9280
	12288 9280
	12288 9312
	12160 9312
4
	14816 9280
	16384 9280
	16384 9312
	14816 9312
4
	0 9312
	1760 9312
	1760 9344
	0 9344
4
	6304 9312
	8064 9312
	8064 9344
	6304 9344
4
	9312 9312
	10240 9312
	10240 9344
	9312 9344
4
	11040 9312
	11680 9312
	11680 9344
	11040 9344
4
	12160 9312
	12288 9312
	12288 9344
	12160 9344
4
	14816 9312
	16384 9312
	16384 9344
	14816 9344
4
	0 9344
	1760 9344
	1760 9376
	0 9376
4
	6304 9344
	8064 9344
	8064 9376
	6304 9376
4
	9312 9344
	10240 9344
	10240 9376
	9312 9376
4
	11040 9344
	11680 9344
	11680 9376
	11040 9376
4
	12160 9344
	12288 9344
	12288 9376
	12160 9376
4
	14816 9344
	16384 9344
	16384 9376
	14816 9376
4
	0 9376
	1920 9376
	1920 9408
	0 9408
4
	6144 9376
	7584 9376
	7584 9408
	6144 9408
4
	7744 9376
	8064 9376
	8064 9408
	7744 9408
4
	8512 9376
	8992 9376
	8992 9408
	8512 9408
4
	11200 9376
	11680 9376
	11680 9408
	11200 9408
4
	14656 9376
	16384 9376
	16384 9408
	14656 9408
4
	0 9408
	1920 9408
	1920 9440
	0 9440
4
	6144 9408
	7584 9408
	7584 9440
	6144 9440
4
	7744 9408
	8064 9408
	8064 9440
	7744 9440
4
	8512 9408
	8992 9408
	8992 9440
	8512 9440
4
	11200 9408
	11680 9408
	11680 9440
	11200 9440
4
	14656 9408
	16384 9408
	16384 9440
	14656 9440
4
	0 9440
	1920 9440
	1920 9472
	0 9472
4
	6144 9440
	7584 9440
	7584 9472
	6144 9472
4
	7744 9440
	8064 9440
	8064 9472
	7744 9472
4
	8512 9440
	8992 9440
	8992 9472
	8512 9472
4
	11200 9440
	11680 9440
	11680 9472
	11200 9472
4
	14656 9440
	16384 9440
	16384 9472
	14656 9472
4
	0 9472
	1920 9472
	1920 9504
	0 9504
4
	6144 9472
	7584 9472
	7584 9504
	6144 9504
4
	7744 9472
	8064 9472
	8064 9504
	7744 9504
4
	8512 9472
	8992 9472
	8992 9504
	8512 9504
4
	11200 9472
	11680 9472
	11680 9504
	11200 9504
4
	14656 9472
	16384 9472
	16384 9504
	14656 9504
4
	0 9504
	1920 9504
	1920 9536
	0 9536
4
	6144 9504
	7584 9504
	7584 9536
	6144 9536
4
	7744 9504
	8064 9504
	8064 9536
	7744 9536
4
	8512 9504
	8992 9504
	8992 9536
	8512 9536
4
	11200 9504
	11680 9504
	11680 9536
	11200 9536
4
	14656 9504
	16384 9504
	16384 9536
	14656 9536
4
	0 9536
	1920 9536
	1920 9568
	0 9568
4
	6144 9536
	7584 9536
	7584 9568
	6144 9568
4
	7744 9536
	8064 9536
	8064 9568
	7744 9568
4
	8512 9536
	8992 9536
	8992 9568
	8512 9568
4
	11200 9536
	11680 9536
	11680 9568
	11200 9568
4
	14656 9536
	16384 9536
	16384 9568
	14656 9568
4
	0 9568
	2048 9568
	2048 9600
	0 9600
4
	6016 9568
	7424 9568
	7424 9600
	6016 9600
4
	8512 9568
	9152 9568
	9152 9600
	8512 9600
4
	12928 9568
	13088 9568
	13088 9600
	12928 9600
4
	14496 9568
	16384 9568
	16384 9600
	14496 9600
4
	0 9600
	2048 9600
	2048 9632
	0 9632
4
	6016 9600
	7424 9600
	7424 9632
	6016 9632
4
	8512 9600
	9152 9600
	9152 9632
	8512 9632
4
	12928 9600
	13088 9600
	13088 9632
	12928 9632
4
	14496 9600
	16384 9600
	16384 9632
	14496 9632
4
	0 9632
	2048 9632
	2048 9664
	0 9664
4
	6016 9632
	7424 9632
	7424 9664
	6016 9664
4
	8512 9632
	9152 9632
	9152 9664
	8512 9664
4
	12928 9632
	13088 9632
	13088 9664
	12928 9664
4
	14496 9632
	16384 9632
	16384 9664
	14496 9664
4
	0 9664
	2048 9664
	2048 9696
	0 9696
4
	6016 9664
	7424 9664
	7424 9696
	6016 9696
4
	8512 9664
	9152 9664
	9152 9696
	8512 9696
4
	12928 9664
	13088 9664
	13088 9696
	12928 9696
4
	14496 9664
	16384 9664
	16384 9696
	14496 9696
4
	0 9696
	2048 9696
	2048 9728
	0 9728
4
	6016 9696
	7424 9696
	7424 9728
	6016 9728
4
	8512 9696
	9152 9696
	9152 9728
	8512 9728
4
	12928 9696
	13088 9696
	13088 9728
	12928 9728
4
	14496 9696
	16384 9696
	16384 9728
	14496 9728
4
	0 9728
	2208 9728
	2208 9760
	0 9760
4
	5856 9728
	6784 9728
	6784 9760
	5856 9760
4
	6944 9728
	7264 9728
	7264 9760
	6944 9760
4
	8352 9728
	9152 9728
	9152 9760
	8352 9760
4
	12768 9728
	13248 9728
	13248 9760
	12768 9760
4
	14208 9728
	16384 9728
	16384 9760
	14208 9760
4
	0 9760
	2208 9760
	2208 9792
	0 9792
4
	5856 9760
	6784 9760
	6784 9792
	5856 9792
4
	6944 9760
	7264 9760
	7264 9792
	6944 9792
4
	8352 9760
	9152 9760
	9152 9792
	8352 9792
4
	12768 9760
	13248 9760
	13248 9792
	12768 9792
4
	14208 9760
	16384 9760
	16384 9792
	14208 9792
4
	0 9792
	2208 9792
	2208 9824
	0 9824
4
	5856 9792
	6784 9792
	6784 9824
	5856 9824
4
	6944 9792
	7264 9792
	7264 9824
	6944 9824
4
	8352 9792
	9152 9792
	9152 9824
	8352 9824
4
	12768 9792
	13248 9792
	13248 9824
	12768 9824
4
	14208 9792
	16384 9792
	16384 9824
	14208 9824
4
	0 9824
	2208 9824
	2208 9856
	0 9856
4
	5856 9824
	6784 9824
	6784 9856
	5856 9856
4
	6944 9824
	7264 9824
	7264 9856
	6944 9856
4
	8352 9824
	9152 9824
	9152 9856
	8352 9856
4
	12768 9824
	13248 9824
	13248 9856
	12768 9856
4
	14208 9824
	16384 9824
	16384 9856
	14208 9856
4
	0 9856
	2208 9856
	2208 9888
	0 9888
4
	5856 9856
	6784 9856
	6784 9888
	5856 9888
4
	6944 9856
	7264 9856
	7264 9888
	6944 9888
4
	8352 9856
	9152 9856
	9152 9888
	8352 9888
4
	12768 9856
	13248 9856
	13248 9888
	12768 9888
4
	14208 9856
	16384 9856
	16384 9888
	14208 9888
4
	0 9888
	2208 9888
	2208 9920
	0 9920
4
	5856 9888
	6784 9888
	6784 9920
	5856 9920
4
	6944 9888
	7264 9888
	7264 9920
	6944 9920
4
	8352 9888
	9152 9888
	9152 9920
	8352 9920
4
	12768 9888
	13248 9888
	13248 9920
	12768 9920
4
	14208 9888
	16384 9888
	16384 9920
	14208 9920
4
	0 9920
	2368 9920
	2368 9952
	0 9952
4
	6144 9920
	6624 9920
	6624 9952
	6144 9952
4
	8064 9920
	9152 9920
	9152 9952
	8064 9952
4
	12768 9920
	13408 9920
	13408 9952
	12768 9952
4
	14048 9920
	16384 9920
	16384 9952
	14048 9952
4
	0 9952
	2368 9952
	2368 9984
	0 9984
4
	6144 9952
	6624 9952
	6624 9984
	6144 9984
4
	8064 9952
	9152 9952
	9152 9984
	8064 9984
4
	12768 9952
	13408 9952
	13408 9984
	12768 9984
4
	14048 9952
	16384 9952
	16384 9984
	14048 9984
4
	0 9984
	2368 9984
	2368 10016
	0 10016
4
	6144 9984
	6624 9984
	6624 10016
	6144 10016
4
	8064 9984
	9152 9984
	9152 10016
	8064 10016
4
	12768 9984
	13408 9984
	13408 10016
	12768 10016
4
	14048 9984
	16384 9984
	16384 10016
	14048 10016
4
	0 10016
	2368 10016
	2368 10048
	0 10048
4
	6144 10016
	6624 10016
	6624 10048
	6144 10048
4
	8064 10016
	9152 10016
	9152 10048
	8064 10048
4
	12768 10016
	13408 10016
	13408 10048
	12768 10048
4
	14048 10016
	16384 10016
	16384 10048
	14048 10048
4
	0 10048
	2368 10048
	2368 10080
	0 10080
4
	6144 10048
	6624 10048
	6624 10080
	6144 10080
4
	8064 10048
	9152 10048
	9152 10080
	8064 10080
4
	12768 10048
	13408 10048
	13408 10080
	12768 10080
4
	14048 10048
	16384 10048
	16384 10080
	14048 10080
4
	0 10080
	2368 10080
	2368 10112
	0 10112
4
	6144 10080
	6624 10080
	6624 10112
	6144 10112
4
	8064 10080
	9152 10080
	9152 10112
	8064 10112
4
	12768 10080
	13408 10080
	13408 10112
	12768 10112
4
	14048 10080
	16384 10080
	16384 10112
	14048 10112
4
	0 10112
	2528 10112
	2528 10144
	0 10144
4
	7904 10112
	8992 10112
	8992 10144
	7904 10144
4
	10560 10112
	10720 10112
	10720 10144
	10560 10144
4
	12928 10112
	13568 10112
	13568 10144
	12928 10144
4
	13888 10112
	16384 10112
	16384 10144
	13888 10144
4
	0 10144
	2528 10144
	2528 10176
	0 10176
4
	7904 10144
	8992 10144
	8992 10176
	7904 10176
4
	10560 10144
	10720 10144
	10720 10176
	10560 10176
4
	12928 10144
	13568 10144
	13568 10176
	12928 10176
4
	13888 10144
	16384 10144
	16384 10176
	13888 10176
4
	0 10176
	2528 10176
	2528 10208
	0 10208
4
	7904 10176
	8992 10176
	8992 10208
	7904 10208
4
	10560 10176
	10720 10176
	10720 10208
	10560 10208
4
	12928 10176
	13568 10176
	13568 10208
	12928 10208
4
	13888 10176
	16384 10176
	16384 10208
	13888 10208
4
	0 10208
	2528 10208
	2528 10240
	0 10240
4
	7904 10208
	8992 10208
	8992 10240
	7904 10240
4
	10560 10208
	10720 10208
	10720 10240
	10560 10240
4
	12928 10208
	13568 10208
	13568 10240
	12928 10240
4
	13888 10208
	16384 10208
	16384 10240
	13888 10240
4
	0 10240
	2528 10240
	2528 10272
	0 10272
4
	7904 10240
	8992 10240
	8992 10272
	7904 10272
4
	10560 10240
	10720 10240
	10720 10272
	10560 10272
4
	12928 10240
	13568 10240
	13568 10272
	12928 10272
4
	13888 10240
	16384 10240
	16384 10272
	13888 10272
4
	0 10272
	2688 10272
	2688 10304
	0 10304
4
	5376 10272
	5856 10272
	5856 10304
	5376 10304
4
	7744 10272
	8832 10272
	8832 10304
	7744 10304
4
	10400 10272
	10880 10272
	10880 10304
	10400 10304
4
	13088 10272
	16384 10272
	16384 10304
	13088 10304
4
	0 10304
	2688 10304
	2688 10336
	0 10336
4
	5376 10304
	5856 10304
	5856 10336
	5376 10336
4
	7744 10304
	8832 10304
	8832 10336
	7744 10336
4
	10400 10304
	10880 10304
	10880 10336
	10400 10336
4
	13088 10304
	16384 10304
	16384 10336
	13088 10336
4
	0 10336
	2688 10336
	2688 10368
	0 10368
4
	5376 10336
	5856 10336
	5856 10368
	5376 10368
4
	7744 10336
	8832 10336
	8832 10368
	7744 10368
4
	10400 10336
	10880 10336
	10880 10368
	10400 10368
4
	13088 10336
	16384 10336
	16384 10368
	13088 10368
4
	0 10368
	2688 10368
	2688 10400
	0 10400
4
	5376 10368
	5856 10368
	5856 10400
	5376 10400
4
	7744 10368
	8832 10368
	8832 10400
	7744 10400
4
	10400 10368
	10880 10368
	10880 10400
	10400 10400
4
	13088 10368
	16384 10368
	16384 10400
	13088 10400
4
	0 10400
	2688 10400
	2688 10432
	0 10432
4
	5376 10400
	5856 10400
	5856 10432
	5376 10432
4
	7744 10400
	8832 10400
	8832 10432
	7744 10432
4
	10400 10400
	10880 10400
	10880 10432
	10400 10432
4
	13088 10400
	16384 10400
	16384 10432
	13088 10432
4
	0 10432
	2688 10432
	2688 10464
	0 10464
4
	5376 10432
	5856 10432
	5856 10464
	5376 10464
4
	7744 10432
	8832 10432
	8832 10464
	7744 10464
4
	10400 10432
	10880 10432
	10880 10464
	10400 10464
4
	13088 10432
	16384 10432
	16384 10464
	13088 10464
4
	0 10464
	2848 10464
	2848 10496
	0 10496
4
	5216 10464
	5856 10464
	5856 10496
	5216 10496
4
	7744 10464
	8064 10464
	8064 10496
	7744 10496
4
	8192 10464
	8512 10464
	8512 10496
	8192 10496
4
	9152 10464
	9472 10464
	9472 10496
	9152 10496
4
	10112 10464
	11040 10464
	11040 10496
	10112 10496
4
	13248 10464
	16384 10464
	16384 10496
	13248 10496
4
	0 10496
	2848 10496
	2848 10528
	0 10528
4
	5216 10496
	5856 10496
	5856 10528
	5216 10528
4
	7744 10496
	8064 10496
	8064 10528
	7744 10528
4
	8192 10496
	8512 10496
	8512 10528
	8192 10528
4
	9152 10496
	9472 10496
	9472 10528
	9152 10528
4
	10112 10496
	11040 10496
	11040 10528
	10112 10528
4
	13248 10496
	16384 10496
	16384 10528
	13248 10528
4
	0 10528
	2848 10528
	2848 10560
	0 10560
4
	5216 10528
	5856 10528
	5856 10560
	5216 10560
4
	7744 10528
	8064 10528
	8064 10560
	7744 10560
4
	8192 10528
	8512 10528
	8512 10560
	8192 10560
4
	9152 10528
	9472 10528
	9472 10560
	9152 10560
4
	10112 10528
	11040 10528
	11040 10560
	10112 10560
4
	13248 10528
	16384 10528
	16384 10560
	13248 10560
4
	0 10560
	2848 10560
	2848 10592
	0 10592
4
	5216 10560
	5856 10560
	5856 10592
	5216 10592
4
	7744 10560
	8064 10560
	8064 10592
	7744 10592
4
	8192 10560
	8512 10560
	8512 10592
	8192 10592
4
	9152 10560
	9472 10560
	9472 10592
	9152 10592
4
	10112 10560
	11040 10560
	11040 10592
	10112 10592
4
	13248 10560
	16384 10560
	16384 10592
	13248 10592
4
	0 10592
	2848 10592
	2848 10624
	0 10624
4
	5216 10592
	5856 10592
	5856 10624
	5216 10624
4
	7744 10592
	8064 10592
	8064 10624
	7744 10624
4
	8192 10592
	8512 10592
	8512 10624
	8192 10624
4
	9152 10592
	9472 10592
	9472 10624
	9152 10624
4
	10112 10592
	11040 10592
	11040 10624
	10112 10624
4
	13248 10592
	16384 10592
	16384 10624
	13248 10624
4
	0 10624
	3008 10624
	3008 10656
	0 10656
4
	5056 10624
	5696 10624
	5696 10656
	5056 10656
4
	7584 10624
	8064 10624
	8064 10656
	7584 10656
4
	8992 10624
	9632 10624
	9632 10656
	8992 10656
4
	10112 10624
	11200 10624
	11200 10656
	10112 10656
4
	13408 10624
	16384 10624
	16384 10656
	13408 10656
4
	0 10656
	3008 10656
	3008 10688
	0 10688
4
	5056 10656
	5696 10656
	5696 10688
	5056 10688
4
	7584 10656
	8064 10656
	8064 10688
	7584 10688
4
	8992 10656
	9632 10656
	9632 10688
	8992 10688
4
	10112 10656
	11200 10656
	11200 10688
	10112 10688
4
	13408 10656
	16384 10656
	16384 10688
	13408 10688
4
	0 10688
	3008 10688
	3008 10720
	0 10720
4
	5056 10688
	5696 10688
	5696 10720
	5056 10720
4
	7584 10688
	8064 10688
	8064 10720
	7584 10720
4
	8992 10688
	9632 10688
	9632 10720
	8992 10720
4
	10112 10688
	11200 10688
	11200 10720
	10112 10720
4
	13408 10688
	16384 10688
	16384 10720
	13408 10720
4
	0 10720
	3008 10720
	3008 10752
	0 10752
4
	5056 10720
	5696 10720
	5696 10752
	5056 10752
4
	7584 10720
	8064 10720
	8064 10752
	7584 10752
4
	8992 10720
	9632 10720
	9632 10752
	8992 10752
4
	10112 10720
	11200 10720
	11200 10752
	10112 10752
4
	13408 10720
	16384 10720
	16384 10752
	13408 10752
4
	0 10752
	3008 10752
	3008 10784
	0 10784
4
	5056 10752
	5696 10752
	5696 10784
	5056 10784
4
	7584 10752
	8064 10752
	8064 10784
	7584 10784
4
	8992 10752
	9632 10752
	9632 10784
	8992 10784
4
	10112 10752
	11200 10752
	11200 10784
	10112 10784
4
	13408 10752
	16384 10752
	16384 10784
	13408 10784
4
	0 10784
	3008 10784
	3008 10816
	0 10816
4
	5056 10784
	5696 10784
	5696 10816
	5056 10816
4
	7584 10784
	8064 10784
	8064 10816
	7584 10816
4
	8992 10784
	9632 10784
	9632 10816
	8992 10816
4
	10112 10784
	11200 10784
	11200 10816
	10112 10816
4
	13408 10784
	16384 10784
	16384 10816
	13408 10816
4
	0 10816
	3168 10816
	3168 10848
	0 10848
4
	4896 10816
	5856 10816
	5856 10848
	4896 10848
4
	7584 10816
	7904 10816
	7904 10848
	7584 10848
4
	8832 10816
	9792 10816
	9792 10848
	8832 10848
4
	10400 10816
	11200 10816
	11200 10848
	10400 10848
4
	13248 10816
	16384 10816
	16384 10848
	13248 10848
4
	0 10848
	3168 10848
	3168 10880
	0 10880
4
	4896 10848
	5856 10848
	5856 10880
	4896 10880
4
	7584 10848
	7904 10848
	7904 10880
	7584 10880
4
	8832 10848
	9792 10848
	9792 10880
	8832 10880
4
	10400 10848
	11200 10848
	11200 10880
	10400 10880
4
	13248 10848
	16384 10848
	16384 10880
	13248 10880
4
	0 10880
	3168 10880
	3168 10912
	0 10912
4
	4896 10880
	5856 10880
	5856 10912
	4896 10912
4
	7584 10880
	7904 10880
	7904 10912
	7584 10912
4
	8832 10880
	9792 10880
	9792 10912
	8832 10912
4
	10400 10880
	11200 10880
	11200 10912
	10400 10912
4
	13248 10880
	16384 10880
	16384 10912
	13248 10912
4
	0 10912
	3168 10912
	3168 10944
	0 10944
4
	4896 10912
	5856 10912
	5856 10944
	4896 10944
4
	7584 10912
	7904 10912
	7904 10944
	7584 10944
4
	8832 10912
	9792 10912
	9792 10944
	8832 10944
4
	10400 10912
	11200 10912
	11200 10944
	10400 10944
4
	13248 10912
	16384 10912
	16384 10944
	13248 10944
4
	0 10944
	3168 10944
	3168 10976
	0 10976
4
	4896 10944
	5856 10944
	5856 10976
	4896 10976
4
	7584 10944
	7904 10944
	7904 10976
	7584 10976
4
	8832 10944
	9792 10944
	9792 10976
	8832 10976
4
	10400 10944
	11200 10944
	11200 10976
	10400 10976
4
	13248 10944
	16384 10944
	16384 10976
	13248 10976
4
	0 10976
	3168 10976
	3168 11008
	0 11008
4
	4896 10976
	5856 10976
	5856 11008
	4896 11008
4
	7584 10976
	7904 10976
	7904 11008
	7584 11008
4
	8832 10976
	9792 10976
	9792 11008
	8832 11008
4
	10400 10976
	11200 10976
	11200 11008
	10400 11008
4
	13248 10976
	16384 10976
	16384 11008
	13248 11008
4
	0 11008
	3328 11008
	3328 11040
	0 11040
4
	4736 11008
	6016 11008
	6016 11040
	4736 11040
4
	8672 11008
	9792 11008
	9792 11040
	8672 11040
4
	10560 11008
	11200 11008
	11200 11040
	10560 11040
4
	13088 11008
	16384 11008
	16384 11040
	13088 11040
4
	0 11040
	3328 11040
	3328 11072
	0 11072
4
	4736 11040
	6016 11040
	6016 11072
	4736 11072
4
	8672 11040
	9792 11040
	9792 11072
	8672 11072
4
	10560 11040
	11200 11040
	11200 11072
	10560 11072
4
	13088 11040
	16384 11040
	16384 11072
	13088 11072
4
	0 11072
	3328 11072
	3328 11104
	0 11104
4
	4736 11072
	6016 11072
	6016 11104
	4736 11104
4
	8672 11072
	9792 11072
	9792 11104
	8672 11104
4
	10560 11072
	11200 11072
	11200 11104
	10560 11104
4
	13088 11072
	16384 11072
	16384 11104
	13088 11104
4
	0 11104
	3328 11104
	3328 11136
	0 11136
4
	4736 11104
	6016 11104
	6016 11136
	4736 11136
4
	8672 11104
	9792 11104
	9792 11136
	8672 11136
4
	10560 11104
	11200 11104
	11200 11136
	10560 11136
4
	13088 11104
	16384 11104
	16384 11136
	13088 11136
4
	0 11136
	3328 11136
	3328 11168
	0 11168
4
	4736 11136
	6016 11136
	6016 11168
	4736 11168
4
	8672 11136
	9792 11136
	9792 11168
	8672 11168
4
	10560 11136
	11200 11136
	11200 11168
	10560 11168
4
	13088 11136
	16384 11136
	16384 11168
	13088 11168
4
	0 11168
	3488 11168
	3488 11200
	0 11200
4
	4576 11168
	6016 11168
	6016 11200
	4576 11200
4
	8512 11168
	9632 11168
	9632 11200
	8512 11200
4
	12928 11168
	16384 11168
	16384 11200
	12928 11200
4
	0 11200
	3488 11200
	3488 11232
	0 11232
4
	4576 11200
	6016 11200
	6016 11232
	4576 11232
4
	8512 11200
	9632 11200
	9632 11232
	8512 11232
4
	12928 11200
	16384 11200
	16384 11232
	12928 11232
4
	0 11232
	3488 11232
	3488 11264
	0 11264
4
	4576 11232
	6016 11232
	6016 11264
	4576 11264
4
	8512 11232
	9632 11232
	9632 11264
	8512 11264
4
	12928 11232
	16384 11232
	16384 11264
	12928 11264
4
	0 11264
	3488 11264
	3488 11296
	0 11296
4
	4576 11264
	6016 11264
	6016 11296
	4576 11296
4
	8512 11264
	9632 11264
	9632 11296
	8512 11296
4
	12928 11264
	16384 11264
	16384 11296
	12928 11296
4
	0 11296
	3488 11296
	3488 11328
	0 11328
4
	4576 11296
	6016 11296
	6016 11328
	4576 11328
4
	8512 11296
	9632 11296
	9632 11328
	8512 11328
4
	12928 11296
	16384 11296
	16384 11328
	12928 11328
4
	0 11328
	3488 11328
	3488 11360
	0 11360
4
	4576 11328
	6016 11328
	6016 11360
	4576 11360
4
	8512 11328
	9632 11328
	9632 11360
	8512 11360
4
	12928 11328
	16384 11328
	16384 11360
	12928 11360
4
	0 11360
	3648 11360
	3648 11392
	0 11392
4
	4416 11360
	6144 11360
	6144 11392
	4416 11392
4
	8352 11360
	9472 11360
	9472 11392
	8352 11392
4
	12768 11360
	16384 11360
	16384 11392
	12768 11392
4
	0 11392
	3648 11392
	3648 11424
	0 11424
4
	4416 11392
	6144 11392
	6144 11424
	4416 11424
4
	8352 11392
	9472 11392
	9472 11424
	8352 11424
4
	12768 11392
	16384 11392
	16384 11424
	12768 11424
4
	0 11424
	3648 11424
	3648 11456
	0 11456
4
	4416 11424
	6144 11424
	6144 11456
	4416 11456
4
	8352 11424
	9472 11424
	9472 11456
	8352 11456
4
	12768 11424
	16384 11424
	16384 11456
	12768 11456
4
	0 11456
	3648 11456
	3648 11488
	0 11488
4
	4416 11456
	6144 11456
	6144 11488
	4416 11488
4
	8352 11456
	9472 11456
	9472 11488
	8352 11488
4
	12768 11456
	16384 11456
	16384 11488
	12768 11488
4
	0 11488
	3648 11488
	3648 11520
	0 11520
4
	4416 11488
	6144 11488
	6144 11520
	4416 11520
4
	8352 11488
	9472 11488
	9472 11520
	8352 11520
4
	12768 11488
	16384 11488
	16384 11520
	12768 11520
4
	0 11520
	3648 11520
	3648 11552
	0 11552
4
	4416 11520
	6144 11520
	6144 11552
	4416 11552
4
	8352 11520
	9472 11520
	9472 11552
	8352 11552
4
	12768 11520
	16384 11520
	16384 11552
	12768 11552
4
	0 11552
	3808 11552
	3808 11584
	0 11584
4
	4256 11552
	4736 11552
	4736 11584
	4256 11584
4
	4896 11552
	6144 11552
	6144 11584
	4896 11584
4
	6784 11552
	6944 11552
	6944 11584
	6784 11584
4
	8192 11552
	9312 11552
	9312 11584
	8192 11584
4
	12608 11552
	16384 11552
	16384 11584
	12608 11584
4
	0 11584
	3808 11584
	3808 11616
	0 11616
4
	4256 11584
	4736 11584
	4736 11616
	4256 11616
4
	4896 11584
	6144 11584
	6144 11616
	4896 11616
4
	6784 11584
	6944 11584
	6944 11616
	6784 11616
4
	8192 11584
	9312 11584
	9312 11616
	8192 11616
4
	12608 11584
	16384 11584
	16384 11616
	12608 11616
4
	0 11616
	3808 11616
	3808 11648
	0 11648
4
	4256 11616
	4736 11616
	4736 11648
	4256 11648
4
	4896 11616
	6144 11616
	6144 11648
	4896 11648
4
	6784 11616
	6944 11616
	6944 11648
	6784 11648
4
	8192 11616
	9312 11616
	9312 11648
	8192 11648
4
	12608 11616
	16384 11616
	16384 11648
	12608 11648
4
	0 11648
	3808 11648
	3808 11680
	0 11680
4
	4256 11648
	4736 11648
	4736 11680
	4256 11680
4
	4896 11648
	6144 11648
	6144 11680
	4896 11680
4
	6784 11648
	6944 11648
	6944 11680
	6784 11680
4
	8192 11648
	9312 11648
	9312 11680
	8192 11680
4
	12608 11648
	16384 11648
	16384 11680
	12608 11680
4
	0 11680
	3808 11680
	3808 11712
	0 11712
4
	4256 11680
	4736 11680
	4736 11712
	4256 11712
4
	4896 11680
	6144 11680
	6144 11712
	4896 11712
4
	6784 11680
	6944 11680
	6944 11712
	6784 11712
4
	8192 11680
	9312 11680
	9312 11712
	8192 11712
4
	12608 11680
	16384 11680
	16384 11712
	12608 11712
4
	0 11712
	3968 11712
	3968 11744
	0 11744
4
	4096 11712
	4576 11712
	4576 11744
	4096 11744
4
	5056 11712
	5536 11712
	5536 11744
	5056 11744
4
	5696 11712
	6144 11712
	6144 11744
	5696 11744
4
	6624 11712
	7104 11712
	7104 11744
	6624 11744
4
	8064 11712
	9152 11712
	9152 11744
	8064 11744
4
	12448 11712
	16384 11712
	16384 11744
	12448 11744
4
	0 11744
	3968 11744
	3968 11776
	0 11776
4
	4096 11744
	4576 11744
	4576 11776
	4096 11776
4
	5056 11744
	5536 11744
	5536 11776
	5056 11776
4
	5696 11744
	6144 11744
	6144 11776
	5696 11776
4
	6624 11744
	7104 11744
	7104 11776
	6624 11776
4
	8064 11744
	9152 11744
	9152 11776
	8064 11776
4
	12448 11744
	16384 11744
	16384 11776
	12448 11776
4
	0 11776
	3968 11776
	3968 11808
	0 11808
4
	4096 11776
	4576 11776
	4576 11808
	4096 11808
4
	5056 11776
	5536 11776
	5536 11808
	5056 11808
4
	5696 11776
	6144 11776
	6144 11808
	5696 11808
4
	6624 11776
	7104 11776
	7104 11808
	6624 11808
4
	8064 11776
	9152 11776
	9152 11808
	8064 11808
4
	12448 11776
	16384 11776
	16384 11808
	12448 11808
4
	0 11808
	3968 11808
	3968 11840
	0 11840
4
	4096 11808
	4576 11808
	4576 11840
	4096 11840
4
	5056 11808
	5536 11808
	5536 11840
	5056 11840
4
	5696 11808
	6144 11808
	6144 11840
	5696 11840
4
	6624 11808
	7104 11808
	7104 11840
	6624 11840
4
	8064 11808
	9152 11808
	9152 11840
	8064 11840
4
	12448 11808
	16384 11808
	16384 11840
	12448 11840
4
	0 11840
	3968 11840
	3968 11872
	0 11872
4
	4096 11840
	4576 11840
	4576 11872
	4096 11872
4
	5056 11840
	5536 11840
	5536 11872
	5056 11872
4
	5696 11840
	6144 11840
	6144 11872
	5696 11872
4
	6624 11840
	7104 11840
	7104 11872
	6624 11872
4
	8064 11840
	9152 11840
	9152 11872
	8064 11872
4
	12448 11840
	16384 11840
	16384 11872
	12448 11872
4
	0 11872
	3968 11872
	3968 11904
	0 11904
4
	4096 11872
	4576 11872
	4576 11904
	4096 11904
4
	5056 11872
	5536 11872
	5536 11904
	5056 11904
4
	5696 11872
	6144 11872
	6144 11904
	5696 11904
4
	6624 11872
	7104 11872
	7104 11904
	6624 11904
4
	8064 11872
	9152 11872
	9152 11904
	8064 11904
4
	12448 11872
	16384 11872
	16384 11904
	12448 11904
4
	0 11904
	4416 11904
	4416 11936
	0 11936
4
	6464 11904
	6784 11904
	6784 11936
	6464 11936
4
	7904 11904
	8992 11904
	8992 11936
	7904 11936
4
	12288 11904
	16384 11904
	16384 11936
	12288 11936
4
	0 11936
	4416 11936
	4416 11968
	0 11968
4
	6464 11936
	6784 11936
	6784 11968
	6464 11968
4
	7904 11936
	8992 11936
	8992 11968
	7904 11968
4
	12288 11936
	16384 11936
	16384 11968
	12288 11968
4
	0 11968
	4416 11968
	4416 12000
	0 12000
4
	6464 11968
	6784 11968
	6784 12000
	6464 12000
4
	7904 11968
	8992 11968
	8992 12000
	7904 12000
4
	12288 11968
	16384 11968
	16384 12000
	12288 12000
4
	0 12000
	4416 12000
	4416 12032
	0 12032
4
	6464 12000
	6784 12000
	6784 12032
	6464 12032
4
	7904 12000
	8992 12000
	8992 12032
	7904 12032
4
	12288 12000
	16384 12000
	16384 12032
	12288 12032
4
	0 12032
	4416 12032
	4416 12064
	0 12064
4
	6464 12032
	6784 12032
	6784 12064
	6464 12064
4
	7904 12032
	8992 12032
	8992 12064
	7904 12064
4
	12288 12032
	16384 12032
	16384 12064
	12288 12064
4
	0 12064
	4256 12064
	4256 12096
	0 12096
4
	6304 12064
	6624 12064
	6624 12096
	6304 12096
4
	7904 12064
	8832 12064
	8832 12096
	7904 12096
4
	12160 12064
	16384 12064
	16384 12096
	12160 12096
4
	0 12096
	4256 12096
	4256 12128
	0 12128
4
	6304 12096
	6624 12096
	6624 12128
	6304 12128
4
	7904 12096
	8832 12096
	8832 12128
	7904 12128
4
	12160 12096
	16384 12096
	16384 12128
	12160 12128
4
	0 12128
	4256 12128
	4256 12160
	0 12160
4
	6304 12128
	6624 12128
	6624 12160
	6304 12160
4
	7904 12128
	8832 12128
	8832 12160
	7904 12160
4
	12160 12128
	16384 12128
	16384 12160
	12160 12160
4
	0 12160
	4256 12160
	4256 12192
	0 12192
4
	6304 12160
	6624 12160
	6624 12192
	6304 12192
4
	7904 12160
	8832 12160
	8832 12192
	7904 12192
4
	12160 12160
	16384 12160
	16384 12192
	12160 12192
4
	0 12192
	4256 12192
	4256 12224
	0 12224
4
	6304 12192
	6624 12192
	6624 12224
	6304 12224
4
	7904 12192
	8832 12192
	8832 12224
	7904 12224
4
	12160 12192
	16384 12192
	16384 12224
	12160 12224
4
	0 12224
	4256 12224
	4256 12256
	0 12256
4
	6304 12224
	6624 12224
	6624 12256
	6304 12256
4
	7904 12224
	8832 12224
	8832 12256
	7904 12256
4
	12160 12224
	16384 12224
	16384 12256
	12160 12256
4
	0 12256
	4416 12256
	4416 12288
	0 12288
4
	6144 12256
	6464 12256
	6464 12288
	6144 12288
4
	8064 12256
	8672 12256
	8672 12288
	8064 12288
4
	12000 12256
	16384 12256
	16384 12288
	12000 12288
4
	0 12288
	4416 12288
	4416 12320
	0 12320
4
	6144 12288
	6464 12288
	6464 12320
	6144 12320
4
	8064 12288
	8672 12288
	8672 12320
	8064 12320
4
	12000 12288
	16384 12288
	16384 12320
	12000 12320
4
	0 12320
	4416 12320
	4416 12352
	0 12352
4
	6144 12320
	6464 12320
	6464 12352
	6144 12352
4
	8064 12320
	8672 12320
	8672 12352
	8064 12352
4
	12000 12320
	16384 12320
	16384 12352
	12000 12352
4
	0 12352
	4416 12352
	4416 12384
	0 12384
4
	6144 12352
	6464 12352
	6464 12384
	6144 12384
4
	8064 12352
	8672 12352
	8672 12384
	8064 12384
4
	12000 12352
	16384 12352
	16384 12384
	12000 12384
4
	0 12384
	4416 12384
	4416 12416
	0 12416
4
	6144 12384
	6464 12384
	6464 12416
	6144 12416
4
	8064 12384
	8672 12384
	8672 12416
	8064 12416
4
	12000 12384
	16384 12384
	16384 12416
	12000 12416
4
	0 12416
	4416 12416
	4416 12448
	0 12448
4
	6144 12416
	6464 12416
	6464 12448
	6144 12448
4
	8064 12416
	8672 12416
	8672 12448
	8064 12448
4
	12000 12416
	16384 12416
	16384 12448
	12000 12448
4
	0 12448
	4576 12448
	4576 12480
	0 12480
4
	6016 12448
	6304 12448
	6304 12480
	6016 12480
4
	7104 12448
	7264 12448
	7264 12480
	7104 12480
4
	8192 12448
	8512 12448
	8512 12480
	8192 12480
4
	11840 12448
	16384 12448
	16384 12480
	11840 12480
4
	0 12480
	4576 12480
	4576 12512
	0 12512
4
	6016 12480
	6304 12480
	6304 12512
	6016 12512
4
	7104 12480
	7264 12480
	7264 12512
	7104 12512
4
	8192 12480
	8512 12480
	8512 12512
	8192 12512
4
	11840 12480
	16384 12480
	16384 12512
	11840 12512
4
	0 12512
	4576 12512
	4576 12544
	0 12544
4
	6016 12512
	6304 12512
	6304 12544
	6016 12544
4
	7104 12512
	7264 12512
	7264 12544
	7104 12544
4
	8192 12512
	8512 12512
	8512 12544
	8192 12544
4
	11840 12512
	16384 12512
	16384 12544
	11840 12544
4
	0 12544
	4576 12544
	4576 12576
	0 12576
4
	6016 12544
	6304 12544
	6304 12576
	6016 12576
4
	7104 12544
	7264 12544
	7264 12576
	7104 12576
4
	8192 12544
	8512 12544
	8512 12576
	8192 12576
4
	11840 12544
	16384 12544
	16384 12576
	11840 12576
4
	0 12576
	4576 12576
	4576 12608
	0 12608
4
	6016 12576
	6304 12576
	6304 12608
	6016 12608
4
	7104 12576
	7264 12576
	7264 12608
	7104 12608
4
	8192 12576
	8512 12576
	8512 12608
	8192 12608
4
	11840 12576
	16384 12576
	16384 12608
	11840 12608
4
	0 12608
	4896 12608
	4896 12640
	0 12640
4
	5856 12608
	6144 12608
	6144 12640
	5856 12640
4
	6944 12608
	7424 12608
	7424 12640
	6944 12640
4
	11680 12608
	16384 12608
	16384 12640
	11680 12640
4
	0 12640
	4896 12640
	4896 12672
	0 12672
4
	5856 12640
	6144 12640
	6144 12672
	5856 12672
4
	6944 12640
	7424 12640
	7424 12672
	6944 12672
4
	11680 12640
	16384 12640
	16384 12672
	11680 12672
4
	0 12672
	4896 12672
	4896 12704
	0 12704
4
	5856 12672
	6144 12672
	6144 12704
	5856 12704
4
	6944 12672
	7424 12672
	7424 12704
	6944 12704
4
	11680 12672
	16384 12672
	16384 12704
	11680 12704
4
	0 12704
	4896 12704
	4896 12736
	0 12736
4
	5856 12704
	6144 12704
	6144 12736
	5856 12736
4
	6944 12704
	7424 12704
	7424 12736
	6944 12736
4
	11680 12704
	16384 12704
	16384 12736
	11680 12736
4
	0 12736
	4896 12736
	4896 12768
	0 12768
4
	5856 12736
	6144 12736
	6144 12768
	5856 12768
4
	6944 12736
	7424 12736
	7424 12768
	6944 12768
4
	11680 12736
	16384 12736
	16384 12768
	11680 12768
4
	0 12768
	4896 12768
	4896 12800
	0 12800
4
	5856 12768
	6144 12768
	6144 12800
	5856 12800
4
	6944 12768
	7424 12768
	7424 12800
	6944 12800
4
	11680 12768
	16384 12768
	16384 12800
	11680 12800
4
	0 12800
	5056 12800
	5056 12832
	0 12832
4
	5696 12800
	6016 12800
	6016 12832
	5696 12832
4
	6784 12800
	7104 12800
	7104 12832
	6784 12832
4
	11520 12800
	16384 12800
	16384 12832
	11520 12832
4
	0 12832
	5056 12832
	5056 12864
	0 12864
4
	5696 12832
	6016 12832
	6016 12864
	5696 12864
4
	6784 12832
	7104 12832
	7104 12864
	6784 12864
4
	11520 12832
	16384 12832
	16384 12864
	11520 12864
4
	0 12864
	5056 12864
	5056 12896
	0 12896
4
	5696 12864
	6016 12864
	6016 12896
	5696 12896
4
	6784 12864
	7104 12864
	7104 12896
	6784 12896
4
	11520 12864
	16384 12864
	16384 12896
	11520 12896
4
	0 12896
	5056 12896
	5056 12928
	0 12928
4
	5696 12896
	6016 12896
	6016 12928
	5696 12928
4
	6784 12896
	7104 12896
	7104 12928
	6784 12928
4
	11520 12896
	16384 12896
	16384 12928
	11520 12928
4
	0 12928
	5056 12928
	5056 12960
	0 12960
4
	5696 12928
	6016 12928
	6016 12960
	5696 12960
4
	6784 12928
	7104 12928
	7104 12960
	6784 12960
4
	11520 12928
	16384 12928
	16384 12960
	11520 12960
4
	0 12960
	5056 12960
	5056 12992
	0 12992
4
	5696 12960
	6016 12960
	6016 12992
	5696 12992
4
	6784 12960
	7104 12960
	7104 12992
	6784 12992
4
	11520 12960
	16384 12960
	16384 12992
	11520 12992
4
	0 12992
	5216 12992
	5216 13024
	0 13024
4
	5376 12992
	5856 12992
	5856 13024
	5376 13024
4
	6624 12992
	6944 12992
	6944 13024
	6624 13024
4
	11360 12992
	16384 12992
	16384 13024
	11360 13024
4
	0 13024
	5216 13024
	5216 13056
	0 13056
4
	5376 13024
	5856 13024
	5856 13056
	5376 13056
4
	6624 13024
	6944 13024
	6944 13056
	6624 13056
4
	11360 13024
	16384 13024
	16384 13056
	11360 13056
4
	0 13056
	5216 13056
	5216 13088
	0 13088
4
	5376 13056
	5856 13056
	5856 13088
	5376 13088
4
	6624 13056
	6944 13056
	6944 13088
	6624 13088
4
	11360 13056
	16384 13056
	16384 13088
	11360 13088
4
	0 13088
	5216 13088
	5216 13120
	0 13120
4
	5376 13088
	5856 13088
	5856 13120
	5376 13120
4
	6624 13088
	6944 13088
	6944 13120
	6624 13120
4
	11360 13088
	16384 13088
	16384 13120
	11360 13120
4
	0 13120
	5216 13120
	5216 13152
	0 13152
4
	5376 13120
	5856 13120
	5856 13152
	5376 13152
4
	6624 13120
	6944 13120
	6944 13152
	6624 13152
4
	11360 13120
	16384 13120
	16384 13152
	11360 13152
4
	0 13152
	5696 13152
	5696 13184
	0 13184
4
	6464 13152
	6784 13152
	6784 13184
	6464 13184
4
	11200 13152
	16384 13152
	16384 13184
	11200 13184
4
	0 13184
	5696 13184
	5696 13216
	0 13216
4
	6464 13184
	6784 13184
	6784 13216
	6464 13216
4
	11200 13184
	16384 13184
	16384 13216
	11200 13216
4
	0 13216
	5696 13216
	5696 13248
	0 13248
4
	6464 13216
	6784 13216
	6784 13248
	6464 13248
4
	11200 13216
	16384 13216
	16384 13248
	11200 13248
4
	0 13248
	5696 13248
	5696 13280
	0 13280
4
	6464 13248
	6784 13248
	6784 13280
	6464 13280
4
	11200 13248
	16384 13248
	16384 13280
	11200 13280
4
	0 13280
	5696 13280
	5696 13312
	0 13312
4
	6464 13280
	6784 13280
	6784 13312
	6464 13312
4
	11200 13280
	16384 13280
	16384 13312
	11200 13312
4
	0 13312
	5696 13312
	5696 13344
	0 13344
4
	6464 13312
	6784 13312
	6784 13344
	6464 13344
4
	11200 13312
	16384 13312
	16384 13344
	11200 13344
4
	0 13344
	5536 13344
	5536 13376
	0 13376
4
	6304 13344
	6624 13344
	6624 13376
	6304 13376
4
	7584 13344
	7904 13344
	7904 13376
	7584 13376
4
	11040 13344
	16384 13344
	16384 13376
	11040 13376
4
	0 13376
	5536 13376
	5536 13408
	0 13408
4
	6304 13376
	6624 13376
	6624 13408
	6304 13408
4
	7584 13376
	7904 13376
	7904 13408
	7584 13408
4
	11040 13376
	16384 13376
	16384 13408
	11040 13408
4
	0 13408
	5536 13408
	5536 13440
	0 13440
4
	6304 13408
	6624 13408
	6624 13440
	6304 13440
4
	7584 13408
	7904 13408
	7904 13440
	7584 13440
4
	11040 13408
	16384 13408
	16384 13440
	11040 13440
4
	0 13440
	5536 13440
	5536 13472
	0 13472
4
	6304 13440
	6624 13440
	6624 13472
	6304 13472
4
	7584 13440
	7904 13440
	7904 13472
	7584 13472
4
	11040 13440
	16384 13440
	16384 13472
	11040 13472
4
	0 13472
	5536 13472
	5536 13504
	0 13504
4
	6304 13472
	6624 13472
	6624 13504
	6304 13504
4
	7584 13472
	7904 13472
	7904 13504
	7584 13504
4
	11040 13472
	16384 13472
	16384 13504
	11040 13504
4
	0 13504
	5696 13504
	5696 13536
	0 13536
4
	6144 13504
	6464 13504
	6464 13536
	6144 13536
4
	7264 13504
	8192 13504
	8192 13536
	7264 13536
4
	10880 13504
	16384 13504
	16384 13536
	10880 13536
4
	0 13536
	5696 13536
	5696 13568
	0 13568
4
	6144 13536
	6464 13536
	6464 13568
	6144 13568
4
	7264 13536
	8192 13536
	8192 13568
	7264 13568
4
	10880 13536
	16384 13536
	16384 13568
	10880 13568
4
	0 13568
	5696 13568
	5696 13600
	0 13600
4
	6144 13568
	6464 13568
	6464 13600
	6144 13600
4
	7264 13568
	8192 13568
	8192 13600
	7264 13600
4
	10880 13568
	16384 13568
	16384 13600
	10880 13600
4
	0 13600
	5696 13600
	5696 13632
	0 13632
4
	6144 13600
	6464 13600
	6464 13632
	6144 13632
4
	7264 13600
	8192 13600
	8192 13632
	7264 13632
4
	10880 13600
	16384 13600
	16384 13632
	10880 13632
4
	0 13632
	5696 13632
	5696 13664
	0 13664
4
	6144 13632
	6464 13632
	6464 13664
	6144 13664
4
	7264 13632
	8192 13632
	8192 13664
	7264 13664
4
	10880 13632
	16384 13632
	16384 13664
	10880 13664
4
	0 13664
	5696 13664
	5696 13696
	0 13696
4
	6144 13664
	6464 13664
	6464 13696
	6144 13696
4
	7264 13664
	8192 13664
	8192 13696
	7264 13696
4
	10880 13664
	16384 13664
	16384 13696
	10880 13696
4
	0 13696
	5856 13696
	5856 13728
	0 13728
4
	6016 13696
	6304 13696
	6304 13728
	6016 13728
4
	7104 13696
	8352 13696
	8352 13728
	7104 13728
4
	10720 13696
	16384 13696
	16384 13728
	10720 13728
4
	0 13728
	5856 13728
	5856 13760
	0 13760
4
	6016 13728
	6304 13728
	6304 13760
	6016 13760
4
	7104 13728
	8352 13728
	8352 13760
	7104 13760
4
	10720 13728
	16384 13728
	16384 13760
	10720 13760
4
	0 13760
	5856 13760
	5856 13792
	0 13792
4
	6016 13760
	6304 13760
	6304 13792
	6016 13792
4
	7104 13760
	8352 13760
	8352 13792
	7104 13792
4
	10720 13760
	16384 13760
	16384 13792
	10720 13792
4
	0 13792
	5856 13792
	5856 13824
	0 13824
4
	6016 13792
	6304 13792
	6304 13824
	6016 13824
4
	7104 13792
	8352 13792
	8352 13824
	7104 13824
4
	10720 13792
	16384 13792
	16384 13824
	10720 13824
4
	0 13824
	5856 13824
	5856 13856
	0 13856
4
	6016 13824
	6304 13824
	6304 13856
	6016 13856
4
	7104 13824
	8352 13824
	8352 13856
	7104 13856
4
	10720 13824
	16384 13824
	16384 13856
	10720 13856
4
	0 13856
	5856 13856
	5856 13888
	0 13888
4
	6016 13856
	6304 13856
	6304 13888
	6016 13888
4
	7104 13856
	8352 13856
	8352 13888
	7104 13888
4
	10720 13856
	16384 13856
	16384 13888
	10720 13888
4
	0 13888
	6144 13888
	6144 13920
	0 13920
4
	7264 13888
	8352 13888
	8352 13920
	7264 13920
4
	10560 13888
	16384 13888
	16384 13920
	10560 13920
4
	0 13920
	6144 13920
	6144 13952
	0 13952
4
	7264 13920
	8352 13920
	8352 13952
	7264 13952
4
	10560 13920
	16384 13920
	16384 13952
	10560 13952
4
	0 13952
	6144 13952
	6144 13984
	0 13984
4
	7264 13952
	8352 13952
	8352 13984
	7264 13984
4
	10560 13952
	16384 13952
	16384 13984
	10560 13984
4
	0 13984
	6144 13984
	6144 14016
	0 14016
4
	7264 13984
	8352 13984
	8352 14016
	7264 14016
4
	10560 13984
	16384 13984
	16384 14016
	10560 14016
4
	0 14016
	6144 14016
	6144 14048
	0 14048
4
	7264 14016
	8352 14016
	8352 14048
	7264 14048
4
	10560 14016
	16384 14016
	16384 14048
	10560 14048
4
	0 14048
	6144 14048
	6144 14080
	0 14080
4
	7264 14048
	8192 14048
	8192 14080
	7264 14080
4
	10400 14048
	16384 14048
	16384 14080
	10400 14080
4
	0 14080
	6144 14080
	6144 14112
	0 14112
4
	7264 14080
	8192 14080
	8192 14112
	7264 14112
4
	10400 14080
	16384 14080
	16384 14112
	10400 14112
4
	0 14112
	6144 14112
	6144 14144
	0 14144
4
	7264 14112
	8192 14112
	8192 14144
	7264 14144
4
	10400 14112
	16384 14112
	16384 14144
	10400 14144
4
	0 14144
	6144 14144
	6144 14176
	0 14176
4
	7264 14144
	8192 14144
	8192 14176
	7264 14176
4
	10400 14144
	16384 14144
	16384 14176
	10400 14176
4
	0 14176
	6144 14176
	6144 14208
	0 14208
4
	7264 14176
	8192 14176
	8192 14208
	7264 14208
4
	10400 14176
	16384 14176
	16384 14208
	10400 14208
4
	0 14208
	6144 14208
	6144 14240
	0 14240
4
	7264 14208
	8192 14208
	8192 14240
	7264 14240
4
	10400 14208
	16384 14208
	16384 14240
	10400 14240
4
	0 14240
	6304 14240
	6304 14272
	0 14272
4
	7424 14240
	8064 14240
	8064 14272
	7424 14272
4
	10240 14240
	16384 14240
	16384 14272
	10240 14272
4
	0 14272
	6304 14272
	6304 14304
	0 14304
4
	7424 14272
	8064 14272
	8064 14304
	7424 14304
4
	10240 14272
	16384 14272
	16384 14304
	10240 14304
4
	0 14304
	6304 14304
	6304 14336
	0 14336
4
	7424 14304
	8064 14304
	8064 14336
	7424 14336
4
	10240 14304
	16384 14304
	16384 14336
	10240 14336
4
	0 14336
	6304 14336
	6304 14368
	0 14368
4
	7424 14336
	8064 14336
	8064 14368
	7424 14368
4
	10240 14336
	16384 14336
	16384 14368
	10240 14368
4
	0 14368
	6304 14368
	6304 14400
	0 14400
4
	7424 14368
	8064 14368
	8064 14400
	7424 14400
4
	10240 14368
	16384 14368
	16384 14400
	10240 14400
4
	0 14400
	6304 14400
	6304 14432
	0 14432
4
	7424 14400
	8064 14400
	8064 14432
	7424 14432
4
	10240 14400
	16384 14400
	16384 14432
	10240 14432
4
	0 14432
	6464 14432
	6464 14464
	0 14464
4
	7744 14432
	7904 14432
	7904 14464
	7744 14464
4
	10112 14432
	16384 14432
	16384 14464
	10112 14464
4
	0 14464
	6464 14464
	6464 14496
	0 14496
4
	7744 14464
	7904 14464
	7904 14496
	7744 14496
4
	10112 14464
	16384 14464
	16384 14496
	10112 14496
4
	0 14496
	6464 14496
	6464 14528
	0 14528
4
	7744 14496
	7904 14496
	7904 14528
	7744 14528
4
	10112 14496
	16384 14496
	16384 14528
	10112 14528
4
	0 14528
	6464 14528
	6464 14560
	0 14560
4
	7744 14528
	7904 14528
	7904 14560
	7744 14560
4
	10112 14528
	16384 14528
	16384 14560
	10112 14560
4
	0 14560
	6464 14560
	6464 14592
	0 14592
4
	7744 14560
	7904 14560
	7904 14592
	7744 14592
4
	10112 14560
	16384 14560
	16384 14592
	10112 14592
4
	0 14592
	6624 14592
	6624 14624
	0 14624
4
	9952 14592
	16384 14592
	16384 14624
	9952 14624
4
	0 14624
	6624 14624
	6624 14656
	0 14656
4
	9952 14624
	16384 14624
	16384 14656
	9952 14656
4
	0 14656
	6624 14656
	6624 14688
	0 14688
4
	9952 14656
	16384 14656
	16384 14688
	9952 14688
4
	0 14688
	6624 14688
	6624 14720
	0 14720
4
	9952 14688
	16384 14688
	16384 14720
	9952 14720
4
	0 14720
	6624 14720
	6624 14752
	0 14752
4
	9952 14720
	16384 14720
	16384 14752
	9952 14752
4
	0 14752
	6624 14752
	6624 14784
	0 14784
4
	9952 14752
	16384 14752
	16384 14784
	9952 14784
4
	0 14784
	6784 14784
	6784 14816
	0 14816
4
	9792 14784
	16384 14784
	16384 14816
	9792 14816
4
	0 14816
	6784 14816
	6784 14848
	0 14848
4
	9792 14816
	16384 14816
	16384 14848
	9792 14848
4
	0 14848
	6784 14848
	6784 14880
	0 14880
4
	9792 14848
	16384 14848
	16384 14880
	9792 14880
4
	0 14880
	6784 14880
	6784 14912
	0 14912
4
	9792 14880
	16384 14880
	16384 14912
	9792 14912
4
	0 14912
	6784 14912
	6784 14944
	0 14944
4
	9792 14912
	16384 14912
	16384 14944
	9792 14944
4
	0 14944
	6944 14944
	6944 14976
	0 14976
4
	9632 14944
	16384 14944
	16384 14976
	9632 14976
4
	0 14976
	6944 14976
	6944 15008
	0 15008
4
	9632 14976
	16384 14976
	16384 15008
	9632 15008
4
	0 15008
	6944 15008
	6944 15040
	0 15040
4
	9632 15008
	16384 15008
	16384 15040
	9632 15040
4
	0 15040
	6944 15040
	6944 15072
	0 15072
4
	9632 15040
	16384 15040
	16384 15072
	9632 15072
4
	0 15072
	6944 15072
	6944 15104
	0 15104
4
	9632 15072
	16384 15072
	16384 15104
	9632 15104
4
	0 15104
	6944 15104
	6944 15136
	0 15136
4
	9632 15104
	16384 15104
	16384 15136
	9632 15136
4
	0 15136
	7104 15136
	7104 15168
	0 15168
4
	9472 15136
	16384 15136
	16384 15168
	9472 15168
4
	0 15168
	7104 15168
	7104 15200
	0 15200
4
	9472 15168
	16384 15168
	16384 15200
	9472 15200
4
	0 15200
	7104 15200
	7104 15232
	0 15232
4
	9472 15200
	16384 15200
	16384 15232
	9472 15232
4
	0 15232
	7104 15232
	7104 15264
	0 15264
4
	9472 15232
	16384 15232
	16384 15264
	9472 15264
4
	0 15264
	7104 15264
	7104 15296
	0 15296
4
	9472 15264
	16384 15264
	16384 15296
	9472 15296
4
	0 15296
	7104 15296
	7104 15328
	0 15328
4
	9472 15296
	16384 15296
	16384 15328
	9472 15328
4
	0 15328
	7264 15328
	7264 15360
	0 15360
4
	9152 15328
	16384 15328
	16384 15360
	9152 15360
4
	0 15360
	7264 15360
	7264 15392
	0 15392
4
	9152 15360
	16384 15360
	16384 15392
	9152 15392
4
	0 15392
	7264 15392
	7264 15424
	0 15424
4
	9152 15392
	16384 15392
	16384 15424
	9152 15424
4
	0 15424
	7264 15424
	7264 15456
	0 15456
4
	9152 15424
	16384 15424
	16384 15456
	9152 15456
4
	0 15456
	7264 15456
	7264 15488
	0 15488
4
	9152 15456
	16384 15456
	16384 15488
	9152 15488
4
	0 15488
	7424 15488
	7424 15520
	0 15520
4
	8992 15488
	16384 15488
	16384 15520
	8992 15520
4
	0 15520
	7424 15520
	7424 15552
	0 15552
4
	8992 15520
	16384 15520
	16384 15552
	8992 15552
4
	0 15552
	7424 15552
	7424 15584
	0 15584
4
	8992 15552
	16384 15552
	16384 15584
	8992 15584
4
	0 15584
	7424 15584
	7424 15616
	0 15616
4
	8992 15584
	16384 15584
	16384 15616
	8992 15616
4
	0 15616
	7424 15616
	7424 15648
	0 15648
4
	8992 15616
	16384 15616
	16384 15648
	8992 15648
4
	0 15648
	7424 15648
	7424 15680
	0 15680
4
	8992 15648
	16384 15648
	16384 15680
	8992 15680
4
	0 15680
	7584 15680
	7584 15712
	0 15712
4
	8832 15680
	16384 15680
	16384 15712
	8832 15712
4
	0 15712
	7584 15712
	7584 15744
	0 15744
4
	8832 15712
	16384 15712
	16384 15744
	8832 15744
4
	0 15744
	7584 15744
	7584 15776
	0 15776
4
	8832 15744
	16384 15744
	16384 15776
	8832 15776
4
	0 15776
	7584 15776
	7584 15808
	0 15808
4
	8832 15776
	16384 15776
	16384 15808
	8832 15808
4
	0 15808
	7584 15808
	7584 15840
	0 15840
4
	8832 15808
	16384 15808
	16384 15840
	8832 15840
4
	0 15840
	7584 15840
	7584 15872
	0 15872
4
	8832 15840
	16384 15840
	16384 15872
	8832 15872
4
	0 15872
	7744 15872
	7744 15904
	0 15904
4
	8672 15872
	16384 15872
	16384 15904
	8672 15904
4
	0 15904
	7744 15904
	7744 15936
	0 15936
4
	8672 15904
	16384 15904
	16384 15936
	8672 15936
4
	0 15936
	7744 15936
	7744 15968
	0 15968
4
	8672 15936
	16384 15936
	16384 15968
	8672 15968
4
	0 15968
	7744 15968
	7744 16000
	0 16000
4
	8672 15968
	16384 15968
	16384 16000
	8672 16000
4
	0 16000
	7744 16000
	7744 16032
	0 16032
4
	8672 16000
	16384 16000
	16384 16032
	8672 16032
4
	0 16032
	16384 16032
	16384 16064
	0 16064
4
	0 16064
	16384 16064
	16384 16096
	0 16096
4
	0 16096
	16384 16096
	16384 16128
	0 16128
4
	0 16128
	16384 16128
	16384 16160
	0 16160
4
	0 16160
	16384 16160
	16384 16192
	0 16192
4
	0 16192
	16384 16192
	16384 16224
	0 16224
4
	0 16224
	16384 16224
	16384 16256
	0 16256
4
	0 16256
	16384 16256
	16384 16288
	0 16288
4
	0 16288
	16384 16288
	16384 16320
	0 16320
4
	0 16320
	16384 16320
	16384 16352
	0 16352
4
	0 16352
	16384 16352
	16384 16384
	0 16384
4
	-32 -32
	16416 -32
	16416 0
	-32 0
4
	-32 16384
	16416 16384
	16416 16416
	-32 16416
4
	-32 0
	0 0
	0 16384
	-32 16384
4
	16384 0
	16416 0
	16416 16384
	16384 16384
