1730
4
	0 0
	16384 0
	16384 32
	0 32
4
	0 32
	16384 32
	16384 64
	0 64
4
	0 64
	16384 64
	16384 96
	0 96
4
	0 96
	16384 96
	16384 128
	0 128
4
	0 128
	7168 128
	7168 160
	0 160
4
	7808 128
	16384 128
	16384 160
	7808 160
4
	0 160
	7168 160
	7168 192
	0 192
4
	7808 160
	16384 160
	16384 192
	7808 192
4
	0 192
	7168 192
	7168 224
	0 224
4
	7808 192
	16384 192
	16384 224
	7808 224
4
	0 224
	7072 224
	7072 256
	0 256
4
	7808 224
	16384 224
	16384 256
	7808 256
4
	0 256
	7072 256
	7072 288
	0 288
4
	7808 256
	16384 256
	16384 288
	7808 288
4
	0 288
	7072 288
	7072 320
	0 320
4
	7808 288
	16384 288
	16384 320
	7808 320
4
	0 320
	7072 320
	7072 352
	0 352
4
	7680 320
	16384 320
	16384 352
	7680 352
4
	0 352
	7072 352
	7072 384
	0 384
4
	7680 352
	16384 352
	16384 384
	7680 384
4
	0 384
	7072 384
	7072 416
	0 416
4
	7680 384
	16384 384
	16384 416
	7680 416
4
	0 416
	6976 416
	6976 448
	0 448
4
	7680 416
	16384 416
	16384 448
	7680 448
4
	0 448
	6976 448
	6976 480
	0 480
4
	7680 448
	16384 448
	16384 480
	7680 480
4
	0 480
	6976 480
	6976 512
	0 512
4
	7680 480
	16384 480
	16384 512
	7680 512
4
	0 512
	6880 512
	6880 544
	0 544
4
	7584 512
	16384 512
	16384 544
	7584 544
4
	0 544
	6880 544
	6880 576
	0 576
4
	7584 544
	16384 544
	16384 576
	7584 576
4
	0 576
	6880 576
	6880 608
	0 608
4
	7584 576
	16384 576
	16384 608
	7584 608
4
	0 608
	6880 608
	6880 640
	0 640
4
	7584 608
	16384 608
	16384 640
	7584 640
4
	0 640
	6880 640
	6880 672
	0 672
4
	7584 640
	16384 640
	16384 672
	7584 672
4
	0 672
	6880 672
	6880 704
	0 704
4
	7584 672
	16384 672
	16384 704
	7584 704
4
	0 704
	6880 704
	6880 736
	0 736
4
	7584 704
	16384 704
	16384 736
	7584 736
4
	0 736
	6784 736
	6784 768
	0 768
4
	7488 736
	16384 736
	16384 768
	7488 768
4
	0 768
	6784 768
	6784 800
	0 800
4
	7488 768
	16384 768
	16384 800
	7488 800
4
	0 800
	6784 800
	6784 832
	0 832
4
	7488 800
	16384 800
	16384 832
	7488 832
4
	0 832
	6784 832
	6784 864
	0 864
4
	7488 832
	16384 832
	16384 864
	7488 864
4
	0 864
	6784 864
	6784 896
	0 896
4
	7488 864
	16384 864
	16384 896
	7488 896
4
	0 896
	6784 896
	6784 928
	0 928
4
	7488 896
	16384 896
	16384 928
	7488 928
4
	0 928
	6656 928
	6656 960
	0 960
4
	7392 928
	16384 928
	16384 960
	7392 960
4
	0 960
	6656 960
	6656 992
	0 992
4
	7392 960
	16384 960
	16384 992
	7392 992
4
	0 992
	6656 992
	6656 1024
	0 1024
4
	7392 992
	16384 992
	16384 1024
	7392 1024
4
	0 1024
	6656 1024
	6656 1056
	0 1056
4
	7392 1024
	16384 1024
	16384 1056
	7392 1056
4
	0 1056
	6656 1056
	6656 1088
	0 1088
4
	7392 1056
	16384 1056
	16384 1088
	7392 1088
4
	0 1088
	6656 1088
	6656 1120
	0 1120
4
	7392 1088
	16384 1088
	16384 1120
	7392 1120
4
	0 1120
	6656 1120
	6656 1152
	0 1152
4
	7392 1120
	16384 1120
	16384 1152
	7392 1152
4
	0 1152
	6560 1152
	6560 1184
	0 1184
4
	7296 1152
	16384 1152
	16384 1184
	7296 1184
4
	0 1184
	6560 1184
	6560 1216
	0 1216
4
	7296 1184
	16384 1184
	16384 1216
	7296 1216
4
	0 1216
	6560 1216
	6560 1248
	0 1248
4
	7296 1216
	16384 1216
	16384 1248
	7296 1248
4
	0 1248
	6560 1248
	6560 1280
	0 1280
4
	7168 1248
	16384 1248
	16384 1280
	7168 1280
4
	0 1280
	6560 1280
	6560 1312
	0 1312
4
	7168 1280
	16384 1280
	16384 1312
	7168 1312
4
	0 1312
	6560 1312
	6560 1344
	0 1344
4
	7168 1312
	16384 1312
	16384 1344
	7168 1344
4
	0 1344
	6464 1344
	6464 1376
	0 1376
4
	7168 1344
	16384 1344
	16384 1376
	7168 1376
4
	0 1376
	6464 1376
	6464 1408
	0 1408
4
	7168 1376
	16384 1376
	16384 1408
	7168 1408
4
	0 1408
	6464 1408
	6464 1440
	0 1440
4
	7168 1408
	16384 1408
	16384 1440
	7168 1440
4
	0 1440
	6464 1440
	6464 1472
	0 1472
4
	7072 1440
	16384 1440
	16384 1472
	7072 1472
4
	0 1472
	6464 1472
	6464 1504
	0 1504
4
	7072 1472
	16384 1472
	16384 1504
	7072 1504
4
	0 1504
	6464 1504
	6464 1536
	0 1536
4
	7072 1504
	16384 1504
	16384 1536
	7072 1536
4
	0 1536
	6368 1536
	6368 1568
	0 1568
4
	7072 1536
	16384 1536
	16384 1568
	7072 1568
4
	0 1568
	6368 1568
	6368 1600
	0 1600
4
	7072 1568
	16384 1568
	16384 1600
	7072 1600
4
	0 1600
	6368 1600
	6368 1632
	0 1632
4
	7072 1600
	16384 1600
	16384 1632
	7072 1632
4
	0 1632
	6368 1632
	6368 1664
	0 1664
4
	7072 1632
	16384 1632
	16384 1664
	7072 1664
4
	0 1664
	6272 1664
	6272 1696
	0 1696
4
	6976 1664
	16384 1664
	16384 1696
	6976 1696
4
	0 1696
	6272 1696
	6272 1728
	0 1728
4
	6976 1696
	16384 1696
	16384 1728
	6976 1728
4
	0 1728
	6272 1728
	6272 1760
	0 1760
4
	6976 1728
	16384 1728
	16384 1760
	6976 1760
4
	0 1760
	6272 1760
	6272 1792
	0 1792
4
	6976 1760
	10560 1760
	10560 1792
	6976 1792
4
	10880 1760
	16384 1760
	16384 1792
	10880 1792
4
	0 1792
	6272 1792
	6272 1824
	0 1824
4
	6976 1792
	10560 1792
	10560 1824
	6976 1824
4
	10880 1792
	16384 1792
	16384 1824
	10880 1824
4
	0 1824
	6272 1824
	6272 1856
	0 1856
4
	6976 1824
	10560 1824
	10560 1856
	6976 1856
4
	10880 1824
	16384 1824
	16384 1856
	10880 1856
4
	0 1856
	6144 1856
	6144 1888
	0 1888
4
	6880 1856
	10240 1856
	10240 1888
	6880 1888
4
	10880 1856
	16384 1856
	16384 1888
	10880 1888
4
	0 1888
	6144 1888
	6144 1920
	0 1920
4
	6880 1888
	10240 1888
	10240 1920
	6880 1920
4
	10880 1888
	16384 1888
	16384 1920
	10880 1920
4
	0 1920
	6144 1920
	6144 1952
	0 1952
4
	6880 1920
	10240 1920
	10240 1952
	6880 1952
4
	10880 1920
	16384 1920
	16384 1952
	10880 1952
4
	0 1952
	6048 1952
	6048 1984
	0 1984
4
	6784 1952
	10240 1952
	10240 1984
	6784 1984
4
	10976 1952
	16384 1952
	16384 1984
	10976 1984
4
	0 1984
	6048 1984
	6048 2016
	0 2016
4
	6784 1984
	10240 1984
	10240 2016
	6784 2016
4
	10976 1984
	16384 1984
	16384 2016
	10976 2016
4
	0 2016
	6048 2016
	6048 2048
	0 2048
4
	6784 2016
	10240 2016
	10240 2048
	6784 2048
4
	10976 2016
	16384 2016
	16384 2048
	10976 2048
4
	0 2048
	6048 2048
	6048 2080
	0 2080
4
	6656 2048
	10368 2048
	10368 2080
	6656 2080
4
	10976 2048
	16384 2048
	16384 2080
	10976 2080
4
	0 2080
	6048 2080
	6048 2112
	0 2112
4
	6656 2080
	10368 2080
	10368 2112
	6656 2112
4
	10976 2080
	16384 2080
	16384 2112
	10976 2112
4
	0 2112
	6048 2112
	6048 2144
	0 2144
4
	6656 2112
	10368 2112
	10368 2144
	6656 2144
4
	10976 2112
	16384 2112
	16384 2144
	10976 2144
4
	0 2144
	6048 2144
	6048 2176
	0 2176
4
	6656 2144
	10368 2144
	10368 2176
	6656 2176
4
	10976 2144
	16384 2144
	16384 2176
	10976 2176
4
	0 2176
	5952 2176
	5952 2208
	0 2208
4
	6560 2176
	10368 2176
	10368 2208
	6560 2208
4
	10976 2176
	16384 2176
	16384 2208
	10976 2208
4
	0 2208
	5952 2208
	5952 2240
	0 2240
4
	6560 2208
	10368 2208
	10368 2240
	6560 2240
4
	10976 2208
	16384 2208
	16384 2240
	10976 2240
4
	0 2240
	5952 2240
	5952 2272
	0 2272
4
	6560 2240
	10368 2240
	10368 2272
	6560 2272
4
	10976 2240
	16384 2240
	16384 2272
	10976 2272
4
	0 2272
	5952 2272
	5952 2304
	0 2304
4
	6464 2272
	10368 2272
	10368 2304
	6464 2304
4
	11072 2272
	16384 2272
	16384 2304
	11072 2304
4
	0 2304
	5952 2304
	5952 2336
	0 2336
4
	6464 2304
	10368 2304
	10368 2336
	6464 2336
4
	11072 2304
	16384 2304
	16384 2336
	11072 2336
4
	0 2336
	5952 2336
	5952 2368
	0 2368
4
	6464 2336
	10368 2336
	10368 2368
	6464 2368
4
	11072 2336
	16384 2336
	16384 2368
	11072 2368
4
	0 2368
	3296 2368
	3296 2400
	0 2400
4
	3584 2368
	5952 2368
	5952 2400
	3584 2400
4
	6464 2368
	10368 2368
	10368 2400
	6464 2400
4
	11072 2368
	16384 2368
	16384 2400
	11072 2400
4
	0 2400
	3296 2400
	3296 2432
	0 2432
4
	3584 2400
	5952 2400
	5952 2432
	3584 2432
4
	6464 2400
	10368 2400
	10368 2432
	6464 2432
4
	11072 2400
	16384 2400
	16384 2432
	11072 2432
4
	0 2432
	3296 2432
	3296 2464
	0 2464
4
	3584 2432
	5952 2432
	5952 2464
	3584 2464
4
	6464 2432
	10368 2432
	10368 2464
	6464 2464
4
	11072 2432
	16384 2432
	16384 2464
	11072 2464
4
	0 2464
	3296 2464
	3296 2496
	0 2496
4
	4096 2464
	5856 2464
	5856 2496
	4096 2496
4
	6368 2464
	10464 2464
	10464 2496
	6368 2496
4
	11072 2464
	16384 2464
	16384 2496
	11072 2496
4
	0 2496
	3296 2496
	3296 2528
	0 2528
4
	4096 2496
	5856 2496
	5856 2528
	4096 2528
4
	6368 2496
	10464 2496
	10464 2528
	6368 2528
4
	11072 2496
	16384 2496
	16384 2528
	11072 2528
4
	0 2528
	3296 2528
	3296 2560
	0 2560
4
	4096 2528
	5856 2528
	5856 2560
	4096 2560
4
	6368 2528
	10464 2528
	10464 2560
	6368 2560
4
	11072 2528
	16384 2528
	16384 2560
	11072 2560
4
	0 2560
	3392 2560
	3392 2592
	0 2592
4
	4320 2560
	5856 2560
	5856 2592
	4320 2592
4
	6368 2560
	10464 2560
	10464 2592
	6368 2592
4
	11072 2560
	16384 2560
	16384 2592
	11072 2592
4
	0 2592
	3392 2592
	3392 2624
	0 2624
4
	4320 2592
	5856 2592
	5856 2624
	4320 2624
4
	6368 2592
	10464 2592
	10464 2624
	6368 2624
4
	11072 2592
	16384 2592
	16384 2624
	11072 2624
4
	0 2624
	3392 2624
	3392 2656
	0 2656
4
	4320 2624
	5856 2624
	5856 2656
	4320 2656
4
	6368 2624
	10464 2624
	10464 2656
	6368 2656
4
	11072 2624
	16384 2624
	16384 2656
	11072 2656
4
	0 2656
	3392 2656
	3392 2688
	0 2688
4
	4320 2656
	5856 2656
	5856 2688
	4320 2688
4
	6368 2656
	10464 2656
	10464 2688
	6368 2688
4
	11072 2656
	16384 2656
	16384 2688
	11072 2688
4
	0 2688
	3712 2688
	3712 2720
	0 2720
4
	4512 2688
	4928 2688
	4928 2720
	4512 2720
4
	5024 2688
	5856 2688
	5856 2720
	5024 2720
4
	6368 2688
	10464 2688
	10464 2720
	6368 2720
4
	11072 2688
	16384 2688
	16384 2720
	11072 2720
4
	0 2720
	3712 2720
	3712 2752
	0 2752
4
	4512 2720
	4928 2720
	4928 2752
	4512 2752
4
	5024 2720
	5856 2720
	5856 2752
	5024 2752
4
	6368 2720
	10464 2720
	10464 2752
	6368 2752
4
	11072 2720
	16384 2720
	16384 2752
	11072 2752
4
	0 2752
	3712 2752
	3712 2784
	0 2784
4
	4512 2752
	4928 2752
	4928 2784
	4512 2784
4
	5024 2752
	5856 2752
	5856 2784
	5024 2784
4
	6368 2752
	10464 2752
	10464 2784
	6368 2784
4
	11072 2752
	16384 2752
	16384 2784
	11072 2784
4
	0 2784
	2560 2784
	2560 2816
	0 2816
4
	2784 2784
	3808 2784
	3808 2816
	2784 2816
4
	5024 2784
	5856 2784
	5856 2816
	5024 2816
4
	6368 2784
	10464 2784
	10464 2816
	6368 2816
4
	11168 2784
	16384 2784
	16384 2816
	11168 2816
4
	0 2816
	2560 2816
	2560 2848
	0 2848
4
	2784 2816
	3808 2816
	3808 2848
	2784 2848
4
	5024 2816
	5856 2816
	5856 2848
	5024 2848
4
	6368 2816
	10464 2816
	10464 2848
	6368 2848
4
	11168 2816
	16384 2816
	16384 2848
	11168 2848
4
	0 2848
	2560 2848
	2560 2880
	0 2880
4
	2784 2848
	3808 2848
	3808 2880
	2784 2880
4
	5024 2848
	5856 2848
	5856 2880
	5024 2880
4
	6368 2848
	10464 2848
	10464 2880
	6368 2880
4
	11168 2848
	16384 2848
	16384 2880
	11168 2880
4
	0 2880
	2560 2880
	2560 2912
	0 2912
4
	3072 2880
	3904 2880
	3904 2912
	3072 2912
4
	5024 2880
	5760 2880
	5760 2912
	5024 2912
4
	6368 2880
	10560 2880
	10560 2912
	6368 2912
4
	11168 2880
	16384 2880
	16384 2912
	11168 2912
4
	0 2912
	2560 2912
	2560 2944
	0 2944
4
	3072 2912
	3904 2912
	3904 2944
	3072 2944
4
	5024 2912
	5760 2912
	5760 2944
	5024 2944
4
	6368 2912
	10560 2912
	10560 2944
	6368 2944
4
	11168 2912
	16384 2912
	16384 2944
	11168 2944
4
	0 2944
	2560 2944
	2560 2976
	0 2976
4
	3072 2944
	3904 2944
	3904 2976
	3072 2976
4
	5024 2944
	5760 2944
	5760 2976
	5024 2976
4
	6368 2944
	10560 2944
	10560 2976
	6368 2976
4
	11168 2944
	16384 2944
	16384 2976
	11168 2976
4
	0 2976
	2784 2976
	2784 3008
	0 3008
4
	2976 2976
	3808 2976
	3808 3008
	2976 3008
4
	4928 2976
	5344 2976
	5344 3008
	4928 3008
4
	6368 2976
	10560 2976
	10560 3008
	6368 3008
4
	11264 2976
	16384 2976
	16384 3008
	11264 3008
4
	0 3008
	2784 3008
	2784 3040
	0 3040
4
	2976 3008
	3808 3008
	3808 3040
	2976 3040
4
	4928 3008
	5344 3008
	5344 3040
	4928 3040
4
	6368 3008
	10560 3008
	10560 3040
	6368 3040
4
	11264 3008
	16384 3008
	16384 3040
	11264 3040
4
	0 3040
	2784 3040
	2784 3072
	0 3072
4
	2976 3040
	3808 3040
	3808 3072
	2976 3072
4
	4928 3040
	5344 3040
	5344 3072
	4928 3072
4
	6368 3040
	10560 3040
	10560 3072
	6368 3072
4
	11264 3040
	16384 3040
	16384 3072
	11264 3072
4
	0 3072
	2880 3072
	2880 3104
	0 3104
4
	2976 3072
	3584 3072
	3584 3104
	2976 3104
4
	4928 3072
	5344 3072
	5344 3104
	4928 3104
4
	6368 3072
	6976 3072
	6976 3104
	6368 3104
4
	7072 3072
	10560 3072
	10560 3104
	7072 3104
4
	11264 3072
	16384 3072
	16384 3104
	11264 3104
4
	0 3104
	2880 3104
	2880 3136
	0 3136
4
	2976 3104
	3584 3104
	3584 3136
	2976 3136
4
	4928 3104
	5344 3104
	5344 3136
	4928 3136
4
	6368 3104
	6976 3104
	6976 3136
	6368 3136
4
	7072 3104
	10560 3104
	10560 3136
	7072 3136
4
	11264 3104
	16384 3104
	16384 3136
	11264 3136
4
	0 3136
	2880 3136
	2880 3168
	0 3168
4
	2976 3136
	3584 3136
	3584 3168
	2976 3168
4
	4928 3136
	5344 3136
	5344 3168
	4928 3168
4
	6368 3136
	6976 3136
	6976 3168
	6368 3168
4
	7072 3136
	10560 3136
	10560 3168
	7072 3168
4
	11264 3136
	16384 3136
	16384 3168
	11264 3168
4
	0 3168
	2880 3168
	2880 3200
	0 3200
4
	2976 3168
	3584 3168
	3584 3200
	2976 3200
4
	4928 3168
	5344 3168
	5344 3200
	4928 3200
4
	6368 3168
	6976 3168
	6976 3200
	6368 3200
4
	7072 3168
	10560 3168
	10560 3200
	7072 3200
4
	11264 3168
	16384 3168
	16384 3200
	11264 3200
4
	0 3200
	2880 3200
	2880 3232
	0 3232
4
	3072 3200
	3392 3200
	3392 3232
	3072 3232
4
	6368 3200
	6880 3200
	6880 3232
	6368 3232
4
	7168 3200
	10656 3200
	10656 3232
	7168 3232
4
	11264 3200
	16384 3200
	16384 3232
	11264 3232
4
	0 3232
	2880 3232
	2880 3264
	0 3264
4
	3072 3232
	3392 3232
	3392 3264
	3072 3264
4
	6368 3232
	6880 3232
	6880 3264
	6368 3264
4
	7168 3232
	10656 3232
	10656 3264
	7168 3264
4
	11264 3232
	16384 3232
	16384 3264
	11264 3264
4
	0 3264
	2880 3264
	2880 3296
	0 3296
4
	3072 3264
	3392 3264
	3392 3296
	3072 3296
4
	6368 3264
	6880 3264
	6880 3296
	6368 3296
4
	7168 3264
	10656 3264
	10656 3296
	7168 3296
4
	11264 3264
	16384 3264
	16384 3296
	11264 3296
4
	0 3296
	2048 3296
	2048 3328
	0 3328
4
	2176 3296
	2976 3296
	2976 3328
	2176 3328
4
	7168 3296
	10656 3296
	10656 3328
	7168 3328
4
	11264 3296
	16384 3296
	16384 3328
	11264 3328
4
	0 3328
	2048 3328
	2048 3360
	0 3360
4
	2176 3328
	2976 3328
	2976 3360
	2176 3360
4
	7168 3328
	10656 3328
	10656 3360
	7168 3360
4
	11264 3328
	16384 3328
	16384 3360
	11264 3360
4
	0 3360
	2048 3360
	2048 3392
	0 3392
4
	2176 3360
	2976 3360
	2976 3392
	2176 3392
4
	7168 3360
	10656 3360
	10656 3392
	7168 3392
4
	11264 3360
	16384 3360
	16384 3392
	11264 3392
4
	0 3392
	2048 3392
	2048 3424
	0 3424
4
	2368 3392
	2976 3392
	2976 3424
	2368 3424
4
	7072 3392
	10656 3392
	10656 3424
	7072 3424
4
	11264 3392
	16384 3392
	16384 3424
	11264 3424
4
	0 3424
	2048 3424
	2048 3456
	0 3456
4
	2368 3424
	2976 3424
	2976 3456
	2368 3456
4
	7072 3424
	10656 3424
	10656 3456
	7072 3456
4
	11264 3424
	16384 3424
	16384 3456
	11264 3456
4
	0 3456
	2048 3456
	2048 3488
	0 3488
4
	2368 3456
	2976 3456
	2976 3488
	2368 3488
4
	7072 3456
	10656 3456
	10656 3488
	7072 3488
4
	11264 3456
	16384 3456
	16384 3488
	11264 3488
4
	0 3488
	1952 3488
	1952 3520
	0 3520
4
	2560 3488
	2976 3488
	2976 3520
	2560 3520
4
	6880 3488
	10656 3488
	10656 3520
	6880 3520
4
	11392 3488
	16384 3488
	16384 3520
	11392 3520
4
	0 3520
	1952 3520
	1952 3552
	0 3552
4
	2560 3520
	2976 3520
	2976 3552
	2560 3552
4
	6880 3520
	10656 3520
	10656 3552
	6880 3552
4
	11392 3520
	16384 3520
	16384 3552
	11392 3552
4
	0 3552
	1952 3552
	1952 3584
	0 3584
4
	2560 3552
	2976 3552
	2976 3584
	2560 3584
4
	6880 3552
	10656 3552
	10656 3584
	6880 3584
4
	11392 3552
	16384 3552
	16384 3584
	11392 3584
4
	0 3584
	1952 3584
	1952 3616
	0 3616
4
	2784 3584
	2976 3584
	2976 3616
	2784 3616
4
	6656 3584
	10752 3584
	10752 3616
	6656 3616
4
	11392 3584
	16384 3584
	16384 3616
	11392 3616
4
	0 3616
	1952 3616
	1952 3648
	0 3648
4
	2784 3616
	2976 3616
	2976 3648
	2784 3648
4
	6656 3616
	10752 3616
	10752 3648
	6656 3648
4
	11392 3616
	16384 3616
	16384 3648
	11392 3648
4
	0 3648
	1952 3648
	1952 3680
	0 3680
4
	2784 3648
	2976 3648
	2976 3680
	2784 3680
4
	6656 3648
	10752 3648
	10752 3680
	6656 3680
4
	11392 3648
	16384 3648
	16384 3680
	11392 3680
4
	0 3680
	1952 3680
	1952 3712
	0 3712
4
	2784 3680
	2976 3680
	2976 3712
	2784 3712
4
	6656 3680
	10752 3680
	10752 3712
	6656 3712
4
	11392 3680
	16384 3680
	16384 3712
	11392 3712
4
	0 3712
	2048 3712
	2048 3744
	0 3744
4
	2464 3712
	2688 3712
	2688 3744
	2464 3744
4
	6656 3712
	10752 3712
	10752 3744
	6656 3744
4
	11392 3712
	16384 3712
	16384 3744
	11392 3744
4
	0 3744
	2048 3744
	2048 3776
	0 3776
4
	2464 3744
	2688 3744
	2688 3776
	2464 3776
4
	6656 3744
	10752 3744
	10752 3776
	6656 3776
4
	11392 3744
	16384 3744
	16384 3776
	11392 3776
4
	0 3776
	2048 3776
	2048 3808
	0 3808
4
	2464 3776
	2688 3776
	2688 3808
	2464 3808
4
	6656 3776
	10752 3776
	10752 3808
	6656 3808
4
	11392 3776
	16384 3776
	16384 3808
	11392 3808
4
	0 3808
	2272 3808
	2272 3840
	0 3840
4
	2368 3808
	2784 3808
	2784 3840
	2368 3840
4
	6656 3808
	10752 3808
	10752 3840
	6656 3840
4
	11488 3808
	16384 3808
	16384 3840
	11488 3840
4
	0 3840
	2272 3840
	2272 3872
	0 3872
4
	2368 3840
	2784 3840
	2784 3872
	2368 3872
4
	6656 3840
	10752 3840
	10752 3872
	6656 3872
4
	11488 3840
	16384 3840
	16384 3872
	11488 3872
4
	0 3872
	2272 3872
	2272 3904
	0 3904
4
	2368 3872
	2784 3872
	2784 3904
	2368 3904
4
	6656 3872
	10752 3872
	10752 3904
	6656 3904
4
	11488 3872
	16384 3872
	16384 3904
	11488 3904
4
	0 3904
	2880 3904
	2880 3936
	0 3936
4
	6656 3904
	10880 3904
	10880 3936
	6656 3936
4
	11488 3904
	16384 3904
	16384 3936
	11488 3936
4
	0 3936
	2880 3936
	2880 3968
	0 3968
4
	6656 3936
	10880 3936
	10880 3968
	6656 3968
4
	11488 3936
	16384 3936
	16384 3968
	11488 3968
4
	0 3968
	2880 3968
	2880 4000
	0 4000
4
	6656 3968
	10880 3968
	10880 4000
	6656 4000
4
	11488 3968
	16384 3968
	16384 4000
	11488 4000
4
	0 4000
	2784 4000
	2784 4032
	0 4032
4
	6656 4000
	7488 4000
	7488 4032
	6656 4032
4
	7680 4000
	10880 4000
	10880 4032
	7680 4032
4
	11488 4000
	16384 4000
	16384 4032
	11488 4032
4
	0 4032
	2784 4032
	2784 4064
	0 4064
4
	6656 4032
	7488 4032
	7488 4064
	6656 4064
4
	7680 4032
	10880 4032
	10880 4064
	7680 4064
4
	11488 4032
	16384 4032
	16384 4064
	11488 4064
4
	0 4064
	2784 4064
	2784 4096
	0 4096
4
	6656 4064
	7488 4064
	7488 4096
	6656 4096
4
	7680 4064
	10880 4064
	10880 4096
	7680 4096
4
	11488 4064
	16384 4064
	16384 4096
	11488 4096
4
	0 4096
	2688 4096
	2688 4128
	0 4128
4
	6784 4096
	7072 4096
	7072 4128
	6784 4128
4
	7680 4096
	10880 4096
	10880 4128
	7680 4128
4
	11488 4096
	16384 4096
	16384 4128
	11488 4128
4
	0 4128
	2688 4128
	2688 4160
	0 4160
4
	6784 4128
	7072 4128
	7072 4160
	6784 4160
4
	7680 4128
	10880 4128
	10880 4160
	7680 4160
4
	11488 4128
	16384 4128
	16384 4160
	11488 4160
4
	0 4160
	2688 4160
	2688 4192
	0 4192
4
	6784 4160
	7072 4160
	7072 4192
	6784 4192
4
	7680 4160
	10880 4160
	10880 4192
	7680 4192
4
	11488 4160
	16384 4160
	16384 4192
	11488 4192
4
	0 4192
	2688 4192
	2688 4224
	0 4224
4
	6784 4192
	7072 4192
	7072 4224
	6784 4224
4
	7680 4192
	10880 4192
	10880 4224
	7680 4224
4
	11488 4192
	16384 4192
	16384 4224
	11488 4224
4
	0 4224
	2688 4224
	2688 4256
	0 4256
4
	7392 4224
	10880 4224
	10880 4256
	7392 4256
4
	11584 4224
	16384 4224
	16384 4256
	11584 4256
4
	0 4256
	2688 4256
	2688 4288
	0 4288
4
	7392 4256
	10880 4256
	10880 4288
	7392 4288
4
	11584 4256
	16384 4256
	16384 4288
	11584 4288
4
	0 4288
	2688 4288
	2688 4320
	0 4320
4
	7392 4288
	10880 4288
	10880 4320
	7392 4320
4
	11584 4288
	16384 4288
	16384 4320
	11584 4320
4
	0 4320
	2688 4320
	2688 4352
	0 4352
4
	7168 4320
	10976 4320
	10976 4352
	7168 4352
4
	11584 4320
	16384 4320
	16384 4352
	11584 4352
4
	0 4352
	2688 4352
	2688 4384
	0 4384
4
	7168 4352
	10976 4352
	10976 4384
	7168 4384
4
	11584 4352
	16384 4352
	16384 4384
	11584 4384
4
	0 4384
	2688 4384
	2688 4416
	0 4416
4
	7168 4384
	10976 4384
	10976 4416
	7168 4416
4
	11584 4384
	16384 4384
	16384 4416
	11584 4416
4
	0 4416
	1760 4416
	1760 4448
	0 4448
4
	2464 4416
	2688 4416
	2688 4448
	2464 4448
4
	4928 4416
	5248 4416
	5248 4448
	4928 4448
4
	7072 4416
	10976 4416
	10976 4448
	7072 4448
4
	11584 4416
	16384 4416
	16384 4448
	11584 4448
4
	0 4448
	1760 4448
	1760 4480
	0 4480
4
	2464 4448
	2688 4448
	2688 4480
	2464 4480
4
	4928 4448
	5248 4448
	5248 4480
	4928 4480
4
	7072 4448
	10976 4448
	10976 4480
	7072 4480
4
	11584 4448
	16384 4448
	16384 4480
	11584 4480
4
	0 4480
	1760 4480
	1760 4512
	0 4512
4
	2464 4480
	2688 4480
	2688 4512
	2464 4512
4
	4928 4480
	5248 4480
	5248 4512
	4928 4512
4
	7072 4480
	10976 4480
	10976 4512
	7072 4512
4
	11584 4480
	16384 4480
	16384 4512
	11584 4512
4
	0 4512
	1760 4512
	1760 4544
	0 4544
4
	4832 4512
	5344 4512
	5344 4544
	4832 4544
4
	7072 4512
	11072 4512
	11072 4544
	7072 4544
4
	11584 4512
	16384 4512
	16384 4544
	11584 4544
4
	0 4544
	1760 4544
	1760 4576
	0 4576
4
	4832 4544
	5344 4544
	5344 4576
	4832 4576
4
	7072 4544
	11072 4544
	11072 4576
	7072 4576
4
	11584 4544
	16384 4544
	16384 4576
	11584 4576
4
	0 4576
	1760 4576
	1760 4608
	0 4608
4
	4832 4576
	5344 4576
	5344 4608
	4832 4608
4
	7072 4576
	11072 4576
	11072 4608
	7072 4608
4
	11584 4576
	16384 4576
	16384 4608
	11584 4608
4
	0 4608
	1760 4608
	1760 4640
	0 4640
4
	4320 4608
	5344 4608
	5344 4640
	4320 4640
4
	7168 4608
	11072 4608
	11072 4640
	7168 4640
4
	12096 4608
	16384 4608
	16384 4640
	12096 4640
4
	0 4640
	1760 4640
	1760 4672
	0 4672
4
	4320 4640
	5344 4640
	5344 4672
	4320 4672
4
	7168 4640
	11072 4640
	11072 4672
	7168 4672
4
	12096 4640
	16384 4640
	16384 4672
	12096 4672
4
	0 4672
	1760 4672
	1760 4704
	0 4704
4
	4320 4672
	5344 4672
	5344 4704
	4320 4704
4
	7168 4672
	11072 4672
	11072 4704
	7168 4704
4
	12096 4672
	16384 4672
	16384 4704
	12096 4704
4
	0 4704
	1760 4704
	1760 4736
	0 4736
4
	4320 4704
	5344 4704
	5344 4736
	4320 4736
4
	7168 4704
	11072 4704
	11072 4736
	7168 4736
4
	12096 4704
	16384 4704
	16384 4736
	12096 4736
4
	0 4736
	1856 4736
	1856 4768
	0 4768
4
	4224 4736
	5248 4736
	5248 4768
	4224 4768
4
	7168 4736
	11072 4736
	11072 4768
	7168 4768
4
	12096 4736
	16384 4736
	16384 4768
	12096 4768
4
	0 4768
	1856 4768
	1856 4800
	0 4800
4
	4224 4768
	5248 4768
	5248 4800
	4224 4800
4
	7168 4768
	11072 4768
	11072 4800
	7168 4800
4
	12096 4768
	16384 4768
	16384 4800
	12096 4800
4
	0 4800
	1856 4800
	1856 4832
	0 4832
4
	4224 4800
	5248 4800
	5248 4832
	4224 4832
4
	7168 4800
	11072 4800
	11072 4832
	7168 4832
4
	12096 4800
	16384 4800
	16384 4832
	12096 4832
4
	0 4832
	2176 4832
	2176 4864
	0 4864
4
	4096 4832
	5248 4832
	5248 4864
	4096 4864
4
	7168 4832
	10976 4832
	10976 4864
	7168 4864
4
	12192 4832
	16384 4832
	16384 4864
	12192 4864
4
	0 4864
	2176 4864
	2176 4896
	0 4896
4
	4096 4864
	5248 4864
	5248 4896
	4096 4896
4
	7168 4864
	10976 4864
	10976 4896
	7168 4896
4
	12192 4864
	16384 4864
	16384 4896
	12192 4896
4
	0 4896
	2176 4896
	2176 4928
	0 4928
4
	4096 4896
	5248 4896
	5248 4928
	4096 4928
4
	7168 4896
	10976 4896
	10976 4928
	7168 4928
4
	12192 4896
	16384 4896
	16384 4928
	12192 4928
4
	0 4928
	2176 4928
	2176 4960
	0 4960
4
	4096 4928
	5248 4928
	5248 4960
	4096 4960
4
	7168 4928
	10976 4928
	10976 4960
	7168 4960
4
	12192 4928
	16384 4928
	16384 4960
	12192 4960
4
	0 4960
	2176 4960
	2176 4992
	0 4992
4
	4096 4960
	5248 4960
	5248 4992
	4096 4992
4
	7168 4960
	10976 4960
	10976 4992
	7168 4992
4
	12192 4960
	16384 4960
	16384 4992
	12192 4992
4
	0 4992
	2176 4992
	2176 5024
	0 5024
4
	4096 4992
	5248 4992
	5248 5024
	4096 5024
4
	7168 4992
	10976 4992
	10976 5024
	7168 5024
4
	12192 4992
	16384 4992
	16384 5024
	12192 5024
4
	0 5024
	2048 5024
	2048 5056
	0 5056
4
	4000 5024
	5344 5024
	5344 5056
	4000 5056
4
	7072 5024
	10976 5024
	10976 5056
	7072 5056
4
	12192 5024
	16384 5024
	16384 5056
	12192 5056
4
	0 5056
	2048 5056
	2048 5088
	0 5088
4
	4000 5056
	5344 5056
	5344 5088
	4000 5088
4
	7072 5056
	10976 5056
	10976 5088
	7072 5088
4
	12192 5056
	16384 5056
	16384 5088
	12192 5088
4
	0 5088
	2048 5088
	2048 5120
	0 5120
4
	4000 5088
	5344 5088
	5344 5120
	4000 5120
4
	7072 5088
	10976 5088
	10976 5120
	7072 5120
4
	12192 5088
	16384 5088
	16384 5120
	12192 5120
4
	0 5120
	2048 5120
	2048 5152
	0 5152
4
	3808 5120
	5248 5120
	5248 5152
	3808 5152
4
	6976 5120
	10880 5120
	10880 5152
	6976 5152
4
	12192 5120
	16384 5120
	16384 5152
	12192 5152
4
	0 5152
	2048 5152
	2048 5184
	0 5184
4
	3808 5152
	5248 5152
	5248 5184
	3808 5184
4
	6976 5152
	10880 5152
	10880 5184
	6976 5184
4
	12192 5152
	16384 5152
	16384 5184
	12192 5184
4
	0 5184
	2048 5184
	2048 5216
	0 5216
4
	3808 5184
	5248 5184
	5248 5216
	3808 5216
4
	6976 5184
	10880 5184
	10880 5216
	6976 5216
4
	12192 5184
	16384 5184
	16384 5216
	12192 5216
4
	0 5216
	2048 5216
	2048 5248
	0 5248
4
	3808 5216
	5248 5216
	5248 5248
	3808 5248
4
	6976 5216
	10880 5216
	10880 5248
	6976 5248
4
	12192 5216
	16384 5216
	16384 5248
	12192 5248
4
	0 5248
	1952 5248
	1952 5280
	0 5280
4
	3712 5248
	5248 5248
	5248 5280
	3712 5280
4
	6880 5248
	10976 5248
	10976 5280
	6880 5280
4
	12096 5248
	16384 5248
	16384 5280
	12096 5280
4
	0 5280
	1952 5280
	1952 5312
	0 5312
4
	3712 5280
	5248 5280
	5248 5312
	3712 5312
4
	6880 5280
	10976 5280
	10976 5312
	6880 5312
4
	12096 5280
	16384 5280
	16384 5312
	12096 5312
4
	0 5312
	1952 5312
	1952 5344
	0 5344
4
	3712 5312
	5248 5312
	5248 5344
	3712 5344
4
	6880 5312
	10976 5312
	10976 5344
	6880 5344
4
	12096 5312
	16384 5312
	16384 5344
	12096 5344
4
	0 5344
	1856 5344
	1856 5376
	0 5376
4
	3712 5344
	5120 5344
	5120 5376
	3712 5376
4
	6784 5344
	11072 5344
	11072 5376
	6784 5376
4
	12096 5344
	13952 5344
	13952 5376
	12096 5376
4
	14144 5344
	16384 5344
	16384 5376
	14144 5376
4
	0 5376
	1856 5376
	1856 5408
	0 5408
4
	3712 5376
	5120 5376
	5120 5408
	3712 5408
4
	6784 5376
	11072 5376
	11072 5408
	6784 5408
4
	12096 5376
	13952 5376
	13952 5408
	12096 5408
4
	14144 5376
	16384 5376
	16384 5408
	14144 5408
4
	0 5408
	1856 5408
	1856 5440
	0 5440
4
	3712 5408
	5120 5408
	5120 5440
	3712 5440
4
	6784 5408
	11072 5408
	11072 5440
	6784 5440
4
	12096 5408
	13952 5408
	13952 5440
	12096 5440
4
	14144 5408
	16384 5408
	16384 5440
	14144 5440
4
	0 5440
	1856 5440
	1856 5472
	0 5472
4
	3808 5440
	5024 5440
	5024 5472
	3808 5472
4
	6784 5440
	11168 5440
	11168 5472
	6784 5472
4
	12096 5440
	13824 5440
	13824 5472
	12096 5472
4
	14240 5440
	16384 5440
	16384 5472
	14240 5472
4
	0 5472
	1856 5472
	1856 5504
	0 5504
4
	3808 5472
	5024 5472
	5024 5504
	3808 5504
4
	6784 5472
	11168 5472
	11168 5504
	6784 5504
4
	12096 5472
	13824 5472
	13824 5504
	12096 5504
4
	14240 5472
	16384 5472
	16384 5504
	14240 5504
4
	0 5504
	1856 5504
	1856 5536
	0 5536
4
	3808 5504
	5024 5504
	5024 5536
	3808 5536
4
	6784 5504
	11168 5504
	11168 5536
	6784 5536
4
	12096 5504
	13824 5504
	13824 5536
	12096 5536
4
	14240 5504
	16384 5504
	16384 5536
	14240 5536
4
	0 5536
	1856 5536
	1856 5568
	0 5568
4
	3904 5536
	5024 5536
	5024 5568
	3904 5568
4
	6784 5536
	11168 5536
	11168 5568
	6784 5568
4
	12096 5536
	13728 5536
	13728 5568
	12096 5568
4
	14336 5536
	16384 5536
	16384 5568
	14336 5568
4
	0 5568
	1856 5568
	1856 5600
	0 5600
4
	3904 5568
	5024 5568
	5024 5600
	3904 5600
4
	6784 5568
	11168 5568
	11168 5600
	6784 5600
4
	12096 5568
	13728 5568
	13728 5600
	12096 5600
4
	14336 5568
	16384 5568
	16384 5600
	14336 5600
4
	0 5600
	1856 5600
	1856 5632
	0 5632
4
	3904 5600
	5024 5600
	5024 5632
	3904 5632
4
	6784 5600
	11168 5600
	11168 5632
	6784 5632
4
	12096 5600
	13728 5600
	13728 5632
	12096 5632
4
	14336 5600
	16384 5600
	16384 5632
	14336 5632
4
	0 5632
	1760 5632
	1760 5664
	0 5664
4
	4000 5632
	4224 5632
	4224 5664
	4000 5664
4
	4608 5632
	5024 5632
	5024 5664
	4608 5664
4
	7072 5632
	11168 5632
	11168 5664
	7072 5664
4
	12096 5632
	13728 5632
	13728 5664
	12096 5664
4
	14336 5632
	16384 5632
	16384 5664
	14336 5664
4
	0 5664
	1760 5664
	1760 5696
	0 5696
4
	4000 5664
	4224 5664
	4224 5696
	4000 5696
4
	4608 5664
	5024 5664
	5024 5696
	4608 5696
4
	7072 5664
	11168 5664
	11168 5696
	7072 5696
4
	12096 5664
	13728 5664
	13728 5696
	12096 5696
4
	14336 5664
	16384 5664
	16384 5696
	14336 5696
4
	0 5696
	1760 5696
	1760 5728
	0 5728
4
	4000 5696
	4224 5696
	4224 5728
	4000 5728
4
	4608 5696
	5024 5696
	5024 5728
	4608 5728
4
	7072 5696
	11168 5696
	11168 5728
	7072 5728
4
	12096 5696
	13728 5696
	13728 5728
	12096 5728
4
	14336 5696
	16384 5696
	16384 5728
	14336 5728
4
	0 5728
	1760 5728
	1760 5760
	0 5760
4
	4000 5728
	4224 5728
	4224 5760
	4000 5760
4
	4608 5728
	5024 5728
	5024 5760
	4608 5760
4
	7072 5728
	11168 5728
	11168 5760
	7072 5760
4
	12096 5728
	13728 5728
	13728 5760
	12096 5760
4
	14336 5728
	16384 5728
	16384 5760
	14336 5760
4
	0 5760
	1856 5760
	1856 5792
	0 5792
4
	4736 5760
	5024 5760
	5024 5792
	4736 5792
4
	7168 5760
	11168 5760
	11168 5792
	7168 5792
4
	12192 5760
	13632 5760
	13632 5792
	12192 5792
4
	14464 5760
	16384 5760
	16384 5792
	14464 5792
4
	0 5792
	1856 5792
	1856 5824
	0 5824
4
	4736 5792
	5024 5792
	5024 5824
	4736 5824
4
	7168 5792
	11168 5792
	11168 5824
	7168 5824
4
	12192 5792
	13632 5792
	13632 5824
	12192 5824
4
	14464 5792
	16384 5792
	16384 5824
	14464 5824
4
	0 5824
	1856 5824
	1856 5856
	0 5856
4
	4736 5824
	5024 5824
	5024 5856
	4736 5856
4
	7168 5824
	11168 5824
	11168 5856
	7168 5856
4
	12192 5824
	13632 5824
	13632 5856
	12192 5856
4
	14464 5824
	16384 5824
	16384 5856
	14464 5856
4
	0 5856
	1952 5856
	1952 5888
	0 5888
4
	4736 5856
	4928 5856
	4928 5888
	4736 5888
4
	7296 5856
	11168 5856
	11168 5888
	7296 5888
4
	12192 5856
	13632 5856
	13632 5888
	12192 5888
4
	14560 5856
	16384 5856
	16384 5888
	14560 5888
4
	0 5888
	1952 5888
	1952 5920
	0 5920
4
	4736 5888
	4928 5888
	4928 5920
	4736 5920
4
	7296 5888
	11168 5888
	11168 5920
	7296 5920
4
	12192 5888
	13632 5888
	13632 5920
	12192 5920
4
	14560 5888
	16384 5888
	16384 5920
	14560 5920
4
	0 5920
	1952 5920
	1952 5952
	0 5952
4
	4736 5920
	4928 5920
	4928 5952
	4736 5952
4
	7296 5920
	11168 5920
	11168 5952
	7296 5952
4
	12192 5920
	13632 5920
	13632 5952
	12192 5952
4
	14560 5920
	16384 5920
	16384 5952
	14560 5952
4
	0 5952
	2048 5952
	2048 5984
	0 5984
4
	7392 5952
	11168 5952
	11168 5984
	7392 5984
4
	12288 5952
	13536 5952
	13536 5984
	12288 5984
4
	14656 5952
	16384 5952
	16384 5984
	14656 5984
4
	0 5984
	2048 5984
	2048 6016
	0 6016
4
	7392 5984
	11168 5984
	11168 6016
	7392 6016
4
	12288 5984
	13536 5984
	13536 6016
	12288 6016
4
	14656 5984
	16384 5984
	16384 6016
	14656 6016
4
	0 6016
	2048 6016
	2048 6048
	0 6048
4
	7392 6016
	11168 6016
	11168 6048
	7392 6048
4
	12288 6016
	13536 6016
	13536 6048
	12288 6048
4
	14656 6016
	16384 6016
	16384 6048
	14656 6048
4
	0 6048
	2048 6048
	2048 6080
	0 6080
4
	6656 6048
	6976 6048
	6976 6080
	6656 6080
4
	7392 6048
	9216 6048
	9216 6080
	7392 6080
4
	9536 6048
	11168 6048
	11168 6080
	9536 6080
4
	12512 6048
	13440 6048
	13440 6080
	12512 6080
4
	14752 6048
	16384 6048
	16384 6080
	14752 6080
4
	0 6080
	2048 6080
	2048 6112
	0 6112
4
	6656 6080
	6976 6080
	6976 6112
	6656 6112
4
	7392 6080
	9216 6080
	9216 6112
	7392 6112
4
	9536 6080
	11168 6080
	11168 6112
	9536 6112
4
	12512 6080
	13440 6080
	13440 6112
	12512 6112
4
	14752 6080
	16384 6080
	16384 6112
	14752 6112
4
	0 6112
	2048 6112
	2048 6144
	0 6144
4
	6656 6112
	6976 6112
	6976 6144
	6656 6144
4
	7392 6112
	9216 6112
	9216 6144
	7392 6144
4
	9536 6112
	11168 6112
	11168 6144
	9536 6144
4
	12512 6112
	13440 6112
	13440 6144
	12512 6144
4
	14752 6112
	16384 6112
	16384 6144
	14752 6144
4
	0 6144
	1856 6144
	1856 6176
	0 6176
4
	6464 6144
	7072 6144
	7072 6176
	6464 6176
4
	7392 6144
	9216 6144
	9216 6176
	7392 6176
4
	9632 6144
	11072 6144
	11072 6176
	9632 6176
4
	12928 6144
	13120 6144
	13120 6176
	12928 6176
4
	14752 6144
	16384 6144
	16384 6176
	14752 6176
4
	0 6176
	1856 6176
	1856 6208
	0 6208
4
	6464 6176
	7072 6176
	7072 6208
	6464 6208
4
	7392 6176
	9216 6176
	9216 6208
	7392 6208
4
	9632 6176
	11072 6176
	11072 6208
	9632 6208
4
	12928 6176
	13120 6176
	13120 6208
	12928 6208
4
	14752 6176
	16384 6176
	16384 6208
	14752 6208
4
	0 6208
	1856 6208
	1856 6240
	0 6240
4
	6464 6208
	7072 6208
	7072 6240
	6464 6240
4
	7392 6208
	9216 6208
	9216 6240
	7392 6240
4
	9632 6208
	11072 6208
	11072 6240
	9632 6240
4
	12928 6208
	13120 6208
	13120 6240
	12928 6240
4
	14752 6208
	16384 6208
	16384 6240
	14752 6240
4
	0 6240
	1856 6240
	1856 6272
	0 6272
4
	6464 6240
	7072 6240
	7072 6272
	6464 6272
4
	7392 6240
	9216 6240
	9216 6272
	7392 6272
4
	9632 6240
	11072 6240
	11072 6272
	9632 6272
4
	12928 6240
	13120 6240
	13120 6272
	12928 6272
4
	14752 6240
	16384 6240
	16384 6272
	14752 6272
4
	0 6272
	1664 6272
	1664 6304
	0 6304
4
	6368 6272
	7072 6272
	7072 6304
	6368 6304
4
	7296 6272
	9120 6272
	9120 6304
	7296 6304
4
	9632 6272
	11072 6272
	11072 6304
	9632 6304
4
	14848 6272
	16384 6272
	16384 6304
	14848 6304
4
	0 6304
	1664 6304
	1664 6336
	0 6336
4
	6368 6304
	7072 6304
	7072 6336
	6368 6336
4
	7296 6304
	9120 6304
	9120 6336
	7296 6336
4
	9632 6304
	11072 6304
	11072 6336
	9632 6336
4
	14848 6304
	16384 6304
	16384 6336
	14848 6336
4
	0 6336
	1664 6336
	1664 6368
	0 6368
4
	6368 6336
	7072 6336
	7072 6368
	6368 6368
4
	7296 6336
	9120 6336
	9120 6368
	7296 6368
4
	9632 6336
	11072 6336
	11072 6368
	9632 6368
4
	14848 6336
	16384 6336
	16384 6368
	14848 6368
4
	0 6368
	1664 6368
	1664 6400
	0 6400
4
	6368 6368
	7072 6368
	7072 6400
	6368 6400
4
	7296 6368
	9120 6368
	9120 6400
	7296 6400
4
	9856 6368
	10976 6368
	10976 6400
	9856 6400
4
	14848 6368
	16384 6368
	16384 6400
	14848 6400
4
	0 6400
	1664 6400
	1664 6432
	0 6432
4
	6368 6400
	7072 6400
	7072 6432
	6368 6432
4
	7296 6400
	9120 6400
	9120 6432
	7296 6432
4
	9856 6400
	10976 6400
	10976 6432
	9856 6432
4
	14848 6400
	16384 6400
	16384 6432
	14848 6432
4
	0 6432
	1664 6432
	1664 6464
	0 6464
4
	6368 6432
	7072 6432
	7072 6464
	6368 6464
4
	7296 6432
	9120 6432
	9120 6464
	7296 6464
4
	9856 6432
	10976 6432
	10976 6464
	9856 6464
4
	14848 6432
	16384 6432
	16384 6464
	14848 6464
4
	0 6464
	1760 6464
	1760 6496
	0 6496
4
	6464 6464
	6976 6464
	6976 6496
	6464 6496
4
	7168 6464
	9120 6464
	9120 6496
	7168 6496
4
	10048 6464
	10752 6464
	10752 6496
	10048 6496
4
	14976 6464
	16384 6464
	16384 6496
	14976 6496
4
	0 6496
	1760 6496
	1760 6528
	0 6528
4
	6464 6496
	6976 6496
	6976 6528
	6464 6528
4
	7168 6496
	9120 6496
	9120 6528
	7168 6528
4
	10048 6496
	10752 6496
	10752 6528
	10048 6528
4
	14976 6496
	16384 6496
	16384 6528
	14976 6528
4
	0 6528
	1760 6528
	1760 6560
	0 6560
4
	6464 6528
	6976 6528
	6976 6560
	6464 6560
4
	7168 6528
	9120 6528
	9120 6560
	7168 6560
4
	10048 6528
	10752 6528
	10752 6560
	10048 6560
4
	14976 6528
	16384 6528
	16384 6560
	14976 6560
4
	0 6560
	1760 6560
	1760 6592
	0 6592
4
	6464 6560
	6976 6560
	6976 6592
	6464 6592
4
	7072 6560
	9024 6560
	9024 6592
	7072 6592
4
	14976 6560
	16384 6560
	16384 6592
	14976 6592
4
	0 6592
	1760 6592
	1760 6624
	0 6624
4
	6464 6592
	6976 6592
	6976 6624
	6464 6624
4
	7072 6592
	9024 6592
	9024 6624
	7072 6624
4
	14976 6592
	16384 6592
	16384 6624
	14976 6624
4
	0 6624
	1760 6624
	1760 6656
	0 6656
4
	6464 6624
	6976 6624
	6976 6656
	6464 6656
4
	7072 6624
	9024 6624
	9024 6656
	7072 6656
4
	14976 6624
	16384 6624
	16384 6656
	14976 6656
4
	0 6656
	2784 6656
	2784 6688
	0 6688
4
	7072 6656
	9024 6656
	9024 6688
	7072 6688
4
	15072 6656
	16384 6656
	16384 6688
	15072 6688
4
	0 6688
	2784 6688
	2784 6720
	0 6720
4
	7072 6688
	9024 6688
	9024 6720
	7072 6720
4
	15072 6688
	16384 6688
	16384 6720
	15072 6720
4
	0 6720
	2784 6720
	2784 6752
	0 6752
4
	7072 6720
	9024 6720
	9024 6752
	7072 6752
4
	15072 6720
	16384 6720
	16384 6752
	15072 6752
4
	0 6752
	2784 6752
	2784 6784
	0 6784
4
	7072 6752
	9024 6752
	9024 6784
	7072 6784
4
	15072 6752
	16384 6752
	16384 6784
	15072 6784
4
	0 6784
	2880 6784
	2880 6816
	0 6816
4
	7072 6784
	9024 6784
	9024 6816
	7072 6816
4
	15072 6784
	16384 6784
	16384 6816
	15072 6816
4
	0 6816
	2880 6816
	2880 6848
	0 6848
4
	7072 6816
	9024 6816
	9024 6848
	7072 6848
4
	15072 6816
	16384 6816
	16384 6848
	15072 6848
4
	0 6848
	2880 6848
	2880 6880
	0 6880
4
	7072 6848
	9024 6848
	9024 6880
	7072 6880
4
	15072 6848
	16384 6848
	16384 6880
	15072 6880
4
	0 6880
	2976 6880
	2976 6912
	0 6912
4
	5952 6880
	6272 6880
	6272 6912
	5952 6912
4
	6976 6880
	8928 6880
	8928 6912
	6976 6912
4
	15168 6880
	16384 6880
	16384 6912
	15168 6912
4
	0 6912
	2976 6912
	2976 6944
	0 6944
4
	5952 6912
	6272 6912
	6272 6944
	5952 6944
4
	6976 6912
	8928 6912
	8928 6944
	6976 6944
4
	15168 6912
	16384 6912
	16384 6944
	15168 6944
4
	0 6944
	2976 6944
	2976 6976
	0 6976
4
	5952 6944
	6272 6944
	6272 6976
	5952 6976
4
	6976 6944
	8928 6944
	8928 6976
	6976 6976
4
	15168 6944
	16384 6944
	16384 6976
	15168 6976
4
	0 6976
	3072 6976
	3072 7008
	0 7008
4
	5760 6976
	6272 6976
	6272 7008
	5760 7008
4
	6976 6976
	8928 6976
	8928 7008
	6976 7008
4
	15168 6976
	16384 6976
	16384 7008
	15168 7008
4
	0 7008
	3072 7008
	3072 7040
	0 7040
4
	5760 7008
	6272 7008
	6272 7040
	5760 7040
4
	6976 7008
	8928 7008
	8928 7040
	6976 7040
4
	15168 7008
	16384 7008
	16384 7040
	15168 7040
4
	0 7040
	3072 7040
	3072 7072
	0 7072
4
	5760 7040
	6272 7040
	6272 7072
	5760 7072
4
	6976 7040
	8928 7040
	8928 7072
	6976 7072
4
	15168 7040
	16384 7040
	16384 7072
	15168 7072
4
	0 7072
	3072 7072
	3072 7104
	0 7104
4
	5632 7072
	6272 7072
	6272 7104
	5632 7104
4
	7168 7072
	8928 7072
	8928 7104
	7168 7104
4
	15168 7072
	16384 7072
	16384 7104
	15168 7104
4
	0 7104
	3072 7104
	3072 7136
	0 7136
4
	5632 7104
	6272 7104
	6272 7136
	5632 7136
4
	7168 7104
	8928 7104
	8928 7136
	7168 7136
4
	15168 7104
	16384 7104
	16384 7136
	15168 7136
4
	0 7136
	3072 7136
	3072 7168
	0 7168
4
	5632 7136
	6272 7136
	6272 7168
	5632 7168
4
	7168 7136
	8928 7136
	8928 7168
	7168 7168
4
	15168 7136
	16384 7136
	16384 7168
	15168 7168
4
	0 7168
	3200 7168
	3200 7200
	0 7200
4
	5536 7168
	6048 7168
	6048 7200
	5536 7200
4
	7072 7168
	8928 7168
	8928 7200
	7072 7200
4
	11680 7168
	12512 7168
	12512 7200
	11680 7200
4
	15168 7168
	16384 7168
	16384 7200
	15168 7200
4
	0 7200
	3200 7200
	3200 7232
	0 7232
4
	5536 7200
	6048 7200
	6048 7232
	5536 7232
4
	7072 7200
	8928 7200
	8928 7232
	7072 7232
4
	11680 7200
	12512 7200
	12512 7232
	11680 7232
4
	15168 7200
	16384 7200
	16384 7232
	15168 7232
4
	0 7232
	3200 7232
	3200 7264
	0 7264
4
	5536 7232
	6048 7232
	6048 7264
	5536 7264
4
	7072 7232
	8928 7232
	8928 7264
	7072 7264
4
	11680 7232
	12512 7232
	12512 7264
	11680 7264
4
	15168 7232
	16384 7232
	16384 7264
	15168 7264
4
	0 7264
	3200 7264
	3200 7296
	0 7296
4
	5536 7264
	6048 7264
	6048 7296
	5536 7296
4
	7072 7264
	8928 7264
	8928 7296
	7072 7296
4
	11680 7264
	12512 7264
	12512 7296
	11680 7296
4
	15168 7264
	16384 7264
	16384 7296
	15168 7296
4
	0 7296
	3200 7296
	3200 7328
	0 7328
4
	4224 7296
	4320 7296
	4320 7328
	4224 7328
4
	5536 7296
	5952 7296
	5952 7328
	5536 7328
4
	6976 7296
	8832 7296
	8832 7328
	6976 7328
4
	11680 7296
	12608 7296
	12608 7328
	11680 7328
4
	15168 7296
	16384 7296
	16384 7328
	15168 7328
4
	0 7328
	3200 7328
	3200 7360
	0 7360
4
	4224 7328
	4320 7328
	4320 7360
	4224 7360
4
	5536 7328
	5952 7328
	5952 7360
	5536 7360
4
	6976 7328
	8832 7328
	8832 7360
	6976 7360
4
	11680 7328
	12608 7328
	12608 7360
	11680 7360
4
	15168 7328
	16384 7328
	16384 7360
	15168 7360
4
	0 7360
	3200 7360
	3200 7392
	0 7392
4
	4224 7360
	4320 7360
	4320 7392
	4224 7392
4
	5536 7360
	5952 7360
	5952 7392
	5536 7392
4
	6976 7360
	8832 7360
	8832 7392
	6976 7392
4
	11680 7360
	12608 7360
	12608 7392
	11680 7392
4
	15168 7360
	16384 7360
	16384 7392
	15168 7392
4
	0 7392
	3200 7392
	3200 7424
	0 7424
4
	4096 7392
	4416 7392
	4416 7424
	4096 7424
4
	6880 7392
	8832 7392
	8832 7424
	6880 7424
4
	11584 7392
	12608 7392
	12608 7424
	11584 7424
4
	15168 7392
	16384 7392
	16384 7424
	15168 7424
4
	0 7424
	3200 7424
	3200 7456
	0 7456
4
	4096 7424
	4416 7424
	4416 7456
	4096 7456
4
	6880 7424
	8832 7424
	8832 7456
	6880 7456
4
	11584 7424
	12608 7424
	12608 7456
	11584 7456
4
	15168 7424
	16384 7424
	16384 7456
	15168 7456
4
	0 7456
	3200 7456
	3200 7488
	0 7488
4
	4096 7456
	4416 7456
	4416 7488
	4096 7488
4
	6880 7456
	8832 7456
	8832 7488
	6880 7488
4
	11584 7456
	12608 7456
	12608 7488
	11584 7488
4
	15168 7456
	16384 7456
	16384 7488
	15168 7488
4
	0 7488
	3072 7488
	3072 7520
	0 7520
4
	3808 7488
	4416 7488
	4416 7520
	3808 7520
4
	6656 7488
	8832 7488
	8832 7520
	6656 7520
4
	11584 7488
	12608 7488
	12608 7520
	11584 7520
4
	15168 7488
	16384 7488
	16384 7520
	15168 7520
4
	0 7520
	3072 7520
	3072 7552
	0 7552
4
	3808 7520
	4416 7520
	4416 7552
	3808 7552
4
	6656 7520
	8832 7520
	8832 7552
	6656 7552
4
	11584 7520
	12608 7520
	12608 7552
	11584 7552
4
	15168 7520
	16384 7520
	16384 7552
	15168 7552
4
	0 7552
	3072 7552
	3072 7584
	0 7584
4
	3808 7552
	4416 7552
	4416 7584
	3808 7584
4
	6656 7552
	8832 7552
	8832 7584
	6656 7584
4
	11584 7552
	12608 7552
	12608 7584
	11584 7584
4
	15168 7552
	16384 7552
	16384 7584
	15168 7584
4
	0 7584
	3072 7584
	3072 7616
	0 7616
4
	3712 7584
	4608 7584
	4608 7616
	3712 7616
4
	6560 7584
	8832 7584
	8832 7616
	6560 7616
4
	11488 7584
	12608 7584
	12608 7616
	11488 7616
4
	15168 7584
	16384 7584
	16384 7616
	15168 7616
4
	0 7616
	3072 7616
	3072 7648
	0 7648
4
	3712 7616
	4608 7616
	4608 7648
	3712 7648
4
	6560 7616
	8832 7616
	8832 7648
	6560 7648
4
	11488 7616
	12608 7616
	12608 7648
	11488 7648
4
	15168 7616
	16384 7616
	16384 7648
	15168 7648
4
	0 7648
	3072 7648
	3072 7680
	0 7680
4
	3712 7648
	4608 7648
	4608 7680
	3712 7680
4
	6560 7648
	8832 7648
	8832 7680
	6560 7680
4
	11488 7648
	12608 7648
	12608 7680
	11488 7680
4
	15168 7648
	16384 7648
	16384 7680
	15168 7680
4
	0 7680
	3296 7680
	3296 7712
	0 7712
4
	3712 7680
	4736 7680
	4736 7712
	3712 7712
4
	6368 7680
	8832 7680
	8832 7712
	6368 7712
4
	11488 7680
	12608 7680
	12608 7712
	11488 7712
4
	15168 7680
	16384 7680
	16384 7712
	15168 7712
4
	0 7712
	3296 7712
	3296 7744
	0 7744
4
	3712 7712
	4736 7712
	4736 7744
	3712 7744
4
	6368 7712
	8832 7712
	8832 7744
	6368 7744
4
	11488 7712
	12608 7712
	12608 7744
	11488 7744
4
	15168 7712
	16384 7712
	16384 7744
	15168 7744
4
	0 7744
	3296 7744
	3296 7776
	0 7776
4
	3712 7744
	4736 7744
	4736 7776
	3712 7776
4
	6368 7744
	8832 7744
	8832 7776
	6368 7776
4
	11488 7744
	12608 7744
	12608 7776
	11488 7776
4
	15168 7744
	16384 7744
	16384 7776
	15168 7776
4
	0 7776
	3296 7776
	3296 7808
	0 7808
4
	3712 7776
	4736 7776
	4736 7808
	3712 7808
4
	6368 7776
	8832 7776
	8832 7808
	6368 7808
4
	11488 7776
	12608 7776
	12608 7808
	11488 7808
4
	15168 7776
	16384 7776
	16384 7808
	15168 7808
4
	0 7808
	3392 7808
	3392 7840
	0 7840
4
	3712 7808
	4736 7808
	4736 7840
	3712 7840
4
	6144 7808
	8832 7808
	8832 7840
	6144 7840
4
	11488 7808
	12608 7808
	12608 7840
	11488 7840
4
	15264 7808
	16384 7808
	16384 7840
	15264 7840
4
	0 7840
	3392 7840
	3392 7872
	0 7872
4
	3712 7840
	4736 7840
	4736 7872
	3712 7872
4
	6144 7840
	8832 7840
	8832 7872
	6144 7872
4
	11488 7840
	12608 7840
	12608 7872
	11488 7872
4
	15264 7840
	16384 7840
	16384 7872
	15264 7872
4
	0 7872
	3392 7872
	3392 7904
	0 7904
4
	3712 7872
	4736 7872
	4736 7904
	3712 7904
4
	6144 7872
	8832 7872
	8832 7904
	6144 7904
4
	11488 7872
	12608 7872
	12608 7904
	11488 7904
4
	15264 7872
	16384 7872
	16384 7904
	15264 7904
4
	0 7904
	5248 7904
	5248 7936
	0 7936
4
	6048 7904
	8832 7904
	8832 7936
	6048 7936
4
	11488 7904
	12512 7904
	12512 7936
	11488 7936
4
	15264 7904
	16384 7904
	16384 7936
	15264 7936
4
	0 7936
	5248 7936
	5248 7968
	0 7968
4
	6048 7936
	8832 7936
	8832 7968
	6048 7968
4
	11488 7936
	12512 7936
	12512 7968
	11488 7968
4
	15264 7936
	16384 7936
	16384 7968
	15264 7968
4
	0 7968
	5248 7968
	5248 8000
	0 8000
4
	6048 7968
	8832 7968
	8832 8000
	6048 8000
4
	11488 7968
	12512 7968
	12512 8000
	11488 8000
4
	15264 7968
	16384 7968
	16384 8000
	15264 8000
4
	0 8000
	1152 8000
	1152 8032
	0 8032
4
	1440 8000
	5344 8000
	5344 8032
	1440 8032
4
	6048 8000
	8832 8000
	8832 8032
	6048 8032
4
	11488 8000
	12512 8000
	12512 8032
	11488 8032
4
	15264 8000
	16384 8000
	16384 8032
	15264 8032
4
	0 8032
	1152 8032
	1152 8064
	0 8064
4
	1440 8032
	5344 8032
	5344 8064
	1440 8064
4
	6048 8032
	8832 8032
	8832 8064
	6048 8064
4
	11488 8032
	12512 8032
	12512 8064
	11488 8064
4
	15264 8032
	16384 8032
	16384 8064
	15264 8064
4
	0 8064
	1152 8064
	1152 8096
	0 8096
4
	1440 8064
	5344 8064
	5344 8096
	1440 8096
4
	6048 8064
	8832 8064
	8832 8096
	6048 8096
4
	11488 8064
	12512 8064
	12512 8096
	11488 8096
4
	15264 8064
	16384 8064
	16384 8096
	15264 8096
4
	0 8096
	1024 8096
	1024 8128
	0 8128
4
	1536 8096
	5440 8096
	5440 8128
	1536 8128
4
	6048 8096
	8832 8096
	8832 8128
	6048 8128
4
	11904 8096
	12416 8096
	12416 8128
	11904 8128
4
	15264 8096
	16384 8096
	16384 8128
	15264 8128
4
	0 8128
	1024 8128
	1024 8160
	0 8160
4
	1536 8128
	5440 8128
	5440 8160
	1536 8160
4
	6048 8128
	8832 8128
	8832 8160
	6048 8160
4
	11904 8128
	12416 8128
	12416 8160
	11904 8160
4
	15264 8128
	16384 8128
	16384 8160
	15264 8160
4
	0 8160
	1024 8160
	1024 8192
	0 8192
4
	1536 8160
	5440 8160
	5440 8192
	1536 8192
4
	6048 8160
	8832 8160
	8832 8192
	6048 8192
4
	11904 8160
	12416 8160
	12416 8192
	11904 8192
4
	15264 8160
	16384 8160
	16384 8192
	15264 8192
4
	0 8192
	1024 8192
	1024 8224
	0 8224
4
	1664 8192
	5440 8192
	5440 8224
	1664 8224
4
	6464 8192
	8928 8192
	8928 8224
	6464 8224
4
	12096 8192
	12288 8192
	12288 8224
	12096 8224
4
	15264 8192
	16384 8192
	16384 8224
	15264 8224
4
	0 8224
	1024 8224
	1024 8256
	0 8256
4
	1664 8224
	5440 8224
	5440 8256
	1664 8256
4
	6464 8224
	8928 8224
	8928 8256
	6464 8256
4
	12096 8224
	12288 8224
	12288 8256
	12096 8256
4
	15264 8224
	16384 8224
	16384 8256
	15264 8256
4
	0 8256
	1024 8256
	1024 8288
	0 8288
4
	1664 8256
	5440 8256
	5440 8288
	1664 8288
4
	6464 8256
	8928 8256
	8928 8288
	6464 8288
4
	12096 8256
	12288 8256
	12288 8288
	12096 8288
4
	15264 8256
	16384 8256
	16384 8288
	15264 8288
4
	0 8288
	1024 8288
	1024 8320
	0 8320
4
	1664 8288
	5440 8288
	5440 8320
	1664 8320
4
	6464 8288
	8928 8288
	8928 8320
	6464 8320
4
	12096 8288
	12288 8288
	12288 8320
	12096 8320
4
	15264 8288
	16384 8288
	16384 8320
	15264 8320
4
	0 8320
	928 8320
	928 8352
	0 8352
4
	1856 8320
	5248 8320
	5248 8352
	1856 8352
4
	6464 8320
	7072 8320
	7072 8352
	6464 8352
4
	7584 8320
	8928 8320
	8928 8352
	7584 8352
4
	15264 8320
	16384 8320
	16384 8352
	15264 8352
4
	0 8352
	928 8352
	928 8384
	0 8384
4
	1856 8352
	5248 8352
	5248 8384
	1856 8384
4
	6464 8352
	7072 8352
	7072 8384
	6464 8384
4
	7584 8352
	8928 8352
	8928 8384
	7584 8384
4
	15264 8352
	16384 8352
	16384 8384
	15264 8384
4
	0 8384
	928 8384
	928 8416
	0 8416
4
	1856 8384
	5248 8384
	5248 8416
	1856 8416
4
	6464 8384
	7072 8384
	7072 8416
	6464 8416
4
	7584 8384
	8928 8384
	8928 8416
	7584 8416
4
	15264 8384
	16384 8384
	16384 8416
	15264 8416
4
	0 8416
	928 8416
	928 8448
	0 8448
4
	2048 8416
	5120 8416
	5120 8448
	2048 8448
4
	7808 8416
	8928 8416
	8928 8448
	7808 8448
4
	15264 8416
	16384 8416
	16384 8448
	15264 8448
4
	0 8448
	928 8448
	928 8480
	0 8480
4
	2048 8448
	5120 8448
	5120 8480
	2048 8480
4
	7808 8448
	8928 8448
	8928 8480
	7808 8480
4
	15264 8448
	16384 8448
	16384 8480
	15264 8480
4
	0 8480
	928 8480
	928 8512
	0 8512
4
	2048 8480
	5120 8480
	5120 8512
	2048 8512
4
	7808 8480
	8928 8480
	8928 8512
	7808 8512
4
	15264 8480
	16384 8480
	16384 8512
	15264 8512
4
	0 8512
	1152 8512
	1152 8544
	0 8544
4
	2272 8512
	4928 8512
	4928 8544
	2272 8544
4
	6464 8512
	6784 8512
	6784 8544
	6464 8544
4
	8000 8512
	8928 8512
	8928 8544
	8000 8544
4
	15168 8512
	16384 8512
	16384 8544
	15168 8544
4
	0 8544
	1152 8544
	1152 8576
	0 8576
4
	2272 8544
	4928 8544
	4928 8576
	2272 8576
4
	6464 8544
	6784 8544
	6784 8576
	6464 8576
4
	8000 8544
	8928 8544
	8928 8576
	8000 8576
4
	15168 8544
	16384 8544
	16384 8576
	15168 8576
4
	0 8576
	1152 8576
	1152 8608
	0 8608
4
	2272 8576
	4928 8576
	4928 8608
	2272 8608
4
	6464 8576
	6784 8576
	6784 8608
	6464 8608
4
	8000 8576
	8928 8576
	8928 8608
	8000 8608
4
	15168 8576
	16384 8576
	16384 8608
	15168 8608
4
	0 8608
	1248 8608
	1248 8640
	0 8640
4
	2464 8608
	4832 8608
	4832 8640
	2464 8640
4
	6464 8608
	6880 8608
	6880 8640
	6464 8640
4
	8000 8608
	9024 8608
	9024 8640
	8000 8640
4
	15168 8608
	16384 8608
	16384 8640
	15168 8640
4
	0 8640
	1248 8640
	1248 8672
	0 8672
4
	2464 8640
	4832 8640
	4832 8672
	2464 8672
4
	6464 8640
	6880 8640
	6880 8672
	6464 8672
4
	8000 8640
	9024 8640
	9024 8672
	8000 8672
4
	15168 8640
	16384 8640
	16384 8672
	15168 8672
4
	0 8672
	1248 8672
	1248 8704
	0 8704
4
	2464 8672
	4832 8672
	4832 8704
	2464 8704
4
	6464 8672
	6880 8672
	6880 8704
	6464 8704
4
	8000 8672
	9024 8672
	9024 8704
	8000 8704
4
	15168 8672
	16384 8672
	16384 8704
	15168 8704
4
	0 8704
	1440 8704
	1440 8736
	0 8736
4
	2560 8704
	4736 8704
	4736 8736
	2560 8736
4
	6464 8704
	6880 8704
	6880 8736
	6464 8736
4
	8000 8704
	9024 8704
	9024 8736
	8000 8736
4
	15168 8704
	16384 8704
	16384 8736
	15168 8736
4
	0 8736
	1440 8736
	1440 8768
	0 8768
4
	2560 8736
	4736 8736
	4736 8768
	2560 8768
4
	6464 8736
	6880 8736
	6880 8768
	6464 8768
4
	8000 8736
	9024 8736
	9024 8768
	8000 8768
4
	15168 8736
	16384 8736
	16384 8768
	15168 8768
4
	0 8768
	1440 8768
	1440 8800
	0 8800
4
	2560 8768
	4736 8768
	4736 8800
	2560 8800
4
	6464 8768
	6880 8768
	6880 8800
	6464 8800
4
	8000 8768
	9024 8768
	9024 8800
	8000 8800
4
	15168 8768
	16384 8768
	16384 8800
	15168 8800
4
	0 8800
	1440 8800
	1440 8832
	0 8832
4
	2560 8800
	4736 8800
	4736 8832
	2560 8832
4
	6464 8800
	6880 8800
	6880 8832
	6464 8832
4
	8000 8800
	9024 8800
	9024 8832
	8000 8832
4
	15168 8800
	16384 8800
	16384 8832
	15168 8832
4
	0 8832
	1536 8832
	1536 8864
	0 8864
4
	2784 8832
	4608 8832
	4608 8864
	2784 8864
4
	8096 8832
	9024 8832
	9024 8864
	8096 8864
4
	13312 8832
	13952 8832
	13952 8864
	13312 8864
4
	15168 8832
	16384 8832
	16384 8864
	15168 8864
4
	0 8864
	1536 8864
	1536 8896
	0 8896
4
	2784 8864
	4608 8864
	4608 8896
	2784 8896
4
	8096 8864
	9024 8864
	9024 8896
	8096 8896
4
	13312 8864
	13952 8864
	13952 8896
	13312 8896
4
	15168 8864
	16384 8864
	16384 8896
	15168 8896
4
	0 8896
	1536 8896
	1536 8928
	0 8928
4
	2784 8896
	4608 8896
	4608 8928
	2784 8928
4
	8096 8896
	9024 8896
	9024 8928
	8096 8928
4
	13312 8896
	13952 8896
	13952 8928
	13312 8928
4
	15168 8896
	16384 8896
	16384 8928
	15168 8928
4
	0 8928
	1760 8928
	1760 8960
	0 8960
4
	2976 8928
	4416 8928
	4416 8960
	2976 8960
4
	5024 8928
	5120 8928
	5120 8960
	5024 8960
4
	8320 8928
	9024 8928
	9024 8960
	8320 8960
4
	13120 8928
	14048 8928
	14048 8960
	13120 8960
4
	15168 8928
	16384 8928
	16384 8960
	15168 8960
4
	0 8960
	1760 8960
	1760 8992
	0 8992
4
	2976 8960
	4416 8960
	4416 8992
	2976 8992
4
	5024 8960
	5120 8960
	5120 8992
	5024 8992
4
	8320 8960
	9024 8960
	9024 8992
	8320 8992
4
	13120 8960
	14048 8960
	14048 8992
	13120 8992
4
	15168 8960
	16384 8960
	16384 8992
	15168 8992
4
	0 8992
	1760 8992
	1760 9024
	0 9024
4
	2976 8992
	4416 8992
	4416 9024
	2976 9024
4
	5024 8992
	5120 8992
	5120 9024
	5024 9024
4
	8320 8992
	9024 8992
	9024 9024
	8320 9024
4
	13120 8992
	14048 8992
	14048 9024
	13120 9024
4
	15168 8992
	16384 8992
	16384 9024
	15168 9024
4
	0 9024
	1952 9024
	1952 9056
	0 9056
4
	3072 9024
	4320 9024
	4320 9056
	3072 9056
4
	4832 9024
	5120 9024
	5120 9056
	4832 9056
4
	5344 9024
	5536 9024
	5536 9056
	5344 9056
4
	8704 9024
	9120 9024
	9120 9056
	8704 9056
4
	13024 9024
	14144 9024
	14144 9056
	13024 9056
4
	15072 9024
	16384 9024
	16384 9056
	15072 9056
4
	0 9056
	1952 9056
	1952 9088
	0 9088
4
	3072 9056
	4320 9056
	4320 9088
	3072 9088
4
	4832 9056
	5120 9056
	5120 9088
	4832 9088
4
	5344 9056
	5536 9056
	5536 9088
	5344 9088
4
	8704 9056
	9120 9056
	9120 9088
	8704 9088
4
	13024 9056
	14144 9056
	14144 9088
	13024 9088
4
	15072 9056
	16384 9056
	16384 9088
	15072 9088
4
	0 9088
	1952 9088
	1952 9120
	0 9120
4
	3072 9088
	4320 9088
	4320 9120
	3072 9120
4
	4832 9088
	5120 9088
	5120 9120
	4832 9120
4
	5344 9088
	5536 9088
	5536 9120
	5344 9120
4
	8704 9088
	9120 9088
	9120 9120
	8704 9120
4
	13024 9088
	14144 9088
	14144 9120
	13024 9120
4
	15072 9088
	16384 9088
	16384 9120
	15072 9120
4
	0 9120
	2176 9120
	2176 9152
	0 9152
4
	3296 9120
	4224 9120
	4224 9152
	3296 9152
4
	4832 9120
	5120 9120
	5120 9152
	4832 9152
4
	5248 9120
	5536 9120
	5536 9152
	5248 9152
4
	8832 9120
	9024 9120
	9024 9152
	8832 9152
4
	10976 9120
	11392 9120
	11392 9152
	10976 9152
4
	12928 9120
	14464 9120
	14464 9152
	12928 9152
4
	15072 9120
	16384 9120
	16384 9152
	15072 9152
4
	0 9152
	2176 9152
	2176 9184
	0 9184
4
	3296 9152
	4224 9152
	4224 9184
	3296 9184
4
	4832 9152
	5120 9152
	5120 9184
	4832 9184
4
	5248 9152
	5536 9152
	5536 9184
	5248 9184
4
	8832 9152
	9024 9152
	9024 9184
	8832 9184
4
	10976 9152
	11392 9152
	11392 9184
	10976 9184
4
	12928 9152
	14464 9152
	14464 9184
	12928 9184
4
	15072 9152
	16384 9152
	16384 9184
	15072 9184
4
	0 9184
	2176 9184
	2176 9216
	0 9216
4
	3296 9184
	4224 9184
	4224 9216
	3296 9216
4
	4832 9184
	5120 9184
	5120 9216
	4832 9216
4
	5248 9184
	5536 9184
	5536 9216
	5248 9216
4
	8832 9184
	9024 9184
	9024 9216
	8832 9216
4
	10976 9184
	11392 9184
	11392 9216
	10976 9216
4
	12928 9184
	14464 9184
	14464 9216
	12928 9216
4
	15072 9184
	16384 9184
	16384 9216
	15072 9216
4
	0 9216
	2368 9216
	2368 9248
	0 9248
4
	3712 9216
	4096 9216
	4096 9248
	3712 9248
4
	4832 9216
	5120 9216
	5120 9248
	4832 9248
4
	5248 9216
	5536 9216
	5536 9248
	5248 9248
4
	10880 9216
	11584 9216
	11584 9248
	10880 9248
4
	12928 9216
	14560 9216
	14560 9248
	12928 9248
4
	14976 9216
	16384 9216
	16384 9248
	14976 9248
4
	0 9248
	2368 9248
	2368 9280
	0 9280
4
	3712 9248
	4096 9248
	4096 9280
	3712 9280
4
	4832 9248
	5120 9248
	5120 9280
	4832 9280
4
	5248 9248
	5536 9248
	5536 9280
	5248 9280
4
	10880 9248
	11584 9248
	11584 9280
	10880 9280
4
	12928 9248
	14560 9248
	14560 9280
	12928 9280
4
	14976 9248
	16384 9248
	16384 9280
	14976 9280
4
	0 9280
	2368 9280
	2368 9312
	0 9312
4
	3712 9280
	4096 9280
	4096 9312
	3712 9312
4
	4832 9280
	5120 9280
	5120 9312
	4832 9312
4
	5248 9280
	5536 9280
	5536 9312
	5248 9312
4
	10880 9280
	11584 9280
	11584 9312
	10880 9312
4
	12928 9280
	14560 9280
	14560 9312
	12928 9312
4
	14976 9280
	16384 9280
	16384 9312
	14976 9312
4
	0 9312
	2368 9312
	2368 9344
	0 9344
4
	3712 9312
	4096 9312
	4096 9344
	3712 9344
4
	4832 9312
	5120 9312
	5120 9344
	4832 9344
4
	5248 9312
	5536 9312
	5536 9344
	5248 9344
4
	10880 9312
	11584 9312
	11584 9344
	10880 9344
4
	12928 9312
	14560 9312
	14560 9344
	12928 9344
4
	14976 9312
	16384 9312
	16384 9344
	14976 9344
4
	0 9344
	2464 9344
	2464 9376
	0 9376
4
	3808 9344
	3904 9344
	3904 9376
	3808 9376
4
	5248 9344
	5536 9344
	5536 9376
	5248 9376
4
	10656 9344
	11680 9344
	11680 9376
	10656 9376
4
	12928 9344
	14560 9344
	14560 9376
	12928 9376
4
	14848 9344
	16384 9344
	16384 9376
	14848 9376
4
	0 9376
	2464 9376
	2464 9408
	0 9408
4
	3808 9376
	3904 9376
	3904 9408
	3808 9408
4
	5248 9376
	5536 9376
	5536 9408
	5248 9408
4
	10656 9376
	11680 9376
	11680 9408
	10656 9408
4
	12928 9376
	14560 9376
	14560 9408
	12928 9408
4
	14848 9376
	16384 9376
	16384 9408
	14848 9408
4
	0 9408
	2464 9408
	2464 9440
	0 9440
4
	3808 9408
	3904 9408
	3904 9440
	3808 9440
4
	5248 9408
	5536 9408
	5536 9440
	5248 9440
4
	10656 9408
	11680 9408
	11680 9440
	10656 9440
4
	12928 9408
	14560 9408
	14560 9440
	12928 9440
4
	14848 9408
	16384 9408
	16384 9440
	14848 9440
4
	0 9440
	2688 9440
	2688 9472
	0 9472
4
	9344 9440
	9536 9440
	9536 9472
	9344 9472
4
	10560 9440
	11776 9440
	11776 9472
	10560 9472
4
	12928 9440
	14656 9440
	14656 9472
	12928 9472
4
	14848 9440
	16384 9440
	16384 9472
	14848 9472
4
	0 9472
	2688 9472
	2688 9504
	0 9504
4
	9344 9472
	9536 9472
	9536 9504
	9344 9504
4
	10560 9472
	11776 9472
	11776 9504
	10560 9504
4
	12928 9472
	14656 9472
	14656 9504
	12928 9504
4
	14848 9472
	16384 9472
	16384 9504
	14848 9504
4
	0 9504
	2688 9504
	2688 9536
	0 9536
4
	9344 9504
	9536 9504
	9536 9536
	9344 9536
4
	10560 9504
	11776 9504
	11776 9536
	10560 9536
4
	12928 9504
	14656 9504
	14656 9536
	12928 9536
4
	14848 9504
	16384 9504
	16384 9536
	14848 9536
4
	0 9536
	2880 9536
	2880 9568
	0 9568
4
	9344 9536
	9632 9536
	9632 9568
	9344 9568
4
	10560 9536
	11904 9536
	11904 9568
	10560 9568
4
	12928 9536
	14656 9536
	14656 9568
	12928 9568
4
	14752 9536
	16384 9536
	16384 9568
	14752 9568
4
	0 9568
	2880 9568
	2880 9600
	0 9600
4
	9344 9568
	9632 9568
	9632 9600
	9344 9600
4
	10560 9568
	11904 9568
	11904 9600
	10560 9600
4
	12928 9568
	14656 9568
	14656 9600
	12928 9600
4
	14752 9568
	16384 9568
	16384 9600
	14752 9600
4
	0 9600
	2880 9600
	2880 9632
	0 9632
4
	9344 9600
	9632 9600
	9632 9632
	9344 9632
4
	10560 9600
	11904 9600
	11904 9632
	10560 9632
4
	12928 9600
	14656 9600
	14656 9632
	12928 9632
4
	14752 9600
	16384 9600
	16384 9632
	14752 9632
4
	0 9632
	2976 9632
	2976 9664
	0 9664
4
	9216 9632
	9728 9632
	9728 9664
	9216 9664
4
	10464 9632
	11904 9632
	11904 9664
	10464 9664
4
	12928 9632
	16384 9632
	16384 9664
	12928 9664
4
	0 9664
	2976 9664
	2976 9696
	0 9696
4
	9216 9664
	9728 9664
	9728 9696
	9216 9696
4
	10464 9664
	11904 9664
	11904 9696
	10464 9696
4
	12928 9664
	16384 9664
	16384 9696
	12928 9696
4
	0 9696
	2976 9696
	2976 9728
	0 9728
4
	9216 9696
	9728 9696
	9728 9728
	9216 9728
4
	10464 9696
	11904 9696
	11904 9728
	10464 9728
4
	12928 9696
	16384 9696
	16384 9728
	12928 9728
4
	0 9728
	3200 9728
	3200 9760
	0 9760
4
	3392 9728
	3584 9728
	3584 9760
	3392 9760
4
	9344 9728
	9856 9728
	9856 9760
	9344 9760
4
	10368 9728
	11904 9728
	11904 9760
	10368 9760
4
	12928 9728
	16384 9728
	16384 9760
	12928 9760
4
	0 9760
	3200 9760
	3200 9792
	0 9792
4
	3392 9760
	3584 9760
	3584 9792
	3392 9792
4
	9344 9760
	9856 9760
	9856 9792
	9344 9792
4
	10368 9760
	11904 9760
	11904 9792
	10368 9792
4
	12928 9760
	16384 9760
	16384 9792
	12928 9792
4
	0 9792
	3200 9792
	3200 9824
	0 9824
4
	3392 9792
	3584 9792
	3584 9824
	3392 9824
4
	9344 9792
	9856 9792
	9856 9824
	9344 9824
4
	10368 9792
	11904 9792
	11904 9824
	10368 9824
4
	12928 9792
	16384 9792
	16384 9824
	12928 9824
4
	0 9824
	3200 9824
	3200 9856
	0 9856
4
	3392 9824
	3584 9824
	3584 9856
	3392 9856
4
	9344 9824
	9856 9824
	9856 9856
	9344 9856
4
	10368 9824
	11904 9824
	11904 9856
	10368 9856
4
	12928 9824
	16384 9824
	16384 9856
	12928 9856
4
	0 9856
	3584 9856
	3584 9888
	0 9888
4
	9440 9856
	9952 9856
	9952 9888
	9440 9888
4
	10240 9856
	11904 9856
	11904 9888
	10240 9888
4
	12928 9856
	16384 9856
	16384 9888
	12928 9888
4
	0 9888
	3584 9888
	3584 9920
	0 9920
4
	9440 9888
	9952 9888
	9952 9920
	9440 9920
4
	10240 9888
	11904 9888
	11904 9920
	10240 9920
4
	12928 9888
	16384 9888
	16384 9920
	12928 9920
4
	0 9920
	3584 9920
	3584 9952
	0 9952
4
	9440 9920
	9952 9920
	9952 9952
	9440 9952
4
	10240 9920
	11904 9920
	11904 9952
	10240 9952
4
	12928 9920
	16384 9920
	16384 9952
	12928 9952
4
	0 9952
	3584 9952
	3584 9984
	0 9984
4
	9440 9952
	10048 9952
	10048 9984
	9440 9984
4
	10240 9952
	11904 9952
	11904 9984
	10240 9984
4
	13024 9952
	16384 9952
	16384 9984
	13024 9984
4
	0 9984
	3584 9984
	3584 10016
	0 10016
4
	9440 9984
	10048 9984
	10048 10016
	9440 10016
4
	10240 9984
	11904 9984
	11904 10016
	10240 10016
4
	13024 9984
	16384 9984
	16384 10016
	13024 10016
4
	0 10016
	3584 10016
	3584 10048
	0 10048
4
	9440 10016
	10048 10016
	10048 10048
	9440 10048
4
	10240 10016
	11904 10016
	11904 10048
	10240 10048
4
	13024 10016
	16384 10016
	16384 10048
	13024 10048
4
	0 10048
	3584 10048
	3584 10080
	0 10080
4
	9440 10048
	11904 10048
	11904 10080
	9440 10080
4
	13024 10048
	16384 10048
	16384 10080
	13024 10080
4
	0 10080
	3584 10080
	3584 10112
	0 10112
4
	9440 10080
	11904 10080
	11904 10112
	9440 10112
4
	13024 10080
	16384 10080
	16384 10112
	13024 10112
4
	0 10112
	3584 10112
	3584 10144
	0 10144
4
	9440 10112
	11904 10112
	11904 10144
	9440 10144
4
	13024 10112
	16384 10112
	16384 10144
	13024 10144
4
	0 10144
	3488 10144
	3488 10176
	0 10176
4
	9536 10144
	11904 10144
	11904 10176
	9536 10176
4
	13024 10144
	16384 10144
	16384 10176
	13024 10176
4
	0 10176
	3488 10176
	3488 10208
	0 10208
4
	9536 10176
	11904 10176
	11904 10208
	9536 10208
4
	13024 10176
	16384 10176
	16384 10208
	13024 10208
4
	0 10208
	3488 10208
	3488 10240
	0 10240
4
	9536 10208
	11904 10208
	11904 10240
	9536 10240
4
	13024 10208
	16384 10208
	16384 10240
	13024 10240
4
	0 10240
	3488 10240
	3488 10272
	0 10272
4
	8704 10240
	9024 10240
	9024 10272
	8704 10272
4
	9536 10240
	11904 10240
	11904 10272
	9536 10272
4
	13120 10240
	16384 10240
	16384 10272
	13120 10272
4
	0 10272
	3488 10272
	3488 10304
	0 10304
4
	8704 10272
	9024 10272
	9024 10304
	8704 10304
4
	9536 10272
	11904 10272
	11904 10304
	9536 10304
4
	13120 10272
	16384 10272
	16384 10304
	13120 10304
4
	0 10304
	3488 10304
	3488 10336
	0 10336
4
	8704 10304
	9024 10304
	9024 10336
	8704 10336
4
	9536 10304
	11904 10304
	11904 10336
	9536 10336
4
	13120 10304
	16384 10304
	16384 10336
	13120 10336
4
	0 10336
	3488 10336
	3488 10368
	0 10368
4
	8704 10336
	9024 10336
	9024 10368
	8704 10368
4
	9536 10336
	11904 10336
	11904 10368
	9536 10368
4
	13120 10336
	16384 10336
	16384 10368
	13120 10368
4
	0 10368
	3488 10368
	3488 10400
	0 10400
4
	8608 10368
	9120 10368
	9120 10400
	8608 10400
4
	9632 10368
	11904 10368
	11904 10400
	9632 10400
4
	13120 10368
	16384 10368
	16384 10400
	13120 10400
4
	0 10400
	3488 10400
	3488 10432
	0 10432
4
	8608 10400
	9120 10400
	9120 10432
	8608 10432
4
	9632 10400
	11904 10400
	11904 10432
	9632 10432
4
	13120 10400
	16384 10400
	16384 10432
	13120 10432
4
	0 10432
	3488 10432
	3488 10464
	0 10464
4
	8608 10432
	9120 10432
	9120 10464
	8608 10464
4
	9632 10432
	11904 10432
	11904 10464
	9632 10464
4
	13120 10432
	16384 10432
	16384 10464
	13120 10464
4
	0 10464
	3488 10464
	3488 10496
	0 10496
4
	8704 10464
	9216 10464
	9216 10496
	8704 10496
4
	9632 10464
	11904 10464
	11904 10496
	9632 10496
4
	13024 10464
	16384 10464
	16384 10496
	13024 10496
4
	0 10496
	3488 10496
	3488 10528
	0 10528
4
	8704 10496
	9216 10496
	9216 10528
	8704 10528
4
	9632 10496
	11904 10496
	11904 10528
	9632 10528
4
	13024 10496
	16384 10496
	16384 10528
	13024 10528
4
	0 10528
	3488 10528
	3488 10560
	0 10560
4
	8704 10528
	9216 10528
	9216 10560
	8704 10560
4
	9632 10528
	11904 10528
	11904 10560
	9632 10560
4
	13024 10528
	16384 10528
	16384 10560
	13024 10560
4
	0 10560
	3392 10560
	3392 10592
	0 10592
4
	9024 10560
	9344 10560
	9344 10592
	9024 10592
4
	9728 10560
	11904 10560
	11904 10592
	9728 10592
4
	12512 10560
	16384 10560
	16384 10592
	12512 10592
4
	0 10592
	3392 10592
	3392 10624
	0 10624
4
	9024 10592
	9344 10592
	9344 10624
	9024 10624
4
	9728 10592
	11904 10592
	11904 10624
	9728 10624
4
	12512 10592
	16384 10592
	16384 10624
	12512 10624
4
	0 10624
	3392 10624
	3392 10656
	0 10656
4
	9024 10624
	9344 10624
	9344 10656
	9024 10656
4
	9728 10624
	11904 10624
	11904 10656
	9728 10656
4
	12512 10624
	16384 10624
	16384 10656
	12512 10656
4
	0 10656
	3392 10656
	3392 10688
	0 10688
4
	9120 10656
	9344 10656
	9344 10688
	9120 10688
4
	9728 10656
	16384 10656
	16384 10688
	9728 10688
4
	0 10688
	3392 10688
	3392 10720
	0 10720
4
	9120 10688
	9344 10688
	9344 10720
	9120 10720
4
	9728 10688
	16384 10688
	16384 10720
	9728 10720
4
	0 10720
	3392 10720
	3392 10752
	0 10752
4
	9120 10720
	9344 10720
	9344 10752
	9120 10752
4
	9728 10720
	16384 10720
	16384 10752
	9728 10752
4
	0 10752
	3296 10752
	3296 10784
	0 10784
4
	9728 10752
	16384 10752
	16384 10784
	9728 10784
4
	0 10784
	3296 10784
	3296 10816
	0 10816
4
	9728 10784
	16384 10784
	16384 10816
	9728 10816
4
	0 10816
	3296 10816
	3296 10848
	0 10848
4
	9728 10816
	16384 10816
	16384 10848
	9728 10848
4
	0 10848
	3296 10848
	3296 10880
	0 10880
4
	9728 10848
	16384 10848
	16384 10880
	9728 10880
4
	0 10880
	3296 10880
	3296 10912
	0 10912
4
	9728 10880
	16384 10880
	16384 10912
	9728 10912
4
	0 10912
	3296 10912
	3296 10944
	0 10944
4
	9728 10912
	16384 10912
	16384 10944
	9728 10944
4
	0 10944
	3296 10944
	3296 10976
	0 10976
4
	9728 10944
	16384 10944
	16384 10976
	9728 10976
4
	0 10976
	3296 10976
	3296 11008
	0 11008
4
	9728 10976
	16384 10976
	16384 11008
	9728 11008
4
	0 11008
	3296 11008
	3296 11040
	0 11040
4
	9728 11008
	16384 11008
	16384 11040
	9728 11040
4
	0 11040
	3296 11040
	3296 11072
	0 11072
4
	9728 11040
	16384 11040
	16384 11072
	9728 11072
4
	0 11072
	3296 11072
	3296 11104
	0 11104
4
	9856 11072
	16384 11072
	16384 11104
	9856 11104
4
	0 11104
	3296 11104
	3296 11136
	0 11136
4
	9856 11104
	16384 11104
	16384 11136
	9856 11136
4
	0 11136
	3296 11136
	3296 11168
	0 11168
4
	9856 11136
	16384 11136
	16384 11168
	9856 11168
4
	0 11168
	3296 11168
	3296 11200
	0 11200
4
	9856 11168
	16384 11168
	16384 11200
	9856 11200
4
	0 11200
	3296 11200
	3296 11232
	0 11232
4
	9856 11200
	16384 11200
	16384 11232
	9856 11232
4
	0 11232
	3296 11232
	3296 11264
	0 11264
4
	9856 11232
	16384 11232
	16384 11264
	9856 11264
4
	0 11264
	3296 11264
	3296 11296
	0 11296
4
	9856 11264
	16384 11264
	16384 11296
	9856 11296
4
	0 11296
	3296 11296
	3296 11328
	0 11328
4
	9856 11296
	16384 11296
	16384 11328
	9856 11328
4
	0 11328
	3296 11328
	3296 11360
	0 11360
4
	9856 11328
	16384 11328
	16384 11360
	9856 11360
4
	0 11360
	3296 11360
	3296 11392
	0 11392
4
	9856 11360
	16384 11360
	16384 11392
	9856 11392
4
	0 11392
	3296 11392
	3296 11424
	0 11424
4
	9856 11392
	16384 11392
	16384 11424
	9856 11424
4
	0 11424
	3296 11424
	3296 11456
	0 11456
4
	9856 11424
	16384 11424
	16384 11456
	9856 11456
4
	0 11456
	3296 11456
	3296 11488
	0 11488
4
	9856 11456
	16384 11456
	16384 11488
	9856 11488
4
	0 11488
	3296 11488
	3296 11520
	0 11520
4
	9856 11488
	16384 11488
	16384 11520
	9856 11520
4
	0 11520
	3296 11520
	3296 11552
	0 11552
4
	9856 11520
	16384 11520
	16384 11552
	9856 11552
4
	0 11552
	3296 11552
	3296 11584
	0 11584
4
	9856 11552
	16384 11552
	16384 11584
	9856 11584
4
	0 11584
	3296 11584
	3296 11616
	0 11616
4
	9856 11584
	16384 11584
	16384 11616
	9856 11616
4
	0 11616
	3296 11616
	3296 11648
	0 11648
4
	9856 11616
	16384 11616
	16384 11648
	9856 11648
4
	0 11648
	3296 11648
	3296 11680
	0 11680
4
	9856 11648
	16384 11648
	16384 11680
	9856 11680
4
	0 11680
	3296 11680
	3296 11712
	0 11712
4
	9856 11680
	16384 11680
	16384 11712
	9856 11712
4
	0 11712
	3296 11712
	3296 11744
	0 11744
4
	9856 11712
	16384 11712
	16384 11744
	9856 11744
4
	0 11744
	3296 11744
	3296 11776
	0 11776
4
	9856 11744
	16384 11744
	16384 11776
	9856 11776
4
	0 11776
	3296 11776
	3296 11808
	0 11808
4
	9856 11776
	16384 11776
	16384 11808
	9856 11808
4
	0 11808
	3296 11808
	3296 11840
	0 11840
4
	9856 11808
	16384 11808
	16384 11840
	9856 11840
4
	0 11840
	3296 11840
	3296 11872
	0 11872
4
	9856 11840
	16384 11840
	16384 11872
	9856 11872
4
	0 11872
	3296 11872
	3296 11904
	0 11904
4
	9856 11872
	16384 11872
	16384 11904
	9856 11904
4
	0 11904
	3296 11904
	3296 11936
	0 11936
4
	9856 11904
	16384 11904
	16384 11936
	9856 11936
4
	0 11936
	3296 11936
	3296 11968
	0 11968
4
	9856 11936
	16384 11936
	16384 11968
	9856 11968
4
	0 11968
	3296 11968
	3296 12000
	0 12000
4
	9856 11968
	16384 11968
	16384 12000
	9856 12000
4
	0 12000
	3296 12000
	3296 12032
	0 12032
4
	9728 12000
	16384 12000
	16384 12032
	9728 12032
4
	0 12032
	3296 12032
	3296 12064
	0 12064
4
	9728 12032
	16384 12032
	16384 12064
	9728 12064
4
	0 12064
	3296 12064
	3296 12096
	0 12096
4
	9728 12064
	16384 12064
	16384 12096
	9728 12096
4
	0 12096
	3296 12096
	3296 12128
	0 12128
4
	9728 12096
	16384 12096
	16384 12128
	9728 12128
4
	0 12128
	3296 12128
	3296 12160
	0 12160
4
	9728 12128
	16384 12128
	16384 12160
	9728 12160
4
	0 12160
	3296 12160
	3296 12192
	0 12192
4
	9728 12160
	16384 12160
	16384 12192
	9728 12192
4
	0 12192
	3296 12192
	3296 12224
	0 12224
4
	9728 12192
	16384 12192
	16384 12224
	9728 12224
4
	0 12224
	3296 12224
	3296 12256
	0 12256
4
	9728 12224
	16384 12224
	16384 12256
	9728 12256
4
	0 12256
	3296 12256
	3296 12288
	0 12288
4
	9728 12256
	16384 12256
	16384 12288
	9728 12288
4
	0 12288
	3296 12288
	3296 12320
	0 12320
4
	9632 12288
	16384 12288
	16384 12320
	9632 12320
4
	0 12320
	3296 12320
	3296 12352
	0 12352
4
	9632 12320
	16384 12320
	16384 12352
	9632 12352
4
	0 12352
	3296 12352
	3296 12384
	0 12384
4
	9632 12352
	16384 12352
	16384 12384
	9632 12384
4
	0 12384
	3296 12384
	3296 12416
	0 12416
4
	9632 12384
	16384 12384
	16384 12416
	9632 12416
4
	0 12416
	3392 12416
	3392 12448
	0 12448
4
	9632 12416
	16384 12416
	16384 12448
	9632 12448
4
	0 12448
	3392 12448
	3392 12480
	0 12480
4
	9632 12448
	16384 12448
	16384 12480
	9632 12480
4
	0 12480
	3392 12480
	3392 12512
	0 12512
4
	9632 12480
	16384 12480
	16384 12512
	9632 12512
4
	0 12512
	3488 12512
	3488 12544
	0 12544
4
	9632 12512
	16384 12512
	16384 12544
	9632 12544
4
	0 12544
	3488 12544
	3488 12576
	0 12576
4
	9632 12544
	16384 12544
	16384 12576
	9632 12576
4
	0 12576
	3488 12576
	3488 12608
	0 12608
4
	9632 12576
	16384 12576
	16384 12608
	9632 12608
4
	0 12608
	3488 12608
	3488 12640
	0 12640
4
	9536 12608
	16384 12608
	16384 12640
	9536 12640
4
	0 12640
	3488 12640
	3488 12672
	0 12672
4
	9536 12640
	16384 12640
	16384 12672
	9536 12672
4
	0 12672
	3488 12672
	3488 12704
	0 12704
4
	9536 12672
	16384 12672
	16384 12704
	9536 12704
4
	0 12704
	3584 12704
	3584 12736
	0 12736
4
	9536 12704
	16384 12704
	16384 12736
	9536 12736
4
	0 12736
	3584 12736
	3584 12768
	0 12768
4
	9536 12736
	16384 12736
	16384 12768
	9536 12768
4
	0 12768
	3584 12768
	3584 12800
	0 12800
4
	9536 12768
	16384 12768
	16384 12800
	9536 12800
4
	0 12800
	3712 12800
	3712 12832
	0 12832
4
	9440 12800
	16384 12800
	16384 12832
	9440 12832
4
	0 12832
	3712 12832
	3712 12864
	0 12864
4
	9440 12832
	16384 12832
	16384 12864
	9440 12864
4
	0 12864
	3712 12864
	3712 12896
	0 12896
4
	9440 12864
	16384 12864
	16384 12896
	9440 12896
4
	0 12896
	3712 12896
	3712 12928
	0 12928
4
	9440 12896
	16384 12896
	16384 12928
	9440 12928
4
	0 12928
	3808 12928
	3808 12960
	0 12960
4
	9344 12928
	16384 12928
	16384 12960
	9344 12960
4
	0 12960
	3808 12960
	3808 12992
	0 12992
4
	9344 12960
	16384 12960
	16384 12992
	9344 12992
4
	0 12992
	3808 12992
	3808 13024
	0 13024
4
	9344 12992
	16384 12992
	16384 13024
	9344 13024
4
	0 13024
	3904 13024
	3904 13056
	0 13056
4
	9216 13024
	16384 13024
	16384 13056
	9216 13056
4
	0 13056
	3904 13056
	3904 13088
	0 13088
4
	9216 13056
	16384 13056
	16384 13088
	9216 13088
4
	0 13088
	3904 13088
	3904 13120
	0 13120
4
	9216 13088
	16384 13088
	16384 13120
	9216 13120
4
	0 13120
	4000 13120
	4000 13152
	0 13152
4
	9120 13120
	16384 13120
	16384 13152
	9120 13152
4
	0 13152
	4000 13152
	4000 13184
	0 13184
4
	9120 13152
	16384 13152
	16384 13184
	9120 13184
4
	0 13184
	4000 13184
	4000 13216
	0 13216
4
	9120 13184
	16384 13184
	16384 13216
	9120 13216
4
	0 13216
	4096 13216
	4096 13248
	0 13248
4
	9024 13216
	16384 13216
	16384 13248
	9024 13248
4
	0 13248
	4096 13248
	4096 13280
	0 13280
4
	9024 13248
	16384 13248
	16384 13280
	9024 13280
4
	0 13280
	4096 13280
	4096 13312
	0 13312
4
	9024 13280
	16384 13280
	16384 13312
	9024 13312
4
	0 13312
	4224 13312
	4224 13344
	0 13344
4
	8928 13312
	16384 13312
	16384 13344
	8928 13344
4
	0 13344
	4224 13344
	4224 13376
	0 13376
4
	8928 13344
	16384 13344
	16384 13376
	8928 13376
4
	0 13376
	4224 13376
	4224 13408
	0 13408
4
	8928 13376
	16384 13376
	16384 13408
	8928 13408
4
	0 13408
	4224 13408
	4224 13440
	0 13440
4
	8928 13408
	16384 13408
	16384 13440
	8928 13440
4
	0 13440
	4320 13440
	4320 13472
	0 13472
4
	8832 13440
	16384 13440
	16384 13472
	8832 13472
4
	0 13472
	4320 13472
	4320 13504
	0 13504
4
	8832 13472
	16384 13472
	16384 13504
	8832 13504
4
	0 13504
	4320 13504
	4320 13536
	0 13536
4
	8832 13504
	16384 13504
	16384 13536
	8832 13536
4
	0 13536
	4416 13536
	4416 13568
	0 13568
4
	8608 13536
	16384 13536
	16384 13568
	8608 13568
4
	0 13568
	4416 13568
	4416 13600
	0 13600
4
	8608 13568
	16384 13568
	16384 13600
	8608 13600
4
	0 13600
	4416 13600
	4416 13632
	0 13632
4
	8608 13600
	16384 13600
	16384 13632
	8608 13632
4
	0 13632
	4512 13632
	4512 13664
	0 13664
4
	8416 13632
	16384 13632
	16384 13664
	8416 13664
4
	0 13664
	4512 13664
	4512 13696
	0 13696
4
	8416 13664
	16384 13664
	16384 13696
	8416 13696
4
	0 13696
	4512 13696
	4512 13728
	0 13728
4
	8416 13696
	16384 13696
	16384 13728
	8416 13728
4
	0 13728
	4608 13728
	4608 13760
	0 13760
4
	8192 13728
	16384 13728
	16384 13760
	8192 13760
4
	0 13760
	4608 13760
	4608 13792
	0 13792
4
	8192 13760
	16384 13760
	16384 13792
	8192 13792
4
	0 13792
	4608 13792
	4608 13824
	0 13824
4
	8192 13792
	16384 13792
	16384 13824
	8192 13824
4
	0 13824
	4608 13824
	4608 13856
	0 13856
4
	8000 13824
	16384 13824
	16384 13856
	8000 13856
4
	0 13856
	4608 13856
	4608 13888
	0 13888
4
	8000 13856
	16384 13856
	16384 13888
	8000 13888
4
	0 13888
	4608 13888
	4608 13920
	0 13920
4
	8000 13888
	16384 13888
	16384 13920
	8000 13920
4
	0 13920
	4608 13920
	4608 13952
	0 13952
4
	8000 13920
	16384 13920
	16384 13952
	8000 13952
4
	0 13952
	4512 13952
	4512 13984
	0 13984
4
	4928 13952
	5120 13952
	5120 13984
	4928 13984
4
	7808 13952
	16384 13952
	16384 13984
	7808 13984
4
	0 13984
	4512 13984
	4512 14016
	0 14016
4
	4928 13984
	5120 13984
	5120 14016
	4928 14016
4
	7808 13984
	16384 13984
	16384 14016
	7808 14016
4
	0 14016
	4512 14016
	4512 14048
	0 14048
4
	4928 14016
	5120 14016
	5120 14048
	4928 14048
4
	7808 14016
	16384 14016
	16384 14048
	7808 14048
4
	0 14048
	4416 14048
	4416 14080
	0 14080
4
	4832 14048
	5344 14048
	5344 14080
	4832 14080
4
	7584 14048
	16384 14048
	16384 14080
	7584 14080
4
	0 14080
	4416 14080
	4416 14112
	0 14112
4
	4832 14080
	5344 14080
	5344 14112
	4832 14112
4
	7584 14080
	16384 14080
	16384 14112
	7584 14112
4
	0 14112
	4416 14112
	4416 14144
	0 14144
4
	4832 14112
	5344 14112
	5344 14144
	4832 14144
4
	7584 14112
	16384 14112
	16384 14144
	7584 14144
4
	0 14144
	4320 14144
	4320 14176
	0 14176
4
	4928 14144
	5536 14144
	5536 14176
	4928 14176
4
	7392 14144
	16384 14144
	16384 14176
	7392 14176
4
	0 14176
	4320 14176
	4320 14208
	0 14208
4
	4928 14176
	5536 14176
	5536 14208
	4928 14208
4
	7392 14176
	16384 14176
	16384 14208
	7392 14208
4
	0 14208
	4320 14208
	4320 14240
	0 14240
4
	4928 14208
	5536 14208
	5536 14240
	4928 14240
4
	7392 14208
	16384 14208
	16384 14240
	7392 14240
4
	0 14240
	4320 14240
	4320 14272
	0 14272
4
	4928 14240
	5856 14240
	5856 14272
	4928 14272
4
	6784 14240
	16384 14240
	16384 14272
	6784 14272
4
	0 14272
	4320 14272
	4320 14304
	0 14304
4
	4928 14272
	5856 14272
	5856 14304
	4928 14304
4
	6784 14272
	16384 14272
	16384 14304
	6784 14304
4
	0 14304
	4320 14304
	4320 14336
	0 14336
4
	4928 14304
	5856 14304
	5856 14336
	4928 14336
4
	6784 14304
	16384 14304
	16384 14336
	6784 14336
4
	0 14336
	4224 14336
	4224 14368
	0 14368
4
	4928 14336
	16384 14336
	16384 14368
	4928 14368
4
	0 14368
	4224 14368
	4224 14400
	0 14400
4
	4928 14368
	16384 14368
	16384 14400
	4928 14400
4
	0 14400
	4224 14400
	4224 14432
	0 14432
4
	4928 14400
	16384 14400
	16384 14432
	4928 14432
4
	0 14432
	4224 14432
	4224 14464
	0 14464
4
	4928 14432
	16384 14432
	16384 14464
	4928 14464
4
	0 14464
	4224 14464
	4224 14496
	0 14496
4
	4832 14464
	16384 14464
	16384 14496
	4832 14496
4
	0 14496
	4224 14496
	4224 14528
	0 14528
4
	4832 14496
	16384 14496
	16384 14528
	4832 14528
4
	0 14528
	4224 14528
	4224 14560
	0 14560
4
	4832 14528
	16384 14528
	16384 14560
	4832 14560
4
	0 14560
	4096 14560
	4096 14592
	0 14592
4
	4736 14560
	16384 14560
	16384 14592
	4736 14592
4
	0 14592
	4096 14592
	4096 14624
	0 14624
4
	4736 14592
	16384 14592
	16384 14624
	4736 14624
4
	0 14624
	4096 14624
	4096 14656
	0 14656
4
	4736 14624
	16384 14624
	16384 14656
	4736 14656
4
	0 14656
	4000 14656
	4000 14688
	0 14688
4
	4736 14656
	16384 14656
	16384 14688
	4736 14688
4
	0 14688
	4000 14688
	4000 14720
	0 14720
4
	4736 14688
	16384 14688
	16384 14720
	4736 14720
4
	0 14720
	4000 14720
	4000 14752
	0 14752
4
	4736 14720
	16384 14720
	16384 14752
	4736 14752
4
	0 14752
	4000 14752
	4000 14784
	0 14784
4
	4608 14752
	16384 14752
	16384 14784
	4608 14784
4
	0 14784
	4000 14784
	4000 14816
	0 14816
4
	4608 14784
	16384 14784
	16384 14816
	4608 14816
4
	0 14816
	4000 14816
	4000 14848
	0 14848
4
	4608 14816
	16384 14816
	16384 14848
	4608 14848
4
	0 14848
	3904 14848
	3904 14880
	0 14880
4
	4608 14848
	16384 14848
	16384 14880
	4608 14880
4
	0 14880
	3904 14880
	3904 14912
	0 14912
4
	4608 14880
	16384 14880
	16384 14912
	4608 14912
4
	0 14912
	3904 14912
	3904 14944
	0 14944
4
	4608 14912
	16384 14912
	16384 14944
	4608 14944
4
	0 14944
	3904 14944
	3904 14976
	0 14976
4
	4608 14944
	16384 14944
	16384 14976
	4608 14976
4
	0 14976
	3808 14976
	3808 15008
	0 15008
4
	4512 14976
	16384 14976
	16384 15008
	4512 15008
4
	0 15008
	3808 15008
	3808 15040
	0 15040
4
	4512 15008
	16384 15008
	16384 15040
	4512 15040
4
	0 15040
	3808 15040
	3808 15072
	0 15072
4
	4512 15040
	16384 15040
	16384 15072
	4512 15072
4
	0 15072
	3808 15072
	3808 15104
	0 15104
4
	4512 15072
	16384 15072
	16384 15104
	4512 15104
4
	0 15104
	3808 15104
	3808 15136
	0 15136
4
	4512 15104
	16384 15104
	16384 15136
	4512 15136
4
	0 15136
	3808 15136
	3808 15168
	0 15168
4
	4512 15136
	16384 15136
	16384 15168
	4512 15168
4
	0 15168
	3712 15168
	3712 15200
	0 15200
4
	4416 15168
	16384 15168
	16384 15200
	4416 15200
4
	0 15200
	3712 15200
	3712 15232
	0 15232
4
	4416 15200
	16384 15200
	16384 15232
	4416 15232
4
	0 15232
	3712 15232
	3712 15264
	0 15264
4
	4416 15232
	16384 15232
	16384 15264
	4416 15264
4
	0 15264
	3584 15264
	3584 15296
	0 15296
4
	4320 15264
	16384 15264
	16384 15296
	4320 15296
4
	0 15296
	3584 15296
	3584 15328
	0 15328
4
	4320 15296
	16384 15296
	16384 15328
	4320 15328
4
	0 15328
	3584 15328
	3584 15360
	0 15360
4
	4320 15328
	16384 15328
	16384 15360
	4320 15360
4
	0 15360
	3584 15360
	3584 15392
	0 15392
4
	4320 15360
	16384 15360
	16384 15392
	4320 15392
4
	0 15392
	3584 15392
	3584 15424
	0 15424
4
	4320 15392
	16384 15392
	16384 15424
	4320 15424
4
	0 15424
	3584 15424
	3584 15456
	0 15456
4
	4320 15424
	16384 15424
	16384 15456
	4320 15456
4
	0 15456
	3584 15456
	3584 15488
	0 15488
4
	4320 15456
	16384 15456
	16384 15488
	4320 15488
4
	0 15488
	3488 15488
	3488 15520
	0 15520
4
	4224 15488
	16384 15488
	16384 15520
	4224 15520
4
	0 15520
	3488 15520
	3488 15552
	0 15552
4
	4224 15520
	16384 15520
	16384 15552
	4224 15552
4
	0 15552
	3488 15552
	3488 15584
	0 15584
4
	4224 15552
	16384 15552
	16384 15584
	4224 15584
4
	0 15584
	3488 15584
	3488 15616
	0 15616
4
	4224 15584
	16384 15584
	16384 15616
	4224 15616
4
	0 15616
	3488 15616
	3488 15648
	0 15648
4
	4224 15616
	16384 15616
	16384 15648
	4224 15648
4
	0 15648
	3488 15648
	3488 15680
	0 15680
4
	4224 15648
	16384 15648
	16384 15680
	4224 15680
4
	0 15680
	3392 15680
	3392 15712
	0 15712
4
	4096 15680
	16384 15680
	16384 15712
	4096 15712
4
	0 15712
	3392 15712
	3392 15744
	0 15744
4
	4096 15712
	16384 15712
	16384 15744
	4096 15744
4
	0 15744
	3392 15744
	3392 15776
	0 15776
4
	4096 15744
	16384 15744
	16384 15776
	4096 15776
4
	0 15776
	3392 15776
	3392 15808
	0 15808
4
	4000 15776
	16384 15776
	16384 15808
	4000 15808
4
	0 15808
	3392 15808
	3392 15840
	0 15840
4
	4000 15808
	16384 15808
	16384 15840
	4000 15840
4
	0 15840
	3392 15840
	3392 15872
	0 15872
4
	4000 15840
	16384 15840
	16384 15872
	4000 15872
4
	0 15872
	3296 15872
	3296 15904
	0 15904
4
	4000 15872
	16384 15872
	16384 15904
	4000 15904
4
	0 15904
	3296 15904
	3296 15936
	0 15936
4
	4000 15904
	16384 15904
	16384 15936
	4000 15936
4
	0 15936
	3296 15936
	3296 15968
	0 15968
4
	4000 15936
	16384 15936
	16384 15968
	4000 15968
4
	0 15968
	3296 15968
	3296 16000
	0 16000
4
	4000 15968
	16384 15968
	16384 16000
	4000 16000
4
	0 16000
	3200 16000
	3200 16032
	0 16032
4
	3904 16000
	16384 16000
	16384 16032
	3904 16032
4
	0 16032
	3200 16032
	3200 16064
	0 16064
4
	3904 16032
	16384 16032
	16384 16064
	3904 16064
4
	0 16064
	3200 16064
	3200 16096
	0 16096
4
	3904 16064
	16384 16064
	16384 16096
	3904 16096
4
	0 16096
	3072 16096
	3072 16128
	0 16128
4
	3904 16096
	16384 16096
	16384 16128
	3904 16128
4
	0 16128
	3072 16128
	3072 16160
	0 16160
4
	3904 16128
	16384 16128
	16384 16160
	3904 16160
4
	0 16160
	3072 16160
	3072 16192
	0 16192
4
	3904 16160
	16384 16160
	16384 16192
	3904 16192
4
	0 16192
	3072 16192
	3072 16224
	0 16224
4
	3808 16192
	16384 16192
	16384 16224
	3808 16224
4
	0 16224
	3072 16224
	3072 16256
	0 16256
4
	3808 16224
	16384 16224
	16384 16256
	3808 16256
4
	0 16256
	3072 16256
	3072 16288
	0 16288
4
	3808 16256
	16384 16256
	16384 16288
	3808 16288
4
	0 16288
	16384 16288
	16384 16320
	0 16320
4
	0 16320
	16384 16320
	16384 16352
	0 16352
4
	0 16352
	16384 16352
	16384 16384
	0 16384
4
	-32 -32
	16416 -32
	16416 0
	-32 0
4
	-32 16384
	16416 16384
	16416 16416
	-32 16416
4
	-32 0
	0 0
	0 16384
	-32 16384
4
	16384 0
	16416 0
	16416 16384
	16384 16384
