2096
4
	0 0
	16384 0
	16384 32
	0 32
4
	0 32
	16384 32
	16384 64
	0 64
4
	0 64
	16384 64
	16384 96
	0 96
4
	0 96
	16384 96
	16384 128
	0 128
4
	0 128
	16384 128
	16384 160
	0 160
4
	0 160
	16384 160
	16384 192
	0 192
4
	0 192
	16384 192
	16384 224
	0 224
4
	0 224
	16384 224
	16384 256
	0 256
4
	0 256
	16384 256
	16384 288
	0 288
4
	0 288
	16384 288
	16384 320
	0 320
4
	0 320
	16384 320
	16384 352
	0 352
4
	0 352
	16384 352
	16384 384
	0 384
4
	0 384
	16384 384
	16384 416
	0 416
4
	0 416
	16384 416
	16384 448
	0 448
4
	0 448
	16384 448
	16384 480
	0 480
4
	0 480
	16384 480
	16384 512
	0 512
4
	0 512
	16384 512
	16384 544
	0 544
4
	0 544
	16384 544
	16384 576
	0 576
4
	0 576
	16384 576
	16384 608
	0 608
4
	0 608
	16384 608
	16384 640
	0 640
4
	0 640
	16384 640
	16384 672
	0 672
4
	0 672
	16384 672
	16384 704
	0 704
4
	0 704
	16384 704
	16384 736
	0 736
4
	0 736
	16384 736
	16384 768
	0 768
4
	0 768
	16384 768
	16384 800
	0 800
4
	0 800
	16384 800
	16384 832
	0 832
4
	0 832
	16384 832
	16384 864
	0 864
4
	0 864
	16384 864
	16384 896
	0 896
4
	0 896
	16384 896
	16384 928
	0 928
4
	0 928
	7232 928
	7232 960
	0 960
4
	7936 928
	16384 928
	16384 960
	7936 960
4
	0 960
	7232 960
	7232 992
	0 992
4
	7936 960
	16384 960
	16384 992
	7936 992
4
	0 992
	7008 992
	7008 1024
	0 1024
4
	8192 992
	16384 992
	16384 1024
	8192 1024
4
	0 1024
	6784 1024
	6784 1056
	0 1056
4
	8352 1024
	16384 1024
	16384 1056
	8352 1056
4
	0 1056
	6784 1056
	6784 1088
	0 1088
4
	8352 1056
	16384 1056
	16384 1088
	8352 1088
4
	0 1088
	6656 1088
	6656 1120
	0 1120
4
	8480 1088
	16384 1088
	16384 1120
	8480 1120
4
	0 1120
	6656 1120
	6656 1152
	0 1152
4
	8480 1120
	16384 1120
	16384 1152
	8480 1152
4
	0 1152
	6528 1152
	6528 1184
	0 1184
4
	8640 1152
	16384 1152
	16384 1184
	8640 1184
4
	0 1184
	6528 1184
	6528 1216
	0 1216
4
	8640 1184
	16384 1184
	16384 1216
	8640 1216
4
	0 1216
	6432 1216
	6432 1248
	0 1248
4
	8768 1216
	16384 1216
	16384 1248
	8768 1248
4
	0 1248
	6432 1248
	6432 1280
	0 1280
4
	8768 1248
	16384 1248
	16384 1280
	8768 1280
4
	0 1280
	6368 1280
	6368 1312
	0 1312
4
	8832 1280
	16384 1280
	16384 1312
	8832 1312
4
	0 1312
	6368 1312
	6368 1344
	0 1344
4
	8832 1312
	16384 1312
	16384 1344
	8832 1344
4
	0 1344
	6304 1344
	6304 1376
	0 1376
4
	8928 1344
	16384 1344
	16384 1376
	8928 1376
4
	0 1376
	6304 1376
	6304 1408
	0 1408
4
	8928 1376
	16384 1376
	16384 1408
	8928 1408
4
	0 1408
	6240 1408
	6240 1440
	0 1440
4
	8992 1408
	16384 1408
	16384 1440
	8992 1440
4
	0 1440
	6240 1440
	6240 1472
	0 1472
4
	8992 1440
	16384 1440
	16384 1472
	8992 1472
4
	0 1472
	6144 1472
	6144 1504
	0 1504
4
	9056 1472
	16384 1472
	16384 1504
	9056 1504
4
	0 1504
	6144 1504
	6144 1536
	0 1536
4
	9056 1504
	16384 1504
	16384 1536
	9056 1536
4
	0 1536
	6080 1536
	6080 1568
	0 1568
4
	9056 1536
	16384 1536
	16384 1568
	9056 1568
4
	0 1568
	6016 1568
	6016 1600
	0 1600
4
	9120 1568
	16384 1568
	16384 1600
	9120 1600
4
	0 1600
	6016 1600
	6016 1632
	0 1632
4
	9120 1600
	16384 1600
	16384 1632
	9120 1632
4
	0 1632
	6016 1632
	6016 1664
	0 1664
4
	9184 1632
	16384 1632
	16384 1664
	9184 1664
4
	0 1664
	6016 1664
	6016 1696
	0 1696
4
	9184 1664
	16384 1664
	16384 1696
	9184 1696
4
	0 1696
	5952 1696
	5952 1728
	0 1728
4
	9184 1696
	16384 1696
	16384 1728
	9184 1728
4
	0 1728
	5952 1728
	5952 1760
	0 1760
4
	9184 1728
	16384 1728
	16384 1760
	9184 1760
4
	0 1760
	5888 1760
	5888 1792
	0 1792
4
	9280 1760
	16384 1760
	16384 1792
	9280 1792
4
	0 1792
	5888 1792
	5888 1824
	0 1824
4
	9280 1792
	16384 1792
	16384 1824
	9280 1824
4
	0 1824
	5888 1824
	5888 1856
	0 1856
4
	9280 1824
	16384 1824
	16384 1856
	9280 1856
4
	0 1856
	5888 1856
	5888 1888
	0 1888
4
	9280 1856
	16384 1856
	16384 1888
	9280 1888
4
	0 1888
	1632 1888
	1632 1920
	0 1920
4
	1792 1888
	5792 1888
	5792 1920
	1792 1920
4
	9280 1888
	16384 1888
	16384 1920
	9280 1920
4
	0 1920
	1632 1920
	1632 1952
	0 1952
4
	1792 1920
	5792 1920
	5792 1952
	1792 1952
4
	9280 1920
	16384 1920
	16384 1952
	9280 1952
4
	0 1952
	1504 1952
	1504 1984
	0 1984
4
	1792 1952
	3200 1952
	3200 1984
	1792 1984
4
	3328 1952
	5792 1952
	5792 1984
	3328 1984
4
	9344 1952
	16384 1952
	16384 1984
	9344 1984
4
	0 1984
	1504 1984
	1504 2016
	0 2016
4
	1792 1984
	3200 1984
	3200 2016
	1792 2016
4
	3328 1984
	5792 1984
	5792 2016
	3328 2016
4
	9344 1984
	16384 1984
	16384 2016
	9344 2016
4
	0 2016
	1440 2016
	1440 2048
	0 2048
4
	1856 2016
	3136 2016
	3136 2048
	1856 2048
4
	3488 2016
	5792 2016
	5792 2048
	3488 2048
4
	9344 2016
	16384 2016
	16384 2048
	9344 2048
4
	0 2048
	1280 2048
	1280 2080
	0 2080
4
	1920 2048
	3040 2048
	3040 2080
	1920 2080
4
	3552 2048
	5792 2048
	5792 2080
	3552 2080
4
	7424 2048
	7776 2048
	7776 2080
	7424 2080
4
	9408 2048
	16384 2048
	16384 2080
	9408 2080
4
	0 2080
	1280 2080
	1280 2112
	0 2112
4
	1920 2080
	3040 2080
	3040 2112
	1920 2112
4
	3552 2080
	5792 2080
	5792 2112
	3552 2112
4
	7424 2080
	7776 2080
	7776 2112
	7424 2112
4
	9408 2080
	16384 2080
	16384 2112
	9408 2112
4
	0 2112
	1216 2112
	1216 2144
	0 2144
4
	1920 2112
	3040 2112
	3040 2144
	1920 2144
4
	3616 2112
	5728 2112
	5728 2144
	3616 2144
4
	7296 2112
	7840 2112
	7840 2144
	7296 2144
4
	9408 2112
	16384 2112
	16384 2144
	9408 2144
4
	0 2144
	1216 2144
	1216 2176
	0 2176
4
	1920 2144
	3040 2144
	3040 2176
	1920 2176
4
	3616 2144
	5728 2144
	5728 2176
	3616 2176
4
	7296 2144
	7840 2144
	7840 2176
	7296 2176
4
	9408 2144
	16384 2144
	16384 2176
	9408 2176
4
	0 2176
	1152 2176
	1152 2208
	0 2208
4
	1920 2176
	3040 2176
	3040 2208
	1920 2208
4
	3680 2176
	5728 2176
	5728 2208
	3680 2208
4
	7232 2176
	7936 2176
	7936 2208
	7232 2208
4
	9472 2176
	16384 2176
	16384 2208
	9472 2208
4
	0 2208
	1152 2208
	1152 2240
	0 2240
4
	1920 2208
	3040 2208
	3040 2240
	1920 2240
4
	3680 2208
	5728 2208
	5728 2240
	3680 2240
4
	7232 2208
	7936 2208
	7936 2240
	7232 2240
4
	9472 2208
	16384 2208
	16384 2240
	9472 2240
4
	0 2240
	1088 2240
	1088 2272
	0 2272
4
	1920 2240
	3040 2240
	3040 2272
	1920 2272
4
	3744 2240
	5728 2240
	5728 2272
	3744 2272
4
	7136 2240
	8000 2240
	8000 2272
	7136 2272
4
	9472 2240
	16384 2240
	16384 2272
	9472 2272
4
	0 2272
	1088 2272
	1088 2304
	0 2304
4
	1920 2272
	3040 2272
	3040 2304
	1920 2304
4
	3744 2272
	5728 2272
	5728 2304
	3744 2304
4
	7136 2272
	8000 2272
	8000 2304
	7136 2304
4
	9472 2272
	16384 2272
	16384 2304
	9472 2304
4
	0 2304
	992 2304
	992 2336
	0 2336
4
	1920 2304
	3040 2304
	3040 2336
	1920 2336
4
	3840 2304
	5728 2304
	5728 2336
	3840 2336
4
	7072 2304
	8064 2304
	8064 2336
	7072 2336
4
	9472 2304
	16384 2304
	16384 2336
	9472 2336
4
	0 2336
	992 2336
	992 2368
	0 2368
4
	1920 2336
	3040 2336
	3040 2368
	1920 2368
4
	3840 2336
	5728 2336
	5728 2368
	3840 2368
4
	7072 2336
	8064 2336
	8064 2368
	7072 2368
4
	9472 2336
	16384 2336
	16384 2368
	9472 2368
4
	0 2368
	928 2368
	928 2400
	0 2400
4
	1920 2368
	3040 2368
	3040 2400
	1920 2400
4
	3904 2368
	5728 2368
	5728 2400
	3904 2400
4
	7072 2368
	8064 2368
	8064 2400
	7072 2400
4
	9472 2368
	16384 2368
	16384 2400
	9472 2400
4
	0 2400
	928 2400
	928 2432
	0 2432
4
	1920 2400
	3040 2400
	3040 2432
	1920 2432
4
	3904 2400
	5728 2400
	5728 2432
	3904 2432
4
	7072 2400
	8064 2400
	8064 2432
	7072 2432
4
	9472 2400
	16384 2400
	16384 2432
	9472 2432
4
	0 2432
	928 2432
	928 2464
	0 2464
4
	1920 2432
	2976 2432
	2976 2464
	1920 2464
4
	3968 2432
	5728 2432
	5728 2464
	3968 2464
4
	7072 2432
	8064 2432
	8064 2464
	7072 2464
4
	9472 2432
	16384 2432
	16384 2464
	9472 2464
4
	0 2464
	928 2464
	928 2496
	0 2496
4
	1920 2464
	2976 2464
	2976 2496
	1920 2496
4
	3968 2464
	5728 2464
	5728 2496
	3968 2496
4
	7072 2464
	8064 2464
	8064 2496
	7072 2496
4
	9472 2464
	16384 2464
	16384 2496
	9472 2496
4
	0 2496
	864 2496
	864 2528
	0 2528
4
	1984 2496
	2912 2496
	2912 2528
	1984 2528
4
	3968 2496
	5728 2496
	5728 2528
	3968 2528
4
	7072 2496
	8064 2496
	8064 2528
	7072 2528
4
	9472 2496
	11584 2496
	11584 2528
	9472 2528
4
	12160 2496
	16384 2496
	16384 2528
	12160 2528
4
	0 2528
	864 2528
	864 2560
	0 2560
4
	1984 2528
	2912 2528
	2912 2560
	1984 2560
4
	3968 2528
	5728 2528
	5728 2560
	3968 2560
4
	7072 2528
	8064 2528
	8064 2560
	7072 2560
4
	9472 2528
	11584 2528
	11584 2560
	9472 2560
4
	12160 2528
	16384 2528
	16384 2560
	12160 2560
4
	0 2560
	800 2560
	800 2592
	0 2592
4
	2048 2560
	2848 2560
	2848 2592
	2048 2592
4
	4032 2560
	5728 2560
	5728 2592
	4032 2592
4
	7072 2560
	8000 2560
	8000 2592
	7072 2592
4
	9472 2560
	11392 2560
	11392 2592
	9472 2592
4
	12288 2560
	16384 2560
	16384 2592
	12288 2592
4
	0 2592
	800 2592
	800 2624
	0 2624
4
	2208 2592
	2784 2592
	2784 2624
	2208 2624
4
	4032 2592
	5376 2592
	5376 2624
	4032 2624
4
	5600 2592
	5728 2592
	5728 2624
	5600 2624
4
	7136 2592
	8000 2592
	8000 2624
	7136 2624
4
	9472 2592
	11392 2592
	11392 2624
	9472 2624
4
	12512 2592
	16384 2592
	16384 2624
	12512 2624
4
	0 2624
	800 2624
	800 2656
	0 2656
4
	2208 2624
	2784 2624
	2784 2656
	2208 2656
4
	4032 2624
	5376 2624
	5376 2656
	4032 2656
4
	5600 2624
	5728 2624
	5728 2656
	5600 2656
4
	7136 2624
	8000 2624
	8000 2656
	7136 2656
4
	9472 2624
	11392 2624
	11392 2656
	9472 2656
4
	12512 2624
	16384 2624
	16384 2656
	12512 2656
4
	0 2656
	736 2656
	736 2688
	0 2688
4
	4096 2656
	5088 2656
	5088 2688
	4096 2688
4
	7232 2656
	7936 2656
	7936 2688
	7232 2688
4
	9472 2656
	10816 2656
	10816 2688
	9472 2688
4
	10880 2656
	11232 2656
	11232 2688
	10880 2688
4
	12576 2656
	16384 2656
	16384 2688
	12576 2688
4
	0 2688
	736 2688
	736 2720
	0 2720
4
	4096 2688
	5088 2688
	5088 2720
	4096 2720
4
	7232 2688
	7936 2688
	7936 2720
	7232 2720
4
	9472 2688
	10816 2688
	10816 2720
	9472 2720
4
	10880 2688
	11232 2688
	11232 2720
	10880 2720
4
	12576 2688
	16384 2688
	16384 2720
	12576 2720
4
	0 2720
	736 2720
	736 2752
	0 2752
4
	4192 2720
	4672 2720
	4672 2752
	4192 2752
4
	7296 2720
	7840 2720
	7840 2752
	7296 2752
4
	9472 2720
	10752 2720
	10752 2752
	9472 2752
4
	10976 2720
	11104 2720
	11104 2752
	10976 2752
4
	12672 2720
	16384 2720
	16384 2752
	12672 2752
4
	0 2752
	736 2752
	736 2784
	0 2784
4
	4192 2752
	4672 2752
	4672 2784
	4192 2784
4
	7296 2752
	7840 2752
	7840 2784
	7296 2784
4
	9472 2752
	10752 2752
	10752 2784
	9472 2784
4
	10976 2752
	11104 2752
	11104 2784
	10976 2784
4
	12672 2752
	16384 2752
	16384 2784
	12672 2784
4
	0 2784
	640 2784
	640 2816
	0 2816
4
	4192 2784
	4256 2784
	4256 2816
	4192 2816
4
	7424 2784
	7712 2784
	7712 2816
	7424 2816
4
	9472 2784
	10688 2784
	10688 2816
	9472 2816
4
	12448 2784
	12576 2784
	12576 2816
	12448 2816
4
	12928 2784
	13216 2784
	13216 2816
	12928 2816
4
	13440 2784
	16384 2784
	16384 2816
	13440 2816
4
	0 2816
	640 2816
	640 2848
	0 2848
4
	4192 2816
	4256 2816
	4256 2848
	4192 2848
4
	7424 2816
	7712 2816
	7712 2848
	7424 2848
4
	9472 2816
	10688 2816
	10688 2848
	9472 2848
4
	12448 2816
	12576 2816
	12576 2848
	12448 2848
4
	12928 2816
	13216 2816
	13216 2848
	12928 2848
4
	13440 2816
	16384 2816
	16384 2848
	13440 2848
4
	0 2848
	640 2848
	640 2880
	0 2880
4
	5600 2848
	5728 2848
	5728 2880
	5600 2880
4
	9472 2848
	10624 2848
	10624 2880
	9472 2880
4
	12224 2848
	12576 2848
	12576 2880
	12224 2880
4
	13024 2848
	13152 2848
	13152 2880
	13024 2880
4
	13504 2848
	16384 2848
	16384 2880
	13504 2880
4
	0 2880
	640 2880
	640 2912
	0 2912
4
	5600 2880
	5728 2880
	5728 2912
	5600 2912
4
	9472 2880
	10624 2880
	10624 2912
	9472 2912
4
	12224 2880
	12576 2880
	12576 2912
	12224 2912
4
	13024 2880
	13152 2880
	13152 2912
	13024 2912
4
	13504 2880
	16384 2880
	16384 2912
	13504 2912
4
	0 2912
	640 2912
	640 2944
	0 2944
4
	5536 2912
	5728 2912
	5728 2944
	5536 2944
4
	9472 2912
	10528 2912
	10528 2944
	9472 2944
4
	13504 2912
	16384 2912
	16384 2944
	13504 2944
4
	0 2944
	640 2944
	640 2976
	0 2976
4
	5536 2944
	5728 2944
	5728 2976
	5536 2976
4
	9472 2944
	10528 2944
	10528 2976
	9472 2976
4
	13504 2944
	16384 2944
	16384 2976
	13504 2976
4
	0 2976
	640 2976
	640 3008
	0 3008
4
	5088 2976
	5792 2976
	5792 3008
	5088 3008
4
	7712 2976
	8000 2976
	8000 3008
	7712 3008
4
	9472 2976
	10464 2976
	10464 3008
	9472 3008
4
	12672 2976
	12736 2976
	12736 3008
	12672 3008
4
	13504 2976
	16384 2976
	16384 3008
	13504 3008
4
	0 3008
	640 3008
	640 3040
	0 3040
4
	5088 3008
	5792 3008
	5792 3040
	5088 3040
4
	7712 3008
	8000 3008
	8000 3040
	7712 3040
4
	9472 3008
	10464 3008
	10464 3040
	9472 3040
4
	12672 3008
	12736 3008
	12736 3040
	12672 3040
4
	13504 3008
	16384 3008
	16384 3040
	13504 3040
4
	0 3040
	640 3040
	640 3072
	0 3072
4
	4736 3040
	5792 3040
	5792 3072
	4736 3072
4
	7488 3040
	8000 3040
	8000 3072
	7488 3072
4
	9408 3040
	10464 3040
	10464 3072
	9408 3072
4
	11808 3040
	12096 3040
	12096 3072
	11808 3072
4
	12576 3040
	12736 3040
	12736 3072
	12576 3072
4
	13440 3040
	16384 3040
	16384 3072
	13440 3072
4
	0 3072
	640 3072
	640 3104
	0 3104
4
	4320 3072
	5888 3072
	5888 3104
	4320 3104
4
	7488 3072
	7936 3072
	7936 3104
	7488 3104
4
	9408 3072
	10400 3072
	10400 3104
	9408 3104
4
	11808 3072
	12096 3072
	12096 3104
	11808 3104
4
	13376 3072
	16384 3072
	16384 3104
	13376 3104
4
	0 3104
	640 3104
	640 3136
	0 3136
4
	4320 3104
	5888 3104
	5888 3136
	4320 3136
4
	7488 3104
	7936 3104
	7936 3136
	7488 3136
4
	9408 3104
	10400 3104
	10400 3136
	9408 3136
4
	11808 3104
	12096 3104
	12096 3136
	11808 3136
4
	13376 3104
	16384 3104
	16384 3136
	13376 3136
4
	0 3136
	640 3136
	640 3168
	0 3168
4
	4320 3136
	5952 3136
	5952 3168
	4320 3168
4
	7584 3136
	7936 3136
	7936 3168
	7584 3168
4
	9344 3136
	10336 3136
	10336 3168
	9344 3168
4
	13280 3136
	16384 3136
	16384 3168
	13280 3168
4
	0 3168
	640 3168
	640 3200
	0 3200
4
	4320 3168
	5952 3168
	5952 3200
	4320 3200
4
	7584 3168
	7936 3168
	7936 3200
	7584 3200
4
	9344 3168
	10336 3168
	10336 3200
	9344 3200
4
	13280 3168
	16384 3168
	16384 3200
	13280 3200
4
	0 3200
	640 3200
	640 3232
	0 3232
4
	1344 3200
	1504 3200
	1504 3232
	1344 3232
4
	4320 3200
	5952 3200
	5952 3232
	4320 3232
4
	7648 3200
	7936 3200
	7936 3232
	7648 3232
4
	9344 3200
	10336 3200
	10336 3232
	9344 3232
4
	13280 3200
	16384 3200
	16384 3232
	13280 3232
4
	0 3232
	640 3232
	640 3264
	0 3264
4
	1344 3232
	1504 3232
	1504 3264
	1344 3264
4
	4320 3232
	5952 3232
	5952 3264
	4320 3264
4
	7648 3232
	7936 3232
	7936 3264
	7648 3264
4
	9344 3232
	10336 3232
	10336 3264
	9344 3264
4
	13280 3232
	16384 3232
	16384 3264
	13280 3264
4
	0 3264
	640 3264
	640 3296
	0 3296
4
	1280 3264
	1568 3264
	1568 3296
	1280 3296
4
	4320 3264
	6016 3264
	6016 3296
	4320 3296
4
	7712 3264
	7840 3264
	7840 3296
	7712 3296
4
	9280 3264
	10336 3264
	10336 3296
	9280 3296
4
	13280 3264
	16384 3264
	16384 3296
	13280 3296
4
	0 3296
	640 3296
	640 3328
	0 3328
4
	1280 3296
	1568 3296
	1568 3328
	1280 3328
4
	4320 3296
	6016 3296
	6016 3328
	4320 3328
4
	7712 3296
	7840 3296
	7840 3328
	7712 3328
4
	9280 3296
	10336 3296
	10336 3328
	9280 3328
4
	13280 3296
	16384 3296
	16384 3328
	13280 3328
4
	0 3328
	640 3328
	640 3360
	0 3360
4
	1216 3328
	1632 3328
	1632 3360
	1216 3360
4
	4320 3328
	6080 3328
	6080 3360
	4320 3360
4
	7712 3328
	7840 3328
	7840 3360
	7712 3360
4
	9280 3328
	10336 3328
	10336 3360
	9280 3360
4
	10528 3328
	10688 3328
	10688 3360
	10528 3360
4
	13376 3328
	16384 3328
	16384 3360
	13376 3360
4
	0 3360
	640 3360
	640 3392
	0 3392
4
	1216 3360
	1632 3360
	1632 3392
	1216 3392
4
	4320 3360
	6080 3360
	6080 3392
	4320 3392
4
	7712 3360
	7840 3360
	7840 3392
	7712 3392
4
	9280 3360
	10336 3360
	10336 3392
	9280 3392
4
	10528 3360
	10688 3360
	10688 3392
	10528 3392
4
	13376 3360
	16384 3360
	16384 3392
	13376 3392
4
	0 3392
	640 3392
	640 3424
	0 3424
4
	1088 3392
	1632 3392
	1632 3424
	1088 3424
4
	4320 3392
	6144 3392
	6144 3424
	4320 3424
4
	7712 3392
	7840 3392
	7840 3424
	7712 3424
4
	9184 3392
	10336 3392
	10336 3424
	9184 3424
4
	10464 3392
	10688 3392
	10688 3424
	10464 3424
4
	13152 3392
	13216 3392
	13216 3424
	13152 3424
4
	13376 3392
	16384 3392
	16384 3424
	13376 3424
4
	0 3424
	640 3424
	640 3456
	0 3456
4
	1088 3424
	1632 3424
	1632 3456
	1088 3456
4
	4320 3424
	6144 3424
	6144 3456
	4320 3456
4
	7712 3424
	7840 3424
	7840 3456
	7712 3456
4
	9184 3424
	10336 3424
	10336 3456
	9184 3456
4
	10464 3424
	10688 3424
	10688 3456
	10464 3456
4
	13152 3424
	13216 3424
	13216 3456
	13152 3456
4
	13376 3424
	16384 3424
	16384 3456
	13376 3456
4
	0 3456
	736 3456
	736 3488
	0 3488
4
	928 3456
	1696 3456
	1696 3488
	928 3488
4
	4256 3456
	6240 3456
	6240 3488
	4256 3488
4
	7712 3456
	7936 3456
	7936 3488
	7712 3488
4
	9120 3456
	10336 3456
	10336 3488
	9120 3488
4
	10528 3456
	10688 3456
	10688 3488
	10528 3488
4
	13152 3456
	13216 3456
	13216 3488
	13152 3488
4
	13280 3456
	16384 3456
	16384 3488
	13280 3488
4
	0 3488
	736 3488
	736 3520
	0 3520
4
	928 3488
	1696 3488
	1696 3520
	928 3520
4
	4256 3488
	6240 3488
	6240 3520
	4256 3520
4
	7712 3488
	7936 3488
	7936 3520
	7712 3520
4
	9120 3488
	10336 3488
	10336 3520
	9120 3520
4
	10528 3488
	10688 3488
	10688 3520
	10528 3520
4
	13152 3488
	13216 3488
	13216 3520
	13152 3520
4
	13280 3488
	16384 3488
	16384 3520
	13280 3520
4
	0 3520
	1792 3520
	1792 3552
	0 3552
4
	4256 3520
	6304 3520
	6304 3552
	4256 3552
4
	7776 3520
	7936 3520
	7936 3552
	7776 3552
4
	8992 3520
	10176 3520
	10176 3552
	8992 3552
4
	13088 3520
	13216 3520
	13216 3552
	13088 3552
4
	13280 3520
	16384 3520
	16384 3552
	13280 3552
4
	0 3552
	1792 3552
	1792 3584
	0 3584
4
	4256 3552
	6304 3552
	6304 3584
	4256 3584
4
	7776 3552
	7936 3552
	7936 3584
	7776 3584
4
	8992 3552
	10176 3552
	10176 3584
	8992 3584
4
	13088 3552
	13216 3552
	13216 3584
	13088 3584
4
	13280 3552
	16384 3552
	16384 3584
	13280 3584
4
	0 3584
	1792 3584
	1792 3616
	0 3616
4
	4256 3584
	6368 3584
	6368 3616
	4256 3616
4
	7776 3584
	7936 3584
	7936 3616
	7776 3616
4
	8928 3584
	10176 3584
	10176 3616
	8928 3616
4
	13024 3584
	13152 3584
	13152 3616
	13024 3616
4
	13440 3584
	16384 3584
	16384 3616
	13440 3616
4
	0 3616
	1792 3616
	1792 3648
	0 3648
4
	2976 3616
	3488 3616
	3488 3648
	2976 3648
4
	4192 3616
	6528 3616
	6528 3648
	4192 3648
4
	7776 3616
	7936 3616
	7936 3648
	7776 3648
4
	8768 3616
	10176 3616
	10176 3648
	8768 3648
4
	12736 3616
	12864 3616
	12864 3648
	12736 3648
4
	13440 3616
	16384 3616
	16384 3648
	13440 3648
4
	0 3648
	1792 3648
	1792 3680
	0 3680
4
	2976 3648
	3488 3648
	3488 3680
	2976 3680
4
	4192 3648
	6528 3648
	6528 3680
	4192 3680
4
	7776 3648
	7936 3648
	7936 3680
	7776 3680
4
	8768 3648
	10176 3648
	10176 3680
	8768 3680
4
	12736 3648
	12864 3648
	12864 3680
	12736 3680
4
	13440 3648
	16384 3648
	16384 3680
	13440 3680
4
	0 3680
	1792 3680
	1792 3712
	0 3712
4
	2912 3680
	3552 3680
	3552 3712
	2912 3712
4
	4192 3680
	6656 3680
	6656 3712
	4192 3712
4
	7776 3680
	8000 3680
	8000 3712
	7776 3712
4
	8704 3680
	10176 3680
	10176 3712
	8704 3712
4
	11168 3680
	11392 3680
	11392 3712
	11168 3712
4
	12384 3680
	12672 3680
	12672 3712
	12384 3712
4
	12736 3680
	12864 3680
	12864 3712
	12736 3712
4
	13440 3680
	16384 3680
	16384 3712
	13440 3712
4
	0 3712
	1792 3712
	1792 3744
	0 3744
4
	2912 3712
	3552 3712
	3552 3744
	2912 3744
4
	4192 3712
	6656 3712
	6656 3744
	4192 3744
4
	7776 3712
	8000 3712
	8000 3744
	7776 3744
4
	8704 3712
	10176 3712
	10176 3744
	8704 3744
4
	11168 3712
	11392 3712
	11392 3744
	11168 3744
4
	12384 3712
	12672 3712
	12672 3744
	12384 3744
4
	12736 3712
	12864 3712
	12864 3744
	12736 3744
4
	13440 3712
	16384 3712
	16384 3744
	13440 3744
4
	0 3744
	1792 3744
	1792 3776
	0 3776
4
	2848 3744
	3552 3744
	3552 3776
	2848 3776
4
	4096 3744
	6784 3744
	6784 3776
	4096 3776
4
	7840 3744
	8000 3744
	8000 3776
	7840 3776
4
	8576 3744
	10176 3744
	10176 3776
	8576 3776
4
	11104 3744
	11392 3744
	11392 3776
	11104 3776
4
	12384 3744
	12672 3744
	12672 3776
	12384 3776
4
	13440 3744
	16384 3744
	16384 3776
	13440 3776
4
	0 3776
	1792 3776
	1792 3808
	0 3808
4
	2848 3776
	3552 3776
	3552 3808
	2848 3808
4
	4096 3776
	6784 3776
	6784 3808
	4096 3808
4
	7840 3776
	8000 3776
	8000 3808
	7840 3808
4
	8576 3776
	10176 3776
	10176 3808
	8576 3808
4
	11104 3776
	11392 3776
	11392 3808
	11104 3808
4
	12384 3776
	12672 3776
	12672 3808
	12384 3808
4
	13440 3776
	16384 3776
	16384 3808
	13440 3808
4
	0 3808
	1792 3808
	1792 3840
	0 3840
4
	2848 3808
	3616 3808
	3616 3840
	2848 3840
4
	4096 3808
	6944 3808
	6944 3840
	4096 3840
4
	7840 3808
	8000 3808
	8000 3840
	7840 3840
4
	8480 3808
	10176 3808
	10176 3840
	8480 3840
4
	11104 3808
	11392 3808
	11392 3840
	11104 3840
4
	12384 3808
	12672 3808
	12672 3840
	12384 3840
4
	13440 3808
	16384 3808
	16384 3840
	13440 3840
4
	0 3840
	1792 3840
	1792 3872
	0 3872
4
	2848 3840
	3616 3840
	3616 3872
	2848 3872
4
	4096 3840
	6944 3840
	6944 3872
	4096 3872
4
	7840 3840
	8000 3840
	8000 3872
	7840 3872
4
	8480 3840
	10176 3840
	10176 3872
	8480 3872
4
	11104 3840
	11392 3840
	11392 3872
	11104 3872
4
	12384 3840
	12672 3840
	12672 3872
	12384 3872
4
	13440 3840
	16384 3840
	16384 3872
	13440 3872
4
	0 3872
	1696 3872
	1696 3904
	0 3904
4
	2784 3872
	3680 3872
	3680 3904
	2784 3904
4
	4032 3872
	7072 3872
	7072 3904
	4032 3904
4
	7840 3872
	8000 3872
	8000 3904
	7840 3904
4
	8352 3872
	10176 3872
	10176 3904
	8352 3904
4
	11168 3872
	11392 3872
	11392 3904
	11168 3904
4
	13440 3872
	16384 3872
	16384 3904
	13440 3904
4
	0 3904
	1696 3904
	1696 3936
	0 3936
4
	2784 3904
	3680 3904
	3680 3936
	2784 3936
4
	4032 3904
	7072 3904
	7072 3936
	4032 3936
4
	7840 3904
	8000 3904
	8000 3936
	7840 3936
4
	8352 3904
	10176 3904
	10176 3936
	8352 3936
4
	11168 3904
	11392 3904
	11392 3936
	11168 3936
4
	13440 3904
	16384 3904
	16384 3936
	13440 3936
4
	0 3936
	1696 3936
	1696 3968
	0 3968
4
	2784 3936
	3744 3936
	3744 3968
	2784 3968
4
	3968 3936
	7296 3936
	7296 3968
	3968 3968
4
	7840 3936
	8000 3936
	8000 3968
	7840 3968
4
	8128 3936
	10240 3936
	10240 3968
	8128 3968
4
	13440 3936
	16384 3936
	16384 3968
	13440 3968
4
	0 3968
	1696 3968
	1696 4000
	0 4000
4
	2784 3968
	3744 3968
	3744 4000
	2784 4000
4
	3968 3968
	7296 3968
	7296 4000
	3968 4000
4
	7840 3968
	8000 3968
	8000 4000
	7840 4000
4
	8128 3968
	10240 3968
	10240 4000
	8128 4000
4
	13440 3968
	16384 3968
	16384 4000
	13440 4000
4
	0 4000
	1632 4000
	1632 4032
	0 4032
4
	2784 4000
	3840 4000
	3840 4032
	2784 4032
4
	3904 4000
	10240 4000
	10240 4032
	3904 4032
4
	11520 4000
	11808 4000
	11808 4032
	11520 4032
4
	13440 4000
	16384 4000
	16384 4032
	13440 4032
4
	0 4032
	1632 4032
	1632 4064
	0 4064
4
	2784 4032
	3840 4032
	3840 4064
	2784 4064
4
	3904 4032
	10240 4032
	10240 4064
	3904 4064
4
	11520 4032
	11808 4032
	11808 4064
	11520 4064
4
	13440 4032
	16384 4032
	16384 4064
	13440 4064
4
	0 4064
	1504 4064
	1504 4096
	0 4096
4
	2784 4064
	10240 4064
	10240 4096
	2784 4096
4
	11520 4064
	11808 4064
	11808 4096
	11520 4096
4
	13440 4064
	16384 4064
	16384 4096
	13440 4096
4
	0 4096
	1344 4096
	1344 4128
	0 4128
4
	2784 4096
	10240 4096
	10240 4128
	2784 4128
4
	11520 4096
	11808 4096
	11808 4128
	11520 4128
4
	13440 4096
	16384 4096
	16384 4128
	13440 4128
4
	0 4128
	1344 4128
	1344 4160
	0 4160
4
	2784 4128
	10240 4128
	10240 4160
	2784 4160
4
	11520 4128
	11808 4128
	11808 4160
	11520 4160
4
	13440 4128
	16384 4128
	16384 4160
	13440 4160
4
	0 4160
	1216 4160
	1216 4192
	0 4192
4
	2784 4160
	10240 4160
	10240 4192
	2784 4192
4
	11520 4160
	11808 4160
	11808 4192
	11520 4192
4
	13440 4160
	16384 4160
	16384 4192
	13440 4192
4
	0 4192
	1216 4192
	1216 4224
	0 4224
4
	2784 4192
	10240 4192
	10240 4224
	2784 4224
4
	11520 4192
	11808 4192
	11808 4224
	11520 4224
4
	13440 4192
	16384 4192
	16384 4224
	13440 4224
4
	0 4224
	1152 4224
	1152 4256
	0 4256
4
	2848 4224
	10336 4224
	10336 4256
	2848 4256
4
	13440 4224
	16384 4224
	16384 4256
	13440 4256
4
	0 4256
	1152 4256
	1152 4288
	0 4288
4
	2848 4256
	10336 4256
	10336 4288
	2848 4288
4
	13440 4256
	16384 4256
	16384 4288
	13440 4288
4
	0 4288
	1216 4288
	1216 4320
	0 4320
4
	2912 4288
	10336 4288
	10336 4320
	2912 4320
4
	13440 4288
	16384 4288
	16384 4320
	13440 4320
4
	0 4320
	1216 4320
	1216 4352
	0 4352
4
	2912 4320
	10336 4320
	10336 4352
	2912 4352
4
	13440 4320
	16384 4320
	16384 4352
	13440 4352
4
	0 4352
	1280 4352
	1280 4384
	0 4384
4
	2912 4352
	10400 4352
	10400 4384
	2912 4384
4
	13376 4352
	16384 4352
	16384 4384
	13376 4384
4
	0 4384
	1280 4384
	1280 4416
	0 4416
4
	2912 4384
	10400 4384
	10400 4416
	2912 4416
4
	13376 4384
	16384 4384
	16384 4416
	13376 4416
4
	0 4416
	1344 4416
	1344 4448
	0 4448
4
	2976 4416
	10464 4416
	10464 4448
	2976 4448
4
	12672 4416
	12800 4416
	12800 4448
	12672 4448
4
	13280 4416
	16384 4416
	16384 4448
	13280 4448
4
	0 4448
	1344 4448
	1344 4480
	0 4480
4
	2976 4448
	10464 4448
	10464 4480
	2976 4480
4
	12672 4448
	12800 4448
	12800 4480
	12672 4480
4
	13280 4448
	16384 4448
	16384 4480
	13280 4480
4
	0 4480
	1504 4480
	1504 4512
	0 4512
4
	2976 4480
	10528 4480
	10528 4512
	2976 4512
4
	12672 4480
	12800 4480
	12800 4512
	12672 4512
4
	13216 4480
	16384 4480
	16384 4512
	13216 4512
4
	0 4512
	1504 4512
	1504 4544
	0 4544
4
	2976 4512
	10528 4512
	10528 4544
	2976 4544
4
	12672 4512
	12800 4512
	12800 4544
	12672 4544
4
	13216 4512
	16384 4512
	16384 4544
	13216 4544
4
	0 4544
	1696 4544
	1696 4576
	0 4576
4
	2976 4544
	10624 4544
	10624 4576
	2976 4576
4
	13152 4544
	16384 4544
	16384 4576
	13152 4576
4
	0 4576
	1696 4576
	1696 4608
	0 4608
4
	2976 4576
	10624 4576
	10624 4608
	2976 4608
4
	13152 4576
	16384 4576
	16384 4608
	13152 4608
4
	0 4608
	1984 4608
	1984 4640
	0 4640
4
	2784 4608
	10528 4608
	10528 4640
	2784 4640
4
	11456 4608
	11584 4608
	11584 4640
	11456 4640
4
	13088 4608
	16384 4608
	16384 4640
	13088 4640
4
	0 4640
	1984 4640
	1984 4672
	0 4672
4
	2272 4640
	10464 4640
	10464 4672
	2272 4672
4
	10880 4640
	10976 4640
	10976 4672
	10880 4672
4
	11392 4640
	11584 4640
	11584 4672
	11392 4672
4
	13024 4640
	16384 4640
	16384 4672
	13024 4672
4
	0 4672
	1984 4672
	1984 4704
	0 4704
4
	2272 4672
	10464 4672
	10464 4704
	2272 4704
4
	10880 4672
	10976 4672
	10976 4704
	10880 4704
4
	11392 4672
	11584 4672
	11584 4704
	11392 4704
4
	13024 4672
	16384 4672
	16384 4704
	13024 4704
4
	0 4704
	1984 4704
	1984 4736
	0 4736
4
	2272 4704
	10464 4704
	10464 4736
	2272 4736
4
	10816 4704
	11040 4704
	11040 4736
	10816 4736
4
	11456 4704
	11520 4704
	11520 4736
	11456 4736
4
	12864 4704
	16384 4704
	16384 4736
	12864 4736
4
	0 4736
	1984 4736
	1984 4768
	0 4768
4
	2272 4736
	10464 4736
	10464 4768
	2272 4768
4
	10816 4736
	11040 4736
	11040 4768
	10816 4768
4
	11456 4736
	11520 4736
	11520 4768
	11456 4768
4
	12864 4736
	16384 4736
	16384 4768
	12864 4768
4
	0 4768
	1984 4768
	1984 4800
	0 4800
4
	2272 4768
	8768 4768
	8768 4800
	2272 4800
4
	9120 4768
	10400 4768
	10400 4800
	9120 4800
4
	10816 4768
	11104 4768
	11104 4800
	10816 4800
4
	12736 4768
	16384 4768
	16384 4800
	12736 4800
4
	0 4800
	1984 4800
	1984 4832
	0 4832
4
	2272 4800
	8768 4800
	8768 4832
	2272 4832
4
	9120 4800
	10400 4800
	10400 4832
	9120 4832
4
	10816 4800
	11104 4800
	11104 4832
	10816 4832
4
	12736 4800
	16384 4800
	16384 4832
	12736 4832
4
	0 4832
	1984 4832
	1984 4864
	0 4864
4
	2336 4832
	8704 4832
	8704 4864
	2336 4864
4
	9280 4832
	10336 4832
	10336 4864
	9280 4864
4
	10816 4832
	11168 4832
	11168 4864
	10816 4864
4
	12672 4832
	16384 4832
	16384 4864
	12672 4864
4
	0 4864
	1984 4864
	1984 4896
	0 4896
4
	2336 4864
	8704 4864
	8704 4896
	2336 4896
4
	9280 4864
	10336 4864
	10336 4896
	9280 4896
4
	10816 4864
	11168 4864
	11168 4896
	10816 4896
4
	12672 4864
	16384 4864
	16384 4896
	12672 4896
4
	0 4896
	1984 4896
	1984 4928
	0 4928
4
	2336 4896
	8640 4896
	8640 4928
	2336 4928
4
	9280 4896
	10176 4896
	10176 4928
	9280 4928
4
	10816 4896
	11328 4896
	11328 4928
	10816 4928
4
	12512 4896
	16384 4896
	16384 4928
	12512 4928
4
	0 4928
	1984 4928
	1984 4960
	0 4960
4
	2336 4928
	8640 4928
	8640 4960
	2336 4960
4
	9280 4928
	10176 4928
	10176 4960
	9280 4960
4
	10816 4928
	11328 4928
	11328 4960
	10816 4960
4
	12512 4928
	16384 4928
	16384 4960
	12512 4960
4
	0 4960
	1920 4960
	1920 4992
	0 4992
4
	2336 4960
	8640 4960
	8640 4992
	2336 4992
4
	9280 4960
	9984 4960
	9984 4992
	9280 4992
4
	10816 4960
	11456 4960
	11456 4992
	10816 4992
4
	12224 4960
	16384 4960
	16384 4992
	12224 4992
4
	0 4992
	1920 4992
	1920 5024
	0 5024
4
	2336 4992
	8640 4992
	8640 5024
	2336 5024
4
	9280 4992
	9984 4992
	9984 5024
	9280 5024
4
	10816 4992
	11456 4992
	11456 5024
	10816 5024
4
	12224 4992
	16384 4992
	16384 5024
	12224 5024
4
	0 5024
	1920 5024
	1920 5056
	0 5056
4
	2336 5024
	8576 5024
	8576 5056
	2336 5056
4
	10752 5024
	11872 5024
	11872 5056
	10752 5056
4
	12032 5024
	16384 5024
	16384 5056
	12032 5056
4
	0 5056
	1920 5056
	1920 5088
	0 5088
4
	2336 5056
	8576 5056
	8576 5088
	2336 5088
4
	10752 5056
	11872 5056
	11872 5088
	10752 5088
4
	12032 5056
	16384 5056
	16384 5088
	12032 5088
4
	0 5088
	1920 5088
	1920 5120
	0 5120
4
	2336 5088
	8576 5088
	8576 5120
	2336 5120
4
	10688 5088
	16384 5088
	16384 5120
	10688 5120
4
	0 5120
	1920 5120
	1920 5152
	0 5152
4
	2272 5120
	8480 5120
	8480 5152
	2272 5152
4
	10464 5120
	16384 5120
	16384 5152
	10464 5152
4
	0 5152
	1920 5152
	1920 5184
	0 5184
4
	2272 5152
	8480 5152
	8480 5184
	2272 5184
4
	10464 5152
	16384 5152
	16384 5184
	10464 5184
4
	0 5184
	1920 5184
	1920 5216
	0 5216
4
	2272 5184
	8480 5184
	8480 5216
	2272 5216
4
	10336 5184
	16384 5184
	16384 5216
	10336 5216
4
	0 5216
	1920 5216
	1920 5248
	0 5248
4
	2272 5216
	8480 5216
	8480 5248
	2272 5248
4
	10336 5216
	16384 5216
	16384 5248
	10336 5248
4
	0 5248
	1920 5248
	1920 5280
	0 5280
4
	2272 5248
	8576 5248
	8576 5280
	2272 5280
4
	10176 5248
	16384 5248
	16384 5280
	10176 5280
4
	0 5280
	1920 5280
	1920 5312
	0 5312
4
	2272 5280
	8576 5280
	8576 5312
	2272 5312
4
	10176 5280
	16384 5280
	16384 5312
	10176 5312
4
	0 5312
	1920 5312
	1920 5344
	0 5344
4
	2272 5312
	5952 5312
	5952 5344
	2272 5344
4
	6656 5312
	8576 5312
	8576 5344
	6656 5344
4
	9632 5312
	16384 5312
	16384 5344
	9632 5344
4
	0 5344
	1920 5344
	1920 5376
	0 5376
4
	2272 5344
	5952 5344
	5952 5376
	2272 5376
4
	6656 5344
	8576 5344
	8576 5376
	6656 5376
4
	9632 5344
	16384 5344
	16384 5376
	9632 5376
4
	0 5376
	1856 5376
	1856 5408
	0 5408
4
	2272 5376
	5664 5376
	5664 5408
	2272 5408
4
	6784 5376
	8480 5376
	8480 5408
	6784 5408
4
	9472 5376
	16384 5376
	16384 5408
	9472 5408
4
	0 5408
	1856 5408
	1856 5440
	0 5440
4
	2272 5408
	5664 5408
	5664 5440
	2272 5440
4
	6784 5408
	8480 5408
	8480 5440
	6784 5440
4
	9472 5408
	16384 5408
	16384 5440
	9472 5440
4
	0 5440
	1856 5440
	1856 5472
	0 5472
4
	2272 5440
	5536 5440
	5536 5472
	2272 5472
4
	6880 5440
	8128 5440
	8128 5472
	6880 5472
4
	9408 5440
	16384 5440
	16384 5472
	9408 5472
4
	0 5472
	1856 5472
	1856 5504
	0 5504
4
	2272 5472
	5536 5472
	5536 5504
	2272 5504
4
	6880 5472
	8128 5472
	8128 5504
	6880 5504
4
	9408 5472
	16384 5472
	16384 5504
	9408 5504
4
	0 5504
	1856 5504
	1856 5536
	0 5536
4
	2208 5504
	5440 5504
	5440 5536
	2208 5536
4
	7008 5504
	8064 5504
	8064 5536
	7008 5536
4
	9280 5504
	16384 5504
	16384 5536
	9280 5536
4
	0 5536
	1856 5536
	1856 5568
	0 5568
4
	2208 5536
	5440 5536
	5440 5568
	2208 5568
4
	7008 5536
	8064 5536
	8064 5568
	7008 5568
4
	9280 5536
	16384 5536
	16384 5568
	9280 5568
4
	0 5568
	1792 5568
	1792 5600
	0 5600
4
	2208 5568
	5312 5568
	5312 5600
	2208 5600
4
	7136 5568
	8064 5568
	8064 5600
	7136 5600
4
	9120 5568
	16384 5568
	16384 5600
	9120 5600
4
	0 5600
	1792 5600
	1792 5632
	0 5632
4
	2208 5600
	5312 5600
	5312 5632
	2208 5632
4
	7136 5600
	8064 5600
	8064 5632
	7136 5632
4
	9120 5600
	16384 5600
	16384 5632
	9120 5632
4
	0 5632
	1792 5632
	1792 5664
	0 5664
4
	2208 5632
	5248 5632
	5248 5664
	2208 5664
4
	7232 5632
	8000 5632
	8000 5664
	7232 5664
4
	8928 5632
	16384 5632
	16384 5664
	8928 5664
4
	0 5664
	1792 5664
	1792 5696
	0 5696
4
	2208 5664
	5184 5664
	5184 5696
	2208 5696
4
	7360 5664
	7936 5664
	7936 5696
	7360 5696
4
	8416 5664
	16384 5664
	16384 5696
	8416 5696
4
	0 5696
	1792 5696
	1792 5728
	0 5728
4
	2208 5696
	5184 5696
	5184 5728
	2208 5728
4
	7360 5696
	7936 5696
	7936 5728
	7360 5728
4
	8416 5696
	16384 5696
	16384 5728
	8416 5728
4
	0 5728
	1792 5728
	1792 5760
	0 5760
4
	2208 5728
	5088 5728
	5088 5760
	2208 5760
4
	7424 5728
	7936 5728
	7936 5760
	7424 5760
4
	8352 5728
	16384 5728
	16384 5760
	8352 5760
4
	0 5760
	1792 5760
	1792 5792
	0 5792
4
	2208 5760
	5088 5760
	5088 5792
	2208 5792
4
	7424 5760
	7936 5760
	7936 5792
	7424 5792
4
	8352 5760
	16384 5760
	16384 5792
	8352 5792
4
	0 5792
	1792 5792
	1792 5824
	0 5824
4
	2208 5792
	5024 5792
	5024 5824
	2208 5824
4
	7488 5792
	7776 5792
	7776 5824
	7488 5824
4
	8352 5792
	16384 5792
	16384 5824
	8352 5824
4
	0 5824
	1792 5824
	1792 5856
	0 5856
4
	2208 5824
	5024 5824
	5024 5856
	2208 5856
4
	7488 5824
	7776 5824
	7776 5856
	7488 5856
4
	8352 5824
	16384 5824
	16384 5856
	8352 5856
4
	0 5856
	1792 5856
	1792 5888
	0 5888
4
	2208 5856
	4960 5856
	4960 5888
	2208 5888
4
	7584 5856
	7712 5856
	7712 5888
	7584 5888
4
	8288 5856
	16384 5856
	16384 5888
	8288 5888
4
	0 5888
	1792 5888
	1792 5920
	0 5920
4
	2208 5888
	4960 5888
	4960 5920
	2208 5920
4
	7584 5888
	7712 5888
	7712 5920
	7584 5920
4
	8288 5888
	16384 5888
	16384 5920
	8288 5920
4
	0 5920
	1568 5920
	1568 5952
	0 5952
4
	2208 5920
	4896 5920
	4896 5952
	2208 5952
4
	8192 5920
	16384 5920
	16384 5952
	8192 5952
4
	0 5952
	1568 5952
	1568 5984
	0 5984
4
	2208 5952
	4896 5952
	4896 5984
	2208 5984
4
	8192 5952
	16384 5952
	16384 5984
	8192 5984
4
	0 5984
	1504 5984
	1504 6016
	0 6016
4
	2432 5984
	4832 5984
	4832 6016
	2432 6016
4
	8192 5984
	16384 5984
	16384 6016
	8192 6016
4
	0 6016
	1504 6016
	1504 6048
	0 6048
4
	2432 6016
	4832 6016
	4832 6048
	2432 6048
4
	8192 6016
	16384 6016
	16384 6048
	8192 6048
4
	0 6048
	1568 6048
	1568 6080
	0 6080
4
	2336 6048
	4832 6048
	4832 6080
	2336 6080
4
	7776 6048
	7840 6048
	7840 6080
	7776 6080
4
	8064 6048
	16384 6048
	16384 6080
	8064 6080
4
	0 6080
	1568 6080
	1568 6112
	0 6112
4
	2336 6080
	4832 6080
	4832 6112
	2336 6112
4
	7776 6080
	7840 6080
	7840 6112
	7776 6112
4
	8064 6080
	16384 6080
	16384 6112
	8064 6112
4
	0 6112
	1568 6112
	1568 6144
	0 6144
4
	2272 6112
	2560 6112
	2560 6144
	2272 6144
4
	2688 6112
	4736 6112
	4736 6144
	2688 6144
4
	7776 6112
	7840 6112
	7840 6144
	7776 6144
4
	8000 6112
	16384 6112
	16384 6144
	8000 6144
4
	0 6144
	1632 6144
	1632 6176
	0 6176
4
	2336 6144
	2560 6144
	2560 6176
	2336 6176
4
	2688 6144
	4736 6144
	4736 6176
	2688 6176
4
	7776 6144
	16384 6144
	16384 6176
	7776 6176
4
	0 6176
	1632 6176
	1632 6208
	0 6208
4
	2336 6176
	2560 6176
	2560 6208
	2336 6208
4
	2688 6176
	4736 6176
	4736 6208
	2688 6208
4
	7776 6176
	16384 6176
	16384 6208
	7776 6208
4
	0 6208
	1696 6208
	1696 6240
	0 6240
4
	2784 6208
	4672 6208
	4672 6240
	2784 6240
4
	7840 6208
	16384 6208
	16384 6240
	7840 6240
4
	0 6240
	1696 6240
	1696 6272
	0 6272
4
	2784 6240
	4672 6240
	4672 6272
	2784 6272
4
	7840 6240
	16384 6240
	16384 6272
	7840 6272
4
	0 6272
	1792 6272
	1792 6304
	0 6304
4
	2784 6272
	4672 6272
	4672 6304
	2784 6304
4
	7840 6272
	16384 6272
	16384 6304
	7840 6304
4
	0 6304
	1792 6304
	1792 6336
	0 6336
4
	2784 6304
	4672 6304
	4672 6336
	2784 6336
4
	7840 6304
	16384 6304
	16384 6336
	7840 6336
4
	0 6336
	1792 6336
	1792 6368
	0 6368
4
	2688 6336
	4672 6336
	4672 6368
	2688 6368
4
	6080 6336
	6368 6336
	6368 6368
	6080 6368
4
	7840 6336
	16384 6336
	16384 6368
	7840 6368
4
	0 6368
	1792 6368
	1792 6400
	0 6400
4
	2688 6368
	4672 6368
	4672 6400
	2688 6400
4
	6080 6368
	6368 6368
	6368 6400
	6080 6400
4
	7840 6368
	16384 6368
	16384 6400
	7840 6400
4
	0 6400
	1792 6400
	1792 6432
	0 6432
4
	2784 6400
	4672 6400
	4672 6432
	2784 6432
4
	6016 6400
	6432 6400
	6432 6432
	6016 6432
4
	7840 6400
	16384 6400
	16384 6432
	7840 6432
4
	0 6432
	1792 6432
	1792 6464
	0 6464
4
	2784 6432
	4672 6432
	4672 6464
	2784 6464
4
	6016 6432
	6432 6432
	6432 6464
	6016 6464
4
	7840 6432
	16384 6432
	16384 6464
	7840 6464
4
	0 6464
	1440 6464
	1440 6496
	0 6496
4
	1504 6464
	1696 6464
	1696 6496
	1504 6496
4
	2784 6464
	3264 6464
	3264 6496
	2784 6496
4
	6016 6464
	6432 6464
	6432 6496
	6016 6496
4
	7840 6464
	16384 6464
	16384 6496
	7840 6496
4
	0 6496
	1440 6496
	1440 6528
	0 6528
4
	1504 6496
	1696 6496
	1696 6528
	1504 6528
4
	2784 6496
	3264 6496
	3264 6528
	2784 6528
4
	6016 6496
	6432 6496
	6432 6528
	6016 6528
4
	7840 6496
	16384 6496
	16384 6528
	7840 6528
4
	0 6528
	1440 6528
	1440 6560
	0 6560
4
	6080 6528
	6368 6528
	6368 6560
	6080 6560
4
	7840 6528
	16384 6528
	16384 6560
	7840 6560
4
	0 6560
	1440 6560
	1440 6592
	0 6592
4
	6080 6560
	6368 6560
	6368 6592
	6080 6592
4
	7840 6560
	16384 6560
	16384 6592
	7840 6592
4
	0 6592
	1440 6592
	1440 6624
	0 6624
4
	7840 6592
	16384 6592
	16384 6624
	7840 6624
4
	0 6624
	1440 6624
	1440 6656
	0 6656
4
	7840 6624
	16384 6624
	16384 6656
	7840 6656
4
	0 6656
	1440 6656
	1440 6688
	0 6688
4
	7840 6656
	16384 6656
	16384 6688
	7840 6688
4
	0 6688
	736 6688
	736 6720
	0 6720
4
	1088 6688
	1440 6688
	1440 6720
	1088 6720
4
	3136 6688
	3264 6688
	3264 6720
	3136 6720
4
	4544 6688
	4672 6688
	4672 6720
	4544 6720
4
	7840 6688
	16384 6688
	16384 6720
	7840 6720
4
	0 6720
	736 6720
	736 6752
	0 6752
4
	1088 6720
	1440 6720
	1440 6752
	1088 6752
4
	3136 6720
	3264 6720
	3264 6752
	3136 6752
4
	4544 6720
	4672 6720
	4672 6752
	4544 6752
4
	7840 6720
	16384 6720
	16384 6752
	7840 6752
4
	0 6752
	736 6752
	736 6784
	0 6784
4
	1152 6752
	1344 6752
	1344 6784
	1152 6784
4
	2432 6752
	2560 6752
	2560 6784
	2432 6784
4
	3136 6752
	4672 6752
	4672 6784
	3136 6784
4
	7840 6752
	16384 6752
	16384 6784
	7840 6784
4
	0 6784
	736 6784
	736 6816
	0 6816
4
	1152 6784
	1344 6784
	1344 6816
	1152 6816
4
	2432 6784
	2560 6784
	2560 6816
	2432 6816
4
	3136 6784
	4672 6784
	4672 6816
	3136 6816
4
	7840 6784
	16384 6784
	16384 6816
	7840 6816
4
	0 6816
	640 6816
	640 6848
	0 6848
4
	2336 6816
	2624 6816
	2624 6848
	2336 6848
4
	3136 6816
	4672 6816
	4672 6848
	3136 6848
4
	7840 6816
	16384 6816
	16384 6848
	7840 6848
4
	0 6848
	640 6848
	640 6880
	0 6880
4
	2336 6848
	2624 6848
	2624 6880
	2336 6880
4
	3136 6848
	4672 6848
	4672 6880
	3136 6880
4
	7840 6848
	16384 6848
	16384 6880
	7840 6880
4
	0 6880
	640 6880
	640 6912
	0 6912
4
	2336 6880
	2976 6880
	2976 6912
	2336 6912
4
	3136 6880
	4672 6880
	4672 6912
	3136 6912
4
	7840 6880
	16384 6880
	16384 6912
	7840 6912
4
	0 6912
	640 6912
	640 6944
	0 6944
4
	2336 6912
	2976 6912
	2976 6944
	2336 6944
4
	3136 6912
	4672 6912
	4672 6944
	3136 6944
4
	7840 6912
	16384 6912
	16384 6944
	7840 6944
4
	0 6944
	640 6944
	640 6976
	0 6976
4
	2336 6944
	2976 6944
	2976 6976
	2336 6976
4
	3136 6944
	4672 6944
	4672 6976
	3136 6976
4
	7776 6944
	16384 6944
	16384 6976
	7776 6976
4
	0 6976
	640 6976
	640 7008
	0 7008
4
	2336 6976
	2976 6976
	2976 7008
	2336 7008
4
	3136 6976
	4672 6976
	4672 7008
	3136 7008
4
	7776 6976
	16384 6976
	16384 7008
	7776 7008
4
	0 7008
	640 7008
	640 7040
	0 7040
4
	2432 7008
	2624 7008
	2624 7040
	2432 7040
4
	3040 7008
	4736 7008
	4736 7040
	3040 7040
4
	7776 7008
	16384 7008
	16384 7040
	7776 7040
4
	0 7040
	640 7040
	640 7072
	0 7072
4
	2432 7040
	2624 7040
	2624 7072
	2432 7072
4
	3040 7040
	4736 7040
	4736 7072
	3040 7072
4
	7776 7040
	16384 7040
	16384 7072
	7776 7072
4
	0 7072
	640 7072
	640 7104
	0 7104
4
	2272 7072
	2624 7072
	2624 7104
	2272 7104
4
	3040 7072
	4736 7072
	4736 7104
	3040 7104
4
	7712 7072
	16384 7072
	16384 7104
	7712 7104
4
	0 7104
	640 7104
	640 7136
	0 7136
4
	2272 7104
	2624 7104
	2624 7136
	2272 7136
4
	3040 7104
	4736 7104
	4736 7136
	3040 7136
4
	7712 7104
	16384 7104
	16384 7136
	7712 7136
4
	0 7136
	640 7136
	640 7168
	0 7168
4
	2144 7136
	2784 7136
	2784 7168
	2144 7168
4
	2976 7136
	4736 7136
	4736 7168
	2976 7168
4
	7712 7136
	16384 7136
	16384 7168
	7712 7168
4
	0 7168
	640 7168
	640 7200
	0 7200
4
	1984 7168
	2784 7168
	2784 7200
	1984 7200
4
	2976 7168
	4832 7168
	4832 7200
	2976 7200
4
	7648 7168
	16384 7168
	16384 7200
	7648 7200
4
	0 7200
	640 7200
	640 7232
	0 7232
4
	1984 7200
	2784 7200
	2784 7232
	1984 7232
4
	2976 7200
	4832 7200
	4832 7232
	2976 7232
4
	7648 7200
	16384 7200
	16384 7232
	7648 7232
4
	0 7232
	736 7232
	736 7264
	0 7264
4
	1920 7232
	2624 7232
	2624 7264
	1920 7264
4
	2912 7232
	4896 7232
	4896 7264
	2912 7264
4
	7584 7232
	10240 7232
	10240 7264
	7584 7264
4
	10976 7232
	16384 7232
	16384 7264
	10976 7264
4
	0 7264
	736 7264
	736 7296
	0 7296
4
	1920 7264
	2624 7264
	2624 7296
	1920 7296
4
	2912 7264
	4896 7264
	4896 7296
	2912 7296
4
	7584 7264
	10240 7264
	10240 7296
	7584 7296
4
	10976 7264
	16384 7264
	16384 7296
	10976 7296
4
	0 7296
	800 7296
	800 7328
	0 7328
4
	1920 7296
	2496 7296
	2496 7328
	1920 7328
4
	2848 7296
	4960 7296
	4960 7328
	2848 7328
4
	7488 7296
	10048 7296
	10048 7328
	7488 7328
4
	11232 7296
	16384 7296
	16384 7328
	11232 7328
4
	0 7328
	800 7328
	800 7360
	0 7360
4
	1920 7328
	2496 7328
	2496 7360
	1920 7360
4
	2848 7328
	4960 7328
	4960 7360
	2848 7360
4
	7488 7328
	10048 7328
	10048 7360
	7488 7360
4
	11232 7328
	16384 7328
	16384 7360
	11232 7360
4
	0 7360
	864 7360
	864 7392
	0 7392
4
	1984 7360
	2336 7360
	2336 7392
	1984 7392
4
	2784 7360
	5024 7360
	5024 7392
	2784 7392
4
	7424 7360
	9888 7360
	9888 7392
	7424 7392
4
	11456 7360
	16384 7360
	16384 7392
	11456 7392
4
	0 7392
	864 7392
	864 7424
	0 7424
4
	1984 7392
	2336 7392
	2336 7424
	1984 7424
4
	2784 7392
	5024 7392
	5024 7424
	2784 7424
4
	7424 7392
	9888 7392
	9888 7424
	7424 7424
4
	11456 7392
	16384 7392
	16384 7424
	11456 7424
4
	0 7424
	928 7424
	928 7456
	0 7456
4
	1984 7424
	2208 7424
	2208 7456
	1984 7456
4
	2688 7424
	5088 7424
	5088 7456
	2688 7456
4
	7360 7424
	9760 7424
	9760 7456
	7360 7456
4
	11520 7424
	16384 7424
	16384 7456
	11520 7456
4
	0 7456
	928 7456
	928 7488
	0 7488
4
	1984 7456
	2208 7456
	2208 7488
	1984 7488
4
	2688 7456
	5088 7456
	5088 7488
	2688 7488
4
	7360 7456
	9760 7456
	9760 7488
	7360 7488
4
	11520 7456
	16384 7456
	16384 7488
	11520 7488
4
	0 7488
	928 7488
	928 7520
	0 7520
4
	2624 7488
	5184 7488
	5184 7520
	2624 7520
4
	7296 7488
	9696 7488
	9696 7520
	7296 7520
4
	11584 7488
	16384 7488
	16384 7520
	11584 7520
4
	0 7520
	928 7520
	928 7552
	0 7552
4
	2624 7520
	5184 7520
	5184 7552
	2624 7552
4
	7296 7520
	9696 7520
	9696 7552
	7296 7552
4
	11584 7520
	16384 7520
	16384 7552
	11584 7552
4
	0 7552
	1088 7552
	1088 7584
	0 7584
4
	2560 7552
	5248 7552
	5248 7584
	2560 7584
4
	7136 7552
	9632 7552
	9632 7584
	7136 7584
4
	11680 7552
	16384 7552
	16384 7584
	11680 7584
4
	0 7584
	1088 7584
	1088 7616
	0 7616
4
	2560 7584
	5248 7584
	5248 7616
	2560 7616
4
	7136 7584
	9632 7584
	9632 7616
	7136 7616
4
	11680 7584
	16384 7584
	16384 7616
	11680 7616
4
	0 7616
	1216 7616
	1216 7648
	0 7648
4
	2336 7616
	5312 7616
	5312 7648
	2336 7648
4
	7008 7616
	9632 7616
	9632 7648
	7008 7648
4
	11744 7616
	16384 7616
	16384 7648
	11744 7648
4
	0 7648
	1216 7648
	1216 7680
	0 7680
4
	2336 7648
	5312 7648
	5312 7680
	2336 7680
4
	7008 7648
	9632 7648
	9632 7680
	7008 7680
4
	11744 7648
	16384 7648
	16384 7680
	11744 7680
4
	0 7680
	1504 7680
	1504 7712
	0 7712
4
	2144 7680
	5440 7680
	5440 7712
	2144 7712
4
	6944 7680
	9536 7680
	9536 7712
	6944 7712
4
	11808 7680
	16384 7680
	16384 7712
	11808 7712
4
	0 7712
	1504 7712
	1504 7744
	0 7744
4
	1856 7712
	5600 7712
	5600 7744
	1856 7744
4
	6528 7712
	6720 7712
	6720 7744
	6528 7744
4
	7008 7712
	9536 7712
	9536 7744
	7008 7744
4
	11808 7712
	16384 7712
	16384 7744
	11808 7744
4
	0 7744
	1504 7744
	1504 7776
	0 7776
4
	1856 7744
	5600 7744
	5600 7776
	1856 7776
4
	6528 7744
	6720 7744
	6720 7776
	6528 7776
4
	7008 7744
	9536 7744
	9536 7776
	7008 7776
4
	11808 7744
	16384 7744
	16384 7776
	11808 7776
4
	0 7776
	1504 7776
	1504 7808
	0 7808
4
	1856 7776
	6720 7776
	6720 7808
	1856 7808
4
	7072 7776
	9472 7776
	9472 7808
	7072 7808
4
	11808 7776
	16384 7776
	16384 7808
	11808 7808
4
	0 7808
	1504 7808
	1504 7840
	0 7840
4
	1856 7808
	6720 7808
	6720 7840
	1856 7840
4
	7072 7808
	9472 7808
	9472 7840
	7072 7840
4
	11808 7808
	16384 7808
	16384 7840
	11808 7840
4
	0 7840
	1440 7840
	1440 7872
	0 7872
4
	1856 7840
	6720 7840
	6720 7872
	1856 7872
4
	7072 7840
	9408 7840
	9408 7872
	7072 7872
4
	11680 7840
	16384 7840
	16384 7872
	11680 7872
4
	0 7872
	1440 7872
	1440 7904
	0 7904
4
	1856 7872
	6720 7872
	6720 7904
	1856 7904
4
	7072 7872
	9408 7872
	9408 7904
	7072 7904
4
	11680 7872
	16384 7872
	16384 7904
	11680 7904
4
	0 7904
	1440 7904
	1440 7936
	0 7936
4
	1920 7904
	6720 7904
	6720 7936
	1920 7936
4
	7072 7904
	9408 7904
	9408 7936
	7072 7936
4
	11680 7904
	16384 7904
	16384 7936
	11680 7936
4
	0 7936
	1440 7936
	1440 7968
	0 7968
4
	1920 7936
	6720 7936
	6720 7968
	1920 7968
4
	7072 7936
	9408 7936
	9408 7968
	7072 7968
4
	11680 7936
	16384 7936
	16384 7968
	11680 7968
4
	0 7968
	1440 7968
	1440 8000
	0 8000
4
	1920 7968
	6720 7968
	6720 8000
	1920 8000
4
	7072 7968
	9408 7968
	9408 8000
	7072 8000
4
	11872 7968
	16384 7968
	16384 8000
	11872 8000
4
	0 8000
	1440 8000
	1440 8032
	0 8032
4
	1920 8000
	6720 8000
	6720 8032
	1920 8032
4
	7072 8000
	9408 8000
	9408 8032
	7072 8032
4
	11872 8000
	16384 8000
	16384 8032
	11872 8032
4
	0 8032
	1440 8032
	1440 8064
	0 8064
4
	1920 8032
	6784 8032
	6784 8064
	1920 8064
4
	7136 8032
	9344 8032
	9344 8064
	7136 8064
4
	10464 8032
	10880 8032
	10880 8064
	10464 8064
4
	11872 8032
	16384 8032
	16384 8064
	11872 8064
4
	0 8064
	1440 8064
	1440 8096
	0 8096
4
	1920 8064
	6784 8064
	6784 8096
	1920 8096
4
	7136 8064
	9344 8064
	9344 8096
	7136 8096
4
	10464 8064
	10880 8064
	10880 8096
	10464 8096
4
	11872 8064
	16384 8064
	16384 8096
	11872 8096
4
	0 8096
	1440 8096
	1440 8128
	0 8128
4
	1920 8096
	6784 8096
	6784 8128
	1920 8128
4
	7136 8096
	9344 8096
	9344 8128
	7136 8128
4
	10400 8096
	10976 8096
	10976 8128
	10400 8128
4
	11936 8096
	16384 8096
	16384 8128
	11936 8128
4
	0 8128
	1440 8128
	1440 8160
	0 8160
4
	1920 8128
	6784 8128
	6784 8160
	1920 8160
4
	7136 8128
	9344 8128
	9344 8160
	7136 8160
4
	10400 8128
	10976 8128
	10976 8160
	10400 8160
4
	11936 8128
	16384 8128
	16384 8160
	11936 8160
4
	0 8160
	1440 8160
	1440 8192
	0 8192
4
	1920 8160
	6784 8160
	6784 8192
	1920 8192
4
	7136 8160
	9344 8160
	9344 8192
	7136 8192
4
	10240 8160
	11040 8160
	11040 8192
	10240 8192
4
	11936 8160
	16384 8160
	16384 8192
	11936 8192
4
	0 8192
	1440 8192
	1440 8224
	0 8224
4
	1920 8192
	6784 8192
	6784 8224
	1920 8224
4
	7136 8192
	9344 8192
	9344 8224
	7136 8224
4
	10176 8192
	11040 8192
	11040 8224
	10176 8224
4
	11936 8192
	16384 8192
	16384 8224
	11936 8224
4
	0 8224
	1440 8224
	1440 8256
	0 8256
4
	1920 8224
	6784 8224
	6784 8256
	1920 8256
4
	7136 8224
	9344 8224
	9344 8256
	7136 8256
4
	10176 8224
	11040 8224
	11040 8256
	10176 8256
4
	11936 8224
	16384 8224
	16384 8256
	11936 8256
4
	0 8256
	1440 8256
	1440 8288
	0 8288
4
	1984 8256
	6880 8256
	6880 8288
	1984 8288
4
	7232 8256
	9344 8256
	9344 8288
	7232 8288
4
	10176 8256
	11040 8256
	11040 8288
	10176 8288
4
	11936 8256
	16384 8256
	16384 8288
	11936 8288
4
	0 8288
	1440 8288
	1440 8320
	0 8320
4
	1984 8288
	6880 8288
	6880 8320
	1984 8320
4
	7232 8288
	9344 8288
	9344 8320
	7232 8320
4
	10176 8288
	11040 8288
	11040 8320
	10176 8320
4
	11936 8288
	16384 8288
	16384 8320
	11936 8320
4
	0 8320
	1440 8320
	1440 8352
	0 8352
4
	1984 8320
	6880 8320
	6880 8352
	1984 8352
4
	7232 8320
	9344 8320
	9344 8352
	7232 8352
4
	10176 8320
	11040 8320
	11040 8352
	10176 8352
4
	11936 8320
	16384 8320
	16384 8352
	11936 8352
4
	0 8352
	1440 8352
	1440 8384
	0 8384
4
	1984 8352
	6880 8352
	6880 8384
	1984 8384
4
	7232 8352
	9344 8352
	9344 8384
	7232 8384
4
	10176 8352
	11040 8352
	11040 8384
	10176 8384
4
	11936 8352
	16384 8352
	16384 8384
	11936 8384
4
	0 8384
	1440 8384
	1440 8416
	0 8416
4
	1984 8384
	6880 8384
	6880 8416
	1984 8416
4
	7232 8384
	9344 8384
	9344 8416
	7232 8416
4
	10176 8384
	11040 8384
	11040 8416
	10176 8416
4
	11936 8384
	16384 8384
	16384 8416
	11936 8416
4
	0 8416
	1440 8416
	1440 8448
	0 8448
4
	1984 8416
	6880 8416
	6880 8448
	1984 8448
4
	7232 8416
	9344 8416
	9344 8448
	7232 8448
4
	10176 8416
	11040 8416
	11040 8448
	10176 8448
4
	11936 8416
	16384 8416
	16384 8448
	11936 8448
4
	0 8448
	1504 8448
	1504 8480
	0 8480
4
	2048 8448
	6944 8448
	6944 8480
	2048 8480
4
	7296 8448
	9344 8448
	9344 8480
	7296 8480
4
	10240 8448
	11040 8448
	11040 8480
	10240 8480
4
	11936 8448
	16384 8448
	16384 8480
	11936 8480
4
	0 8480
	1504 8480
	1504 8512
	0 8512
4
	2048 8480
	6944 8480
	6944 8512
	2048 8512
4
	7296 8480
	9344 8480
	9344 8512
	7296 8512
4
	10240 8480
	11040 8480
	11040 8512
	10240 8512
4
	11936 8480
	16384 8480
	16384 8512
	11936 8512
4
	0 8512
	1504 8512
	1504 8544
	0 8544
4
	2048 8512
	6944 8512
	6944 8544
	2048 8544
4
	7296 8512
	9344 8512
	9344 8544
	7296 8544
4
	10336 8512
	11040 8512
	11040 8544
	10336 8544
4
	11936 8512
	16384 8512
	16384 8544
	11936 8544
4
	0 8544
	1504 8544
	1504 8576
	0 8576
4
	2048 8544
	6944 8544
	6944 8576
	2048 8576
4
	7296 8544
	9344 8544
	9344 8576
	7296 8576
4
	10336 8544
	11040 8544
	11040 8576
	10336 8576
4
	11936 8544
	16384 8544
	16384 8576
	11936 8576
4
	0 8576
	1504 8576
	1504 8608
	0 8608
4
	2144 8576
	6944 8576
	6944 8608
	2144 8608
4
	7296 8576
	9344 8576
	9344 8608
	7296 8608
4
	10400 8576
	10976 8576
	10976 8608
	10400 8608
4
	11936 8576
	16384 8576
	16384 8608
	11936 8608
4
	0 8608
	1504 8608
	1504 8640
	0 8640
4
	2144 8608
	6944 8608
	6944 8640
	2144 8640
4
	7296 8608
	9344 8608
	9344 8640
	7296 8640
4
	10400 8608
	10976 8608
	10976 8640
	10400 8640
4
	11936 8608
	16384 8608
	16384 8640
	11936 8640
4
	0 8640
	1568 8640
	1568 8672
	0 8672
4
	2144 8640
	7008 8640
	7008 8672
	2144 8672
4
	7360 8640
	9344 8640
	9344 8672
	7360 8672
4
	11936 8640
	16384 8640
	16384 8672
	11936 8672
4
	0 8672
	1568 8672
	1568 8704
	0 8704
4
	2144 8672
	7008 8672
	7008 8704
	2144 8704
4
	7360 8672
	9344 8672
	9344 8704
	7360 8704
4
	11936 8672
	16384 8672
	16384 8704
	11936 8704
4
	0 8704
	1568 8704
	1568 8736
	0 8736
4
	2208 8704
	7008 8704
	7008 8736
	2208 8736
4
	7360 8704
	9408 8704
	9408 8736
	7360 8736
4
	11936 8704
	16384 8704
	16384 8736
	11936 8736
4
	0 8736
	1632 8736
	1632 8768
	0 8768
4
	2208 8736
	7008 8736
	7008 8768
	2208 8768
4
	7424 8736
	9408 8736
	9408 8768
	7424 8768
4
	11936 8736
	16384 8736
	16384 8768
	11936 8768
4
	0 8768
	1632 8768
	1632 8800
	0 8800
4
	2208 8768
	7008 8768
	7008 8800
	2208 8800
4
	7424 8768
	9408 8768
	9408 8800
	7424 8800
4
	11936 8768
	16384 8768
	16384 8800
	11936 8800
4
	0 8800
	1632 8800
	1632 8832
	0 8832
4
	2272 8800
	7072 8800
	7072 8832
	2272 8832
4
	7424 8800
	9472 8800
	9472 8832
	7424 8832
4
	11872 8800
	16384 8800
	16384 8832
	11872 8832
4
	0 8832
	1632 8832
	1632 8864
	0 8864
4
	2272 8832
	7072 8832
	7072 8864
	2272 8864
4
	7424 8832
	9472 8832
	9472 8864
	7424 8864
4
	11872 8832
	16384 8832
	16384 8864
	11872 8864
4
	0 8864
	1696 8864
	1696 8896
	0 8896
4
	2336 8864
	7072 8864
	7072 8896
	2336 8896
4
	7488 8864
	9536 8864
	9536 8896
	7488 8896
4
	11808 8864
	16384 8864
	16384 8896
	11808 8896
4
	0 8896
	1696 8896
	1696 8928
	0 8928
4
	2336 8896
	7072 8896
	7072 8928
	2336 8928
4
	7488 8896
	9536 8896
	9536 8928
	7488 8928
4
	11808 8896
	16384 8896
	16384 8928
	11808 8928
4
	0 8928
	1792 8928
	1792 8960
	0 8960
4
	2432 8928
	7136 8928
	7136 8960
	2432 8960
4
	7488 8928
	9632 8928
	9632 8960
	7488 8960
4
	11680 8928
	16384 8928
	16384 8960
	11680 8960
4
	0 8960
	1792 8960
	1792 8992
	0 8992
4
	2432 8960
	7136 8960
	7136 8992
	2432 8992
4
	7488 8960
	9632 8960
	9632 8992
	7488 8992
4
	11680 8960
	16384 8960
	16384 8992
	11680 8992
4
	0 8992
	1792 8992
	1792 9024
	0 9024
4
	2624 8992
	7136 8992
	7136 9024
	2624 9024
4
	7488 8992
	9696 8992
	9696 9024
	7488 9024
4
	11584 8992
	16384 8992
	16384 9024
	11584 9024
4
	0 9024
	1792 9024
	1792 9056
	0 9056
4
	2624 9024
	7136 9024
	7136 9056
	2624 9056
4
	7488 9024
	9696 9024
	9696 9056
	7488 9056
4
	11584 9024
	16384 9024
	16384 9056
	11584 9056
4
	0 9056
	1856 9056
	1856 9088
	0 9088
4
	2688 9056
	7232 9056
	7232 9088
	2688 9088
4
	7584 9056
	9760 9056
	9760 9088
	7584 9088
4
	11456 9056
	16384 9056
	16384 9088
	11456 9088
4
	0 9088
	1856 9088
	1856 9120
	0 9120
4
	2688 9088
	7232 9088
	7232 9120
	2688 9120
4
	7584 9088
	9760 9088
	9760 9120
	7584 9120
4
	11456 9088
	16384 9088
	16384 9120
	11456 9120
4
	0 9120
	1920 9120
	1920 9152
	0 9152
4
	2688 9120
	7232 9120
	7232 9152
	2688 9152
4
	7584 9120
	9824 9120
	9824 9152
	7584 9152
4
	11328 9120
	16384 9120
	16384 9152
	11328 9152
4
	0 9152
	1920 9152
	1920 9184
	0 9184
4
	2688 9152
	7232 9152
	7232 9184
	2688 9184
4
	7584 9152
	9824 9152
	9824 9184
	7584 9184
4
	11328 9152
	16384 9152
	16384 9184
	11328 9184
4
	0 9184
	1920 9184
	1920 9216
	0 9216
4
	2688 9184
	7296 9184
	7296 9216
	2688 9216
4
	7648 9184
	9984 9184
	9984 9216
	7648 9216
4
	11168 9184
	16384 9184
	16384 9216
	11168 9216
4
	0 9216
	1984 9216
	1984 9248
	0 9248
4
	2688 9216
	7296 9216
	7296 9248
	2688 9248
4
	7648 9216
	10112 9216
	10112 9248
	7648 9248
4
	11040 9216
	16384 9216
	16384 9248
	11040 9248
4
	0 9248
	1984 9248
	1984 9280
	0 9280
4
	2688 9248
	7296 9248
	7296 9280
	2688 9280
4
	7648 9248
	10112 9248
	10112 9280
	7648 9280
4
	11040 9248
	16384 9248
	16384 9280
	11040 9280
4
	0 9280
	2048 9280
	2048 9312
	0 9312
4
	2784 9280
	7360 9280
	7360 9312
	2784 9312
4
	7648 9280
	10464 9280
	10464 9312
	7648 9312
4
	10816 9280
	16384 9280
	16384 9312
	10816 9312
4
	0 9312
	2048 9312
	2048 9344
	0 9344
4
	2784 9312
	7360 9312
	7360 9344
	2784 9344
4
	7648 9312
	10464 9312
	10464 9344
	7648 9344
4
	10816 9312
	16384 9312
	16384 9344
	10816 9344
4
	0 9344
	2048 9344
	2048 9376
	0 9376
4
	2848 9344
	7360 9344
	7360 9376
	2848 9376
4
	7712 9344
	10464 9344
	10464 9376
	7712 9376
4
	10816 9344
	16384 9344
	16384 9376
	10816 9376
4
	0 9376
	2048 9376
	2048 9408
	0 9408
4
	2848 9376
	7360 9376
	7360 9408
	2848 9408
4
	7712 9376
	10464 9376
	10464 9408
	7712 9408
4
	10816 9376
	16384 9376
	16384 9408
	10816 9408
4
	0 9408
	2048 9408
	2048 9440
	0 9440
4
	2912 9408
	7424 9408
	7424 9440
	2912 9440
4
	7584 9408
	10528 9408
	10528 9440
	7584 9440
4
	10816 9408
	16384 9408
	16384 9440
	10816 9440
4
	0 9440
	2048 9440
	2048 9472
	0 9472
4
	2912 9440
	7424 9440
	7424 9472
	2912 9472
4
	7584 9440
	10528 9440
	10528 9472
	7584 9472
4
	10816 9440
	16384 9440
	16384 9472
	10816 9472
4
	0 9472
	2048 9472
	2048 9504
	0 9504
4
	2976 9472
	10528 9472
	10528 9504
	2976 9504
4
	10816 9472
	16384 9472
	16384 9504
	10816 9504
4
	0 9504
	2048 9504
	2048 9536
	0 9536
4
	2976 9504
	10528 9504
	10528 9536
	2976 9536
4
	10816 9504
	16384 9504
	16384 9536
	10816 9536
4
	0 9536
	2144 9536
	2144 9568
	0 9568
4
	3264 9536
	10528 9536
	10528 9568
	3264 9568
4
	10816 9536
	16384 9536
	16384 9568
	10816 9568
4
	0 9568
	2144 9568
	2144 9600
	0 9600
4
	3264 9568
	10528 9568
	10528 9600
	3264 9600
4
	10816 9568
	16384 9568
	16384 9600
	10816 9600
4
	0 9600
	2208 9600
	2208 9632
	0 9632
4
	3392 9600
	4032 9600
	4032 9632
	3392 9632
4
	4256 9600
	10528 9600
	10528 9632
	4256 9632
4
	10816 9600
	16384 9600
	16384 9632
	10816 9632
4
	0 9632
	2208 9632
	2208 9664
	0 9664
4
	3392 9632
	4032 9632
	4032 9664
	3392 9664
4
	4256 9632
	10528 9632
	10528 9664
	4256 9664
4
	10816 9632
	16384 9632
	16384 9664
	10816 9664
4
	0 9664
	2272 9664
	2272 9696
	0 9696
4
	3488 9664
	3968 9664
	3968 9696
	3488 9696
4
	4256 9664
	10528 9664
	10528 9696
	4256 9696
4
	10816 9664
	16384 9664
	16384 9696
	10816 9696
4
	0 9696
	2272 9696
	2272 9728
	0 9728
4
	3488 9696
	3968 9696
	3968 9728
	3488 9728
4
	4256 9696
	10528 9696
	10528 9728
	4256 9728
4
	10816 9696
	16384 9696
	16384 9728
	10816 9728
4
	0 9728
	2336 9728
	2336 9760
	0 9760
4
	3552 9728
	3904 9728
	3904 9760
	3552 9760
4
	4256 9728
	10528 9728
	10528 9760
	4256 9760
4
	10816 9728
	16384 9728
	16384 9760
	10816 9760
4
	0 9760
	2432 9760
	2432 9792
	0 9792
4
	3616 9760
	3840 9760
	3840 9792
	3616 9792
4
	4256 9760
	10528 9760
	10528 9792
	4256 9792
4
	10816 9760
	16384 9760
	16384 9792
	10816 9792
4
	0 9792
	2432 9792
	2432 9824
	0 9824
4
	3616 9792
	3840 9792
	3840 9824
	3616 9824
4
	4256 9792
	10528 9792
	10528 9824
	4256 9824
4
	10816 9792
	16384 9792
	16384 9824
	10816 9824
4
	0 9824
	2496 9824
	2496 9856
	0 9856
4
	3616 9824
	3744 9824
	3744 9856
	3616 9856
4
	4256 9824
	10528 9824
	10528 9856
	4256 9856
4
	10816 9824
	16384 9824
	16384 9856
	10816 9856
4
	0 9856
	2496 9856
	2496 9888
	0 9888
4
	3616 9856
	3744 9856
	3744 9888
	3616 9888
4
	4256 9856
	10528 9856
	10528 9888
	4256 9888
4
	10816 9856
	16384 9856
	16384 9888
	10816 9888
4
	0 9888
	2560 9888
	2560 9920
	0 9920
4
	3616 9888
	3744 9888
	3744 9920
	3616 9920
4
	4096 9888
	10528 9888
	10528 9920
	4096 9920
4
	10816 9888
	16384 9888
	16384 9920
	10816 9920
4
	0 9920
	2560 9920
	2560 9952
	0 9952
4
	3616 9920
	3744 9920
	3744 9952
	3616 9952
4
	4096 9920
	10528 9920
	10528 9952
	4096 9952
4
	10816 9920
	16384 9920
	16384 9952
	10816 9952
4
	0 9952
	2624 9952
	2624 9984
	0 9984
4
	3616 9952
	3744 9952
	3744 9984
	3616 9984
4
	4032 9952
	10528 9952
	10528 9984
	4032 9984
4
	10816 9952
	16384 9952
	16384 9984
	10816 9984
4
	0 9984
	2624 9984
	2624 10016
	0 10016
4
	3616 9984
	3744 9984
	3744 10016
	3616 10016
4
	4032 9984
	10528 9984
	10528 10016
	4032 10016
4
	10816 9984
	16384 9984
	16384 10016
	10816 10016
4
	0 10016
	2624 10016
	2624 10048
	0 10048
4
	3968 10016
	10528 10016
	10528 10048
	3968 10048
4
	10816 10016
	16384 10016
	16384 10048
	10816 10048
4
	0 10048
	2624 10048
	2624 10080
	0 10080
4
	3968 10048
	10528 10048
	10528 10080
	3968 10080
4
	10816 10048
	16384 10048
	16384 10080
	10816 10080
4
	0 10080
	2688 10080
	2688 10112
	0 10112
4
	3904 10080
	4384 10080
	4384 10112
	3904 10112
4
	4544 10080
	10528 10080
	10528 10112
	4544 10112
4
	10816 10080
	16384 10080
	16384 10112
	10816 10112
4
	0 10112
	2688 10112
	2688 10144
	0 10144
4
	3904 10112
	4384 10112
	4384 10144
	3904 10144
4
	4544 10112
	10528 10112
	10528 10144
	4544 10144
4
	10816 10112
	16384 10112
	16384 10144
	10816 10144
4
	0 10144
	2688 10144
	2688 10176
	0 10176
4
	3904 10144
	4320 10144
	4320 10176
	3904 10176
4
	4608 10144
	10528 10144
	10528 10176
	4608 10176
4
	10816 10144
	16384 10144
	16384 10176
	10816 10176
4
	0 10176
	2688 10176
	2688 10208
	0 10208
4
	3904 10176
	4320 10176
	4320 10208
	3904 10208
4
	4608 10176
	10528 10176
	10528 10208
	4608 10208
4
	10816 10176
	16384 10176
	16384 10208
	10816 10208
4
	0 10208
	2784 10208
	2784 10240
	0 10240
4
	3904 10208
	4096 10208
	4096 10240
	3904 10240
4
	4608 10208
	10528 10208
	10528 10240
	4608 10240
4
	10816 10208
	16384 10208
	16384 10240
	10816 10240
4
	0 10240
	2784 10240
	2784 10272
	0 10272
4
	4672 10240
	10528 10240
	10528 10272
	4672 10272
4
	10816 10240
	16384 10240
	16384 10272
	10816 10272
4
	0 10272
	2784 10272
	2784 10304
	0 10304
4
	4672 10272
	10528 10272
	10528 10304
	4672 10304
4
	10816 10272
	16384 10272
	16384 10304
	10816 10304
4
	0 10304
	2784 10304
	2784 10336
	0 10336
4
	4672 10304
	10624 10304
	10624 10336
	4672 10336
4
	10816 10304
	14560 10304
	14560 10336
	10816 10336
4
	14976 10304
	16384 10304
	16384 10336
	14976 10336
4
	0 10336
	2784 10336
	2784 10368
	0 10368
4
	4672 10336
	10624 10336
	10624 10368
	4672 10368
4
	10816 10336
	14560 10336
	14560 10368
	10816 10368
4
	14976 10336
	16384 10336
	16384 10368
	14976 10368
4
	0 10368
	2848 10368
	2848 10400
	0 10400
4
	4672 10368
	10624 10368
	10624 10400
	4672 10400
4
	10816 10368
	14272 10368
	14272 10400
	10816 10400
4
	15328 10368
	16384 10368
	16384 10400
	15328 10400
4
	0 10400
	2848 10400
	2848 10432
	0 10432
4
	4672 10400
	10624 10400
	10624 10432
	4672 10432
4
	10816 10400
	14272 10400
	14272 10432
	10816 10432
4
	15328 10400
	16384 10400
	16384 10432
	15328 10432
4
	0 10432
	2848 10432
	2848 10464
	0 10464
4
	4672 10432
	10624 10432
	10624 10464
	4672 10464
4
	10816 10432
	14144 10432
	14144 10464
	10816 10464
4
	15488 10432
	16384 10432
	16384 10464
	15488 10464
4
	0 10464
	2848 10464
	2848 10496
	0 10496
4
	4672 10464
	10624 10464
	10624 10496
	4672 10496
4
	10816 10464
	14144 10464
	14144 10496
	10816 10496
4
	15488 10464
	16384 10464
	16384 10496
	15488 10496
4
	0 10496
	2848 10496
	2848 10528
	0 10528
4
	4672 10496
	10400 10496
	10400 10528
	4672 10528
4
	10976 10496
	14080 10496
	14080 10528
	10976 10528
4
	15552 10496
	16384 10496
	16384 10528
	15552 10528
4
	0 10528
	2848 10528
	2848 10560
	0 10560
4
	4672 10528
	10400 10528
	10400 10560
	4672 10560
4
	10976 10528
	14080 10528
	14080 10560
	10976 10560
4
	15552 10528
	16384 10528
	16384 10560
	15552 10560
4
	0 10560
	2432 10560
	2432 10592
	0 10592
4
	4672 10560
	10240 10560
	10240 10592
	4672 10592
4
	11104 10560
	13984 10560
	13984 10592
	11104 10592
4
	15616 10560
	16384 10560
	16384 10592
	15616 10592
4
	0 10592
	2432 10592
	2432 10624
	0 10624
4
	4672 10592
	10240 10592
	10240 10624
	4672 10624
4
	11104 10592
	13984 10592
	13984 10624
	11104 10624
4
	15616 10592
	16384 10592
	16384 10624
	15616 10624
4
	0 10624
	2432 10624
	2432 10656
	0 10656
4
	4672 10624
	10176 10624
	10176 10656
	4672 10656
4
	11104 10624
	13920 10624
	13920 10656
	11104 10656
4
	14560 10624
	15072 10624
	15072 10656
	14560 10656
4
	15680 10624
	16384 10624
	16384 10656
	15680 10656
4
	0 10656
	2432 10656
	2432 10688
	0 10688
4
	4672 10656
	10176 10656
	10176 10688
	4672 10688
4
	11104 10656
	13920 10656
	13920 10688
	11104 10688
4
	14560 10656
	15072 10656
	15072 10688
	14560 10688
4
	15680 10656
	16384 10656
	16384 10688
	15680 10688
4
	0 10688
	2432 10688
	2432 10720
	0 10720
4
	4608 10688
	10112 10688
	10112 10720
	4608 10720
4
	11328 10688
	13856 10688
	13856 10720
	11328 10720
4
	14432 10688
	15200 10688
	15200 10720
	14432 10720
4
	15680 10688
	16384 10688
	16384 10720
	15680 10720
4
	0 10720
	2432 10720
	2432 10752
	0 10752
4
	4608 10720
	10112 10720
	10112 10752
	4608 10752
4
	11328 10720
	13856 10720
	13856 10752
	11328 10752
4
	14432 10720
	15200 10720
	15200 10752
	14432 10752
4
	15680 10720
	16384 10720
	16384 10752
	15680 10752
4
	0 10752
	2432 10752
	2432 10784
	0 10784
4
	4608 10752
	10112 10752
	10112 10784
	4608 10784
4
	11392 10752
	13792 10752
	13792 10784
	11392 10784
4
	14272 10752
	14496 10752
	14496 10784
	14272 10784
4
	15136 10752
	15328 10752
	15328 10784
	15136 10784
4
	15776 10752
	16384 10752
	16384 10784
	15776 10784
4
	0 10784
	2848 10784
	2848 10816
	0 10816
4
	4608 10784
	10176 10784
	10176 10816
	4608 10816
4
	11520 10784
	13792 10784
	13792 10816
	11520 10816
4
	14208 10784
	14336 10784
	14336 10816
	14208 10816
4
	15264 10784
	15424 10784
	15424 10816
	15264 10816
4
	15840 10784
	16384 10784
	16384 10816
	15840 10816
4
	0 10816
	2848 10816
	2848 10848
	0 10848
4
	4608 10816
	10176 10816
	10176 10848
	4608 10848
4
	11520 10816
	13792 10816
	13792 10848
	11520 10848
4
	14208 10816
	14336 10816
	14336 10848
	14208 10848
4
	15264 10816
	15424 10816
	15424 10848
	15264 10848
4
	15840 10816
	16384 10816
	16384 10848
	15840 10848
4
	0 10848
	2912 10848
	2912 10880
	0 10880
4
	4544 10848
	10112 10848
	10112 10880
	4544 10880
4
	10464 10848
	10816 10848
	10816 10880
	10464 10880
4
	11456 10848
	13728 10848
	13728 10880
	11456 10880
4
	14144 10848
	14272 10848
	14272 10880
	14144 10880
4
	15328 10848
	15488 10848
	15488 10880
	15328 10880
4
	15840 10848
	16384 10848
	16384 10880
	15840 10880
4
	0 10880
	2912 10880
	2912 10912
	0 10912
4
	4544 10880
	10112 10880
	10112 10912
	4544 10912
4
	10464 10880
	10816 10880
	10816 10912
	10464 10912
4
	11456 10880
	13728 10880
	13728 10912
	11456 10912
4
	14144 10880
	14272 10880
	14272 10912
	14144 10912
4
	15328 10880
	15488 10880
	15488 10912
	15328 10912
4
	15840 10880
	16384 10880
	16384 10912
	15840 10912
4
	0 10912
	2912 10912
	2912 10944
	0 10944
4
	4544 10912
	10048 10912
	10048 10944
	4544 10944
4
	10400 10912
	10880 10912
	10880 10944
	10400 10944
4
	11456 10912
	13632 10912
	13632 10944
	11456 10944
4
	14144 10912
	14208 10912
	14208 10944
	14144 10944
4
	15424 10912
	15552 10912
	15552 10944
	15424 10944
4
	15904 10912
	16384 10912
	16384 10944
	15904 10944
4
	0 10944
	2912 10944
	2912 10976
	0 10976
4
	4544 10944
	10048 10944
	10048 10976
	4544 10976
4
	10400 10944
	10880 10944
	10880 10976
	10400 10976
4
	11456 10944
	13632 10944
	13632 10976
	11456 10976
4
	14144 10944
	14208 10944
	14208 10976
	14144 10976
4
	15424 10944
	15552 10944
	15552 10976
	15424 10976
4
	15904 10944
	16384 10944
	16384 10976
	15904 10976
4
	0 10976
	2848 10976
	2848 11008
	0 11008
4
	4544 10976
	9824 10976
	9824 11008
	4544 11008
4
	10464 10976
	10880 10976
	10880 11008
	10464 11008
4
	11456 10976
	13632 10976
	13632 11008
	11456 11008
4
	14080 10976
	14208 10976
	14208 11008
	14080 11008
4
	15424 10976
	15552 10976
	15552 11008
	15424 11008
4
	15904 10976
	16384 10976
	16384 11008
	15904 11008
4
	0 11008
	2848 11008
	2848 11040
	0 11040
4
	4544 11008
	9824 11008
	9824 11040
	4544 11040
4
	10464 11008
	10880 11008
	10880 11040
	10464 11040
4
	11456 11008
	13632 11008
	13632 11040
	11456 11040
4
	14080 11008
	14208 11008
	14208 11040
	14080 11040
4
	15424 11008
	15552 11008
	15552 11040
	15424 11040
4
	15904 11008
	16384 11008
	16384 11040
	15904 11040
4
	0 11040
	2688 11040
	2688 11072
	0 11072
4
	4544 11040
	9824 11040
	9824 11072
	4544 11072
4
	10400 11040
	11040 11040
	11040 11072
	10400 11072
4
	11456 11040
	13632 11040
	13632 11072
	11456 11072
4
	14080 11040
	14144 11040
	14144 11072
	14080 11072
4
	15488 11040
	15616 11040
	15616 11072
	15488 11072
4
	15904 11040
	16384 11040
	16384 11072
	15904 11072
4
	0 11072
	2688 11072
	2688 11104
	0 11104
4
	4544 11072
	9824 11072
	9824 11104
	4544 11104
4
	10400 11072
	11040 11072
	11040 11104
	10400 11104
4
	11456 11072
	13632 11072
	13632 11104
	11456 11104
4
	14080 11072
	14144 11072
	14144 11104
	14080 11104
4
	15488 11072
	15616 11072
	15616 11104
	15488 11104
4
	15904 11072
	16384 11072
	16384 11104
	15904 11104
4
	0 11104
	2560 11104
	2560 11136
	0 11136
4
	4608 11104
	9760 11104
	9760 11136
	4608 11136
4
	10400 11104
	11040 11104
	11040 11136
	10400 11136
4
	11744 11104
	13632 11104
	13632 11136
	11744 11136
4
	13984 11104
	14144 11104
	14144 11136
	13984 11136
4
	15488 11104
	15616 11104
	15616 11136
	15488 11136
4
	15968 11104
	16384 11104
	16384 11136
	15968 11136
4
	0 11136
	2560 11136
	2560 11168
	0 11168
4
	4608 11136
	9760 11136
	9760 11168
	4608 11168
4
	10400 11136
	11040 11136
	11040 11168
	10400 11168
4
	11744 11136
	13632 11136
	13632 11168
	11744 11168
4
	13984 11136
	14144 11136
	14144 11168
	13984 11168
4
	15488 11136
	15616 11136
	15616 11168
	15488 11168
4
	15968 11136
	16384 11136
	16384 11168
	15968 11168
4
	0 11168
	2496 11168
	2496 11200
	0 11200
4
	4608 11168
	9760 11168
	9760 11200
	4608 11200
4
	10400 11168
	10976 11168
	10976 11200
	10400 11200
4
	11744 11168
	13632 11168
	13632 11200
	11744 11200
4
	13984 11168
	14144 11168
	14144 11200
	13984 11200
4
	15488 11168
	15616 11168
	15616 11200
	15488 11200
4
	15968 11168
	16384 11168
	16384 11200
	15968 11200
4
	0 11200
	2496 11200
	2496 11232
	0 11232
4
	4608 11200
	9760 11200
	9760 11232
	4608 11232
4
	10400 11200
	10976 11200
	10976 11232
	10400 11232
4
	11744 11200
	13632 11200
	13632 11232
	11744 11232
4
	13984 11200
	14144 11200
	14144 11232
	13984 11232
4
	15488 11200
	15616 11200
	15616 11232
	15488 11232
4
	15968 11200
	16384 11200
	16384 11232
	15968 11232
4
	0 11232
	2496 11232
	2496 11264
	0 11264
4
	4672 11232
	9888 11232
	9888 11264
	4672 11264
4
	10464 11232
	10976 11232
	10976 11264
	10464 11264
4
	11744 11232
	13632 11232
	13632 11264
	11744 11264
4
	13984 11232
	14144 11232
	14144 11264
	13984 11264
4
	15488 11232
	15616 11232
	15616 11264
	15488 11264
4
	15968 11232
	16384 11232
	16384 11264
	15968 11264
4
	0 11264
	2496 11264
	2496 11296
	0 11296
4
	4736 11264
	9888 11264
	9888 11296
	4736 11296
4
	10528 11264
	10880 11264
	10880 11296
	10528 11296
4
	11744 11264
	13632 11264
	13632 11296
	11744 11296
4
	13984 11264
	14144 11264
	14144 11296
	13984 11296
4
	15488 11264
	15616 11264
	15616 11296
	15488 11296
4
	15968 11264
	16384 11264
	16384 11296
	15968 11296
4
	0 11296
	2496 11296
	2496 11328
	0 11328
4
	4736 11296
	9888 11296
	9888 11328
	4736 11328
4
	10528 11296
	10880 11296
	10880 11328
	10528 11328
4
	11744 11296
	13632 11296
	13632 11328
	11744 11328
4
	13984 11296
	14144 11296
	14144 11328
	13984 11328
4
	15488 11296
	15616 11296
	15616 11328
	15488 11328
4
	15968 11296
	16384 11296
	16384 11328
	15968 11328
4
	0 11328
	2496 11328
	2496 11360
	0 11360
4
	4832 11328
	9824 11328
	9824 11360
	4832 11360
4
	11744 11328
	13632 11328
	13632 11360
	11744 11360
4
	13984 11328
	14144 11328
	14144 11360
	13984 11360
4
	15488 11328
	15616 11328
	15616 11360
	15488 11360
4
	15968 11328
	16384 11328
	16384 11360
	15968 11360
4
	0 11360
	2496 11360
	2496 11392
	0 11392
4
	4832 11360
	9824 11360
	9824 11392
	4832 11392
4
	11744 11360
	13632 11360
	13632 11392
	11744 11392
4
	13984 11360
	14144 11360
	14144 11392
	13984 11392
4
	15488 11360
	15616 11360
	15616 11392
	15488 11392
4
	15968 11360
	16384 11360
	16384 11392
	15968 11392
4
	0 11392
	2848 11392
	2848 11424
	0 11424
4
	4896 11392
	9824 11392
	9824 11424
	4896 11424
4
	11744 11392
	13632 11392
	13632 11424
	11744 11424
4
	13984 11392
	14144 11392
	14144 11424
	13984 11424
4
	15488 11392
	15616 11392
	15616 11424
	15488 11424
4
	15968 11392
	16384 11392
	16384 11424
	15968 11424
4
	0 11424
	2848 11424
	2848 11456
	0 11456
4
	4896 11424
	9824 11424
	9824 11456
	4896 11456
4
	11744 11424
	13632 11424
	13632 11456
	11744 11456
4
	13984 11424
	14144 11424
	14144 11456
	13984 11456
4
	15488 11424
	15616 11424
	15616 11456
	15488 11456
4
	15968 11424
	16384 11424
	16384 11456
	15968 11456
4
	0 11456
	3200 11456
	3200 11488
	0 11488
4
	4960 11456
	9824 11456
	9824 11488
	4960 11488
4
	11744 11456
	13632 11456
	13632 11488
	11744 11488
4
	13984 11456
	14144 11456
	14144 11488
	13984 11488
4
	15488 11456
	15552 11456
	15552 11488
	15488 11488
4
	15968 11456
	16384 11456
	16384 11488
	15968 11488
4
	0 11488
	3200 11488
	3200 11520
	0 11520
4
	4960 11488
	9824 11488
	9824 11520
	4960 11520
4
	11744 11488
	13632 11488
	13632 11520
	11744 11520
4
	13984 11488
	14144 11488
	14144 11520
	13984 11520
4
	15488 11488
	15552 11488
	15552 11520
	15488 11520
4
	15968 11488
	16384 11488
	16384 11520
	15968 11520
4
	0 11520
	3680 11520
	3680 11552
	0 11552
4
	5024 11520
	9824 11520
	9824 11552
	5024 11552
4
	11744 11520
	13728 11520
	13728 11552
	11744 11552
4
	14080 11520
	14144 11520
	14144 11552
	14080 11552
4
	15424 11520
	15552 11520
	15552 11552
	15424 11552
4
	15968 11520
	16384 11520
	16384 11552
	15968 11552
4
	0 11552
	3680 11552
	3680 11584
	0 11584
4
	5024 11552
	9824 11552
	9824 11584
	5024 11584
4
	11744 11552
	13728 11552
	13728 11584
	11744 11584
4
	14080 11552
	14144 11552
	14144 11584
	14080 11584
4
	15424 11552
	15552 11552
	15552 11584
	15424 11584
4
	15968 11552
	16384 11552
	16384 11584
	15968 11584
4
	0 11584
	4032 11584
	4032 11616
	0 11616
4
	5184 11584
	9824 11584
	9824 11616
	5184 11616
4
	11744 11584
	13728 11584
	13728 11616
	11744 11616
4
	14080 11584
	14208 11584
	14208 11616
	14080 11616
4
	15424 11584
	15552 11584
	15552 11616
	15424 11616
4
	15968 11584
	16384 11584
	16384 11616
	15968 11616
4
	0 11616
	4032 11616
	4032 11648
	0 11648
4
	5184 11616
	9824 11616
	9824 11648
	5184 11648
4
	11744 11616
	13728 11616
	13728 11648
	11744 11648
4
	14080 11616
	14208 11616
	14208 11648
	14080 11648
4
	15424 11616
	15552 11616
	15552 11648
	15424 11648
4
	15968 11616
	16384 11616
	16384 11648
	15968 11648
4
	0 11648
	4480 11648
	4480 11680
	0 11680
4
	5376 11648
	9824 11648
	9824 11680
	5376 11680
4
	11680 11648
	13792 11648
	13792 11680
	11680 11680
4
	14144 11648
	14272 11648
	14272 11680
	14144 11680
4
	15328 11648
	15488 11648
	15488 11680
	15328 11680
4
	15904 11648
	16384 11648
	16384 11680
	15904 11680
4
	0 11680
	4480 11680
	4480 11712
	0 11712
4
	5376 11680
	9824 11680
	9824 11712
	5376 11712
4
	11680 11680
	13792 11680
	13792 11712
	11680 11712
4
	14144 11680
	14272 11680
	14272 11712
	14144 11712
4
	15328 11680
	15488 11680
	15488 11712
	15328 11712
4
	15904 11680
	16384 11680
	16384 11712
	15904 11712
4
	0 11712
	4736 11712
	4736 11744
	0 11744
4
	5440 11712
	9888 11712
	9888 11744
	5440 11744
4
	11680 11712
	13792 11712
	13792 11744
	11680 11744
4
	14208 11712
	14336 11712
	14336 11744
	14208 11744
4
	15200 11712
	15488 11712
	15488 11744
	15200 11744
4
	15840 11712
	16384 11712
	16384 11744
	15840 11744
4
	0 11744
	4736 11744
	4736 11776
	0 11776
4
	5440 11744
	9888 11744
	9888 11776
	5440 11776
4
	11680 11744
	13792 11744
	13792 11776
	11680 11776
4
	14208 11744
	14336 11744
	14336 11776
	14208 11776
4
	15200 11744
	15488 11744
	15488 11776
	15200 11776
4
	15840 11744
	16384 11744
	16384 11776
	15840 11776
4
	0 11776
	4896 11776
	4896 11808
	0 11808
4
	5664 11776
	9984 11776
	9984 11808
	5664 11808
4
	11584 11776
	13792 11776
	13792 11808
	11584 11808
4
	14272 11776
	14496 11776
	14496 11808
	14272 11808
4
	15136 11776
	15424 11776
	15424 11808
	15136 11808
4
	15840 11776
	16384 11776
	16384 11808
	15840 11808
4
	0 11808
	5024 11808
	5024 11840
	0 11840
4
	6080 11808
	9888 11808
	9888 11840
	6080 11840
4
	11520 11808
	13856 11808
	13856 11840
	11520 11840
4
	14336 11808
	15328 11808
	15328 11840
	14336 11840
4
	15776 11808
	16384 11808
	16384 11840
	15776 11840
4
	0 11840
	5024 11840
	5024 11872
	0 11872
4
	6080 11840
	9888 11840
	9888 11872
	6080 11872
4
	11520 11840
	13856 11840
	13856 11872
	11520 11872
4
	14336 11840
	15328 11840
	15328 11872
	14336 11872
4
	15776 11840
	16384 11840
	16384 11872
	15776 11872
4
	0 11872
	5088 11872
	5088 11904
	0 11904
4
	6080 11872
	9536 11872
	9536 11904
	6080 11904
4
	11584 11872
	13920 11872
	13920 11904
	11584 11904
4
	14496 11872
	15200 11872
	15200 11904
	14496 11904
4
	15680 11872
	16384 11872
	16384 11904
	15680 11904
4
	0 11904
	5088 11904
	5088 11936
	0 11936
4
	6080 11904
	9536 11904
	9536 11936
	6080 11936
4
	11584 11904
	13920 11904
	13920 11936
	11584 11936
4
	14496 11904
	15200 11904
	15200 11936
	14496 11936
4
	15680 11904
	16384 11904
	16384 11936
	15680 11936
4
	0 11936
	5248 11936
	5248 11968
	0 11968
4
	6080 11936
	9472 11936
	9472 11968
	6080 11968
4
	10048 11936
	10176 11936
	10176 11968
	10048 11968
4
	11232 11936
	11392 11936
	11392 11968
	11232 11968
4
	11680 11936
	13920 11936
	13920 11968
	11680 11968
4
	15616 11936
	16384 11936
	16384 11968
	15616 11968
4
	0 11968
	5248 11968
	5248 12000
	0 12000
4
	6080 11968
	9472 11968
	9472 12000
	6080 12000
4
	10048 11968
	10176 11968
	10176 12000
	10048 12000
4
	11232 11968
	11392 11968
	11392 12000
	11232 12000
4
	11680 11968
	13920 11968
	13920 12000
	11680 12000
4
	15616 11968
	16384 11968
	16384 12000
	15616 12000
4
	0 12000
	5376 12000
	5376 12032
	0 12032
4
	6144 12000
	8064 12000
	8064 12032
	6144 12032
4
	9984 12000
	10336 12000
	10336 12032
	9984 12032
4
	11104 12000
	11392 12000
	11392 12032
	11104 12032
4
	11744 12000
	13984 12000
	13984 12032
	11744 12032
4
	15424 12000
	16384 12000
	16384 12032
	15424 12032
4
	0 12032
	5376 12032
	5376 12064
	0 12064
4
	6144 12032
	8064 12032
	8064 12064
	6144 12064
4
	9984 12032
	10336 12032
	10336 12064
	9984 12064
4
	11104 12032
	11392 12032
	11392 12064
	11104 12064
4
	11744 12032
	13984 12032
	13984 12064
	11744 12064
4
	15424 12032
	16384 12032
	16384 12064
	15424 12064
4
	0 12064
	5440 12064
	5440 12096
	0 12096
4
	6240 12064
	6592 12064
	6592 12096
	6240 12096
4
	7072 12064
	8128 12064
	8128 12096
	7072 12096
4
	9824 12064
	10464 12064
	10464 12096
	9824 12096
4
	10976 12064
	11392 12064
	11392 12096
	10976 12096
4
	11808 12064
	13920 12064
	13920 12096
	11808 12096
4
	15264 12064
	16384 12064
	16384 12096
	15264 12096
4
	0 12096
	5440 12096
	5440 12128
	0 12128
4
	6240 12096
	6592 12096
	6592 12128
	6240 12128
4
	7072 12096
	8128 12096
	8128 12128
	7072 12128
4
	9824 12096
	10464 12096
	10464 12128
	9824 12128
4
	10976 12096
	11392 12096
	11392 12128
	10976 12128
4
	11808 12096
	13920 12096
	13920 12128
	11808 12128
4
	15264 12096
	16384 12096
	16384 12128
	15264 12128
4
	0 12128
	5440 12128
	5440 12160
	0 12160
4
	6240 12128
	6432 12128
	6432 12160
	6240 12160
4
	7136 12128
	8128 12128
	8128 12160
	7136 12160
4
	9536 12128
	11392 12128
	11392 12160
	9536 12160
4
	11872 12128
	13856 12128
	13856 12160
	11872 12160
4
	14272 12128
	14496 12128
	14496 12160
	14272 12160
4
	15072 12128
	16384 12128
	16384 12160
	15072 12160
4
	0 12160
	5440 12160
	5440 12192
	0 12192
4
	6240 12160
	6432 12160
	6432 12192
	6240 12192
4
	7136 12160
	8128 12160
	8128 12192
	7136 12192
4
	9536 12160
	11392 12160
	11392 12192
	9536 12192
4
	11872 12160
	13856 12160
	13856 12192
	11872 12192
4
	14272 12160
	14496 12160
	14496 12192
	14272 12192
4
	15072 12160
	16384 12160
	16384 12192
	15072 12192
4
	0 12192
	5440 12192
	5440 12224
	0 12224
4
	7232 12192
	8128 12192
	8128 12224
	7232 12224
4
	9184 12192
	11456 12192
	11456 12224
	9184 12224
4
	11872 12192
	13792 12192
	13792 12224
	11872 12224
4
	14272 12192
	16384 12192
	16384 12224
	14272 12224
4
	0 12224
	5440 12224
	5440 12256
	0 12256
4
	7232 12224
	8128 12224
	8128 12256
	7232 12256
4
	9184 12224
	11456 12224
	11456 12256
	9184 12256
4
	11872 12224
	13792 12224
	13792 12256
	11872 12256
4
	14272 12224
	16384 12224
	16384 12256
	14272 12256
4
	0 12256
	5440 12256
	5440 12288
	0 12288
4
	7296 12256
	8192 12256
	8192 12288
	7296 12288
4
	8928 12256
	11520 12256
	11520 12288
	8928 12288
4
	11936 12256
	13792 12256
	13792 12288
	11936 12288
4
	14272 12256
	16384 12256
	16384 12288
	14272 12288
4
	0 12288
	5536 12288
	5536 12320
	0 12320
4
	7424 12288
	8064 12288
	8064 12320
	7424 12320
4
	8704 12288
	11584 12288
	11584 12320
	8704 12320
4
	12032 12288
	13728 12288
	13728 12320
	12032 12320
4
	14208 12288
	16384 12288
	16384 12320
	14208 12320
4
	0 12320
	5536 12320
	5536 12352
	0 12352
4
	7424 12320
	8064 12320
	8064 12352
	7424 12352
4
	8704 12320
	11584 12320
	11584 12352
	8704 12352
4
	12032 12320
	13728 12320
	13728 12352
	12032 12352
4
	14208 12320
	16384 12320
	16384 12352
	14208 12352
4
	0 12352
	5664 12352
	5664 12384
	0 12384
4
	7648 12352
	7936 12352
	7936 12384
	7648 12384
4
	8704 12352
	11680 12352
	11680 12384
	8704 12384
4
	12096 12352
	13728 12352
	13728 12384
	12096 12384
4
	14144 12352
	16384 12352
	16384 12384
	14144 12384
4
	0 12384
	5664 12384
	5664 12416
	0 12416
4
	7648 12384
	7936 12384
	7936 12416
	7648 12416
4
	8704 12384
	11680 12384
	11680 12416
	8704 12416
4
	12096 12384
	13728 12384
	13728 12416
	12096 12416
4
	14144 12384
	16384 12384
	16384 12416
	14144 12416
4
	0 12416
	5664 12416
	5664 12448
	0 12448
4
	8704 12416
	11744 12416
	11744 12448
	8704 12448
4
	12224 12416
	13632 12416
	13632 12448
	12224 12448
4
	14144 12416
	16384 12416
	16384 12448
	14144 12448
4
	0 12448
	5664 12448
	5664 12480
	0 12480
4
	8704 12448
	11744 12448
	11744 12480
	8704 12480
4
	12224 12448
	13632 12448
	13632 12480
	12224 12480
4
	14144 12448
	16384 12448
	16384 12480
	14144 12480
4
	0 12480
	5728 12480
	5728 12512
	0 12512
4
	8704 12480
	11808 12480
	11808 12512
	8704 12512
4
	12288 12480
	13568 12480
	13568 12512
	12288 12512
4
	14080 12480
	16384 12480
	16384 12512
	14080 12512
4
	0 12512
	5728 12512
	5728 12544
	0 12544
4
	8704 12512
	11808 12512
	11808 12544
	8704 12544
4
	12288 12512
	13568 12512
	13568 12544
	12288 12544
4
	14080 12512
	16384 12512
	16384 12544
	14080 12544
4
	0 12544
	5664 12544
	5664 12576
	0 12576
4
	8704 12544
	11872 12544
	11872 12576
	8704 12576
4
	12384 12544
	13568 12544
	13568 12576
	12384 12576
4
	13920 12544
	16384 12544
	16384 12576
	13920 12576
4
	0 12576
	5664 12576
	5664 12608
	0 12608
4
	8704 12576
	11872 12576
	11872 12608
	8704 12608
4
	12384 12576
	13568 12576
	13568 12608
	12384 12608
4
	13920 12576
	16384 12576
	16384 12608
	13920 12608
4
	0 12608
	5664 12608
	5664 12640
	0 12640
4
	8640 12608
	11936 12608
	11936 12640
	8640 12640
4
	12448 12608
	12736 12608
	12736 12640
	12448 12640
4
	13440 12608
	13568 12608
	13568 12640
	13440 12640
4
	13856 12608
	16384 12608
	16384 12640
	13856 12640
4
	0 12640
	5664 12640
	5664 12672
	0 12672
4
	8640 12640
	11936 12640
	11936 12672
	8640 12672
4
	12448 12640
	12736 12640
	12736 12672
	12448 12672
4
	13440 12640
	13568 12640
	13568 12672
	13440 12672
4
	13856 12640
	16384 12640
	16384 12672
	13856 12672
4
	0 12672
	5664 12672
	5664 12704
	0 12704
4
	8640 12672
	12032 12672
	12032 12704
	8640 12704
4
	12448 12672
	12512 12672
	12512 12704
	12448 12704
4
	13856 12672
	16384 12672
	16384 12704
	13856 12704
4
	0 12704
	5664 12704
	5664 12736
	0 12736
4
	8640 12704
	12032 12704
	12032 12736
	8640 12736
4
	12448 12704
	12512 12704
	12512 12736
	12448 12736
4
	13856 12704
	16384 12704
	16384 12736
	13856 12736
4
	0 12736
	5664 12736
	5664 12768
	0 12768
4
	8640 12736
	12160 12736
	12160 12768
	8640 12768
4
	13856 12736
	16384 12736
	16384 12768
	13856 12768
4
	0 12768
	5664 12768
	5664 12800
	0 12800
4
	8640 12768
	12160 12768
	12160 12800
	8640 12800
4
	13856 12768
	16384 12768
	16384 12800
	13856 12800
4
	0 12800
	5664 12800
	5664 12832
	0 12832
4
	8576 12800
	12160 12800
	12160 12832
	8576 12832
4
	13792 12800
	16384 12800
	16384 12832
	13792 12832
4
	0 12832
	5664 12832
	5664 12864
	0 12864
4
	8576 12832
	12224 12832
	12224 12864
	8576 12864
4
	13856 12832
	16384 12832
	16384 12864
	13856 12864
4
	0 12864
	5664 12864
	5664 12896
	0 12896
4
	8576 12864
	12224 12864
	12224 12896
	8576 12896
4
	13856 12864
	16384 12864
	16384 12896
	13856 12896
4
	0 12896
	5664 12896
	5664 12928
	0 12928
4
	8576 12896
	12224 12896
	12224 12928
	8576 12928
4
	13920 12896
	16384 12896
	16384 12928
	13920 12928
4
	0 12928
	5664 12928
	5664 12960
	0 12960
4
	8576 12928
	12224 12928
	12224 12960
	8576 12960
4
	13920 12928
	16384 12928
	16384 12960
	13920 12960
4
	0 12960
	5664 12960
	5664 12992
	0 12992
4
	8480 12960
	12096 12960
	12096 12992
	8480 12992
4
	13984 12960
	16384 12960
	16384 12992
	13984 12992
4
	0 12992
	5664 12992
	5664 13024
	0 13024
4
	8480 12992
	12096 12992
	12096 13024
	8480 13024
4
	13984 12992
	16384 12992
	16384 13024
	13984 13024
4
	0 13024
	5536 13024
	5536 13056
	0 13056
4
	8480 13024
	12032 13024
	12032 13056
	8480 13056
4
	14080 13024
	16384 13024
	16384 13056
	14080 13056
4
	0 13056
	5536 13056
	5536 13088
	0 13088
4
	8480 13056
	12032 13056
	12032 13088
	8480 13088
4
	14080 13056
	16384 13056
	16384 13088
	14080 13088
4
	0 13088
	5440 13088
	5440 13120
	0 13120
4
	8480 13088
	12032 13088
	12032 13120
	8480 13120
4
	14080 13088
	16384 13088
	16384 13120
	14080 13120
4
	0 13120
	5440 13120
	5440 13152
	0 13152
4
	8480 13120
	12032 13120
	12032 13152
	8480 13152
4
	14080 13120
	16384 13120
	16384 13152
	14080 13152
4
	0 13152
	5376 13152
	5376 13184
	0 13184
4
	8416 13152
	12032 13152
	12032 13184
	8416 13184
4
	14144 13152
	16384 13152
	16384 13184
	14144 13184
4
	0 13184
	5376 13184
	5376 13216
	0 13216
4
	8416 13184
	12032 13184
	12032 13216
	8416 13216
4
	14144 13184
	16384 13184
	16384 13216
	14144 13216
4
	0 13216
	5312 13216
	5312 13248
	0 13248
4
	8352 13216
	11936 13216
	11936 13248
	8352 13248
4
	14144 13216
	16384 13216
	16384 13248
	14144 13248
4
	0 13248
	5312 13248
	5312 13280
	0 13280
4
	8352 13248
	11936 13248
	11936 13280
	8352 13280
4
	14144 13248
	16384 13248
	16384 13280
	14144 13280
4
	0 13280
	5184 13280
	5184 13312
	0 13312
4
	8352 13280
	11936 13280
	11936 13312
	8352 13312
4
	14208 13280
	16384 13280
	16384 13312
	14208 13312
4
	0 13312
	5024 13312
	5024 13344
	0 13344
4
	5792 13312
	5888 13312
	5888 13344
	5792 13344
4
	6240 13312
	6304 13312
	6304 13344
	6240 13344
4
	8288 13312
	11936 13312
	11936 13344
	8288 13344
4
	14208 13312
	16384 13312
	16384 13344
	14208 13344
4
	0 13344
	5024 13344
	5024 13376
	0 13376
4
	5792 13344
	5888 13344
	5888 13376
	5792 13376
4
	6240 13344
	6304 13344
	6304 13376
	6240 13376
4
	8288 13344
	11936 13344
	11936 13376
	8288 13376
4
	14208 13344
	16384 13344
	16384 13376
	14208 13376
4
	0 13376
	4736 13376
	4736 13408
	0 13408
4
	5792 13376
	5888 13376
	5888 13408
	5792 13408
4
	6240 13376
	6304 13376
	6304 13408
	6240 13408
4
	8192 13376
	11936 13376
	11936 13408
	8192 13408
4
	14208 13376
	16384 13376
	16384 13408
	14208 13408
4
	0 13408
	4736 13408
	4736 13440
	0 13440
4
	5792 13408
	5888 13408
	5888 13440
	5792 13440
4
	6240 13408
	6304 13408
	6304 13440
	6240 13440
4
	8192 13408
	11936 13408
	11936 13440
	8192 13440
4
	14208 13408
	16384 13408
	16384 13440
	14208 13440
4
	0 13440
	4608 13440
	4608 13472
	0 13472
4
	5728 13440
	5888 13440
	5888 13472
	5728 13472
4
	6240 13440
	6304 13440
	6304 13472
	6240 13472
4
	8064 13440
	11936 13440
	11936 13472
	8064 13472
4
	14208 13440
	16384 13440
	16384 13472
	14208 13472
4
	0 13472
	4608 13472
	4608 13504
	0 13504
4
	5728 13472
	5888 13472
	5888 13504
	5728 13504
4
	6240 13472
	6304 13472
	6304 13504
	6240 13504
4
	8064 13472
	11936 13472
	11936 13504
	8064 13504
4
	14208 13472
	16384 13472
	16384 13504
	14208 13504
4
	0 13504
	4544 13504
	4544 13536
	0 13536
4
	5728 13504
	5888 13504
	5888 13536
	5728 13536
4
	6240 13504
	6368 13504
	6368 13536
	6240 13536
4
	8000 13504
	11936 13504
	11936 13536
	8000 13536
4
	14208 13504
	16384 13504
	16384 13536
	14208 13536
4
	0 13536
	4544 13536
	4544 13568
	0 13568
4
	5728 13536
	5888 13536
	5888 13568
	5728 13568
4
	6240 13536
	6368 13536
	6368 13568
	6240 13568
4
	8000 13536
	11936 13536
	11936 13568
	8000 13568
4
	14208 13536
	16384 13536
	16384 13568
	14208 13568
4
	0 13568
	4544 13568
	4544 13600
	0 13600
4
	5728 13568
	5888 13568
	5888 13600
	5728 13600
4
	6240 13568
	6432 13568
	6432 13600
	6240 13600
4
	7936 13568
	11936 13568
	11936 13600
	7936 13600
4
	14208 13568
	16384 13568
	16384 13600
	14208 13600
4
	0 13600
	4544 13600
	4544 13632
	0 13632
4
	5728 13600
	5888 13600
	5888 13632
	5728 13632
4
	6240 13600
	6432 13600
	6432 13632
	6240 13632
4
	7936 13600
	11936 13600
	11936 13632
	7936 13632
4
	14208 13600
	16384 13600
	16384 13632
	14208 13632
4
	0 13632
	4480 13632
	4480 13664
	0 13664
4
	5728 13632
	5888 13632
	5888 13664
	5728 13664
4
	6240 13632
	6432 13632
	6432 13664
	6240 13664
4
	7776 13632
	11936 13632
	11936 13664
	7776 13664
4
	14208 13632
	16384 13632
	16384 13664
	14208 13664
4
	0 13664
	4480 13664
	4480 13696
	0 13696
4
	5728 13664
	5888 13664
	5888 13696
	5728 13696
4
	6240 13664
	6432 13664
	6432 13696
	6240 13696
4
	7776 13664
	11936 13664
	11936 13696
	7776 13696
4
	14208 13664
	16384 13664
	16384 13696
	14208 13696
4
	0 13696
	4384 13696
	4384 13728
	0 13728
4
	5728 13696
	5888 13696
	5888 13728
	5728 13728
4
	6240 13696
	6432 13696
	6432 13728
	6240 13728
4
	7648 13696
	11872 13696
	11872 13728
	7648 13728
4
	14208 13696
	16384 13696
	16384 13728
	14208 13728
4
	0 13728
	4384 13728
	4384 13760
	0 13760
4
	5728 13728
	5888 13728
	5888 13760
	5728 13760
4
	6240 13728
	6432 13728
	6432 13760
	6240 13760
4
	7648 13728
	11872 13728
	11872 13760
	7648 13760
4
	14208 13728
	16384 13728
	16384 13760
	14208 13760
4
	0 13760
	4384 13760
	4384 13792
	0 13792
4
	5728 13760
	6432 13760
	6432 13792
	5728 13792
4
	7232 13760
	11744 13760
	11744 13792
	7232 13792
4
	14208 13760
	16384 13760
	16384 13792
	14208 13792
4
	0 13792
	4384 13792
	4384 13824
	0 13824
4
	5728 13792
	6432 13792
	6432 13824
	5728 13824
4
	7232 13792
	11744 13792
	11744 13824
	7232 13824
4
	14208 13792
	16384 13792
	16384 13824
	14208 13824
4
	0 13824
	4384 13824
	4384 13856
	0 13856
4
	5664 13824
	6432 13824
	6432 13856
	5664 13856
4
	6656 13824
	10336 13824
	10336 13856
	6656 13856
4
	10528 13824
	11520 13824
	11520 13856
	10528 13856
4
	14208 13824
	16384 13824
	16384 13856
	14208 13856
4
	0 13856
	4384 13856
	4384 13888
	0 13888
4
	5664 13856
	10048 13856
	10048 13888
	5664 13888
4
	10528 13856
	11392 13856
	11392 13888
	10528 13888
4
	14208 13856
	16384 13856
	16384 13888
	14208 13888
4
	0 13888
	4384 13888
	4384 13920
	0 13920
4
	5664 13888
	10048 13888
	10048 13920
	5664 13920
4
	10528 13888
	11392 13888
	11392 13920
	10528 13920
4
	14208 13888
	16384 13888
	16384 13920
	14208 13920
4
	0 13920
	4384 13920
	4384 13952
	0 13952
4
	5536 13920
	10048 13920
	10048 13952
	5536 13952
4
	10400 13920
	11040 13920
	11040 13952
	10400 13952
4
	11872 13920
	12032 13920
	12032 13952
	11872 13952
4
	14144 13920
	16384 13920
	16384 13952
	14144 13952
4
	0 13952
	4384 13952
	4384 13984
	0 13984
4
	5536 13952
	10048 13952
	10048 13984
	5536 13984
4
	10400 13952
	11040 13952
	11040 13984
	10400 13984
4
	11872 13952
	12032 13952
	12032 13984
	11872 13984
4
	14144 13952
	16384 13952
	16384 13984
	14144 13984
4
	0 13984
	4384 13984
	4384 14016
	0 14016
4
	5376 13984
	9344 13984
	9344 14016
	5376 14016
4
	9408 13984
	9824 13984
	9824 14016
	9408 14016
4
	10400 13984
	10880 13984
	10880 14016
	10400 14016
4
	11872 13984
	12096 13984
	12096 14016
	11872 14016
4
	14144 13984
	16384 13984
	16384 14016
	14144 14016
4
	0 14016
	4384 14016
	4384 14048
	0 14048
4
	5376 14016
	9344 14016
	9344 14048
	5376 14048
4
	9408 14016
	9824 14016
	9824 14048
	9408 14048
4
	10400 14016
	10880 14016
	10880 14048
	10400 14048
4
	11872 14016
	12096 14016
	12096 14048
	11872 14048
4
	14144 14016
	16384 14016
	16384 14048
	14144 14048
4
	0 14048
	4384 14048
	4384 14080
	0 14080
4
	5376 14048
	9280 14048
	9280 14080
	5376 14080
4
	9408 14048
	9760 14048
	9760 14080
	9408 14080
4
	10464 14048
	10816 14048
	10816 14080
	10464 14080
4
	11808 14048
	12160 14048
	12160 14080
	11808 14080
4
	14080 14048
	16384 14048
	16384 14080
	14080 14080
4
	0 14080
	4384 14080
	4384 14112
	0 14112
4
	5376 14080
	9280 14080
	9280 14112
	5376 14112
4
	9408 14080
	9760 14080
	9760 14112
	9408 14112
4
	10464 14080
	10816 14080
	10816 14112
	10464 14112
4
	11808 14080
	12160 14080
	12160 14112
	11808 14112
4
	14080 14080
	16384 14080
	16384 14112
	14080 14112
4
	0 14112
	4320 14112
	4320 14144
	0 14144
4
	5312 14112
	9280 14112
	9280 14144
	5312 14144
4
	9408 14112
	9696 14112
	9696 14144
	9408 14144
4
	11168 14112
	11328 14112
	11328 14144
	11168 14144
4
	11680 14112
	12224 14112
	12224 14144
	11680 14144
4
	13984 14112
	16384 14112
	16384 14144
	13984 14144
4
	0 14144
	4320 14144
	4320 14176
	0 14176
4
	5312 14144
	9280 14144
	9280 14176
	5312 14176
4
	9408 14144
	9696 14144
	9696 14176
	9408 14176
4
	11168 14144
	11328 14144
	11328 14176
	11168 14176
4
	11680 14144
	12224 14144
	12224 14176
	11680 14176
4
	13984 14144
	16384 14144
	16384 14176
	13984 14176
4
	0 14176
	4320 14176
	4320 14208
	0 14208
4
	5248 14176
	9120 14176
	9120 14208
	5248 14208
4
	9408 14176
	9696 14176
	9696 14208
	9408 14208
4
	11168 14176
	11328 14176
	11328 14208
	11168 14208
4
	11456 14176
	12288 14176
	12288 14208
	11456 14208
4
	13984 14176
	16384 14176
	16384 14208
	13984 14208
4
	0 14208
	4320 14208
	4320 14240
	0 14240
4
	5248 14208
	9120 14208
	9120 14240
	5248 14240
4
	9408 14208
	9696 14208
	9696 14240
	9408 14240
4
	11168 14208
	11328 14208
	11328 14240
	11168 14240
4
	11456 14208
	12288 14208
	12288 14240
	11456 14240
4
	13984 14208
	16384 14208
	16384 14240
	13984 14240
4
	0 14240
	4384 14240
	4384 14272
	0 14272
4
	5184 14240
	9120 14240
	9120 14272
	5184 14272
4
	9408 14240
	9632 14240
	9632 14272
	9408 14272
4
	11104 14240
	12384 14240
	12384 14272
	11104 14272
4
	14080 14240
	16384 14240
	16384 14272
	14080 14272
4
	0 14272
	4384 14272
	4384 14304
	0 14304
4
	5184 14272
	9120 14272
	9120 14304
	5184 14304
4
	9408 14272
	9632 14272
	9632 14304
	9408 14304
4
	11104 14272
	12384 14272
	12384 14304
	11104 14304
4
	14080 14272
	16384 14272
	16384 14304
	14080 14304
4
	0 14304
	4480 14304
	4480 14336
	0 14336
4
	5088 14304
	9120 14304
	9120 14336
	5088 14336
4
	9408 14304
	9632 14304
	9632 14336
	9408 14336
4
	11168 14304
	12448 14304
	12448 14336
	11168 14336
4
	13728 14304
	13792 14304
	13792 14336
	13728 14336
4
	14144 14304
	16384 14304
	16384 14336
	14144 14336
4
	0 14336
	4544 14336
	4544 14368
	0 14368
4
	5024 14336
	9184 14336
	9184 14368
	5024 14368
4
	9408 14336
	9632 14336
	9632 14368
	9408 14368
4
	11168 14336
	12672 14336
	12672 14368
	11168 14368
4
	13568 14336
	13792 14336
	13792 14368
	13568 14368
4
	14208 14336
	16384 14336
	16384 14368
	14208 14368
4
	0 14368
	4544 14368
	4544 14400
	0 14400
4
	5024 14368
	9184 14368
	9184 14400
	5024 14400
4
	9408 14368
	9632 14368
	9632 14400
	9408 14400
4
	11168 14368
	12672 14368
	12672 14400
	11168 14400
4
	13568 14368
	13792 14368
	13792 14400
	13568 14400
4
	14208 14368
	16384 14368
	16384 14400
	14208 14400
4
	0 14400
	9184 14400
	9184 14432
	0 14432
4
	11168 14400
	13856 14400
	13856 14432
	11168 14432
4
	14272 14400
	16384 14400
	16384 14432
	14272 14432
4
	0 14432
	9184 14432
	9184 14464
	0 14464
4
	11168 14432
	13856 14432
	13856 14464
	11168 14464
4
	14272 14432
	16384 14432
	16384 14464
	14272 14464
4
	0 14464
	9184 14464
	9184 14496
	0 14496
4
	10880 14464
	11040 14464
	11040 14496
	10880 14496
4
	11168 14464
	13856 14464
	13856 14496
	11168 14496
4
	14336 14464
	16384 14464
	16384 14496
	14336 14496
4
	0 14496
	9184 14496
	9184 14528
	0 14528
4
	10880 14496
	11040 14496
	11040 14528
	10880 14528
4
	11168 14496
	13856 14496
	13856 14528
	11168 14528
4
	14336 14496
	16384 14496
	16384 14528
	14336 14528
4
	0 14528
	9184 14528
	9184 14560
	0 14560
4
	10816 14528
	11040 14528
	11040 14560
	10816 14560
4
	11168 14528
	13920 14528
	13920 14560
	11168 14560
4
	14432 14528
	16384 14528
	16384 14560
	14432 14560
4
	0 14560
	9184 14560
	9184 14592
	0 14592
4
	10816 14560
	11040 14560
	11040 14592
	10816 14592
4
	11168 14560
	13920 14560
	13920 14592
	11168 14592
4
	14432 14560
	16384 14560
	16384 14592
	14432 14592
4
	0 14592
	9184 14592
	9184 14624
	0 14624
4
	10816 14592
	11040 14592
	11040 14624
	10816 14624
4
	11168 14592
	13984 14592
	13984 14624
	11168 14624
4
	14496 14592
	16384 14592
	16384 14624
	14496 14624
4
	0 14624
	9184 14624
	9184 14656
	0 14656
4
	10816 14624
	11040 14624
	11040 14656
	10816 14656
4
	11168 14624
	13984 14624
	13984 14656
	11168 14656
4
	14496 14624
	16384 14624
	16384 14656
	14496 14656
4
	0 14656
	9280 14656
	9280 14688
	0 14688
4
	9472 14656
	9696 14656
	9696 14688
	9472 14688
4
	10816 14656
	11040 14656
	11040 14688
	10816 14688
4
	11168 14656
	13984 14656
	13984 14688
	11168 14688
4
	14496 14656
	16384 14656
	16384 14688
	14496 14688
4
	0 14688
	9280 14688
	9280 14720
	0 14720
4
	9472 14688
	9696 14688
	9696 14720
	9472 14720
4
	10816 14688
	11040 14688
	11040 14720
	10816 14720
4
	11168 14688
	13984 14688
	13984 14720
	11168 14720
4
	14496 14688
	16384 14688
	16384 14720
	14496 14720
4
	0 14720
	9280 14720
	9280 14752
	0 14752
4
	9472 14720
	9824 14720
	9824 14752
	9472 14752
4
	11168 14720
	14080 14720
	14080 14752
	11168 14752
4
	14560 14720
	16384 14720
	16384 14752
	14560 14752
4
	0 14752
	9280 14752
	9280 14784
	0 14784
4
	9472 14752
	9824 14752
	9824 14784
	9472 14784
4
	11168 14752
	14080 14752
	14080 14784
	11168 14784
4
	14560 14752
	16384 14752
	16384 14784
	14560 14784
4
	0 14784
	9344 14784
	9344 14816
	0 14816
4
	9408 14784
	9888 14784
	9888 14816
	9408 14816
4
	11104 14784
	14144 14784
	14144 14816
	11104 14816
4
	14624 14784
	16384 14784
	16384 14816
	14624 14816
4
	0 14816
	9344 14816
	9344 14848
	0 14848
4
	9408 14816
	9888 14816
	9888 14848
	9408 14848
4
	11104 14816
	14144 14816
	14144 14848
	11104 14848
4
	14624 14816
	16384 14816
	16384 14848
	14624 14848
4
	0 14848
	9888 14848
	9888 14880
	0 14880
4
	11040 14848
	14208 14848
	14208 14880
	11040 14880
4
	14720 14848
	16384 14848
	16384 14880
	14720 14880
4
	0 14880
	9824 14880
	9824 14912
	0 14912
4
	10976 14880
	14208 14880
	14208 14912
	10976 14912
4
	14784 14880
	16384 14880
	16384 14912
	14784 14912
4
	0 14912
	9824 14912
	9824 14944
	0 14944
4
	10976 14912
	14208 14912
	14208 14944
	10976 14944
4
	14784 14912
	16384 14912
	16384 14944
	14784 14944
4
	0 14944
	9760 14944
	9760 14976
	0 14976
4
	10816 14944
	14272 14944
	14272 14976
	10816 14976
4
	14848 14944
	16384 14944
	16384 14976
	14848 14976
4
	0 14976
	9760 14976
	9760 15008
	0 15008
4
	10816 14976
	14272 14976
	14272 15008
	10816 15008
4
	14848 14976
	16384 14976
	16384 15008
	14848 15008
4
	0 15008
	9760 15008
	9760 15040
	0 15040
4
	10688 15008
	14336 15008
	14336 15040
	10688 15040
4
	14912 15008
	16384 15008
	16384 15040
	14912 15040
4
	0 15040
	9760 15040
	9760 15072
	0 15072
4
	10688 15040
	14336 15040
	14336 15072
	10688 15072
4
	14912 15040
	16384 15040
	16384 15072
	14912 15072
4
	0 15072
	9760 15072
	9760 15104
	0 15104
4
	10464 15072
	14432 15072
	14432 15104
	10464 15104
4
	14976 15072
	16384 15072
	16384 15104
	14976 15104
4
	0 15104
	9760 15104
	9760 15136
	0 15136
4
	10464 15104
	14432 15104
	14432 15136
	10464 15136
4
	14976 15104
	16384 15104
	16384 15136
	14976 15136
4
	0 15136
	9888 15136
	9888 15168
	0 15168
4
	10240 15136
	14496 15136
	14496 15168
	10240 15168
4
	15072 15136
	16384 15136
	16384 15168
	15072 15168
4
	0 15168
	9888 15168
	9888 15200
	0 15200
4
	10240 15168
	14496 15168
	14496 15200
	10240 15200
4
	15072 15168
	16384 15168
	16384 15200
	15072 15200
4
	0 15200
	14560 15200
	14560 15232
	0 15232
4
	15072 15200
	16384 15200
	16384 15232
	15072 15232
4
	0 15232
	14560 15232
	14560 15264
	0 15264
4
	15072 15232
	16384 15232
	16384 15264
	15072 15264
4
	0 15264
	14624 15264
	14624 15296
	0 15296
4
	15136 15264
	16384 15264
	16384 15296
	15136 15296
4
	0 15296
	14624 15296
	14624 15328
	0 15328
4
	15136 15296
	16384 15296
	16384 15328
	15136 15328
4
	0 15328
	14720 15328
	14720 15360
	0 15360
4
	15200 15328
	16384 15328
	16384 15360
	15200 15360
4
	0 15360
	14784 15360
	14784 15392
	0 15392
4
	15264 15360
	16384 15360
	16384 15392
	15264 15392
4
	0 15392
	14784 15392
	14784 15424
	0 15424
4
	15264 15392
	16384 15392
	16384 15424
	15264 15424
4
	0 15424
	14784 15424
	14784 15456
	0 15456
4
	15328 15424
	16384 15424
	16384 15456
	15328 15456
4
	0 15456
	14784 15456
	14784 15488
	0 15488
4
	15328 15456
	16384 15456
	16384 15488
	15328 15488
4
	0 15488
	14848 15488
	14848 15520
	0 15520
4
	15424 15488
	16384 15488
	16384 15520
	15424 15520
4
	0 15520
	14848 15520
	14848 15552
	0 15552
4
	15424 15520
	16384 15520
	16384 15552
	15424 15552
4
	0 15552
	14912 15552
	14912 15584
	0 15584
4
	15488 15552
	16384 15552
	16384 15584
	15488 15584
4
	0 15584
	14912 15584
	14912 15616
	0 15616
4
	15488 15584
	16384 15584
	16384 15616
	15488 15616
4
	0 15616
	14976 15616
	14976 15648
	0 15648
4
	15552 15616
	16384 15616
	16384 15648
	15552 15648
4
	0 15648
	14976 15648
	14976 15680
	0 15680
4
	15552 15648
	16384 15648
	16384 15680
	15552 15680
4
	0 15680
	15072 15680
	15072 15712
	0 15712
4
	15616 15680
	16384 15680
	16384 15712
	15616 15712
4
	0 15712
	15072 15712
	15072 15744
	0 15744
4
	15616 15712
	16384 15712
	16384 15744
	15616 15744
4
	0 15744
	15136 15744
	15136 15776
	0 15776
4
	15680 15744
	16384 15744
	16384 15776
	15680 15776
4
	0 15776
	15136 15776
	15136 15808
	0 15808
4
	15680 15776
	16384 15776
	16384 15808
	15680 15808
4
	0 15808
	15200 15808
	15200 15840
	0 15840
4
	15776 15808
	16384 15808
	16384 15840
	15776 15840
4
	0 15840
	15200 15840
	15200 15872
	0 15872
4
	15776 15840
	16384 15840
	16384 15872
	15776 15872
4
	0 15872
	15264 15872
	15264 15904
	0 15904
4
	15776 15872
	16384 15872
	16384 15904
	15776 15904
4
	0 15904
	15328 15904
	15328 15936
	0 15936
4
	15680 15904
	16384 15904
	16384 15936
	15680 15936
4
	0 15936
	15328 15936
	15328 15968
	0 15968
4
	15680 15936
	16384 15936
	16384 15968
	15680 15968
4
	0 15968
	15424 15968
	15424 16000
	0 16000
4
	15616 15968
	16384 15968
	16384 16000
	15616 16000
4
	0 16000
	15424 16000
	15424 16032
	0 16032
4
	15616 16000
	16384 16000
	16384 16032
	15616 16032
4
	0 16032
	15424 16032
	15424 16064
	0 16064
4
	15552 16032
	16384 16032
	16384 16064
	15552 16064
4
	0 16064
	15424 16064
	15424 16096
	0 16096
4
	15552 16064
	16384 16064
	16384 16096
	15552 16096
4
	0 16096
	16384 16096
	16384 16128
	0 16128
4
	0 16128
	16384 16128
	16384 16160
	0 16160
4
	0 16160
	16384 16160
	16384 16192
	0 16192
4
	0 16192
	16384 16192
	16384 16224
	0 16224
4
	0 16224
	16384 16224
	16384 16256
	0 16256
4
	0 16256
	16384 16256
	16384 16288
	0 16288
4
	0 16288
	16384 16288
	16384 16320
	0 16320
4
	0 16320
	16384 16320
	16384 16352
	0 16352
4
	0 16352
	16384 16352
	16384 16384
	0 16384
4
	-32 -32
	16416 -32
	16416 0
	-32 0
4
	-32 16384
	16416 16384
	16416 16416
	-32 16416
4
	-32 0
	0 0
	0 16384
	-32 16384
4
	16384 0
	16416 0
	16416 16384
	16384 16384
