1179
4
	0 0
	16384 0
	16384 32
	0 32
4
	0 32
	16384 32
	16384 64
	0 64
4
	0 64
	16384 64
	16384 96
	0 96
4
	0 96
	16384 96
	16384 128
	0 128
4
	0 128
	16384 128
	16384 160
	0 160
4
	0 160
	16384 160
	16384 192
	0 192
4
	0 192
	5344 192
	5344 224
	0 224
4
	5888 192
	16384 192
	16384 224
	5888 224
4
	0 224
	5344 224
	5344 256
	0 256
4
	5888 224
	16384 224
	16384 256
	5888 256
4
	0 256
	5344 256
	5344 288
	0 288
4
	5888 256
	16384 256
	16384 288
	5888 288
4
	0 288
	5344 288
	5344 320
	0 320
4
	5888 288
	16384 288
	16384 320
	5888 320
4
	0 320
	5344 320
	5344 352
	0 352
4
	5888 320
	16384 320
	16384 352
	5888 352
4
	0 352
	4832 352
	4832 384
	0 384
4
	5888 352
	16384 352
	16384 384
	5888 384
4
	0 384
	4832 384
	4832 416
	0 416
4
	5888 384
	16384 384
	16384 416
	5888 416
4
	0 416
	4832 416
	4832 448
	0 448
4
	5888 416
	16384 416
	16384 448
	5888 448
4
	0 448
	4832 448
	4832 480
	0 480
4
	5888 448
	16384 448
	16384 480
	5888 480
4
	0 480
	4832 480
	4832 512
	0 512
4
	5888 480
	16384 480
	16384 512
	5888 512
4
	0 512
	4832 512
	4832 544
	0 544
4
	6080 512
	16384 512
	16384 544
	6080 544
4
	0 544
	4832 544
	4832 576
	0 576
4
	6080 544
	16384 544
	16384 576
	6080 576
4
	0 576
	4832 576
	4832 608
	0 608
4
	6080 576
	16384 576
	16384 608
	6080 608
4
	0 608
	4832 608
	4832 640
	0 640
4
	6080 608
	16384 608
	16384 640
	6080 640
4
	0 640
	4832 640
	4832 672
	0 672
4
	6080 640
	16384 640
	16384 672
	6080 672
4
	0 672
	4832 672
	4832 704
	0 704
4
	6080 672
	16384 672
	16384 704
	6080 704
4
	0 704
	4992 704
	4992 736
	0 736
4
	6080 704
	16384 704
	16384 736
	6080 736
4
	0 736
	4992 736
	4992 768
	0 768
4
	6080 736
	16384 736
	16384 768
	6080 768
4
	0 768
	4992 768
	4992 800
	0 800
4
	6080 768
	16384 768
	16384 800
	6080 800
4
	0 800
	4992 800
	4992 832
	0 832
4
	6080 800
	16384 800
	16384 832
	6080 832
4
	0 832
	4992 832
	4992 864
	0 864
4
	6080 832
	16384 832
	16384 864
	6080 864
4
	0 864
	4992 864
	4992 896
	0 896
4
	6240 864
	16384 864
	16384 896
	6240 896
4
	0 896
	4992 896
	4992 928
	0 928
4
	6240 896
	16384 896
	16384 928
	6240 928
4
	0 928
	4992 928
	4992 960
	0 960
4
	6240 928
	16384 928
	16384 960
	6240 960
4
	0 960
	4992 960
	4992 992
	0 992
4
	6240 960
	16384 960
	16384 992
	6240 992
4
	0 992
	4992 992
	4992 1024
	0 1024
4
	6240 992
	16384 992
	16384 1024
	6240 1024
4
	0 1024
	5184 1024
	5184 1056
	0 1056
4
	6240 1024
	16384 1024
	16384 1056
	6240 1056
4
	0 1056
	5184 1056
	5184 1088
	0 1088
4
	6240 1056
	16384 1056
	16384 1088
	6240 1088
4
	0 1088
	5184 1088
	5184 1120
	0 1120
4
	6240 1088
	16384 1088
	16384 1120
	6240 1120
4
	0 1120
	5184 1120
	5184 1152
	0 1152
4
	6240 1120
	16384 1120
	16384 1152
	6240 1152
4
	0 1152
	5184 1152
	5184 1184
	0 1184
4
	6240 1152
	16384 1152
	16384 1184
	6240 1184
4
	0 1184
	5184 1184
	5184 1216
	0 1216
4
	6240 1184
	16384 1184
	16384 1216
	6240 1216
4
	0 1216
	5184 1216
	5184 1248
	0 1248
4
	6432 1216
	16384 1216
	16384 1248
	6432 1248
4
	0 1248
	5184 1248
	5184 1280
	0 1280
4
	6432 1248
	16384 1248
	16384 1280
	6432 1280
4
	0 1280
	5184 1280
	5184 1312
	0 1312
4
	6432 1280
	16384 1280
	16384 1312
	6432 1312
4
	0 1312
	5184 1312
	5184 1344
	0 1344
4
	6432 1312
	16384 1312
	16384 1344
	6432 1344
4
	0 1344
	5184 1344
	5184 1376
	0 1376
4
	6432 1344
	16384 1344
	16384 1376
	6432 1376
4
	0 1376
	5344 1376
	5344 1408
	0 1408
4
	6592 1376
	16384 1376
	16384 1408
	6592 1408
4
	0 1408
	5344 1408
	5344 1440
	0 1440
4
	6592 1408
	16384 1408
	16384 1440
	6592 1440
4
	0 1440
	5344 1440
	5344 1472
	0 1472
4
	6592 1440
	16384 1440
	16384 1472
	6592 1472
4
	0 1472
	5344 1472
	5344 1504
	0 1504
4
	6592 1472
	16384 1472
	16384 1504
	6592 1504
4
	0 1504
	5344 1504
	5344 1536
	0 1536
4
	6592 1504
	16384 1504
	16384 1536
	6592 1536
4
	0 1536
	5344 1536
	5344 1568
	0 1568
4
	6592 1536
	16384 1536
	16384 1568
	6592 1568
4
	0 1568
	5344 1568
	5344 1600
	0 1600
4
	6592 1568
	16384 1568
	16384 1600
	6592 1600
4
	0 1600
	5344 1600
	5344 1632
	0 1632
4
	6592 1600
	16384 1600
	16384 1632
	6592 1632
4
	0 1632
	5344 1632
	5344 1664
	0 1664
4
	6592 1632
	16384 1632
	16384 1664
	6592 1664
4
	0 1664
	5344 1664
	5344 1696
	0 1696
4
	6592 1664
	16384 1664
	16384 1696
	6592 1696
4
	0 1696
	5344 1696
	5344 1728
	0 1728
4
	6592 1696
	16384 1696
	16384 1728
	6592 1728
4
	0 1728
	5536 1728
	5536 1760
	0 1760
4
	6784 1728
	16384 1728
	16384 1760
	6784 1760
4
	0 1760
	5536 1760
	5536 1792
	0 1792
4
	6784 1760
	16384 1760
	16384 1792
	6784 1792
4
	0 1792
	5536 1792
	5536 1824
	0 1824
4
	6784 1792
	16384 1792
	16384 1824
	6784 1824
4
	0 1824
	5536 1824
	5536 1856
	0 1856
4
	6784 1824
	16384 1824
	16384 1856
	6784 1856
4
	0 1856
	5536 1856
	5536 1888
	0 1888
4
	6784 1856
	16384 1856
	16384 1888
	6784 1888
4
	0 1888
	5536 1888
	5536 1920
	0 1920
4
	6784 1888
	16384 1888
	16384 1920
	6784 1920
4
	0 1920
	5536 1920
	5536 1952
	0 1952
4
	6784 1920
	16384 1920
	16384 1952
	6784 1952
4
	0 1952
	5536 1952
	5536 1984
	0 1984
4
	6784 1952
	16384 1952
	16384 1984
	6784 1984
4
	0 1984
	5536 1984
	5536 2016
	0 2016
4
	6784 1984
	16384 1984
	16384 2016
	6784 2016
4
	0 2016
	5536 2016
	5536 2048
	0 2048
4
	6784 2016
	16384 2016
	16384 2048
	6784 2048
4
	0 2048
	5728 2048
	5728 2080
	0 2080
4
	6784 2048
	16384 2048
	16384 2080
	6784 2080
4
	0 2080
	5728 2080
	5728 2112
	0 2112
4
	6784 2080
	16384 2080
	16384 2112
	6784 2112
4
	0 2112
	5728 2112
	5728 2144
	0 2144
4
	6784 2112
	16384 2112
	16384 2144
	6784 2144
4
	0 2144
	5728 2144
	5728 2176
	0 2176
4
	6784 2144
	16384 2144
	16384 2176
	6784 2176
4
	0 2176
	5728 2176
	5728 2208
	0 2208
4
	6784 2176
	16384 2176
	16384 2208
	6784 2208
4
	0 2208
	5728 2208
	5728 2240
	0 2240
4
	6784 2208
	16384 2208
	16384 2240
	6784 2240
4
	0 2240
	6080 2240
	6080 2272
	0 2272
4
	6784 2240
	16384 2240
	16384 2272
	6784 2272
4
	0 2272
	6080 2272
	6080 2304
	0 2304
4
	6784 2272
	16384 2272
	16384 2304
	6784 2304
4
	0 2304
	6080 2304
	6080 2336
	0 2336
4
	6784 2304
	16384 2304
	16384 2336
	6784 2336
4
	0 2336
	6080 2336
	6080 2368
	0 2368
4
	6784 2336
	16384 2336
	16384 2368
	6784 2368
4
	0 2368
	6080 2368
	6080 2400
	0 2400
4
	6784 2368
	16384 2368
	16384 2400
	6784 2400
4
	0 2400
	6080 2400
	6080 2432
	0 2432
4
	6784 2400
	16384 2400
	16384 2432
	6784 2432
4
	0 2432
	6080 2432
	6080 2464
	0 2464
4
	6784 2432
	16384 2432
	16384 2464
	6784 2464
4
	0 2464
	6080 2464
	6080 2496
	0 2496
4
	6784 2464
	16384 2464
	16384 2496
	6784 2496
4
	0 2496
	6080 2496
	6080 2528
	0 2528
4
	6784 2496
	16384 2496
	16384 2528
	6784 2528
4
	0 2528
	6080 2528
	6080 2560
	0 2560
4
	6784 2528
	16384 2528
	16384 2560
	6784 2560
4
	0 2560
	6240 2560
	6240 2592
	0 2592
4
	6976 2560
	16384 2560
	16384 2592
	6976 2592
4
	0 2592
	6240 2592
	6240 2624
	0 2624
4
	6976 2592
	16384 2592
	16384 2624
	6976 2624
4
	0 2624
	6240 2624
	6240 2656
	0 2656
4
	6976 2624
	16384 2624
	16384 2656
	6976 2656
4
	0 2656
	6240 2656
	6240 2688
	0 2688
4
	6976 2656
	16384 2656
	16384 2688
	6976 2688
4
	0 2688
	6240 2688
	6240 2720
	0 2720
4
	6976 2688
	16384 2688
	16384 2720
	6976 2720
4
	0 2720
	6240 2720
	6240 2752
	0 2752
4
	6976 2720
	16384 2720
	16384 2752
	6976 2752
4
	0 2752
	6240 2752
	6240 2784
	0 2784
4
	7136 2752
	16384 2752
	16384 2784
	7136 2784
4
	0 2784
	6240 2784
	6240 2816
	0 2816
4
	7136 2784
	16384 2784
	16384 2816
	7136 2816
4
	0 2816
	6240 2816
	6240 2848
	0 2848
4
	7136 2816
	16384 2816
	16384 2848
	7136 2848
4
	0 2848
	6240 2848
	6240 2880
	0 2880
4
	7136 2848
	16384 2848
	16384 2880
	7136 2880
4
	0 2880
	6240 2880
	6240 2912
	0 2912
4
	7136 2880
	16384 2880
	16384 2912
	7136 2912
4
	0 2912
	6240 2912
	6240 2944
	0 2944
4
	7136 2912
	16384 2912
	16384 2944
	7136 2944
4
	0 2944
	6240 2944
	6240 2976
	0 2976
4
	7136 2944
	16384 2944
	16384 2976
	7136 2976
4
	0 2976
	6240 2976
	6240 3008
	0 3008
4
	7136 2976
	16384 2976
	16384 3008
	7136 3008
4
	0 3008
	6240 3008
	6240 3040
	0 3040
4
	7136 3008
	16384 3008
	16384 3040
	7136 3040
4
	0 3040
	6240 3040
	6240 3072
	0 3072
4
	7136 3040
	16384 3040
	16384 3072
	7136 3072
4
	0 3072
	6240 3072
	6240 3104
	0 3104
4
	7136 3072
	16384 3072
	16384 3104
	7136 3104
4
	0 3104
	6240 3104
	6240 3136
	0 3136
4
	7136 3104
	16384 3104
	16384 3136
	7136 3136
4
	0 3136
	6240 3136
	6240 3168
	0 3168
4
	7136 3136
	16384 3136
	16384 3168
	7136 3168
4
	0 3168
	6240 3168
	6240 3200
	0 3200
4
	7136 3168
	16384 3168
	16384 3200
	7136 3200
4
	0 3200
	6240 3200
	6240 3232
	0 3232
4
	7136 3200
	16384 3200
	16384 3232
	7136 3232
4
	0 3232
	6240 3232
	6240 3264
	0 3264
4
	7136 3232
	16384 3232
	16384 3264
	7136 3264
4
	0 3264
	6240 3264
	6240 3296
	0 3296
4
	7136 3264
	16384 3264
	16384 3296
	7136 3296
4
	0 3296
	6240 3296
	6240 3328
	0 3328
4
	7136 3296
	16384 3296
	16384 3328
	7136 3328
4
	0 3328
	6240 3328
	6240 3360
	0 3360
4
	7136 3328
	16384 3328
	16384 3360
	7136 3360
4
	0 3360
	6240 3360
	6240 3392
	0 3392
4
	7136 3360
	16384 3360
	16384 3392
	7136 3392
4
	0 3392
	6240 3392
	6240 3424
	0 3424
4
	7136 3392
	16384 3392
	16384 3424
	7136 3424
4
	0 3424
	6240 3424
	6240 3456
	0 3456
4
	7328 3424
	16384 3424
	16384 3456
	7328 3456
4
	0 3456
	6240 3456
	6240 3488
	0 3488
4
	7328 3456
	16384 3456
	16384 3488
	7328 3488
4
	0 3488
	6240 3488
	6240 3520
	0 3520
4
	7328 3488
	16384 3488
	16384 3520
	7328 3520
4
	0 3520
	6240 3520
	6240 3552
	0 3552
4
	7328 3520
	16384 3520
	16384 3552
	7328 3552
4
	0 3552
	6240 3552
	6240 3584
	0 3584
4
	7328 3552
	16384 3552
	16384 3584
	7328 3584
4
	0 3584
	6432 3584
	6432 3616
	0 3616
4
	7328 3584
	16384 3584
	16384 3616
	7328 3616
4
	0 3616
	6432 3616
	6432 3648
	0 3648
4
	7328 3616
	16384 3616
	16384 3648
	7328 3648
4
	0 3648
	6432 3648
	6432 3680
	0 3680
4
	7328 3648
	16384 3648
	16384 3680
	7328 3680
4
	0 3680
	6432 3680
	6432 3712
	0 3712
4
	7328 3680
	16384 3680
	16384 3712
	7328 3712
4
	0 3712
	6432 3712
	6432 3744
	0 3744
4
	7328 3712
	16384 3712
	16384 3744
	7328 3744
4
	0 3744
	6432 3744
	6432 3776
	0 3776
4
	7328 3744
	16384 3744
	16384 3776
	7328 3776
4
	0 3776
	6432 3776
	6432 3808
	0 3808
4
	7328 3776
	16384 3776
	16384 3808
	7328 3808
4
	0 3808
	6432 3808
	6432 3840
	0 3840
4
	7328 3808
	16384 3808
	16384 3840
	7328 3840
4
	0 3840
	6432 3840
	6432 3872
	0 3872
4
	7328 3840
	16384 3840
	16384 3872
	7328 3872
4
	0 3872
	6432 3872
	6432 3904
	0 3904
4
	7328 3872
	16384 3872
	16384 3904
	7328 3904
4
	0 3904
	6432 3904
	6432 3936
	0 3936
4
	7328 3904
	16384 3904
	16384 3936
	7328 3936
4
	0 3936
	6432 3936
	6432 3968
	0 3968
4
	7328 3936
	16384 3936
	16384 3968
	7328 3968
4
	0 3968
	6432 3968
	6432 4000
	0 4000
4
	7328 3968
	16384 3968
	16384 4000
	7328 4000
4
	0 4000
	6432 4000
	6432 4032
	0 4032
4
	7328 4000
	16384 4000
	16384 4032
	7328 4032
4
	0 4032
	6432 4032
	6432 4064
	0 4064
4
	7328 4032
	16384 4032
	16384 4064
	7328 4064
4
	0 4064
	6432 4064
	6432 4096
	0 4096
4
	7328 4064
	16384 4064
	16384 4096
	7328 4096
4
	0 4096
	6592 4096
	6592 4128
	0 4128
4
	7488 4096
	16384 4096
	16384 4128
	7488 4128
4
	0 4128
	6592 4128
	6592 4160
	0 4160
4
	7488 4128
	16384 4128
	16384 4160
	7488 4160
4
	0 4160
	6592 4160
	6592 4192
	0 4192
4
	7488 4160
	16384 4160
	16384 4192
	7488 4192
4
	0 4192
	6592 4192
	6592 4224
	0 4224
4
	7488 4192
	16384 4192
	16384 4224
	7488 4224
4
	0 4224
	6592 4224
	6592 4256
	0 4256
4
	7488 4224
	16384 4224
	16384 4256
	7488 4256
4
	0 4256
	6592 4256
	6592 4288
	0 4288
4
	7488 4256
	16384 4256
	16384 4288
	7488 4288
4
	0 4288
	6592 4288
	6592 4320
	0 4320
4
	7488 4288
	16384 4288
	16384 4320
	7488 4320
4
	0 4320
	6592 4320
	6592 4352
	0 4352
4
	7488 4320
	16384 4320
	16384 4352
	7488 4352
4
	0 4352
	6592 4352
	6592 4384
	0 4384
4
	7488 4352
	16384 4352
	16384 4384
	7488 4384
4
	0 4384
	6592 4384
	6592 4416
	0 4416
4
	7488 4384
	16384 4384
	16384 4416
	7488 4416
4
	0 4416
	6592 4416
	6592 4448
	0 4448
4
	7488 4416
	16384 4416
	16384 4448
	7488 4448
4
	0 4448
	6592 4448
	6592 4480
	0 4480
4
	7488 4448
	8032 4448
	8032 4480
	7488 4480
4
	9632 4448
	16384 4448
	16384 4480
	9632 4480
4
	0 4480
	6592 4480
	6592 4512
	0 4512
4
	7488 4480
	8032 4480
	8032 4512
	7488 4512
4
	9632 4480
	16384 4480
	16384 4512
	9632 4512
4
	0 4512
	6592 4512
	6592 4544
	0 4544
4
	7488 4512
	8032 4512
	8032 4544
	7488 4544
4
	9632 4512
	16384 4512
	16384 4544
	9632 4544
4
	0 4544
	6592 4544
	6592 4576
	0 4576
4
	7488 4544
	8032 4544
	8032 4576
	7488 4576
4
	9632 4544
	16384 4544
	16384 4576
	9632 4576
4
	0 4576
	6592 4576
	6592 4608
	0 4608
4
	7488 4576
	8032 4576
	8032 4608
	7488 4608
4
	9632 4576
	16384 4576
	16384 4608
	9632 4608
4
	0 4608
	6592 4608
	6592 4640
	0 4640
4
	7680 4608
	8032 4608
	8032 4640
	7680 4640
4
	10176 4608
	16384 4608
	16384 4640
	10176 4640
4
	0 4640
	6592 4640
	6592 4672
	0 4672
4
	7680 4640
	8032 4640
	8032 4672
	7680 4672
4
	10176 4640
	16384 4640
	16384 4672
	10176 4672
4
	0 4672
	6592 4672
	6592 4704
	0 4704
4
	7680 4672
	8032 4672
	8032 4704
	7680 4704
4
	10176 4672
	16384 4672
	16384 4704
	10176 4704
4
	0 4704
	6592 4704
	6592 4736
	0 4736
4
	7680 4704
	8032 4704
	8032 4736
	7680 4736
4
	10176 4704
	16384 4704
	16384 4736
	10176 4736
4
	0 4736
	6592 4736
	6592 4768
	0 4768
4
	7680 4736
	8032 4736
	8032 4768
	7680 4768
4
	10176 4736
	16384 4736
	16384 4768
	10176 4768
4
	0 4768
	6592 4768
	6592 4800
	0 4800
4
	7680 4768
	8032 4768
	8032 4800
	7680 4800
4
	10176 4768
	16384 4768
	16384 4800
	10176 4800
4
	0 4800
	6784 4800
	6784 4832
	0 4832
4
	7680 4800
	7840 4800
	7840 4832
	7680 4832
4
	9984 4800
	16384 4800
	16384 4832
	9984 4832
4
	0 4832
	6784 4832
	6784 4864
	0 4864
4
	7680 4832
	7840 4832
	7840 4864
	7680 4864
4
	9984 4832
	16384 4832
	16384 4864
	9984 4864
4
	0 4864
	6784 4864
	6784 4896
	0 4896
4
	7680 4864
	7840 4864
	7840 4896
	7680 4896
4
	9984 4864
	16384 4864
	16384 4896
	9984 4896
4
	0 4896
	6784 4896
	6784 4928
	0 4928
4
	7680 4896
	7840 4896
	7840 4928
	7680 4928
4
	9984 4896
	16384 4896
	16384 4928
	9984 4928
4
	0 4928
	6784 4928
	6784 4960
	0 4960
4
	7680 4928
	7840 4928
	7840 4960
	7680 4960
4
	9984 4928
	16384 4928
	16384 4960
	9984 4960
4
	0 4960
	5888 4960
	5888 4992
	0 4992
4
	6240 4960
	6784 4960
	6784 4992
	6240 4992
4
	9824 4960
	16384 4960
	16384 4992
	9824 4992
4
	0 4992
	5888 4992
	5888 5024
	0 5024
4
	6240 4992
	6784 4992
	6784 5024
	6240 5024
4
	9824 4992
	16384 4992
	16384 5024
	9824 5024
4
	0 5024
	5888 5024
	5888 5056
	0 5056
4
	6240 5024
	6784 5024
	6784 5056
	6240 5056
4
	9824 5024
	16384 5024
	16384 5056
	9824 5056
4
	0 5056
	5888 5056
	5888 5088
	0 5088
4
	6240 5056
	6784 5056
	6784 5088
	6240 5088
4
	9824 5056
	16384 5056
	16384 5088
	9824 5088
4
	0 5088
	5888 5088
	5888 5120
	0 5120
4
	6240 5088
	6784 5088
	6784 5120
	6240 5120
4
	9824 5088
	16384 5088
	16384 5120
	9824 5120
4
	0 5120
	5728 5120
	5728 5152
	0 5152
4
	6240 5120
	6784 5120
	6784 5152
	6240 5152
4
	9632 5120
	9984 5120
	9984 5152
	9632 5152
4
	10176 5120
	16384 5120
	16384 5152
	10176 5152
4
	0 5152
	5728 5152
	5728 5184
	0 5184
4
	6240 5152
	6784 5152
	6784 5184
	6240 5184
4
	9632 5152
	9984 5152
	9984 5184
	9632 5184
4
	10176 5152
	16384 5152
	16384 5184
	10176 5184
4
	0 5184
	5728 5184
	5728 5216
	0 5216
4
	6240 5184
	6784 5184
	6784 5216
	6240 5216
4
	9632 5184
	9984 5184
	9984 5216
	9632 5216
4
	10176 5184
	16384 5184
	16384 5216
	10176 5216
4
	0 5216
	5728 5216
	5728 5248
	0 5248
4
	6240 5216
	6784 5216
	6784 5248
	6240 5248
4
	9632 5216
	9984 5216
	9984 5248
	9632 5248
4
	10176 5216
	16384 5216
	16384 5248
	10176 5248
4
	0 5248
	5728 5248
	5728 5280
	0 5280
4
	6240 5248
	6784 5248
	6784 5280
	6240 5280
4
	9632 5248
	9984 5248
	9984 5280
	9632 5280
4
	10176 5248
	16384 5248
	16384 5280
	10176 5280
4
	0 5280
	5728 5280
	5728 5312
	0 5312
4
	6240 5280
	6784 5280
	6784 5312
	6240 5312
4
	9632 5280
	9984 5280
	9984 5312
	9632 5312
4
	10176 5280
	16384 5280
	16384 5312
	10176 5312
4
	0 5312
	5536 5312
	5536 5344
	0 5344
4
	6240 5312
	6784 5312
	6784 5344
	6240 5344
4
	9440 5312
	9824 5312
	9824 5344
	9440 5344
4
	10176 5312
	16384 5312
	16384 5344
	10176 5344
4
	0 5344
	5536 5344
	5536 5376
	0 5376
4
	6240 5344
	6784 5344
	6784 5376
	6240 5376
4
	9440 5344
	9824 5344
	9824 5376
	9440 5376
4
	10176 5344
	16384 5344
	16384 5376
	10176 5376
4
	0 5376
	5536 5376
	5536 5408
	0 5408
4
	6240 5376
	6784 5376
	6784 5408
	6240 5408
4
	9440 5376
	9824 5376
	9824 5408
	9440 5408
4
	10176 5376
	16384 5376
	16384 5408
	10176 5408
4
	0 5408
	5536 5408
	5536 5440
	0 5440
4
	6240 5408
	6784 5408
	6784 5440
	6240 5440
4
	9440 5408
	9824 5408
	9824 5440
	9440 5440
4
	10176 5408
	16384 5408
	16384 5440
	10176 5440
4
	0 5440
	5536 5440
	5536 5472
	0 5472
4
	6240 5440
	6784 5440
	6784 5472
	6240 5472
4
	9440 5440
	9824 5440
	9824 5472
	9440 5472
4
	10176 5440
	16384 5440
	16384 5472
	10176 5472
4
	0 5472
	5344 5472
	5344 5504
	0 5504
4
	9280 5472
	9632 5472
	9632 5504
	9280 5504
4
	10176 5472
	16384 5472
	16384 5504
	10176 5504
4
	0 5504
	5344 5504
	5344 5536
	0 5536
4
	9280 5504
	9632 5504
	9632 5536
	9280 5536
4
	10176 5504
	16384 5504
	16384 5536
	10176 5536
4
	0 5536
	5344 5536
	5344 5568
	0 5568
4
	9280 5536
	9632 5536
	9632 5568
	9280 5568
4
	10176 5536
	16384 5536
	16384 5568
	10176 5568
4
	0 5568
	5344 5568
	5344 5600
	0 5600
4
	9280 5568
	9632 5568
	9632 5600
	9280 5600
4
	10176 5568
	16384 5568
	16384 5600
	10176 5600
4
	0 5600
	5344 5600
	5344 5632
	0 5632
4
	9280 5600
	9632 5600
	9632 5632
	9280 5632
4
	10176 5600
	16384 5600
	16384 5632
	10176 5632
4
	0 5632
	5184 5632
	5184 5664
	0 5664
4
	9280 5632
	9632 5632
	9632 5664
	9280 5664
4
	10176 5632
	16384 5632
	16384 5664
	10176 5664
4
	0 5664
	5184 5664
	5184 5696
	0 5696
4
	9280 5664
	9632 5664
	9632 5696
	9280 5696
4
	10176 5664
	16384 5664
	16384 5696
	10176 5696
4
	0 5696
	5184 5696
	5184 5728
	0 5728
4
	9280 5696
	9632 5696
	9632 5728
	9280 5728
4
	10176 5696
	16384 5696
	16384 5728
	10176 5728
4
	0 5728
	5184 5728
	5184 5760
	0 5760
4
	9280 5728
	9632 5728
	9632 5760
	9280 5760
4
	10176 5728
	16384 5728
	16384 5760
	10176 5760
4
	0 5760
	5184 5760
	5184 5792
	0 5792
4
	9280 5760
	9632 5760
	9632 5792
	9280 5792
4
	10176 5760
	16384 5760
	16384 5792
	10176 5792
4
	0 5792
	5184 5792
	5184 5824
	0 5824
4
	9280 5792
	9632 5792
	9632 5824
	9280 5824
4
	10176 5792
	16384 5792
	16384 5824
	10176 5824
4
	0 5824
	5184 5824
	5184 5856
	0 5856
4
	9280 5824
	9440 5824
	9440 5856
	9280 5856
4
	10336 5824
	16384 5824
	16384 5856
	10336 5856
4
	0 5856
	5184 5856
	5184 5888
	0 5888
4
	9280 5856
	9440 5856
	9440 5888
	9280 5888
4
	10336 5856
	16384 5856
	16384 5888
	10336 5888
4
	0 5888
	5184 5888
	5184 5920
	0 5920
4
	9280 5888
	9440 5888
	9440 5920
	9280 5920
4
	10336 5888
	16384 5888
	16384 5920
	10336 5920
4
	0 5920
	5184 5920
	5184 5952
	0 5952
4
	9280 5920
	9440 5920
	9440 5952
	9280 5952
4
	10336 5920
	16384 5920
	16384 5952
	10336 5952
4
	0 5952
	5184 5952
	5184 5984
	0 5984
4
	9280 5952
	9440 5952
	9440 5984
	9280 5984
4
	10336 5952
	16384 5952
	16384 5984
	10336 5984
4
	0 5984
	4992 5984
	4992 6016
	0 6016
4
	9088 5984
	9440 5984
	9440 6016
	9088 6016
4
	10336 5984
	16384 5984
	16384 6016
	10336 6016
4
	0 6016
	4992 6016
	4992 6048
	0 6048
4
	9088 6016
	9440 6016
	9440 6048
	9088 6048
4
	10336 6016
	16384 6016
	16384 6048
	10336 6048
4
	0 6048
	4992 6048
	4992 6080
	0 6080
4
	9088 6048
	9440 6048
	9440 6080
	9088 6080
4
	10336 6048
	16384 6048
	16384 6080
	10336 6080
4
	0 6080
	4992 6080
	4992 6112
	0 6112
4
	9088 6080
	9440 6080
	9440 6112
	9088 6112
4
	10336 6080
	16384 6080
	16384 6112
	10336 6112
4
	0 6112
	4992 6112
	4992 6144
	0 6144
4
	9088 6112
	9440 6112
	9440 6144
	9088 6144
4
	10336 6112
	16384 6112
	16384 6144
	10336 6144
4
	0 6144
	4832 6144
	4832 6176
	0 6176
4
	9088 6144
	9280 6144
	9280 6176
	9088 6176
4
	10336 6144
	16384 6144
	16384 6176
	10336 6176
4
	0 6176
	4832 6176
	4832 6208
	0 6208
4
	9088 6176
	9280 6176
	9280 6208
	9088 6208
4
	10336 6176
	16384 6176
	16384 6208
	10336 6208
4
	0 6208
	4832 6208
	4832 6240
	0 6240
4
	9088 6208
	9280 6208
	9280 6240
	9088 6240
4
	10336 6208
	16384 6208
	16384 6240
	10336 6240
4
	0 6240
	4832 6240
	4832 6272
	0 6272
4
	9088 6240
	9280 6240
	9280 6272
	9088 6272
4
	10336 6240
	16384 6240
	16384 6272
	10336 6272
4
	0 6272
	4832 6272
	4832 6304
	0 6304
4
	9088 6272
	9280 6272
	9280 6304
	9088 6304
4
	10336 6272
	16384 6272
	16384 6304
	10336 6304
4
	0 6304
	4832 6304
	4832 6336
	0 6336
4
	9088 6304
	9280 6304
	9280 6336
	9088 6336
4
	10336 6304
	16384 6304
	16384 6336
	10336 6336
4
	0 6336
	4832 6336
	4832 6368
	0 6368
4
	8928 6336
	9280 6336
	9280 6368
	8928 6368
4
	10880 6336
	16384 6336
	16384 6368
	10880 6368
4
	0 6368
	4832 6368
	4832 6400
	0 6400
4
	8928 6368
	9280 6368
	9280 6400
	8928 6400
4
	10880 6368
	16384 6368
	16384 6400
	10880 6400
4
	0 6400
	4832 6400
	4832 6432
	0 6432
4
	8928 6400
	9280 6400
	9280 6432
	8928 6432
4
	10880 6400
	16384 6400
	16384 6432
	10880 6432
4
	0 6432
	4832 6432
	4832 6464
	0 6464
4
	8928 6432
	9280 6432
	9280 6464
	8928 6464
4
	10880 6432
	16384 6432
	16384 6464
	10880 6464
4
	0 6464
	4832 6464
	4832 6496
	0 6496
4
	8928 6464
	9280 6464
	9280 6496
	8928 6496
4
	10880 6464
	16384 6464
	16384 6496
	10880 6496
4
	0 6496
	4640 6496
	4640 6528
	0 6528
4
	8928 6496
	9088 6496
	9088 6528
	8928 6528
4
	11424 6496
	16384 6496
	16384 6528
	11424 6528
4
	0 6528
	4640 6528
	4640 6560
	0 6560
4
	8928 6528
	9088 6528
	9088 6560
	8928 6560
4
	11424 6528
	16384 6528
	16384 6560
	11424 6560
4
	0 6560
	4640 6560
	4640 6592
	0 6592
4
	8928 6560
	9088 6560
	9088 6592
	8928 6592
4
	11424 6560
	16384 6560
	16384 6592
	11424 6592
4
	0 6592
	4640 6592
	4640 6624
	0 6624
4
	8928 6592
	9088 6592
	9088 6624
	8928 6624
4
	11424 6592
	16384 6592
	16384 6624
	11424 6624
4
	0 6624
	4640 6624
	4640 6656
	0 6656
4
	8928 6624
	9088 6624
	9088 6656
	8928 6656
4
	11424 6624
	16384 6624
	16384 6656
	11424 6656
4
	0 6656
	4640 6656
	4640 6688
	0 6688
4
	8736 6656
	9088 6656
	9088 6688
	8736 6688
4
	11232 6656
	16384 6656
	16384 6688
	11232 6688
4
	0 6688
	4640 6688
	4640 6720
	0 6720
4
	8736 6688
	9088 6688
	9088 6720
	8736 6720
4
	11232 6688
	16384 6688
	16384 6720
	11232 6720
4
	0 6720
	4640 6720
	4640 6752
	0 6752
4
	8736 6720
	9088 6720
	9088 6752
	8736 6752
4
	11232 6720
	16384 6720
	16384 6752
	11232 6752
4
	0 6752
	4640 6752
	4640 6784
	0 6784
4
	8736 6752
	9088 6752
	9088 6784
	8736 6784
4
	11232 6752
	16384 6752
	16384 6784
	11232 6784
4
	0 6784
	4640 6784
	4640 6816
	0 6816
4
	8736 6784
	9088 6784
	9088 6816
	8736 6816
4
	11232 6784
	16384 6784
	16384 6816
	11232 6816
4
	0 6816
	4640 6816
	4640 6848
	0 6848
4
	8736 6816
	9088 6816
	9088 6848
	8736 6848
4
	11232 6816
	16384 6816
	16384 6848
	11232 6848
4
	0 6848
	4640 6848
	4640 6880
	0 6880
4
	8576 6848
	8928 6848
	8928 6880
	8576 6880
4
	10880 6848
	16384 6848
	16384 6880
	10880 6880
4
	0 6880
	4640 6880
	4640 6912
	0 6912
4
	8576 6880
	8928 6880
	8928 6912
	8576 6912
4
	10880 6880
	16384 6880
	16384 6912
	10880 6912
4
	0 6912
	4640 6912
	4640 6944
	0 6944
4
	8576 6912
	8928 6912
	8928 6944
	8576 6944
4
	10880 6912
	16384 6912
	16384 6944
	10880 6944
4
	0 6944
	4640 6944
	4640 6976
	0 6976
4
	8576 6944
	8928 6944
	8928 6976
	8576 6976
4
	10880 6944
	16384 6944
	16384 6976
	10880 6976
4
	0 6976
	4640 6976
	4640 7008
	0 7008
4
	8576 6976
	8928 6976
	8928 7008
	8576 7008
4
	10880 6976
	16384 6976
	16384 7008
	10880 7008
4
	0 7008
	4480 7008
	4480 7040
	0 7040
4
	8576 7008
	8736 7008
	8736 7040
	8576 7040
4
	9984 7008
	16384 7008
	16384 7040
	9984 7040
4
	0 7040
	4480 7040
	4480 7072
	0 7072
4
	8576 7040
	8736 7040
	8736 7072
	8576 7072
4
	9984 7040
	16384 7040
	16384 7072
	9984 7072
4
	0 7072
	4480 7072
	4480 7104
	0 7104
4
	8576 7072
	8736 7072
	8736 7104
	8576 7104
4
	9984 7072
	16384 7072
	16384 7104
	9984 7104
4
	0 7104
	4480 7104
	4480 7136
	0 7136
4
	8576 7104
	8736 7104
	8736 7136
	8576 7136
4
	9984 7104
	16384 7104
	16384 7136
	9984 7136
4
	0 7136
	4480 7136
	4480 7168
	0 7168
4
	8576 7136
	8736 7136
	8736 7168
	8576 7168
4
	9984 7136
	16384 7136
	16384 7168
	9984 7168
4
	0 7168
	1248 7168
	1248 7200
	0 7200
4
	3584 7168
	4480 7168
	4480 7200
	3584 7200
4
	8384 7168
	8736 7168
	8736 7200
	8384 7200
4
	9984 7168
	16384 7168
	16384 7200
	9984 7200
4
	0 7200
	1248 7200
	1248 7232
	0 7232
4
	3584 7200
	4480 7200
	4480 7232
	3584 7232
4
	8384 7200
	8736 7200
	8736 7232
	8384 7232
4
	9984 7200
	16384 7200
	16384 7232
	9984 7232
4
	0 7232
	1248 7232
	1248 7264
	0 7264
4
	3584 7232
	4480 7232
	4480 7264
	3584 7264
4
	8384 7232
	8736 7232
	8736 7264
	8384 7264
4
	9984 7232
	16384 7232
	16384 7264
	9984 7264
4
	0 7264
	1248 7264
	1248 7296
	0 7296
4
	3584 7264
	4480 7264
	4480 7296
	3584 7296
4
	8384 7264
	8736 7264
	8736 7296
	8384 7296
4
	9984 7264
	16384 7264
	16384 7296
	9984 7296
4
	0 7296
	1248 7296
	1248 7328
	0 7328
4
	3584 7296
	4480 7296
	4480 7328
	3584 7328
4
	8384 7296
	8736 7296
	8736 7328
	8384 7328
4
	9984 7296
	16384 7296
	16384 7328
	9984 7328
4
	0 7328
	1248 7328
	1248 7360
	0 7360
4
	3584 7328
	4480 7328
	4480 7360
	3584 7360
4
	8384 7328
	8736 7328
	8736 7360
	8384 7360
4
	9984 7328
	16384 7328
	16384 7360
	9984 7360
4
	0 7360
	384 7360
	384 7392
	0 7392
4
	3936 7360
	4480 7360
	4480 7392
	3936 7392
4
	8192 7360
	8576 7360
	8576 7392
	8192 7392
4
	9824 7360
	16384 7360
	16384 7392
	9824 7392
4
	0 7392
	384 7392
	384 7424
	0 7424
4
	3936 7392
	4480 7392
	4480 7424
	3936 7424
4
	8192 7392
	8576 7392
	8576 7424
	8192 7424
4
	9824 7392
	16384 7392
	16384 7424
	9824 7424
4
	0 7424
	384 7424
	384 7456
	0 7456
4
	3936 7424
	4480 7424
	4480 7456
	3936 7456
4
	8192 7424
	8576 7424
	8576 7456
	8192 7456
4
	9824 7424
	16384 7424
	16384 7456
	9824 7456
4
	0 7456
	384 7456
	384 7488
	0 7488
4
	3936 7456
	4480 7456
	4480 7488
	3936 7488
4
	8192 7456
	8576 7456
	8576 7488
	8192 7488
4
	9824 7456
	16384 7456
	16384 7488
	9824 7488
4
	0 7488
	384 7488
	384 7520
	0 7520
4
	3936 7488
	4480 7488
	4480 7520
	3936 7520
4
	8192 7488
	8576 7488
	8576 7520
	8192 7520
4
	9824 7488
	16384 7488
	16384 7520
	9824 7520
4
	0 7520
	384 7520
	384 7552
	0 7552
4
	4096 7520
	4992 7520
	4992 7552
	4096 7552
4
	8192 7520
	8576 7520
	8576 7552
	8192 7552
4
	9824 7520
	16384 7520
	16384 7552
	9824 7552
4
	0 7552
	384 7552
	384 7584
	0 7584
4
	4096 7552
	4992 7552
	4992 7584
	4096 7584
4
	8192 7552
	8576 7552
	8576 7584
	8192 7584
4
	9824 7552
	16384 7552
	16384 7584
	9824 7584
4
	0 7584
	384 7584
	384 7616
	0 7616
4
	4096 7584
	4992 7584
	4992 7616
	4096 7616
4
	8192 7584
	8576 7584
	8576 7616
	8192 7616
4
	9824 7584
	16384 7584
	16384 7616
	9824 7616
4
	0 7616
	384 7616
	384 7648
	0 7648
4
	4096 7616
	4992 7616
	4992 7648
	4096 7648
4
	8192 7616
	8576 7616
	8576 7648
	8192 7648
4
	9824 7616
	16384 7616
	16384 7648
	9824 7648
4
	0 7648
	384 7648
	384 7680
	0 7680
4
	4096 7648
	4992 7648
	4992 7680
	4096 7680
4
	8192 7648
	8576 7648
	8576 7680
	8192 7680
4
	9824 7648
	16384 7648
	16384 7680
	9824 7680
4
	0 7680
	384 7680
	384 7712
	0 7712
4
	4480 7680
	5184 7680
	5184 7712
	4480 7712
4
	8192 7680
	8384 7680
	8384 7712
	8192 7712
4
	9632 7680
	12832 7680
	12832 7712
	9632 7712
4
	13024 7680
	16384 7680
	16384 7712
	13024 7712
4
	0 7712
	384 7712
	384 7744
	0 7744
4
	4480 7712
	5184 7712
	5184 7744
	4480 7744
4
	8192 7712
	8384 7712
	8384 7744
	8192 7744
4
	9632 7712
	12832 7712
	12832 7744
	9632 7744
4
	13024 7712
	16384 7712
	16384 7744
	13024 7744
4
	0 7744
	384 7744
	384 7776
	0 7776
4
	4480 7744
	5184 7744
	5184 7776
	4480 7776
4
	8192 7744
	8384 7744
	8384 7776
	8192 7776
4
	9632 7744
	12832 7744
	12832 7776
	9632 7776
4
	13024 7744
	16384 7744
	16384 7776
	13024 7776
4
	0 7776
	384 7776
	384 7808
	0 7808
4
	4480 7776
	5184 7776
	5184 7808
	4480 7808
4
	8192 7776
	8384 7776
	8384 7808
	8192 7808
4
	9632 7776
	12832 7776
	12832 7808
	9632 7808
4
	13024 7776
	16384 7776
	16384 7808
	13024 7808
4
	0 7808
	384 7808
	384 7840
	0 7840
4
	4480 7808
	5184 7808
	5184 7840
	4480 7840
4
	8192 7808
	8384 7808
	8384 7840
	8192 7840
4
	9632 7808
	12832 7808
	12832 7840
	9632 7840
4
	13024 7808
	16384 7808
	16384 7840
	13024 7840
4
	0 7840
	384 7840
	384 7872
	0 7872
4
	4480 7840
	5184 7840
	5184 7872
	4480 7872
4
	8192 7840
	8384 7840
	8384 7872
	8192 7872
4
	9632 7840
	12832 7840
	12832 7872
	9632 7872
4
	13024 7840
	16384 7840
	16384 7872
	13024 7872
4
	0 7872
	384 7872
	384 7904
	0 7904
4
	2688 7872
	3232 7872
	3232 7904
	2688 7904
4
	4832 7872
	5184 7872
	5184 7904
	4832 7904
4
	9440 7872
	12480 7872
	12480 7904
	9440 7904
4
	13024 7872
	16384 7872
	16384 7904
	13024 7904
4
	0 7904
	384 7904
	384 7936
	0 7936
4
	2688 7904
	3232 7904
	3232 7936
	2688 7936
4
	4832 7904
	5184 7904
	5184 7936
	4832 7936
4
	9440 7904
	12480 7904
	12480 7936
	9440 7936
4
	13024 7904
	16384 7904
	16384 7936
	13024 7936
4
	0 7936
	384 7936
	384 7968
	0 7968
4
	2688 7936
	3232 7936
	3232 7968
	2688 7968
4
	4832 7936
	5184 7936
	5184 7968
	4832 7968
4
	9440 7936
	12480 7936
	12480 7968
	9440 7968
4
	13024 7936
	16384 7936
	16384 7968
	13024 7968
4
	0 7968
	384 7968
	384 8000
	0 8000
4
	2688 7968
	3232 7968
	3232 8000
	2688 8000
4
	4832 7968
	5184 7968
	5184 8000
	4832 8000
4
	9440 7968
	12480 7968
	12480 8000
	9440 8000
4
	13024 7968
	16384 7968
	16384 8000
	13024 8000
4
	0 8000
	384 8000
	384 8032
	0 8032
4
	2688 8000
	3232 8000
	3232 8032
	2688 8032
4
	4832 8000
	5184 8000
	5184 8032
	4832 8032
4
	9440 8000
	12480 8000
	12480 8032
	9440 8032
4
	13024 8000
	16384 8000
	16384 8032
	13024 8032
4
	0 8032
	384 8032
	384 8064
	0 8064
4
	2688 8032
	3744 8032
	3744 8064
	2688 8064
4
	9440 8032
	12128 8032
	12128 8064
	9440 8064
4
	13024 8032
	16384 8032
	16384 8064
	13024 8064
4
	0 8064
	384 8064
	384 8096
	0 8096
4
	2688 8064
	3744 8064
	3744 8096
	2688 8096
4
	9440 8064
	12128 8064
	12128 8096
	9440 8096
4
	13024 8064
	16384 8064
	16384 8096
	13024 8096
4
	0 8096
	384 8096
	384 8128
	0 8128
4
	2688 8096
	3744 8096
	3744 8128
	2688 8128
4
	9440 8096
	12128 8096
	12128 8128
	9440 8128
4
	13024 8096
	16384 8096
	16384 8128
	13024 8128
4
	0 8128
	384 8128
	384 8160
	0 8160
4
	2688 8128
	3744 8128
	3744 8160
	2688 8160
4
	9440 8128
	12128 8128
	12128 8160
	9440 8160
4
	13024 8128
	16384 8128
	16384 8160
	13024 8160
4
	0 8160
	384 8160
	384 8192
	0 8192
4
	2688 8160
	3744 8160
	3744 8192
	2688 8192
4
	9440 8160
	12128 8160
	12128 8192
	9440 8192
4
	13024 8160
	16384 8160
	16384 8192
	13024 8192
4
	0 8192
	384 8192
	384 8224
	0 8224
4
	896 8192
	4096 8192
	4096 8224
	896 8224
4
	9280 8192
	11776 8192
	11776 8224
	9280 8224
4
	13024 8192
	16384 8192
	16384 8224
	13024 8224
4
	0 8224
	384 8224
	384 8256
	0 8256
4
	896 8224
	4096 8224
	4096 8256
	896 8256
4
	9280 8224
	11776 8224
	11776 8256
	9280 8256
4
	13024 8224
	16384 8224
	16384 8256
	13024 8256
4
	0 8256
	384 8256
	384 8288
	0 8288
4
	896 8256
	4096 8256
	4096 8288
	896 8288
4
	9280 8256
	11776 8256
	11776 8288
	9280 8288
4
	13024 8256
	16384 8256
	16384 8288
	13024 8288
4
	0 8288
	384 8288
	384 8320
	0 8320
4
	896 8288
	4096 8288
	4096 8320
	896 8320
4
	9280 8288
	11776 8288
	11776 8320
	9280 8320
4
	13024 8288
	16384 8288
	16384 8320
	13024 8320
4
	0 8320
	384 8320
	384 8352
	0 8352
4
	896 8320
	4096 8320
	4096 8352
	896 8352
4
	9280 8320
	11776 8320
	11776 8352
	9280 8352
4
	13024 8320
	16384 8320
	16384 8352
	13024 8352
4
	0 8352
	384 8352
	384 8384
	0 8384
4
	896 8352
	4096 8352
	4096 8384
	896 8384
4
	9280 8352
	11776 8352
	11776 8384
	9280 8384
4
	13024 8352
	16384 8352
	16384 8384
	13024 8384
4
	0 8384
	4480 8384
	4480 8416
	0 8416
4
	9280 8384
	9824 8384
	9824 8416
	9280 8416
4
	10176 8384
	11424 8384
	11424 8416
	10176 8416
4
	13024 8384
	16384 8384
	16384 8416
	13024 8416
4
	0 8416
	4480 8416
	4480 8448
	0 8448
4
	9280 8416
	9824 8416
	9824 8448
	9280 8448
4
	10176 8416
	11424 8416
	11424 8448
	10176 8448
4
	13024 8416
	16384 8416
	16384 8448
	13024 8448
4
	0 8448
	4480 8448
	4480 8480
	0 8480
4
	9280 8448
	9824 8448
	9824 8480
	9280 8480
4
	10176 8448
	11424 8448
	11424 8480
	10176 8480
4
	13024 8448
	16384 8448
	16384 8480
	13024 8480
4
	0 8480
	4480 8480
	4480 8512
	0 8512
4
	9280 8480
	9824 8480
	9824 8512
	9280 8512
4
	10176 8480
	11424 8480
	11424 8512
	10176 8512
4
	13024 8480
	16384 8480
	16384 8512
	13024 8512
4
	0 8512
	4480 8512
	4480 8544
	0 8544
4
	9280 8512
	9824 8512
	9824 8544
	9280 8544
4
	10176 8512
	11424 8512
	11424 8544
	10176 8544
4
	13024 8512
	16384 8512
	16384 8544
	13024 8544
4
	0 8544
	4832 8544
	4832 8576
	0 8576
4
	9088 8544
	9632 8544
	9632 8576
	9088 8576
4
	13024 8544
	16384 8544
	16384 8576
	13024 8576
4
	0 8576
	4832 8576
	4832 8608
	0 8608
4
	9088 8576
	9632 8576
	9632 8608
	9088 8608
4
	13024 8576
	16384 8576
	16384 8608
	13024 8608
4
	0 8608
	4832 8608
	4832 8640
	0 8640
4
	9088 8608
	9632 8608
	9632 8640
	9088 8640
4
	13024 8608
	16384 8608
	16384 8640
	13024 8640
4
	0 8640
	4832 8640
	4832 8672
	0 8672
4
	9088 8640
	9632 8640
	9632 8672
	9088 8672
4
	13024 8640
	16384 8640
	16384 8672
	13024 8672
4
	0 8672
	4832 8672
	4832 8704
	0 8704
4
	9088 8672
	9632 8672
	9632 8704
	9088 8704
4
	13024 8672
	16384 8672
	16384 8704
	13024 8704
4
	0 8704
	5184 8704
	5184 8736
	0 8736
4
	8928 8704
	9440 8704
	9440 8736
	8928 8736
4
	13024 8704
	16384 8704
	16384 8736
	13024 8736
4
	0 8736
	5184 8736
	5184 8768
	0 8768
4
	8928 8736
	9440 8736
	9440 8768
	8928 8768
4
	13024 8736
	16384 8736
	16384 8768
	13024 8768
4
	0 8768
	5184 8768
	5184 8800
	0 8800
4
	8928 8768
	9440 8768
	9440 8800
	8928 8800
4
	13024 8768
	16384 8768
	16384 8800
	13024 8800
4
	0 8800
	5184 8800
	5184 8832
	0 8832
4
	8928 8800
	9440 8800
	9440 8832
	8928 8832
4
	13024 8800
	16384 8800
	16384 8832
	13024 8832
4
	0 8832
	5184 8832
	5184 8864
	0 8864
4
	8928 8832
	9440 8832
	9440 8864
	8928 8864
4
	13024 8832
	16384 8832
	16384 8864
	13024 8864
4
	0 8864
	5184 8864
	5184 8896
	0 8896
4
	8928 8864
	9440 8864
	9440 8896
	8928 8896
4
	13024 8864
	16384 8864
	16384 8896
	13024 8896
4
	0 8896
	5344 8896
	5344 8928
	0 8928
4
	13024 8896
	16384 8896
	16384 8928
	13024 8928
4
	0 8928
	5344 8928
	5344 8960
	0 8960
4
	13024 8928
	16384 8928
	16384 8960
	13024 8960
4
	0 8960
	5344 8960
	5344 8992
	0 8992
4
	13024 8960
	16384 8960
	16384 8992
	13024 8992
4
	0 8992
	5344 8992
	5344 9024
	0 9024
4
	13024 8992
	16384 8992
	16384 9024
	13024 9024
4
	0 9024
	5344 9024
	5344 9056
	0 9056
4
	13024 9024
	16384 9024
	16384 9056
	13024 9056
4
	0 9056
	5344 9056
	5344 9088
	0 9088
4
	12832 9056
	16384 9056
	16384 9088
	12832 9088
4
	0 9088
	5344 9088
	5344 9120
	0 9120
4
	12832 9088
	16384 9088
	16384 9120
	12832 9120
4
	0 9120
	5344 9120
	5344 9152
	0 9152
4
	12832 9120
	16384 9120
	16384 9152
	12832 9152
4
	0 9152
	5344 9152
	5344 9184
	0 9184
4
	12832 9152
	16384 9152
	16384 9184
	12832 9184
4
	0 9184
	5344 9184
	5344 9216
	0 9216
4
	12832 9184
	16384 9184
	16384 9216
	12832 9216
4
	0 9216
	4832 9216
	4832 9248
	0 9248
4
	12832 9216
	16384 9216
	16384 9248
	12832 9248
4
	0 9248
	4832 9248
	4832 9280
	0 9280
4
	12832 9248
	16384 9248
	16384 9280
	12832 9280
4
	0 9280
	4832 9280
	4832 9312
	0 9312
4
	12832 9280
	16384 9280
	16384 9312
	12832 9312
4
	0 9312
	4832 9312
	4832 9344
	0 9344
4
	12832 9312
	16384 9312
	16384 9344
	12832 9344
4
	0 9344
	4832 9344
	4832 9376
	0 9376
4
	12832 9344
	16384 9344
	16384 9376
	12832 9376
4
	0 9376
	4832 9376
	4832 9408
	0 9408
4
	12832 9376
	16384 9376
	16384 9408
	12832 9408
4
	0 9408
	4832 9408
	4832 9440
	0 9440
4
	12672 9408
	16384 9408
	16384 9440
	12672 9440
4
	0 9440
	4832 9440
	4832 9472
	0 9472
4
	12672 9440
	16384 9440
	16384 9472
	12672 9472
4
	0 9472
	4832 9472
	4832 9504
	0 9504
4
	12672 9472
	16384 9472
	16384 9504
	12672 9504
4
	0 9504
	4832 9504
	4832 9536
	0 9536
4
	12672 9504
	16384 9504
	16384 9536
	12672 9536
4
	0 9536
	4832 9536
	4832 9568
	0 9568
4
	12672 9536
	16384 9536
	16384 9568
	12672 9568
4
	0 9568
	4992 9568
	4992 9600
	0 9600
4
	12672 9568
	16384 9568
	16384 9600
	12672 9600
4
	0 9600
	4992 9600
	4992 9632
	0 9632
4
	12672 9600
	16384 9600
	16384 9632
	12672 9632
4
	0 9632
	4992 9632
	4992 9664
	0 9664
4
	12672 9632
	16384 9632
	16384 9664
	12672 9664
4
	0 9664
	4992 9664
	4992 9696
	0 9696
4
	12672 9664
	16384 9664
	16384 9696
	12672 9696
4
	0 9696
	4992 9696
	4992 9728
	0 9728
4
	12672 9696
	16384 9696
	16384 9728
	12672 9728
4
	0 9728
	4992 9728
	4992 9760
	0 9760
4
	12672 9728
	16384 9728
	16384 9760
	12672 9760
4
	0 9760
	4992 9760
	4992 9792
	0 9792
4
	12672 9760
	16384 9760
	16384 9792
	12672 9792
4
	0 9792
	4992 9792
	4992 9824
	0 9824
4
	12672 9792
	16384 9792
	16384 9824
	12672 9824
4
	0 9824
	4992 9824
	4992 9856
	0 9856
4
	12672 9824
	16384 9824
	16384 9856
	12672 9856
4
	0 9856
	4992 9856
	4992 9888
	0 9888
4
	12672 9856
	16384 9856
	16384 9888
	12672 9888
4
	0 9888
	4992 9888
	4992 9920
	0 9920
4
	12672 9888
	16384 9888
	16384 9920
	12672 9920
4
	0 9920
	5184 9920
	5184 9952
	0 9952
4
	12672 9920
	16384 9920
	16384 9952
	12672 9952
4
	0 9952
	5184 9952
	5184 9984
	0 9984
4
	12672 9952
	16384 9952
	16384 9984
	12672 9984
4
	0 9984
	5184 9984
	5184 10016
	0 10016
4
	12672 9984
	16384 9984
	16384 10016
	12672 10016
4
	0 10016
	5184 10016
	5184 10048
	0 10048
4
	12672 10016
	16384 10016
	16384 10048
	12672 10048
4
	0 10048
	5184 10048
	5184 10080
	0 10080
4
	12672 10048
	16384 10048
	16384 10080
	12672 10080
4
	0 10080
	5184 10080
	5184 10112
	0 10112
4
	12672 10080
	16384 10080
	16384 10112
	12672 10112
4
	0 10112
	5184 10112
	5184 10144
	0 10144
4
	12672 10112
	16384 10112
	16384 10144
	12672 10144
4
	0 10144
	5184 10144
	5184 10176
	0 10176
4
	12672 10144
	16384 10144
	16384 10176
	12672 10176
4
	0 10176
	5184 10176
	5184 10208
	0 10208
4
	12672 10176
	16384 10176
	16384 10208
	12672 10208
4
	0 10208
	5184 10208
	5184 10240
	0 10240
4
	12672 10208
	16384 10208
	16384 10240
	12672 10240
4
	0 10240
	5344 10240
	5344 10272
	0 10272
4
	13536 10240
	16384 10240
	16384 10272
	13536 10272
4
	0 10272
	5344 10272
	5344 10304
	0 10304
4
	13536 10272
	16384 10272
	16384 10304
	13536 10304
4
	0 10304
	5344 10304
	5344 10336
	0 10336
4
	13536 10304
	16384 10304
	16384 10336
	13536 10336
4
	0 10336
	5344 10336
	5344 10368
	0 10368
4
	13536 10336
	16384 10336
	16384 10368
	13536 10368
4
	0 10368
	5344 10368
	5344 10400
	0 10400
4
	13536 10368
	16384 10368
	16384 10400
	13536 10400
4
	0 10400
	5344 10400
	5344 10432
	0 10432
4
	13536 10400
	16384 10400
	16384 10432
	13536 10432
4
	0 10432
	5536 10432
	5536 10464
	0 10464
4
	13536 10432
	16384 10432
	16384 10464
	13536 10464
4
	0 10464
	5536 10464
	5536 10496
	0 10496
4
	13536 10464
	16384 10464
	16384 10496
	13536 10496
4
	0 10496
	5536 10496
	5536 10528
	0 10528
4
	13536 10496
	16384 10496
	16384 10528
	13536 10528
4
	0 10528
	5536 10528
	5536 10560
	0 10560
4
	13536 10528
	16384 10528
	16384 10560
	13536 10560
4
	0 10560
	5536 10560
	5536 10592
	0 10592
4
	13536 10560
	16384 10560
	16384 10592
	13536 10592
4
	0 10592
	5728 10592
	5728 10624
	0 10624
4
	13376 10592
	16384 10592
	16384 10624
	13376 10624
4
	0 10624
	5728 10624
	5728 10656
	0 10656
4
	13376 10624
	16384 10624
	16384 10656
	13376 10656
4
	0 10656
	5728 10656
	5728 10688
	0 10688
4
	13376 10656
	16384 10656
	16384 10688
	13376 10688
4
	0 10688
	5728 10688
	5728 10720
	0 10720
4
	13376 10688
	16384 10688
	16384 10720
	13376 10720
4
	0 10720
	5728 10720
	5728 10752
	0 10752
4
	13376 10720
	16384 10720
	16384 10752
	13376 10752
4
	0 10752
	5888 10752
	5888 10784
	0 10784
4
	13184 10752
	16384 10752
	16384 10784
	13184 10784
4
	0 10784
	5888 10784
	5888 10816
	0 10816
4
	13184 10784
	16384 10784
	16384 10816
	13184 10816
4
	0 10816
	5888 10816
	5888 10848
	0 10848
4
	13184 10816
	16384 10816
	16384 10848
	13184 10848
4
	0 10848
	5888 10848
	5888 10880
	0 10880
4
	13184 10848
	16384 10848
	16384 10880
	13184 10880
4
	0 10880
	5888 10880
	5888 10912
	0 10912
4
	13184 10880
	16384 10880
	16384 10912
	13184 10912
4
	0 10912
	5888 10912
	5888 10944
	0 10944
4
	13184 10912
	16384 10912
	16384 10944
	13184 10944
4
	0 10944
	6080 10944
	6080 10976
	0 10976
4
	13024 10944
	16384 10944
	16384 10976
	13024 10976
4
	0 10976
	6080 10976
	6080 11008
	0 11008
4
	13024 10976
	16384 10976
	16384 11008
	13024 11008
4
	0 11008
	6080 11008
	6080 11040
	0 11040
4
	13024 11008
	16384 11008
	16384 11040
	13024 11040
4
	0 11040
	6080 11040
	6080 11072
	0 11072
4
	13024 11040
	16384 11040
	16384 11072
	13024 11072
4
	0 11072
	6080 11072
	6080 11104
	0 11104
4
	13024 11072
	16384 11072
	16384 11104
	13024 11104
4
	0 11104
	6240 11104
	6240 11136
	0 11136
4
	12832 11104
	16384 11104
	16384 11136
	12832 11136
4
	0 11136
	6240 11136
	6240 11168
	0 11168
4
	12832 11136
	16384 11136
	16384 11168
	12832 11168
4
	0 11168
	6240 11168
	6240 11200
	0 11200
4
	12832 11168
	16384 11168
	16384 11200
	12832 11200
4
	0 11200
	6240 11200
	6240 11232
	0 11232
4
	12832 11200
	16384 11200
	16384 11232
	12832 11232
4
	0 11232
	6240 11232
	6240 11264
	0 11264
4
	12832 11232
	16384 11232
	16384 11264
	12832 11264
4
	0 11264
	6432 11264
	6432 11296
	0 11296
4
	12672 11264
	16384 11264
	16384 11296
	12672 11296
4
	0 11296
	6432 11296
	6432 11328
	0 11328
4
	12672 11296
	16384 11296
	16384 11328
	12672 11328
4
	0 11328
	6432 11328
	6432 11360
	0 11360
4
	12672 11328
	16384 11328
	16384 11360
	12672 11360
4
	0 11360
	6432 11360
	6432 11392
	0 11392
4
	12672 11360
	16384 11360
	16384 11392
	12672 11392
4
	0 11392
	6432 11392
	6432 11424
	0 11424
4
	12672 11392
	16384 11392
	16384 11424
	12672 11424
4
	0 11424
	6432 11424
	6432 11456
	0 11456
4
	12672 11424
	16384 11424
	16384 11456
	12672 11456
4
	0 11456
	6432 11456
	6432 11488
	0 11488
4
	12480 11456
	16384 11456
	16384 11488
	12480 11488
4
	0 11488
	6432 11488
	6432 11520
	0 11520
4
	12480 11488
	16384 11488
	16384 11520
	12480 11520
4
	0 11520
	6432 11520
	6432 11552
	0 11552
4
	12480 11520
	16384 11520
	16384 11552
	12480 11552
4
	0 11552
	6432 11552
	6432 11584
	0 11584
4
	12480 11552
	16384 11552
	16384 11584
	12480 11584
4
	0 11584
	6432 11584
	6432 11616
	0 11616
4
	12480 11584
	16384 11584
	16384 11616
	12480 11616
4
	0 11616
	6432 11616
	6432 11648
	0 11648
4
	12128 11616
	16384 11616
	16384 11648
	12128 11648
4
	0 11648
	6432 11648
	6432 11680
	0 11680
4
	12128 11648
	16384 11648
	16384 11680
	12128 11680
4
	0 11680
	6432 11680
	6432 11712
	0 11712
4
	12128 11680
	16384 11680
	16384 11712
	12128 11712
4
	0 11712
	6432 11712
	6432 11744
	0 11744
4
	12128 11712
	16384 11712
	16384 11744
	12128 11744
4
	0 11744
	6432 11744
	6432 11776
	0 11776
4
	12128 11744
	16384 11744
	16384 11776
	12128 11776
4
	0 11776
	6592 11776
	6592 11808
	0 11808
4
	11776 11776
	16384 11776
	16384 11808
	11776 11808
4
	0 11808
	6592 11808
	6592 11840
	0 11840
4
	11776 11808
	16384 11808
	16384 11840
	11776 11840
4
	0 11840
	6592 11840
	6592 11872
	0 11872
4
	11776 11840
	16384 11840
	16384 11872
	11776 11872
4
	0 11872
	6592 11872
	6592 11904
	0 11904
4
	11776 11872
	16384 11872
	16384 11904
	11776 11904
4
	0 11904
	6592 11904
	6592 11936
	0 11936
4
	11776 11904
	16384 11904
	16384 11936
	11776 11936
4
	0 11936
	6592 11936
	6592 11968
	0 11968
4
	11776 11936
	16384 11936
	16384 11968
	11776 11968
4
	0 11968
	6784 11968
	6784 12000
	0 12000
4
	11584 11968
	16384 11968
	16384 12000
	11584 12000
4
	0 12000
	6784 12000
	6784 12032
	0 12032
4
	11584 12000
	16384 12000
	16384 12032
	11584 12032
4
	0 12032
	6784 12032
	6784 12064
	0 12064
4
	11584 12032
	16384 12032
	16384 12064
	11584 12064
4
	0 12064
	6784 12064
	6784 12096
	0 12096
4
	11584 12064
	16384 12064
	16384 12096
	11584 12096
4
	0 12096
	6784 12096
	6784 12128
	0 12128
4
	11584 12096
	16384 12096
	16384 12128
	11584 12128
4
	0 12128
	6784 12128
	6784 12160
	0 12160
4
	11072 12128
	16384 12128
	16384 12160
	11072 12160
4
	0 12160
	6784 12160
	6784 12192
	0 12192
4
	11072 12160
	16384 12160
	16384 12192
	11072 12192
4
	0 12192
	6784 12192
	6784 12224
	0 12224
4
	11072 12192
	16384 12192
	16384 12224
	11072 12224
4
	0 12224
	6784 12224
	6784 12256
	0 12256
4
	11072 12224
	16384 12224
	16384 12256
	11072 12256
4
	0 12256
	6784 12256
	6784 12288
	0 12288
4
	11072 12256
	16384 12256
	16384 12288
	11072 12288
4
	0 12288
	6592 12288
	6592 12320
	0 12320
4
	7488 12288
	7840 12288
	7840 12320
	7488 12320
4
	10176 12288
	16384 12288
	16384 12320
	10176 12320
4
	0 12320
	6592 12320
	6592 12352
	0 12352
4
	7488 12320
	7840 12320
	7840 12352
	7488 12352
4
	10176 12320
	16384 12320
	16384 12352
	10176 12352
4
	0 12352
	6592 12352
	6592 12384
	0 12384
4
	7488 12352
	7840 12352
	7840 12384
	7488 12384
4
	10176 12352
	16384 12352
	16384 12384
	10176 12384
4
	0 12384
	6592 12384
	6592 12416
	0 12416
4
	7488 12384
	7840 12384
	7840 12416
	7488 12416
4
	10176 12384
	16384 12384
	16384 12416
	10176 12416
4
	0 12416
	6592 12416
	6592 12448
	0 12448
4
	7488 12416
	7840 12416
	7840 12448
	7488 12448
4
	10176 12416
	16384 12416
	16384 12448
	10176 12448
4
	0 12448
	6592 12448
	6592 12480
	0 12480
4
	7488 12448
	7840 12448
	7840 12480
	7488 12480
4
	10176 12448
	16384 12448
	16384 12480
	10176 12480
4
	0 12480
	6592 12480
	6592 12512
	0 12512
4
	7488 12480
	16384 12480
	16384 12512
	7488 12512
4
	0 12512
	6592 12512
	6592 12544
	0 12544
4
	7488 12512
	16384 12512
	16384 12544
	7488 12544
4
	0 12544
	6592 12544
	6592 12576
	0 12576
4
	7488 12544
	16384 12544
	16384 12576
	7488 12576
4
	0 12576
	6592 12576
	6592 12608
	0 12608
4
	7488 12576
	16384 12576
	16384 12608
	7488 12608
4
	0 12608
	6592 12608
	6592 12640
	0 12640
4
	7488 12608
	16384 12608
	16384 12640
	7488 12640
4
	0 12640
	6592 12640
	6592 12672
	0 12672
4
	7488 12640
	16384 12640
	16384 12672
	7488 12672
4
	0 12672
	6592 12672
	6592 12704
	0 12704
4
	7488 12672
	16384 12672
	16384 12704
	7488 12704
4
	0 12704
	6592 12704
	6592 12736
	0 12736
4
	7488 12704
	16384 12704
	16384 12736
	7488 12736
4
	0 12736
	6592 12736
	6592 12768
	0 12768
4
	7488 12736
	16384 12736
	16384 12768
	7488 12768
4
	0 12768
	6592 12768
	6592 12800
	0 12800
4
	7488 12768
	16384 12768
	16384 12800
	7488 12800
4
	0 12800
	6432 12800
	6432 12832
	0 12832
4
	7488 12800
	16384 12800
	16384 12832
	7488 12832
4
	0 12832
	6432 12832
	6432 12864
	0 12864
4
	7488 12832
	16384 12832
	16384 12864
	7488 12864
4
	0 12864
	6432 12864
	6432 12896
	0 12896
4
	7488 12864
	16384 12864
	16384 12896
	7488 12896
4
	0 12896
	6432 12896
	6432 12928
	0 12928
4
	7488 12896
	16384 12896
	16384 12928
	7488 12928
4
	0 12928
	6432 12928
	6432 12960
	0 12960
4
	7488 12928
	16384 12928
	16384 12960
	7488 12960
4
	0 12960
	6432 12960
	6432 12992
	0 12992
4
	7488 12960
	16384 12960
	16384 12992
	7488 12992
4
	0 12992
	6432 12992
	6432 13024
	0 13024
4
	7488 12992
	16384 12992
	16384 13024
	7488 13024
4
	0 13024
	6432 13024
	6432 13056
	0 13056
4
	7488 13024
	16384 13024
	16384 13056
	7488 13056
4
	0 13056
	6432 13056
	6432 13088
	0 13088
4
	7488 13056
	16384 13056
	16384 13088
	7488 13088
4
	0 13088
	6432 13088
	6432 13120
	0 13120
4
	7488 13088
	16384 13088
	16384 13120
	7488 13120
4
	0 13120
	6432 13120
	6432 13152
	0 13152
4
	7488 13120
	16384 13120
	16384 13152
	7488 13152
4
	0 13152
	6432 13152
	6432 13184
	0 13184
4
	7488 13152
	16384 13152
	16384 13184
	7488 13184
4
	0 13184
	6432 13184
	6432 13216
	0 13216
4
	7488 13184
	16384 13184
	16384 13216
	7488 13216
4
	0 13216
	6432 13216
	6432 13248
	0 13248
4
	7488 13216
	16384 13216
	16384 13248
	7488 13248
4
	0 13248
	6432 13248
	6432 13280
	0 13280
4
	7488 13248
	16384 13248
	16384 13280
	7488 13280
4
	0 13280
	6432 13280
	6432 13312
	0 13312
4
	7488 13280
	16384 13280
	16384 13312
	7488 13312
4
	0 13312
	6240 13312
	6240 13344
	0 13344
4
	7328 13312
	16384 13312
	16384 13344
	7328 13344
4
	0 13344
	6240 13344
	6240 13376
	0 13376
4
	7328 13344
	16384 13344
	16384 13376
	7328 13376
4
	0 13376
	6240 13376
	6240 13408
	0 13408
4
	7328 13376
	16384 13376
	16384 13408
	7328 13408
4
	0 13408
	6240 13408
	6240 13440
	0 13440
4
	7328 13408
	16384 13408
	16384 13440
	7328 13440
4
	0 13440
	6240 13440
	6240 13472
	0 13472
4
	7328 13440
	16384 13440
	16384 13472
	7328 13472
4
	0 13472
	6240 13472
	6240 13504
	0 13504
4
	7328 13472
	16384 13472
	16384 13504
	7328 13504
4
	0 13504
	6240 13504
	6240 13536
	0 13536
4
	7328 13504
	16384 13504
	16384 13536
	7328 13536
4
	0 13536
	6240 13536
	6240 13568
	0 13568
4
	7328 13536
	16384 13536
	16384 13568
	7328 13568
4
	0 13568
	6240 13568
	6240 13600
	0 13600
4
	7328 13568
	16384 13568
	16384 13600
	7328 13600
4
	0 13600
	6240 13600
	6240 13632
	0 13632
4
	7328 13600
	16384 13600
	16384 13632
	7328 13632
4
	0 13632
	6240 13632
	6240 13664
	0 13664
4
	7328 13632
	16384 13632
	16384 13664
	7328 13664
4
	0 13664
	6240 13664
	6240 13696
	0 13696
4
	7328 13664
	16384 13664
	16384 13696
	7328 13696
4
	0 13696
	6240 13696
	6240 13728
	0 13728
4
	7328 13696
	16384 13696
	16384 13728
	7328 13728
4
	0 13728
	6240 13728
	6240 13760
	0 13760
4
	7328 13728
	16384 13728
	16384 13760
	7328 13760
4
	0 13760
	6240 13760
	6240 13792
	0 13792
4
	7328 13760
	16384 13760
	16384 13792
	7328 13792
4
	0 13792
	6240 13792
	6240 13824
	0 13824
4
	7328 13792
	16384 13792
	16384 13824
	7328 13824
4
	0 13824
	6080 13824
	6080 13856
	0 13856
4
	7136 13824
	16384 13824
	16384 13856
	7136 13856
4
	0 13856
	6080 13856
	6080 13888
	0 13888
4
	7136 13856
	16384 13856
	16384 13888
	7136 13888
4
	0 13888
	6080 13888
	6080 13920
	0 13920
4
	7136 13888
	16384 13888
	16384 13920
	7136 13920
4
	0 13920
	6080 13920
	6080 13952
	0 13952
4
	7136 13920
	16384 13920
	16384 13952
	7136 13952
4
	0 13952
	6080 13952
	6080 13984
	0 13984
4
	7136 13952
	16384 13952
	16384 13984
	7136 13984
4
	0 13984
	6080 13984
	6080 14016
	0 14016
4
	7136 13984
	16384 13984
	16384 14016
	7136 14016
4
	0 14016
	6080 14016
	6080 14048
	0 14048
4
	7136 14016
	16384 14016
	16384 14048
	7136 14048
4
	0 14048
	6080 14048
	6080 14080
	0 14080
4
	7136 14048
	16384 14048
	16384 14080
	7136 14080
4
	0 14080
	6080 14080
	6080 14112
	0 14112
4
	7136 14080
	16384 14080
	16384 14112
	7136 14112
4
	0 14112
	6080 14112
	6080 14144
	0 14144
4
	7136 14112
	16384 14112
	16384 14144
	7136 14144
4
	0 14144
	6080 14144
	6080 14176
	0 14176
4
	7136 14144
	16384 14144
	16384 14176
	7136 14176
4
	0 14176
	6080 14176
	6080 14208
	0 14208
4
	7136 14176
	16384 14176
	16384 14208
	7136 14208
4
	0 14208
	6080 14208
	6080 14240
	0 14240
4
	7136 14208
	16384 14208
	16384 14240
	7136 14240
4
	0 14240
	6080 14240
	6080 14272
	0 14272
4
	7136 14240
	16384 14240
	16384 14272
	7136 14272
4
	0 14272
	6080 14272
	6080 14304
	0 14304
4
	7136 14272
	16384 14272
	16384 14304
	7136 14304
4
	0 14304
	6080 14304
	6080 14336
	0 14336
4
	7136 14304
	16384 14304
	16384 14336
	7136 14336
4
	0 14336
	5888 14336
	5888 14368
	0 14368
4
	7136 14336
	16384 14336
	16384 14368
	7136 14368
4
	0 14368
	5888 14368
	5888 14400
	0 14400
4
	7136 14368
	16384 14368
	16384 14400
	7136 14400
4
	0 14400
	5888 14400
	5888 14432
	0 14432
4
	7136 14400
	16384 14400
	16384 14432
	7136 14432
4
	0 14432
	5888 14432
	5888 14464
	0 14464
4
	7136 14432
	16384 14432
	16384 14464
	7136 14464
4
	0 14464
	5888 14464
	5888 14496
	0 14496
4
	7136 14464
	16384 14464
	16384 14496
	7136 14496
4
	0 14496
	5888 14496
	5888 14528
	0 14528
4
	7136 14496
	16384 14496
	16384 14528
	7136 14528
4
	0 14528
	6240 14528
	6240 14560
	0 14560
4
	6976 14528
	16384 14528
	16384 14560
	6976 14560
4
	0 14560
	6240 14560
	6240 14592
	0 14592
4
	6976 14560
	16384 14560
	16384 14592
	6976 14592
4
	0 14592
	6240 14592
	6240 14624
	0 14624
4
	6976 14592
	16384 14592
	16384 14624
	6976 14624
4
	0 14624
	6240 14624
	6240 14656
	0 14656
4
	6976 14624
	16384 14624
	16384 14656
	6976 14656
4
	0 14656
	6240 14656
	6240 14688
	0 14688
4
	6976 14656
	16384 14656
	16384 14688
	6976 14688
4
	0 14688
	16384 14688
	16384 14720
	0 14720
4
	0 14720
	16384 14720
	16384 14752
	0 14752
4
	0 14752
	16384 14752
	16384 14784
	0 14784
4
	0 14784
	16384 14784
	16384 14816
	0 14816
4
	0 14816
	16384 14816
	16384 14848
	0 14848
4
	0 14848
	16384 14848
	16384 14880
	0 14880
4
	0 14880
	16384 14880
	16384 14912
	0 14912
4
	0 14912
	16384 14912
	16384 14944
	0 14944
4
	0 14944
	16384 14944
	16384 14976
	0 14976
4
	0 14976
	16384 14976
	16384 15008
	0 15008
4
	0 15008
	16384 15008
	16384 15040
	0 15040
4
	0 15040
	16384 15040
	16384 15072
	0 15072
4
	0 15072
	16384 15072
	16384 15104
	0 15104
4
	0 15104
	16384 15104
	16384 15136
	0 15136
4
	0 15136
	16384 15136
	16384 15168
	0 15168
4
	0 15168
	16384 15168
	16384 15200
	0 15200
4
	0 15200
	16384 15200
	16384 15232
	0 15232
4
	0 15232
	16384 15232
	16384 15264
	0 15264
4
	0 15264
	16384 15264
	16384 15296
	0 15296
4
	0 15296
	16384 15296
	16384 15328
	0 15328
4
	0 15328
	16384 15328
	16384 15360
	0 15360
4
	0 15360
	16384 15360
	16384 15392
	0 15392
4
	0 15392
	16384 15392
	16384 15424
	0 15424
4
	0 15424
	16384 15424
	16384 15456
	0 15456
4
	0 15456
	16384 15456
	16384 15488
	0 15488
4
	0 15488
	16384 15488
	16384 15520
	0 15520
4
	0 15520
	16384 15520
	16384 15552
	0 15552
4
	0 15552
	16384 15552
	16384 15584
	0 15584
4
	0 15584
	16384 15584
	16384 15616
	0 15616
4
	0 15616
	16384 15616
	16384 15648
	0 15648
4
	0 15648
	16384 15648
	16384 15680
	0 15680
4
	0 15680
	16384 15680
	16384 15712
	0 15712
4
	0 15712
	16384 15712
	16384 15744
	0 15744
4
	0 15744
	16384 15744
	16384 15776
	0 15776
4
	0 15776
	16384 15776
	16384 15808
	0 15808
4
	0 15808
	16384 15808
	16384 15840
	0 15840
4
	0 15840
	16384 15840
	16384 15872
	0 15872
4
	0 15872
	16384 15872
	16384 15904
	0 15904
4
	0 15904
	16384 15904
	16384 15936
	0 15936
4
	0 15936
	16384 15936
	16384 15968
	0 15968
4
	0 15968
	16384 15968
	16384 16000
	0 16000
4
	0 16000
	16384 16000
	16384 16032
	0 16032
4
	0 16032
	16384 16032
	16384 16064
	0 16064
4
	0 16064
	16384 16064
	16384 16096
	0 16096
4
	0 16096
	16384 16096
	16384 16128
	0 16128
4
	0 16128
	16384 16128
	16384 16160
	0 16160
4
	0 16160
	16384 16160
	16384 16192
	0 16192
4
	0 16192
	16384 16192
	16384 16224
	0 16224
4
	0 16224
	16384 16224
	16384 16256
	0 16256
4
	0 16256
	16384 16256
	16384 16288
	0 16288
4
	0 16288
	16384 16288
	16384 16320
	0 16320
4
	0 16320
	16384 16320
	16384 16352
	0 16352
4
	0 16352
	16384 16352
	16384 16384
	0 16384
4
	-32 -32
	16416 -32
	16416 0
	-32 0
4
	-32 16384
	16416 16384
	16416 16416
	-32 16416
4
	-32 0
	0 0
	0 16384
	-32 16384
4
	16384 0
	16416 0
	16416 16384
	16384 16384
