1675
4
	0 0
	16384 0
	16384 32
	0 32
4
	0 32
	16384 32
	16384 64
	0 64
4
	0 64
	16384 64
	16384 96
	0 96
4
	0 96
	16384 96
	16384 128
	0 128
4
	0 128
	16384 128
	16384 160
	0 160
4
	0 160
	16384 160
	16384 192
	0 192
4
	0 192
	16384 192
	16384 224
	0 224
4
	0 224
	16384 224
	16384 256
	0 256
4
	0 256
	16384 256
	16384 288
	0 288
4
	0 288
	16384 288
	16384 320
	0 320
4
	0 320
	16384 320
	16384 352
	0 352
4
	0 352
	16384 352
	16384 384
	0 384
4
	0 384
	16384 384
	16384 416
	0 416
4
	0 416
	16384 416
	16384 448
	0 448
4
	0 448
	16384 448
	16384 480
	0 480
4
	0 480
	16384 480
	16384 512
	0 512
4
	0 512
	16384 512
	16384 544
	0 544
4
	0 544
	16384 544
	16384 576
	0 576
4
	0 576
	16384 576
	16384 608
	0 608
4
	0 608
	16384 608
	16384 640
	0 640
4
	0 640
	16384 640
	16384 672
	0 672
4
	0 672
	16384 672
	16384 704
	0 704
4
	0 704
	16384 704
	16384 736
	0 736
4
	0 736
	16384 736
	16384 768
	0 768
4
	0 768
	16384 768
	16384 800
	0 800
4
	0 800
	16384 800
	16384 832
	0 832
4
	0 832
	16384 832
	16384 864
	0 864
4
	0 864
	16384 864
	16384 896
	0 896
4
	0 896
	16384 896
	16384 928
	0 928
4
	0 928
	16384 928
	16384 960
	0 960
4
	0 960
	16384 960
	16384 992
	0 992
4
	0 992
	16384 992
	16384 1024
	0 1024
4
	0 1024
	16384 1024
	16384 1056
	0 1056
4
	0 1056
	16384 1056
	16384 1088
	0 1088
4
	0 1088
	16384 1088
	16384 1120
	0 1120
4
	0 1120
	16384 1120
	16384 1152
	0 1152
4
	0 1152
	16384 1152
	16384 1184
	0 1184
4
	0 1184
	16384 1184
	16384 1216
	0 1216
4
	0 1216
	16384 1216
	16384 1248
	0 1248
4
	0 1248
	16384 1248
	16384 1280
	0 1280
4
	0 1280
	16384 1280
	16384 1312
	0 1312
4
	0 1312
	16384 1312
	16384 1344
	0 1344
4
	0 1344
	16384 1344
	16384 1376
	0 1376
4
	0 1376
	16384 1376
	16384 1408
	0 1408
4
	0 1408
	16384 1408
	16384 1440
	0 1440
4
	0 1440
	16384 1440
	16384 1472
	0 1472
4
	0 1472
	16384 1472
	16384 1504
	0 1504
4
	0 1504
	16384 1504
	16384 1536
	0 1536
4
	0 1536
	16384 1536
	16384 1568
	0 1568
4
	0 1568
	16384 1568
	16384 1600
	0 1600
4
	0 1600
	16384 1600
	16384 1632
	0 1632
4
	0 1632
	16384 1632
	16384 1664
	0 1664
4
	0 1664
	16384 1664
	16384 1696
	0 1696
4
	0 1696
	16384 1696
	16384 1728
	0 1728
4
	0 1728
	16384 1728
	16384 1760
	0 1760
4
	0 1760
	16384 1760
	16384 1792
	0 1792
4
	0 1792
	16384 1792
	16384 1824
	0 1824
4
	0 1824
	16384 1824
	16384 1856
	0 1856
4
	0 1856
	16384 1856
	16384 1888
	0 1888
4
	0 1888
	16384 1888
	16384 1920
	0 1920
4
	0 1920
	16384 1920
	16384 1952
	0 1952
4
	0 1952
	6944 1952
	6944 1984
	0 1984
4
	7328 1952
	16384 1952
	16384 1984
	7328 1984
4
	0 1984
	6944 1984
	6944 2016
	0 2016
4
	7328 1984
	16384 1984
	16384 2016
	7328 2016
4
	0 2016
	6784 2016
	6784 2048
	0 2048
4
	7456 2016
	16384 2016
	16384 2048
	7456 2048
4
	0 2048
	6784 2048
	6784 2080
	0 2080
4
	7456 2048
	16384 2048
	16384 2080
	7456 2080
4
	0 2080
	6784 2080
	6784 2112
	0 2112
4
	7456 2080
	16384 2080
	16384 2112
	7456 2112
4
	0 2112
	6656 2112
	6656 2144
	0 2144
4
	7616 2112
	16384 2112
	16384 2144
	7616 2144
4
	0 2144
	6656 2144
	6656 2176
	0 2176
4
	7616 2144
	16384 2144
	16384 2176
	7616 2176
4
	0 2176
	6656 2176
	6656 2208
	0 2208
4
	7616 2176
	16384 2176
	16384 2208
	7616 2208
4
	0 2208
	6592 2208
	6592 2240
	0 2240
4
	7680 2208
	16384 2208
	16384 2240
	7680 2240
4
	0 2240
	6592 2240
	6592 2272
	0 2272
4
	7680 2240
	16384 2240
	16384 2272
	7680 2272
4
	0 2272
	6592 2272
	6592 2304
	0 2304
4
	7680 2272
	16384 2272
	16384 2304
	7680 2304
4
	0 2304
	6528 2304
	6528 2336
	0 2336
4
	7680 2304
	16384 2304
	16384 2336
	7680 2336
4
	0 2336
	6528 2336
	6528 2368
	0 2368
4
	7680 2336
	16384 2336
	16384 2368
	7680 2368
4
	0 2368
	6464 2368
	6464 2400
	0 2400
4
	7680 2368
	16384 2368
	16384 2400
	7680 2400
4
	0 2400
	6464 2400
	6464 2432
	0 2432
4
	7680 2400
	16384 2400
	16384 2432
	7680 2432
4
	0 2432
	6464 2432
	6464 2464
	0 2464
4
	7680 2432
	16384 2432
	16384 2464
	7680 2464
4
	0 2464
	6400 2464
	6400 2496
	0 2496
4
	7744 2464
	16384 2464
	16384 2496
	7744 2496
4
	0 2496
	6400 2496
	6400 2528
	0 2528
4
	7744 2496
	16384 2496
	16384 2528
	7744 2528
4
	0 2528
	6400 2528
	6400 2560
	0 2560
4
	7744 2528
	16384 2528
	16384 2560
	7744 2560
4
	0 2560
	6336 2560
	6336 2592
	0 2592
4
	7744 2560
	16384 2560
	16384 2592
	7744 2592
4
	0 2592
	6336 2592
	6336 2624
	0 2624
4
	7744 2592
	16384 2592
	16384 2624
	7744 2624
4
	0 2624
	6336 2624
	6336 2656
	0 2656
4
	7744 2624
	16384 2624
	16384 2656
	7744 2656
4
	0 2656
	6336 2656
	6336 2688
	0 2688
4
	7744 2656
	16384 2656
	16384 2688
	7744 2688
4
	0 2688
	6336 2688
	6336 2720
	0 2720
4
	7744 2688
	16384 2688
	16384 2720
	7744 2720
4
	0 2720
	6336 2720
	6336 2752
	0 2752
4
	7744 2720
	16384 2720
	16384 2752
	7744 2752
4
	0 2752
	6336 2752
	6336 2784
	0 2784
4
	7744 2752
	16384 2752
	16384 2784
	7744 2784
4
	0 2784
	6336 2784
	6336 2816
	0 2816
4
	7744 2784
	16384 2784
	16384 2816
	7744 2816
4
	0 2816
	5984 2816
	5984 2848
	0 2848
4
	6208 2816
	6336 2816
	6336 2848
	6208 2848
4
	7744 2816
	16384 2816
	16384 2848
	7744 2848
4
	0 2848
	5984 2848
	5984 2880
	0 2880
4
	6208 2848
	6336 2848
	6336 2880
	6208 2880
4
	7744 2848
	16384 2848
	16384 2880
	7744 2880
4
	0 2880
	5984 2880
	5984 2912
	0 2912
4
	6208 2880
	6336 2880
	6336 2912
	6208 2912
4
	7744 2880
	16384 2880
	16384 2912
	7744 2912
4
	0 2912
	5920 2912
	5920 2944
	0 2944
4
	7680 2912
	16384 2912
	16384 2944
	7680 2944
4
	0 2944
	5920 2944
	5920 2976
	0 2976
4
	7680 2944
	16384 2944
	16384 2976
	7680 2976
4
	0 2976
	5920 2976
	5920 3008
	0 3008
4
	7680 2976
	16384 2976
	16384 3008
	7680 3008
4
	0 3008
	5792 3008
	5792 3040
	0 3040
4
	7680 3008
	16384 3008
	16384 3040
	7680 3040
4
	0 3040
	5792 3040
	5792 3072
	0 3072
4
	7680 3040
	16384 3040
	16384 3072
	7680 3072
4
	0 3072
	5728 3072
	5728 3104
	0 3104
4
	7616 3072
	16384 3072
	16384 3104
	7616 3104
4
	0 3104
	5728 3104
	5728 3136
	0 3136
4
	7616 3104
	16384 3104
	16384 3136
	7616 3136
4
	0 3136
	5728 3136
	5728 3168
	0 3168
4
	7616 3136
	16384 3136
	16384 3168
	7616 3168
4
	0 3168
	5664 3168
	5664 3200
	0 3200
4
	7616 3168
	16384 3168
	16384 3200
	7616 3200
4
	0 3200
	5664 3200
	5664 3232
	0 3232
4
	7616 3200
	16384 3200
	16384 3232
	7616 3232
4
	0 3232
	5664 3232
	5664 3264
	0 3264
4
	7616 3232
	16384 3232
	16384 3264
	7616 3264
4
	0 3264
	5600 3264
	5600 3296
	0 3296
4
	7456 3264
	16384 3264
	16384 3296
	7456 3296
4
	0 3296
	5600 3296
	5600 3328
	0 3328
4
	7456 3296
	16384 3296
	16384 3328
	7456 3328
4
	0 3328
	5600 3328
	5600 3360
	0 3360
4
	7456 3328
	16384 3328
	16384 3360
	7456 3360
4
	0 3360
	1280 3360
	1280 3392
	0 3392
4
	1632 3360
	5536 3360
	5536 3392
	1632 3392
4
	6400 3360
	6784 3360
	6784 3392
	6400 3392
4
	7200 3360
	16384 3360
	16384 3392
	7200 3392
4
	0 3392
	1280 3392
	1280 3424
	0 3424
4
	1632 3392
	5536 3392
	5536 3424
	1632 3424
4
	6400 3392
	6784 3392
	6784 3424
	6400 3424
4
	7200 3392
	16384 3392
	16384 3424
	7200 3424
4
	0 3424
	1088 3424
	1088 3456
	0 3456
4
	1760 3424
	5440 3424
	5440 3456
	1760 3456
4
	6400 3424
	16384 3424
	16384 3456
	6400 3456
4
	0 3456
	1088 3456
	1088 3488
	0 3488
4
	1760 3456
	5440 3456
	5440 3488
	1760 3488
4
	6400 3456
	16384 3456
	16384 3488
	6400 3488
4
	0 3488
	1088 3488
	1088 3520
	0 3520
4
	1760 3488
	5440 3488
	5440 3520
	1760 3520
4
	6400 3488
	16384 3488
	16384 3520
	6400 3520
4
	0 3520
	1024 3520
	1024 3552
	0 3552
4
	1824 3520
	5376 3520
	5376 3552
	1824 3552
4
	6400 3520
	16384 3520
	16384 3552
	6400 3552
4
	0 3552
	1024 3552
	1024 3584
	0 3584
4
	1824 3552
	5376 3552
	5376 3584
	1824 3584
4
	6400 3552
	16384 3552
	16384 3584
	6400 3584
4
	0 3584
	1024 3584
	1024 3616
	0 3616
4
	1824 3584
	5376 3584
	5376 3616
	1824 3616
4
	6400 3584
	16384 3584
	16384 3616
	6400 3616
4
	0 3616
	896 3616
	896 3648
	0 3648
4
	1888 3616
	5312 3616
	5312 3648
	1888 3648
4
	6336 3616
	16384 3616
	16384 3648
	6336 3648
4
	0 3648
	896 3648
	896 3680
	0 3680
4
	1888 3648
	5312 3648
	5312 3680
	1888 3680
4
	6336 3648
	16384 3648
	16384 3680
	6336 3680
4
	0 3680
	896 3680
	896 3712
	0 3712
4
	1952 3680
	5248 3680
	5248 3712
	1952 3712
4
	6272 3680
	16384 3680
	16384 3712
	6272 3712
4
	0 3712
	896 3712
	896 3744
	0 3744
4
	1952 3712
	5248 3712
	5248 3744
	1952 3744
4
	6272 3712
	16384 3712
	16384 3744
	6272 3744
4
	0 3744
	896 3744
	896 3776
	0 3776
4
	1952 3744
	5248 3744
	5248 3776
	1952 3776
4
	6272 3744
	16384 3744
	16384 3776
	6272 3776
4
	0 3776
	832 3776
	832 3808
	0 3808
4
	1952 3776
	5184 3776
	5184 3808
	1952 3808
4
	6272 3776
	16384 3776
	16384 3808
	6272 3808
4
	0 3808
	832 3808
	832 3840
	0 3840
4
	1952 3808
	5184 3808
	5184 3840
	1952 3840
4
	6272 3808
	16384 3808
	16384 3840
	6272 3840
4
	0 3840
	832 3840
	832 3872
	0 3872
4
	1952 3840
	5184 3840
	5184 3872
	1952 3872
4
	6272 3840
	16384 3840
	16384 3872
	6272 3872
4
	0 3872
	768 3872
	768 3904
	0 3904
4
	1952 3872
	5184 3872
	5184 3904
	1952 3904
4
	5920 3872
	16384 3872
	16384 3904
	5920 3904
4
	0 3904
	768 3904
	768 3936
	0 3936
4
	1952 3904
	5184 3904
	5184 3936
	1952 3936
4
	5920 3904
	16384 3904
	16384 3936
	5920 3936
4
	0 3936
	768 3936
	768 3968
	0 3968
4
	1952 3936
	5184 3936
	5184 3968
	1952 3968
4
	5920 3936
	16384 3936
	16384 3968
	5920 3968
4
	0 3968
	768 3968
	768 4000
	0 4000
4
	1952 3968
	5120 3968
	5120 4000
	1952 4000
4
	5856 3968
	16384 3968
	16384 4000
	5856 4000
4
	0 4000
	768 4000
	768 4032
	0 4032
4
	1952 4000
	5120 4000
	5120 4032
	1952 4032
4
	5856 4000
	16384 4000
	16384 4032
	5856 4032
4
	0 4032
	768 4032
	768 4064
	0 4064
4
	1952 4032
	5120 4032
	5120 4064
	1952 4064
4
	5856 4032
	16384 4032
	16384 4064
	5856 4064
4
	0 4064
	768 4064
	768 4096
	0 4096
4
	1952 4064
	5120 4064
	5120 4096
	1952 4096
4
	5856 4064
	16384 4064
	16384 4096
	5856 4096
4
	0 4096
	768 4096
	768 4128
	0 4128
4
	1952 4096
	5120 4096
	5120 4128
	1952 4128
4
	5856 4096
	16384 4096
	16384 4128
	5856 4128
4
	0 4128
	768 4128
	768 4160
	0 4160
4
	2016 4128
	5120 4128
	5120 4160
	2016 4160
4
	5984 4128
	16384 4128
	16384 4160
	5984 4160
4
	0 4160
	768 4160
	768 4192
	0 4192
4
	2016 4160
	5120 4160
	5120 4192
	2016 4192
4
	5984 4160
	16384 4160
	16384 4192
	5984 4192
4
	0 4192
	768 4192
	768 4224
	0 4224
4
	2016 4192
	5120 4192
	5120 4224
	2016 4224
4
	5984 4192
	16384 4192
	16384 4224
	5984 4224
4
	0 4224
	768 4224
	768 4256
	0 4256
4
	2016 4224
	5120 4224
	5120 4256
	2016 4256
4
	5920 4224
	16384 4224
	16384 4256
	5920 4256
4
	0 4256
	768 4256
	768 4288
	0 4288
4
	2016 4256
	5120 4256
	5120 4288
	2016 4288
4
	5920 4256
	16384 4256
	16384 4288
	5920 4288
4
	0 4288
	768 4288
	768 4320
	0 4320
4
	2016 4288
	5120 4288
	5120 4320
	2016 4320
4
	5920 4288
	16384 4288
	16384 4320
	5920 4320
4
	0 4320
	768 4320
	768 4352
	0 4352
4
	2112 4320
	5056 4320
	5056 4352
	2112 4352
4
	5920 4320
	16384 4320
	16384 4352
	5920 4352
4
	0 4352
	768 4352
	768 4384
	0 4384
4
	2112 4352
	5056 4352
	5056 4384
	2112 4384
4
	5920 4352
	16384 4352
	16384 4384
	5920 4384
4
	0 4384
	768 4384
	768 4416
	0 4416
4
	2112 4384
	5056 4384
	5056 4416
	2112 4416
4
	5920 4384
	16384 4384
	16384 4416
	5920 4416
4
	0 4416
	768 4416
	768 4448
	0 4448
4
	2112 4416
	5056 4416
	5056 4448
	2112 4448
4
	5920 4416
	16384 4416
	16384 4448
	5920 4448
4
	0 4448
	768 4448
	768 4480
	0 4480
4
	2112 4448
	5056 4448
	5056 4480
	2112 4480
4
	5920 4448
	16384 4448
	16384 4480
	5920 4480
4
	0 4480
	768 4480
	768 4512
	0 4512
4
	2176 4480
	4992 4480
	4992 4512
	2176 4512
4
	5856 4480
	16384 4480
	16384 4512
	5856 4512
4
	0 4512
	768 4512
	768 4544
	0 4544
4
	2176 4512
	4992 4512
	4992 4544
	2176 4544
4
	5856 4512
	16384 4512
	16384 4544
	5856 4544
4
	0 4544
	768 4544
	768 4576
	0 4576
4
	2176 4544
	4992 4544
	4992 4576
	2176 4576
4
	5856 4544
	16384 4544
	16384 4576
	5856 4576
4
	0 4576
	768 4576
	768 4608
	0 4608
4
	2240 4576
	4992 4576
	4992 4608
	2240 4608
4
	5856 4576
	16384 4576
	16384 4608
	5856 4608
4
	0 4608
	768 4608
	768 4640
	0 4640
4
	2240 4608
	4992 4608
	4992 4640
	2240 4640
4
	5856 4608
	16384 4608
	16384 4640
	5856 4640
4
	0 4640
	768 4640
	768 4672
	0 4672
4
	2240 4640
	4992 4640
	4992 4672
	2240 4672
4
	5856 4640
	16384 4640
	16384 4672
	5856 4672
4
	0 4672
	896 4672
	896 4704
	0 4704
4
	2304 4672
	4992 4672
	4992 4704
	2304 4704
4
	5792 4672
	16384 4672
	16384 4704
	5792 4704
4
	0 4704
	896 4704
	896 4736
	0 4736
4
	2304 4704
	4992 4704
	4992 4736
	2304 4736
4
	5792 4704
	16384 4704
	16384 4736
	5792 4736
4
	0 4736
	1024 4736
	1024 4768
	0 4768
4
	2368 4736
	2432 4736
	2432 4768
	2368 4768
4
	2624 4736
	4992 4736
	4992 4768
	2624 4768
4
	5664 4736
	16384 4736
	16384 4768
	5664 4768
4
	0 4768
	1024 4768
	1024 4800
	0 4800
4
	2368 4768
	2432 4768
	2432 4800
	2368 4800
4
	2624 4768
	4992 4768
	4992 4800
	2624 4800
4
	5664 4768
	16384 4768
	16384 4800
	5664 4800
4
	0 4800
	1024 4800
	1024 4832
	0 4832
4
	2368 4800
	2432 4800
	2432 4832
	2368 4832
4
	2624 4800
	4992 4800
	4992 4832
	2624 4832
4
	5664 4800
	16384 4800
	16384 4832
	5664 4832
4
	0 4832
	1216 4832
	1216 4864
	0 4864
4
	2784 4832
	4992 4832
	4992 4864
	2784 4864
4
	5664 4832
	16384 4832
	16384 4864
	5664 4864
4
	0 4864
	1216 4864
	1216 4896
	0 4896
4
	2784 4864
	4992 4864
	4992 4896
	2784 4896
4
	5664 4864
	16384 4864
	16384 4896
	5664 4896
4
	0 4896
	1216 4896
	1216 4928
	0 4928
4
	2784 4896
	4992 4896
	4992 4928
	2784 4928
4
	5664 4896
	16384 4896
	16384 4928
	5664 4928
4
	0 4928
	1440 4928
	1440 4960
	0 4960
4
	2848 4928
	4992 4928
	4992 4960
	2848 4960
4
	5664 4928
	16384 4928
	16384 4960
	5664 4960
4
	0 4960
	1440 4960
	1440 4992
	0 4992
4
	2848 4960
	4992 4960
	4992 4992
	2848 4992
4
	5664 4960
	16384 4960
	16384 4992
	5664 4992
4
	0 4992
	1440 4992
	1440 5024
	0 5024
4
	2848 4992
	4992 4992
	4992 5024
	2848 5024
4
	5664 4992
	16384 4992
	16384 5024
	5664 5024
4
	0 5024
	1952 5024
	1952 5056
	0 5056
4
	3040 5024
	5056 5024
	5056 5056
	3040 5056
4
	5664 5024
	16384 5024
	16384 5056
	5664 5056
4
	0 5056
	1952 5056
	1952 5088
	0 5088
4
	3040 5056
	5056 5056
	5056 5088
	3040 5088
4
	5664 5056
	16384 5056
	16384 5088
	5664 5088
4
	0 5088
	2016 5088
	2016 5120
	0 5120
4
	3104 5088
	5056 5088
	5056 5120
	3104 5120
4
	5664 5088
	16384 5088
	16384 5120
	5664 5120
4
	0 5120
	2016 5120
	2016 5152
	0 5152
4
	3104 5120
	5056 5120
	5056 5152
	3104 5152
4
	5664 5120
	16384 5120
	16384 5152
	5664 5152
4
	0 5152
	2016 5152
	2016 5184
	0 5184
4
	3104 5152
	5056 5152
	5056 5184
	3104 5184
4
	5664 5152
	16384 5152
	16384 5184
	5664 5184
4
	0 5184
	2112 5184
	2112 5216
	0 5216
4
	3168 5184
	5056 5184
	5056 5216
	3168 5216
4
	5664 5184
	16384 5184
	16384 5216
	5664 5216
4
	0 5216
	2112 5216
	2112 5248
	0 5248
4
	3168 5216
	5056 5216
	5056 5248
	3168 5248
4
	5664 5216
	16384 5216
	16384 5248
	5664 5248
4
	0 5248
	2112 5248
	2112 5280
	0 5280
4
	3168 5248
	5056 5248
	5056 5280
	3168 5280
4
	5664 5248
	16384 5248
	16384 5280
	5664 5280
4
	0 5280
	2112 5280
	2112 5312
	0 5312
4
	3360 5280
	5056 5280
	5056 5312
	3360 5312
4
	5664 5280
	16384 5280
	16384 5312
	5664 5312
4
	0 5312
	2112 5312
	2112 5344
	0 5344
4
	3360 5312
	5056 5312
	5056 5344
	3360 5344
4
	5664 5312
	16384 5312
	16384 5344
	5664 5344
4
	0 5344
	2112 5344
	2112 5376
	0 5376
4
	3360 5344
	5056 5344
	5056 5376
	3360 5376
4
	5664 5344
	16384 5344
	16384 5376
	5664 5376
4
	0 5376
	2176 5376
	2176 5408
	0 5408
4
	3584 5376
	5056 5376
	5056 5408
	3584 5408
4
	5664 5376
	16384 5376
	16384 5408
	5664 5408
4
	0 5408
	2176 5408
	2176 5440
	0 5440
4
	3584 5408
	5056 5408
	5056 5440
	3584 5440
4
	5664 5408
	16384 5408
	16384 5440
	5664 5440
4
	0 5440
	2240 5440
	2240 5472
	0 5472
4
	3776 5440
	5056 5440
	5056 5472
	3776 5472
4
	5664 5440
	16384 5440
	16384 5472
	5664 5472
4
	0 5472
	2240 5472
	2240 5504
	0 5504
4
	3776 5472
	5056 5472
	5056 5504
	3776 5504
4
	5664 5472
	16384 5472
	16384 5504
	5664 5504
4
	0 5504
	2240 5504
	2240 5536
	0 5536
4
	3776 5504
	5056 5504
	5056 5536
	3776 5536
4
	5664 5504
	16384 5504
	16384 5536
	5664 5536
4
	0 5536
	2304 5536
	2304 5568
	0 5568
4
	3840 5536
	4992 5536
	4992 5568
	3840 5568
4
	5728 5536
	16384 5536
	16384 5568
	5728 5568
4
	0 5568
	2304 5568
	2304 5600
	0 5600
4
	3840 5568
	4992 5568
	4992 5600
	3840 5600
4
	5728 5568
	16384 5568
	16384 5600
	5728 5600
4
	0 5600
	2304 5600
	2304 5632
	0 5632
4
	3840 5600
	4992 5600
	4992 5632
	3840 5632
4
	5728 5600
	16384 5600
	16384 5632
	5728 5632
4
	0 5632
	2368 5632
	2368 5664
	0 5664
4
	2432 5632
	2496 5632
	2496 5664
	2432 5664
4
	3968 5632
	4992 5632
	4992 5664
	3968 5664
4
	5856 5632
	6112 5632
	6112 5664
	5856 5664
4
	6336 5632
	16384 5632
	16384 5664
	6336 5664
4
	0 5664
	2368 5664
	2368 5696
	0 5696
4
	2432 5664
	2496 5664
	2496 5696
	2432 5696
4
	3968 5664
	4992 5664
	4992 5696
	3968 5696
4
	5856 5664
	6112 5664
	6112 5696
	5856 5696
4
	6336 5664
	16384 5664
	16384 5696
	6336 5696
4
	0 5696
	2624 5696
	2624 5728
	0 5728
4
	4192 5696
	4992 5696
	4992 5728
	4192 5728
4
	6528 5696
	16384 5696
	16384 5728
	6528 5728
4
	0 5728
	2624 5728
	2624 5760
	0 5760
4
	4192 5728
	4992 5728
	4992 5760
	4192 5760
4
	6528 5728
	16384 5728
	16384 5760
	6528 5760
4
	0 5760
	2624 5760
	2624 5792
	0 5792
4
	4192 5760
	4992 5760
	4992 5792
	4192 5792
4
	6528 5760
	16384 5760
	16384 5792
	6528 5792
4
	0 5792
	2624 5792
	2624 5824
	0 5824
4
	4256 5792
	4992 5792
	4992 5824
	4256 5824
4
	6656 5792
	16384 5792
	16384 5824
	6656 5824
4
	0 5824
	2624 5824
	2624 5856
	0 5856
4
	4256 5824
	4992 5824
	4992 5856
	4256 5856
4
	6656 5824
	16384 5824
	16384 5856
	6656 5856
4
	0 5856
	2624 5856
	2624 5888
	0 5888
4
	4256 5856
	4992 5856
	4992 5888
	4256 5888
4
	6656 5856
	16384 5856
	16384 5888
	6656 5888
4
	0 5888
	2624 5888
	2624 5920
	0 5920
4
	4448 5888
	5056 5888
	5056 5920
	4448 5920
4
	6720 5888
	16384 5888
	16384 5920
	6720 5920
4
	0 5920
	2624 5920
	2624 5952
	0 5952
4
	4448 5920
	5056 5920
	5056 5952
	4448 5952
4
	6720 5920
	16384 5920
	16384 5952
	6720 5952
4
	0 5952
	2624 5952
	2624 5984
	0 5984
4
	4448 5952
	5056 5952
	5056 5984
	4448 5984
4
	6720 5952
	16384 5952
	16384 5984
	6720 5984
4
	0 5984
	2688 5984
	2688 6016
	0 6016
4
	4576 5984
	5056 5984
	5056 6016
	4576 6016
4
	6784 5984
	16384 5984
	16384 6016
	6784 6016
4
	0 6016
	2688 6016
	2688 6048
	0 6048
4
	4576 6016
	5056 6016
	5056 6048
	4576 6048
4
	6784 6016
	16384 6016
	16384 6048
	6784 6048
4
	0 6048
	2784 6048
	2784 6080
	0 6080
4
	4640 6048
	4992 6048
	4992 6080
	4640 6080
4
	6880 6048
	16384 6048
	16384 6080
	6880 6080
4
	0 6080
	2784 6080
	2784 6112
	0 6112
4
	4640 6080
	4992 6080
	4992 6112
	4640 6112
4
	6880 6080
	16384 6080
	16384 6112
	6880 6112
4
	0 6112
	2784 6112
	2784 6144
	0 6144
4
	4640 6112
	4992 6112
	4992 6144
	4640 6144
4
	6880 6112
	16384 6112
	16384 6144
	6880 6144
4
	0 6144
	2848 6144
	2848 6176
	0 6176
4
	4768 6144
	4992 6144
	4992 6176
	4768 6176
4
	6880 6144
	16384 6144
	16384 6176
	6880 6176
4
	0 6176
	2848 6176
	2848 6208
	0 6208
4
	4768 6176
	4992 6176
	4992 6208
	4768 6208
4
	6880 6176
	16384 6176
	16384 6208
	6880 6208
4
	0 6208
	2848 6208
	2848 6240
	0 6240
4
	4768 6208
	4992 6208
	4992 6240
	4768 6240
4
	6880 6208
	16384 6208
	16384 6240
	6880 6240
4
	0 6240
	2912 6240
	2912 6272
	0 6272
4
	2976 6240
	3232 6240
	3232 6272
	2976 6272
4
	6880 6240
	16384 6240
	16384 6272
	6880 6272
4
	0 6272
	2912 6272
	2912 6304
	0 6304
4
	2976 6272
	3232 6272
	3232 6304
	2976 6304
4
	6880 6272
	16384 6272
	16384 6304
	6880 6304
4
	0 6304
	2912 6304
	2912 6336
	0 6336
4
	2976 6304
	3232 6304
	3232 6336
	2976 6336
4
	6880 6304
	16384 6304
	16384 6336
	6880 6336
4
	0 6336
	3296 6336
	3296 6368
	0 6368
4
	6880 6336
	16384 6336
	16384 6368
	6880 6368
4
	0 6368
	3296 6368
	3296 6400
	0 6400
4
	6880 6368
	16384 6368
	16384 6400
	6880 6400
4
	0 6400
	3360 6400
	3360 6432
	0 6432
4
	6880 6400
	16384 6400
	16384 6432
	6880 6432
4
	0 6432
	3360 6432
	3360 6464
	0 6464
4
	6880 6432
	16384 6432
	16384 6464
	6880 6464
4
	0 6464
	3360 6464
	3360 6496
	0 6496
4
	6880 6464
	16384 6464
	16384 6496
	6880 6496
4
	0 6496
	3296 6496
	3296 6528
	0 6528
4
	6880 6496
	16384 6496
	16384 6528
	6880 6528
4
	0 6528
	3296 6528
	3296 6560
	0 6560
4
	6880 6528
	16384 6528
	16384 6560
	6880 6560
4
	0 6560
	3296 6560
	3296 6592
	0 6592
4
	6880 6560
	16384 6560
	16384 6592
	6880 6592
4
	0 6592
	3296 6592
	3296 6624
	0 6624
4
	6944 6592
	11296 6592
	11296 6624
	6944 6624
4
	12096 6592
	16384 6592
	16384 6624
	12096 6624
4
	0 6624
	3296 6624
	3296 6656
	0 6656
4
	6944 6624
	11296 6624
	11296 6656
	6944 6656
4
	12096 6624
	16384 6624
	16384 6656
	12096 6656
4
	0 6656
	3296 6656
	3296 6688
	0 6688
4
	6944 6656
	11296 6656
	11296 6688
	6944 6688
4
	12096 6656
	16384 6656
	16384 6688
	12096 6688
4
	0 6688
	3360 6688
	3360 6720
	0 6720
4
	3520 6688
	3776 6688
	3776 6720
	3520 6720
4
	6944 6688
	11104 6688
	11104 6720
	6944 6720
4
	12224 6688
	16384 6688
	16384 6720
	12224 6720
4
	0 6720
	3360 6720
	3360 6752
	0 6752
4
	3520 6720
	3776 6720
	3776 6752
	3520 6752
4
	6944 6720
	11104 6720
	11104 6752
	6944 6752
4
	12224 6720
	16384 6720
	16384 6752
	12224 6752
4
	0 6752
	3840 6752
	3840 6784
	0 6784
4
	5856 6752
	6208 6752
	6208 6784
	5856 6784
4
	7136 6752
	10976 6752
	10976 6784
	7136 6784
4
	12384 6752
	16384 6752
	16384 6784
	12384 6784
4
	0 6784
	3840 6784
	3840 6816
	0 6816
4
	5856 6784
	6208 6784
	6208 6816
	5856 6816
4
	7136 6784
	10976 6784
	10976 6816
	7136 6816
4
	12384 6784
	16384 6784
	16384 6816
	12384 6816
4
	0 6816
	3840 6816
	3840 6848
	0 6848
4
	5856 6816
	6208 6816
	6208 6848
	5856 6848
4
	7136 6816
	10976 6816
	10976 6848
	7136 6848
4
	12384 6816
	16384 6816
	16384 6848
	12384 6848
4
	0 6848
	3840 6848
	3840 6880
	0 6880
4
	5792 6848
	6272 6848
	6272 6880
	5792 6880
4
	7136 6848
	10880 6848
	10880 6880
	7136 6880
4
	12384 6848
	16384 6848
	16384 6880
	12384 6880
4
	0 6880
	3840 6880
	3840 6912
	0 6912
4
	5792 6880
	6272 6880
	6272 6912
	5792 6912
4
	7136 6880
	10880 6880
	10880 6912
	7136 6912
4
	12384 6880
	16384 6880
	16384 6912
	12384 6912
4
	0 6912
	3840 6912
	3840 6944
	0 6944
4
	5792 6912
	6272 6912
	6272 6944
	5792 6944
4
	7136 6912
	10880 6912
	10880 6944
	7136 6944
4
	12384 6912
	16384 6912
	16384 6944
	12384 6944
4
	0 6944
	3840 6944
	3840 6976
	0 6976
4
	4576 6944
	4768 6944
	4768 6976
	4576 6976
4
	5728 6944
	6400 6944
	6400 6976
	5728 6976
4
	7136 6944
	10816 6944
	10816 6976
	7136 6976
4
	12384 6944
	16384 6944
	16384 6976
	12384 6976
4
	0 6976
	3840 6976
	3840 7008
	0 7008
4
	4576 6976
	4768 6976
	4768 7008
	4576 7008
4
	5728 6976
	6400 6976
	6400 7008
	5728 7008
4
	7136 6976
	10816 6976
	10816 7008
	7136 7008
4
	12384 6976
	16384 6976
	16384 7008
	12384 7008
4
	0 7008
	3840 7008
	3840 7040
	0 7040
4
	4576 7008
	4768 7008
	4768 7040
	4576 7040
4
	5728 7008
	6400 7008
	6400 7040
	5728 7040
4
	7136 7008
	10816 7008
	10816 7040
	7136 7040
4
	12384 7008
	16384 7008
	16384 7040
	12384 7040
4
	0 7040
	3904 7040
	3904 7072
	0 7072
4
	4576 7040
	4768 7040
	4768 7072
	4576 7072
4
	5728 7040
	6400 7040
	6400 7072
	5728 7072
4
	7200 7040
	7616 7040
	7616 7072
	7200 7072
4
	8000 7040
	8352 7040
	8352 7072
	8000 7072
4
	8544 7040
	10816 7040
	10816 7072
	8544 7072
4
	12512 7040
	16384 7040
	16384 7072
	12512 7072
4
	0 7072
	3904 7072
	3904 7104
	0 7104
4
	4576 7072
	4768 7072
	4768 7104
	4576 7104
4
	5728 7072
	6400 7072
	6400 7104
	5728 7104
4
	7200 7072
	7616 7072
	7616 7104
	7200 7104
4
	8000 7072
	8352 7072
	8352 7104
	8000 7104
4
	8544 7072
	10816 7072
	10816 7104
	8544 7104
4
	12512 7072
	16384 7072
	16384 7104
	12512 7104
4
	0 7104
	3968 7104
	3968 7136
	0 7136
4
	4320 7104
	4768 7104
	4768 7136
	4320 7136
4
	5440 7104
	6464 7104
	6464 7136
	5440 7136
4
	8736 7104
	9408 7104
	9408 7136
	8736 7136
4
	9536 7104
	10688 7104
	10688 7136
	9536 7136
4
	12576 7104
	16384 7104
	16384 7136
	12576 7136
4
	0 7136
	3968 7136
	3968 7168
	0 7168
4
	4320 7136
	4768 7136
	4768 7168
	4320 7168
4
	5440 7136
	6464 7136
	6464 7168
	5440 7168
4
	8736 7136
	9408 7136
	9408 7168
	8736 7168
4
	9536 7136
	10688 7136
	10688 7168
	9536 7168
4
	12576 7136
	16384 7136
	16384 7168
	12576 7168
4
	0 7168
	3968 7168
	3968 7200
	0 7200
4
	4320 7168
	4768 7168
	4768 7200
	4320 7200
4
	5440 7168
	6464 7168
	6464 7200
	5440 7200
4
	8736 7168
	9408 7168
	9408 7200
	8736 7200
4
	9536 7168
	10688 7168
	10688 7200
	9536 7200
4
	12576 7168
	16384 7168
	16384 7200
	12576 7200
4
	0 7200
	4096 7200
	4096 7232
	0 7232
4
	4256 7200
	4768 7200
	4768 7232
	4256 7232
4
	5184 7200
	5536 7200
	5536 7232
	5184 7232
4
	5792 7200
	6272 7200
	6272 7232
	5792 7232
4
	8800 7200
	9216 7200
	9216 7232
	8800 7232
4
	9632 7200
	10624 7200
	10624 7232
	9632 7232
4
	12640 7200
	16384 7200
	16384 7232
	12640 7232
4
	0 7232
	4096 7232
	4096 7264
	0 7264
4
	4256 7232
	4768 7232
	4768 7264
	4256 7264
4
	5184 7232
	5536 7232
	5536 7264
	5184 7264
4
	5792 7232
	6272 7232
	6272 7264
	5792 7264
4
	8800 7232
	9216 7232
	9216 7264
	8800 7264
4
	9632 7232
	10624 7232
	10624 7264
	9632 7264
4
	12640 7232
	16384 7232
	16384 7264
	12640 7264
4
	0 7264
	4096 7264
	4096 7296
	0 7296
4
	4256 7264
	4768 7264
	4768 7296
	4256 7296
4
	5184 7264
	5536 7264
	5536 7296
	5184 7296
4
	5792 7264
	6272 7264
	6272 7296
	5792 7296
4
	8800 7264
	9216 7264
	9216 7296
	8800 7296
4
	9632 7264
	10624 7264
	10624 7296
	9632 7296
4
	12640 7264
	16384 7264
	16384 7296
	12640 7296
4
	0 7296
	4864 7296
	4864 7328
	0 7328
4
	5120 7296
	5440 7296
	5440 7328
	5120 7328
4
	6048 7296
	6208 7296
	6208 7328
	6048 7328
4
	9888 7296
	10560 7296
	10560 7328
	9888 7328
4
	12704 7296
	16384 7296
	16384 7328
	12704 7328
4
	0 7328
	4864 7328
	4864 7360
	0 7360
4
	5120 7328
	5440 7328
	5440 7360
	5120 7360
4
	6048 7328
	6208 7328
	6208 7360
	6048 7360
4
	9888 7328
	10560 7328
	10560 7360
	9888 7360
4
	12704 7328
	16384 7328
	16384 7360
	12704 7360
4
	0 7360
	4864 7360
	4864 7392
	0 7392
4
	5120 7360
	5376 7360
	5376 7392
	5120 7392
4
	9952 7360
	10496 7360
	10496 7392
	9952 7392
4
	12768 7360
	16384 7360
	16384 7392
	12768 7392
4
	0 7392
	4864 7392
	4864 7424
	0 7424
4
	5120 7392
	5376 7392
	5376 7424
	5120 7424
4
	9952 7392
	10496 7392
	10496 7424
	9952 7424
4
	12768 7392
	16384 7392
	16384 7424
	12768 7424
4
	0 7424
	4864 7424
	4864 7456
	0 7456
4
	5120 7424
	5376 7424
	5376 7456
	5120 7456
4
	9952 7424
	10496 7424
	10496 7456
	9952 7456
4
	12768 7424
	16384 7424
	16384 7456
	12768 7456
4
	0 7456
	4864 7456
	4864 7488
	0 7488
4
	5184 7456
	5248 7456
	5248 7488
	5184 7488
4
	10016 7456
	10432 7456
	10432 7488
	10016 7488
4
	12768 7456
	16384 7456
	16384 7488
	12768 7488
4
	0 7488
	4864 7488
	4864 7520
	0 7520
4
	5184 7488
	5248 7488
	5248 7520
	5184 7520
4
	10016 7488
	10432 7488
	10432 7520
	10016 7520
4
	12768 7488
	16384 7488
	16384 7520
	12768 7520
4
	0 7520
	4864 7520
	4864 7552
	0 7552
4
	5184 7520
	5248 7520
	5248 7552
	5184 7552
4
	10016 7520
	10432 7520
	10432 7552
	10016 7552
4
	12768 7520
	16384 7520
	16384 7552
	12768 7552
4
	0 7552
	4864 7552
	4864 7584
	0 7584
4
	10080 7552
	10432 7552
	10432 7584
	10080 7584
4
	12960 7552
	16384 7552
	16384 7584
	12960 7584
4
	0 7584
	4864 7584
	4864 7616
	0 7616
4
	10080 7584
	10432 7584
	10432 7616
	10080 7616
4
	12960 7584
	16384 7584
	16384 7616
	12960 7616
4
	0 7616
	4864 7616
	4864 7648
	0 7648
4
	10080 7616
	10432 7616
	10432 7648
	10080 7648
4
	12960 7616
	16384 7616
	16384 7648
	12960 7648
4
	0 7648
	4928 7648
	4928 7680
	0 7680
4
	13056 7648
	16384 7648
	16384 7680
	13056 7680
4
	0 7680
	4928 7680
	4928 7712
	0 7712
4
	13056 7680
	16384 7680
	16384 7712
	13056 7712
4
	0 7712
	4928 7712
	4928 7744
	0 7744
4
	13120 7712
	16384 7712
	16384 7744
	13120 7744
4
	0 7744
	4928 7744
	4928 7776
	0 7776
4
	13120 7744
	16384 7744
	16384 7776
	13120 7776
4
	0 7776
	4928 7776
	4928 7808
	0 7808
4
	13120 7776
	16384 7776
	16384 7808
	13120 7808
4
	0 7808
	4864 7808
	4864 7840
	0 7840
4
	11488 7808
	11968 7808
	11968 7840
	11488 7840
4
	13120 7808
	16384 7808
	16384 7840
	13120 7840
4
	0 7840
	4864 7840
	4864 7872
	0 7872
4
	11488 7840
	11968 7840
	11968 7872
	11488 7872
4
	13120 7840
	16384 7840
	16384 7872
	13120 7872
4
	0 7872
	4864 7872
	4864 7904
	0 7904
4
	11488 7872
	11968 7872
	11968 7904
	11488 7904
4
	13120 7872
	16384 7872
	16384 7904
	13120 7904
4
	0 7904
	4768 7904
	4768 7936
	0 7936
4
	6784 7904
	7136 7904
	7136 7936
	6784 7936
4
	7456 7904
	7808 7904
	7808 7936
	7456 7936
4
	11360 7904
	12032 7904
	12032 7936
	11360 7936
4
	13120 7904
	14112 7904
	14112 7936
	13120 7936
4
	14464 7904
	16384 7904
	16384 7936
	14464 7936
4
	0 7936
	4768 7936
	4768 7968
	0 7968
4
	6784 7936
	7136 7936
	7136 7968
	6784 7968
4
	7456 7936
	7808 7936
	7808 7968
	7456 7968
4
	11360 7936
	12032 7936
	12032 7968
	11360 7968
4
	13120 7936
	14112 7936
	14112 7968
	13120 7968
4
	14464 7936
	16384 7936
	16384 7968
	14464 7968
4
	0 7968
	4768 7968
	4768 8000
	0 8000
4
	6784 7968
	7136 7968
	7136 8000
	6784 8000
4
	7456 7968
	7808 7968
	7808 8000
	7456 8000
4
	11360 7968
	12032 7968
	12032 8000
	11360 8000
4
	13120 7968
	14112 7968
	14112 8000
	13120 8000
4
	14464 7968
	16384 7968
	16384 8000
	14464 8000
4
	0 8000
	4768 8000
	4768 8032
	0 8032
4
	6720 8000
	7808 8000
	7808 8032
	6720 8032
4
	11296 8000
	12096 8000
	12096 8032
	11296 8032
4
	13120 8000
	13856 8000
	13856 8032
	13120 8032
4
	14656 8000
	16384 8000
	16384 8032
	14656 8032
4
	0 8032
	4768 8032
	4768 8064
	0 8064
4
	6720 8032
	7808 8032
	7808 8064
	6720 8064
4
	11296 8032
	12096 8032
	12096 8064
	11296 8064
4
	13120 8032
	13856 8032
	13856 8064
	13120 8064
4
	14656 8032
	16384 8032
	16384 8064
	14656 8064
4
	0 8064
	4768 8064
	4768 8096
	0 8096
4
	6720 8064
	7808 8064
	7808 8096
	6720 8096
4
	11296 8064
	12160 8064
	12160 8096
	11296 8096
4
	13120 8064
	13792 8064
	13792 8096
	13120 8096
4
	14656 8064
	16384 8064
	16384 8096
	14656 8096
4
	0 8096
	4768 8096
	4768 8128
	0 8128
4
	6720 8096
	7808 8096
	7808 8128
	6720 8128
4
	11296 8096
	12160 8096
	12160 8128
	11296 8128
4
	13120 8096
	13792 8096
	13792 8128
	13120 8128
4
	14656 8096
	16384 8096
	16384 8128
	14656 8128
4
	0 8128
	4768 8128
	4768 8160
	0 8160
4
	6720 8128
	7808 8128
	7808 8160
	6720 8160
4
	11296 8128
	12160 8128
	12160 8160
	11296 8160
4
	13120 8128
	13792 8128
	13792 8160
	13120 8160
4
	14656 8128
	16384 8128
	16384 8160
	14656 8160
4
	0 8160
	4864 8160
	4864 8192
	0 8192
4
	6720 8160
	7808 8160
	7808 8192
	6720 8192
4
	8288 8160
	8544 8160
	8544 8192
	8288 8192
4
	11296 8160
	12224 8160
	12224 8192
	11296 8192
4
	13120 8160
	13792 8160
	13792 8192
	13120 8192
4
	14656 8160
	16384 8160
	16384 8192
	14656 8192
4
	0 8192
	4864 8192
	4864 8224
	0 8224
4
	6720 8192
	7808 8192
	7808 8224
	6720 8224
4
	8288 8192
	8544 8192
	8544 8224
	8288 8224
4
	11296 8192
	12224 8192
	12224 8224
	11296 8224
4
	13120 8192
	13792 8192
	13792 8224
	13120 8224
4
	14656 8192
	16384 8192
	16384 8224
	14656 8224
4
	0 8224
	4864 8224
	4864 8256
	0 8256
4
	6720 8224
	7808 8224
	7808 8256
	6720 8256
4
	8288 8224
	8544 8224
	8544 8256
	8288 8256
4
	11296 8224
	12224 8224
	12224 8256
	11296 8256
4
	13120 8224
	13792 8224
	13792 8256
	13120 8256
4
	14656 8224
	16384 8224
	16384 8256
	14656 8256
4
	0 8256
	4928 8256
	4928 8288
	0 8288
4
	6720 8256
	7936 8256
	7936 8288
	6720 8288
4
	8192 8256
	8608 8256
	8608 8288
	8192 8288
4
	11232 8256
	12224 8256
	12224 8288
	11232 8288
4
	13120 8256
	13440 8256
	13440 8288
	13120 8288
4
	13504 8256
	13728 8256
	13728 8288
	13504 8288
4
	14720 8256
	14912 8256
	14912 8288
	14720 8288
4
	15072 8256
	16384 8256
	16384 8288
	15072 8288
4
	0 8288
	4928 8288
	4928 8320
	0 8320
4
	6720 8288
	7936 8288
	7936 8320
	6720 8320
4
	8192 8288
	8608 8288
	8608 8320
	8192 8320
4
	11232 8288
	12224 8288
	12224 8320
	11232 8320
4
	13120 8288
	13440 8288
	13440 8320
	13120 8320
4
	13504 8288
	13728 8288
	13728 8320
	13504 8320
4
	14720 8288
	14912 8288
	14912 8320
	14720 8320
4
	15072 8288
	16384 8288
	16384 8320
	15072 8320
4
	0 8320
	4928 8320
	4928 8352
	0 8352
4
	6720 8320
	7936 8320
	7936 8352
	6720 8352
4
	8192 8320
	8608 8320
	8608 8352
	8192 8352
4
	11232 8320
	12224 8320
	12224 8352
	11232 8352
4
	13120 8320
	13440 8320
	13440 8352
	13120 8352
4
	13504 8320
	13728 8320
	13728 8352
	13504 8352
4
	14720 8320
	14912 8320
	14912 8352
	14720 8352
4
	15072 8320
	16384 8320
	16384 8352
	15072 8352
4
	0 8352
	5056 8352
	5056 8384
	0 8384
4
	6784 8352
	8608 8352
	8608 8384
	6784 8384
4
	8960 8352
	9216 8352
	9216 8384
	8960 8384
4
	11232 8352
	12224 8352
	12224 8384
	11232 8384
4
	13184 8352
	13376 8352
	13376 8384
	13184 8384
4
	15136 8352
	16384 8352
	16384 8384
	15136 8384
4
	0 8384
	5056 8384
	5056 8416
	0 8416
4
	6784 8384
	8608 8384
	8608 8416
	6784 8416
4
	8960 8384
	9216 8384
	9216 8416
	8960 8416
4
	11232 8384
	12224 8384
	12224 8416
	11232 8416
4
	13184 8384
	13376 8384
	13376 8416
	13184 8416
4
	15136 8384
	16384 8384
	16384 8416
	15136 8416
4
	0 8416
	5120 8416
	5120 8448
	0 8448
4
	5728 8416
	5856 8416
	5856 8448
	5728 8448
4
	6720 8416
	8672 8416
	8672 8448
	6720 8448
4
	8960 8416
	9216 8416
	9216 8448
	8960 8448
4
	9888 8416
	10080 8416
	10080 8448
	9888 8448
4
	11232 8416
	12224 8416
	12224 8448
	11232 8448
4
	13184 8416
	13312 8416
	13312 8448
	13184 8448
4
	15200 8416
	16384 8416
	16384 8448
	15200 8448
4
	0 8448
	5120 8448
	5120 8480
	0 8480
4
	5728 8448
	5856 8448
	5856 8480
	5728 8480
4
	6720 8448
	8672 8448
	8672 8480
	6720 8480
4
	8960 8448
	9216 8448
	9216 8480
	8960 8480
4
	9888 8448
	10080 8448
	10080 8480
	9888 8480
4
	11232 8448
	12224 8448
	12224 8480
	11232 8480
4
	13184 8448
	13312 8448
	13312 8480
	13184 8480
4
	15200 8448
	16384 8448
	16384 8480
	15200 8480
4
	0 8480
	5120 8480
	5120 8512
	0 8512
4
	5728 8480
	5856 8480
	5856 8512
	5728 8512
4
	6720 8480
	8672 8480
	8672 8512
	6720 8512
4
	8960 8480
	9216 8480
	9216 8512
	8960 8512
4
	9888 8480
	10080 8480
	10080 8512
	9888 8512
4
	11232 8480
	12224 8480
	12224 8512
	11232 8512
4
	13184 8480
	13312 8480
	13312 8512
	13184 8512
4
	15200 8480
	16384 8480
	16384 8512
	15200 8512
4
	0 8512
	5184 8512
	5184 8544
	0 8544
4
	5312 8512
	5440 8512
	5440 8544
	5312 8544
4
	5600 8512
	5920 8512
	5920 8544
	5600 8544
4
	6656 8512
	9216 8512
	9216 8544
	6656 8544
4
	9824 8512
	10080 8512
	10080 8544
	9824 8544
4
	10304 8512
	10496 8512
	10496 8544
	10304 8544
4
	11232 8512
	12224 8512
	12224 8544
	11232 8544
4
	15264 8512
	16384 8512
	16384 8544
	15264 8544
4
	0 8544
	5184 8544
	5184 8576
	0 8576
4
	5312 8544
	5440 8544
	5440 8576
	5312 8576
4
	5600 8544
	5920 8544
	5920 8576
	5600 8576
4
	6656 8544
	9216 8544
	9216 8576
	6656 8576
4
	9824 8544
	10080 8544
	10080 8576
	9824 8576
4
	10304 8544
	10496 8544
	10496 8576
	10304 8576
4
	11232 8544
	12224 8544
	12224 8576
	11232 8576
4
	15264 8544
	16384 8544
	16384 8576
	15264 8576
4
	0 8576
	5184 8576
	5184 8608
	0 8608
4
	5312 8576
	5440 8576
	5440 8608
	5312 8608
4
	5600 8576
	5920 8576
	5920 8608
	5600 8608
4
	6656 8576
	9216 8576
	9216 8608
	6656 8608
4
	9824 8576
	10080 8576
	10080 8608
	9824 8608
4
	10304 8576
	10496 8576
	10496 8608
	10304 8608
4
	11232 8576
	12224 8576
	12224 8608
	11232 8608
4
	15264 8576
	16384 8576
	16384 8608
	15264 8608
4
	0 8608
	5248 8608
	5248 8640
	0 8640
4
	5312 8608
	5440 8608
	5440 8640
	5312 8640
4
	5600 8608
	5984 8608
	5984 8640
	5600 8640
4
	6592 8608
	9216 8608
	9216 8640
	6592 8640
4
	9824 8608
	10144 8608
	10144 8640
	9824 8640
4
	10208 8608
	10560 8608
	10560 8640
	10208 8640
4
	11232 8608
	12160 8608
	12160 8640
	11232 8640
4
	15328 8608
	16384 8608
	16384 8640
	15328 8640
4
	0 8640
	5248 8640
	5248 8672
	0 8672
4
	5312 8640
	5440 8640
	5440 8672
	5312 8672
4
	5600 8640
	5984 8640
	5984 8672
	5600 8672
4
	6592 8640
	9216 8640
	9216 8672
	6592 8672
4
	9824 8640
	10144 8640
	10144 8672
	9824 8672
4
	10208 8640
	10560 8640
	10560 8672
	10208 8672
4
	11232 8640
	12160 8640
	12160 8672
	11232 8672
4
	15328 8640
	16384 8640
	16384 8672
	15328 8672
4
	0 8672
	5248 8672
	5248 8704
	0 8704
4
	5312 8672
	5440 8672
	5440 8704
	5312 8704
4
	5600 8672
	5984 8672
	5984 8704
	5600 8704
4
	6592 8672
	9216 8672
	9216 8704
	6592 8704
4
	9824 8672
	10144 8672
	10144 8704
	9824 8704
4
	10208 8672
	10560 8672
	10560 8704
	10208 8704
4
	11232 8672
	12160 8672
	12160 8704
	11232 8704
4
	15328 8672
	16384 8672
	16384 8704
	15328 8704
4
	0 8704
	5440 8704
	5440 8736
	0 8736
4
	5600 8704
	5984 8704
	5984 8736
	5600 8736
4
	6592 8704
	10560 8704
	10560 8736
	6592 8736
4
	11296 8704
	12160 8704
	12160 8736
	11296 8736
4
	15392 8704
	16384 8704
	16384 8736
	15392 8736
4
	0 8736
	5440 8736
	5440 8768
	0 8768
4
	5600 8736
	5984 8736
	5984 8768
	5600 8768
4
	6592 8736
	10560 8736
	10560 8768
	6592 8768
4
	11296 8736
	12160 8736
	12160 8768
	11296 8768
4
	15392 8736
	16384 8736
	16384 8768
	15392 8768
4
	0 8768
	5984 8768
	5984 8800
	0 8800
4
	6592 8768
	10560 8768
	10560 8800
	6592 8800
4
	11360 8768
	12160 8768
	12160 8800
	11360 8800
4
	15456 8768
	16384 8768
	16384 8800
	15456 8800
4
	0 8800
	5984 8800
	5984 8832
	0 8832
4
	6592 8800
	10560 8800
	10560 8832
	6592 8832
4
	11360 8800
	12160 8800
	12160 8832
	11360 8832
4
	15456 8800
	16384 8800
	16384 8832
	15456 8832
4
	0 8832
	5984 8832
	5984 8864
	0 8864
4
	6592 8832
	10560 8832
	10560 8864
	6592 8864
4
	11360 8832
	12160 8832
	12160 8864
	11360 8864
4
	15456 8832
	16384 8832
	16384 8864
	15456 8864
4
	0 8864
	5984 8864
	5984 8896
	0 8896
4
	6592 8864
	10560 8864
	10560 8896
	6592 8896
4
	11424 8864
	12096 8864
	12096 8896
	11424 8896
4
	15520 8864
	16384 8864
	16384 8896
	15520 8896
4
	0 8896
	5984 8896
	5984 8928
	0 8928
4
	6592 8896
	10560 8896
	10560 8928
	6592 8928
4
	11424 8896
	12096 8896
	12096 8928
	11424 8928
4
	15520 8896
	16384 8896
	16384 8928
	15520 8928
4
	0 8928
	5984 8928
	5984 8960
	0 8960
4
	6592 8928
	10560 8928
	10560 8960
	6592 8960
4
	11424 8928
	12096 8928
	12096 8960
	11424 8960
4
	15520 8928
	16384 8928
	16384 8960
	15520 8960
4
	0 8960
	5984 8960
	5984 8992
	0 8992
4
	6656 8960
	10560 8960
	10560 8992
	6656 8992
4
	11488 8960
	12032 8960
	12032 8992
	11488 8992
4
	15584 8960
	16384 8960
	16384 8992
	15584 8992
4
	0 8992
	5984 8992
	5984 9024
	0 9024
4
	6656 8992
	10560 8992
	10560 9024
	6656 9024
4
	11488 8992
	12032 8992
	12032 9024
	11488 9024
4
	15584 8992
	16384 8992
	16384 9024
	15584 9024
4
	0 9024
	5984 9024
	5984 9056
	0 9056
4
	6656 9024
	10560 9024
	10560 9056
	6656 9056
4
	11488 9024
	12032 9024
	12032 9056
	11488 9056
4
	15584 9024
	16384 9024
	16384 9056
	15584 9056
4
	0 9056
	5984 9056
	5984 9088
	0 9088
4
	6656 9056
	10688 9056
	10688 9088
	6656 9088
4
	14720 9056
	14976 9056
	14976 9088
	14720 9088
4
	15584 9056
	16384 9056
	16384 9088
	15584 9088
4
	0 9088
	5984 9088
	5984 9120
	0 9120
4
	6656 9088
	10688 9088
	10688 9120
	6656 9120
4
	14720 9088
	14976 9088
	14976 9120
	14720 9120
4
	15584 9088
	16384 9088
	16384 9120
	15584 9120
4
	0 9120
	5984 9120
	5984 9152
	0 9152
4
	6656 9120
	10752 9120
	10752 9152
	6656 9152
4
	14592 9120
	15072 9120
	15072 9152
	14592 9152
4
	15584 9120
	16384 9120
	16384 9152
	15584 9152
4
	0 9152
	5984 9152
	5984 9184
	0 9184
4
	6656 9152
	10752 9152
	10752 9184
	6656 9184
4
	14592 9152
	15072 9152
	15072 9184
	14592 9184
4
	15584 9152
	16384 9152
	16384 9184
	15584 9184
4
	0 9184
	5984 9184
	5984 9216
	0 9216
4
	6656 9184
	10752 9184
	10752 9216
	6656 9216
4
	14592 9184
	15072 9184
	15072 9216
	14592 9216
4
	15584 9184
	16384 9184
	16384 9216
	15584 9216
4
	0 9216
	5984 9216
	5984 9248
	0 9248
4
	6656 9216
	10816 9216
	10816 9248
	6656 9248
4
	12896 9216
	13184 9216
	13184 9248
	12896 9248
4
	14592 9216
	15136 9216
	15136 9248
	14592 9248
4
	15328 9216
	16384 9216
	16384 9248
	15328 9248
4
	0 9248
	5984 9248
	5984 9280
	0 9280
4
	6656 9248
	10816 9248
	10816 9280
	6656 9280
4
	12896 9248
	13184 9248
	13184 9280
	12896 9280
4
	14592 9248
	15136 9248
	15136 9280
	14592 9280
4
	15328 9248
	16384 9248
	16384 9280
	15328 9280
4
	0 9280
	5984 9280
	5984 9312
	0 9312
4
	6656 9280
	10816 9280
	10816 9312
	6656 9312
4
	12896 9280
	13184 9280
	13184 9312
	12896 9312
4
	14592 9280
	15136 9280
	15136 9312
	14592 9312
4
	15328 9280
	16384 9280
	16384 9312
	15328 9312
4
	0 9312
	5984 9312
	5984 9344
	0 9344
4
	6720 9312
	10880 9312
	10880 9344
	6720 9344
4
	12832 9312
	13184 9312
	13184 9344
	12832 9344
4
	14464 9312
	15136 9312
	15136 9344
	14464 9344
4
	15328 9312
	16384 9312
	16384 9344
	15328 9344
4
	0 9344
	5984 9344
	5984 9376
	0 9376
4
	6720 9344
	10880 9344
	10880 9376
	6720 9376
4
	12832 9344
	13184 9344
	13184 9376
	12832 9376
4
	14464 9344
	15136 9344
	15136 9376
	14464 9376
4
	15328 9344
	16384 9344
	16384 9376
	15328 9376
4
	0 9376
	5984 9376
	5984 9408
	0 9408
4
	6720 9376
	11168 9376
	11168 9408
	6720 9408
4
	12768 9376
	13184 9376
	13184 9408
	12768 9408
4
	14464 9376
	15136 9376
	15136 9408
	14464 9408
4
	15328 9376
	16384 9376
	16384 9408
	15328 9408
4
	0 9408
	5984 9408
	5984 9440
	0 9440
4
	6720 9408
	11168 9408
	11168 9440
	6720 9440
4
	12768 9408
	13184 9408
	13184 9440
	12768 9440
4
	14464 9408
	15136 9408
	15136 9440
	14464 9440
4
	15328 9408
	16384 9408
	16384 9440
	15328 9440
4
	0 9440
	5984 9440
	5984 9472
	0 9472
4
	6720 9440
	11168 9440
	11168 9472
	6720 9472
4
	12768 9440
	13184 9440
	13184 9472
	12768 9472
4
	14464 9440
	15136 9440
	15136 9472
	14464 9472
4
	15328 9440
	16384 9440
	16384 9472
	15328 9472
4
	0 9472
	5984 9472
	5984 9504
	0 9504
4
	6720 9472
	11232 9472
	11232 9504
	6720 9504
4
	12384 9472
	12512 9472
	12512 9504
	12384 9504
4
	12768 9472
	13184 9472
	13184 9504
	12768 9504
4
	14048 9472
	14400 9472
	14400 9504
	14048 9504
4
	14592 9472
	15072 9472
	15072 9504
	14592 9504
4
	15328 9472
	16384 9472
	16384 9504
	15328 9504
4
	0 9504
	5984 9504
	5984 9536
	0 9536
4
	6720 9504
	11232 9504
	11232 9536
	6720 9536
4
	12384 9504
	12512 9504
	12512 9536
	12384 9536
4
	12768 9504
	13184 9504
	13184 9536
	12768 9536
4
	14048 9504
	14400 9504
	14400 9536
	14048 9536
4
	14592 9504
	15072 9504
	15072 9536
	14592 9536
4
	15328 9504
	16384 9504
	16384 9536
	15328 9536
4
	0 9536
	5984 9536
	5984 9568
	0 9568
4
	6720 9536
	11232 9536
	11232 9568
	6720 9568
4
	12384 9536
	12512 9536
	12512 9568
	12384 9568
4
	12768 9536
	13184 9536
	13184 9568
	12768 9568
4
	14048 9536
	14400 9536
	14400 9568
	14048 9568
4
	14592 9536
	15072 9536
	15072 9568
	14592 9568
4
	15328 9536
	16384 9536
	16384 9568
	15328 9568
4
	0 9568
	5984 9568
	5984 9600
	0 9600
4
	6720 9568
	11232 9568
	11232 9600
	6720 9600
4
	12096 9568
	12576 9568
	12576 9600
	12096 9600
4
	12640 9568
	13184 9568
	13184 9600
	12640 9600
4
	14112 9568
	14400 9568
	14400 9600
	14112 9600
4
	14592 9568
	15072 9568
	15072 9600
	14592 9600
4
	15328 9568
	16384 9568
	16384 9600
	15328 9600
4
	0 9600
	5984 9600
	5984 9632
	0 9632
4
	6720 9600
	11232 9600
	11232 9632
	6720 9632
4
	12096 9600
	12576 9600
	12576 9632
	12096 9632
4
	12640 9600
	13184 9600
	13184 9632
	12640 9632
4
	14112 9600
	14400 9600
	14400 9632
	14112 9632
4
	14592 9600
	15072 9600
	15072 9632
	14592 9632
4
	15328 9600
	16384 9600
	16384 9632
	15328 9632
4
	0 9632
	5984 9632
	5984 9664
	0 9664
4
	6720 9632
	11232 9632
	11232 9664
	6720 9664
4
	12096 9632
	12576 9632
	12576 9664
	12096 9664
4
	12640 9632
	13184 9632
	13184 9664
	12640 9664
4
	14112 9632
	14400 9632
	14400 9664
	14112 9664
4
	14592 9632
	15072 9632
	15072 9664
	14592 9664
4
	15328 9632
	16384 9632
	16384 9664
	15328 9664
4
	0 9664
	6048 9664
	6048 9696
	0 9696
4
	6784 9664
	11168 9664
	11168 9696
	6784 9696
4
	12032 9664
	13056 9664
	13056 9696
	12032 9696
4
	14112 9664
	14400 9664
	14400 9696
	14112 9696
4
	14720 9664
	14976 9664
	14976 9696
	14720 9696
4
	15584 9664
	16384 9664
	16384 9696
	15584 9696
4
	0 9696
	6048 9696
	6048 9728
	0 9728
4
	6784 9696
	11168 9696
	11168 9728
	6784 9728
4
	12032 9696
	13056 9696
	13056 9728
	12032 9728
4
	14112 9696
	14400 9696
	14400 9728
	14112 9728
4
	14720 9696
	14976 9696
	14976 9728
	14720 9728
4
	15584 9696
	16384 9696
	16384 9728
	15584 9728
4
	0 9728
	6112 9728
	6112 9760
	0 9760
4
	6784 9728
	11040 9728
	11040 9760
	6784 9760
4
	11968 9728
	12896 9728
	12896 9760
	11968 9760
4
	15584 9728
	16384 9728
	16384 9760
	15584 9760
4
	0 9760
	6112 9760
	6112 9792
	0 9792
4
	6784 9760
	11040 9760
	11040 9792
	6784 9792
4
	11968 9760
	12896 9760
	12896 9792
	11968 9792
4
	15584 9760
	16384 9760
	16384 9792
	15584 9792
4
	0 9792
	6112 9792
	6112 9824
	0 9824
4
	6784 9792
	11040 9792
	11040 9824
	6784 9824
4
	11968 9792
	12896 9792
	12896 9824
	11968 9824
4
	15584 9792
	16384 9792
	16384 9824
	15584 9824
4
	0 9824
	6112 9824
	6112 9856
	0 9856
4
	6784 9824
	10976 9824
	10976 9856
	6784 9856
4
	11968 9824
	12896 9824
	12896 9856
	11968 9856
4
	15584 9824
	16384 9824
	16384 9856
	15584 9856
4
	0 9856
	6112 9856
	6112 9888
	0 9888
4
	6784 9856
	10976 9856
	10976 9888
	6784 9888
4
	11968 9856
	12896 9856
	12896 9888
	11968 9888
4
	15584 9856
	16384 9856
	16384 9888
	15584 9888
4
	0 9888
	6112 9888
	6112 9920
	0 9920
4
	6784 9888
	10976 9888
	10976 9920
	6784 9920
4
	11968 9888
	12896 9888
	12896 9920
	11968 9920
4
	15584 9888
	16384 9888
	16384 9920
	15584 9920
4
	0 9920
	6112 9920
	6112 9952
	0 9952
4
	6880 9920
	11040 9920
	11040 9952
	6880 9952
4
	12032 9920
	12896 9920
	12896 9952
	12032 9952
4
	15520 9920
	16384 9920
	16384 9952
	15520 9952
4
	0 9952
	6112 9952
	6112 9984
	0 9984
4
	6880 9952
	11040 9952
	11040 9984
	6880 9984
4
	12032 9952
	12896 9952
	12896 9984
	12032 9984
4
	15520 9952
	16384 9952
	16384 9984
	15520 9984
4
	0 9984
	6112 9984
	6112 10016
	0 10016
4
	6880 9984
	11040 9984
	11040 10016
	6880 10016
4
	12032 9984
	12896 9984
	12896 10016
	12032 10016
4
	15520 9984
	16384 9984
	16384 10016
	15520 10016
4
	0 10016
	6112 10016
	6112 10048
	0 10048
4
	6784 10016
	11168 10016
	11168 10048
	6784 10048
4
	12032 10016
	12896 10016
	12896 10048
	12032 10048
4
	15520 10016
	16384 10016
	16384 10048
	15520 10048
4
	0 10048
	6112 10048
	6112 10080
	0 10080
4
	6784 10048
	11168 10048
	11168 10080
	6784 10080
4
	12032 10048
	12896 10048
	12896 10080
	12032 10080
4
	15520 10048
	16384 10048
	16384 10080
	15520 10080
4
	0 10080
	6112 10080
	6112 10112
	0 10112
4
	6784 10080
	11360 10080
	11360 10112
	6784 10112
4
	11968 10080
	12960 10080
	12960 10112
	11968 10112
4
	15520 10080
	16384 10080
	16384 10112
	15520 10112
4
	0 10112
	6112 10112
	6112 10144
	0 10144
4
	6784 10112
	11360 10112
	11360 10144
	6784 10144
4
	11968 10112
	12960 10112
	12960 10144
	11968 10144
4
	15520 10112
	16384 10112
	16384 10144
	15520 10144
4
	0 10144
	6112 10144
	6112 10176
	0 10176
4
	6784 10144
	11360 10144
	11360 10176
	6784 10176
4
	11968 10144
	12960 10144
	12960 10176
	11968 10176
4
	15520 10144
	16384 10144
	16384 10176
	15520 10176
4
	0 10176
	6112 10176
	6112 10208
	0 10208
4
	6784 10176
	12960 10176
	12960 10208
	6784 10208
4
	13184 10176
	13376 10176
	13376 10208
	13184 10208
4
	15456 10176
	16384 10176
	16384 10208
	15456 10208
4
	0 10208
	6112 10208
	6112 10240
	0 10240
4
	6784 10208
	12960 10208
	12960 10240
	6784 10240
4
	13184 10208
	13376 10208
	13376 10240
	13184 10240
4
	15456 10208
	16384 10208
	16384 10240
	15456 10240
4
	0 10240
	6112 10240
	6112 10272
	0 10272
4
	6784 10240
	12960 10240
	12960 10272
	6784 10272
4
	13184 10240
	13376 10240
	13376 10272
	13184 10272
4
	15456 10240
	16384 10240
	16384 10272
	15456 10272
4
	0 10272
	6112 10272
	6112 10304
	0 10304
4
	6784 10272
	12960 10272
	12960 10304
	6784 10304
4
	13184 10272
	13440 10272
	13440 10304
	13184 10304
4
	15456 10272
	16384 10272
	16384 10304
	15456 10304
4
	0 10304
	6112 10304
	6112 10336
	0 10336
4
	6784 10304
	12960 10304
	12960 10336
	6784 10336
4
	13184 10304
	13440 10304
	13440 10336
	13184 10336
4
	15456 10304
	16384 10304
	16384 10336
	15456 10336
4
	0 10336
	6112 10336
	6112 10368
	0 10368
4
	6784 10336
	12960 10336
	12960 10368
	6784 10368
4
	13184 10336
	13440 10336
	13440 10368
	13184 10368
4
	15456 10336
	16384 10336
	16384 10368
	15456 10368
4
	0 10368
	6112 10368
	6112 10400
	0 10400
4
	6784 10368
	13056 10368
	13056 10400
	6784 10400
4
	13120 10368
	13504 10368
	13504 10400
	13120 10400
4
	15392 10368
	16384 10368
	16384 10400
	15392 10400
4
	0 10400
	6112 10400
	6112 10432
	0 10432
4
	6784 10400
	13056 10400
	13056 10432
	6784 10432
4
	13120 10400
	13504 10400
	13504 10432
	13120 10432
4
	15392 10400
	16384 10400
	16384 10432
	15392 10432
4
	0 10432
	6208 10432
	6208 10464
	0 10464
4
	6784 10432
	13568 10432
	13568 10464
	6784 10464
4
	15392 10432
	16384 10432
	16384 10464
	15392 10464
4
	0 10464
	6208 10464
	6208 10496
	0 10496
4
	6784 10464
	13568 10464
	13568 10496
	6784 10496
4
	15392 10464
	16384 10464
	16384 10496
	15392 10496
4
	0 10496
	6208 10496
	6208 10528
	0 10528
4
	6784 10496
	13568 10496
	13568 10528
	6784 10528
4
	15392 10496
	16384 10496
	16384 10528
	15392 10528
4
	0 10528
	6208 10528
	6208 10560
	0 10560
4
	6592 10528
	13632 10528
	13632 10560
	6592 10560
4
	14848 10528
	15136 10528
	15136 10560
	14848 10560
4
	15328 10528
	16384 10528
	16384 10560
	15328 10560
4
	0 10560
	6208 10560
	6208 10592
	0 10592
4
	6592 10560
	13632 10560
	13632 10592
	6592 10592
4
	14848 10560
	15136 10560
	15136 10592
	14848 10592
4
	15328 10560
	16384 10560
	16384 10592
	15328 10592
4
	0 10592
	6208 10592
	6208 10624
	0 10624
4
	6592 10592
	13632 10592
	13632 10624
	6592 10624
4
	14848 10592
	15136 10592
	15136 10624
	14848 10624
4
	15328 10592
	16384 10592
	16384 10624
	15328 10624
4
	0 10624
	6208 10624
	6208 10656
	0 10656
4
	6592 10624
	13632 10624
	13632 10656
	6592 10656
4
	14720 10624
	15136 10624
	15136 10656
	14720 10656
4
	15264 10624
	16384 10624
	16384 10656
	15264 10656
4
	0 10656
	6208 10656
	6208 10688
	0 10688
4
	6592 10656
	13632 10656
	13632 10688
	6592 10688
4
	14720 10656
	15136 10656
	15136 10688
	14720 10688
4
	15264 10656
	16384 10656
	16384 10688
	15264 10688
4
	0 10688
	6208 10688
	6208 10720
	0 10720
4
	6592 10688
	13632 10688
	13632 10720
	6592 10720
4
	14720 10688
	15136 10688
	15136 10720
	14720 10720
4
	15264 10688
	16384 10688
	16384 10720
	15264 10720
4
	0 10720
	6112 10720
	6112 10752
	0 10752
4
	6784 10720
	13728 10720
	13728 10752
	6784 10752
4
	14720 10720
	16384 10720
	16384 10752
	14720 10752
4
	0 10752
	6112 10752
	6112 10784
	0 10784
4
	6784 10752
	13728 10752
	13728 10784
	6784 10784
4
	14720 10752
	16384 10752
	16384 10784
	14720 10784
4
	0 10784
	6112 10784
	6112 10816
	0 10816
4
	6784 10784
	13728 10784
	13728 10816
	6784 10816
4
	13856 10784
	13920 10784
	13920 10816
	13856 10816
4
	14720 10784
	16384 10784
	16384 10816
	14720 10816
4
	0 10816
	6112 10816
	6112 10848
	0 10848
4
	6784 10816
	13728 10816
	13728 10848
	6784 10848
4
	13856 10816
	13920 10816
	13920 10848
	13856 10848
4
	14720 10816
	16384 10816
	16384 10848
	14720 10848
4
	0 10848
	6112 10848
	6112 10880
	0 10880
4
	6784 10848
	13728 10848
	13728 10880
	6784 10880
4
	13856 10848
	13920 10848
	13920 10880
	13856 10880
4
	14720 10848
	16384 10848
	16384 10880
	14720 10880
4
	0 10880
	6112 10880
	6112 10912
	0 10912
4
	6784 10880
	13984 10880
	13984 10912
	6784 10912
4
	14912 10880
	16384 10880
	16384 10912
	14912 10912
4
	0 10912
	6112 10912
	6112 10944
	0 10944
4
	6784 10912
	13984 10912
	13984 10944
	6784 10944
4
	14912 10912
	16384 10912
	16384 10944
	14912 10944
4
	0 10944
	6112 10944
	6112 10976
	0 10976
4
	6784 10944
	13984 10944
	13984 10976
	6784 10976
4
	14912 10944
	16384 10944
	16384 10976
	14912 10976
4
	0 10976
	6112 10976
	6112 11008
	0 11008
4
	6880 10976
	13984 10976
	13984 11008
	6880 11008
4
	14848 10976
	16384 10976
	16384 11008
	14848 11008
4
	0 11008
	6112 11008
	6112 11040
	0 11040
4
	6880 11008
	13984 11008
	13984 11040
	6880 11040
4
	14848 11008
	16384 11008
	16384 11040
	14848 11040
4
	0 11040
	6112 11040
	6112 11072
	0 11072
4
	6880 11040
	13984 11040
	13984 11072
	6880 11072
4
	14848 11040
	16384 11040
	16384 11072
	14848 11072
4
	0 11072
	6112 11072
	6112 11104
	0 11104
4
	6880 11072
	13984 11072
	13984 11104
	6880 11104
4
	14848 11072
	16384 11072
	16384 11104
	14848 11104
4
	0 11104
	6112 11104
	6112 11136
	0 11136
4
	6880 11104
	13984 11104
	13984 11136
	6880 11136
4
	14848 11104
	16384 11104
	16384 11136
	14848 11136
4
	0 11136
	6208 11136
	6208 11168
	0 11168
4
	6880 11136
	14176 11136
	14176 11168
	6880 11168
4
	14912 11136
	16384 11136
	16384 11168
	14912 11168
4
	0 11168
	6208 11168
	6208 11200
	0 11200
4
	6880 11168
	14176 11168
	14176 11200
	6880 11200
4
	14912 11168
	16384 11168
	16384 11200
	14912 11200
4
	0 11200
	6208 11200
	6208 11232
	0 11232
4
	6880 11200
	14176 11200
	14176 11232
	6880 11232
4
	14912 11200
	16384 11200
	16384 11232
	14912 11232
4
	0 11232
	6208 11232
	6208 11264
	0 11264
4
	6880 11232
	14304 11232
	14304 11264
	6880 11264
4
	14848 11232
	16384 11232
	16384 11264
	14848 11264
4
	0 11264
	6208 11264
	6208 11296
	0 11296
4
	6880 11264
	14304 11264
	14304 11296
	6880 11296
4
	14848 11264
	16384 11264
	16384 11296
	14848 11296
4
	0 11296
	6208 11296
	6208 11328
	0 11328
4
	6880 11296
	14304 11296
	14304 11328
	6880 11328
4
	14848 11296
	16384 11296
	16384 11328
	14848 11328
4
	0 11328
	6208 11328
	6208 11360
	0 11360
4
	6880 11328
	13504 11328
	13504 11360
	6880 11360
4
	13920 11328
	14400 11328
	14400 11360
	13920 11360
4
	14784 11328
	16384 11328
	16384 11360
	14784 11360
4
	0 11360
	6208 11360
	6208 11392
	0 11392
4
	6880 11360
	13504 11360
	13504 11392
	6880 11392
4
	13920 11360
	14400 11360
	14400 11392
	13920 11392
4
	14784 11360
	16384 11360
	16384 11392
	14784 11392
4
	0 11392
	6208 11392
	6208 11424
	0 11424
4
	6880 11392
	13504 11392
	13504 11424
	6880 11424
4
	14112 11392
	14400 11392
	14400 11424
	14112 11424
4
	14848 11392
	16384 11392
	16384 11424
	14848 11424
4
	0 11424
	6208 11424
	6208 11456
	0 11456
4
	6880 11424
	13504 11424
	13504 11456
	6880 11456
4
	14112 11424
	14400 11424
	14400 11456
	14112 11456
4
	14848 11424
	16384 11424
	16384 11456
	14848 11456
4
	0 11456
	6208 11456
	6208 11488
	0 11488
4
	6880 11456
	13504 11456
	13504 11488
	6880 11488
4
	14112 11456
	14400 11456
	14400 11488
	14112 11488
4
	14848 11456
	16384 11456
	16384 11488
	14848 11488
4
	0 11488
	6208 11488
	6208 11520
	0 11520
4
	6880 11488
	13504 11488
	13504 11520
	6880 11520
4
	14240 11488
	14464 11488
	14464 11520
	14240 11520
4
	14912 11488
	16384 11488
	16384 11520
	14912 11520
4
	0 11520
	6208 11520
	6208 11552
	0 11552
4
	6880 11520
	13504 11520
	13504 11552
	6880 11552
4
	14240 11520
	14464 11520
	14464 11552
	14240 11552
4
	14912 11520
	16384 11520
	16384 11552
	14912 11552
4
	0 11552
	6208 11552
	6208 11584
	0 11584
4
	6880 11552
	13504 11552
	13504 11584
	6880 11584
4
	14240 11552
	14464 11552
	14464 11584
	14240 11584
4
	14912 11552
	16384 11552
	16384 11584
	14912 11584
4
	0 11584
	6208 11584
	6208 11616
	0 11616
4
	6880 11584
	13440 11584
	13440 11616
	6880 11616
4
	14976 11584
	16384 11584
	16384 11616
	14976 11616
4
	0 11616
	6208 11616
	6208 11648
	0 11648
4
	6880 11616
	13440 11616
	13440 11648
	6880 11648
4
	14976 11616
	16384 11616
	16384 11648
	14976 11648
4
	0 11648
	6208 11648
	6208 11680
	0 11680
4
	6880 11648
	13440 11648
	13440 11680
	6880 11680
4
	14976 11648
	16384 11648
	16384 11680
	14976 11680
4
	0 11680
	6336 11680
	6336 11712
	0 11712
4
	6880 11680
	13440 11680
	13440 11712
	6880 11712
4
	14976 11680
	16384 11680
	16384 11712
	14976 11712
4
	0 11712
	6336 11712
	6336 11744
	0 11744
4
	6880 11712
	13440 11712
	13440 11744
	6880 11744
4
	14976 11712
	16384 11712
	16384 11744
	14976 11744
4
	0 11744
	6336 11744
	6336 11776
	0 11776
4
	6880 11744
	13376 11744
	13376 11776
	6880 11776
4
	14976 11744
	16384 11744
	16384 11776
	14976 11776
4
	0 11776
	6336 11776
	6336 11808
	0 11808
4
	6880 11776
	13376 11776
	13376 11808
	6880 11808
4
	14976 11776
	16384 11776
	16384 11808
	14976 11808
4
	0 11808
	6336 11808
	6336 11840
	0 11840
4
	6880 11808
	13376 11808
	13376 11840
	6880 11840
4
	14976 11808
	16384 11808
	16384 11840
	14976 11840
4
	0 11840
	6272 11840
	6272 11872
	0 11872
4
	6944 11840
	13312 11840
	13312 11872
	6944 11872
4
	15072 11840
	16384 11840
	16384 11872
	15072 11872
4
	0 11872
	6272 11872
	6272 11904
	0 11904
4
	6944 11872
	13312 11872
	13312 11904
	6944 11904
4
	15072 11872
	16384 11872
	16384 11904
	15072 11904
4
	0 11904
	6272 11904
	6272 11936
	0 11936
4
	6944 11904
	13312 11904
	13312 11936
	6944 11936
4
	15072 11904
	16384 11904
	16384 11936
	15072 11936
4
	0 11936
	6272 11936
	6272 11968
	0 11968
4
	6944 11936
	13248 11936
	13248 11968
	6944 11968
4
	15072 11936
	16384 11936
	16384 11968
	15072 11968
4
	0 11968
	6272 11968
	6272 12000
	0 12000
4
	6944 11968
	13248 11968
	13248 12000
	6944 12000
4
	15072 11968
	16384 11968
	16384 12000
	15072 12000
4
	0 12000
	6272 12000
	6272 12032
	0 12032
4
	6944 12000
	13248 12000
	13248 12032
	6944 12032
4
	15072 12000
	16384 12000
	16384 12032
	15072 12032
4
	0 12032
	6272 12032
	6272 12064
	0 12064
4
	6944 12032
	13248 12032
	13248 12064
	6944 12064
4
	15072 12032
	16384 12032
	16384 12064
	15072 12064
4
	0 12064
	6272 12064
	6272 12096
	0 12096
4
	6944 12064
	13248 12064
	13248 12096
	6944 12096
4
	15072 12064
	16384 12064
	16384 12096
	15072 12096
4
	0 12096
	6272 12096
	6272 12128
	0 12128
4
	7072 12096
	13248 12096
	13248 12128
	7072 12128
4
	14912 12096
	14976 12096
	14976 12128
	14912 12128
4
	15072 12096
	16384 12096
	16384 12128
	15072 12128
4
	0 12128
	6272 12128
	6272 12160
	0 12160
4
	7072 12128
	13248 12128
	13248 12160
	7072 12160
4
	14912 12128
	14976 12128
	14976 12160
	14912 12160
4
	15072 12128
	16384 12128
	16384 12160
	15072 12160
4
	0 12160
	6272 12160
	6272 12192
	0 12192
4
	7072 12160
	13248 12160
	13248 12192
	7072 12192
4
	14912 12160
	14976 12160
	14976 12192
	14912 12192
4
	15072 12160
	16384 12160
	16384 12192
	15072 12192
4
	0 12192
	6208 12192
	6208 12224
	0 12224
4
	7136 12192
	13184 12192
	13184 12224
	7136 12224
4
	14848 12192
	16384 12192
	16384 12224
	14848 12224
4
	0 12224
	6208 12224
	6208 12256
	0 12256
4
	7136 12224
	13184 12224
	13184 12256
	7136 12256
4
	14848 12224
	16384 12224
	16384 12256
	14848 12256
4
	0 12256
	6208 12256
	6208 12288
	0 12288
4
	7136 12256
	13184 12256
	13184 12288
	7136 12288
4
	14848 12256
	16384 12256
	16384 12288
	14848 12288
4
	0 12288
	6048 12288
	6048 12320
	0 12320
4
	7328 12288
	13056 12288
	13056 12320
	7328 12320
4
	14848 12288
	16384 12288
	16384 12320
	14848 12320
4
	0 12320
	6048 12320
	6048 12352
	0 12352
4
	7328 12320
	13056 12320
	13056 12352
	7328 12352
4
	14848 12320
	16384 12320
	16384 12352
	14848 12352
4
	0 12352
	6048 12352
	6048 12384
	0 12384
4
	7328 12352
	13056 12352
	13056 12384
	7328 12384
4
	14848 12352
	16384 12352
	16384 12384
	14848 12384
4
	0 12384
	5984 12384
	5984 12416
	0 12416
4
	7392 12384
	12768 12384
	12768 12416
	7392 12416
4
	14784 12384
	16384 12384
	16384 12416
	14784 12416
4
	0 12416
	5984 12416
	5984 12448
	0 12448
4
	7392 12416
	12768 12416
	12768 12448
	7392 12448
4
	14784 12416
	16384 12416
	16384 12448
	14784 12448
4
	0 12448
	5984 12448
	5984 12480
	0 12480
4
	7456 12448
	12704 12448
	12704 12480
	7456 12480
4
	14784 12448
	16384 12448
	16384 12480
	14784 12480
4
	0 12480
	5984 12480
	5984 12512
	0 12512
4
	7456 12480
	12704 12480
	12704 12512
	7456 12512
4
	14784 12480
	16384 12480
	16384 12512
	14784 12512
4
	0 12512
	5984 12512
	5984 12544
	0 12544
4
	7456 12512
	12704 12512
	12704 12544
	7456 12544
4
	14784 12512
	16384 12512
	16384 12544
	14784 12544
4
	0 12544
	5984 12544
	5984 12576
	0 12576
4
	7456 12544
	12512 12544
	12512 12576
	7456 12576
4
	14784 12544
	16384 12544
	16384 12576
	14784 12576
4
	0 12576
	5984 12576
	5984 12608
	0 12608
4
	7456 12576
	12512 12576
	12512 12608
	7456 12608
4
	14784 12576
	16384 12576
	16384 12608
	14784 12608
4
	0 12608
	5984 12608
	5984 12640
	0 12640
4
	7456 12608
	12512 12608
	12512 12640
	7456 12640
4
	14784 12608
	16384 12608
	16384 12640
	14784 12640
4
	0 12640
	5984 12640
	5984 12672
	0 12672
4
	7456 12640
	12384 12640
	12384 12672
	7456 12672
4
	13440 12640
	13792 12640
	13792 12672
	13440 12672
4
	14784 12640
	16384 12640
	16384 12672
	14784 12672
4
	0 12672
	5984 12672
	5984 12704
	0 12704
4
	7456 12672
	12384 12672
	12384 12704
	7456 12704
4
	13440 12672
	13792 12672
	13792 12704
	13440 12704
4
	14784 12672
	16384 12672
	16384 12704
	14784 12704
4
	0 12704
	5984 12704
	5984 12736
	0 12736
4
	7456 12704
	12384 12704
	12384 12736
	7456 12736
4
	13440 12704
	13792 12704
	13792 12736
	13440 12736
4
	14784 12704
	16384 12704
	16384 12736
	14784 12736
4
	0 12736
	5920 12736
	5920 12768
	0 12768
4
	7552 12736
	12160 12736
	12160 12768
	7552 12768
4
	13376 12736
	13856 12736
	13856 12768
	13376 12768
4
	14848 12736
	16384 12736
	16384 12768
	14848 12768
4
	0 12768
	5920 12768
	5920 12800
	0 12800
4
	7552 12768
	12160 12768
	12160 12800
	7552 12800
4
	13376 12768
	13856 12768
	13856 12800
	13376 12800
4
	14848 12768
	16384 12768
	16384 12800
	14848 12800
4
	0 12800
	5856 12800
	5856 12832
	0 12832
4
	7616 12800
	12096 12800
	12096 12832
	7616 12832
4
	13376 12800
	13856 12800
	13856 12832
	13376 12832
4
	14848 12800
	16384 12800
	16384 12832
	14848 12832
4
	0 12832
	5856 12832
	5856 12864
	0 12864
4
	7616 12832
	12096 12832
	12096 12864
	7616 12864
4
	13376 12832
	13856 12832
	13856 12864
	13376 12864
4
	14848 12832
	16384 12832
	16384 12864
	14848 12864
4
	0 12864
	5856 12864
	5856 12896
	0 12896
4
	7616 12864
	12096 12864
	12096 12896
	7616 12896
4
	13376 12864
	13856 12864
	13856 12896
	13376 12896
4
	14848 12864
	16384 12864
	16384 12896
	14848 12896
4
	0 12896
	5792 12896
	5792 12928
	0 12928
4
	7680 12896
	11968 12896
	11968 12928
	7680 12928
4
	13376 12896
	13856 12896
	13856 12928
	13376 12928
4
	14784 12896
	16384 12896
	16384 12928
	14784 12928
4
	0 12928
	5792 12928
	5792 12960
	0 12960
4
	7680 12928
	11968 12928
	11968 12960
	7680 12960
4
	13376 12928
	13856 12928
	13856 12960
	13376 12960
4
	14784 12928
	16384 12928
	16384 12960
	14784 12960
4
	0 12960
	5792 12960
	5792 12992
	0 12992
4
	7680 12960
	11968 12960
	11968 12992
	7680 12992
4
	13376 12960
	13856 12960
	13856 12992
	13376 12992
4
	14784 12960
	16384 12960
	16384 12992
	14784 12992
4
	0 12992
	5728 12992
	5728 13024
	0 13024
4
	7744 12992
	10496 12992
	10496 13024
	7744 13024
4
	10752 12992
	11904 12992
	11904 13024
	10752 13024
4
	13440 12992
	13792 12992
	13792 13024
	13440 13024
4
	14720 12992
	16384 12992
	16384 13024
	14720 13024
4
	0 13024
	5728 13024
	5728 13056
	0 13056
4
	7744 13024
	10496 13024
	10496 13056
	7744 13056
4
	10752 13024
	11904 13024
	11904 13056
	10752 13056
4
	13440 13024
	13792 13024
	13792 13056
	13440 13056
4
	14720 13024
	16384 13024
	16384 13056
	14720 13056
4
	0 13056
	5440 13056
	5440 13088
	0 13088
4
	7872 13056
	10304 13056
	10304 13088
	7872 13088
4
	10816 13056
	11712 13056
	11712 13088
	10816 13088
4
	13376 13056
	13792 13056
	13792 13088
	13376 13088
4
	14656 13056
	16384 13056
	16384 13088
	14656 13088
4
	0 13088
	5440 13088
	5440 13120
	0 13120
4
	7872 13088
	10304 13088
	10304 13120
	7872 13120
4
	10816 13088
	11712 13088
	11712 13120
	10816 13120
4
	13376 13088
	13792 13088
	13792 13120
	13376 13120
4
	14656 13088
	16384 13088
	16384 13120
	14656 13120
4
	0 13120
	5440 13120
	5440 13152
	0 13152
4
	7872 13120
	10304 13120
	10304 13152
	7872 13152
4
	10816 13120
	11712 13120
	11712 13152
	10816 13152
4
	13376 13120
	13792 13120
	13792 13152
	13376 13152
4
	14656 13120
	16384 13120
	16384 13152
	14656 13152
4
	0 13152
	5440 13152
	5440 13184
	0 13184
4
	7936 13152
	8352 13152
	8352 13184
	7936 13184
4
	8544 13152
	10016 13152
	10016 13184
	8544 13184
4
	10880 13152
	11488 13152
	11488 13184
	10880 13184
4
	13248 13152
	13792 13152
	13792 13184
	13248 13184
4
	14592 13152
	16384 13152
	16384 13184
	14592 13184
4
	0 13184
	5440 13184
	5440 13216
	0 13216
4
	7936 13184
	8352 13184
	8352 13216
	7936 13216
4
	8544 13184
	10016 13184
	10016 13216
	8544 13216
4
	10880 13184
	11488 13184
	11488 13216
	10880 13216
4
	13248 13184
	13792 13184
	13792 13216
	13248 13216
4
	14592 13184
	16384 13184
	16384 13216
	14592 13216
4
	0 13216
	5440 13216
	5440 13248
	0 13248
4
	7936 13216
	8352 13216
	8352 13248
	7936 13248
4
	8544 13216
	10016 13216
	10016 13248
	8544 13248
4
	10880 13216
	11488 13216
	11488 13248
	10880 13248
4
	13248 13216
	13792 13216
	13792 13248
	13248 13248
4
	14592 13216
	16384 13216
	16384 13248
	14592 13248
4
	0 13248
	5440 13248
	5440 13280
	0 13280
4
	6464 13248
	7008 13248
	7008 13280
	6464 13280
4
	9152 13248
	9952 13248
	9952 13280
	9152 13280
4
	10976 13248
	11360 13248
	11360 13280
	10976 13280
4
	13248 13248
	13856 13248
	13856 13280
	13248 13280
4
	14528 13248
	16384 13248
	16384 13280
	14528 13280
4
	0 13280
	5440 13280
	5440 13312
	0 13312
4
	6464 13280
	7008 13280
	7008 13312
	6464 13312
4
	9152 13280
	9952 13280
	9952 13312
	9152 13312
4
	10976 13280
	11360 13280
	11360 13312
	10976 13312
4
	13248 13280
	13856 13280
	13856 13312
	13248 13312
4
	14528 13280
	16384 13280
	16384 13312
	14528 13312
4
	0 13312
	5440 13312
	5440 13344
	0 13344
4
	6464 13312
	7008 13312
	7008 13344
	6464 13344
4
	9152 13312
	9952 13312
	9952 13344
	9152 13344
4
	10976 13312
	11360 13312
	11360 13344
	10976 13344
4
	13248 13312
	13856 13312
	13856 13344
	13248 13344
4
	14528 13312
	16384 13312
	16384 13344
	14528 13344
4
	0 13344
	5376 13344
	5376 13376
	0 13376
4
	6272 13344
	7072 13344
	7072 13376
	6272 13376
4
	9472 13344
	9888 13344
	9888 13376
	9472 13376
4
	11040 13344
	11296 13344
	11296 13376
	11040 13376
4
	12832 13344
	12960 13344
	12960 13376
	12832 13376
4
	13120 13344
	14048 13344
	14048 13376
	13120 13376
4
	14464 13344
	16384 13344
	16384 13376
	14464 13376
4
	0 13376
	5376 13376
	5376 13408
	0 13408
4
	6272 13376
	7072 13376
	7072 13408
	6272 13408
4
	9472 13376
	9888 13376
	9888 13408
	9472 13408
4
	11040 13376
	11296 13376
	11296 13408
	11040 13408
4
	12832 13376
	12960 13376
	12960 13408
	12832 13408
4
	13120 13376
	14048 13376
	14048 13408
	13120 13408
4
	14464 13376
	16384 13376
	16384 13408
	14464 13408
4
	0 13408
	5376 13408
	5376 13440
	0 13440
4
	6112 13408
	7136 13408
	7136 13440
	6112 13440
4
	9536 13408
	9824 13408
	9824 13440
	9536 13440
4
	12640 13408
	16384 13408
	16384 13440
	12640 13440
4
	0 13440
	5376 13440
	5376 13472
	0 13472
4
	6112 13440
	7136 13440
	7136 13472
	6112 13472
4
	9536 13440
	9824 13440
	9824 13472
	9536 13472
4
	12640 13440
	16384 13440
	16384 13472
	12640 13472
4
	0 13472
	5376 13472
	5376 13504
	0 13504
4
	6112 13472
	7136 13472
	7136 13504
	6112 13504
4
	9536 13472
	9824 13472
	9824 13504
	9536 13504
4
	12640 13472
	16384 13472
	16384 13504
	12640 13504
4
	0 13504
	5376 13504
	5376 13536
	0 13536
4
	5984 13504
	7200 13504
	7200 13536
	5984 13536
4
	12576 13504
	16384 13504
	16384 13536
	12576 13536
4
	0 13536
	5376 13536
	5376 13568
	0 13568
4
	5984 13536
	7200 13536
	7200 13568
	5984 13568
4
	12576 13536
	16384 13536
	16384 13568
	12576 13568
4
	0 13568
	5376 13568
	5376 13600
	0 13600
4
	5984 13568
	7200 13568
	7200 13600
	5984 13600
4
	12576 13568
	16384 13568
	16384 13600
	12576 13600
4
	0 13600
	5536 13600
	5536 13632
	0 13632
4
	5984 13600
	7264 13600
	7264 13632
	5984 13632
4
	10432 13600
	10624 13600
	10624 13632
	10432 13632
4
	12448 13600
	16384 13600
	16384 13632
	12448 13632
4
	0 13632
	5536 13632
	5536 13664
	0 13664
4
	5984 13632
	7264 13632
	7264 13664
	5984 13664
4
	10432 13632
	10624 13632
	10624 13664
	10432 13664
4
	12448 13632
	16384 13632
	16384 13664
	12448 13664
4
	0 13664
	5536 13664
	5536 13696
	0 13696
4
	5984 13664
	7264 13664
	7264 13696
	5984 13696
4
	10432 13664
	10624 13664
	10624 13696
	10432 13696
4
	12448 13664
	16384 13664
	16384 13696
	12448 13696
4
	0 13696
	5600 13696
	5600 13728
	0 13728
4
	5984 13696
	7392 13696
	7392 13728
	5984 13728
4
	10304 13696
	10752 13696
	10752 13728
	10304 13728
4
	12032 13696
	16384 13696
	16384 13728
	12032 13728
4
	0 13728
	5600 13728
	5600 13760
	0 13760
4
	5984 13728
	7392 13728
	7392 13760
	5984 13760
4
	10304 13728
	10752 13728
	10752 13760
	10304 13760
4
	12032 13728
	16384 13728
	16384 13760
	12032 13760
4
	0 13760
	5600 13760
	5600 13792
	0 13792
4
	6048 13760
	7392 13760
	7392 13792
	6048 13792
4
	10208 13760
	10816 13760
	10816 13792
	10208 13792
4
	11968 13760
	16384 13760
	16384 13792
	11968 13792
4
	0 13792
	5600 13792
	5600 13824
	0 13824
4
	6048 13792
	7392 13792
	7392 13824
	6048 13824
4
	10208 13792
	10816 13792
	10816 13824
	10208 13824
4
	11968 13792
	16384 13792
	16384 13824
	11968 13824
4
	0 13824
	5600 13824
	5600 13856
	0 13856
4
	6048 13824
	7392 13824
	7392 13856
	6048 13856
4
	10208 13824
	10816 13824
	10816 13856
	10208 13856
4
	11968 13824
	16384 13824
	16384 13856
	11968 13856
4
	0 13856
	5600 13856
	5600 13888
	0 13888
4
	6112 13856
	7328 13856
	7328 13888
	6112 13888
4
	10144 13856
	10816 13856
	10816 13888
	10144 13888
4
	11840 13856
	16384 13856
	16384 13888
	11840 13888
4
	0 13888
	5600 13888
	5600 13920
	0 13920
4
	6112 13888
	7328 13888
	7328 13920
	6112 13920
4
	10144 13888
	10816 13888
	10816 13920
	10144 13920
4
	11840 13888
	16384 13888
	16384 13920
	11840 13920
4
	0 13920
	5600 13920
	5600 13952
	0 13952
4
	6112 13920
	7328 13920
	7328 13952
	6112 13952
4
	10144 13920
	10816 13920
	10816 13952
	10144 13952
4
	11840 13920
	16384 13920
	16384 13952
	11840 13952
4
	0 13952
	5536 13952
	5536 13984
	0 13984
4
	6112 13952
	7264 13952
	7264 13984
	6112 13984
4
	7872 13952
	8064 13952
	8064 13984
	7872 13984
4
	9152 13952
	9408 13952
	9408 13984
	9152 13984
4
	10080 13952
	10880 13952
	10880 13984
	10080 13984
4
	11424 13952
	16384 13952
	16384 13984
	11424 13984
4
	0 13984
	5536 13984
	5536 14016
	0 14016
4
	6112 13984
	7264 13984
	7264 14016
	6112 14016
4
	7872 13984
	8064 13984
	8064 14016
	7872 14016
4
	9152 13984
	9408 13984
	9408 14016
	9152 14016
4
	10080 13984
	10880 13984
	10880 14016
	10080 14016
4
	11424 13984
	16384 13984
	16384 14016
	11424 14016
4
	0 14016
	5536 14016
	5536 14048
	0 14048
4
	6112 14016
	7264 14016
	7264 14048
	6112 14048
4
	7872 14016
	8064 14016
	8064 14048
	7872 14048
4
	9152 14016
	9408 14016
	9408 14048
	9152 14048
4
	10080 14016
	10880 14016
	10880 14048
	10080 14048
4
	11424 14016
	16384 14016
	16384 14048
	11424 14048
4
	0 14048
	5376 14048
	5376 14080
	0 14080
4
	6112 14048
	7200 14048
	7200 14080
	6112 14080
4
	7872 14048
	8480 14048
	8480 14080
	7872 14080
4
	8608 14048
	8960 14048
	8960 14080
	8608 14080
4
	9088 14048
	9472 14048
	9472 14080
	9088 14080
4
	10080 14048
	10880 14048
	10880 14080
	10080 14080
4
	11360 14048
	16384 14048
	16384 14080
	11360 14080
4
	0 14080
	5376 14080
	5376 14112
	0 14112
4
	6112 14080
	7200 14080
	7200 14112
	6112 14112
4
	7872 14080
	8480 14080
	8480 14112
	7872 14112
4
	8608 14080
	8960 14080
	8960 14112
	8608 14112
4
	9088 14080
	9472 14080
	9472 14112
	9088 14112
4
	10080 14080
	10880 14080
	10880 14112
	10080 14112
4
	11360 14080
	16384 14080
	16384 14112
	11360 14112
4
	0 14112
	5376 14112
	5376 14144
	0 14144
4
	6208 14112
	7200 14112
	7200 14144
	6208 14144
4
	7808 14112
	9632 14112
	9632 14144
	7808 14144
4
	10080 14112
	10880 14112
	10880 14144
	10080 14144
4
	11168 14112
	16384 14112
	16384 14144
	11168 14144
4
	0 14144
	5376 14144
	5376 14176
	0 14176
4
	6208 14144
	7200 14144
	7200 14176
	6208 14176
4
	7808 14144
	9632 14144
	9632 14176
	7808 14176
4
	10080 14144
	10880 14144
	10880 14176
	10080 14176
4
	11168 14144
	16384 14144
	16384 14176
	11168 14176
4
	0 14176
	5376 14176
	5376 14208
	0 14208
4
	6208 14176
	7200 14176
	7200 14208
	6208 14208
4
	7808 14176
	9632 14176
	9632 14208
	7808 14208
4
	10080 14176
	10880 14176
	10880 14208
	10080 14208
4
	11168 14176
	16384 14176
	16384 14208
	11168 14208
4
	0 14208
	5376 14208
	5376 14240
	0 14240
4
	6208 14208
	7136 14208
	7136 14240
	6208 14240
4
	7808 14208
	9760 14208
	9760 14240
	7808 14240
4
	10144 14208
	10816 14208
	10816 14240
	10144 14240
4
	11168 14208
	16384 14208
	16384 14240
	11168 14240
4
	0 14240
	5376 14240
	5376 14272
	0 14272
4
	6208 14240
	7136 14240
	7136 14272
	6208 14272
4
	7808 14240
	9760 14240
	9760 14272
	7808 14272
4
	10144 14240
	10816 14240
	10816 14272
	10144 14272
4
	11168 14240
	16384 14240
	16384 14272
	11168 14272
4
	0 14272
	5376 14272
	5376 14304
	0 14304
4
	6208 14272
	7136 14272
	7136 14304
	6208 14304
4
	7808 14272
	9760 14272
	9760 14304
	7808 14304
4
	10144 14272
	10816 14272
	10816 14304
	10144 14304
4
	11168 14272
	16384 14272
	16384 14304
	11168 14304
4
	0 14304
	5376 14304
	5376 14336
	0 14336
4
	6272 14304
	7072 14304
	7072 14336
	6272 14336
4
	7744 14304
	9824 14304
	9824 14336
	7744 14336
4
	10144 14304
	10816 14304
	10816 14336
	10144 14336
4
	11296 14304
	16384 14304
	16384 14336
	11296 14336
4
	0 14336
	5376 14336
	5376 14368
	0 14368
4
	6272 14336
	7072 14336
	7072 14368
	6272 14368
4
	7744 14336
	9824 14336
	9824 14368
	7744 14368
4
	10144 14336
	10816 14336
	10816 14368
	10144 14368
4
	11296 14336
	16384 14336
	16384 14368
	11296 14368
4
	0 14368
	5376 14368
	5376 14400
	0 14400
4
	6272 14368
	7072 14368
	7072 14400
	6272 14400
4
	7744 14368
	9824 14368
	9824 14400
	7744 14400
4
	10144 14368
	10816 14368
	10816 14400
	10144 14400
4
	11296 14368
	16384 14368
	16384 14400
	11296 14400
4
	0 14400
	5440 14400
	5440 14432
	0 14432
4
	6400 14400
	7008 14400
	7008 14432
	6400 14432
4
	7744 14400
	9888 14400
	9888 14432
	7744 14432
4
	10208 14400
	10752 14400
	10752 14432
	10208 14432
4
	11296 14400
	16384 14400
	16384 14432
	11296 14432
4
	0 14432
	5440 14432
	5440 14464
	0 14464
4
	6400 14432
	7008 14432
	7008 14464
	6400 14464
4
	7744 14432
	9888 14432
	9888 14464
	7744 14464
4
	10208 14432
	10752 14432
	10752 14464
	10208 14464
4
	11296 14432
	16384 14432
	16384 14464
	11296 14464
4
	0 14464
	5440 14464
	5440 14496
	0 14496
4
	6528 14464
	7008 14464
	7008 14496
	6528 14496
4
	7680 14464
	9952 14464
	9952 14496
	7680 14496
4
	10368 14464
	10688 14464
	10688 14496
	10368 14496
4
	11296 14464
	16384 14464
	16384 14496
	11296 14496
4
	0 14496
	5440 14496
	5440 14528
	0 14528
4
	6528 14496
	7008 14496
	7008 14528
	6528 14528
4
	7680 14496
	9952 14496
	9952 14528
	7680 14528
4
	10368 14496
	10688 14496
	10688 14528
	10368 14528
4
	11296 14496
	16384 14496
	16384 14528
	11296 14528
4
	0 14528
	5440 14528
	5440 14560
	0 14560
4
	6528 14528
	7008 14528
	7008 14560
	6528 14560
4
	7680 14528
	9952 14528
	9952 14560
	7680 14560
4
	10368 14528
	10688 14528
	10688 14560
	10368 14560
4
	11296 14528
	16384 14528
	16384 14560
	11296 14560
4
	0 14560
	5536 14560
	5536 14592
	0 14592
4
	7616 14560
	9952 14560
	9952 14592
	7616 14592
4
	11232 14560
	16384 14560
	16384 14592
	11232 14592
4
	0 14592
	5536 14592
	5536 14624
	0 14624
4
	7616 14592
	9952 14592
	9952 14624
	7616 14624
4
	11232 14592
	16384 14592
	16384 14624
	11232 14624
4
	0 14624
	5536 14624
	5536 14656
	0 14656
4
	7616 14624
	9952 14624
	9952 14656
	7616 14656
4
	11232 14624
	16384 14624
	16384 14656
	11232 14656
4
	0 14656
	5536 14656
	5536 14688
	0 14688
4
	7552 14656
	9952 14656
	9952 14688
	7552 14688
4
	11232 14656
	16384 14656
	16384 14688
	11232 14688
4
	0 14688
	5536 14688
	5536 14720
	0 14720
4
	7552 14688
	9952 14688
	9952 14720
	7552 14720
4
	11232 14688
	16384 14688
	16384 14720
	11232 14720
4
	0 14720
	5600 14720
	5600 14752
	0 14752
4
	7552 14720
	9888 14720
	9888 14752
	7552 14752
4
	11168 14720
	16384 14720
	16384 14752
	11168 14752
4
	0 14752
	5600 14752
	5600 14784
	0 14784
4
	7552 14752
	9888 14752
	9888 14784
	7552 14784
4
	11168 14752
	16384 14752
	16384 14784
	11168 14784
4
	0 14784
	5600 14784
	5600 14816
	0 14816
4
	7552 14784
	9888 14784
	9888 14816
	7552 14816
4
	11168 14784
	16384 14784
	16384 14816
	11168 14816
4
	0 14816
	5664 14816
	5664 14848
	0 14848
4
	7456 14816
	9952 14816
	9952 14848
	7456 14848
4
	10624 14816
	10816 14816
	10816 14848
	10624 14848
4
	11104 14816
	16384 14816
	16384 14848
	11104 14848
4
	0 14848
	5664 14848
	5664 14880
	0 14880
4
	7456 14848
	9952 14848
	9952 14880
	7456 14880
4
	10624 14848
	10816 14848
	10816 14880
	10624 14880
4
	11104 14848
	16384 14848
	16384 14880
	11104 14880
4
	0 14880
	5664 14880
	5664 14912
	0 14912
4
	7456 14880
	9952 14880
	9952 14912
	7456 14912
4
	10624 14880
	10816 14880
	10816 14912
	10624 14912
4
	11104 14880
	16384 14880
	16384 14912
	11104 14912
4
	0 14912
	5728 14912
	5728 14944
	0 14944
4
	5920 14912
	6048 14912
	6048 14944
	5920 14944
4
	7264 14912
	10016 14912
	10016 14944
	7264 14944
4
	10560 14912
	10880 14912
	10880 14944
	10560 14944
4
	11040 14912
	16384 14912
	16384 14944
	11040 14944
4
	0 14944
	5728 14944
	5728 14976
	0 14976
4
	5920 14944
	6048 14944
	6048 14976
	5920 14976
4
	7264 14944
	10016 14944
	10016 14976
	7264 14976
4
	10560 14944
	10880 14944
	10880 14976
	10560 14976
4
	11040 14944
	16384 14944
	16384 14976
	11040 14976
4
	0 14976
	5728 14976
	5728 15008
	0 15008
4
	5920 14976
	6048 14976
	6048 15008
	5920 15008
4
	7264 14976
	10016 14976
	10016 15008
	7264 15008
4
	10560 14976
	10880 14976
	10880 15008
	10560 15008
4
	11040 14976
	16384 14976
	16384 15008
	11040 15008
4
	0 15008
	5792 15008
	5792 15040
	0 15040
4
	5856 15008
	6208 15008
	6208 15040
	5856 15040
4
	7200 15008
	10144 15008
	10144 15040
	7200 15040
4
	10560 15008
	16384 15008
	16384 15040
	10560 15040
4
	0 15040
	5792 15040
	5792 15072
	0 15072
4
	5856 15040
	6208 15040
	6208 15072
	5856 15072
4
	7200 15040
	10144 15040
	10144 15072
	7200 15072
4
	10560 15040
	16384 15040
	16384 15072
	10560 15072
4
	0 15072
	6272 15072
	6272 15104
	0 15104
4
	7136 15072
	10368 15072
	10368 15104
	7136 15104
4
	10560 15072
	16384 15072
	16384 15104
	10560 15104
4
	0 15104
	6272 15104
	6272 15136
	0 15136
4
	7136 15104
	10368 15104
	10368 15136
	7136 15136
4
	10560 15104
	16384 15104
	16384 15136
	10560 15136
4
	0 15136
	6272 15136
	6272 15168
	0 15168
4
	7136 15136
	10368 15136
	10368 15168
	7136 15168
4
	10560 15136
	16384 15136
	16384 15168
	10560 15168
4
	0 15168
	6272 15168
	6272 15200
	0 15200
4
	7136 15168
	16384 15168
	16384 15200
	7136 15200
4
	0 15200
	6272 15200
	6272 15232
	0 15232
4
	7136 15200
	16384 15200
	16384 15232
	7136 15232
4
	0 15232
	6272 15232
	6272 15264
	0 15264
4
	7136 15232
	16384 15232
	16384 15264
	7136 15264
4
	0 15264
	6272 15264
	6272 15296
	0 15296
4
	7136 15264
	16384 15264
	16384 15296
	7136 15296
4
	0 15296
	6272 15296
	6272 15328
	0 15328
4
	7136 15296
	16384 15296
	16384 15328
	7136 15328
4
	0 15328
	6272 15328
	6272 15360
	0 15360
4
	7136 15328
	16384 15328
	16384 15360
	7136 15360
4
	0 15360
	6400 15360
	6400 15392
	0 15392
4
	7072 15360
	16384 15360
	16384 15392
	7072 15392
4
	0 15392
	6400 15392
	6400 15424
	0 15424
4
	7072 15392
	16384 15392
	16384 15424
	7072 15424
4
	0 15424
	16384 15424
	16384 15456
	0 15456
4
	0 15456
	16384 15456
	16384 15488
	0 15488
4
	0 15488
	16384 15488
	16384 15520
	0 15520
4
	0 15520
	16384 15520
	16384 15552
	0 15552
4
	0 15552
	16384 15552
	16384 15584
	0 15584
4
	0 15584
	16384 15584
	16384 15616
	0 15616
4
	0 15616
	16384 15616
	16384 15648
	0 15648
4
	0 15648
	16384 15648
	16384 15680
	0 15680
4
	0 15680
	16384 15680
	16384 15712
	0 15712
4
	0 15712
	16384 15712
	16384 15744
	0 15744
4
	0 15744
	16384 15744
	16384 15776
	0 15776
4
	0 15776
	16384 15776
	16384 15808
	0 15808
4
	0 15808
	16384 15808
	16384 15840
	0 15840
4
	0 15840
	16384 15840
	16384 15872
	0 15872
4
	0 15872
	16384 15872
	16384 15904
	0 15904
4
	0 15904
	16384 15904
	16384 15936
	0 15936
4
	0 15936
	16384 15936
	16384 15968
	0 15968
4
	0 15968
	16384 15968
	16384 16000
	0 16000
4
	0 16000
	16384 16000
	16384 16032
	0 16032
4
	0 16032
	16384 16032
	16384 16064
	0 16064
4
	0 16064
	16384 16064
	16384 16096
	0 16096
4
	0 16096
	16384 16096
	16384 16128
	0 16128
4
	0 16128
	16384 16128
	16384 16160
	0 16160
4
	0 16160
	16384 16160
	16384 16192
	0 16192
4
	0 16192
	16384 16192
	16384 16224
	0 16224
4
	0 16224
	16384 16224
	16384 16256
	0 16256
4
	0 16256
	16384 16256
	16384 16288
	0 16288
4
	0 16288
	16384 16288
	16384 16320
	0 16320
4
	0 16320
	16384 16320
	16384 16352
	0 16352
4
	0 16352
	16384 16352
	16384 16384
	0 16384
4
	-32 -32
	16416 -32
	16416 0
	-32 0
4
	-32 16384
	16416 16384
	16416 16416
	-32 16416
4
	-32 0
	0 0
	0 16384
	-32 16384
4
	16384 0
	16416 0
	16416 16384
	16384 16384
