1657
4
	0 0
	16384 0
	16384 32
	0 32
4
	0 32
	16384 32
	16384 64
	0 64
4
	0 64
	16384 64
	16384 96
	0 96
4
	0 96
	16384 96
	16384 128
	0 128
4
	0 128
	16384 128
	16384 160
	0 160
4
	0 160
	16384 160
	16384 192
	0 192
4
	0 192
	16384 192
	16384 224
	0 224
4
	0 224
	16384 224
	16384 256
	0 256
4
	0 256
	16384 256
	16384 288
	0 288
4
	0 288
	16384 288
	16384 320
	0 320
4
	0 320
	16384 320
	16384 352
	0 352
4
	0 352
	16384 352
	16384 384
	0 384
4
	0 384
	16384 384
	16384 416
	0 416
4
	0 416
	16384 416
	16384 448
	0 448
4
	0 448
	16384 448
	16384 480
	0 480
4
	0 480
	16384 480
	16384 512
	0 512
4
	0 512
	16384 512
	16384 544
	0 544
4
	0 544
	16384 544
	16384 576
	0 576
4
	0 576
	16384 576
	16384 608
	0 608
4
	0 608
	16384 608
	16384 640
	0 640
4
	0 640
	16384 640
	16384 672
	0 672
4
	0 672
	16384 672
	16384 704
	0 704
4
	0 704
	16384 704
	16384 736
	0 736
4
	0 736
	16384 736
	16384 768
	0 768
4
	0 768
	16384 768
	16384 800
	0 800
4
	0 800
	16384 800
	16384 832
	0 832
4
	0 832
	16384 832
	16384 864
	0 864
4
	0 864
	16384 864
	16384 896
	0 896
4
	0 896
	16384 896
	16384 928
	0 928
4
	0 928
	16384 928
	16384 960
	0 960
4
	0 960
	16384 960
	16384 992
	0 992
4
	0 992
	16384 992
	16384 1024
	0 1024
4
	0 1024
	16384 1024
	16384 1056
	0 1056
4
	0 1056
	16384 1056
	16384 1088
	0 1088
4
	0 1088
	16384 1088
	16384 1120
	0 1120
4
	0 1120
	16384 1120
	16384 1152
	0 1152
4
	0 1152
	16384 1152
	16384 1184
	0 1184
4
	0 1184
	16384 1184
	16384 1216
	0 1216
4
	0 1216
	16384 1216
	16384 1248
	0 1248
4
	0 1248
	16384 1248
	16384 1280
	0 1280
4
	0 1280
	16384 1280
	16384 1312
	0 1312
4
	0 1312
	16384 1312
	16384 1344
	0 1344
4
	0 1344
	16384 1344
	16384 1376
	0 1376
4
	0 1376
	16384 1376
	16384 1408
	0 1408
4
	0 1408
	16384 1408
	16384 1440
	0 1440
4
	0 1440
	16384 1440
	16384 1472
	0 1472
4
	0 1472
	16384 1472
	16384 1504
	0 1504
4
	0 1504
	16384 1504
	16384 1536
	0 1536
4
	0 1536
	16384 1536
	16384 1568
	0 1568
4
	0 1568
	16384 1568
	16384 1600
	0 1600
4
	0 1600
	16384 1600
	16384 1632
	0 1632
4
	0 1632
	16384 1632
	16384 1664
	0 1664
4
	0 1664
	16384 1664
	16384 1696
	0 1696
4
	0 1696
	16384 1696
	16384 1728
	0 1728
4
	0 1728
	16384 1728
	16384 1760
	0 1760
4
	0 1760
	16384 1760
	16384 1792
	0 1792
4
	0 1792
	16384 1792
	16384 1824
	0 1824
4
	0 1824
	16384 1824
	16384 1856
	0 1856
4
	0 1856
	16384 1856
	16384 1888
	0 1888
4
	0 1888
	16384 1888
	16384 1920
	0 1920
4
	0 1920
	16384 1920
	16384 1952
	0 1952
4
	0 1952
	16384 1952
	16384 1984
	0 1984
4
	0 1984
	16384 1984
	16384 2016
	0 2016
4
	0 2016
	16384 2016
	16384 2048
	0 2048
4
	0 2048
	16384 2048
	16384 2080
	0 2080
4
	0 2080
	16384 2080
	16384 2112
	0 2112
4
	0 2112
	16384 2112
	16384 2144
	0 2144
4
	0 2144
	16384 2144
	16384 2176
	0 2176
4
	0 2176
	16384 2176
	16384 2208
	0 2208
4
	0 2208
	16384 2208
	16384 2240
	0 2240
4
	0 2240
	16384 2240
	16384 2272
	0 2272
4
	0 2272
	16384 2272
	16384 2304
	0 2304
4
	0 2304
	16384 2304
	16384 2336
	0 2336
4
	0 2336
	16384 2336
	16384 2368
	0 2368
4
	0 2368
	16384 2368
	16384 2400
	0 2400
4
	0 2400
	16384 2400
	16384 2432
	0 2432
4
	0 2432
	16384 2432
	16384 2464
	0 2464
4
	0 2464
	16384 2464
	16384 2496
	0 2496
4
	0 2496
	16384 2496
	16384 2528
	0 2528
4
	0 2528
	16384 2528
	16384 2560
	0 2560
4
	0 2560
	16384 2560
	16384 2592
	0 2592
4
	0 2592
	16384 2592
	16384 2624
	0 2624
4
	0 2624
	9344 2624
	9344 2656
	0 2656
4
	9568 2624
	16384 2624
	16384 2656
	9568 2656
4
	0 2656
	9344 2656
	9344 2688
	0 2688
4
	9568 2656
	16384 2656
	16384 2688
	9568 2688
4
	0 2688
	9344 2688
	9344 2720
	0 2720
4
	9568 2688
	16384 2688
	16384 2720
	9568 2720
4
	0 2720
	9344 2720
	9344 2752
	0 2752
4
	9568 2720
	16384 2720
	16384 2752
	9568 2752
4
	0 2752
	9344 2752
	9344 2784
	0 2784
4
	9568 2752
	16384 2752
	16384 2784
	9568 2784
4
	0 2784
	9344 2784
	9344 2816
	0 2816
4
	9568 2784
	16384 2784
	16384 2816
	9568 2816
4
	0 2816
	9344 2816
	9344 2848
	0 2848
4
	9568 2816
	16384 2816
	16384 2848
	9568 2848
4
	0 2848
	9344 2848
	9344 2880
	0 2880
4
	9568 2848
	16384 2848
	16384 2880
	9568 2880
4
	0 2880
	9344 2880
	9344 2912
	0 2912
4
	9568 2880
	16384 2880
	16384 2912
	9568 2912
4
	0 2912
	9344 2912
	9344 2944
	0 2944
4
	9568 2912
	16384 2912
	16384 2944
	9568 2944
4
	0 2944
	9344 2944
	9344 2976
	0 2976
4
	9568 2944
	16384 2944
	16384 2976
	9568 2976
4
	0 2976
	9344 2976
	9344 3008
	0 3008
4
	9568 2976
	16384 2976
	16384 3008
	9568 3008
4
	0 3008
	9344 3008
	9344 3040
	0 3040
4
	9568 3008
	16384 3008
	16384 3040
	9568 3040
4
	0 3040
	9344 3040
	9344 3072
	0 3072
4
	9568 3040
	16384 3040
	16384 3072
	9568 3072
4
	0 3072
	9344 3072
	9344 3104
	0 3104
4
	9792 3072
	11168 3072
	11168 3104
	9792 3104
4
	11840 3072
	16384 3072
	16384 3104
	11840 3104
4
	0 3104
	9344 3104
	9344 3136
	0 3136
4
	9792 3104
	11168 3104
	11168 3136
	9792 3136
4
	11840 3104
	16384 3104
	16384 3136
	11840 3136
4
	0 3136
	9344 3136
	9344 3168
	0 3168
4
	9792 3136
	11168 3136
	11168 3168
	9792 3168
4
	11840 3136
	16384 3136
	16384 3168
	11840 3168
4
	0 3168
	9344 3168
	9344 3200
	0 3200
4
	9792 3168
	11168 3168
	11168 3200
	9792 3200
4
	11840 3168
	16384 3168
	16384 3200
	11840 3200
4
	0 3200
	9344 3200
	9344 3232
	0 3232
4
	9792 3200
	11168 3200
	11168 3232
	9792 3232
4
	11840 3200
	16384 3200
	16384 3232
	11840 3232
4
	0 3232
	9344 3232
	9344 3264
	0 3264
4
	9792 3232
	11168 3232
	11168 3264
	9792 3264
4
	11840 3232
	16384 3232
	16384 3264
	11840 3264
4
	0 3264
	9344 3264
	9344 3296
	0 3296
4
	9792 3264
	11168 3264
	11168 3296
	9792 3296
4
	11840 3264
	16384 3264
	16384 3296
	11840 3296
4
	0 3296
	9120 3296
	9120 3328
	0 3328
4
	10240 3296
	11168 3296
	11168 3328
	10240 3328
4
	11840 3296
	16384 3296
	16384 3328
	11840 3328
4
	0 3328
	9120 3328
	9120 3360
	0 3360
4
	10240 3328
	11168 3328
	11168 3360
	10240 3360
4
	11840 3328
	16384 3328
	16384 3360
	11840 3360
4
	0 3360
	9120 3360
	9120 3392
	0 3392
4
	10240 3360
	11168 3360
	11168 3392
	10240 3392
4
	11840 3360
	16384 3360
	16384 3392
	11840 3392
4
	0 3392
	9120 3392
	9120 3424
	0 3424
4
	10240 3392
	11168 3392
	11168 3424
	10240 3424
4
	11840 3392
	16384 3392
	16384 3424
	11840 3424
4
	0 3424
	9120 3424
	9120 3456
	0 3456
4
	10240 3424
	11168 3424
	11168 3456
	10240 3456
4
	11840 3424
	16384 3424
	16384 3456
	11840 3456
4
	0 3456
	9120 3456
	9120 3488
	0 3488
4
	10240 3456
	11168 3456
	11168 3488
	10240 3488
4
	11840 3456
	16384 3456
	16384 3488
	11840 3488
4
	0 3488
	9120 3488
	9120 3520
	0 3520
4
	10240 3488
	11168 3488
	11168 3520
	10240 3520
4
	11840 3488
	16384 3488
	16384 3520
	11840 3520
4
	0 3520
	7520 3520
	7520 3552
	0 3552
4
	7968 3520
	8896 3520
	8896 3552
	7968 3552
4
	11616 3520
	16384 3520
	16384 3552
	11616 3552
4
	0 3552
	7520 3552
	7520 3584
	0 3584
4
	7968 3552
	8896 3552
	8896 3584
	7968 3584
4
	11616 3552
	16384 3552
	16384 3584
	11616 3584
4
	0 3584
	7520 3584
	7520 3616
	0 3616
4
	7968 3584
	8896 3584
	8896 3616
	7968 3616
4
	11616 3584
	16384 3584
	16384 3616
	11616 3616
4
	0 3616
	7520 3616
	7520 3648
	0 3648
4
	7968 3616
	8896 3616
	8896 3648
	7968 3648
4
	11616 3616
	16384 3616
	16384 3648
	11616 3648
4
	0 3648
	7520 3648
	7520 3680
	0 3680
4
	7968 3648
	8896 3648
	8896 3680
	7968 3680
4
	11616 3648
	16384 3648
	16384 3680
	11616 3680
4
	0 3680
	7520 3680
	7520 3712
	0 3712
4
	7968 3680
	8896 3680
	8896 3712
	7968 3712
4
	11616 3680
	16384 3680
	16384 3712
	11616 3712
4
	0 3712
	7520 3712
	7520 3744
	0 3744
4
	7968 3712
	8896 3712
	8896 3744
	7968 3744
4
	11616 3712
	16384 3712
	16384 3744
	11616 3744
4
	0 3744
	7520 3744
	7520 3776
	0 3776
4
	8192 3744
	8896 3744
	8896 3776
	8192 3776
4
	11392 3744
	16384 3744
	16384 3776
	11392 3776
4
	0 3776
	7520 3776
	7520 3808
	0 3808
4
	8192 3776
	8896 3776
	8896 3808
	8192 3808
4
	11392 3776
	16384 3776
	16384 3808
	11392 3808
4
	0 3808
	7520 3808
	7520 3840
	0 3840
4
	8192 3808
	8896 3808
	8896 3840
	8192 3840
4
	11392 3808
	16384 3808
	16384 3840
	11392 3840
4
	0 3840
	7520 3840
	7520 3872
	0 3872
4
	8192 3840
	8896 3840
	8896 3872
	8192 3872
4
	11392 3840
	16384 3840
	16384 3872
	11392 3872
4
	0 3872
	7520 3872
	7520 3904
	0 3904
4
	8192 3872
	8896 3872
	8896 3904
	8192 3904
4
	11392 3872
	16384 3872
	16384 3904
	11392 3904
4
	0 3904
	7520 3904
	7520 3936
	0 3936
4
	8192 3904
	8896 3904
	8896 3936
	8192 3936
4
	11392 3904
	16384 3904
	16384 3936
	11392 3936
4
	0 3936
	7520 3936
	7520 3968
	0 3968
4
	8192 3936
	8672 3936
	8672 3968
	8192 3968
4
	11392 3936
	16384 3936
	16384 3968
	11392 3968
4
	0 3968
	7520 3968
	7520 4000
	0 4000
4
	8192 3968
	8672 3968
	8672 4000
	8192 4000
4
	11392 3968
	16384 3968
	16384 4000
	11392 4000
4
	0 4000
	7520 4000
	7520 4032
	0 4032
4
	8192 4000
	8672 4000
	8672 4032
	8192 4032
4
	11392 4000
	16384 4000
	16384 4032
	11392 4032
4
	0 4032
	7520 4032
	7520 4064
	0 4064
4
	8192 4032
	8672 4032
	8672 4064
	8192 4064
4
	11392 4032
	16384 4032
	16384 4064
	11392 4064
4
	0 4064
	7520 4064
	7520 4096
	0 4096
4
	8192 4064
	8672 4064
	8672 4096
	8192 4096
4
	11392 4064
	16384 4064
	16384 4096
	11392 4096
4
	0 4096
	7520 4096
	7520 4128
	0 4128
4
	8192 4096
	8672 4096
	8672 4128
	8192 4128
4
	11392 4096
	16384 4096
	16384 4128
	11392 4128
4
	0 4128
	7520 4128
	7520 4160
	0 4160
4
	8192 4128
	8672 4128
	8672 4160
	8192 4160
4
	11392 4128
	16384 4128
	16384 4160
	11392 4160
4
	0 4160
	7744 4160
	7744 4192
	0 4192
4
	8448 4160
	8672 4160
	8672 4192
	8448 4192
4
	11840 4160
	16384 4160
	16384 4192
	11840 4192
4
	0 4192
	7744 4192
	7744 4224
	0 4224
4
	8448 4192
	8672 4192
	8672 4224
	8448 4224
4
	11840 4192
	16384 4192
	16384 4224
	11840 4224
4
	0 4224
	7744 4224
	7744 4256
	0 4256
4
	8448 4224
	8672 4224
	8672 4256
	8448 4256
4
	11840 4224
	16384 4224
	16384 4256
	11840 4256
4
	0 4256
	7744 4256
	7744 4288
	0 4288
4
	8448 4256
	8672 4256
	8672 4288
	8448 4288
4
	11840 4256
	16384 4256
	16384 4288
	11840 4288
4
	0 4288
	7744 4288
	7744 4320
	0 4320
4
	8448 4288
	8672 4288
	8672 4320
	8448 4320
4
	11840 4288
	16384 4288
	16384 4320
	11840 4320
4
	0 4320
	7744 4320
	7744 4352
	0 4352
4
	8448 4320
	8672 4320
	8672 4352
	8448 4352
4
	11840 4320
	16384 4320
	16384 4352
	11840 4352
4
	0 4352
	7744 4352
	7744 4384
	0 4384
4
	8448 4352
	8672 4352
	8672 4384
	8448 4384
4
	11840 4352
	16384 4352
	16384 4384
	11840 4384
4
	0 4384
	7744 4384
	7744 4416
	0 4416
4
	8448 4384
	8896 4384
	8896 4416
	8448 4416
4
	12064 4384
	16384 4384
	16384 4416
	12064 4416
4
	0 4416
	7744 4416
	7744 4448
	0 4448
4
	8448 4416
	8896 4416
	8896 4448
	8448 4448
4
	12064 4416
	16384 4416
	16384 4448
	12064 4448
4
	0 4448
	7744 4448
	7744 4480
	0 4480
4
	8448 4448
	8896 4448
	8896 4480
	8448 4480
4
	12064 4448
	16384 4448
	16384 4480
	12064 4480
4
	0 4480
	7744 4480
	7744 4512
	0 4512
4
	8448 4480
	8896 4480
	8896 4512
	8448 4512
4
	12064 4480
	16384 4480
	16384 4512
	12064 4512
4
	0 4512
	7744 4512
	7744 4544
	0 4544
4
	8448 4512
	8896 4512
	8896 4544
	8448 4544
4
	12064 4512
	16384 4512
	16384 4544
	12064 4544
4
	0 4544
	7744 4544
	7744 4576
	0 4576
4
	8448 4544
	8896 4544
	8896 4576
	8448 4576
4
	12064 4544
	16384 4544
	16384 4576
	12064 4576
4
	0 4576
	7744 4576
	7744 4608
	0 4608
4
	8448 4576
	8896 4576
	8896 4608
	8448 4608
4
	12064 4576
	16384 4576
	16384 4608
	12064 4608
4
	0 4608
	7968 4608
	7968 4640
	0 4640
4
	8672 4608
	9120 4608
	9120 4640
	8672 4640
4
	12288 4608
	16384 4608
	16384 4640
	12288 4640
4
	0 4640
	7968 4640
	7968 4672
	0 4672
4
	8672 4640
	9120 4640
	9120 4672
	8672 4672
4
	12288 4640
	16384 4640
	16384 4672
	12288 4672
4
	0 4672
	7968 4672
	7968 4704
	0 4704
4
	8672 4672
	9120 4672
	9120 4704
	8672 4704
4
	12288 4672
	16384 4672
	16384 4704
	12288 4704
4
	0 4704
	7968 4704
	7968 4736
	0 4736
4
	8672 4704
	9120 4704
	9120 4736
	8672 4736
4
	12288 4704
	16384 4704
	16384 4736
	12288 4736
4
	0 4736
	7968 4736
	7968 4768
	0 4768
4
	8672 4736
	9120 4736
	9120 4768
	8672 4768
4
	12288 4736
	16384 4736
	16384 4768
	12288 4768
4
	0 4768
	7968 4768
	7968 4800
	0 4800
4
	8672 4768
	9120 4768
	9120 4800
	8672 4800
4
	12288 4768
	16384 4768
	16384 4800
	12288 4800
4
	0 4800
	7968 4800
	7968 4832
	0 4832
4
	8672 4800
	9120 4800
	9120 4832
	8672 4832
4
	12288 4800
	16384 4800
	16384 4832
	12288 4832
4
	0 4832
	6624 4832
	6624 4864
	0 4864
4
	6848 4832
	7968 4832
	7968 4864
	6848 4864
4
	8672 4832
	9344 4832
	9344 4864
	8672 4864
4
	12288 4832
	13216 4832
	13216 4864
	12288 4864
4
	13664 4832
	16384 4832
	16384 4864
	13664 4864
4
	0 4864
	6624 4864
	6624 4896
	0 4896
4
	6848 4864
	7968 4864
	7968 4896
	6848 4896
4
	8672 4864
	9344 4864
	9344 4896
	8672 4896
4
	12288 4864
	13216 4864
	13216 4896
	12288 4896
4
	13664 4864
	16384 4864
	16384 4896
	13664 4896
4
	0 4896
	6624 4896
	6624 4928
	0 4928
4
	6848 4896
	7968 4896
	7968 4928
	6848 4928
4
	8672 4896
	9344 4896
	9344 4928
	8672 4928
4
	12288 4896
	13216 4896
	13216 4928
	12288 4928
4
	13664 4896
	16384 4896
	16384 4928
	13664 4928
4
	0 4928
	6624 4928
	6624 4960
	0 4960
4
	6848 4928
	7968 4928
	7968 4960
	6848 4960
4
	8672 4928
	9344 4928
	9344 4960
	8672 4960
4
	12288 4928
	13216 4928
	13216 4960
	12288 4960
4
	13664 4928
	16384 4928
	16384 4960
	13664 4960
4
	0 4960
	6624 4960
	6624 4992
	0 4992
4
	6848 4960
	7968 4960
	7968 4992
	6848 4992
4
	8672 4960
	9344 4960
	9344 4992
	8672 4992
4
	12288 4960
	13216 4960
	13216 4992
	12288 4992
4
	13664 4960
	16384 4960
	16384 4992
	13664 4992
4
	0 4992
	6624 4992
	6624 5024
	0 5024
4
	6848 4992
	7968 4992
	7968 5024
	6848 5024
4
	8672 4992
	9344 4992
	9344 5024
	8672 5024
4
	12288 4992
	13216 4992
	13216 5024
	12288 5024
4
	13664 4992
	16384 4992
	16384 5024
	13664 5024
4
	0 5024
	6624 5024
	6624 5056
	0 5056
4
	6848 5024
	7968 5024
	7968 5056
	6848 5056
4
	8672 5024
	9344 5024
	9344 5056
	8672 5056
4
	12288 5024
	13216 5024
	13216 5056
	12288 5056
4
	13664 5024
	16384 5024
	16384 5056
	13664 5056
4
	0 5056
	6144 5056
	6144 5088
	0 5088
4
	7072 5056
	8192 5056
	8192 5088
	7072 5088
4
	8896 5056
	9568 5056
	9568 5088
	8896 5088
4
	12288 5056
	12768 5056
	12768 5088
	12288 5088
4
	13888 5056
	14592 5056
	14592 5088
	13888 5088
4
	14816 5056
	16384 5056
	16384 5088
	14816 5088
4
	0 5088
	6144 5088
	6144 5120
	0 5120
4
	7072 5088
	8192 5088
	8192 5120
	7072 5120
4
	8896 5088
	9568 5088
	9568 5120
	8896 5120
4
	12288 5088
	12768 5088
	12768 5120
	12288 5120
4
	13888 5088
	14592 5088
	14592 5120
	13888 5120
4
	14816 5088
	16384 5088
	16384 5120
	14816 5120
4
	0 5120
	6144 5120
	6144 5152
	0 5152
4
	7072 5120
	8192 5120
	8192 5152
	7072 5152
4
	8896 5120
	9568 5120
	9568 5152
	8896 5152
4
	12288 5120
	12768 5120
	12768 5152
	12288 5152
4
	13888 5120
	14592 5120
	14592 5152
	13888 5152
4
	14816 5120
	16384 5120
	16384 5152
	14816 5152
4
	0 5152
	6144 5152
	6144 5184
	0 5184
4
	7072 5152
	8192 5152
	8192 5184
	7072 5184
4
	8896 5152
	9568 5152
	9568 5184
	8896 5184
4
	12288 5152
	12768 5152
	12768 5184
	12288 5184
4
	13888 5152
	14592 5152
	14592 5184
	13888 5184
4
	14816 5152
	16384 5152
	16384 5184
	14816 5184
4
	0 5184
	6144 5184
	6144 5216
	0 5216
4
	7072 5184
	8192 5184
	8192 5216
	7072 5216
4
	8896 5184
	9568 5184
	9568 5216
	8896 5216
4
	12288 5184
	12768 5184
	12768 5216
	12288 5216
4
	13888 5184
	14592 5184
	14592 5216
	13888 5216
4
	14816 5184
	16384 5184
	16384 5216
	14816 5216
4
	0 5216
	6144 5216
	6144 5248
	0 5248
4
	7072 5216
	8192 5216
	8192 5248
	7072 5248
4
	8896 5216
	9568 5216
	9568 5248
	8896 5248
4
	12288 5216
	12768 5216
	12768 5248
	12288 5248
4
	13888 5216
	14592 5216
	14592 5248
	13888 5248
4
	14816 5216
	16384 5216
	16384 5248
	14816 5248
4
	0 5248
	5920 5248
	5920 5280
	0 5280
4
	7520 5248
	8192 5248
	8192 5280
	7520 5280
4
	8896 5248
	9792 5248
	9792 5280
	8896 5280
4
	14336 5248
	14592 5248
	14592 5280
	14336 5280
4
	15040 5248
	16384 5248
	16384 5280
	15040 5280
4
	0 5280
	5920 5280
	5920 5312
	0 5312
4
	7520 5280
	8192 5280
	8192 5312
	7520 5312
4
	8896 5280
	9792 5280
	9792 5312
	8896 5312
4
	14336 5280
	14592 5280
	14592 5312
	14336 5312
4
	15040 5280
	16384 5280
	16384 5312
	15040 5312
4
	0 5312
	5920 5312
	5920 5344
	0 5344
4
	7520 5312
	8192 5312
	8192 5344
	7520 5344
4
	8896 5312
	9792 5312
	9792 5344
	8896 5344
4
	14336 5312
	14592 5312
	14592 5344
	14336 5344
4
	15040 5312
	16384 5312
	16384 5344
	15040 5344
4
	0 5344
	5920 5344
	5920 5376
	0 5376
4
	7520 5344
	8192 5344
	8192 5376
	7520 5376
4
	8896 5344
	9792 5344
	9792 5376
	8896 5376
4
	14336 5344
	14592 5344
	14592 5376
	14336 5376
4
	15040 5344
	16384 5344
	16384 5376
	15040 5376
4
	0 5376
	5920 5376
	5920 5408
	0 5408
4
	7520 5376
	8192 5376
	8192 5408
	7520 5408
4
	8896 5376
	9792 5376
	9792 5408
	8896 5408
4
	14336 5376
	14592 5376
	14592 5408
	14336 5408
4
	15040 5376
	16384 5376
	16384 5408
	15040 5408
4
	0 5408
	5920 5408
	5920 5440
	0 5440
4
	7520 5408
	8192 5408
	8192 5440
	7520 5440
4
	8896 5408
	9792 5408
	9792 5440
	8896 5440
4
	14336 5408
	14592 5408
	14592 5440
	14336 5440
4
	15040 5408
	16384 5408
	16384 5440
	15040 5440
4
	0 5440
	5920 5440
	5920 5472
	0 5472
4
	7520 5440
	8192 5440
	8192 5472
	7520 5472
4
	8896 5440
	9792 5440
	9792 5472
	8896 5472
4
	14336 5440
	14592 5440
	14592 5472
	14336 5472
4
	15040 5440
	16384 5440
	16384 5472
	15040 5472
4
	0 5472
	5696 5472
	5696 5504
	0 5504
4
	7744 5472
	8448 5472
	8448 5504
	7744 5504
4
	9344 5472
	10496 5472
	10496 5504
	9344 5504
4
	15264 5472
	16384 5472
	16384 5504
	15264 5504
4
	0 5504
	5696 5504
	5696 5536
	0 5536
4
	7744 5504
	8448 5504
	8448 5536
	7744 5536
4
	9344 5504
	10496 5504
	10496 5536
	9344 5536
4
	15264 5504
	16384 5504
	16384 5536
	15264 5536
4
	0 5536
	5696 5536
	5696 5568
	0 5568
4
	7744 5536
	8448 5536
	8448 5568
	7744 5568
4
	9344 5536
	10496 5536
	10496 5568
	9344 5568
4
	15264 5536
	16384 5536
	16384 5568
	15264 5568
4
	0 5568
	5696 5568
	5696 5600
	0 5600
4
	7744 5568
	8448 5568
	8448 5600
	7744 5600
4
	9344 5568
	10496 5568
	10496 5600
	9344 5600
4
	15264 5568
	16384 5568
	16384 5600
	15264 5600
4
	0 5600
	5696 5600
	5696 5632
	0 5632
4
	7744 5600
	8448 5600
	8448 5632
	7744 5632
4
	9344 5600
	10496 5600
	10496 5632
	9344 5632
4
	15264 5600
	16384 5600
	16384 5632
	15264 5632
4
	0 5632
	5696 5632
	5696 5664
	0 5664
4
	7744 5632
	8448 5632
	8448 5664
	7744 5664
4
	9344 5632
	10496 5632
	10496 5664
	9344 5664
4
	15264 5632
	16384 5632
	16384 5664
	15264 5664
4
	0 5664
	5696 5664
	5696 5696
	0 5696
4
	7744 5664
	8448 5664
	8448 5696
	7744 5696
4
	9344 5664
	10496 5664
	10496 5696
	9344 5696
4
	15264 5664
	16384 5664
	16384 5696
	15264 5696
4
	0 5696
	5472 5696
	5472 5728
	0 5728
4
	6624 5696
	7520 5696
	7520 5728
	6624 5728
4
	7968 5696
	8448 5696
	8448 5728
	7968 5728
4
	9568 5696
	10240 5696
	10240 5728
	9568 5728
4
	15488 5696
	16384 5696
	16384 5728
	15488 5728
4
	0 5728
	5472 5728
	5472 5760
	0 5760
4
	6624 5728
	7520 5728
	7520 5760
	6624 5760
4
	7968 5728
	8448 5728
	8448 5760
	7968 5760
4
	9568 5728
	10240 5728
	10240 5760
	9568 5760
4
	15488 5728
	16384 5728
	16384 5760
	15488 5760
4
	0 5760
	5472 5760
	5472 5792
	0 5792
4
	6624 5760
	7520 5760
	7520 5792
	6624 5792
4
	7968 5760
	8448 5760
	8448 5792
	7968 5792
4
	9568 5760
	10240 5760
	10240 5792
	9568 5792
4
	15488 5760
	16384 5760
	16384 5792
	15488 5792
4
	0 5792
	5472 5792
	5472 5824
	0 5824
4
	6624 5792
	7520 5792
	7520 5824
	6624 5824
4
	7968 5792
	8448 5792
	8448 5824
	7968 5824
4
	9568 5792
	10240 5792
	10240 5824
	9568 5824
4
	15488 5792
	16384 5792
	16384 5824
	15488 5824
4
	0 5824
	5472 5824
	5472 5856
	0 5856
4
	6624 5824
	7520 5824
	7520 5856
	6624 5856
4
	7968 5824
	8448 5824
	8448 5856
	7968 5856
4
	9568 5824
	10240 5824
	10240 5856
	9568 5856
4
	15488 5824
	16384 5824
	16384 5856
	15488 5856
4
	0 5856
	5472 5856
	5472 5888
	0 5888
4
	6624 5856
	7520 5856
	7520 5888
	6624 5888
4
	7968 5856
	8448 5856
	8448 5888
	7968 5888
4
	9568 5856
	10240 5856
	10240 5888
	9568 5888
4
	15488 5856
	16384 5856
	16384 5888
	15488 5888
4
	0 5888
	5472 5888
	5472 5920
	0 5920
4
	6624 5888
	7520 5888
	7520 5920
	6624 5920
4
	7968 5888
	8448 5888
	8448 5920
	7968 5920
4
	9568 5888
	10240 5888
	10240 5920
	9568 5920
4
	15488 5888
	16384 5888
	16384 5920
	15488 5920
4
	0 5920
	5472 5920
	5472 5952
	0 5952
4
	6144 5920
	7744 5920
	7744 5952
	6144 5952
4
	15712 5920
	16384 5920
	16384 5952
	15712 5952
4
	0 5952
	5472 5952
	5472 5984
	0 5984
4
	6144 5952
	7744 5952
	7744 5984
	6144 5984
4
	15712 5952
	16384 5952
	16384 5984
	15712 5984
4
	0 5984
	5472 5984
	5472 6016
	0 6016
4
	6144 5984
	7744 5984
	7744 6016
	6144 6016
4
	15712 5984
	16384 5984
	16384 6016
	15712 6016
4
	0 6016
	5472 6016
	5472 6048
	0 6048
4
	6144 6016
	7744 6016
	7744 6048
	6144 6048
4
	15712 6016
	16384 6016
	16384 6048
	15712 6048
4
	0 6048
	5472 6048
	5472 6080
	0 6080
4
	6144 6048
	7744 6048
	7744 6080
	6144 6080
4
	15712 6048
	16384 6048
	16384 6080
	15712 6080
4
	0 6080
	5472 6080
	5472 6112
	0 6112
4
	6144 6080
	7744 6080
	7744 6112
	6144 6112
4
	15712 6080
	16384 6080
	16384 6112
	15712 6112
4
	0 6112
	5472 6112
	5472 6144
	0 6144
4
	6144 6112
	7744 6112
	7744 6144
	6144 6144
4
	15712 6112
	16384 6112
	16384 6144
	15712 6144
4
	0 6144
	5248 6144
	5248 6176
	0 6176
4
	6144 6144
	7744 6144
	7744 6176
	6144 6176
4
	10720 6144
	11392 6144
	11392 6176
	10720 6176
4
	15712 6144
	16384 6144
	16384 6176
	15712 6176
4
	0 6176
	5248 6176
	5248 6208
	0 6208
4
	6144 6176
	7744 6176
	7744 6208
	6144 6208
4
	10720 6176
	11392 6176
	11392 6208
	10720 6208
4
	15712 6176
	16384 6176
	16384 6208
	15712 6208
4
	0 6208
	5248 6208
	5248 6240
	0 6240
4
	6144 6208
	7744 6208
	7744 6240
	6144 6240
4
	10720 6208
	11392 6208
	11392 6240
	10720 6240
4
	15712 6208
	16384 6208
	16384 6240
	15712 6240
4
	0 6240
	5248 6240
	5248 6272
	0 6272
4
	6144 6240
	7744 6240
	7744 6272
	6144 6272
4
	10720 6240
	11392 6240
	11392 6272
	10720 6272
4
	15712 6240
	16384 6240
	16384 6272
	15712 6272
4
	0 6272
	5248 6272
	5248 6304
	0 6304
4
	6144 6272
	7744 6272
	7744 6304
	6144 6304
4
	10720 6272
	11392 6272
	11392 6304
	10720 6304
4
	15712 6272
	16384 6272
	16384 6304
	15712 6304
4
	0 6304
	5248 6304
	5248 6336
	0 6336
4
	6144 6304
	7744 6304
	7744 6336
	6144 6336
4
	10720 6304
	11392 6304
	11392 6336
	10720 6336
4
	15712 6304
	16384 6304
	16384 6336
	15712 6336
4
	0 6336
	5024 6336
	5024 6368
	0 6368
4
	6624 6336
	7520 6336
	7520 6368
	6624 6368
4
	9344 6336
	9792 6336
	9792 6368
	9344 6368
4
	10944 6336
	11840 6336
	11840 6368
	10944 6368
4
	15488 6336
	16384 6336
	16384 6368
	15488 6368
4
	0 6368
	5024 6368
	5024 6400
	0 6400
4
	6624 6368
	7520 6368
	7520 6400
	6624 6400
4
	9344 6368
	9792 6368
	9792 6400
	9344 6400
4
	10944 6368
	11840 6368
	11840 6400
	10944 6400
4
	15488 6368
	16384 6368
	16384 6400
	15488 6400
4
	0 6400
	5024 6400
	5024 6432
	0 6432
4
	6624 6400
	7520 6400
	7520 6432
	6624 6432
4
	9344 6400
	9792 6400
	9792 6432
	9344 6432
4
	10944 6400
	11840 6400
	11840 6432
	10944 6432
4
	15488 6400
	16384 6400
	16384 6432
	15488 6432
4
	0 6432
	5024 6432
	5024 6464
	0 6464
4
	6624 6432
	7520 6432
	7520 6464
	6624 6464
4
	9344 6432
	9792 6432
	9792 6464
	9344 6464
4
	10944 6432
	11840 6432
	11840 6464
	10944 6464
4
	15488 6432
	16384 6432
	16384 6464
	15488 6464
4
	0 6464
	5024 6464
	5024 6496
	0 6496
4
	6624 6464
	7520 6464
	7520 6496
	6624 6496
4
	9344 6464
	9792 6464
	9792 6496
	9344 6496
4
	10944 6464
	11840 6464
	11840 6496
	10944 6496
4
	15488 6464
	16384 6464
	16384 6496
	15488 6496
4
	0 6496
	5024 6496
	5024 6528
	0 6528
4
	6624 6496
	7520 6496
	7520 6528
	6624 6528
4
	9344 6496
	9792 6496
	9792 6528
	9344 6528
4
	10944 6496
	11840 6496
	11840 6528
	10944 6528
4
	15488 6496
	16384 6496
	16384 6528
	15488 6528
4
	0 6528
	5024 6528
	5024 6560
	0 6560
4
	6624 6528
	7520 6528
	7520 6560
	6624 6560
4
	9344 6528
	9792 6528
	9792 6560
	9344 6560
4
	10944 6528
	11840 6528
	11840 6560
	10944 6560
4
	15488 6528
	16384 6528
	16384 6560
	15488 6560
4
	0 6560
	4800 6560
	4800 6592
	0 6592
4
	5472 6560
	6144 6560
	6144 6592
	5472 6592
4
	6624 6560
	7520 6560
	7520 6592
	6624 6592
4
	9120 6560
	10016 6560
	10016 6592
	9120 6592
4
	11168 6560
	12544 6560
	12544 6592
	11168 6592
4
	15264 6560
	16384 6560
	16384 6592
	15264 6592
4
	0 6592
	4800 6592
	4800 6624
	0 6624
4
	5472 6592
	6144 6592
	6144 6624
	5472 6624
4
	6624 6592
	7520 6592
	7520 6624
	6624 6624
4
	9120 6592
	10016 6592
	10016 6624
	9120 6624
4
	11168 6592
	12544 6592
	12544 6624
	11168 6624
4
	15264 6592
	16384 6592
	16384 6624
	15264 6624
4
	0 6624
	4800 6624
	4800 6656
	0 6656
4
	5472 6624
	6144 6624
	6144 6656
	5472 6656
4
	6624 6624
	7520 6624
	7520 6656
	6624 6656
4
	9120 6624
	10016 6624
	10016 6656
	9120 6656
4
	11168 6624
	12544 6624
	12544 6656
	11168 6656
4
	15264 6624
	16384 6624
	16384 6656
	15264 6656
4
	0 6656
	4800 6656
	4800 6688
	0 6688
4
	5472 6656
	6144 6656
	6144 6688
	5472 6688
4
	6624 6656
	7520 6656
	7520 6688
	6624 6688
4
	9120 6656
	10016 6656
	10016 6688
	9120 6688
4
	11168 6656
	12544 6656
	12544 6688
	11168 6688
4
	15264 6656
	16384 6656
	16384 6688
	15264 6688
4
	0 6688
	4800 6688
	4800 6720
	0 6720
4
	5472 6688
	6144 6688
	6144 6720
	5472 6720
4
	6624 6688
	7520 6688
	7520 6720
	6624 6720
4
	9120 6688
	10016 6688
	10016 6720
	9120 6720
4
	11168 6688
	12544 6688
	12544 6720
	11168 6720
4
	15264 6688
	16384 6688
	16384 6720
	15264 6720
4
	0 6720
	4800 6720
	4800 6752
	0 6752
4
	5472 6720
	6144 6720
	6144 6752
	5472 6752
4
	6624 6720
	7520 6720
	7520 6752
	6624 6752
4
	9120 6720
	10016 6720
	10016 6752
	9120 6752
4
	11168 6720
	12544 6720
	12544 6752
	11168 6752
4
	15264 6720
	16384 6720
	16384 6752
	15264 6752
4
	0 6752
	4800 6752
	4800 6784
	0 6784
4
	5472 6752
	6144 6752
	6144 6784
	5472 6784
4
	6624 6752
	7520 6752
	7520 6784
	6624 6784
4
	9120 6752
	10016 6752
	10016 6784
	9120 6784
4
	11168 6752
	12544 6752
	12544 6784
	11168 6784
4
	15264 6752
	16384 6752
	16384 6784
	15264 6784
4
	0 6784
	4800 6784
	4800 6816
	0 6816
4
	5248 6784
	6144 6784
	6144 6816
	5248 6816
4
	7072 6784
	7520 6784
	7520 6816
	7072 6816
4
	9120 6784
	10496 6784
	10496 6816
	9120 6816
4
	11616 6784
	12992 6784
	12992 6816
	11616 6816
4
	15040 6784
	16384 6784
	16384 6816
	15040 6816
4
	0 6816
	4800 6816
	4800 6848
	0 6848
4
	5248 6816
	6144 6816
	6144 6848
	5248 6848
4
	7072 6816
	7520 6816
	7520 6848
	7072 6848
4
	9120 6816
	10496 6816
	10496 6848
	9120 6848
4
	11616 6816
	12992 6816
	12992 6848
	11616 6848
4
	15040 6816
	16384 6816
	16384 6848
	15040 6848
4
	0 6848
	4800 6848
	4800 6880
	0 6880
4
	5248 6848
	6144 6848
	6144 6880
	5248 6880
4
	7072 6848
	7520 6848
	7520 6880
	7072 6880
4
	9120 6848
	10496 6848
	10496 6880
	9120 6880
4
	11616 6848
	12992 6848
	12992 6880
	11616 6880
4
	15040 6848
	16384 6848
	16384 6880
	15040 6880
4
	0 6880
	4800 6880
	4800 6912
	0 6912
4
	5248 6880
	6144 6880
	6144 6912
	5248 6912
4
	7072 6880
	7520 6880
	7520 6912
	7072 6912
4
	9120 6880
	10496 6880
	10496 6912
	9120 6912
4
	11616 6880
	12992 6880
	12992 6912
	11616 6912
4
	15040 6880
	16384 6880
	16384 6912
	15040 6912
4
	0 6912
	4800 6912
	4800 6944
	0 6944
4
	5248 6912
	6144 6912
	6144 6944
	5248 6944
4
	7072 6912
	7520 6912
	7520 6944
	7072 6944
4
	9120 6912
	10496 6912
	10496 6944
	9120 6944
4
	11616 6912
	12992 6912
	12992 6944
	11616 6944
4
	15040 6912
	16384 6912
	16384 6944
	15040 6944
4
	0 6944
	4800 6944
	4800 6976
	0 6976
4
	5248 6944
	6144 6944
	6144 6976
	5248 6976
4
	7072 6944
	7520 6944
	7520 6976
	7072 6976
4
	9120 6944
	10496 6944
	10496 6976
	9120 6976
4
	11616 6944
	12992 6944
	12992 6976
	11616 6976
4
	15040 6944
	16384 6944
	16384 6976
	15040 6976
4
	0 6976
	4800 6976
	4800 7008
	0 7008
4
	5248 6976
	6144 6976
	6144 7008
	5248 7008
4
	7072 6976
	7520 6976
	7520 7008
	7072 7008
4
	9120 6976
	10496 6976
	10496 7008
	9120 7008
4
	11616 6976
	12992 6976
	12992 7008
	11616 7008
4
	15040 6976
	16384 6976
	16384 7008
	15040 7008
4
	0 7008
	4800 7008
	4800 7040
	0 7040
4
	5248 7008
	6400 7008
	6400 7040
	5248 7040
4
	9120 7008
	10496 7008
	10496 7040
	9120 7040
4
	12064 7008
	13440 7008
	13440 7040
	12064 7040
4
	15040 7008
	16384 7008
	16384 7040
	15040 7040
4
	0 7040
	4800 7040
	4800 7072
	0 7072
4
	5248 7040
	6400 7040
	6400 7072
	5248 7072
4
	9120 7040
	10496 7040
	10496 7072
	9120 7072
4
	12064 7040
	13440 7040
	13440 7072
	12064 7072
4
	15040 7040
	16384 7040
	16384 7072
	15040 7072
4
	0 7072
	4800 7072
	4800 7104
	0 7104
4
	5248 7072
	6400 7072
	6400 7104
	5248 7104
4
	9120 7072
	10496 7072
	10496 7104
	9120 7104
4
	12064 7072
	13440 7072
	13440 7104
	12064 7104
4
	15040 7072
	16384 7072
	16384 7104
	15040 7104
4
	0 7104
	4800 7104
	4800 7136
	0 7136
4
	5248 7104
	6400 7104
	6400 7136
	5248 7136
4
	9120 7104
	10496 7104
	10496 7136
	9120 7136
4
	12064 7104
	13440 7104
	13440 7136
	12064 7136
4
	15040 7104
	16384 7104
	16384 7136
	15040 7136
4
	0 7136
	4800 7136
	4800 7168
	0 7168
4
	5248 7136
	6400 7136
	6400 7168
	5248 7168
4
	9120 7136
	10496 7136
	10496 7168
	9120 7168
4
	12064 7136
	13440 7136
	13440 7168
	12064 7168
4
	15040 7136
	16384 7136
	16384 7168
	15040 7168
4
	0 7168
	4800 7168
	4800 7200
	0 7200
4
	5248 7168
	6400 7168
	6400 7200
	5248 7200
4
	9120 7168
	10496 7168
	10496 7200
	9120 7200
4
	12064 7168
	13440 7168
	13440 7200
	12064 7200
4
	15040 7168
	16384 7168
	16384 7200
	15040 7200
4
	0 7200
	4800 7200
	4800 7232
	0 7232
4
	5248 7200
	6400 7200
	6400 7232
	5248 7232
4
	9120 7200
	10496 7200
	10496 7232
	9120 7232
4
	12064 7200
	13440 7200
	13440 7232
	12064 7232
4
	15040 7200
	16384 7200
	16384 7232
	15040 7232
4
	0 7232
	4576 7232
	4576 7264
	0 7264
4
	5472 7232
	6400 7232
	6400 7264
	5472 7264
4
	9120 7232
	10240 7232
	10240 7264
	9120 7264
4
	12768 7232
	13664 7232
	13664 7264
	12768 7264
4
	14816 7232
	16384 7232
	16384 7264
	14816 7264
4
	0 7264
	4576 7264
	4576 7296
	0 7296
4
	5472 7264
	6400 7264
	6400 7296
	5472 7296
4
	9120 7264
	10240 7264
	10240 7296
	9120 7296
4
	12768 7264
	13664 7264
	13664 7296
	12768 7296
4
	14816 7264
	16384 7264
	16384 7296
	14816 7296
4
	0 7296
	4576 7296
	4576 7328
	0 7328
4
	5472 7296
	6400 7296
	6400 7328
	5472 7328
4
	9120 7296
	10240 7296
	10240 7328
	9120 7328
4
	12768 7296
	13664 7296
	13664 7328
	12768 7328
4
	14816 7296
	16384 7296
	16384 7328
	14816 7328
4
	0 7328
	4576 7328
	4576 7360
	0 7360
4
	5472 7328
	6400 7328
	6400 7360
	5472 7360
4
	9120 7328
	10240 7328
	10240 7360
	9120 7360
4
	12768 7328
	13664 7328
	13664 7360
	12768 7360
4
	14816 7328
	16384 7328
	16384 7360
	14816 7360
4
	0 7360
	4576 7360
	4576 7392
	0 7392
4
	5472 7360
	6400 7360
	6400 7392
	5472 7392
4
	9120 7360
	10240 7360
	10240 7392
	9120 7392
4
	12768 7360
	13664 7360
	13664 7392
	12768 7392
4
	14816 7360
	16384 7360
	16384 7392
	14816 7392
4
	0 7392
	4576 7392
	4576 7424
	0 7424
4
	5472 7392
	6400 7392
	6400 7424
	5472 7424
4
	9120 7392
	10240 7392
	10240 7424
	9120 7424
4
	12768 7392
	13664 7392
	13664 7424
	12768 7424
4
	14816 7392
	16384 7392
	16384 7424
	14816 7424
4
	0 7424
	4576 7424
	4576 7456
	0 7456
4
	5472 7424
	6400 7424
	6400 7456
	5472 7456
4
	9120 7424
	10240 7424
	10240 7456
	9120 7456
4
	12768 7424
	13664 7424
	13664 7456
	12768 7456
4
	14816 7424
	16384 7424
	16384 7456
	14816 7456
4
	0 7456
	4576 7456
	4576 7488
	0 7488
4
	5472 7456
	6400 7456
	6400 7488
	5472 7488
4
	9120 7456
	10016 7456
	10016 7488
	9120 7488
4
	13216 7456
	16384 7456
	16384 7488
	13216 7488
4
	0 7488
	4576 7488
	4576 7520
	0 7520
4
	5472 7488
	6400 7488
	6400 7520
	5472 7520
4
	9120 7488
	10016 7488
	10016 7520
	9120 7520
4
	13216 7488
	16384 7488
	16384 7520
	13216 7520
4
	0 7520
	4576 7520
	4576 7552
	0 7552
4
	5472 7520
	6400 7520
	6400 7552
	5472 7552
4
	9120 7520
	10016 7520
	10016 7552
	9120 7552
4
	13216 7520
	16384 7520
	16384 7552
	13216 7552
4
	0 7552
	4576 7552
	4576 7584
	0 7584
4
	5472 7552
	6400 7552
	6400 7584
	5472 7584
4
	9120 7552
	10016 7552
	10016 7584
	9120 7584
4
	13216 7552
	16384 7552
	16384 7584
	13216 7584
4
	0 7584
	4576 7584
	4576 7616
	0 7616
4
	5472 7584
	6400 7584
	6400 7616
	5472 7616
4
	9120 7584
	10016 7584
	10016 7616
	9120 7616
4
	13216 7584
	16384 7584
	16384 7616
	13216 7616
4
	0 7616
	4576 7616
	4576 7648
	0 7648
4
	5472 7616
	6400 7616
	6400 7648
	5472 7648
4
	9120 7616
	10016 7616
	10016 7648
	9120 7648
4
	13216 7616
	16384 7616
	16384 7648
	13216 7648
4
	0 7648
	4352 7648
	4352 7680
	0 7680
4
	5248 7648
	6144 7648
	6144 7680
	5248 7680
4
	6848 7648
	8192 7648
	8192 7680
	6848 7680
4
	9120 7648
	9568 7648
	9568 7680
	9120 7680
4
	13664 7648
	16384 7648
	16384 7680
	13664 7680
4
	0 7680
	4352 7680
	4352 7712
	0 7712
4
	5248 7680
	6144 7680
	6144 7712
	5248 7712
4
	6848 7680
	8192 7680
	8192 7712
	6848 7712
4
	9120 7680
	9568 7680
	9568 7712
	9120 7712
4
	13664 7680
	16384 7680
	16384 7712
	13664 7712
4
	0 7712
	4352 7712
	4352 7744
	0 7744
4
	5248 7712
	6144 7712
	6144 7744
	5248 7744
4
	6848 7712
	8192 7712
	8192 7744
	6848 7744
4
	9120 7712
	9568 7712
	9568 7744
	9120 7744
4
	13664 7712
	16384 7712
	16384 7744
	13664 7744
4
	0 7744
	4352 7744
	4352 7776
	0 7776
4
	5248 7744
	6144 7744
	6144 7776
	5248 7776
4
	6848 7744
	8192 7744
	8192 7776
	6848 7776
4
	9120 7744
	9568 7744
	9568 7776
	9120 7776
4
	13664 7744
	16384 7744
	16384 7776
	13664 7776
4
	0 7776
	4352 7776
	4352 7808
	0 7808
4
	5248 7776
	6144 7776
	6144 7808
	5248 7808
4
	6848 7776
	8192 7776
	8192 7808
	6848 7808
4
	9120 7776
	9568 7776
	9568 7808
	9120 7808
4
	13664 7776
	16384 7776
	16384 7808
	13664 7808
4
	0 7808
	4352 7808
	4352 7840
	0 7840
4
	5248 7808
	6144 7808
	6144 7840
	5248 7840
4
	6848 7808
	8192 7808
	8192 7840
	6848 7840
4
	9120 7808
	9568 7808
	9568 7840
	9120 7840
4
	13664 7808
	16384 7808
	16384 7840
	13664 7840
4
	0 7840
	4352 7840
	4352 7872
	0 7872
4
	5248 7840
	6144 7840
	6144 7872
	5248 7872
4
	6848 7840
	8192 7840
	8192 7872
	6848 7872
4
	9120 7840
	9568 7840
	9568 7872
	9120 7872
4
	13664 7840
	16384 7840
	16384 7872
	13664 7872
4
	0 7872
	4096 7872
	4096 7904
	0 7904
4
	5024 7872
	6144 7872
	6144 7904
	5024 7904
4
	6848 7872
	8192 7872
	8192 7904
	6848 7904
4
	13888 7872
	16384 7872
	16384 7904
	13888 7904
4
	0 7904
	4096 7904
	4096 7936
	0 7936
4
	5024 7904
	6144 7904
	6144 7936
	5024 7936
4
	6848 7904
	8192 7904
	8192 7936
	6848 7936
4
	13888 7904
	16384 7904
	16384 7936
	13888 7936
4
	0 7936
	4096 7936
	4096 7968
	0 7968
4
	5024 7936
	6144 7936
	6144 7968
	5024 7968
4
	6848 7936
	8192 7936
	8192 7968
	6848 7968
4
	13888 7936
	16384 7936
	16384 7968
	13888 7968
4
	0 7968
	4096 7968
	4096 8000
	0 8000
4
	5024 7968
	6144 7968
	6144 8000
	5024 8000
4
	6848 7968
	8192 7968
	8192 8000
	6848 8000
4
	13888 7968
	16384 7968
	16384 8000
	13888 8000
4
	0 8000
	4096 8000
	4096 8032
	0 8032
4
	5024 8000
	6144 8000
	6144 8032
	5024 8032
4
	6848 8000
	8192 8000
	8192 8032
	6848 8032
4
	13888 8000
	16384 8000
	16384 8032
	13888 8032
4
	0 8032
	4096 8032
	4096 8064
	0 8064
4
	5024 8032
	6144 8032
	6144 8064
	5024 8064
4
	6848 8032
	8192 8032
	8192 8064
	6848 8064
4
	13888 8032
	16384 8032
	16384 8064
	13888 8064
4
	0 8064
	4096 8064
	4096 8096
	0 8096
4
	5024 8064
	6144 8064
	6144 8096
	5024 8096
4
	6848 8064
	8192 8064
	8192 8096
	6848 8096
4
	13888 8064
	16384 8064
	16384 8096
	13888 8096
4
	0 8096
	3648 8096
	3648 8128
	0 8128
4
	4576 8096
	6144 8096
	6144 8128
	4576 8128
4
	6848 8096
	7968 8096
	7968 8128
	6848 8128
4
	13664 8096
	16384 8096
	16384 8128
	13664 8128
4
	0 8128
	3648 8128
	3648 8160
	0 8160
4
	4576 8128
	6144 8128
	6144 8160
	4576 8160
4
	6848 8128
	7968 8128
	7968 8160
	6848 8160
4
	13664 8128
	16384 8128
	16384 8160
	13664 8160
4
	0 8160
	3648 8160
	3648 8192
	0 8192
4
	4576 8160
	6144 8160
	6144 8192
	4576 8192
4
	6848 8160
	7968 8160
	7968 8192
	6848 8192
4
	13664 8160
	16384 8160
	16384 8192
	13664 8192
4
	0 8192
	3648 8192
	3648 8224
	0 8224
4
	4576 8192
	6144 8192
	6144 8224
	4576 8224
4
	6848 8192
	7968 8192
	7968 8224
	6848 8224
4
	13664 8192
	16384 8192
	16384 8224
	13664 8224
4
	0 8224
	3648 8224
	3648 8256
	0 8256
4
	4576 8224
	6144 8224
	6144 8256
	4576 8256
4
	6848 8224
	7968 8224
	7968 8256
	6848 8256
4
	13664 8224
	16384 8224
	16384 8256
	13664 8256
4
	0 8256
	3648 8256
	3648 8288
	0 8288
4
	4576 8256
	6144 8256
	6144 8288
	4576 8288
4
	6848 8256
	7968 8256
	7968 8288
	6848 8288
4
	13664 8256
	16384 8256
	16384 8288
	13664 8288
4
	0 8288
	3648 8288
	3648 8320
	0 8320
4
	4576 8288
	6144 8288
	6144 8320
	4576 8320
4
	6848 8288
	7968 8288
	7968 8320
	6848 8320
4
	13664 8288
	16384 8288
	16384 8320
	13664 8320
4
	0 8320
	3200 8320
	3200 8352
	0 8352
4
	3872 8320
	5920 8320
	5920 8352
	3872 8352
4
	6848 8320
	7968 8320
	7968 8352
	6848 8352
4
	10240 8320
	11392 8320
	11392 8352
	10240 8352
4
	13440 8320
	16384 8320
	16384 8352
	13440 8352
4
	0 8352
	3200 8352
	3200 8384
	0 8384
4
	3872 8352
	5920 8352
	5920 8384
	3872 8384
4
	6848 8352
	7968 8352
	7968 8384
	6848 8384
4
	10240 8352
	11392 8352
	11392 8384
	10240 8384
4
	13440 8352
	16384 8352
	16384 8384
	13440 8384
4
	0 8384
	3200 8384
	3200 8416
	0 8416
4
	3872 8384
	5920 8384
	5920 8416
	3872 8416
4
	6848 8384
	7968 8384
	7968 8416
	6848 8416
4
	10240 8384
	11392 8384
	11392 8416
	10240 8416
4
	13440 8384
	16384 8384
	16384 8416
	13440 8416
4
	0 8416
	3200 8416
	3200 8448
	0 8448
4
	3872 8416
	5920 8416
	5920 8448
	3872 8448
4
	6848 8416
	7968 8416
	7968 8448
	6848 8448
4
	10240 8416
	11392 8416
	11392 8448
	10240 8448
4
	13440 8416
	16384 8416
	16384 8448
	13440 8448
4
	0 8448
	3200 8448
	3200 8480
	0 8480
4
	3872 8448
	5920 8448
	5920 8480
	3872 8480
4
	6848 8448
	7968 8448
	7968 8480
	6848 8480
4
	10240 8448
	11392 8448
	11392 8480
	10240 8480
4
	13440 8448
	16384 8448
	16384 8480
	13440 8480
4
	0 8480
	3200 8480
	3200 8512
	0 8512
4
	3872 8480
	5920 8480
	5920 8512
	3872 8512
4
	6848 8480
	7968 8480
	7968 8512
	6848 8512
4
	10240 8480
	11392 8480
	11392 8512
	10240 8512
4
	13440 8480
	16384 8480
	16384 8512
	13440 8512
4
	0 8512
	3200 8512
	3200 8544
	0 8544
4
	3872 8512
	5920 8512
	5920 8544
	3872 8544
4
	6848 8512
	7968 8512
	7968 8544
	6848 8544
4
	10240 8512
	11392 8512
	11392 8544
	10240 8544
4
	13440 8512
	16384 8512
	16384 8544
	13440 8544
4
	0 8544
	3200 8544
	3200 8576
	0 8576
4
	3872 8544
	5472 8544
	5472 8576
	3872 8576
4
	6624 8544
	7968 8544
	7968 8576
	6624 8576
4
	10016 8544
	11392 8544
	11392 8576
	10016 8576
4
	13216 8544
	16384 8544
	16384 8576
	13216 8576
4
	0 8576
	3200 8576
	3200 8608
	0 8608
4
	3872 8576
	5472 8576
	5472 8608
	3872 8608
4
	6624 8576
	7968 8576
	7968 8608
	6624 8608
4
	10016 8576
	11392 8576
	11392 8608
	10016 8608
4
	13216 8576
	16384 8576
	16384 8608
	13216 8608
4
	0 8608
	3200 8608
	3200 8640
	0 8640
4
	3872 8608
	5472 8608
	5472 8640
	3872 8640
4
	6624 8608
	7968 8608
	7968 8640
	6624 8640
4
	10016 8608
	11392 8608
	11392 8640
	10016 8640
4
	13216 8608
	16384 8608
	16384 8640
	13216 8640
4
	0 8640
	3200 8640
	3200 8672
	0 8672
4
	3872 8640
	5472 8640
	5472 8672
	3872 8672
4
	6624 8640
	7968 8640
	7968 8672
	6624 8672
4
	10016 8640
	11392 8640
	11392 8672
	10016 8672
4
	13216 8640
	16384 8640
	16384 8672
	13216 8672
4
	0 8672
	3200 8672
	3200 8704
	0 8704
4
	3872 8672
	5472 8672
	5472 8704
	3872 8704
4
	6624 8672
	7968 8672
	7968 8704
	6624 8704
4
	10016 8672
	11392 8672
	11392 8704
	10016 8704
4
	13216 8672
	16384 8672
	16384 8704
	13216 8704
4
	0 8704
	3200 8704
	3200 8736
	0 8736
4
	3872 8704
	5472 8704
	5472 8736
	3872 8736
4
	6624 8704
	7968 8704
	7968 8736
	6624 8736
4
	10016 8704
	11392 8704
	11392 8736
	10016 8736
4
	13216 8704
	16384 8704
	16384 8736
	13216 8736
4
	0 8736
	3200 8736
	3200 8768
	0 8768
4
	3872 8736
	5472 8736
	5472 8768
	3872 8768
4
	6624 8736
	7968 8736
	7968 8768
	6624 8768
4
	10016 8736
	11392 8736
	11392 8768
	10016 8768
4
	13216 8736
	16384 8736
	16384 8768
	13216 8768
4
	0 8768
	3424 8768
	3424 8800
	0 8800
4
	4096 8768
	5472 8768
	5472 8800
	4096 8800
4
	6624 8768
	7296 8768
	7296 8800
	6624 8800
4
	9792 8768
	11168 8768
	11168 8800
	9792 8800
4
	12992 8768
	16384 8768
	16384 8800
	12992 8800
4
	0 8800
	3424 8800
	3424 8832
	0 8832
4
	4096 8800
	5472 8800
	5472 8832
	4096 8832
4
	6624 8800
	7296 8800
	7296 8832
	6624 8832
4
	9792 8800
	11168 8800
	11168 8832
	9792 8832
4
	12992 8800
	16384 8800
	16384 8832
	12992 8832
4
	0 8832
	3424 8832
	3424 8864
	0 8864
4
	4096 8832
	5472 8832
	5472 8864
	4096 8864
4
	6624 8832
	7296 8832
	7296 8864
	6624 8864
4
	9792 8832
	11168 8832
	11168 8864
	9792 8864
4
	12992 8832
	16384 8832
	16384 8864
	12992 8864
4
	0 8864
	3424 8864
	3424 8896
	0 8896
4
	4096 8864
	5472 8864
	5472 8896
	4096 8896
4
	6624 8864
	7296 8864
	7296 8896
	6624 8896
4
	9792 8864
	11168 8864
	11168 8896
	9792 8896
4
	12992 8864
	16384 8864
	16384 8896
	12992 8896
4
	0 8896
	3424 8896
	3424 8928
	0 8928
4
	4096 8896
	5472 8896
	5472 8928
	4096 8928
4
	6624 8896
	7296 8896
	7296 8928
	6624 8928
4
	9792 8896
	11168 8896
	11168 8928
	9792 8928
4
	12992 8896
	16384 8896
	16384 8928
	12992 8928
4
	0 8928
	3424 8928
	3424 8960
	0 8960
4
	4096 8928
	5472 8928
	5472 8960
	4096 8960
4
	6624 8928
	7296 8928
	7296 8960
	6624 8960
4
	9792 8928
	11168 8928
	11168 8960
	9792 8960
4
	12992 8928
	16384 8928
	16384 8960
	12992 8960
4
	0 8960
	3424 8960
	3424 8992
	0 8992
4
	9792 8960
	11168 8960
	11168 8992
	9792 8992
4
	12768 8960
	16384 8960
	16384 8992
	12768 8992
4
	0 8992
	3424 8992
	3424 9024
	0 9024
4
	9792 8992
	11168 8992
	11168 9024
	9792 9024
4
	12768 8992
	16384 8992
	16384 9024
	12768 9024
4
	0 9024
	3424 9024
	3424 9056
	0 9056
4
	9792 9024
	11168 9024
	11168 9056
	9792 9056
4
	12768 9024
	16384 9024
	16384 9056
	12768 9056
4
	0 9056
	3424 9056
	3424 9088
	0 9088
4
	9792 9056
	11168 9056
	11168 9088
	9792 9088
4
	12768 9056
	16384 9056
	16384 9088
	12768 9088
4
	0 9088
	3424 9088
	3424 9120
	0 9120
4
	9792 9088
	11168 9088
	11168 9120
	9792 9120
4
	12768 9088
	16384 9088
	16384 9120
	12768 9120
4
	0 9120
	3424 9120
	3424 9152
	0 9152
4
	9792 9120
	11168 9120
	11168 9152
	9792 9152
4
	12768 9120
	16384 9120
	16384 9152
	12768 9152
4
	0 9152
	3424 9152
	3424 9184
	0 9184
4
	9792 9152
	11168 9152
	11168 9184
	9792 9184
4
	12768 9152
	16384 9152
	16384 9184
	12768 9184
4
	0 9184
	3200 9184
	3200 9216
	0 9216
4
	9792 9184
	11168 9184
	11168 9216
	9792 9216
4
	12768 9184
	16384 9184
	16384 9216
	12768 9216
4
	0 9216
	3200 9216
	3200 9248
	0 9248
4
	9792 9216
	11168 9216
	11168 9248
	9792 9248
4
	12768 9216
	16384 9216
	16384 9248
	12768 9248
4
	0 9248
	3200 9248
	3200 9280
	0 9280
4
	9792 9248
	11168 9248
	11168 9280
	9792 9280
4
	12768 9248
	16384 9248
	16384 9280
	12768 9280
4
	0 9280
	3200 9280
	3200 9312
	0 9312
4
	9792 9280
	11168 9280
	11168 9312
	9792 9312
4
	12768 9280
	16384 9280
	16384 9312
	12768 9312
4
	0 9312
	3200 9312
	3200 9344
	0 9344
4
	9792 9312
	11168 9312
	11168 9344
	9792 9344
4
	12768 9312
	16384 9312
	16384 9344
	12768 9344
4
	0 9344
	3200 9344
	3200 9376
	0 9376
4
	9792 9344
	11168 9344
	11168 9376
	9792 9376
4
	12768 9344
	16384 9344
	16384 9376
	12768 9376
4
	0 9376
	3200 9376
	3200 9408
	0 9408
4
	9792 9376
	11168 9376
	11168 9408
	9792 9408
4
	12768 9376
	16384 9376
	16384 9408
	12768 9408
4
	0 9408
	2752 9408
	2752 9440
	0 9440
4
	3424 9408
	4352 9408
	4352 9440
	3424 9440
4
	9568 9408
	10944 9408
	10944 9440
	9568 9440
4
	12544 9408
	16384 9408
	16384 9440
	12544 9440
4
	0 9440
	2752 9440
	2752 9472
	0 9472
4
	3424 9440
	4352 9440
	4352 9472
	3424 9472
4
	9568 9440
	10944 9440
	10944 9472
	9568 9472
4
	12544 9440
	16384 9440
	16384 9472
	12544 9472
4
	0 9472
	2752 9472
	2752 9504
	0 9504
4
	3424 9472
	4352 9472
	4352 9504
	3424 9504
4
	9568 9472
	10944 9472
	10944 9504
	9568 9504
4
	12544 9472
	16384 9472
	16384 9504
	12544 9504
4
	0 9504
	2752 9504
	2752 9536
	0 9536
4
	3424 9504
	4352 9504
	4352 9536
	3424 9536
4
	9568 9504
	10944 9504
	10944 9536
	9568 9536
4
	12544 9504
	16384 9504
	16384 9536
	12544 9536
4
	0 9536
	2752 9536
	2752 9568
	0 9568
4
	3424 9536
	4352 9536
	4352 9568
	3424 9568
4
	9568 9536
	10944 9536
	10944 9568
	9568 9568
4
	12544 9536
	16384 9536
	16384 9568
	12544 9568
4
	0 9568
	2752 9568
	2752 9600
	0 9600
4
	3424 9568
	4352 9568
	4352 9600
	3424 9600
4
	9568 9568
	10944 9568
	10944 9600
	9568 9600
4
	12544 9568
	16384 9568
	16384 9600
	12544 9600
4
	0 9600
	2752 9600
	2752 9632
	0 9632
4
	3424 9600
	4352 9600
	4352 9632
	3424 9632
4
	9568 9600
	10944 9600
	10944 9632
	9568 9632
4
	12544 9600
	16384 9600
	16384 9632
	12544 9632
4
	0 9632
	2528 9632
	2528 9664
	0 9664
4
	3200 9632
	4352 9632
	4352 9664
	3200 9664
4
	9792 9632
	10720 9632
	10720 9664
	9792 9664
4
	12288 9632
	16384 9632
	16384 9664
	12288 9664
4
	0 9664
	2528 9664
	2528 9696
	0 9696
4
	3200 9664
	4352 9664
	4352 9696
	3200 9696
4
	9792 9664
	10720 9664
	10720 9696
	9792 9696
4
	12288 9664
	16384 9664
	16384 9696
	12288 9696
4
	0 9696
	2528 9696
	2528 9728
	0 9728
4
	3200 9696
	4352 9696
	4352 9728
	3200 9728
4
	9792 9696
	10720 9696
	10720 9728
	9792 9728
4
	12288 9696
	16384 9696
	16384 9728
	12288 9728
4
	0 9728
	2528 9728
	2528 9760
	0 9760
4
	3200 9728
	4352 9728
	4352 9760
	3200 9760
4
	9792 9728
	10720 9728
	10720 9760
	9792 9760
4
	12288 9728
	16384 9728
	16384 9760
	12288 9760
4
	0 9760
	2528 9760
	2528 9792
	0 9792
4
	3200 9760
	4352 9760
	4352 9792
	3200 9792
4
	9792 9760
	10720 9760
	10720 9792
	9792 9792
4
	12288 9760
	16384 9760
	16384 9792
	12288 9792
4
	0 9792
	2528 9792
	2528 9824
	0 9824
4
	3200 9792
	4352 9792
	4352 9824
	3200 9824
4
	9792 9792
	10720 9792
	10720 9824
	9792 9824
4
	12288 9792
	16384 9792
	16384 9824
	12288 9824
4
	0 9824
	2528 9824
	2528 9856
	0 9856
4
	3200 9824
	4352 9824
	4352 9856
	3200 9856
4
	9792 9824
	10720 9824
	10720 9856
	9792 9856
4
	12288 9824
	16384 9824
	16384 9856
	12288 9856
4
	0 9856
	2304 9856
	2304 9888
	0 9888
4
	3200 9856
	4352 9856
	4352 9888
	3200 9888
4
	10240 9856
	10720 9856
	10720 9888
	10240 9888
4
	12064 9856
	16384 9856
	16384 9888
	12064 9888
4
	0 9888
	2304 9888
	2304 9920
	0 9920
4
	3200 9888
	4352 9888
	4352 9920
	3200 9920
4
	10240 9888
	10720 9888
	10720 9920
	10240 9920
4
	12064 9888
	16384 9888
	16384 9920
	12064 9920
4
	0 9920
	2304 9920
	2304 9952
	0 9952
4
	3200 9920
	4352 9920
	4352 9952
	3200 9952
4
	10240 9920
	10720 9920
	10720 9952
	10240 9952
4
	12064 9920
	16384 9920
	16384 9952
	12064 9952
4
	0 9952
	2304 9952
	2304 9984
	0 9984
4
	3200 9952
	4352 9952
	4352 9984
	3200 9984
4
	10240 9952
	10720 9952
	10720 9984
	10240 9984
4
	12064 9952
	16384 9952
	16384 9984
	12064 9984
4
	0 9984
	2304 9984
	2304 10016
	0 10016
4
	3200 9984
	4352 9984
	4352 10016
	3200 10016
4
	10240 9984
	10720 9984
	10720 10016
	10240 10016
4
	12064 9984
	16384 9984
	16384 10016
	12064 10016
4
	0 10016
	2304 10016
	2304 10048
	0 10048
4
	3200 10016
	4352 10016
	4352 10048
	3200 10048
4
	10240 10016
	10720 10016
	10720 10048
	10240 10048
4
	12064 10016
	16384 10016
	16384 10048
	12064 10048
4
	0 10048
	2304 10048
	2304 10080
	0 10080
4
	3200 10048
	4352 10048
	4352 10080
	3200 10080
4
	10240 10048
	10720 10048
	10720 10080
	10240 10080
4
	12064 10048
	16384 10048
	16384 10080
	12064 10080
4
	0 10080
	2048 10080
	2048 10112
	0 10112
4
	3200 10080
	4352 10080
	4352 10112
	3200 10112
4
	5696 10080
	6624 10080
	6624 10112
	5696 10112
4
	11840 10080
	16384 10080
	16384 10112
	11840 10112
4
	0 10112
	2048 10112
	2048 10144
	0 10144
4
	3200 10112
	4352 10112
	4352 10144
	3200 10144
4
	5696 10112
	6624 10112
	6624 10144
	5696 10144
4
	11840 10112
	16384 10112
	16384 10144
	11840 10144
4
	0 10144
	2048 10144
	2048 10176
	0 10176
4
	3200 10144
	4352 10144
	4352 10176
	3200 10176
4
	5696 10144
	6624 10144
	6624 10176
	5696 10176
4
	11840 10144
	16384 10144
	16384 10176
	11840 10176
4
	0 10176
	2048 10176
	2048 10208
	0 10208
4
	3200 10176
	4352 10176
	4352 10208
	3200 10208
4
	5696 10176
	6624 10176
	6624 10208
	5696 10208
4
	11840 10176
	16384 10176
	16384 10208
	11840 10208
4
	0 10208
	2048 10208
	2048 10240
	0 10240
4
	3200 10208
	4352 10208
	4352 10240
	3200 10240
4
	5696 10208
	6624 10208
	6624 10240
	5696 10240
4
	11840 10208
	16384 10208
	16384 10240
	11840 10240
4
	0 10240
	2048 10240
	2048 10272
	0 10272
4
	3200 10240
	4352 10240
	4352 10272
	3200 10272
4
	5696 10240
	6624 10240
	6624 10272
	5696 10272
4
	11840 10240
	16384 10240
	16384 10272
	11840 10272
4
	0 10272
	1824 10272
	1824 10304
	0 10304
4
	3424 10272
	3872 10272
	3872 10304
	3424 10304
4
	5472 10272
	6848 10272
	6848 10304
	5472 10304
4
	8672 10272
	9120 10272
	9120 10304
	8672 10304
4
	12064 10272
	16384 10272
	16384 10304
	12064 10304
4
	0 10304
	1824 10304
	1824 10336
	0 10336
4
	3424 10304
	3872 10304
	3872 10336
	3424 10336
4
	5472 10304
	6848 10304
	6848 10336
	5472 10336
4
	8672 10304
	9120 10304
	9120 10336
	8672 10336
4
	12064 10304
	16384 10304
	16384 10336
	12064 10336
4
	0 10336
	1824 10336
	1824 10368
	0 10368
4
	3424 10336
	3872 10336
	3872 10368
	3424 10368
4
	5472 10336
	6848 10336
	6848 10368
	5472 10368
4
	8672 10336
	9120 10336
	9120 10368
	8672 10368
4
	12064 10336
	16384 10336
	16384 10368
	12064 10368
4
	0 10368
	1824 10368
	1824 10400
	0 10400
4
	3424 10368
	3872 10368
	3872 10400
	3424 10400
4
	5472 10368
	6848 10368
	6848 10400
	5472 10400
4
	8672 10368
	9120 10368
	9120 10400
	8672 10400
4
	12064 10368
	16384 10368
	16384 10400
	12064 10400
4
	0 10400
	1824 10400
	1824 10432
	0 10432
4
	3424 10400
	3872 10400
	3872 10432
	3424 10432
4
	5472 10400
	6848 10400
	6848 10432
	5472 10432
4
	8672 10400
	9120 10400
	9120 10432
	8672 10432
4
	12064 10400
	16384 10400
	16384 10432
	12064 10432
4
	0 10432
	1824 10432
	1824 10464
	0 10464
4
	3424 10432
	3872 10432
	3872 10464
	3424 10464
4
	5472 10432
	6848 10432
	6848 10464
	5472 10464
4
	8672 10432
	9120 10432
	9120 10464
	8672 10464
4
	12064 10432
	16384 10432
	16384 10464
	12064 10464
4
	0 10464
	1824 10464
	1824 10496
	0 10496
4
	3424 10464
	3872 10464
	3872 10496
	3424 10496
4
	5472 10464
	6848 10464
	6848 10496
	5472 10496
4
	8672 10464
	9120 10464
	9120 10496
	8672 10496
4
	12064 10464
	16384 10464
	16384 10496
	12064 10496
4
	0 10496
	1600 10496
	1600 10528
	0 10528
4
	5472 10496
	7296 10496
	7296 10528
	5472 10528
4
	8672 10496
	9344 10496
	9344 10528
	8672 10528
4
	12288 10496
	16384 10496
	16384 10528
	12288 10528
4
	0 10528
	1600 10528
	1600 10560
	0 10560
4
	5472 10528
	7296 10528
	7296 10560
	5472 10560
4
	8672 10528
	9344 10528
	9344 10560
	8672 10560
4
	12288 10528
	16384 10528
	16384 10560
	12288 10560
4
	0 10560
	1600 10560
	1600 10592
	0 10592
4
	5472 10560
	7296 10560
	7296 10592
	5472 10592
4
	8672 10560
	9344 10560
	9344 10592
	8672 10592
4
	12288 10560
	16384 10560
	16384 10592
	12288 10592
4
	0 10592
	1600 10592
	1600 10624
	0 10624
4
	5472 10592
	7296 10592
	7296 10624
	5472 10624
4
	8672 10592
	9344 10592
	9344 10624
	8672 10624
4
	12288 10592
	16384 10592
	16384 10624
	12288 10624
4
	0 10624
	1600 10624
	1600 10656
	0 10656
4
	5472 10624
	7296 10624
	7296 10656
	5472 10656
4
	8672 10624
	9344 10624
	9344 10656
	8672 10656
4
	12288 10624
	16384 10624
	16384 10656
	12288 10656
4
	0 10656
	1600 10656
	1600 10688
	0 10688
4
	5472 10656
	7296 10656
	7296 10688
	5472 10688
4
	8672 10656
	9344 10656
	9344 10688
	8672 10688
4
	12288 10656
	16384 10656
	16384 10688
	12288 10688
4
	0 10688
	1600 10688
	1600 10720
	0 10720
4
	5472 10688
	7296 10688
	7296 10720
	5472 10720
4
	8672 10688
	9344 10688
	9344 10720
	8672 10720
4
	12288 10688
	16384 10688
	16384 10720
	12288 10720
4
	0 10720
	2048 10720
	2048 10752
	0 10752
4
	5696 10720
	7296 10720
	7296 10752
	5696 10752
4
	8896 10720
	9568 10720
	9568 10752
	8896 10752
4
	12544 10720
	16384 10720
	16384 10752
	12544 10752
4
	0 10752
	2048 10752
	2048 10784
	0 10784
4
	5696 10752
	7296 10752
	7296 10784
	5696 10784
4
	8896 10752
	9568 10752
	9568 10784
	8896 10784
4
	12544 10752
	16384 10752
	16384 10784
	12544 10784
4
	0 10784
	2048 10784
	2048 10816
	0 10816
4
	5696 10784
	7296 10784
	7296 10816
	5696 10816
4
	8896 10784
	9568 10784
	9568 10816
	8896 10816
4
	12544 10784
	16384 10784
	16384 10816
	12544 10816
4
	0 10816
	2048 10816
	2048 10848
	0 10848
4
	5696 10816
	7296 10816
	7296 10848
	5696 10848
4
	8896 10816
	9568 10816
	9568 10848
	8896 10848
4
	12544 10816
	16384 10816
	16384 10848
	12544 10848
4
	0 10848
	2048 10848
	2048 10880
	0 10880
4
	5696 10848
	7296 10848
	7296 10880
	5696 10880
4
	8896 10848
	9568 10848
	9568 10880
	8896 10880
4
	12544 10848
	16384 10848
	16384 10880
	12544 10880
4
	0 10880
	2048 10880
	2048 10912
	0 10912
4
	5696 10880
	7296 10880
	7296 10912
	5696 10912
4
	8896 10880
	9568 10880
	9568 10912
	8896 10912
4
	12544 10880
	16384 10880
	16384 10912
	12544 10912
4
	0 10912
	2048 10912
	2048 10944
	0 10944
4
	5696 10912
	7296 10912
	7296 10944
	5696 10944
4
	8896 10912
	9568 10912
	9568 10944
	8896 10944
4
	12544 10912
	16384 10912
	16384 10944
	12544 10944
4
	0 10944
	2528 10944
	2528 10976
	0 10976
4
	5696 10944
	6848 10944
	6848 10976
	5696 10976
4
	9344 10944
	9568 10944
	9568 10976
	9344 10976
4
	12288 10944
	16384 10944
	16384 10976
	12288 10976
4
	0 10976
	2528 10976
	2528 11008
	0 11008
4
	5696 10976
	6848 10976
	6848 11008
	5696 11008
4
	9344 10976
	9568 10976
	9568 11008
	9344 11008
4
	12288 10976
	16384 10976
	16384 11008
	12288 11008
4
	0 11008
	2528 11008
	2528 11040
	0 11040
4
	5696 11008
	6848 11008
	6848 11040
	5696 11040
4
	9344 11008
	9568 11008
	9568 11040
	9344 11040
4
	12288 11008
	16384 11008
	16384 11040
	12288 11040
4
	0 11040
	2528 11040
	2528 11072
	0 11072
4
	5696 11040
	6848 11040
	6848 11072
	5696 11072
4
	9344 11040
	9568 11040
	9568 11072
	9344 11072
4
	12288 11040
	16384 11040
	16384 11072
	12288 11072
4
	0 11072
	2528 11072
	2528 11104
	0 11104
4
	5696 11072
	6848 11072
	6848 11104
	5696 11104
4
	9344 11072
	9568 11072
	9568 11104
	9344 11104
4
	12288 11072
	16384 11072
	16384 11104
	12288 11104
4
	0 11104
	2528 11104
	2528 11136
	0 11136
4
	5696 11104
	6848 11104
	6848 11136
	5696 11136
4
	9344 11104
	9568 11104
	9568 11136
	9344 11136
4
	12288 11104
	16384 11104
	16384 11136
	12288 11136
4
	0 11136
	2528 11136
	2528 11168
	0 11168
4
	5696 11136
	6848 11136
	6848 11168
	5696 11168
4
	9344 11136
	9568 11136
	9568 11168
	9344 11168
4
	12288 11136
	16384 11136
	16384 11168
	12288 11168
4
	0 11168
	2752 11168
	2752 11200
	0 11200
4
	5696 11168
	6144 11168
	6144 11200
	5696 11200
4
	12288 11168
	16384 11168
	16384 11200
	12288 11200
4
	0 11200
	2752 11200
	2752 11232
	0 11232
4
	5696 11200
	6144 11200
	6144 11232
	5696 11232
4
	12288 11200
	16384 11200
	16384 11232
	12288 11232
4
	0 11232
	2752 11232
	2752 11264
	0 11264
4
	5696 11232
	6144 11232
	6144 11264
	5696 11264
4
	12288 11232
	16384 11232
	16384 11264
	12288 11264
4
	0 11264
	2752 11264
	2752 11296
	0 11296
4
	5696 11264
	6144 11264
	6144 11296
	5696 11296
4
	12288 11264
	16384 11264
	16384 11296
	12288 11296
4
	0 11296
	2752 11296
	2752 11328
	0 11328
4
	5696 11296
	6144 11296
	6144 11328
	5696 11328
4
	12288 11296
	16384 11296
	16384 11328
	12288 11328
4
	0 11328
	2752 11328
	2752 11360
	0 11360
4
	5696 11328
	6144 11328
	6144 11360
	5696 11360
4
	12288 11328
	16384 11328
	16384 11360
	12288 11360
4
	0 11360
	3200 11360
	3200 11392
	0 11392
4
	12064 11360
	16384 11360
	16384 11392
	12064 11392
4
	0 11392
	3200 11392
	3200 11424
	0 11424
4
	12064 11392
	16384 11392
	16384 11424
	12064 11424
4
	0 11424
	3200 11424
	3200 11456
	0 11456
4
	12064 11424
	16384 11424
	16384 11456
	12064 11456
4
	0 11456
	3200 11456
	3200 11488
	0 11488
4
	12064 11456
	16384 11456
	16384 11488
	12064 11488
4
	0 11488
	3200 11488
	3200 11520
	0 11520
4
	12064 11488
	16384 11488
	16384 11520
	12064 11520
4
	0 11520
	3200 11520
	3200 11552
	0 11552
4
	12064 11520
	16384 11520
	16384 11552
	12064 11552
4
	0 11552
	3200 11552
	3200 11584
	0 11584
4
	12064 11552
	16384 11552
	16384 11584
	12064 11584
4
	0 11584
	3648 11584
	3648 11616
	0 11616
4
	7296 11584
	8192 11584
	8192 11616
	7296 11616
4
	11840 11584
	16384 11584
	16384 11616
	11840 11616
4
	0 11616
	3648 11616
	3648 11648
	0 11648
4
	7296 11616
	8192 11616
	8192 11648
	7296 11648
4
	11840 11616
	16384 11616
	16384 11648
	11840 11648
4
	0 11648
	3648 11648
	3648 11680
	0 11680
4
	7296 11648
	8192 11648
	8192 11680
	7296 11680
4
	11840 11648
	16384 11648
	16384 11680
	11840 11680
4
	0 11680
	3648 11680
	3648 11712
	0 11712
4
	7296 11680
	8192 11680
	8192 11712
	7296 11712
4
	11840 11680
	16384 11680
	16384 11712
	11840 11712
4
	0 11712
	3648 11712
	3648 11744
	0 11744
4
	7296 11712
	8192 11712
	8192 11744
	7296 11744
4
	11840 11712
	16384 11712
	16384 11744
	11840 11744
4
	0 11744
	3648 11744
	3648 11776
	0 11776
4
	7296 11744
	8192 11744
	8192 11776
	7296 11776
4
	11840 11744
	16384 11744
	16384 11776
	11840 11776
4
	0 11776
	3648 11776
	3648 11808
	0 11808
4
	7296 11776
	8192 11776
	8192 11808
	7296 11808
4
	11840 11776
	16384 11776
	16384 11808
	11840 11808
4
	0 11808
	4352 11808
	4352 11840
	0 11840
4
	7072 11808
	8192 11808
	8192 11840
	7072 11840
4
	11616 11808
	16384 11808
	16384 11840
	11616 11840
4
	0 11840
	4352 11840
	4352 11872
	0 11872
4
	7072 11840
	8192 11840
	8192 11872
	7072 11872
4
	11616 11840
	16384 11840
	16384 11872
	11616 11872
4
	0 11872
	4352 11872
	4352 11904
	0 11904
4
	7072 11872
	8192 11872
	8192 11904
	7072 11904
4
	11616 11872
	16384 11872
	16384 11904
	11616 11904
4
	0 11904
	4352 11904
	4352 11936
	0 11936
4
	7072 11904
	8192 11904
	8192 11936
	7072 11936
4
	11616 11904
	16384 11904
	16384 11936
	11616 11936
4
	0 11936
	4352 11936
	4352 11968
	0 11968
4
	7072 11936
	8192 11936
	8192 11968
	7072 11968
4
	11616 11936
	16384 11936
	16384 11968
	11616 11968
4
	0 11968
	4352 11968
	4352 12000
	0 12000
4
	7072 11968
	8192 11968
	8192 12000
	7072 12000
4
	11616 11968
	16384 11968
	16384 12000
	11616 12000
4
	0 12000
	4352 12000
	4352 12032
	0 12032
4
	7072 12000
	8192 12000
	8192 12032
	7072 12032
4
	11616 12000
	16384 12000
	16384 12032
	11616 12032
4
	0 12032
	2048 12032
	2048 12064
	0 12064
4
	3200 12032
	4352 12032
	4352 12064
	3200 12064
4
	6848 12032
	8192 12032
	8192 12064
	6848 12064
4
	10496 12032
	10720 12032
	10720 12064
	10496 12064
4
	11392 12032
	16384 12032
	16384 12064
	11392 12064
4
	0 12064
	2048 12064
	2048 12096
	0 12096
4
	3200 12064
	4352 12064
	4352 12096
	3200 12096
4
	6848 12064
	8192 12064
	8192 12096
	6848 12096
4
	10496 12064
	10720 12064
	10720 12096
	10496 12096
4
	11392 12064
	16384 12064
	16384 12096
	11392 12096
4
	0 12096
	2048 12096
	2048 12128
	0 12128
4
	3200 12096
	4352 12096
	4352 12128
	3200 12128
4
	6848 12096
	8192 12096
	8192 12128
	6848 12128
4
	10496 12096
	10720 12096
	10720 12128
	10496 12128
4
	11392 12096
	16384 12096
	16384 12128
	11392 12128
4
	0 12128
	2048 12128
	2048 12160
	0 12160
4
	3200 12128
	4352 12128
	4352 12160
	3200 12160
4
	6848 12128
	8192 12128
	8192 12160
	6848 12160
4
	10496 12128
	10720 12128
	10720 12160
	10496 12160
4
	11392 12128
	16384 12128
	16384 12160
	11392 12160
4
	0 12160
	2048 12160
	2048 12192
	0 12192
4
	3200 12160
	4352 12160
	4352 12192
	3200 12192
4
	6848 12160
	8192 12160
	8192 12192
	6848 12192
4
	10496 12160
	10720 12160
	10720 12192
	10496 12192
4
	11392 12160
	16384 12160
	16384 12192
	11392 12192
4
	0 12192
	2048 12192
	2048 12224
	0 12224
4
	3200 12192
	4352 12192
	4352 12224
	3200 12224
4
	6848 12192
	8192 12192
	8192 12224
	6848 12224
4
	10496 12192
	10720 12192
	10720 12224
	10496 12224
4
	11392 12192
	16384 12192
	16384 12224
	11392 12224
4
	0 12224
	2048 12224
	2048 12256
	0 12256
4
	3200 12224
	4352 12224
	4352 12256
	3200 12256
4
	6848 12224
	8192 12224
	8192 12256
	6848 12256
4
	10496 12224
	10720 12224
	10720 12256
	10496 12256
4
	11392 12224
	16384 12224
	16384 12256
	11392 12256
4
	0 12256
	2048 12256
	2048 12288
	0 12288
4
	3648 12256
	4352 12256
	4352 12288
	3648 12288
4
	6848 12256
	8192 12256
	8192 12288
	6848 12288
4
	10240 12256
	10944 12256
	10944 12288
	10240 12288
4
	11168 12256
	16384 12256
	16384 12288
	11168 12288
4
	0 12288
	2048 12288
	2048 12320
	0 12320
4
	3648 12288
	4352 12288
	4352 12320
	3648 12320
4
	6848 12288
	8192 12288
	8192 12320
	6848 12320
4
	10240 12288
	10944 12288
	10944 12320
	10240 12320
4
	11168 12288
	16384 12288
	16384 12320
	11168 12320
4
	0 12320
	2048 12320
	2048 12352
	0 12352
4
	3648 12320
	4352 12320
	4352 12352
	3648 12352
4
	6848 12320
	8192 12320
	8192 12352
	6848 12352
4
	10240 12320
	10944 12320
	10944 12352
	10240 12352
4
	11168 12320
	16384 12320
	16384 12352
	11168 12352
4
	0 12352
	2048 12352
	2048 12384
	0 12384
4
	3648 12352
	4352 12352
	4352 12384
	3648 12384
4
	6848 12352
	8192 12352
	8192 12384
	6848 12384
4
	10240 12352
	10944 12352
	10944 12384
	10240 12384
4
	11168 12352
	16384 12352
	16384 12384
	11168 12384
4
	0 12384
	2048 12384
	2048 12416
	0 12416
4
	3648 12384
	4352 12384
	4352 12416
	3648 12416
4
	6848 12384
	8192 12384
	8192 12416
	6848 12416
4
	10240 12384
	10944 12384
	10944 12416
	10240 12416
4
	11168 12384
	16384 12384
	16384 12416
	11168 12416
4
	0 12416
	2048 12416
	2048 12448
	0 12448
4
	3648 12416
	4352 12416
	4352 12448
	3648 12448
4
	6848 12416
	8192 12416
	8192 12448
	6848 12448
4
	10240 12416
	10944 12416
	10944 12448
	10240 12448
4
	11168 12416
	16384 12416
	16384 12448
	11168 12448
4
	0 12448
	2048 12448
	2048 12480
	0 12480
4
	3648 12448
	4352 12448
	4352 12480
	3648 12480
4
	6848 12448
	8192 12448
	8192 12480
	6848 12480
4
	10240 12448
	10944 12448
	10944 12480
	10240 12480
4
	11168 12448
	16384 12448
	16384 12480
	11168 12480
4
	0 12480
	1824 12480
	1824 12512
	0 12512
4
	4576 12480
	5248 12480
	5248 12512
	4576 12512
4
	6848 12480
	8192 12480
	8192 12512
	6848 12512
4
	10016 12480
	16384 12480
	16384 12512
	10016 12512
4
	0 12512
	1824 12512
	1824 12544
	0 12544
4
	4576 12512
	5248 12512
	5248 12544
	4576 12544
4
	6848 12512
	8192 12512
	8192 12544
	6848 12544
4
	10016 12512
	16384 12512
	16384 12544
	10016 12544
4
	0 12544
	1824 12544
	1824 12576
	0 12576
4
	4576 12544
	5248 12544
	5248 12576
	4576 12576
4
	6848 12544
	8192 12544
	8192 12576
	6848 12576
4
	10016 12544
	16384 12544
	16384 12576
	10016 12576
4
	0 12576
	1824 12576
	1824 12608
	0 12608
4
	4576 12576
	5248 12576
	5248 12608
	4576 12608
4
	6848 12576
	8192 12576
	8192 12608
	6848 12608
4
	10016 12576
	16384 12576
	16384 12608
	10016 12608
4
	0 12608
	1824 12608
	1824 12640
	0 12640
4
	4576 12608
	5248 12608
	5248 12640
	4576 12640
4
	6848 12608
	8192 12608
	8192 12640
	6848 12640
4
	10016 12608
	16384 12608
	16384 12640
	10016 12640
4
	0 12640
	1824 12640
	1824 12672
	0 12672
4
	4576 12640
	5248 12640
	5248 12672
	4576 12672
4
	6848 12640
	8192 12640
	8192 12672
	6848 12672
4
	10016 12640
	16384 12640
	16384 12672
	10016 12672
4
	0 12672
	1600 12672
	1600 12704
	0 12704
4
	4576 12672
	5696 12672
	5696 12704
	4576 12704
4
	7296 12672
	7968 12672
	7968 12704
	7296 12704
4
	9792 12672
	16384 12672
	16384 12704
	9792 12704
4
	0 12704
	1600 12704
	1600 12736
	0 12736
4
	4576 12704
	5696 12704
	5696 12736
	4576 12736
4
	7296 12704
	7968 12704
	7968 12736
	7296 12736
4
	9792 12704
	16384 12704
	16384 12736
	9792 12736
4
	0 12736
	1600 12736
	1600 12768
	0 12768
4
	4576 12736
	5696 12736
	5696 12768
	4576 12768
4
	7296 12736
	7968 12736
	7968 12768
	7296 12768
4
	9792 12736
	16384 12736
	16384 12768
	9792 12768
4
	0 12768
	1600 12768
	1600 12800
	0 12800
4
	4576 12768
	5696 12768
	5696 12800
	4576 12800
4
	7296 12768
	7968 12768
	7968 12800
	7296 12800
4
	9792 12768
	16384 12768
	16384 12800
	9792 12800
4
	0 12800
	1600 12800
	1600 12832
	0 12832
4
	4576 12800
	5696 12800
	5696 12832
	4576 12832
4
	7296 12800
	7968 12800
	7968 12832
	7296 12832
4
	9792 12800
	16384 12800
	16384 12832
	9792 12832
4
	0 12832
	1600 12832
	1600 12864
	0 12864
4
	4576 12832
	5696 12832
	5696 12864
	4576 12864
4
	7296 12832
	7968 12832
	7968 12864
	7296 12864
4
	9792 12832
	16384 12832
	16384 12864
	9792 12864
4
	0 12864
	1600 12864
	1600 12896
	0 12896
4
	4576 12864
	5696 12864
	5696 12896
	4576 12896
4
	7296 12864
	7968 12864
	7968 12896
	7296 12896
4
	9792 12864
	16384 12864
	16384 12896
	9792 12896
4
	0 12896
	1600 12896
	1600 12928
	0 12928
4
	2304 12896
	2752 12896
	2752 12928
	2304 12928
4
	4352 12896
	6144 12896
	6144 12928
	4352 12928
4
	7296 12896
	7744 12896
	7744 12928
	7296 12928
4
	9568 12896
	16384 12896
	16384 12928
	9568 12928
4
	0 12928
	1600 12928
	1600 12960
	0 12960
4
	2304 12928
	2752 12928
	2752 12960
	2304 12960
4
	4352 12928
	6144 12928
	6144 12960
	4352 12960
4
	7296 12928
	7744 12928
	7744 12960
	7296 12960
4
	9568 12928
	16384 12928
	16384 12960
	9568 12960
4
	0 12960
	1600 12960
	1600 12992
	0 12992
4
	2304 12960
	2752 12960
	2752 12992
	2304 12992
4
	4352 12960
	6144 12960
	6144 12992
	4352 12992
4
	7296 12960
	7744 12960
	7744 12992
	7296 12992
4
	9568 12960
	16384 12960
	16384 12992
	9568 12992
4
	0 12992
	1600 12992
	1600 13024
	0 13024
4
	2304 12992
	2752 12992
	2752 13024
	2304 13024
4
	4352 12992
	6144 12992
	6144 13024
	4352 13024
4
	7296 12992
	7744 12992
	7744 13024
	7296 13024
4
	9568 12992
	16384 12992
	16384 13024
	9568 13024
4
	0 13024
	1600 13024
	1600 13056
	0 13056
4
	2304 13024
	2752 13024
	2752 13056
	2304 13056
4
	4352 13024
	6144 13024
	6144 13056
	4352 13056
4
	7296 13024
	7744 13024
	7744 13056
	7296 13056
4
	9568 13024
	16384 13024
	16384 13056
	9568 13056
4
	0 13056
	1600 13056
	1600 13088
	0 13088
4
	2304 13056
	2752 13056
	2752 13088
	2304 13088
4
	4352 13056
	6144 13056
	6144 13088
	4352 13088
4
	7296 13056
	7744 13056
	7744 13088
	7296 13088
4
	9568 13056
	16384 13056
	16384 13088
	9568 13088
4
	0 13088
	1600 13088
	1600 13120
	0 13120
4
	2304 13088
	2752 13088
	2752 13120
	2304 13120
4
	4352 13088
	6144 13088
	6144 13120
	4352 13120
4
	7296 13088
	7744 13088
	7744 13120
	7296 13120
4
	9568 13088
	16384 13088
	16384 13120
	9568 13120
4
	0 13120
	1600 13120
	1600 13152
	0 13152
4
	2048 13120
	2976 13120
	2976 13152
	2048 13152
4
	4352 13120
	6400 13120
	6400 13152
	4352 13152
4
	9344 13120
	16384 13120
	16384 13152
	9344 13152
4
	0 13152
	1600 13152
	1600 13184
	0 13184
4
	2048 13152
	2976 13152
	2976 13184
	2048 13184
4
	4352 13152
	6400 13152
	6400 13184
	4352 13184
4
	9344 13152
	16384 13152
	16384 13184
	9344 13184
4
	0 13184
	1600 13184
	1600 13216
	0 13216
4
	2048 13184
	2976 13184
	2976 13216
	2048 13216
4
	4352 13184
	6400 13184
	6400 13216
	4352 13216
4
	9344 13184
	16384 13184
	16384 13216
	9344 13216
4
	0 13216
	1600 13216
	1600 13248
	0 13248
4
	2048 13216
	2976 13216
	2976 13248
	2048 13248
4
	4352 13216
	6400 13216
	6400 13248
	4352 13248
4
	9344 13216
	16384 13216
	16384 13248
	9344 13248
4
	0 13248
	1600 13248
	1600 13280
	0 13280
4
	2048 13248
	2976 13248
	2976 13280
	2048 13280
4
	4352 13248
	6400 13248
	6400 13280
	4352 13280
4
	9344 13248
	16384 13248
	16384 13280
	9344 13280
4
	0 13280
	1600 13280
	1600 13312
	0 13312
4
	2048 13280
	2976 13280
	2976 13312
	2048 13312
4
	4352 13280
	6400 13280
	6400 13312
	4352 13312
4
	9344 13280
	16384 13280
	16384 13312
	9344 13312
4
	0 13312
	1600 13312
	1600 13344
	0 13344
4
	2048 13312
	2976 13312
	2976 13344
	2048 13344
4
	4352 13312
	6400 13312
	6400 13344
	4352 13344
4
	9344 13312
	16384 13312
	16384 13344
	9344 13344
4
	0 13344
	1376 13344
	1376 13376
	0 13376
4
	2048 13344
	2976 13344
	2976 13376
	2048 13376
4
	4352 13344
	6848 13344
	6848 13376
	4352 13376
4
	9120 13344
	16384 13344
	16384 13376
	9120 13376
4
	0 13376
	1376 13376
	1376 13408
	0 13408
4
	2048 13376
	2976 13376
	2976 13408
	2048 13408
4
	4352 13376
	6848 13376
	6848 13408
	4352 13408
4
	9120 13376
	16384 13376
	16384 13408
	9120 13408
4
	0 13408
	1376 13408
	1376 13440
	0 13440
4
	2048 13408
	2976 13408
	2976 13440
	2048 13440
4
	4352 13408
	6848 13408
	6848 13440
	4352 13440
4
	9120 13408
	16384 13408
	16384 13440
	9120 13440
4
	0 13440
	1376 13440
	1376 13472
	0 13472
4
	2048 13440
	2976 13440
	2976 13472
	2048 13472
4
	4352 13440
	6848 13440
	6848 13472
	4352 13472
4
	9120 13440
	16384 13440
	16384 13472
	9120 13472
4
	0 13472
	1376 13472
	1376 13504
	0 13504
4
	2048 13472
	2976 13472
	2976 13504
	2048 13504
4
	4352 13472
	6848 13472
	6848 13504
	4352 13504
4
	9120 13472
	16384 13472
	16384 13504
	9120 13504
4
	0 13504
	1376 13504
	1376 13536
	0 13536
4
	2048 13504
	2976 13504
	2976 13536
	2048 13536
4
	4352 13504
	6848 13504
	6848 13536
	4352 13536
4
	9120 13504
	16384 13504
	16384 13536
	9120 13536
4
	0 13536
	1376 13536
	1376 13568
	0 13568
4
	2048 13536
	2976 13536
	2976 13568
	2048 13568
4
	4352 13536
	6848 13536
	6848 13568
	4352 13568
4
	9120 13536
	16384 13536
	16384 13568
	9120 13568
4
	0 13568
	1376 13568
	1376 13600
	0 13600
4
	1824 13568
	2752 13568
	2752 13600
	1824 13600
4
	4352 13568
	5248 13568
	5248 13600
	4352 13600
4
	5696 13568
	7296 13568
	7296 13600
	5696 13600
4
	9120 13568
	16384 13568
	16384 13600
	9120 13600
4
	0 13600
	1376 13600
	1376 13632
	0 13632
4
	1824 13600
	2752 13600
	2752 13632
	1824 13632
4
	4352 13600
	5248 13600
	5248 13632
	4352 13632
4
	5696 13600
	7296 13600
	7296 13632
	5696 13632
4
	9120 13600
	16384 13600
	16384 13632
	9120 13632
4
	0 13632
	1376 13632
	1376 13664
	0 13664
4
	1824 13632
	2752 13632
	2752 13664
	1824 13664
4
	4352 13632
	5248 13632
	5248 13664
	4352 13664
4
	5696 13632
	7296 13632
	7296 13664
	5696 13664
4
	9120 13632
	16384 13632
	16384 13664
	9120 13664
4
	0 13664
	1376 13664
	1376 13696
	0 13696
4
	1824 13664
	2752 13664
	2752 13696
	1824 13696
4
	4352 13664
	5248 13664
	5248 13696
	4352 13696
4
	5696 13664
	7296 13664
	7296 13696
	5696 13696
4
	9120 13664
	16384 13664
	16384 13696
	9120 13696
4
	0 13696
	1376 13696
	1376 13728
	0 13728
4
	1824 13696
	2752 13696
	2752 13728
	1824 13728
4
	4352 13696
	5248 13696
	5248 13728
	4352 13728
4
	5696 13696
	7296 13696
	7296 13728
	5696 13728
4
	9120 13696
	16384 13696
	16384 13728
	9120 13728
4
	0 13728
	1376 13728
	1376 13760
	0 13760
4
	1824 13728
	2752 13728
	2752 13760
	1824 13760
4
	4352 13728
	5248 13728
	5248 13760
	4352 13760
4
	5696 13728
	7296 13728
	7296 13760
	5696 13760
4
	9120 13728
	16384 13728
	16384 13760
	9120 13760
4
	0 13760
	1376 13760
	1376 13792
	0 13792
4
	1824 13760
	2752 13760
	2752 13792
	1824 13792
4
	4352 13760
	5248 13760
	5248 13792
	4352 13792
4
	5696 13760
	7296 13760
	7296 13792
	5696 13792
4
	9120 13760
	16384 13760
	16384 13792
	9120 13792
4
	0 13792
	2752 13792
	2752 13824
	0 13824
4
	6144 13792
	7520 13792
	7520 13824
	6144 13824
4
	8896 13792
	16384 13792
	16384 13824
	8896 13824
4
	0 13824
	2752 13824
	2752 13856
	0 13856
4
	6144 13824
	7520 13824
	7520 13856
	6144 13856
4
	8896 13824
	16384 13824
	16384 13856
	8896 13856
4
	0 13856
	2752 13856
	2752 13888
	0 13888
4
	6144 13856
	7520 13856
	7520 13888
	6144 13888
4
	8896 13856
	16384 13856
	16384 13888
	8896 13888
4
	0 13888
	2752 13888
	2752 13920
	0 13920
4
	6144 13888
	7520 13888
	7520 13920
	6144 13920
4
	8896 13888
	16384 13888
	16384 13920
	8896 13920
4
	0 13920
	2752 13920
	2752 13952
	0 13952
4
	6144 13920
	7520 13920
	7520 13952
	6144 13952
4
	8896 13920
	16384 13920
	16384 13952
	8896 13952
4
	0 13952
	2752 13952
	2752 13984
	0 13984
4
	6144 13952
	7520 13952
	7520 13984
	6144 13984
4
	8896 13952
	16384 13952
	16384 13984
	8896 13984
4
	0 13984
	2304 13984
	2304 14016
	0 14016
4
	5920 13984
	7744 13984
	7744 14016
	5920 14016
4
	8672 13984
	16384 13984
	16384 14016
	8672 14016
4
	0 14016
	2304 14016
	2304 14048
	0 14048
4
	5920 14016
	7744 14016
	7744 14048
	5920 14048
4
	8672 14016
	16384 14016
	16384 14048
	8672 14048
4
	0 14048
	2304 14048
	2304 14080
	0 14080
4
	5920 14048
	7744 14048
	7744 14080
	5920 14080
4
	8672 14048
	16384 14048
	16384 14080
	8672 14080
4
	0 14080
	2304 14080
	2304 14112
	0 14112
4
	5920 14080
	7744 14080
	7744 14112
	5920 14112
4
	8672 14080
	16384 14080
	16384 14112
	8672 14112
4
	0 14112
	2304 14112
	2304 14144
	0 14144
4
	5920 14112
	7744 14112
	7744 14144
	5920 14144
4
	8672 14112
	16384 14112
	16384 14144
	8672 14144
4
	0 14144
	2304 14144
	2304 14176
	0 14176
4
	5920 14144
	7744 14144
	7744 14176
	5920 14176
4
	8672 14144
	16384 14144
	16384 14176
	8672 14176
4
	0 14176
	2304 14176
	2304 14208
	0 14208
4
	5920 14176
	7744 14176
	7744 14208
	5920 14208
4
	8672 14176
	16384 14176
	16384 14208
	8672 14208
4
	0 14208
	2048 14208
	2048 14240
	0 14240
4
	5920 14208
	8192 14208
	8192 14240
	5920 14240
4
	8448 14208
	16384 14208
	16384 14240
	8448 14240
4
	0 14240
	2048 14240
	2048 14272
	0 14272
4
	5920 14240
	8192 14240
	8192 14272
	5920 14272
4
	8448 14240
	16384 14240
	16384 14272
	8448 14272
4
	0 14272
	2048 14272
	2048 14304
	0 14304
4
	5920 14272
	8192 14272
	8192 14304
	5920 14304
4
	8448 14272
	16384 14272
	16384 14304
	8448 14304
4
	0 14304
	2048 14304
	2048 14336
	0 14336
4
	5920 14304
	8192 14304
	8192 14336
	5920 14336
4
	8448 14304
	16384 14304
	16384 14336
	8448 14336
4
	0 14336
	2048 14336
	2048 14368
	0 14368
4
	5920 14336
	8192 14336
	8192 14368
	5920 14368
4
	8448 14336
	16384 14336
	16384 14368
	8448 14368
4
	0 14368
	2048 14368
	2048 14400
	0 14400
4
	5920 14368
	8192 14368
	8192 14400
	5920 14400
4
	8448 14368
	16384 14368
	16384 14400
	8448 14400
4
	0 14400
	2048 14400
	2048 14432
	0 14432
4
	5920 14400
	8192 14400
	8192 14432
	5920 14432
4
	8448 14400
	16384 14400
	16384 14432
	8448 14432
4
	0 14432
	1824 14432
	1824 14464
	0 14464
4
	5696 14432
	16384 14432
	16384 14464
	5696 14464
4
	0 14464
	1824 14464
	1824 14496
	0 14496
4
	5696 14464
	16384 14464
	16384 14496
	5696 14496
4
	0 14496
	1824 14496
	1824 14528
	0 14528
4
	5696 14496
	16384 14496
	16384 14528
	5696 14528
4
	0 14528
	1824 14528
	1824 14560
	0 14560
4
	5696 14528
	16384 14528
	16384 14560
	5696 14560
4
	0 14560
	1824 14560
	1824 14592
	0 14592
4
	5696 14560
	16384 14560
	16384 14592
	5696 14592
4
	0 14592
	1824 14592
	1824 14624
	0 14624
4
	5696 14592
	16384 14592
	16384 14624
	5696 14624
4
	0 14624
	1824 14624
	1824 14656
	0 14656
4
	5696 14624
	16384 14624
	16384 14656
	5696 14656
4
	0 14656
	1824 14656
	1824 14688
	0 14688
4
	5472 14656
	16384 14656
	16384 14688
	5472 14688
4
	0 14688
	1824 14688
	1824 14720
	0 14720
4
	5472 14688
	16384 14688
	16384 14720
	5472 14720
4
	0 14720
	1824 14720
	1824 14752
	0 14752
4
	5472 14720
	16384 14720
	16384 14752
	5472 14752
4
	0 14752
	1824 14752
	1824 14784
	0 14784
4
	5472 14752
	16384 14752
	16384 14784
	5472 14784
4
	0 14784
	1824 14784
	1824 14816
	0 14816
4
	5472 14784
	16384 14784
	16384 14816
	5472 14816
4
	0 14816
	1824 14816
	1824 14848
	0 14848
4
	5472 14816
	16384 14816
	16384 14848
	5472 14848
4
	0 14848
	1824 14848
	1824 14880
	0 14880
4
	5472 14848
	16384 14848
	16384 14880
	5472 14880
4
	0 14880
	2048 14880
	2048 14912
	0 14912
4
	5248 14880
	16384 14880
	16384 14912
	5248 14912
4
	0 14912
	2048 14912
	2048 14944
	0 14944
4
	5248 14912
	16384 14912
	16384 14944
	5248 14944
4
	0 14944
	2048 14944
	2048 14976
	0 14976
4
	5248 14944
	16384 14944
	16384 14976
	5248 14976
4
	0 14976
	2048 14976
	2048 15008
	0 15008
4
	5248 14976
	16384 14976
	16384 15008
	5248 15008
4
	0 15008
	2048 15008
	2048 15040
	0 15040
4
	5248 15008
	16384 15008
	16384 15040
	5248 15040
4
	0 15040
	2048 15040
	2048 15072
	0 15072
4
	5248 15040
	16384 15040
	16384 15072
	5248 15072
4
	0 15072
	2048 15072
	2048 15104
	0 15104
4
	5248 15072
	16384 15072
	16384 15104
	5248 15104
4
	0 15104
	2304 15104
	2304 15136
	0 15136
4
	5024 15104
	16384 15104
	16384 15136
	5024 15136
4
	0 15136
	2304 15136
	2304 15168
	0 15168
4
	5024 15136
	16384 15136
	16384 15168
	5024 15168
4
	0 15168
	2304 15168
	2304 15200
	0 15200
4
	5024 15168
	16384 15168
	16384 15200
	5024 15200
4
	0 15200
	2304 15200
	2304 15232
	0 15232
4
	5024 15200
	16384 15200
	16384 15232
	5024 15232
4
	0 15232
	2304 15232
	2304 15264
	0 15264
4
	5024 15232
	16384 15232
	16384 15264
	5024 15264
4
	0 15264
	2304 15264
	2304 15296
	0 15296
4
	5024 15264
	16384 15264
	16384 15296
	5024 15296
4
	0 15296
	2528 15296
	2528 15328
	0 15328
4
	4800 15296
	16384 15296
	16384 15328
	4800 15328
4
	0 15328
	2528 15328
	2528 15360
	0 15360
4
	4800 15328
	16384 15328
	16384 15360
	4800 15360
4
	0 15360
	2528 15360
	2528 15392
	0 15392
4
	4800 15360
	16384 15360
	16384 15392
	4800 15392
4
	0 15392
	2528 15392
	2528 15424
	0 15424
4
	4800 15392
	16384 15392
	16384 15424
	4800 15424
4
	0 15424
	2528 15424
	2528 15456
	0 15456
4
	4800 15424
	16384 15424
	16384 15456
	4800 15456
4
	0 15456
	2528 15456
	2528 15488
	0 15488
4
	4800 15456
	16384 15456
	16384 15488
	4800 15488
4
	0 15488
	2528 15488
	2528 15520
	0 15520
4
	4800 15488
	16384 15488
	16384 15520
	4800 15520
4
	0 15520
	2976 15520
	2976 15552
	0 15552
4
	4576 15520
	16384 15520
	16384 15552
	4576 15552
4
	0 15552
	2976 15552
	2976 15584
	0 15584
4
	4576 15552
	16384 15552
	16384 15584
	4576 15584
4
	0 15584
	2976 15584
	2976 15616
	0 15616
4
	4576 15584
	16384 15584
	16384 15616
	4576 15616
4
	0 15616
	2976 15616
	2976 15648
	0 15648
4
	4576 15616
	16384 15616
	16384 15648
	4576 15648
4
	0 15648
	2976 15648
	2976 15680
	0 15680
4
	4576 15648
	16384 15648
	16384 15680
	4576 15680
4
	0 15680
	2976 15680
	2976 15712
	0 15712
4
	4576 15680
	16384 15680
	16384 15712
	4576 15712
4
	0 15712
	2976 15712
	2976 15744
	0 15744
4
	4576 15712
	16384 15712
	16384 15744
	4576 15744
4
	0 15744
	3648 15744
	3648 15776
	0 15776
4
	4352 15744
	16384 15744
	16384 15776
	4352 15776
4
	0 15776
	3648 15776
	3648 15808
	0 15808
4
	4352 15776
	16384 15776
	16384 15808
	4352 15808
4
	0 15808
	3648 15808
	3648 15840
	0 15840
4
	4352 15808
	16384 15808
	16384 15840
	4352 15840
4
	0 15840
	3648 15840
	3648 15872
	0 15872
4
	4352 15840
	16384 15840
	16384 15872
	4352 15872
4
	0 15872
	3648 15872
	3648 15904
	0 15904
4
	4352 15872
	16384 15872
	16384 15904
	4352 15904
4
	0 15904
	3648 15904
	3648 15936
	0 15936
4
	4352 15904
	16384 15904
	16384 15936
	4352 15936
4
	0 15936
	3648 15936
	3648 15968
	0 15968
4
	4352 15936
	16384 15936
	16384 15968
	4352 15968
4
	0 15968
	16384 15968
	16384 16000
	0 16000
4
	0 16000
	16384 16000
	16384 16032
	0 16032
4
	0 16032
	16384 16032
	16384 16064
	0 16064
4
	0 16064
	16384 16064
	16384 16096
	0 16096
4
	0 16096
	16384 16096
	16384 16128
	0 16128
4
	0 16128
	16384 16128
	16384 16160
	0 16160
4
	0 16160
	16384 16160
	16384 16192
	0 16192
4
	0 16192
	16384 16192
	16384 16224
	0 16224
4
	0 16224
	16384 16224
	16384 16256
	0 16256
4
	0 16256
	16384 16256
	16384 16288
	0 16288
4
	0 16288
	16384 16288
	16384 16320
	0 16320
4
	0 16320
	16384 16320
	16384 16352
	0 16352
4
	0 16352
	16384 16352
	16384 16384
	0 16384
4
	-32 -32
	16416 -32
	16416 0
	-32 0
4
	-32 16384
	16416 16384
	16416 16416
	-32 16416
4
	-32 0
	0 0
	0 16384
	-32 16384
4
	16384 0
	16416 0
	16416 16384
	16384 16384
