1519
4
	0 0
	16384 0
	16384 32
	0 32
4
	0 32
	16384 32
	16384 64
	0 64
4
	0 64
	16384 64
	16384 96
	0 96
4
	0 96
	16384 96
	16384 128
	0 128
4
	0 128
	16384 128
	16384 160
	0 160
4
	0 160
	16384 160
	16384 192
	0 192
4
	0 192
	16384 192
	16384 224
	0 224
4
	0 224
	16384 224
	16384 256
	0 256
4
	0 256
	16384 256
	16384 288
	0 288
4
	0 288
	16384 288
	16384 320
	0 320
4
	0 320
	16384 320
	16384 352
	0 352
4
	0 352
	16384 352
	16384 384
	0 384
4
	0 384
	16384 384
	16384 416
	0 416
4
	0 416
	16384 416
	16384 448
	0 448
4
	0 448
	16384 448
	16384 480
	0 480
4
	0 480
	16384 480
	16384 512
	0 512
4
	0 512
	16384 512
	16384 544
	0 544
4
	0 544
	16384 544
	16384 576
	0 576
4
	0 576
	16384 576
	16384 608
	0 608
4
	0 608
	16384 608
	16384 640
	0 640
4
	0 640
	16384 640
	16384 672
	0 672
4
	0 672
	16384 672
	16384 704
	0 704
4
	0 704
	16384 704
	16384 736
	0 736
4
	0 736
	16384 736
	16384 768
	0 768
4
	0 768
	16384 768
	16384 800
	0 800
4
	0 800
	16384 800
	16384 832
	0 832
4
	0 832
	16384 832
	16384 864
	0 864
4
	0 864
	16384 864
	16384 896
	0 896
4
	0 896
	16384 896
	16384 928
	0 928
4
	0 928
	16384 928
	16384 960
	0 960
4
	0 960
	16384 960
	16384 992
	0 992
4
	0 992
	16384 992
	16384 1024
	0 1024
4
	0 1024
	16384 1024
	16384 1056
	0 1056
4
	0 1056
	16384 1056
	16384 1088
	0 1088
4
	0 1088
	16384 1088
	16384 1120
	0 1120
4
	0 1120
	16384 1120
	16384 1152
	0 1152
4
	0 1152
	16384 1152
	16384 1184
	0 1184
4
	0 1184
	16384 1184
	16384 1216
	0 1216
4
	0 1216
	16384 1216
	16384 1248
	0 1248
4
	0 1248
	16384 1248
	16384 1280
	0 1280
4
	0 1280
	16384 1280
	16384 1312
	0 1312
4
	0 1312
	16384 1312
	16384 1344
	0 1344
4
	0 1344
	16384 1344
	16384 1376
	0 1376
4
	0 1376
	16384 1376
	16384 1408
	0 1408
4
	0 1408
	16384 1408
	16384 1440
	0 1440
4
	0 1440
	16384 1440
	16384 1472
	0 1472
4
	0 1472
	16384 1472
	16384 1504
	0 1504
4
	0 1504
	16384 1504
	16384 1536
	0 1536
4
	0 1536
	16384 1536
	16384 1568
	0 1568
4
	0 1568
	16384 1568
	16384 1600
	0 1600
4
	0 1600
	16384 1600
	16384 1632
	0 1632
4
	0 1632
	16384 1632
	16384 1664
	0 1664
4
	0 1664
	16384 1664
	16384 1696
	0 1696
4
	0 1696
	16384 1696
	16384 1728
	0 1728
4
	0 1728
	16384 1728
	16384 1760
	0 1760
4
	0 1760
	16384 1760
	16384 1792
	0 1792
4
	0 1792
	16384 1792
	16384 1824
	0 1824
4
	0 1824
	16384 1824
	16384 1856
	0 1856
4
	0 1856
	16384 1856
	16384 1888
	0 1888
4
	0 1888
	16384 1888
	16384 1920
	0 1920
4
	0 1920
	16384 1920
	16384 1952
	0 1952
4
	0 1952
	16384 1952
	16384 1984
	0 1984
4
	0 1984
	16384 1984
	16384 2016
	0 2016
4
	0 2016
	16384 2016
	16384 2048
	0 2048
4
	0 2048
	16384 2048
	16384 2080
	0 2080
4
	0 2080
	16384 2080
	16384 2112
	0 2112
4
	0 2112
	16384 2112
	16384 2144
	0 2144
4
	0 2144
	16384 2144
	16384 2176
	0 2176
4
	0 2176
	16384 2176
	16384 2208
	0 2208
4
	0 2208
	16384 2208
	16384 2240
	0 2240
4
	0 2240
	16384 2240
	16384 2272
	0 2272
4
	0 2272
	16384 2272
	16384 2304
	0 2304
4
	0 2304
	16384 2304
	16384 2336
	0 2336
4
	0 2336
	16384 2336
	16384 2368
	0 2368
4
	0 2368
	16384 2368
	16384 2400
	0 2400
4
	0 2400
	16384 2400
	16384 2432
	0 2432
4
	0 2432
	16384 2432
	16384 2464
	0 2464
4
	0 2464
	16384 2464
	16384 2496
	0 2496
4
	0 2496
	16384 2496
	16384 2528
	0 2528
4
	0 2528
	16384 2528
	16384 2560
	0 2560
4
	0 2560
	16384 2560
	16384 2592
	0 2592
4
	0 2592
	16384 2592
	16384 2624
	0 2624
4
	0 2624
	16384 2624
	16384 2656
	0 2656
4
	0 2656
	16384 2656
	16384 2688
	0 2688
4
	0 2688
	16384 2688
	16384 2720
	0 2720
4
	0 2720
	16384 2720
	16384 2752
	0 2752
4
	0 2752
	16384 2752
	16384 2784
	0 2784
4
	0 2784
	16384 2784
	16384 2816
	0 2816
4
	0 2816
	16384 2816
	16384 2848
	0 2848
4
	0 2848
	16384 2848
	16384 2880
	0 2880
4
	0 2880
	10464 2880
	10464 2912
	0 2912
4
	11072 2880
	16384 2880
	16384 2912
	11072 2912
4
	0 2912
	10464 2912
	10464 2944
	0 2944
4
	11072 2912
	16384 2912
	16384 2944
	11072 2944
4
	0 2944
	10464 2944
	10464 2976
	0 2976
4
	11072 2944
	16384 2944
	16384 2976
	11072 2976
4
	0 2976
	10464 2976
	10464 3008
	0 3008
4
	11072 2976
	16384 2976
	16384 3008
	11072 3008
4
	0 3008
	10464 3008
	10464 3040
	0 3040
4
	11072 3008
	16384 3008
	16384 3040
	11072 3040
4
	0 3040
	10464 3040
	10464 3072
	0 3072
4
	11072 3040
	16384 3040
	16384 3072
	11072 3072
4
	0 3072
	10240 3072
	10240 3104
	0 3104
4
	11264 3072
	16384 3072
	16384 3104
	11264 3104
4
	0 3104
	10240 3104
	10240 3136
	0 3136
4
	11264 3104
	16384 3104
	16384 3136
	11264 3136
4
	0 3136
	10240 3136
	10240 3168
	0 3168
4
	11264 3136
	16384 3136
	16384 3168
	11264 3168
4
	0 3168
	10240 3168
	10240 3200
	0 3200
4
	11264 3168
	16384 3168
	16384 3200
	11264 3200
4
	0 3200
	10240 3200
	10240 3232
	0 3232
4
	11264 3200
	16384 3200
	16384 3232
	11264 3232
4
	0 3232
	10240 3232
	10240 3264
	0 3264
4
	11264 3232
	16384 3232
	16384 3264
	11264 3264
4
	0 3264
	10240 3264
	10240 3296
	0 3296
4
	11264 3264
	16384 3264
	16384 3296
	11264 3296
4
	0 3296
	10048 3296
	10048 3328
	0 3328
4
	11488 3296
	16384 3296
	16384 3328
	11488 3328
4
	0 3328
	10048 3328
	10048 3360
	0 3360
4
	11488 3328
	16384 3328
	16384 3360
	11488 3360
4
	0 3360
	10048 3360
	10048 3392
	0 3392
4
	11488 3360
	16384 3360
	16384 3392
	11488 3392
4
	0 3392
	10048 3392
	10048 3424
	0 3424
4
	11488 3392
	16384 3392
	16384 3424
	11488 3424
4
	0 3424
	10048 3424
	10048 3456
	0 3456
4
	11488 3424
	16384 3424
	16384 3456
	11488 3456
4
	0 3456
	10048 3456
	10048 3488
	0 3488
4
	11488 3456
	16384 3456
	16384 3488
	11488 3488
4
	0 3488
	9856 3488
	9856 3520
	0 3520
4
	11680 3488
	16384 3488
	16384 3520
	11680 3520
4
	0 3520
	9856 3520
	9856 3552
	0 3552
4
	11680 3520
	16384 3520
	16384 3552
	11680 3552
4
	0 3552
	9856 3552
	9856 3584
	0 3584
4
	11680 3552
	16384 3552
	16384 3584
	11680 3584
4
	0 3584
	9856 3584
	9856 3616
	0 3616
4
	11680 3584
	16384 3584
	16384 3616
	11680 3616
4
	0 3616
	9856 3616
	9856 3648
	0 3648
4
	11680 3616
	16384 3616
	16384 3648
	11680 3648
4
	0 3648
	9856 3648
	9856 3680
	0 3680
4
	11680 3648
	16384 3648
	16384 3680
	11680 3680
4
	0 3680
	9856 3680
	9856 3712
	0 3712
4
	11680 3680
	16384 3680
	16384 3712
	11680 3712
4
	0 3712
	9632 3712
	9632 3744
	0 3744
4
	11904 3712
	16384 3712
	16384 3744
	11904 3744
4
	0 3744
	9632 3744
	9632 3776
	0 3776
4
	11904 3744
	16384 3744
	16384 3776
	11904 3776
4
	0 3776
	9632 3776
	9632 3808
	0 3808
4
	11904 3776
	16384 3776
	16384 3808
	11904 3808
4
	0 3808
	9632 3808
	9632 3840
	0 3840
4
	11904 3808
	16384 3808
	16384 3840
	11904 3840
4
	0 3840
	9632 3840
	9632 3872
	0 3872
4
	11904 3840
	16384 3840
	16384 3872
	11904 3872
4
	0 3872
	9632 3872
	9632 3904
	0 3904
4
	11904 3872
	16384 3872
	16384 3904
	11904 3904
4
	0 3904
	9024 3904
	9024 3936
	0 3936
4
	9216 3904
	9440 3904
	9440 3936
	9216 3936
4
	12096 3904
	16384 3904
	16384 3936
	12096 3936
4
	0 3936
	9024 3936
	9024 3968
	0 3968
4
	9216 3936
	9440 3936
	9440 3968
	9216 3968
4
	12096 3936
	16384 3936
	16384 3968
	12096 3968
4
	0 3968
	9024 3968
	9024 4000
	0 4000
4
	9216 3968
	9440 3968
	9440 4000
	9216 4000
4
	12096 3968
	16384 3968
	16384 4000
	12096 4000
4
	0 4000
	9024 4000
	9024 4032
	0 4032
4
	9216 4000
	9440 4000
	9440 4032
	9216 4032
4
	12096 4000
	16384 4000
	16384 4032
	12096 4032
4
	0 4032
	9024 4032
	9024 4064
	0 4064
4
	9216 4032
	9440 4032
	9440 4064
	9216 4064
4
	12096 4032
	16384 4032
	16384 4064
	12096 4064
4
	0 4064
	9024 4064
	9024 4096
	0 4096
4
	9216 4064
	9440 4064
	9440 4096
	9216 4096
4
	12096 4064
	16384 4064
	16384 4096
	12096 4096
4
	0 4096
	9024 4096
	9024 4128
	0 4128
4
	12704 4096
	16384 4096
	16384 4128
	12704 4128
4
	0 4128
	9024 4128
	9024 4160
	0 4160
4
	12704 4128
	16384 4128
	16384 4160
	12704 4160
4
	0 4160
	9024 4160
	9024 4192
	0 4192
4
	12704 4160
	16384 4160
	16384 4192
	12704 4192
4
	0 4192
	9024 4192
	9024 4224
	0 4224
4
	12704 4192
	16384 4192
	16384 4224
	12704 4224
4
	0 4224
	9024 4224
	9024 4256
	0 4256
4
	12704 4224
	16384 4224
	16384 4256
	12704 4256
4
	0 4256
	9024 4256
	9024 4288
	0 4288
4
	12704 4256
	16384 4256
	16384 4288
	12704 4288
4
	0 4288
	9024 4288
	9024 4320
	0 4320
4
	12704 4288
	16384 4288
	16384 4320
	12704 4320
4
	0 4320
	8832 4320
	8832 4352
	0 4352
4
	12928 4320
	16384 4320
	16384 4352
	12928 4352
4
	0 4352
	8832 4352
	8832 4384
	0 4384
4
	12928 4352
	16384 4352
	16384 4384
	12928 4384
4
	0 4384
	8832 4384
	8832 4416
	0 4416
4
	12928 4384
	16384 4384
	16384 4416
	12928 4416
4
	0 4416
	8832 4416
	8832 4448
	0 4448
4
	12928 4416
	16384 4416
	16384 4448
	12928 4448
4
	0 4448
	8832 4448
	8832 4480
	0 4480
4
	12928 4448
	16384 4448
	16384 4480
	12928 4480
4
	0 4480
	8832 4480
	8832 4512
	0 4512
4
	12928 4480
	16384 4480
	16384 4512
	12928 4512
4
	0 4512
	8608 4512
	8608 4544
	0 4544
4
	12704 4512
	16384 4512
	16384 4544
	12704 4544
4
	0 4544
	8608 4544
	8608 4576
	0 4576
4
	12704 4544
	16384 4544
	16384 4576
	12704 4576
4
	0 4576
	8608 4576
	8608 4608
	0 4608
4
	12704 4576
	16384 4576
	16384 4608
	12704 4608
4
	0 4608
	8608 4608
	8608 4640
	0 4640
4
	12704 4608
	16384 4608
	16384 4640
	12704 4640
4
	0 4640
	8608 4640
	8608 4672
	0 4672
4
	12704 4640
	16384 4640
	16384 4672
	12704 4672
4
	0 4672
	8608 4672
	8608 4704
	0 4704
4
	12704 4672
	16384 4672
	16384 4704
	12704 4704
4
	0 4704
	8608 4704
	8608 4736
	0 4736
4
	12704 4704
	16384 4704
	16384 4736
	12704 4736
4
	0 4736
	8192 4736
	8192 4768
	0 4768
4
	12512 4736
	13312 4736
	13312 4768
	12512 4768
4
	13728 4736
	16384 4736
	16384 4768
	13728 4768
4
	0 4768
	8192 4768
	8192 4800
	0 4800
4
	12512 4768
	13312 4768
	13312 4800
	12512 4800
4
	13728 4768
	16384 4768
	16384 4800
	13728 4800
4
	0 4800
	8192 4800
	8192 4832
	0 4832
4
	12512 4800
	13312 4800
	13312 4832
	12512 4832
4
	13728 4800
	16384 4800
	16384 4832
	13728 4832
4
	0 4832
	8192 4832
	8192 4864
	0 4864
4
	12512 4832
	13312 4832
	13312 4864
	12512 4864
4
	13728 4832
	16384 4832
	16384 4864
	13728 4864
4
	0 4864
	8192 4864
	8192 4896
	0 4896
4
	12512 4864
	13312 4864
	13312 4896
	12512 4896
4
	13728 4864
	16384 4864
	16384 4896
	13728 4896
4
	0 4896
	8192 4896
	8192 4928
	0 4928
4
	12512 4896
	13312 4896
	13312 4928
	12512 4928
4
	13728 4896
	16384 4896
	16384 4928
	13728 4928
4
	0 4928
	8000 4928
	8000 4960
	0 4960
4
	12288 4928
	13120 4928
	13120 4960
	12288 4960
4
	13952 4928
	16384 4928
	16384 4960
	13952 4960
4
	0 4960
	8000 4960
	8000 4992
	0 4992
4
	12288 4960
	13120 4960
	13120 4992
	12288 4992
4
	13952 4960
	16384 4960
	16384 4992
	13952 4992
4
	0 4992
	8000 4992
	8000 5024
	0 5024
4
	12288 4992
	13120 4992
	13120 5024
	12288 5024
4
	13952 4992
	16384 4992
	16384 5024
	13952 5024
4
	0 5024
	8000 5024
	8000 5056
	0 5056
4
	12288 5024
	13120 5024
	13120 5056
	12288 5056
4
	13952 5024
	16384 5024
	16384 5056
	13952 5056
4
	0 5056
	8000 5056
	8000 5088
	0 5088
4
	12288 5056
	13120 5056
	13120 5088
	12288 5088
4
	13952 5056
	16384 5056
	16384 5088
	13952 5088
4
	0 5088
	8000 5088
	8000 5120
	0 5120
4
	12288 5088
	13120 5088
	13120 5120
	12288 5120
4
	13952 5088
	16384 5088
	16384 5120
	13952 5120
4
	0 5120
	8000 5120
	8000 5152
	0 5152
4
	12096 5120
	12928 5120
	12928 5152
	12096 5152
4
	14144 5120
	16384 5120
	16384 5152
	14144 5152
4
	0 5152
	8000 5152
	8000 5184
	0 5184
4
	12096 5152
	12928 5152
	12928 5184
	12096 5184
4
	14144 5152
	16384 5152
	16384 5184
	14144 5184
4
	0 5184
	8000 5184
	8000 5216
	0 5216
4
	12096 5184
	12928 5184
	12928 5216
	12096 5216
4
	14144 5184
	16384 5184
	16384 5216
	14144 5216
4
	0 5216
	8000 5216
	8000 5248
	0 5248
4
	12096 5216
	12928 5216
	12928 5248
	12096 5248
4
	14144 5216
	16384 5216
	16384 5248
	14144 5248
4
	0 5248
	8000 5248
	8000 5280
	0 5280
4
	12096 5248
	12928 5248
	12928 5280
	12096 5280
4
	14144 5248
	16384 5248
	16384 5280
	14144 5280
4
	0 5280
	8000 5280
	8000 5312
	0 5312
4
	12096 5280
	12928 5280
	12928 5312
	12096 5312
4
	14144 5280
	16384 5280
	16384 5312
	14144 5312
4
	0 5312
	8000 5312
	8000 5344
	0 5344
4
	12096 5312
	12928 5312
	12928 5344
	12096 5344
4
	14144 5312
	16384 5312
	16384 5344
	14144 5344
4
	0 5344
	8192 5344
	8192 5376
	0 5376
4
	11904 5344
	12704 5344
	12704 5376
	11904 5376
4
	14336 5344
	16384 5344
	16384 5376
	14336 5376
4
	0 5376
	8192 5376
	8192 5408
	0 5408
4
	11904 5376
	12704 5376
	12704 5408
	11904 5408
4
	14336 5376
	16384 5376
	16384 5408
	14336 5408
4
	0 5408
	8192 5408
	8192 5440
	0 5440
4
	11904 5408
	12704 5408
	12704 5440
	11904 5440
4
	14336 5408
	16384 5408
	16384 5440
	14336 5440
4
	0 5440
	8192 5440
	8192 5472
	0 5472
4
	11904 5440
	12704 5440
	12704 5472
	11904 5472
4
	14336 5440
	16384 5440
	16384 5472
	14336 5472
4
	0 5472
	8192 5472
	8192 5504
	0 5504
4
	11904 5472
	12704 5472
	12704 5504
	11904 5504
4
	14336 5472
	16384 5472
	16384 5504
	14336 5504
4
	0 5504
	8192 5504
	8192 5536
	0 5536
4
	11904 5504
	12704 5504
	12704 5536
	11904 5536
4
	14336 5504
	16384 5504
	16384 5536
	14336 5536
4
	0 5536
	8416 5536
	8416 5568
	0 5568
4
	11680 5536
	12512 5536
	12512 5568
	11680 5568
4
	14560 5536
	16384 5536
	16384 5568
	14560 5568
4
	0 5568
	8416 5568
	8416 5600
	0 5600
4
	11680 5568
	12512 5568
	12512 5600
	11680 5600
4
	14560 5568
	16384 5568
	16384 5600
	14560 5600
4
	0 5600
	8416 5600
	8416 5632
	0 5632
4
	11680 5600
	12512 5600
	12512 5632
	11680 5632
4
	14560 5600
	16384 5600
	16384 5632
	14560 5632
4
	0 5632
	8416 5632
	8416 5664
	0 5664
4
	11680 5632
	12512 5632
	12512 5664
	11680 5664
4
	14560 5632
	16384 5632
	16384 5664
	14560 5664
4
	0 5664
	8416 5664
	8416 5696
	0 5696
4
	11680 5664
	12512 5664
	12512 5696
	11680 5696
4
	14560 5664
	16384 5664
	16384 5696
	14560 5696
4
	0 5696
	8416 5696
	8416 5728
	0 5728
4
	11680 5696
	12512 5696
	12512 5728
	11680 5728
4
	14560 5696
	16384 5696
	16384 5728
	14560 5728
4
	0 5728
	8416 5728
	8416 5760
	0 5760
4
	11680 5728
	12512 5728
	12512 5760
	11680 5760
4
	14560 5728
	16384 5728
	16384 5760
	14560 5760
4
	0 5760
	7392 5760
	7392 5792
	0 5792
4
	7584 5760
	8416 5760
	8416 5792
	7584 5792
4
	11488 5760
	12096 5760
	12096 5792
	11488 5792
4
	13120 5760
	13536 5760
	13536 5792
	13120 5792
4
	14752 5760
	16384 5760
	16384 5792
	14752 5792
4
	0 5792
	7392 5792
	7392 5824
	0 5824
4
	7584 5792
	8416 5792
	8416 5824
	7584 5824
4
	11488 5792
	12096 5792
	12096 5824
	11488 5824
4
	13120 5792
	13536 5792
	13536 5824
	13120 5824
4
	14752 5792
	16384 5792
	16384 5824
	14752 5824
4
	0 5824
	7392 5824
	7392 5856
	0 5856
4
	7584 5824
	8416 5824
	8416 5856
	7584 5856
4
	11488 5824
	12096 5824
	12096 5856
	11488 5856
4
	13120 5824
	13536 5824
	13536 5856
	13120 5856
4
	14752 5824
	16384 5824
	16384 5856
	14752 5856
4
	0 5856
	7392 5856
	7392 5888
	0 5888
4
	7584 5856
	8416 5856
	8416 5888
	7584 5888
4
	11488 5856
	12096 5856
	12096 5888
	11488 5888
4
	13120 5856
	13536 5856
	13536 5888
	13120 5888
4
	14752 5856
	16384 5856
	16384 5888
	14752 5888
4
	0 5888
	7392 5888
	7392 5920
	0 5920
4
	7584 5888
	8416 5888
	8416 5920
	7584 5920
4
	11488 5888
	12096 5888
	12096 5920
	11488 5920
4
	13120 5888
	13536 5888
	13536 5920
	13120 5920
4
	14752 5888
	16384 5888
	16384 5920
	14752 5920
4
	0 5920
	7392 5920
	7392 5952
	0 5952
4
	7584 5920
	8416 5920
	8416 5952
	7584 5952
4
	11488 5920
	12096 5920
	12096 5952
	11488 5952
4
	13120 5920
	13536 5920
	13536 5952
	13120 5952
4
	14752 5920
	16384 5920
	16384 5952
	14752 5952
4
	0 5952
	6976 5952
	6976 5984
	0 5984
4
	8000 5952
	8608 5952
	8608 5984
	8000 5984
4
	11264 5952
	11904 5952
	11904 5984
	11264 5984
4
	13120 5952
	13952 5952
	13952 5984
	13120 5984
4
	14976 5952
	16384 5952
	16384 5984
	14976 5984
4
	0 5984
	6976 5984
	6976 6016
	0 6016
4
	8000 5984
	8608 5984
	8608 6016
	8000 6016
4
	11264 5984
	11904 5984
	11904 6016
	11264 6016
4
	13120 5984
	13952 5984
	13952 6016
	13120 6016
4
	14976 5984
	16384 5984
	16384 6016
	14976 6016
4
	0 6016
	6976 6016
	6976 6048
	0 6048
4
	8000 6016
	8608 6016
	8608 6048
	8000 6048
4
	11264 6016
	11904 6016
	11904 6048
	11264 6048
4
	13120 6016
	13952 6016
	13952 6048
	13120 6048
4
	14976 6016
	16384 6016
	16384 6048
	14976 6048
4
	0 6048
	6976 6048
	6976 6080
	0 6080
4
	8000 6048
	8608 6048
	8608 6080
	8000 6080
4
	11264 6048
	11904 6048
	11904 6080
	11264 6080
4
	13120 6048
	13952 6048
	13952 6080
	13120 6080
4
	14976 6048
	16384 6048
	16384 6080
	14976 6080
4
	0 6080
	6976 6080
	6976 6112
	0 6112
4
	8000 6080
	8608 6080
	8608 6112
	8000 6112
4
	11264 6080
	11904 6080
	11904 6112
	11264 6112
4
	13120 6080
	13952 6080
	13952 6112
	13120 6112
4
	14976 6080
	16384 6080
	16384 6112
	14976 6112
4
	0 6112
	6976 6112
	6976 6144
	0 6144
4
	8000 6112
	8608 6112
	8608 6144
	8000 6144
4
	11264 6112
	11904 6112
	11904 6144
	11264 6144
4
	13120 6112
	13952 6112
	13952 6144
	13120 6144
4
	14976 6112
	16384 6112
	16384 6144
	14976 6144
4
	0 6144
	6784 6144
	6784 6176
	0 6176
4
	11072 6144
	11680 6144
	11680 6176
	11072 6176
4
	12928 6144
	13952 6144
	13952 6176
	12928 6176
4
	15168 6144
	16384 6144
	16384 6176
	15168 6176
4
	0 6176
	6784 6176
	6784 6208
	0 6208
4
	11072 6176
	11680 6176
	11680 6208
	11072 6208
4
	12928 6176
	13952 6176
	13952 6208
	12928 6208
4
	15168 6176
	16384 6176
	16384 6208
	15168 6208
4
	0 6208
	6784 6208
	6784 6240
	0 6240
4
	11072 6208
	11680 6208
	11680 6240
	11072 6240
4
	12928 6208
	13952 6208
	13952 6240
	12928 6240
4
	15168 6208
	16384 6208
	16384 6240
	15168 6240
4
	0 6240
	6784 6240
	6784 6272
	0 6272
4
	11072 6240
	11680 6240
	11680 6272
	11072 6272
4
	12928 6240
	13952 6240
	13952 6272
	12928 6272
4
	15168 6240
	16384 6240
	16384 6272
	15168 6272
4
	0 6272
	6784 6272
	6784 6304
	0 6304
4
	11072 6272
	11680 6272
	11680 6304
	11072 6304
4
	12928 6272
	13952 6272
	13952 6304
	12928 6304
4
	15168 6272
	16384 6272
	16384 6304
	15168 6304
4
	0 6304
	6784 6304
	6784 6336
	0 6336
4
	11072 6304
	11680 6304
	11680 6336
	11072 6336
4
	12928 6304
	13952 6304
	13952 6336
	12928 6336
4
	15168 6304
	16384 6304
	16384 6336
	15168 6336
4
	0 6336
	6784 6336
	6784 6368
	0 6368
4
	11072 6336
	11680 6336
	11680 6368
	11072 6368
4
	12928 6336
	13952 6336
	13952 6368
	12928 6368
4
	15168 6336
	16384 6336
	16384 6368
	15168 6368
4
	0 6368
	5952 6368
	5952 6400
	0 6400
4
	6368 6368
	6784 6368
	6784 6400
	6368 6400
4
	10880 6368
	11488 6368
	11488 6400
	10880 6400
4
	12928 6368
	13952 6368
	13952 6400
	12928 6400
4
	15360 6368
	16384 6368
	16384 6400
	15360 6400
4
	0 6400
	5952 6400
	5952 6432
	0 6432
4
	6368 6400
	6784 6400
	6784 6432
	6368 6432
4
	10880 6400
	11488 6400
	11488 6432
	10880 6432
4
	12928 6400
	13952 6400
	13952 6432
	12928 6432
4
	15360 6400
	16384 6400
	16384 6432
	15360 6432
4
	0 6432
	5952 6432
	5952 6464
	0 6464
4
	6368 6432
	6784 6432
	6784 6464
	6368 6464
4
	10880 6432
	11488 6432
	11488 6464
	10880 6464
4
	12928 6432
	13952 6432
	13952 6464
	12928 6464
4
	15360 6432
	16384 6432
	16384 6464
	15360 6464
4
	0 6464
	5952 6464
	5952 6496
	0 6496
4
	6368 6464
	6784 6464
	6784 6496
	6368 6496
4
	10880 6464
	11488 6464
	11488 6496
	10880 6496
4
	12928 6464
	13952 6464
	13952 6496
	12928 6496
4
	15360 6464
	16384 6464
	16384 6496
	15360 6496
4
	0 6496
	5952 6496
	5952 6528
	0 6528
4
	6368 6496
	6784 6496
	6784 6528
	6368 6528
4
	10880 6496
	11488 6496
	11488 6528
	10880 6528
4
	12928 6496
	13952 6496
	13952 6528
	12928 6528
4
	15360 6496
	16384 6496
	16384 6528
	15360 6528
4
	0 6528
	5952 6528
	5952 6560
	0 6560
4
	6368 6528
	6784 6528
	6784 6560
	6368 6560
4
	10880 6528
	11488 6528
	11488 6560
	10880 6560
4
	12928 6528
	13952 6528
	13952 6560
	12928 6560
4
	15360 6528
	16384 6528
	16384 6560
	15360 6560
4
	0 6560
	5760 6560
	5760 6592
	0 6592
4
	10656 6560
	11264 6560
	11264 6592
	10656 6592
4
	12928 6560
	14144 6560
	14144 6592
	12928 6592
4
	15584 6560
	16384 6560
	16384 6592
	15584 6592
4
	0 6592
	5760 6592
	5760 6624
	0 6624
4
	10656 6592
	11264 6592
	11264 6624
	10656 6624
4
	12928 6592
	14144 6592
	14144 6624
	12928 6624
4
	15584 6592
	16384 6592
	16384 6624
	15584 6624
4
	0 6624
	5760 6624
	5760 6656
	0 6656
4
	10656 6624
	11264 6624
	11264 6656
	10656 6656
4
	12928 6624
	14144 6624
	14144 6656
	12928 6656
4
	15584 6624
	16384 6624
	16384 6656
	15584 6656
4
	0 6656
	5760 6656
	5760 6688
	0 6688
4
	10656 6656
	11264 6656
	11264 6688
	10656 6688
4
	12928 6656
	14144 6656
	14144 6688
	12928 6688
4
	15584 6656
	16384 6656
	16384 6688
	15584 6688
4
	0 6688
	5760 6688
	5760 6720
	0 6720
4
	10656 6688
	11264 6688
	11264 6720
	10656 6720
4
	12928 6688
	14144 6688
	14144 6720
	12928 6720
4
	15584 6688
	16384 6688
	16384 6720
	15584 6720
4
	0 6720
	5760 6720
	5760 6752
	0 6752
4
	10656 6720
	11264 6720
	11264 6752
	10656 6752
4
	12928 6720
	14144 6720
	14144 6752
	12928 6752
4
	15584 6720
	16384 6720
	16384 6752
	15584 6752
4
	0 6752
	5760 6752
	5760 6784
	0 6784
4
	10656 6752
	11264 6752
	11264 6784
	10656 6784
4
	12928 6752
	14144 6752
	14144 6784
	12928 6784
4
	15584 6752
	16384 6752
	16384 6784
	15584 6784
4
	0 6784
	5536 6784
	5536 6816
	0 6816
4
	6368 6784
	6976 6784
	6976 6816
	6368 6816
4
	8832 6784
	9440 6784
	9440 6816
	8832 6816
4
	10464 6784
	11072 6784
	11072 6816
	10464 6816
4
	12928 6784
	14144 6784
	14144 6816
	12928 6816
4
	15776 6784
	16384 6784
	16384 6816
	15776 6816
4
	0 6816
	5536 6816
	5536 6848
	0 6848
4
	6368 6816
	6976 6816
	6976 6848
	6368 6848
4
	8832 6816
	9440 6816
	9440 6848
	8832 6848
4
	10464 6816
	11072 6816
	11072 6848
	10464 6848
4
	12928 6816
	14144 6816
	14144 6848
	12928 6848
4
	15776 6816
	16384 6816
	16384 6848
	15776 6848
4
	0 6848
	5536 6848
	5536 6880
	0 6880
4
	6368 6848
	6976 6848
	6976 6880
	6368 6880
4
	8832 6848
	9440 6848
	9440 6880
	8832 6880
4
	10464 6848
	11072 6848
	11072 6880
	10464 6880
4
	12928 6848
	14144 6848
	14144 6880
	12928 6880
4
	15776 6848
	16384 6848
	16384 6880
	15776 6880
4
	0 6880
	5536 6880
	5536 6912
	0 6912
4
	6368 6880
	6976 6880
	6976 6912
	6368 6912
4
	8832 6880
	9440 6880
	9440 6912
	8832 6912
4
	10464 6880
	11072 6880
	11072 6912
	10464 6912
4
	12928 6880
	14144 6880
	14144 6912
	12928 6912
4
	15776 6880
	16384 6880
	16384 6912
	15776 6912
4
	0 6912
	5536 6912
	5536 6944
	0 6944
4
	6368 6912
	6976 6912
	6976 6944
	6368 6944
4
	8832 6912
	9440 6912
	9440 6944
	8832 6944
4
	10464 6912
	11072 6912
	11072 6944
	10464 6944
4
	12928 6912
	14144 6912
	14144 6944
	12928 6944
4
	15776 6912
	16384 6912
	16384 6944
	15776 6944
4
	0 6944
	5536 6944
	5536 6976
	0 6976
4
	6368 6944
	6976 6944
	6976 6976
	6368 6976
4
	8832 6944
	9440 6944
	9440 6976
	8832 6976
4
	10464 6944
	11072 6944
	11072 6976
	10464 6976
4
	12928 6944
	14144 6944
	14144 6976
	12928 6976
4
	15776 6944
	16384 6944
	16384 6976
	15776 6976
4
	0 6976
	5344 6976
	5344 7008
	0 7008
4
	5952 6976
	7392 6976
	7392 7008
	5952 7008
4
	9024 6976
	9632 6976
	9632 7008
	9024 7008
4
	10240 6976
	10880 6976
	10880 7008
	10240 7008
4
	12928 6976
	13312 6976
	13312 7008
	12928 7008
4
	13728 6976
	13952 6976
	13952 7008
	13728 7008
4
	16000 6976
	16384 6976
	16384 7008
	16000 7008
4
	0 7008
	5344 7008
	5344 7040
	0 7040
4
	5952 7008
	7392 7008
	7392 7040
	5952 7040
4
	9024 7008
	9632 7008
	9632 7040
	9024 7040
4
	10240 7008
	10880 7008
	10880 7040
	10240 7040
4
	12928 7008
	13312 7008
	13312 7040
	12928 7040
4
	13728 7008
	13952 7008
	13952 7040
	13728 7040
4
	16000 7008
	16384 7008
	16384 7040
	16000 7040
4
	0 7040
	5344 7040
	5344 7072
	0 7072
4
	5952 7040
	7392 7040
	7392 7072
	5952 7072
4
	9024 7040
	9632 7040
	9632 7072
	9024 7072
4
	10240 7040
	10880 7040
	10880 7072
	10240 7072
4
	12928 7040
	13312 7040
	13312 7072
	12928 7072
4
	13728 7040
	13952 7040
	13952 7072
	13728 7072
4
	16000 7040
	16384 7040
	16384 7072
	16000 7072
4
	0 7072
	5344 7072
	5344 7104
	0 7104
4
	5952 7072
	7392 7072
	7392 7104
	5952 7104
4
	9024 7072
	9632 7072
	9632 7104
	9024 7104
4
	10240 7072
	10880 7072
	10880 7104
	10240 7104
4
	12928 7072
	13312 7072
	13312 7104
	12928 7104
4
	13728 7072
	13952 7072
	13952 7104
	13728 7104
4
	16000 7072
	16384 7072
	16384 7104
	16000 7104
4
	0 7104
	5344 7104
	5344 7136
	0 7136
4
	5952 7104
	7392 7104
	7392 7136
	5952 7136
4
	9024 7104
	9632 7104
	9632 7136
	9024 7136
4
	10240 7104
	10880 7104
	10880 7136
	10240 7136
4
	12928 7104
	13312 7104
	13312 7136
	12928 7136
4
	13728 7104
	13952 7104
	13952 7136
	13728 7136
4
	16000 7104
	16384 7104
	16384 7136
	16000 7136
4
	0 7136
	5344 7136
	5344 7168
	0 7168
4
	5952 7136
	7392 7136
	7392 7168
	5952 7168
4
	9024 7136
	9632 7136
	9632 7168
	9024 7168
4
	10240 7136
	10880 7136
	10880 7168
	10240 7168
4
	12928 7136
	13312 7136
	13312 7168
	12928 7168
4
	13728 7136
	13952 7136
	13952 7168
	13728 7168
4
	16000 7136
	16384 7136
	16384 7168
	16000 7168
4
	0 7168
	5120 7168
	5120 7200
	0 7200
4
	5952 7168
	7584 7168
	7584 7200
	5952 7200
4
	9216 7168
	9856 7168
	9856 7200
	9216 7200
4
	10048 7168
	10656 7168
	10656 7200
	10048 7200
4
	15776 7168
	16384 7168
	16384 7200
	15776 7200
4
	0 7200
	5120 7200
	5120 7232
	0 7232
4
	5952 7200
	7584 7200
	7584 7232
	5952 7232
4
	9216 7200
	9856 7200
	9856 7232
	9216 7232
4
	10048 7200
	10656 7200
	10656 7232
	10048 7232
4
	15776 7200
	16384 7200
	16384 7232
	15776 7232
4
	0 7232
	5120 7232
	5120 7264
	0 7264
4
	5952 7232
	7584 7232
	7584 7264
	5952 7264
4
	9216 7232
	9856 7232
	9856 7264
	9216 7264
4
	10048 7232
	10656 7232
	10656 7264
	10048 7264
4
	15776 7232
	16384 7232
	16384 7264
	15776 7264
4
	0 7264
	5120 7264
	5120 7296
	0 7296
4
	5952 7264
	7584 7264
	7584 7296
	5952 7296
4
	9216 7264
	9856 7264
	9856 7296
	9216 7296
4
	10048 7264
	10656 7264
	10656 7296
	10048 7296
4
	15776 7264
	16384 7264
	16384 7296
	15776 7296
4
	0 7296
	5120 7296
	5120 7328
	0 7328
4
	5952 7296
	7584 7296
	7584 7328
	5952 7328
4
	9216 7296
	9856 7296
	9856 7328
	9216 7328
4
	10048 7296
	10656 7296
	10656 7328
	10048 7328
4
	15776 7296
	16384 7296
	16384 7328
	15776 7328
4
	0 7328
	5120 7328
	5120 7360
	0 7360
4
	5952 7328
	7584 7328
	7584 7360
	5952 7360
4
	9216 7328
	9856 7328
	9856 7360
	9216 7360
4
	10048 7328
	10656 7328
	10656 7360
	10048 7360
4
	15776 7328
	16384 7328
	16384 7360
	15776 7360
4
	0 7360
	5120 7360
	5120 7392
	0 7392
4
	5952 7360
	7584 7360
	7584 7392
	5952 7392
4
	9216 7360
	9856 7360
	9856 7392
	9216 7392
4
	10048 7360
	10656 7360
	10656 7392
	10048 7392
4
	15776 7360
	16384 7360
	16384 7392
	15776 7392
4
	0 7392
	4928 7392
	4928 7424
	0 7424
4
	6144 7392
	7808 7392
	7808 7424
	6144 7424
4
	9440 7392
	10464 7392
	10464 7424
	9440 7424
4
	11264 7392
	12096 7392
	12096 7424
	11264 7424
4
	15584 7392
	16384 7392
	16384 7424
	15584 7424
4
	0 7424
	4928 7424
	4928 7456
	0 7456
4
	6144 7424
	7808 7424
	7808 7456
	6144 7456
4
	9440 7424
	10464 7424
	10464 7456
	9440 7456
4
	11264 7424
	12096 7424
	12096 7456
	11264 7456
4
	15584 7424
	16384 7424
	16384 7456
	15584 7456
4
	0 7456
	4928 7456
	4928 7488
	0 7488
4
	6144 7456
	7808 7456
	7808 7488
	6144 7488
4
	9440 7456
	10464 7456
	10464 7488
	9440 7488
4
	11264 7456
	12096 7456
	12096 7488
	11264 7488
4
	15584 7456
	16384 7456
	16384 7488
	15584 7488
4
	0 7488
	4928 7488
	4928 7520
	0 7520
4
	6144 7488
	7808 7488
	7808 7520
	6144 7520
4
	9440 7488
	10464 7488
	10464 7520
	9440 7520
4
	11264 7488
	12096 7488
	12096 7520
	11264 7520
4
	15584 7488
	16384 7488
	16384 7520
	15584 7520
4
	0 7520
	4928 7520
	4928 7552
	0 7552
4
	6144 7520
	7808 7520
	7808 7552
	6144 7552
4
	9440 7520
	10464 7520
	10464 7552
	9440 7552
4
	11264 7520
	12096 7520
	12096 7552
	11264 7552
4
	15584 7520
	16384 7520
	16384 7552
	15584 7552
4
	0 7552
	4928 7552
	4928 7584
	0 7584
4
	6144 7552
	7808 7552
	7808 7584
	6144 7584
4
	9440 7552
	10464 7552
	10464 7584
	9440 7584
4
	11264 7552
	12096 7552
	12096 7584
	11264 7584
4
	15584 7552
	16384 7552
	16384 7584
	15584 7584
4
	0 7584
	4736 7584
	4736 7616
	0 7616
4
	6560 7584
	8000 7584
	8000 7616
	6560 7616
4
	9632 7584
	10240 7584
	10240 7616
	9632 7616
4
	11264 7584
	12096 7584
	12096 7616
	11264 7616
4
	15360 7584
	16384 7584
	16384 7616
	15360 7616
4
	0 7616
	4736 7616
	4736 7648
	0 7648
4
	6560 7616
	8000 7616
	8000 7648
	6560 7648
4
	9632 7616
	10240 7616
	10240 7648
	9632 7648
4
	11264 7616
	12096 7616
	12096 7648
	11264 7648
4
	15360 7616
	16384 7616
	16384 7648
	15360 7648
4
	0 7648
	4736 7648
	4736 7680
	0 7680
4
	6560 7648
	8000 7648
	8000 7680
	6560 7680
4
	9632 7648
	10240 7648
	10240 7680
	9632 7680
4
	11264 7648
	12096 7648
	12096 7680
	11264 7680
4
	15360 7648
	16384 7648
	16384 7680
	15360 7680
4
	0 7680
	4736 7680
	4736 7712
	0 7712
4
	6560 7680
	8000 7680
	8000 7712
	6560 7712
4
	9632 7680
	10240 7680
	10240 7712
	9632 7712
4
	11264 7680
	12096 7680
	12096 7712
	11264 7712
4
	15360 7680
	16384 7680
	16384 7712
	15360 7712
4
	0 7712
	4736 7712
	4736 7744
	0 7744
4
	6560 7712
	8000 7712
	8000 7744
	6560 7744
4
	9632 7712
	10240 7712
	10240 7744
	9632 7744
4
	11264 7712
	12096 7712
	12096 7744
	11264 7744
4
	15360 7712
	16384 7712
	16384 7744
	15360 7744
4
	0 7744
	4736 7744
	4736 7776
	0 7776
4
	6560 7744
	8000 7744
	8000 7776
	6560 7776
4
	9632 7744
	10240 7744
	10240 7776
	9632 7776
4
	11264 7744
	12096 7744
	12096 7776
	11264 7776
4
	15360 7744
	16384 7744
	16384 7776
	15360 7776
4
	0 7776
	4736 7776
	4736 7808
	0 7808
4
	6560 7776
	8000 7776
	8000 7808
	6560 7808
4
	9632 7776
	10240 7776
	10240 7808
	9632 7808
4
	11264 7776
	12096 7776
	12096 7808
	11264 7808
4
	15360 7776
	16384 7776
	16384 7808
	15360 7808
4
	0 7808
	4512 7808
	4512 7840
	0 7840
4
	4928 7808
	5760 7808
	5760 7840
	4928 7840
4
	6784 7808
	8192 7808
	8192 7840
	6784 7840
4
	9856 7808
	10048 7808
	10048 7840
	9856 7840
4
	11264 7808
	12288 7808
	12288 7840
	11264 7840
4
	15168 7808
	16384 7808
	16384 7840
	15168 7840
4
	0 7840
	4512 7840
	4512 7872
	0 7872
4
	4928 7840
	5760 7840
	5760 7872
	4928 7872
4
	6784 7840
	8192 7840
	8192 7872
	6784 7872
4
	9856 7840
	10048 7840
	10048 7872
	9856 7872
4
	11264 7840
	12288 7840
	12288 7872
	11264 7872
4
	15168 7840
	16384 7840
	16384 7872
	15168 7872
4
	0 7872
	4512 7872
	4512 7904
	0 7904
4
	4928 7872
	5760 7872
	5760 7904
	4928 7904
4
	6784 7872
	8192 7872
	8192 7904
	6784 7904
4
	9856 7872
	10048 7872
	10048 7904
	9856 7904
4
	11264 7872
	12288 7872
	12288 7904
	11264 7904
4
	15168 7872
	16384 7872
	16384 7904
	15168 7904
4
	0 7904
	4512 7904
	4512 7936
	0 7936
4
	4928 7904
	5760 7904
	5760 7936
	4928 7936
4
	6784 7904
	8192 7904
	8192 7936
	6784 7936
4
	9856 7904
	10048 7904
	10048 7936
	9856 7936
4
	11264 7904
	12288 7904
	12288 7936
	11264 7936
4
	15168 7904
	16384 7904
	16384 7936
	15168 7936
4
	0 7936
	4512 7936
	4512 7968
	0 7968
4
	4928 7936
	5760 7936
	5760 7968
	4928 7968
4
	6784 7936
	8192 7936
	8192 7968
	6784 7968
4
	9856 7936
	10048 7936
	10048 7968
	9856 7968
4
	11264 7936
	12288 7936
	12288 7968
	11264 7968
4
	15168 7936
	16384 7936
	16384 7968
	15168 7968
4
	0 7968
	4512 7968
	4512 8000
	0 8000
4
	4928 7968
	5760 7968
	5760 8000
	4928 8000
4
	6784 7968
	8192 7968
	8192 8000
	6784 8000
4
	9856 7968
	10048 7968
	10048 8000
	9856 8000
4
	11264 7968
	12288 7968
	12288 8000
	11264 8000
4
	15168 7968
	16384 7968
	16384 8000
	15168 8000
4
	0 8000
	4320 8000
	4320 8032
	0 8032
4
	4736 8000
	5952 8000
	5952 8032
	4736 8032
4
	6976 8000
	8416 8000
	8416 8032
	6976 8032
4
	11264 8000
	12512 8000
	12512 8032
	11264 8032
4
	14976 8000
	16384 8000
	16384 8032
	14976 8032
4
	0 8032
	4320 8032
	4320 8064
	0 8064
4
	4736 8032
	5952 8032
	5952 8064
	4736 8064
4
	6976 8032
	8416 8032
	8416 8064
	6976 8064
4
	11264 8032
	12512 8032
	12512 8064
	11264 8064
4
	14976 8032
	16384 8032
	16384 8064
	14976 8064
4
	0 8064
	4320 8064
	4320 8096
	0 8096
4
	4736 8064
	5952 8064
	5952 8096
	4736 8096
4
	6976 8064
	8416 8064
	8416 8096
	6976 8096
4
	11264 8064
	12512 8064
	12512 8096
	11264 8096
4
	14976 8064
	16384 8064
	16384 8096
	14976 8096
4
	0 8096
	4320 8096
	4320 8128
	0 8128
4
	4736 8096
	5952 8096
	5952 8128
	4736 8128
4
	6976 8096
	8416 8096
	8416 8128
	6976 8128
4
	11264 8096
	12512 8096
	12512 8128
	11264 8128
4
	14976 8096
	16384 8096
	16384 8128
	14976 8128
4
	0 8128
	4320 8128
	4320 8160
	0 8160
4
	4736 8128
	5952 8128
	5952 8160
	4736 8160
4
	6976 8128
	8416 8128
	8416 8160
	6976 8160
4
	11264 8128
	12512 8128
	12512 8160
	11264 8160
4
	14976 8128
	16384 8128
	16384 8160
	14976 8160
4
	0 8160
	4320 8160
	4320 8192
	0 8192
4
	4736 8160
	5952 8160
	5952 8192
	4736 8192
4
	6976 8160
	8416 8160
	8416 8192
	6976 8192
4
	11264 8160
	12512 8160
	12512 8192
	11264 8192
4
	14976 8160
	16384 8160
	16384 8192
	14976 8192
4
	0 8192
	4096 8192
	4096 8224
	0 8224
4
	4736 8192
	5952 8192
	5952 8224
	4736 8224
4
	7168 8192
	8608 8192
	8608 8224
	7168 8224
4
	11264 8192
	12512 8192
	12512 8224
	11264 8224
4
	14752 8192
	16384 8192
	16384 8224
	14752 8224
4
	0 8224
	4096 8224
	4096 8256
	0 8256
4
	4736 8224
	5952 8224
	5952 8256
	4736 8256
4
	7168 8224
	8608 8224
	8608 8256
	7168 8256
4
	11264 8224
	12512 8224
	12512 8256
	11264 8256
4
	14752 8224
	16384 8224
	16384 8256
	14752 8256
4
	0 8256
	4096 8256
	4096 8288
	0 8288
4
	4736 8256
	5952 8256
	5952 8288
	4736 8288
4
	7168 8256
	8608 8256
	8608 8288
	7168 8288
4
	11264 8256
	12512 8256
	12512 8288
	11264 8288
4
	14752 8256
	16384 8256
	16384 8288
	14752 8288
4
	0 8288
	4096 8288
	4096 8320
	0 8320
4
	4736 8288
	5952 8288
	5952 8320
	4736 8320
4
	7168 8288
	8608 8288
	8608 8320
	7168 8320
4
	11264 8288
	12512 8288
	12512 8320
	11264 8320
4
	14752 8288
	16384 8288
	16384 8320
	14752 8320
4
	0 8320
	4096 8320
	4096 8352
	0 8352
4
	4736 8320
	5952 8320
	5952 8352
	4736 8352
4
	7168 8320
	8608 8320
	8608 8352
	7168 8352
4
	11264 8320
	12512 8320
	12512 8352
	11264 8352
4
	14752 8320
	16384 8320
	16384 8352
	14752 8352
4
	0 8352
	4096 8352
	4096 8384
	0 8384
4
	4736 8352
	5952 8352
	5952 8384
	4736 8384
4
	7168 8352
	8608 8352
	8608 8384
	7168 8384
4
	11264 8352
	12512 8352
	12512 8384
	11264 8384
4
	14752 8352
	16384 8352
	16384 8384
	14752 8384
4
	0 8384
	4096 8384
	4096 8416
	0 8416
4
	4736 8384
	5952 8384
	5952 8416
	4736 8416
4
	7168 8384
	8608 8384
	8608 8416
	7168 8416
4
	11264 8384
	12512 8384
	12512 8416
	11264 8416
4
	14752 8384
	16384 8384
	16384 8416
	14752 8416
4
	0 8416
	3904 8416
	3904 8448
	0 8448
4
	4928 8416
	5952 8416
	5952 8448
	4928 8448
4
	7392 8416
	8608 8416
	8608 8448
	7392 8448
4
	11264 8416
	12512 8416
	12512 8448
	11264 8448
4
	14560 8416
	16384 8416
	16384 8448
	14560 8448
4
	0 8448
	3904 8448
	3904 8480
	0 8480
4
	4928 8448
	5952 8448
	5952 8480
	4928 8480
4
	7392 8448
	8608 8448
	8608 8480
	7392 8480
4
	11264 8448
	12512 8448
	12512 8480
	11264 8480
4
	14560 8448
	16384 8448
	16384 8480
	14560 8480
4
	0 8480
	3904 8480
	3904 8512
	0 8512
4
	4928 8480
	5952 8480
	5952 8512
	4928 8512
4
	7392 8480
	8608 8480
	8608 8512
	7392 8512
4
	11264 8480
	12512 8480
	12512 8512
	11264 8512
4
	14560 8480
	16384 8480
	16384 8512
	14560 8512
4
	0 8512
	3904 8512
	3904 8544
	0 8544
4
	4928 8512
	5952 8512
	5952 8544
	4928 8544
4
	7392 8512
	8608 8512
	8608 8544
	7392 8544
4
	11264 8512
	12512 8512
	12512 8544
	11264 8544
4
	14560 8512
	16384 8512
	16384 8544
	14560 8544
4
	0 8544
	3904 8544
	3904 8576
	0 8576
4
	4928 8544
	5952 8544
	5952 8576
	4928 8576
4
	7392 8544
	8608 8544
	8608 8576
	7392 8576
4
	11264 8544
	12512 8544
	12512 8576
	11264 8576
4
	14560 8544
	16384 8544
	16384 8576
	14560 8576
4
	0 8576
	3904 8576
	3904 8608
	0 8608
4
	4928 8576
	5952 8576
	5952 8608
	4928 8608
4
	7392 8576
	8608 8576
	8608 8608
	7392 8608
4
	11264 8576
	12512 8576
	12512 8608
	11264 8608
4
	14560 8576
	16384 8576
	16384 8608
	14560 8608
4
	0 8608
	3712 8608
	3712 8640
	0 8640
4
	4736 8608
	6144 8608
	6144 8640
	4736 8640
4
	7584 8608
	8832 8608
	8832 8640
	7584 8640
4
	14336 8608
	16384 8608
	16384 8640
	14336 8640
4
	0 8640
	3712 8640
	3712 8672
	0 8672
4
	4736 8640
	6144 8640
	6144 8672
	4736 8672
4
	7584 8640
	8832 8640
	8832 8672
	7584 8672
4
	14336 8640
	16384 8640
	16384 8672
	14336 8672
4
	0 8672
	3712 8672
	3712 8704
	0 8704
4
	4736 8672
	6144 8672
	6144 8704
	4736 8704
4
	7584 8672
	8832 8672
	8832 8704
	7584 8704
4
	14336 8672
	16384 8672
	16384 8704
	14336 8704
4
	0 8704
	3712 8704
	3712 8736
	0 8736
4
	4736 8704
	6144 8704
	6144 8736
	4736 8736
4
	7584 8704
	8832 8704
	8832 8736
	7584 8736
4
	14336 8704
	16384 8704
	16384 8736
	14336 8736
4
	0 8736
	3712 8736
	3712 8768
	0 8768
4
	4736 8736
	6144 8736
	6144 8768
	4736 8768
4
	7584 8736
	8832 8736
	8832 8768
	7584 8768
4
	14336 8736
	16384 8736
	16384 8768
	14336 8768
4
	0 8768
	3712 8768
	3712 8800
	0 8800
4
	4736 8768
	6144 8768
	6144 8800
	4736 8800
4
	7584 8768
	8832 8768
	8832 8800
	7584 8800
4
	14336 8768
	16384 8768
	16384 8800
	14336 8800
4
	0 8800
	3712 8800
	3712 8832
	0 8832
4
	4736 8800
	6144 8800
	6144 8832
	4736 8832
4
	7584 8800
	8832 8800
	8832 8832
	7584 8832
4
	14336 8800
	16384 8800
	16384 8832
	14336 8832
4
	0 8832
	3488 8832
	3488 8864
	0 8864
4
	3904 8832
	4320 8832
	4320 8864
	3904 8864
4
	4736 8832
	6144 8832
	6144 8864
	4736 8864
4
	7808 8832
	8832 8832
	8832 8864
	7808 8864
4
	14144 8832
	16384 8832
	16384 8864
	14144 8864
4
	0 8864
	3488 8864
	3488 8896
	0 8896
4
	3904 8864
	4320 8864
	4320 8896
	3904 8896
4
	4736 8864
	6144 8864
	6144 8896
	4736 8896
4
	7808 8864
	8832 8864
	8832 8896
	7808 8896
4
	14144 8864
	16384 8864
	16384 8896
	14144 8896
4
	0 8896
	3488 8896
	3488 8928
	0 8928
4
	3904 8896
	4320 8896
	4320 8928
	3904 8928
4
	4736 8896
	6144 8896
	6144 8928
	4736 8928
4
	7808 8896
	8832 8896
	8832 8928
	7808 8928
4
	14144 8896
	16384 8896
	16384 8928
	14144 8928
4
	0 8928
	3488 8928
	3488 8960
	0 8960
4
	3904 8928
	4320 8928
	4320 8960
	3904 8960
4
	4736 8928
	6144 8928
	6144 8960
	4736 8960
4
	7808 8928
	8832 8928
	8832 8960
	7808 8960
4
	14144 8928
	16384 8928
	16384 8960
	14144 8960
4
	0 8960
	3488 8960
	3488 8992
	0 8992
4
	3904 8960
	4320 8960
	4320 8992
	3904 8992
4
	4736 8960
	6144 8960
	6144 8992
	4736 8992
4
	7808 8960
	8832 8960
	8832 8992
	7808 8992
4
	14144 8960
	16384 8960
	16384 8992
	14144 8992
4
	0 8992
	3488 8992
	3488 9024
	0 9024
4
	3904 8992
	4320 8992
	4320 9024
	3904 9024
4
	4736 8992
	6144 8992
	6144 9024
	4736 9024
4
	7808 8992
	8832 8992
	8832 9024
	7808 9024
4
	14144 8992
	16384 8992
	16384 9024
	14144 9024
4
	0 9024
	3296 9024
	3296 9056
	0 9056
4
	3904 9024
	4320 9024
	4320 9056
	3904 9056
4
	8000 9024
	8608 9024
	8608 9056
	8000 9056
4
	13952 9024
	16384 9024
	16384 9056
	13952 9056
4
	0 9056
	3296 9056
	3296 9088
	0 9088
4
	3904 9056
	4320 9056
	4320 9088
	3904 9088
4
	8000 9056
	8608 9056
	8608 9088
	8000 9088
4
	13952 9056
	16384 9056
	16384 9088
	13952 9088
4
	0 9088
	3296 9088
	3296 9120
	0 9120
4
	3904 9088
	4320 9088
	4320 9120
	3904 9120
4
	8000 9088
	8608 9088
	8608 9120
	8000 9120
4
	13952 9088
	16384 9088
	16384 9120
	13952 9120
4
	0 9120
	3296 9120
	3296 9152
	0 9152
4
	3904 9120
	4320 9120
	4320 9152
	3904 9152
4
	8000 9120
	8608 9120
	8608 9152
	8000 9152
4
	13952 9120
	16384 9120
	16384 9152
	13952 9152
4
	0 9152
	3296 9152
	3296 9184
	0 9184
4
	3904 9152
	4320 9152
	4320 9184
	3904 9184
4
	8000 9152
	8608 9152
	8608 9184
	8000 9184
4
	13952 9152
	16384 9152
	16384 9184
	13952 9184
4
	0 9184
	3296 9184
	3296 9216
	0 9216
4
	3904 9184
	4320 9184
	4320 9216
	3904 9216
4
	8000 9184
	8608 9184
	8608 9216
	8000 9216
4
	13952 9184
	16384 9184
	16384 9216
	13952 9216
4
	0 9216
	3072 9216
	3072 9248
	0 9248
4
	3904 9216
	4320 9216
	4320 9248
	3904 9248
4
	8416 9216
	8608 9216
	8608 9248
	8416 9248
4
	13728 9216
	16384 9216
	16384 9248
	13728 9248
4
	0 9248
	3072 9248
	3072 9280
	0 9280
4
	3904 9248
	4320 9248
	4320 9280
	3904 9280
4
	8416 9248
	8608 9248
	8608 9280
	8416 9280
4
	13728 9248
	16384 9248
	16384 9280
	13728 9280
4
	0 9280
	3072 9280
	3072 9312
	0 9312
4
	3904 9280
	4320 9280
	4320 9312
	3904 9312
4
	8416 9280
	8608 9280
	8608 9312
	8416 9312
4
	13728 9280
	16384 9280
	16384 9312
	13728 9312
4
	0 9312
	3072 9312
	3072 9344
	0 9344
4
	3904 9312
	4320 9312
	4320 9344
	3904 9344
4
	8416 9312
	8608 9312
	8608 9344
	8416 9344
4
	13728 9312
	16384 9312
	16384 9344
	13728 9344
4
	0 9344
	3072 9344
	3072 9376
	0 9376
4
	3904 9344
	4320 9344
	4320 9376
	3904 9376
4
	8416 9344
	8608 9344
	8608 9376
	8416 9376
4
	13728 9344
	16384 9344
	16384 9376
	13728 9376
4
	0 9376
	3072 9376
	3072 9408
	0 9408
4
	3904 9376
	4320 9376
	4320 9408
	3904 9408
4
	8416 9376
	8608 9376
	8608 9408
	8416 9408
4
	13728 9376
	16384 9376
	16384 9408
	13728 9408
4
	0 9408
	3072 9408
	3072 9440
	0 9440
4
	3904 9408
	4320 9408
	4320 9440
	3904 9440
4
	8416 9408
	8608 9408
	8608 9440
	8416 9440
4
	13728 9408
	16384 9408
	16384 9440
	13728 9440
4
	0 9440
	2880 9440
	2880 9472
	0 9472
4
	13536 9440
	16384 9440
	16384 9472
	13536 9472
4
	0 9472
	2880 9472
	2880 9504
	0 9504
4
	13536 9472
	16384 9472
	16384 9504
	13536 9504
4
	0 9504
	2880 9504
	2880 9536
	0 9536
4
	13536 9504
	16384 9504
	16384 9536
	13536 9536
4
	0 9536
	2880 9536
	2880 9568
	0 9568
4
	13536 9536
	16384 9536
	16384 9568
	13536 9568
4
	0 9568
	2880 9568
	2880 9600
	0 9600
4
	13536 9568
	16384 9568
	16384 9600
	13536 9600
4
	0 9600
	2880 9600
	2880 9632
	0 9632
4
	13536 9600
	16384 9600
	16384 9632
	13536 9632
4
	0 9632
	2688 9632
	2688 9664
	0 9664
4
	6368 9632
	7392 9632
	7392 9664
	6368 9664
4
	13312 9632
	16384 9632
	16384 9664
	13312 9664
4
	0 9664
	2688 9664
	2688 9696
	0 9696
4
	6368 9664
	7392 9664
	7392 9696
	6368 9696
4
	13312 9664
	16384 9664
	16384 9696
	13312 9696
4
	0 9696
	2688 9696
	2688 9728
	0 9728
4
	6368 9696
	7392 9696
	7392 9728
	6368 9728
4
	13312 9696
	16384 9696
	16384 9728
	13312 9728
4
	0 9728
	2688 9728
	2688 9760
	0 9760
4
	6368 9728
	7392 9728
	7392 9760
	6368 9760
4
	13312 9728
	16384 9728
	16384 9760
	13312 9760
4
	0 9760
	2688 9760
	2688 9792
	0 9792
4
	6368 9760
	7392 9760
	7392 9792
	6368 9792
4
	13312 9760
	16384 9760
	16384 9792
	13312 9792
4
	0 9792
	2688 9792
	2688 9824
	0 9824
4
	6368 9792
	7392 9792
	7392 9824
	6368 9824
4
	13312 9792
	16384 9792
	16384 9824
	13312 9824
4
	0 9824
	2688 9824
	2688 9856
	0 9856
4
	6368 9824
	7392 9824
	7392 9856
	6368 9856
4
	13312 9824
	16384 9824
	16384 9856
	13312 9856
4
	0 9856
	2272 9856
	2272 9888
	0 9888
4
	2464 9856
	2880 9856
	2880 9888
	2464 9888
4
	6368 9856
	7584 9856
	7584 9888
	6368 9888
4
	13120 9856
	16384 9856
	16384 9888
	13120 9888
4
	0 9888
	2272 9888
	2272 9920
	0 9920
4
	2464 9888
	2880 9888
	2880 9920
	2464 9920
4
	6368 9888
	7584 9888
	7584 9920
	6368 9920
4
	13120 9888
	16384 9888
	16384 9920
	13120 9920
4
	0 9920
	2272 9920
	2272 9952
	0 9952
4
	2464 9920
	2880 9920
	2880 9952
	2464 9952
4
	6368 9920
	7584 9920
	7584 9952
	6368 9952
4
	13120 9920
	16384 9920
	16384 9952
	13120 9952
4
	0 9952
	2272 9952
	2272 9984
	0 9984
4
	2464 9952
	2880 9952
	2880 9984
	2464 9984
4
	6368 9952
	7584 9952
	7584 9984
	6368 9984
4
	13120 9952
	16384 9952
	16384 9984
	13120 9984
4
	0 9984
	2272 9984
	2272 10016
	0 10016
4
	2464 9984
	2880 9984
	2880 10016
	2464 10016
4
	6368 9984
	7584 9984
	7584 10016
	6368 10016
4
	13120 9984
	16384 9984
	16384 10016
	13120 10016
4
	0 10016
	2272 10016
	2272 10048
	0 10048
4
	2464 10016
	2880 10016
	2880 10048
	2464 10048
4
	6368 10016
	7584 10016
	7584 10048
	6368 10048
4
	13120 10016
	16384 10016
	16384 10048
	13120 10048
4
	0 10048
	2048 10048
	2048 10080
	0 10080
4
	2688 10048
	2880 10048
	2880 10080
	2688 10080
4
	6560 10048
	7584 10048
	7584 10080
	6560 10080
4
	12928 10048
	16384 10048
	16384 10080
	12928 10080
4
	0 10080
	2048 10080
	2048 10112
	0 10112
4
	2688 10080
	2880 10080
	2880 10112
	2688 10112
4
	6560 10080
	7584 10080
	7584 10112
	6560 10112
4
	12928 10080
	16384 10080
	16384 10112
	12928 10112
4
	0 10112
	2048 10112
	2048 10144
	0 10144
4
	2688 10112
	2880 10112
	2880 10144
	2688 10144
4
	6560 10112
	7584 10112
	7584 10144
	6560 10144
4
	12928 10112
	16384 10112
	16384 10144
	12928 10144
4
	0 10144
	2048 10144
	2048 10176
	0 10176
4
	2688 10144
	2880 10144
	2880 10176
	2688 10176
4
	6560 10144
	7584 10144
	7584 10176
	6560 10176
4
	12928 10144
	16384 10144
	16384 10176
	12928 10176
4
	0 10176
	2048 10176
	2048 10208
	0 10208
4
	2688 10176
	2880 10176
	2880 10208
	2688 10208
4
	6560 10176
	7584 10176
	7584 10208
	6560 10208
4
	12928 10176
	16384 10176
	16384 10208
	12928 10208
4
	0 10208
	2048 10208
	2048 10240
	0 10240
4
	2688 10208
	2880 10208
	2880 10240
	2688 10240
4
	6560 10208
	7584 10208
	7584 10240
	6560 10240
4
	12928 10208
	16384 10208
	16384 10240
	12928 10240
4
	0 10240
	1856 10240
	1856 10272
	0 10272
4
	2688 10240
	3072 10240
	3072 10272
	2688 10272
4
	3488 10240
	4320 10240
	4320 10272
	3488 10272
4
	6560 10240
	7808 10240
	7808 10272
	6560 10272
4
	12704 10240
	16384 10240
	16384 10272
	12704 10272
4
	0 10272
	1856 10272
	1856 10304
	0 10304
4
	2688 10272
	3072 10272
	3072 10304
	2688 10304
4
	3488 10272
	4320 10272
	4320 10304
	3488 10304
4
	6560 10272
	7808 10272
	7808 10304
	6560 10304
4
	12704 10272
	16384 10272
	16384 10304
	12704 10304
4
	0 10304
	1856 10304
	1856 10336
	0 10336
4
	2688 10304
	3072 10304
	3072 10336
	2688 10336
4
	3488 10304
	4320 10304
	4320 10336
	3488 10336
4
	6560 10304
	7808 10304
	7808 10336
	6560 10336
4
	12704 10304
	16384 10304
	16384 10336
	12704 10336
4
	0 10336
	1856 10336
	1856 10368
	0 10368
4
	2688 10336
	3072 10336
	3072 10368
	2688 10368
4
	3488 10336
	4320 10336
	4320 10368
	3488 10368
4
	6560 10336
	7808 10336
	7808 10368
	6560 10368
4
	12704 10336
	16384 10336
	16384 10368
	12704 10368
4
	0 10368
	1856 10368
	1856 10400
	0 10400
4
	2688 10368
	3072 10368
	3072 10400
	2688 10400
4
	3488 10368
	4320 10368
	4320 10400
	3488 10400
4
	6560 10368
	7808 10368
	7808 10400
	6560 10400
4
	12704 10368
	16384 10368
	16384 10400
	12704 10400
4
	0 10400
	1856 10400
	1856 10432
	0 10432
4
	2688 10400
	3072 10400
	3072 10432
	2688 10432
4
	3488 10400
	4320 10400
	4320 10432
	3488 10432
4
	6560 10400
	7808 10400
	7808 10432
	6560 10432
4
	12704 10400
	16384 10400
	16384 10432
	12704 10432
4
	0 10432
	1856 10432
	1856 10464
	0 10464
4
	2688 10432
	3072 10432
	3072 10464
	2688 10464
4
	3488 10432
	4320 10432
	4320 10464
	3488 10464
4
	6560 10432
	7808 10432
	7808 10464
	6560 10464
4
	12704 10432
	16384 10432
	16384 10464
	12704 10464
4
	0 10464
	1664 10464
	1664 10496
	0 10496
4
	2880 10464
	3072 10464
	3072 10496
	2880 10496
4
	3296 10464
	4512 10464
	4512 10496
	3296 10496
4
	6784 10464
	7808 10464
	7808 10496
	6784 10496
4
	12512 10464
	16384 10464
	16384 10496
	12512 10496
4
	0 10496
	1664 10496
	1664 10528
	0 10528
4
	2880 10496
	3072 10496
	3072 10528
	2880 10528
4
	3296 10496
	4512 10496
	4512 10528
	3296 10528
4
	6784 10496
	7808 10496
	7808 10528
	6784 10528
4
	12512 10496
	16384 10496
	16384 10528
	12512 10528
4
	0 10528
	1664 10528
	1664 10560
	0 10560
4
	2880 10528
	3072 10528
	3072 10560
	2880 10560
4
	3296 10528
	4512 10528
	4512 10560
	3296 10560
4
	6784 10528
	7808 10528
	7808 10560
	6784 10560
4
	12512 10528
	16384 10528
	16384 10560
	12512 10560
4
	0 10560
	1664 10560
	1664 10592
	0 10592
4
	2880 10560
	3072 10560
	3072 10592
	2880 10592
4
	3296 10560
	4512 10560
	4512 10592
	3296 10592
4
	6784 10560
	7808 10560
	7808 10592
	6784 10592
4
	12512 10560
	16384 10560
	16384 10592
	12512 10592
4
	0 10592
	1664 10592
	1664 10624
	0 10624
4
	2880 10592
	3072 10592
	3072 10624
	2880 10624
4
	3296 10592
	4512 10592
	4512 10624
	3296 10624
4
	6784 10592
	7808 10592
	7808 10624
	6784 10624
4
	12512 10592
	16384 10592
	16384 10624
	12512 10624
4
	0 10624
	1664 10624
	1664 10656
	0 10656
4
	2880 10624
	3072 10624
	3072 10656
	2880 10656
4
	3296 10624
	4512 10624
	4512 10656
	3296 10656
4
	6784 10624
	7808 10624
	7808 10656
	6784 10656
4
	12512 10624
	16384 10624
	16384 10656
	12512 10656
4
	0 10656
	1440 10656
	1440 10688
	0 10688
4
	2880 10656
	3072 10656
	3072 10688
	2880 10688
4
	3296 10656
	4512 10656
	4512 10688
	3296 10688
4
	7168 10656
	7584 10656
	7584 10688
	7168 10688
4
	12288 10656
	16384 10656
	16384 10688
	12288 10688
4
	0 10688
	1440 10688
	1440 10720
	0 10720
4
	2880 10688
	3072 10688
	3072 10720
	2880 10720
4
	3296 10688
	4512 10688
	4512 10720
	3296 10720
4
	7168 10688
	7584 10688
	7584 10720
	7168 10720
4
	12288 10688
	16384 10688
	16384 10720
	12288 10720
4
	0 10720
	1440 10720
	1440 10752
	0 10752
4
	2880 10720
	3072 10720
	3072 10752
	2880 10752
4
	3296 10720
	4512 10720
	4512 10752
	3296 10752
4
	7168 10720
	7584 10720
	7584 10752
	7168 10752
4
	12288 10720
	16384 10720
	16384 10752
	12288 10752
4
	0 10752
	1440 10752
	1440 10784
	0 10784
4
	2880 10752
	3072 10752
	3072 10784
	2880 10784
4
	3296 10752
	4512 10752
	4512 10784
	3296 10784
4
	7168 10752
	7584 10752
	7584 10784
	7168 10784
4
	12288 10752
	16384 10752
	16384 10784
	12288 10784
4
	0 10784
	1440 10784
	1440 10816
	0 10816
4
	2880 10784
	3072 10784
	3072 10816
	2880 10816
4
	3296 10784
	4512 10784
	4512 10816
	3296 10816
4
	7168 10784
	7584 10784
	7584 10816
	7168 10816
4
	12288 10784
	16384 10784
	16384 10816
	12288 10816
4
	0 10816
	1440 10816
	1440 10848
	0 10848
4
	2880 10816
	3072 10816
	3072 10848
	2880 10848
4
	3296 10816
	4512 10816
	4512 10848
	3296 10848
4
	7168 10816
	7584 10816
	7584 10848
	7168 10848
4
	12288 10816
	16384 10816
	16384 10848
	12288 10848
4
	0 10848
	1440 10848
	1440 10880
	0 10880
4
	2880 10848
	3072 10848
	3072 10880
	2880 10880
4
	3296 10848
	4512 10848
	4512 10880
	3296 10880
4
	7168 10848
	7584 10848
	7584 10880
	7168 10880
4
	12288 10848
	16384 10848
	16384 10880
	12288 10880
4
	0 10880
	1248 10880
	1248 10912
	0 10912
4
	2880 10880
	4512 10880
	4512 10912
	2880 10912
4
	12096 10880
	16384 10880
	16384 10912
	12096 10912
4
	0 10912
	1248 10912
	1248 10944
	0 10944
4
	2880 10912
	4512 10912
	4512 10944
	2880 10944
4
	12096 10912
	16384 10912
	16384 10944
	12096 10944
4
	0 10944
	1248 10944
	1248 10976
	0 10976
4
	2880 10944
	4512 10944
	4512 10976
	2880 10976
4
	12096 10944
	16384 10944
	16384 10976
	12096 10976
4
	0 10976
	1248 10976
	1248 11008
	0 11008
4
	2880 10976
	4512 10976
	4512 11008
	2880 11008
4
	12096 10976
	16384 10976
	16384 11008
	12096 11008
4
	0 11008
	1248 11008
	1248 11040
	0 11040
4
	2880 11008
	4512 11008
	4512 11040
	2880 11040
4
	12096 11008
	16384 11008
	16384 11040
	12096 11040
4
	0 11040
	1248 11040
	1248 11072
	0 11072
4
	2880 11040
	4512 11040
	4512 11072
	2880 11072
4
	12096 11040
	16384 11040
	16384 11072
	12096 11072
4
	0 11072
	1024 11072
	1024 11104
	0 11104
4
	3072 11072
	4512 11072
	4512 11104
	3072 11104
4
	10464 11072
	10656 11072
	10656 11104
	10464 11104
4
	11904 11072
	16384 11072
	16384 11104
	11904 11104
4
	0 11104
	1024 11104
	1024 11136
	0 11136
4
	3072 11104
	4512 11104
	4512 11136
	3072 11136
4
	10464 11104
	10656 11104
	10656 11136
	10464 11136
4
	11904 11104
	16384 11104
	16384 11136
	11904 11136
4
	0 11136
	1024 11136
	1024 11168
	0 11168
4
	3072 11136
	4512 11136
	4512 11168
	3072 11168
4
	10464 11136
	10656 11136
	10656 11168
	10464 11168
4
	11904 11136
	16384 11136
	16384 11168
	11904 11168
4
	0 11168
	1024 11168
	1024 11200
	0 11200
4
	3072 11168
	4512 11168
	4512 11200
	3072 11200
4
	10464 11168
	10656 11168
	10656 11200
	10464 11200
4
	11904 11168
	16384 11168
	16384 11200
	11904 11200
4
	0 11200
	1024 11200
	1024 11232
	0 11232
4
	3072 11200
	4512 11200
	4512 11232
	3072 11232
4
	10464 11200
	10656 11200
	10656 11232
	10464 11232
4
	11904 11200
	16384 11200
	16384 11232
	11904 11232
4
	0 11232
	1024 11232
	1024 11264
	0 11264
4
	3072 11232
	4512 11232
	4512 11264
	3072 11264
4
	10464 11232
	10656 11232
	10656 11264
	10464 11264
4
	11904 11232
	16384 11232
	16384 11264
	11904 11264
4
	0 11264
	1248 11264
	1248 11296
	0 11296
4
	3072 11264
	3712 11264
	3712 11296
	3072 11296
4
	3904 11264
	4320 11264
	4320 11296
	3904 11296
4
	5536 11264
	5760 11264
	5760 11296
	5536 11296
4
	10464 11264
	10656 11264
	10656 11296
	10464 11296
4
	11680 11264
	16384 11264
	16384 11296
	11680 11296
4
	0 11296
	1248 11296
	1248 11328
	0 11328
4
	3072 11296
	3712 11296
	3712 11328
	3072 11328
4
	3904 11296
	4320 11296
	4320 11328
	3904 11328
4
	5536 11296
	5760 11296
	5760 11328
	5536 11328
4
	10464 11296
	10656 11296
	10656 11328
	10464 11328
4
	11680 11296
	16384 11296
	16384 11328
	11680 11328
4
	0 11328
	1248 11328
	1248 11360
	0 11360
4
	3072 11328
	3712 11328
	3712 11360
	3072 11360
4
	3904 11328
	4320 11328
	4320 11360
	3904 11360
4
	5536 11328
	5760 11328
	5760 11360
	5536 11360
4
	10464 11328
	10656 11328
	10656 11360
	10464 11360
4
	11680 11328
	16384 11328
	16384 11360
	11680 11360
4
	0 11360
	1248 11360
	1248 11392
	0 11392
4
	3072 11360
	3712 11360
	3712 11392
	3072 11392
4
	3904 11360
	4320 11360
	4320 11392
	3904 11392
4
	5536 11360
	5760 11360
	5760 11392
	5536 11392
4
	10464 11360
	10656 11360
	10656 11392
	10464 11392
4
	11680 11360
	16384 11360
	16384 11392
	11680 11392
4
	0 11392
	1248 11392
	1248 11424
	0 11424
4
	3072 11392
	3712 11392
	3712 11424
	3072 11424
4
	3904 11392
	4320 11392
	4320 11424
	3904 11424
4
	5536 11392
	5760 11392
	5760 11424
	5536 11424
4
	10464 11392
	10656 11392
	10656 11424
	10464 11424
4
	11680 11392
	16384 11392
	16384 11424
	11680 11424
4
	0 11424
	1248 11424
	1248 11456
	0 11456
4
	3072 11424
	3712 11424
	3712 11456
	3072 11456
4
	3904 11424
	4320 11424
	4320 11456
	3904 11456
4
	5536 11424
	5760 11424
	5760 11456
	5536 11456
4
	10464 11424
	10656 11424
	10656 11456
	10464 11456
4
	11680 11424
	16384 11424
	16384 11456
	11680 11456
4
	0 11456
	1248 11456
	1248 11488
	0 11488
4
	3072 11456
	3712 11456
	3712 11488
	3072 11488
4
	3904 11456
	4320 11456
	4320 11488
	3904 11488
4
	5536 11456
	5760 11456
	5760 11488
	5536 11488
4
	10464 11456
	10656 11456
	10656 11488
	10464 11488
4
	11680 11456
	16384 11456
	16384 11488
	11680 11488
4
	0 11488
	1248 11488
	1248 11520
	0 11520
4
	5536 11488
	5760 11488
	5760 11520
	5536 11520
4
	11488 11488
	16384 11488
	16384 11520
	11488 11520
4
	0 11520
	1248 11520
	1248 11552
	0 11552
4
	5536 11520
	5760 11520
	5760 11552
	5536 11552
4
	11488 11520
	16384 11520
	16384 11552
	11488 11552
4
	0 11552
	1248 11552
	1248 11584
	0 11584
4
	5536 11552
	5760 11552
	5760 11584
	5536 11584
4
	11488 11552
	16384 11552
	16384 11584
	11488 11584
4
	0 11584
	1248 11584
	1248 11616
	0 11616
4
	5536 11584
	5760 11584
	5760 11616
	5536 11616
4
	11488 11584
	16384 11584
	16384 11616
	11488 11616
4
	0 11616
	1248 11616
	1248 11648
	0 11648
4
	5536 11616
	5760 11616
	5760 11648
	5536 11648
4
	11488 11616
	16384 11616
	16384 11648
	11488 11648
4
	0 11648
	1248 11648
	1248 11680
	0 11680
4
	5536 11648
	5760 11648
	5760 11680
	5536 11680
4
	11488 11648
	16384 11648
	16384 11680
	11488 11680
4
	0 11680
	1440 11680
	1440 11712
	0 11712
4
	11264 11680
	16384 11680
	16384 11712
	11264 11712
4
	0 11712
	1440 11712
	1440 11744
	0 11744
4
	11264 11712
	16384 11712
	16384 11744
	11264 11744
4
	0 11744
	1440 11744
	1440 11776
	0 11776
4
	11264 11744
	16384 11744
	16384 11776
	11264 11776
4
	0 11776
	1440 11776
	1440 11808
	0 11808
4
	11264 11776
	16384 11776
	16384 11808
	11264 11808
4
	0 11808
	1440 11808
	1440 11840
	0 11840
4
	11264 11808
	16384 11808
	16384 11840
	11264 11840
4
	0 11840
	1440 11840
	1440 11872
	0 11872
4
	11264 11840
	16384 11840
	16384 11872
	11264 11872
4
	0 11872
	1440 11872
	1440 11904
	0 11904
4
	11264 11872
	16384 11872
	16384 11904
	11264 11904
4
	0 11904
	1440 11904
	1440 11936
	0 11936
4
	6976 11904
	7808 11904
	7808 11936
	6976 11936
4
	11072 11904
	16384 11904
	16384 11936
	11072 11936
4
	0 11936
	1440 11936
	1440 11968
	0 11968
4
	6976 11936
	7808 11936
	7808 11968
	6976 11968
4
	11072 11936
	16384 11936
	16384 11968
	11072 11968
4
	0 11968
	1440 11968
	1440 12000
	0 12000
4
	6976 11968
	7808 11968
	7808 12000
	6976 12000
4
	11072 11968
	16384 11968
	16384 12000
	11072 12000
4
	0 12000
	1440 12000
	1440 12032
	0 12032
4
	6976 12000
	7808 12000
	7808 12032
	6976 12032
4
	11072 12000
	16384 12000
	16384 12032
	11072 12032
4
	0 12032
	1440 12032
	1440 12064
	0 12064
4
	6976 12032
	7808 12032
	7808 12064
	6976 12064
4
	11072 12032
	16384 12032
	16384 12064
	11072 12064
4
	0 12064
	1440 12064
	1440 12096
	0 12096
4
	6976 12064
	7808 12064
	7808 12096
	6976 12096
4
	11072 12064
	16384 12064
	16384 12096
	11072 12096
4
	0 12096
	1664 12096
	1664 12128
	0 12128
4
	6976 12096
	8416 12096
	8416 12128
	6976 12128
4
	10880 12096
	16384 12096
	16384 12128
	10880 12128
4
	0 12128
	1664 12128
	1664 12160
	0 12160
4
	6976 12128
	8416 12128
	8416 12160
	6976 12160
4
	10880 12128
	16384 12128
	16384 12160
	10880 12160
4
	0 12160
	1664 12160
	1664 12192
	0 12192
4
	6976 12160
	8416 12160
	8416 12192
	6976 12192
4
	10880 12160
	16384 12160
	16384 12192
	10880 12192
4
	0 12192
	1664 12192
	1664 12224
	0 12224
4
	6976 12192
	8416 12192
	8416 12224
	6976 12224
4
	10880 12192
	16384 12192
	16384 12224
	10880 12224
4
	0 12224
	1664 12224
	1664 12256
	0 12256
4
	6976 12224
	8416 12224
	8416 12256
	6976 12256
4
	10880 12224
	16384 12224
	16384 12256
	10880 12256
4
	0 12256
	1664 12256
	1664 12288
	0 12288
4
	6976 12256
	8416 12256
	8416 12288
	6976 12288
4
	10880 12256
	16384 12256
	16384 12288
	10880 12288
4
	0 12288
	1664 12288
	1664 12320
	0 12320
4
	5952 12288
	6144 12288
	6144 12320
	5952 12320
4
	7584 12288
	8416 12288
	8416 12320
	7584 12320
4
	10656 12288
	16384 12288
	16384 12320
	10656 12320
4
	0 12320
	1664 12320
	1664 12352
	0 12352
4
	5952 12320
	6144 12320
	6144 12352
	5952 12352
4
	7584 12320
	8416 12320
	8416 12352
	7584 12352
4
	10656 12320
	16384 12320
	16384 12352
	10656 12352
4
	0 12352
	1664 12352
	1664 12384
	0 12384
4
	5952 12352
	6144 12352
	6144 12384
	5952 12384
4
	7584 12352
	8416 12352
	8416 12384
	7584 12384
4
	10656 12352
	16384 12352
	16384 12384
	10656 12384
4
	0 12384
	1664 12384
	1664 12416
	0 12416
4
	5952 12384
	6144 12384
	6144 12416
	5952 12416
4
	7584 12384
	8416 12384
	8416 12416
	7584 12416
4
	10656 12384
	16384 12384
	16384 12416
	10656 12416
4
	0 12416
	1664 12416
	1664 12448
	0 12448
4
	5952 12416
	6144 12416
	6144 12448
	5952 12448
4
	7584 12416
	8416 12416
	8416 12448
	7584 12448
4
	10656 12416
	16384 12416
	16384 12448
	10656 12448
4
	0 12448
	1664 12448
	1664 12480
	0 12480
4
	5952 12448
	6144 12448
	6144 12480
	5952 12480
4
	7584 12448
	8416 12448
	8416 12480
	7584 12480
4
	10656 12448
	16384 12448
	16384 12480
	10656 12480
4
	0 12480
	1664 12480
	1664 12512
	0 12512
4
	5952 12480
	6144 12480
	6144 12512
	5952 12512
4
	7584 12480
	8416 12480
	8416 12512
	7584 12512
4
	10656 12480
	16384 12480
	16384 12512
	10656 12512
4
	0 12512
	1856 12512
	1856 12544
	0 12544
4
	5536 12512
	6560 12512
	6560 12544
	5536 12544
4
	10464 12512
	16384 12512
	16384 12544
	10464 12544
4
	0 12544
	1856 12544
	1856 12576
	0 12576
4
	5536 12544
	6560 12544
	6560 12576
	5536 12576
4
	10464 12544
	16384 12544
	16384 12576
	10464 12576
4
	0 12576
	1856 12576
	1856 12608
	0 12608
4
	5536 12576
	6560 12576
	6560 12608
	5536 12608
4
	10464 12576
	16384 12576
	16384 12608
	10464 12608
4
	0 12608
	1856 12608
	1856 12640
	0 12640
4
	5536 12608
	6560 12608
	6560 12640
	5536 12640
4
	10464 12608
	16384 12608
	16384 12640
	10464 12640
4
	0 12640
	1856 12640
	1856 12672
	0 12672
4
	5536 12640
	6560 12640
	6560 12672
	5536 12672
4
	10464 12640
	16384 12640
	16384 12672
	10464 12672
4
	0 12672
	1856 12672
	1856 12704
	0 12704
4
	5536 12672
	6560 12672
	6560 12704
	5536 12704
4
	10464 12672
	16384 12672
	16384 12704
	10464 12704
4
	0 12704
	1856 12704
	1856 12736
	0 12736
4
	5536 12704
	6560 12704
	6560 12736
	5536 12736
4
	10240 12704
	16384 12704
	16384 12736
	10240 12736
4
	0 12736
	1856 12736
	1856 12768
	0 12768
4
	5536 12736
	6560 12736
	6560 12768
	5536 12768
4
	10240 12736
	16384 12736
	16384 12768
	10240 12768
4
	0 12768
	1856 12768
	1856 12800
	0 12800
4
	5536 12768
	6560 12768
	6560 12800
	5536 12800
4
	10240 12768
	16384 12768
	16384 12800
	10240 12800
4
	0 12800
	1856 12800
	1856 12832
	0 12832
4
	5536 12800
	6560 12800
	6560 12832
	5536 12832
4
	10240 12800
	16384 12800
	16384 12832
	10240 12832
4
	0 12832
	1856 12832
	1856 12864
	0 12864
4
	5536 12832
	6560 12832
	6560 12864
	5536 12864
4
	10240 12832
	16384 12832
	16384 12864
	10240 12864
4
	0 12864
	1856 12864
	1856 12896
	0 12896
4
	5536 12864
	6560 12864
	6560 12896
	5536 12896
4
	10240 12864
	16384 12864
	16384 12896
	10240 12896
4
	0 12896
	1856 12896
	1856 12928
	0 12928
4
	5536 12896
	6560 12896
	6560 12928
	5536 12928
4
	10240 12896
	16384 12896
	16384 12928
	10240 12928
4
	0 12928
	2048 12928
	2048 12960
	0 12960
4
	5536 12928
	6560 12928
	6560 12960
	5536 12960
4
	10048 12928
	16384 12928
	16384 12960
	10048 12960
4
	0 12960
	2048 12960
	2048 12992
	0 12992
4
	5536 12960
	6560 12960
	6560 12992
	5536 12992
4
	10048 12960
	16384 12960
	16384 12992
	10048 12992
4
	0 12992
	2048 12992
	2048 13024
	0 13024
4
	5536 12992
	6560 12992
	6560 13024
	5536 13024
4
	10048 12992
	16384 12992
	16384 13024
	10048 13024
4
	0 13024
	2048 13024
	2048 13056
	0 13056
4
	5536 13024
	6560 13024
	6560 13056
	5536 13056
4
	10048 13024
	16384 13024
	16384 13056
	10048 13056
4
	0 13056
	2048 13056
	2048 13088
	0 13088
4
	5536 13056
	6560 13056
	6560 13088
	5536 13088
4
	10048 13056
	16384 13056
	16384 13088
	10048 13088
4
	0 13088
	2048 13088
	2048 13120
	0 13120
4
	5536 13088
	6560 13088
	6560 13120
	5536 13120
4
	10048 13088
	16384 13088
	16384 13120
	10048 13120
4
	0 13120
	2048 13120
	2048 13152
	0 13152
4
	5536 13120
	6560 13120
	6560 13152
	5536 13152
4
	9856 13120
	16384 13120
	16384 13152
	9856 13152
4
	0 13152
	2048 13152
	2048 13184
	0 13184
4
	5536 13152
	6560 13152
	6560 13184
	5536 13184
4
	9856 13152
	16384 13152
	16384 13184
	9856 13184
4
	0 13184
	2048 13184
	2048 13216
	0 13216
4
	5536 13184
	6560 13184
	6560 13216
	5536 13216
4
	9856 13184
	16384 13184
	16384 13216
	9856 13216
4
	0 13216
	2048 13216
	2048 13248
	0 13248
4
	5536 13216
	6560 13216
	6560 13248
	5536 13248
4
	9856 13216
	16384 13216
	16384 13248
	9856 13248
4
	0 13248
	2048 13248
	2048 13280
	0 13280
4
	5536 13248
	6560 13248
	6560 13280
	5536 13280
4
	9856 13248
	16384 13248
	16384 13280
	9856 13280
4
	0 13280
	2048 13280
	2048 13312
	0 13312
4
	5536 13280
	6560 13280
	6560 13312
	5536 13312
4
	9856 13280
	16384 13280
	16384 13312
	9856 13312
4
	0 13312
	2048 13312
	2048 13344
	0 13344
4
	5952 13312
	6560 13312
	6560 13344
	5952 13344
4
	9632 13312
	16384 13312
	16384 13344
	9632 13344
4
	0 13344
	2048 13344
	2048 13376
	0 13376
4
	5952 13344
	6560 13344
	6560 13376
	5952 13376
4
	9632 13344
	16384 13344
	16384 13376
	9632 13376
4
	0 13376
	2048 13376
	2048 13408
	0 13408
4
	5952 13376
	6560 13376
	6560 13408
	5952 13408
4
	9632 13376
	16384 13376
	16384 13408
	9632 13408
4
	0 13408
	2048 13408
	2048 13440
	0 13440
4
	5952 13408
	6560 13408
	6560 13440
	5952 13440
4
	9632 13408
	16384 13408
	16384 13440
	9632 13440
4
	0 13440
	2048 13440
	2048 13472
	0 13472
4
	5952 13440
	6560 13440
	6560 13472
	5952 13472
4
	9632 13440
	16384 13440
	16384 13472
	9632 13472
4
	0 13472
	2048 13472
	2048 13504
	0 13504
4
	5952 13472
	6560 13472
	6560 13504
	5952 13504
4
	9632 13472
	16384 13472
	16384 13504
	9632 13504
4
	0 13504
	2048 13504
	2048 13536
	0 13536
4
	5952 13504
	6560 13504
	6560 13536
	5952 13536
4
	9632 13504
	16384 13504
	16384 13536
	9632 13536
4
	0 13536
	2048 13536
	2048 13568
	0 13568
4
	9440 13536
	16384 13536
	16384 13568
	9440 13568
4
	0 13568
	2048 13568
	2048 13600
	0 13600
4
	9440 13568
	16384 13568
	16384 13600
	9440 13600
4
	0 13600
	2048 13600
	2048 13632
	0 13632
4
	9440 13600
	16384 13600
	16384 13632
	9440 13632
4
	0 13632
	2048 13632
	2048 13664
	0 13664
4
	9440 13632
	16384 13632
	16384 13664
	9440 13664
4
	0 13664
	2048 13664
	2048 13696
	0 13696
4
	9440 13664
	16384 13664
	16384 13696
	9440 13696
4
	0 13696
	2048 13696
	2048 13728
	0 13728
4
	9440 13696
	16384 13696
	16384 13728
	9440 13728
4
	0 13728
	2048 13728
	2048 13760
	0 13760
4
	9216 13728
	16384 13728
	16384 13760
	9216 13760
4
	0 13760
	2048 13760
	2048 13792
	0 13792
4
	9216 13760
	16384 13760
	16384 13792
	9216 13792
4
	0 13792
	2048 13792
	2048 13824
	0 13824
4
	9216 13792
	16384 13792
	16384 13824
	9216 13824
4
	0 13824
	2048 13824
	2048 13856
	0 13856
4
	9216 13824
	16384 13824
	16384 13856
	9216 13856
4
	0 13856
	2048 13856
	2048 13888
	0 13888
4
	9216 13856
	16384 13856
	16384 13888
	9216 13888
4
	0 13888
	2048 13888
	2048 13920
	0 13920
4
	9216 13888
	16384 13888
	16384 13920
	9216 13920
4
	0 13920
	2048 13920
	2048 13952
	0 13952
4
	9216 13920
	16384 13920
	16384 13952
	9216 13952
4
	0 13952
	2272 13952
	2272 13984
	0 13984
4
	9024 13952
	16384 13952
	16384 13984
	9024 13984
4
	0 13984
	2272 13984
	2272 14016
	0 14016
4
	9024 13984
	16384 13984
	16384 14016
	9024 14016
4
	0 14016
	2272 14016
	2272 14048
	0 14048
4
	9024 14016
	16384 14016
	16384 14048
	9024 14048
4
	0 14048
	2272 14048
	2272 14080
	0 14080
4
	9024 14048
	16384 14048
	16384 14080
	9024 14080
4
	0 14080
	2272 14080
	2272 14112
	0 14112
4
	9024 14080
	16384 14080
	16384 14112
	9024 14112
4
	0 14112
	2272 14112
	2272 14144
	0 14144
4
	9024 14112
	16384 14112
	16384 14144
	9024 14144
4
	0 14144
	2464 14144
	2464 14176
	0 14176
4
	8832 14144
	16384 14144
	16384 14176
	8832 14176
4
	0 14176
	2464 14176
	2464 14208
	0 14208
4
	8832 14176
	16384 14176
	16384 14208
	8832 14208
4
	0 14208
	2464 14208
	2464 14240
	0 14240
4
	8832 14208
	16384 14208
	16384 14240
	8832 14240
4
	0 14240
	2464 14240
	2464 14272
	0 14272
4
	8832 14240
	16384 14240
	16384 14272
	8832 14272
4
	0 14272
	2464 14272
	2464 14304
	0 14304
4
	8832 14272
	16384 14272
	16384 14304
	8832 14304
4
	0 14304
	2464 14304
	2464 14336
	0 14336
4
	8832 14304
	16384 14304
	16384 14336
	8832 14336
4
	0 14336
	2688 14336
	2688 14368
	0 14368
4
	8608 14336
	16384 14336
	16384 14368
	8608 14368
4
	0 14368
	2688 14368
	2688 14400
	0 14400
4
	8608 14368
	16384 14368
	16384 14400
	8608 14400
4
	0 14400
	2688 14400
	2688 14432
	0 14432
4
	8608 14400
	16384 14400
	16384 14432
	8608 14432
4
	0 14432
	2688 14432
	2688 14464
	0 14464
4
	8608 14432
	16384 14432
	16384 14464
	8608 14464
4
	0 14464
	2688 14464
	2688 14496
	0 14496
4
	8608 14464
	16384 14464
	16384 14496
	8608 14496
4
	0 14496
	2688 14496
	2688 14528
	0 14528
4
	8608 14496
	16384 14496
	16384 14528
	8608 14528
4
	0 14528
	2688 14528
	2688 14560
	0 14560
4
	8608 14528
	16384 14528
	16384 14560
	8608 14560
4
	0 14560
	2880 14560
	2880 14592
	0 14592
4
	8416 14560
	16384 14560
	16384 14592
	8416 14592
4
	0 14592
	2880 14592
	2880 14624
	0 14624
4
	8416 14592
	16384 14592
	16384 14624
	8416 14624
4
	0 14624
	2880 14624
	2880 14656
	0 14656
4
	8416 14624
	16384 14624
	16384 14656
	8416 14656
4
	0 14656
	2880 14656
	2880 14688
	0 14688
4
	8416 14656
	16384 14656
	16384 14688
	8416 14688
4
	0 14688
	2880 14688
	2880 14720
	0 14720
4
	8416 14688
	16384 14688
	16384 14720
	8416 14720
4
	0 14720
	2880 14720
	2880 14752
	0 14752
4
	8416 14720
	16384 14720
	16384 14752
	8416 14752
4
	0 14752
	3072 14752
	3072 14784
	0 14784
4
	5344 14752
	5952 14752
	5952 14784
	5344 14784
4
	8192 14752
	16384 14752
	16384 14784
	8192 14784
4
	0 14784
	3072 14784
	3072 14816
	0 14816
4
	5344 14784
	5952 14784
	5952 14816
	5344 14816
4
	8192 14784
	16384 14784
	16384 14816
	8192 14816
4
	0 14816
	3072 14816
	3072 14848
	0 14848
4
	5344 14816
	5952 14816
	5952 14848
	5344 14848
4
	8192 14816
	16384 14816
	16384 14848
	8192 14848
4
	0 14848
	3072 14848
	3072 14880
	0 14880
4
	5344 14848
	5952 14848
	5952 14880
	5344 14880
4
	8192 14848
	16384 14848
	16384 14880
	8192 14880
4
	0 14880
	3072 14880
	3072 14912
	0 14912
4
	5344 14880
	5952 14880
	5952 14912
	5344 14912
4
	8192 14880
	16384 14880
	16384 14912
	8192 14912
4
	0 14912
	3072 14912
	3072 14944
	0 14944
4
	5344 14912
	5952 14912
	5952 14944
	5344 14944
4
	8192 14912
	16384 14912
	16384 14944
	8192 14944
4
	0 14944
	3072 14944
	3072 14976
	0 14976
4
	5344 14944
	5952 14944
	5952 14976
	5344 14976
4
	8192 14944
	16384 14944
	16384 14976
	8192 14976
4
	0 14976
	3296 14976
	3296 15008
	0 15008
4
	5344 14976
	5952 14976
	5952 15008
	5344 15008
4
	8000 14976
	16384 14976
	16384 15008
	8000 15008
4
	0 15008
	3296 15008
	3296 15040
	0 15040
4
	5344 15008
	5952 15008
	5952 15040
	5344 15040
4
	8000 15008
	16384 15008
	16384 15040
	8000 15040
4
	0 15040
	3296 15040
	3296 15072
	0 15072
4
	5344 15040
	5952 15040
	5952 15072
	5344 15072
4
	8000 15040
	16384 15040
	16384 15072
	8000 15072
4
	0 15072
	3296 15072
	3296 15104
	0 15104
4
	5344 15072
	5952 15072
	5952 15104
	5344 15104
4
	8000 15072
	16384 15072
	16384 15104
	8000 15104
4
	0 15104
	3296 15104
	3296 15136
	0 15136
4
	5344 15104
	5952 15104
	5952 15136
	5344 15136
4
	8000 15104
	16384 15104
	16384 15136
	8000 15136
4
	0 15136
	3296 15136
	3296 15168
	0 15168
4
	5344 15136
	5952 15136
	5952 15168
	5344 15168
4
	8000 15136
	16384 15136
	16384 15168
	8000 15168
4
	0 15168
	3488 15168
	3488 15200
	0 15200
4
	7808 15168
	16384 15168
	16384 15200
	7808 15200
4
	0 15200
	3488 15200
	3488 15232
	0 15232
4
	7808 15200
	16384 15200
	16384 15232
	7808 15232
4
	0 15232
	3488 15232
	3488 15264
	0 15264
4
	7808 15232
	16384 15232
	16384 15264
	7808 15264
4
	0 15264
	3488 15264
	3488 15296
	0 15296
4
	7808 15264
	16384 15264
	16384 15296
	7808 15296
4
	0 15296
	3488 15296
	3488 15328
	0 15328
4
	7808 15296
	16384 15296
	16384 15328
	7808 15328
4
	0 15328
	3488 15328
	3488 15360
	0 15360
4
	7808 15328
	16384 15328
	16384 15360
	7808 15360
4
	0 15360
	3712 15360
	3712 15392
	0 15392
4
	7584 15360
	16384 15360
	16384 15392
	7584 15392
4
	0 15392
	3712 15392
	3712 15424
	0 15424
4
	7584 15392
	16384 15392
	16384 15424
	7584 15424
4
	0 15424
	3712 15424
	3712 15456
	0 15456
4
	7584 15424
	16384 15424
	16384 15456
	7584 15456
4
	0 15456
	3712 15456
	3712 15488
	0 15488
4
	7584 15456
	16384 15456
	16384 15488
	7584 15488
4
	0 15488
	3712 15488
	3712 15520
	0 15520
4
	7584 15488
	16384 15488
	16384 15520
	7584 15520
4
	0 15520
	3712 15520
	3712 15552
	0 15552
4
	7584 15520
	16384 15520
	16384 15552
	7584 15552
4
	0 15552
	3712 15552
	3712 15584
	0 15584
4
	7584 15552
	16384 15552
	16384 15584
	7584 15584
4
	0 15584
	3904 15584
	3904 15616
	0 15616
4
	7392 15584
	16384 15584
	16384 15616
	7392 15616
4
	0 15616
	3904 15616
	3904 15648
	0 15648
4
	7392 15616
	16384 15616
	16384 15648
	7392 15648
4
	0 15648
	3904 15648
	3904 15680
	0 15680
4
	7392 15648
	16384 15648
	16384 15680
	7392 15680
4
	0 15680
	3904 15680
	3904 15712
	0 15712
4
	7392 15680
	16384 15680
	16384 15712
	7392 15712
4
	0 15712
	3904 15712
	3904 15744
	0 15744
4
	7392 15712
	16384 15712
	16384 15744
	7392 15744
4
	0 15744
	3904 15744
	3904 15776
	0 15776
4
	7392 15744
	16384 15744
	16384 15776
	7392 15776
4
	0 15776
	4096 15776
	4096 15808
	0 15808
4
	7168 15776
	16384 15776
	16384 15808
	7168 15808
4
	0 15808
	4096 15808
	4096 15840
	0 15840
4
	7168 15808
	16384 15808
	16384 15840
	7168 15840
4
	0 15840
	4096 15840
	4096 15872
	0 15872
4
	7168 15840
	16384 15840
	16384 15872
	7168 15872
4
	0 15872
	4096 15872
	4096 15904
	0 15904
4
	7168 15872
	16384 15872
	16384 15904
	7168 15904
4
	0 15904
	4096 15904
	4096 15936
	0 15936
4
	7168 15904
	16384 15904
	16384 15936
	7168 15936
4
	0 15936
	4096 15936
	4096 15968
	0 15968
4
	7168 15936
	16384 15936
	16384 15968
	7168 15968
4
	0 15968
	4096 15968
	4096 16000
	0 16000
4
	7168 15968
	16384 15968
	16384 16000
	7168 16000
4
	0 16000
	4320 16000
	4320 16032
	0 16032
4
	6976 16000
	16384 16000
	16384 16032
	6976 16032
4
	0 16032
	4320 16032
	4320 16064
	0 16064
4
	6976 16032
	16384 16032
	16384 16064
	6976 16064
4
	0 16064
	4320 16064
	4320 16096
	0 16096
4
	6976 16064
	16384 16064
	16384 16096
	6976 16096
4
	0 16096
	4320 16096
	4320 16128
	0 16128
4
	6976 16096
	16384 16096
	16384 16128
	6976 16128
4
	0 16128
	4320 16128
	4320 16160
	0 16160
4
	6976 16128
	16384 16128
	16384 16160
	6976 16160
4
	0 16160
	4320 16160
	4320 16192
	0 16192
4
	6976 16160
	16384 16160
	16384 16192
	6976 16192
4
	0 16192
	16384 16192
	16384 16224
	0 16224
4
	0 16224
	16384 16224
	16384 16256
	0 16256
4
	0 16256
	16384 16256
	16384 16288
	0 16288
4
	0 16288
	16384 16288
	16384 16320
	0 16320
4
	0 16320
	16384 16320
	16384 16352
	0 16352
4
	0 16352
	16384 16352
	16384 16384
	0 16384
4
	-32 -32
	16416 -32
	16416 0
	-32 0
4
	-32 16384
	16416 16384
	16416 16416
	-32 16416
4
	-32 0
	0 0
	0 16384
	-32 16384
4
	16384 0
	16416 0
	16416 16384
	16384 16384
