201
4
	0 0
	31 0
	31 31
	0 31
3
	-31 -31
	3200 -31
	-31 3168
3
	3200 -31
	3200 3168
	-31 -31
3
	3200 3168
	-31 3168
	3200 -31
3
	-31 3168
	-31 -31
	3200 3168
1
	32 97
3
	3136 97
	3136 160
	33 96
3
	3136 160
	33 161
	3136 97
1
	32 160
1
	32 225
3
	3136 225
	3136 288
	33 224
3
	3136 288
	33 289
	3136 225
1
	32 288
1
	32 353
3
	3136 353
	3136 416
	33 352
3
	3136 416
	33 417
	3136 353
1
	32 416
1
	32 481
3
	3136 481
	3136 544
	33 480
3
	3136 544
	33 545
	3136 481
1
	32 544
1
	32 609
3
	3136 609
	3136 672
	33 608
3
	3136 672
	33 673
	3136 609
1
	32 672
1
	32 737
3
	3136 737
	3136 800
	33 736
3
	3136 800
	33 801
	3136 737
1
	32 800
1
	32 865
3
	3136 865
	3136 928
	33 864
3
	3136 928
	33 929
	3136 865
1
	32 928
1
	32 993
3
	3136 993
	3136 1056
	33 992
3
	3136 1056
	33 1057
	3136 993
1
	32 1056
1
	32 1121
3
	3136 1121
	3136 1184
	33 1120
3
	3136 1184
	33 1185
	3136 1121
1
	32 1184
1
	32 1249
3
	3136 1249
	3136 1312
	33 1248
3
	3136 1312
	33 1313
	3136 1249
1
	32 1312
1
	32 1377
3
	3136 1377
	3136 1440
	33 1376
3
	3136 1440
	33 1441
	3136 1377
1
	32 1440
1
	32 1505
3
	3136 1505
	3136 1568
	33 1504
3
	3136 1568
	33 1569
	3136 1505
1
	32 1568
1
	32 1633
3
	3136 1633
	3136 1696
	33 1632
3
	3136 1696
	33 1697
	3136 1633
1
	32 1696
1
	32 1761
3
	3136 1761
	3136 1824
	33 1760
3
	3136 1824
	33 1825
	3136 1761
1
	32 1824
1
	32 1889
3
	3136 1889
	3136 1952
	33 1888
3
	3136 1952
	33 1953
	3136 1889
1
	32 1952
1
	32 2017
3
	3136 2017
	3136 2080
	33 2016
3
	3136 2080
	33 2081
	3136 2017
1
	32 2080
1
	32 2145
3
	3136 2145
	3136 2208
	33 2144
3
	3136 2208
	33 2209
	3136 2145
1
	32 2208
1
	32 2273
3
	3136 2273
	3136 2336
	33 2272
3
	3136 2336
	33 2337
	3136 2273
1
	32 2336
1
	32 2401
3
	3136 2401
	3136 2464
	33 2400
3
	3136 2464
	33 2465
	3136 2401
1
	32 2464
1
	32 2529
3
	3136 2529
	3136 2592
	33 2528
3
	3136 2592
	33 2593
	3136 2529
1
	32 2592
1
	32 2657
3
	3136 2657
	3136 2720
	33 2656
3
	3136 2720
	33 2721
	3136 2657
1
	32 2720
1
	32 2785
3
	3136 2785
	3136 2848
	33 2784
3
	3136 2848
	33 2849
	3136 2785
1
	32 2848
1
	32 2913
3
	3136 2913
	3136 2976
	33 2912
3
	3136 2976
	33 2977
	3136 2913
1
	32 2976
1
	32 3041
3
	3136 3041
	3136 3104
	33 3040
2
	3136 3104
	3136 3041
1
	32 3104
1
	32 3105
1
	3137 3105
1
	3137 3040
3
	33 3040
	33 2977
	3136 3041
3
	33 2977
	3136 2976
	33 3040
1
	3137 2977
1
	3137 2912
3
	33 2912
	33 2849
	3136 2913
3
	33 2849
	3136 2848
	33 2912
1
	3137 2849
1
	3137 2784
3
	33 2784
	33 2721
	3136 2785
3
	33 2721
	3136 2720
	33 2784
1
	3137 2721
1
	3137 2656
3
	33 2656
	33 2593
	3136 2657
3
	33 2593
	3136 2592
	33 2656
1
	3137 2593
1
	3137 2528
3
	33 2528
	33 2465
	3136 2529
3
	33 2465
	3136 2464
	33 2528
1
	3137 2465
1
	3137 2400
3
	33 2400
	33 2337
	3136 2401
3
	33 2337
	3136 2336
	33 2400
1
	3137 2337
1
	3137 2272
3
	33 2272
	33 2209
	3136 2273
3
	33 2209
	3136 2208
	33 2272
1
	3137 2209
1
	3137 2144
3
	33 2144
	33 2081
	3136 2145
3
	33 2081
	3136 2080
	33 2144
1
	3137 2081
1
	3137 2016
3
	33 2016
	33 1953
	3136 2017
3
	33 1953
	3136 1952
	33 2016
1
	3137 1953
1
	3137 1888
3
	33 1888
	33 1825
	3136 1889
3
	33 1825
	3136 1824
	33 1888
1
	3137 1825
1
	3137 1760
3
	33 1760
	33 1697
	3136 1761
3
	33 1697
	3136 1696
	33 1760
1
	3137 1697
1
	3137 1632
3
	33 1632
	33 1569
	3136 1633
3
	33 1569
	3136 1568
	33 1632
1
	3137 1569
1
	3137 1504
3
	33 1504
	33 1441
	3136 1505
3
	33 1441
	3136 1440
	33 1504
1
	3137 1441
1
	3137 1376
3
	33 1376
	33 1313
	3136 1377
3
	33 1313
	3136 1312
	33 1376
1
	3137 1313
1
	3137 1248
3
	33 1248
	33 1185
	3136 1249
3
	33 1185
	3136 1184
	33 1248
1
	3137 1185
1
	3137 1120
3
	33 1120
	33 1057
	3136 1121
3
	33 1057
	3136 1056
	33 1120
1
	3137 1057
1
	3137 992
3
	33 992
	33 929
	3136 993
3
	33 929
	3136 928
	33 992
1
	3137 929
1
	3137 864
3
	33 864
	33 801
	3136 865
3
	33 801
	3136 800
	33 864
1
	3137 801
1
	3137 736
3
	33 736
	33 673
	3136 737
3
	33 673
	3136 672
	33 736
1
	3137 673
1
	3137 608
3
	33 608
	33 545
	3136 609
3
	33 545
	3136 544
	33 608
1
	3137 545
1
	3137 480
3
	33 480
	33 417
	3136 481
3
	33 417
	3136 416
	33 480
1
	3137 417
1
	3137 352
3
	33 352
	33 289
	3136 353
3
	33 289
	3136 288
	33 352
1
	3137 289
1
	3137 224
3
	33 224
	33 161
	3136 225
3
	33 161
	3136 160
	33 224
1
	3137 161
1
	3137 96
3
	33 96
	33 33
	3136 97
2
	33 33
	33 96
1
	3137 33
1
	3137 32
1
	32 32
