395
4
	0 0
	31 0
	31 31
	0 31
3
	-31 -31
	3200 -31
	-31 3200
3
	3200 -31
	3200 3200
	-31 -31
3
	3200 3200
	-31 3200
	3200 -31
3
	-31 3200
	-31 -31
	3200 3200
10
	32 3137
	3137 3137
	3104 3104
	1601 3104
	1568 3104
	65 3104
	65 2625
	65 2592
	65 65
	32 32
14
	3137 3137
	3137 32
	3104 65
	3104 224
	3104 257
	3104 896
	3104 929
	3104 2816
	3104 2849
	3104 3104
	1601 3104
	1568 3104
	65 3104
	32 3137
14
	3137 32
	32 32
	65 65
	704 65
	737 65
	3104 65
	3104 224
	3104 257
	3104 896
	3104 929
	3104 2816
	3104 2849
	3104 3104
	3137 3137
10
	32 32
	32 3137
	65 3104
	65 2625
	65 2592
	65 65
	704 65
	737 65
	3104 65
	3137 32
10
	65 65
	704 65
	737 65
	3104 65
	3137 32
	32 32
	32 3137
	65 2592
	65 2625
	65 3104
8
	704 65
	704 128
	737 128
	737 65
	3104 65
	3137 32
	32 32
	65 65
8
	704 128
	128 128
	161 161
	1728 161
	737 128
	1761 128
	737 65
	704 65
12
	128 128
	128 2209
	161 2176
	161 1505
	161 1472
	161 897
	161 864
	161 161
	1728 161
	704 128
	737 128
	1761 128
10
	128 2209
	1377 2209
	1344 2176
	161 2176
	161 1505
	161 1472
	161 897
	161 864
	161 161
	128 128
8
	1377 2209
	1377 1729
	1377 1696
	1377 1152
	1344 1185
	1344 2176
	161 2176
	128 2209
8
	1377 1729
	1440 1729
	1440 1696
	1377 1696
	1377 1152
	1344 1185
	1344 2176
	1377 2209
8
	1440 1729
	1440 2209
	1473 2176
	1473 1185
	1440 1696
	1440 1152
	1377 1696
	1377 1729
10
	1440 2209
	1888 2209
	1921 2209
	3041 2209
	3008 2176
	1473 2176
	1473 1185
	1440 1729
	1440 1696
	1440 1152
8
	1888 2209
	1888 2272
	1921 2272
	1921 2209
	3041 2209
	3008 2176
	1473 2176
	1440 2209
8
	1888 2272
	1824 2272
	1857 2305
	3008 2305
	1921 2272
	3041 2272
	1921 2209
	1888 2209
8
	1824 2272
	1824 3041
	1857 3008
	1857 2305
	3008 2305
	1888 2272
	1921 2272
	3041 2272
8
	1824 3041
	3041 3041
	3008 3008
	2049 3008
	2016 3008
	1857 3008
	1857 2305
	1824 2272
12
	3041 3041
	3041 2849
	3041 2816
	3041 2272
	3008 2305
	3008 2880
	3008 2913
	3008 3008
	2049 3008
	2016 3008
	1857 3008
	1824 3041
10
	3041 2849
	3104 2849
	3104 2816
	3041 2816
	3041 2272
	3008 2305
	3008 2880
	3008 2913
	3008 3008
	3041 3041
12
	3104 2849
	3104 3104
	3137 3137
	3137 32
	3104 2816
	3104 929
	3104 896
	3104 257
	3104 224
	3104 65
	3041 2816
	3041 2849
14
	3104 3104
	1601 3104
	1568 3104
	65 3104
	32 3137
	3137 3137
	3137 32
	3104 2849
	3104 2816
	3104 929
	3104 896
	3104 257
	3104 224
	3104 65
8
	1601 3104
	1601 3041
	1568 3041
	1568 3104
	65 3104
	32 3137
	3137 3137
	3104 3104
8
	1601 3041
	1761 3041
	1728 3008
	161 3008
	1568 3041
	128 3041
	1568 3104
	1601 3104
8
	1761 3041
	1761 2272
	1728 2305
	1728 3008
	161 3008
	1601 3041
	1568 3041
	128 3041
8
	1761 2272
	128 2272
	161 2305
	512 2305
	545 2305
	1728 2305
	1728 3008
	1761 3041
10
	128 2272
	128 2592
	128 2625
	128 3041
	161 3008
	161 2305
	512 2305
	545 2305
	1728 2305
	1761 2272
8
	128 2592
	65 2592
	65 2625
	128 2625
	128 3041
	161 3008
	161 2305
	128 2272
8
	65 2592
	65 65
	32 32
	32 3137
	65 2625
	65 3104
	128 2625
	128 2592
8
	65 2625
	128 2625
	128 2592
	65 2592
	65 65
	32 32
	32 3137
	65 3104
8
	128 2625
	128 3041
	161 3008
	161 2305
	128 2592
	128 2272
	65 2592
	65 2625
10
	128 3041
	1568 3041
	1601 3041
	1761 3041
	1728 3008
	161 3008
	161 2305
	128 2625
	128 2592
	128 2272
8
	1568 3041
	1568 3104
	1601 3104
	1601 3041
	1761 3041
	1728 3008
	161 3008
	128 3041
8
	1568 3104
	65 3104
	32 3137
	3137 3137
	1601 3104
	3104 3104
	1601 3041
	1568 3041
10
	65 3104
	65 2625
	65 2592
	65 65
	32 32
	32 3137
	3137 3137
	1568 3104
	1601 3104
	3104 3104
12
	161 161
	1728 161
	1761 128
	737 128
	704 128
	128 128
	128 2209
	161 864
	161 897
	161 1472
	161 1505
	161 2176
12
	1728 161
	1728 384
	1728 417
	1728 1056
	1761 1089
	1761 929
	1761 896
	1761 128
	737 128
	704 128
	128 128
	161 161
10
	1728 384
	1665 384
	1665 417
	1728 417
	1728 1056
	1761 1089
	1761 929
	1761 896
	1761 128
	1728 161
10
	1665 384
	1665 224
	1632 257
	1632 640
	1632 673
	1632 960
	1665 417
	1665 993
	1728 417
	1728 384
12
	1665 224
	224 224
	257 257
	1344 257
	1377 257
	1632 257
	1632 640
	1632 673
	1632 960
	1665 384
	1665 417
	1665 993
10
	224 224
	224 864
	224 897
	224 1089
	257 1056
	257 257
	1344 257
	1377 257
	1632 257
	1665 224
8
	224 864
	161 864
	161 897
	224 897
	224 1089
	257 1056
	257 257
	224 224
10
	161 864
	161 161
	128 128
	128 2209
	161 897
	161 1472
	161 1505
	161 2176
	224 897
	224 864
10
	161 897
	224 897
	224 864
	161 864
	161 161
	128 128
	128 2209
	161 1472
	161 1505
	161 2176
8
	224 897
	224 1089
	257 1056
	257 257
	224 864
	224 224
	161 864
	161 897
8
	224 1089
	1761 1089
	1728 1056
	257 1056
	257 257
	224 897
	224 864
	224 224
10
	1761 1089
	1761 929
	1761 896
	1761 128
	1728 161
	1728 384
	1728 417
	1728 1056
	257 1056
	224 1089
10
	1761 929
	1824 929
	1824 896
	1761 896
	1761 128
	1728 161
	1728 384
	1728 417
	1728 1056
	1761 1089
10
	1824 929
	1824 1152
	1857 1152
	1857 193
	1857 160
	1857 128
	1824 896
	1824 128
	1761 896
	1761 929
12
	1824 1152
	1440 1152
	1473 1185
	3008 1185
	1857 1152
	3041 1152
	1857 193
	1857 160
	1857 128
	1824 929
	1824 896
	1824 128
10
	1440 1152
	1440 1696
	1440 1729
	1440 2209
	1473 2176
	1473 1185
	3008 1185
	1824 1152
	1857 1152
	3041 1152
8
	1440 1696
	1377 1696
	1377 1729
	1440 1729
	1440 2209
	1473 2176
	1473 1185
	1440 1152
8
	1377 1696
	1377 1152
	1344 1185
	1344 2176
	1377 1729
	1377 2209
	1440 1729
	1440 1696
10
	1377 1152
	224 1152
	224 1185
	1088 1185
	1121 1185
	1344 1185
	1344 2176
	1377 1696
	1377 1729
	1377 2209
6
	224 1152
	224 1185
	1088 1185
	1121 1185
	1344 1185
	1377 1152
6
	224 1185
	1088 1185
	1121 1185
	1344 1185
	1377 1152
	224 1152
8
	1088 1185
	1088 1248
	1121 1248
	1121 1185
	1344 1185
	1377 1152
	224 1152
	224 1185
8
	1088 1248
	224 1248
	257 1281
	1248 1281
	1121 1248
	1281 1248
	1121 1185
	1088 1185
12
	224 1248
	224 1472
	224 1505
	224 2113
	257 2080
	257 1697
	257 1664
	257 1281
	1248 1281
	1088 1248
	1121 1248
	1281 1248
10
	224 1472
	161 1472
	161 1505
	224 1505
	224 2113
	257 2080
	257 1697
	257 1664
	257 1281
	224 1248
10
	161 1472
	161 897
	161 864
	161 161
	128 128
	128 2209
	161 1505
	161 2176
	224 1505
	224 1472
10
	161 1505
	224 1505
	224 1472
	161 1472
	161 897
	161 864
	161 161
	128 128
	128 2209
	161 2176
10
	224 1505
	224 2113
	257 2080
	257 1697
	257 1664
	257 1281
	224 1472
	224 1248
	161 1472
	161 1505
12
	224 2113
	1281 2113
	1248 2080
	577 2080
	544 2080
	257 2080
	257 1697
	257 1664
	257 1281
	224 1505
	224 1472
	224 1248
10
	1281 2113
	1281 1248
	1248 1281
	1248 1664
	1248 1697
	1248 2080
	577 2080
	544 2080
	257 2080
	224 2113
10
	1281 1248
	1121 1248
	1088 1248
	224 1248
	257 1281
	1248 1281
	1248 1664
	1248 1697
	1248 2080
	1281 2113
8
	1121 1248
	1121 1185
	1088 1185
	1088 1248
	224 1248
	257 1281
	1248 1281
	1281 1248
8
	1121 1185
	1344 1185
	1377 1152
	224 1152
	1088 1185
	224 1185
	1088 1248
	1121 1248
10
	1344 1185
	1344 2176
	1377 2209
	1377 1729
	1377 1696
	1377 1152
	224 1152
	1121 1185
	1088 1185
	224 1185
8
	1344 2176
	161 2176
	128 2209
	1377 2209
	1377 1729
	1377 1696
	1377 1152
	1344 1185
10
	161 2176
	161 1505
	161 1472
	161 897
	161 864
	161 161
	128 128
	128 2209
	1377 2209
	1344 2176
10
	161 2305
	512 2305
	545 2305
	1728 2305
	1761 2272
	128 2272
	128 2592
	128 2625
	128 3041
	161 3008
8
	512 2305
	512 2368
	545 2368
	545 2305
	1728 2305
	1761 2272
	128 2272
	161 2305
8
	512 2368
	224 2368
	257 2401
	1632 2401
	545 2368
	1665 2368
	545 2305
	512 2305
10
	224 2368
	224 2945
	257 2912
	257 2689
	257 2656
	257 2401
	1632 2401
	512 2368
	545 2368
	1665 2368
8
	224 2945
	1665 2945
	1632 2912
	257 2912
	257 2689
	257 2656
	257 2401
	224 2368
6
	1665 2945
	1665 2368
	1632 2401
	1632 2912
	257 2912
	224 2945
8
	1665 2368
	545 2368
	512 2368
	224 2368
	257 2401
	1632 2401
	1632 2912
	1665 2945
8
	545 2368
	545 2305
	512 2305
	512 2368
	224 2368
	257 2401
	1632 2401
	1665 2368
8
	545 2305
	1728 2305
	1761 2272
	128 2272
	512 2305
	161 2305
	512 2368
	545 2368
8
	1728 2305
	1728 3008
	1761 3041
	1761 2272
	128 2272
	545 2305
	512 2305
	161 2305
8
	1728 3008
	161 3008
	128 3041
	1568 3041
	1601 3041
	1761 3041
	1761 2272
	1728 2305
10
	161 3008
	161 2305
	128 2272
	128 2592
	128 2625
	128 3041
	1568 3041
	1601 3041
	1761 3041
	1728 3008
10
	257 257
	1344 257
	1377 257
	1632 257
	1665 224
	224 224
	224 864
	224 897
	224 1089
	257 1056
8
	1344 257
	1344 320
	1377 320
	1377 257
	1632 257
	1665 224
	224 224
	257 257
10
	1344 320
	320 320
	353 353
	416 353
	449 353
	1536 353
	1377 320
	1569 320
	1377 257
	1344 257
10
	320 320
	320 993
	353 960
	353 353
	416 353
	449 353
	1536 353
	1344 320
	1377 320
	1569 320
6
	320 993
	1665 993
	1632 960
	353 960
	353 353
	320 320
10
	1665 993
	1665 417
	1665 384
	1665 224
	1632 257
	1632 640
	1632 673
	1632 960
	353 960
	320 993
10
	1665 417
	1728 417
	1728 384
	1665 384
	1665 224
	1632 257
	1632 640
	1632 673
	1632 960
	1665 993
10
	1728 417
	1728 1056
	1761 1089
	1761 929
	1761 896
	1761 128
	1728 384
	1728 161
	1665 384
	1665 417
10
	1728 1056
	257 1056
	224 1089
	1761 1089
	1761 929
	1761 896
	1761 128
	1728 417
	1728 384
	1728 161
8
	257 1056
	257 257
	224 224
	224 864
	224 897
	224 1089
	1761 1089
	1728 1056
12
	257 1281
	1248 1281
	1281 1248
	1121 1248
	1088 1248
	224 1248
	224 1472
	224 1505
	224 2113
	257 1664
	257 1697
	257 2080
10
	1248 1281
	1248 1664
	1248 1697
	1248 2080
	1281 2113
	1281 1248
	1121 1248
	1088 1248
	224 1248
	257 1281
10
	1248 1664
	769 1664
	736 1664
	257 1664
	257 1697
	1248 1697
	1248 2080
	1281 2113
	1281 1248
	1248 1281
8
	769 1664
	769 1601
	736 1601
	736 1664
	257 1664
	257 1697
	1248 1697
	1248 1664
8
	769 1601
	1185 1601
	1152 1568
	353 1568
	736 1601
	320 1601
	736 1664
	769 1664
10
	1185 1601
	1185 1344
	1152 1377
	1152 1440
	1152 1473
	1152 1568
	353 1568
	769 1601
	736 1601
	320 1601
8
	1185 1344
	320 1344
	353 1377
	1152 1377
	1152 1440
	1152 1473
	1152 1568
	1185 1601
6
	320 1344
	320 1601
	353 1568
	353 1377
	1152 1377
	1185 1344
8
	320 1601
	736 1601
	769 1601
	1185 1601
	1152 1568
	353 1568
	353 1377
	320 1344
8
	736 1601
	736 1664
	769 1664
	769 1601
	1185 1601
	1152 1568
	353 1568
	320 1601
8
	736 1664
	257 1664
	257 1697
	1248 1697
	769 1664
	1248 1664
	769 1601
	736 1601
12
	257 1664
	257 1281
	224 1248
	224 1472
	224 1505
	224 2113
	257 1697
	257 2080
	1248 1697
	736 1664
	769 1664
	1248 1664
12
	257 1697
	1248 1697
	1248 1664
	769 1664
	736 1664
	257 1664
	257 1281
	224 1248
	224 1472
	224 1505
	224 2113
	257 2080
10
	1248 1697
	1248 2080
	1281 2113
	1281 1248
	1248 1664
	1248 1281
	769 1664
	736 1664
	257 1664
	257 1697
10
	1248 2080
	577 2080
	544 2080
	257 2080
	224 2113
	1281 2113
	1281 1248
	1248 1697
	1248 1664
	1248 1281
8
	577 2080
	577 2017
	544 2017
	544 2080
	257 2080
	224 2113
	1281 2113
	1248 2080
8
	577 2017
	1185 2017
	1152 1984
	353 1984
	544 2017
	320 2017
	544 2080
	577 2080
8
	1185 2017
	1185 1760
	1152 1793
	1152 1984
	353 1984
	577 2017
	544 2017
	320 2017
8
	1185 1760
	320 1760
	353 1793
	544 1793
	577 1793
	1152 1793
	1152 1984
	1185 2017
8
	320 1760
	320 2017
	353 1984
	353 1793
	544 1793
	577 1793
	1152 1793
	1185 1760
8
	320 2017
	544 2017
	577 2017
	1185 2017
	1152 1984
	353 1984
	353 1793
	320 1760
8
	544 2017
	544 2080
	577 2080
	577 2017
	1185 2017
	1152 1984
	353 1984
	320 2017
8
	544 2080
	257 2080
	224 2113
	1281 2113
	577 2080
	1248 2080
	577 2017
	544 2017
12
	257 2080
	257 1697
	257 1664
	257 1281
	224 1248
	224 1472
	224 1505
	224 2113
	1281 2113
	544 2080
	577 2080
	1248 2080
10
	257 2401
	1632 2401
	1665 2368
	545 2368
	512 2368
	224 2368
	224 2945
	257 2656
	257 2689
	257 2912
8
	1632 2401
	1632 2912
	1665 2945
	1665 2368
	545 2368
	512 2368
	224 2368
	257 2401
6
	1632 2912
	257 2912
	224 2945
	1665 2945
	1665 2368
	1632 2401
8
	257 2912
	257 2689
	257 2656
	257 2401
	224 2368
	224 2945
	1665 2945
	1632 2912
8
	257 2689
	320 2689
	320 2656
	257 2656
	257 2401
	224 2368
	224 2945
	257 2912
8
	320 2689
	320 2849
	353 2816
	353 2497
	320 2656
	320 2464
	257 2656
	257 2689
10
	320 2849
	1569 2849
	1536 2816
	1121 2816
	1088 2816
	353 2816
	353 2497
	320 2689
	320 2656
	320 2464
8
	1569 2849
	1569 2464
	1536 2497
	1536 2816
	1121 2816
	1088 2816
	353 2816
	320 2849
6
	1569 2464
	320 2464
	353 2497
	1536 2497
	1536 2816
	1569 2849
8
	320 2464
	320 2656
	320 2689
	320 2849
	353 2816
	353 2497
	1536 2497
	1569 2464
8
	320 2656
	257 2656
	257 2689
	320 2689
	320 2849
	353 2816
	353 2497
	320 2464
8
	257 2656
	257 2401
	224 2368
	224 2945
	257 2689
	257 2912
	320 2689
	320 2656
10
	353 353
	416 353
	449 353
	1536 353
	1569 320
	1377 320
	1344 320
	320 320
	320 993
	353 960
10
	416 353
	416 897
	449 864
	449 353
	1536 353
	1569 320
	1377 320
	1344 320
	320 320
	353 353
8
	416 897
	1569 897
	1536 864
	1217 864
	1184 864
	449 864
	449 353
	416 353
10
	1569 897
	1569 673
	1569 640
	1569 320
	1536 353
	1536 864
	1217 864
	1184 864
	449 864
	416 897
8
	1569 673
	1632 673
	1632 640
	1569 640
	1569 320
	1536 353
	1536 864
	1569 897
10
	1632 673
	1632 960
	1665 993
	1665 417
	1665 384
	1665 224
	1632 640
	1632 257
	1569 640
	1569 673
10
	1632 960
	353 960
	320 993
	1665 993
	1665 417
	1665 384
	1665 224
	1632 673
	1632 640
	1632 257
6
	353 960
	353 353
	320 320
	320 993
	1665 993
	1632 960
6
	353 1377
	1152 1377
	1185 1344
	320 1344
	320 1601
	353 1568
8
	1152 1377
	1152 1440
	1152 1473
	1152 1568
	1185 1601
	1185 1344
	320 1344
	353 1377
9
	1152 1440
	416 1440
	416 1505
	1089 1473
	1152 1473
	1152 1568
	1185 1601
	1185 1344
	1152 1377
6
	416 1440
	416 1505
	1089 1505
	1089 1473
	1152 1473
	1152 1440
5
	416 1505
	1089 1505
	1089 1473
	1152 1440
	416 1440
4
	1089 1505
	1089 1473
	416 1440
	416 1505
6
	1089 1473
	1152 1473
	1152 1440
	416 1440
	416 1505
	1089 1505
8
	1152 1473
	1152 1568
	1185 1601
	1185 1344
	1152 1440
	1152 1377
	416 1440
	1089 1473
10
	1152 1568
	353 1568
	320 1601
	736 1601
	769 1601
	1185 1601
	1185 1344
	1152 1473
	1152 1440
	1152 1377
8
	353 1568
	353 1377
	320 1344
	320 1601
	736 1601
	769 1601
	1185 1601
	1152 1568
8
	353 1793
	544 1793
	577 1793
	1152 1793
	1185 1760
	320 1760
	320 2017
	353 1984
8
	544 1793
	544 1856
	577 1856
	577 1793
	1152 1793
	1185 1760
	320 1760
	353 1793
8
	544 1856
	416 1856
	416 1921
	1089 1921
	577 1856
	1089 1856
	577 1793
	544 1793
6
	416 1856
	416 1921
	1089 1921
	544 1856
	577 1856
	1089 1856
6
	416 1921
	1089 1921
	1089 1856
	577 1856
	544 1856
	416 1856
6
	1089 1921
	1089 1856
	577 1856
	544 1856
	416 1856
	416 1921
6
	1089 1856
	577 1856
	544 1856
	416 1856
	416 1921
	1089 1921
8
	577 1856
	577 1793
	544 1793
	544 1856
	416 1856
	416 1921
	1089 1921
	1089 1856
8
	577 1793
	1152 1793
	1185 1760
	320 1760
	544 1793
	353 1793
	544 1856
	577 1856
8
	1152 1793
	1152 1984
	1185 2017
	1185 1760
	320 1760
	577 1793
	544 1793
	353 1793
8
	1152 1984
	353 1984
	320 2017
	544 2017
	577 2017
	1185 2017
	1185 1760
	1152 1793
8
	353 1984
	353 1793
	320 1760
	320 2017
	544 2017
	577 2017
	1185 2017
	1152 1984
8
	353 2497
	1536 2497
	1569 2464
	320 2464
	320 2656
	320 2689
	320 2849
	353 2816
6
	1536 2497
	1536 2816
	1569 2849
	1569 2464
	320 2464
	353 2497
8
	1536 2816
	1121 2816
	1088 2816
	353 2816
	320 2849
	1569 2849
	1569 2464
	1536 2497
8
	1121 2816
	1121 2753
	1088 2753
	1088 2816
	353 2816
	320 2849
	1569 2849
	1536 2816
8
	1121 2753
	1473 2753
	1473 2560
	416 2560
	1088 2753
	416 2753
	1088 2816
	1121 2816
6
	1473 2753
	1473 2560
	416 2560
	1121 2753
	1088 2753
	416 2753
6
	1473 2560
	416 2560
	416 2753
	1088 2753
	1121 2753
	1473 2753
6
	416 2560
	416 2753
	1088 2753
	1121 2753
	1473 2753
	1473 2560
6
	416 2753
	1088 2753
	1121 2753
	1473 2753
	1473 2560
	416 2560
8
	1088 2753
	1088 2816
	1121 2816
	1121 2753
	1473 2753
	1473 2560
	416 2560
	416 2753
8
	1088 2816
	353 2816
	320 2849
	1569 2849
	1121 2816
	1536 2816
	1121 2753
	1088 2753
10
	353 2816
	353 2497
	320 2464
	320 2656
	320 2689
	320 2849
	1569 2849
	1088 2816
	1121 2816
	1536 2816
10
	449 353
	1536 353
	1569 320
	1377 320
	1344 320
	320 320
	416 353
	353 353
	416 897
	449 864
12
	1536 353
	1536 864
	1569 897
	1569 673
	1569 640
	1569 320
	1377 320
	1344 320
	320 320
	449 353
	416 353
	353 353
10
	1536 864
	1217 864
	1184 864
	449 864
	416 897
	1569 897
	1569 673
	1569 640
	1569 320
	1536 353
8
	1217 864
	1217 801
	1184 801
	1184 864
	449 864
	416 897
	1569 897
	1536 864
10
	1217 801
	1473 801
	1440 768
	673 768
	640 768
	545 768
	1184 801
	512 801
	1184 864
	1217 864
10
	1473 801
	1473 416
	1440 449
	1440 768
	673 768
	640 768
	545 768
	1217 801
	1184 801
	512 801
8
	1473 416
	512 416
	545 449
	1216 449
	1249 449
	1440 449
	1440 768
	1473 801
8
	512 416
	512 801
	545 768
	545 449
	1216 449
	1249 449
	1440 449
	1473 416
10
	512 801
	1184 801
	1217 801
	1473 801
	1440 768
	673 768
	640 768
	545 768
	545 449
	512 416
10
	1184 801
	1184 864
	1217 864
	1217 801
	1473 801
	1440 768
	673 768
	640 768
	545 768
	512 801
8
	1184 864
	449 864
	416 897
	1569 897
	1217 864
	1536 864
	1217 801
	1184 801
8
	449 864
	449 353
	416 353
	416 897
	1569 897
	1184 864
	1217 864
	1536 864
8
	545 449
	1216 449
	1249 449
	1440 449
	1473 416
	512 416
	512 801
	545 768
8
	1216 449
	1216 512
	1249 512
	1249 449
	1440 449
	1473 416
	512 416
	545 449
10
	1216 512
	608 512
	608 705
	640 705
	673 705
	1377 705
	1249 512
	1377 512
	1249 449
	1216 449
9
	608 512
	608 705
	640 705
	673 768
	673 705
	1377 705
	1216 512
	1249 512
	1377 512
8
	608 705
	640 705
	673 705
	1377 705
	1377 512
	1249 512
	1216 512
	608 512
10
	640 705
	640 768
	673 768
	673 705
	1377 705
	1377 512
	1249 512
	1216 512
	608 512
	608 705
10
	640 768
	545 768
	512 801
	1184 801
	1217 801
	1473 801
	673 768
	1440 768
	673 705
	640 705
10
	545 768
	545 449
	512 416
	512 801
	1184 801
	1217 801
	1473 801
	640 768
	673 768
	1440 768
10
	673 705
	1377 705
	1377 512
	1249 512
	1216 512
	608 512
	640 705
	608 705
	640 768
	673 768
8
	1377 705
	1377 512
	1249 512
	1216 512
	608 512
	673 705
	640 705
	608 705
8
	1377 512
	1249 512
	1216 512
	608 512
	608 705
	640 705
	673 705
	1377 705
10
	1249 512
	1249 449
	1216 449
	1216 512
	608 512
	608 705
	640 705
	673 705
	1377 705
	1377 512
8
	1249 449
	1440 449
	1473 416
	512 416
	1216 449
	545 449
	1216 512
	1249 512
8
	1440 449
	1440 768
	1473 801
	1473 416
	512 416
	1249 449
	1216 449
	545 449
10
	1440 768
	673 768
	640 768
	545 768
	512 801
	1184 801
	1217 801
	1473 801
	1473 416
	1440 449
11
	673 768
	673 705
	608 512
	640 705
	640 768
	545 768
	512 801
	1184 801
	1217 801
	1473 801
	1440 768
8
	737 65
	3104 65
	3137 32
	32 32
	704 65
	65 65
	704 128
	737 128
14
	3104 65
	3104 224
	3104 257
	3104 896
	3104 929
	3104 2816
	3104 2849
	3104 3104
	3137 3137
	3137 32
	32 32
	737 65
	704 65
	65 65
12
	3104 224
	3041 224
	3041 257
	3104 257
	3104 896
	3104 929
	3104 2816
	3104 2849
	3104 3104
	3137 3137
	3137 32
	3104 65
10
	3041 224
	3041 128
	3008 128
	3008 1056
	3041 257
	3041 896
	3041 929
	3041 1089
	3104 257
	3104 224
8
	3041 128
	3008 128
	3008 1056
	3041 224
	3041 257
	3041 896
	3041 929
	3041 1089
8
	3008 128
	3008 1056
	3041 1089
	3041 929
	3041 896
	3041 257
	3041 224
	3041 128
12
	3008 1056
	2465 1056
	2432 1056
	1953 1056
	1920 1089
	3041 1089
	3041 929
	3041 896
	3041 257
	3041 224
	3041 128
	3008 128
8
	2465 1056
	2465 993
	2432 993
	2432 1056
	1953 1056
	1920 1089
	3041 1089
	3008 1056
8
	2465 993
	2945 993
	2912 960
	2049 960
	2432 993
	2016 993
	2432 1056
	2465 1056
8
	2945 993
	2945 128
	2912 161
	2912 960
	2049 960
	2465 993
	2432 993
	2016 993
6
	2945 128
	2016 128
	2049 161
	2912 161
	2912 960
	2945 993
8
	2016 128
	2016 993
	2049 960
	2049 641
	2049 608
	2049 161
	2912 161
	2945 128
10
	2016 993
	2432 993
	2465 993
	2945 993
	2912 960
	2049 960
	2049 641
	2049 608
	2049 161
	2016 128
8
	2432 993
	2432 1056
	2465 1056
	2465 993
	2945 993
	2912 960
	2049 960
	2016 993
8
	2432 1056
	1953 1056
	1920 1089
	3041 1089
	2465 1056
	3008 1056
	2465 993
	2432 993
10
	1953 1056
	1953 128
	1920 128
	1920 160
	1920 193
	1920 1089
	3041 1089
	2432 1056
	2465 1056
	3008 1056
6
	1953 128
	1920 128
	1920 160
	1920 193
	1920 1089
	1953 1056
6
	1920 128
	1920 160
	1920 193
	1920 1089
	1953 1056
	1953 128
8
	1920 160
	1857 160
	1857 193
	1920 193
	1920 1089
	1953 1056
	1953 128
	1920 128
10
	1857 160
	1857 128
	1824 128
	1824 896
	1824 929
	1824 1152
	1857 193
	1857 1152
	1920 193
	1920 160
8
	1857 128
	1824 128
	1824 896
	1824 929
	1824 1152
	1857 160
	1857 193
	1857 1152
8
	1824 128
	1824 896
	1824 929
	1824 1152
	1857 1152
	1857 193
	1857 160
	1857 128
10
	1824 896
	1761 896
	1761 929
	1824 929
	1824 1152
	1857 1152
	1857 193
	1857 160
	1857 128
	1824 128
10
	1761 896
	1761 128
	1728 161
	1728 384
	1728 417
	1728 1056
	1761 929
	1761 1089
	1824 929
	1824 896
12
	1761 128
	737 128
	704 128
	128 128
	161 161
	1728 161
	1728 384
	1728 417
	1728 1056
	1761 896
	1761 929
	1761 1089
8
	737 128
	737 65
	704 65
	704 128
	128 128
	161 161
	1728 161
	1761 128
8
	1377 257
	1632 257
	1665 224
	224 224
	1344 257
	257 257
	1344 320
	1377 320
12
	1632 257
	1632 640
	1632 673
	1632 960
	1665 993
	1665 417
	1665 384
	1665 224
	224 224
	1377 257
	1344 257
	257 257
10
	1632 640
	1569 640
	1569 673
	1632 673
	1632 960
	1665 993
	1665 417
	1665 384
	1665 224
	1632 257
8
	1569 640
	1569 320
	1536 353
	1536 864
	1569 673
	1569 897
	1632 673
	1632 640
12
	1569 320
	1377 320
	1344 320
	320 320
	353 353
	416 353
	449 353
	1536 353
	1536 864
	1569 640
	1569 673
	1569 897
10
	1377 320
	1377 257
	1344 257
	1344 320
	320 320
	353 353
	416 353
	449 353
	1536 353
	1569 320
10
	1473 1185
	3008 1185
	3041 1152
	1857 1152
	1824 1152
	1440 1152
	1440 1696
	1440 1729
	1440 2209
	1473 2176
10
	3008 1185
	3008 1696
	3008 1729
	3008 2176
	3041 2209
	3041 1152
	1857 1152
	1824 1152
	1440 1152
	1473 1185
8
	3008 1696
	2945 1696
	2945 1729
	3008 1729
	3008 2176
	3041 2209
	3041 1152
	3008 1185
8
	2945 1696
	2945 1248
	2912 1281
	2912 2080
	2945 1729
	2945 2113
	3008 1729
	3008 1696
10
	2945 1248
	1536 1248
	1569 1281
	2176 1281
	2209 1281
	2912 1281
	2912 2080
	2945 1696
	2945 1729
	2945 2113
8
	1536 1248
	1536 2113
	1569 2080
	1569 1281
	2176 1281
	2209 1281
	2912 1281
	2945 1248
6
	1536 2113
	2945 2113
	2912 2080
	1569 2080
	1569 1281
	1536 1248
8
	2945 2113
	2945 1729
	2945 1696
	2945 1248
	2912 1281
	2912 2080
	1569 2080
	1536 2113
8
	2945 1729
	3008 1729
	3008 1696
	2945 1696
	2945 1248
	2912 1281
	2912 2080
	2945 2113
8
	3008 1729
	3008 2176
	3041 2209
	3041 1152
	3008 1696
	3008 1185
	2945 1696
	2945 1729
10
	3008 2176
	1473 2176
	1440 2209
	1888 2209
	1921 2209
	3041 2209
	3041 1152
	3008 1729
	3008 1696
	3008 1185
10
	1473 2176
	1473 1185
	1440 1152
	1440 1696
	1440 1729
	1440 2209
	1888 2209
	1921 2209
	3041 2209
	3008 2176
8
	1569 1281
	2176 1281
	2209 1281
	2912 1281
	2945 1248
	1536 1248
	1536 2113
	1569 2080
8
	2176 1281
	2176 1344
	2209 1344
	2209 1281
	2912 1281
	2945 1248
	1536 1248
	1569 1281
10
	2176 1344
	1632 1344
	1665 1377
	1920 1377
	1953 1377
	2816 1377
	2209 1344
	2849 1344
	2209 1281
	2176 1281
10
	1632 1344
	1632 2017
	1665 1984
	1665 1377
	1920 1377
	1953 1377
	2816 1377
	2176 1344
	2209 1344
	2849 1344
8
	1632 2017
	2849 2017
	2816 1984
	1921 1984
	1888 1984
	1665 1984
	1665 1377
	1632 1344
8
	2849 2017
	2849 1344
	2816 1377
	2816 1984
	1921 1984
	1888 1984
	1665 1984
	1632 2017
10
	2849 1344
	2209 1344
	2176 1344
	1632 1344
	1665 1377
	1920 1377
	1953 1377
	2816 1377
	2816 1984
	2849 2017
10
	2209 1344
	2209 1281
	2176 1281
	2176 1344
	1632 1344
	1665 1377
	1920 1377
	1953 1377
	2816 1377
	2849 1344
8
	2209 1281
	2912 1281
	2945 1248
	1536 1248
	2176 1281
	1569 1281
	2176 1344
	2209 1344
10
	2912 1281
	2912 2080
	2945 2113
	2945 1729
	2945 1696
	2945 1248
	1536 1248
	2209 1281
	2176 1281
	1569 1281
8
	2912 2080
	1569 2080
	1536 2113
	2945 2113
	2945 1729
	2945 1696
	2945 1248
	2912 1281
6
	1569 2080
	1569 1281
	1536 1248
	1536 2113
	2945 2113
	2912 2080
10
	1665 1377
	1920 1377
	1953 1377
	2816 1377
	2849 1344
	2209 1344
	2176 1344
	1632 1344
	1632 2017
	1665 1984
10
	1920 1377
	1920 1440
	1953 1440
	1953 1377
	2816 1377
	2849 1344
	2209 1344
	2176 1344
	1632 1344
	1665 1377
8
	1920 1440
	1728 1440
	1761 1473
	2720 1473
	1953 1440
	2753 1440
	1953 1377
	1920 1377
8
	1728 1440
	1728 1921
	1761 1888
	1761 1473
	2720 1473
	1920 1440
	1953 1440
	2753 1440
8
	1728 1921
	1888 1921
	1921 1921
	2753 1921
	2720 1888
	1761 1888
	1761 1473
	1728 1440
8
	1888 1921
	1888 1984
	1921 1984
	1921 1921
	2753 1921
	2720 1888
	1761 1888
	1728 1921
8
	1888 1984
	1665 1984
	1632 2017
	2849 2017
	1921 1984
	2816 1984
	1921 1921
	1888 1921
8
	1665 1984
	1665 1377
	1632 1344
	1632 2017
	2849 2017
	1888 1984
	1921 1984
	2816 1984
8
	1761 1473
	2720 1473
	2753 1440
	1953 1440
	1920 1440
	1728 1440
	1728 1921
	1761 1888
10
	2720 1473
	2720 1696
	2720 1729
	2720 1888
	2753 1921
	2753 1440
	1953 1440
	1920 1440
	1728 1440
	1761 1473
8
	2720 1696
	2657 1696
	2657 1729
	2720 1729
	2720 1888
	2753 1921
	2753 1440
	2720 1473
8
	2657 1696
	2657 1536
	2624 1569
	2624 1792
	2657 1729
	2657 1825
	2720 1729
	2720 1696
10
	2657 1536
	1824 1536
	1857 1569
	2272 1569
	2305 1569
	2624 1569
	2624 1792
	2657 1696
	2657 1729
	2657 1825
8
	1824 1536
	1824 1825
	1857 1792
	1857 1569
	2272 1569
	2305 1569
	2624 1569
	2657 1536
6
	1824 1825
	2657 1825
	2624 1792
	1857 1792
	1857 1569
	1824 1536
8
	2657 1825
	2657 1729
	2657 1696
	2657 1536
	2624 1569
	2624 1792
	1857 1792
	1824 1825
8
	2657 1729
	2720 1729
	2720 1696
	2657 1696
	2657 1536
	2624 1569
	2624 1792
	2657 1825
8
	2720 1729
	2720 1888
	2753 1921
	2753 1440
	2720 1696
	2720 1473
	2657 1696
	2657 1729
10
	2720 1888
	1761 1888
	1728 1921
	1888 1921
	1921 1921
	2753 1921
	2753 1440
	2720 1729
	2720 1696
	2720 1473
8
	1761 1888
	1761 1473
	1728 1440
	1728 1921
	1888 1921
	1921 1921
	2753 1921
	2720 1888
10
	1857 193
	1920 193
	1920 160
	1857 160
	1857 128
	1824 128
	1824 896
	1824 929
	1824 1152
	1857 1152
8
	1920 193
	1920 1089
	1953 1056
	1953 128
	1920 160
	1920 128
	1857 160
	1857 193
10
	1920 1089
	3041 1089
	3008 1056
	2465 1056
	2432 1056
	1953 1056
	1953 128
	1920 193
	1920 160
	1920 128
12
	3041 1089
	3041 929
	3041 896
	3041 257
	3041 224
	3041 128
	3008 128
	3008 1056
	2465 1056
	2432 1056
	1953 1056
	1920 1089
10
	3041 929
	3104 929
	3104 896
	3041 896
	3041 257
	3041 224
	3041 128
	3008 128
	3008 1056
	3041 1089
12
	3104 929
	3104 2816
	3104 2849
	3104 3104
	3137 3137
	3137 32
	3104 896
	3104 257
	3104 224
	3104 65
	3041 896
	3041 929
12
	3104 2816
	3041 2816
	3041 2849
	3104 2849
	3104 3104
	3137 3137
	3137 32
	3104 929
	3104 896
	3104 257
	3104 224
	3104 65
10
	3041 2816
	3041 2272
	3008 2305
	3008 2880
	3008 2913
	3008 3008
	3041 2849
	3041 3041
	3104 2849
	3104 2816
12
	3041 2272
	1921 2272
	1888 2272
	1824 2272
	1857 2305
	3008 2305
	3008 2880
	3008 2913
	3008 3008
	3041 2816
	3041 2849
	3041 3041
8
	1921 2272
	1921 2209
	1888 2209
	1888 2272
	1824 2272
	1857 2305
	3008 2305
	3041 2272
8
	1921 2209
	3041 2209
	3008 2176
	1473 2176
	1888 2209
	1440 2209
	1888 2272
	1921 2272
10
	3041 2209
	3041 1152
	3008 1185
	3008 1696
	3008 1729
	3008 2176
	1473 2176
	1921 2209
	1888 2209
	1440 2209
10
	3041 1152
	1857 1152
	1824 1152
	1440 1152
	1473 1185
	3008 1185
	3008 1696
	3008 1729
	3008 2176
	3041 2209
12
	1857 1152
	1857 193
	1857 160
	1857 128
	1824 128
	1824 896
	1824 929
	1824 1152
	1440 1152
	1473 1185
	3008 1185
	3041 1152
8
	1857 1569
	2272 1569
	2305 1569
	2624 1569
	2657 1536
	1824 1536
	1824 1825
	1857 1792
8
	2272 1569
	2272 1632
	2305 1632
	2305 1569
	2624 1569
	2657 1536
	1824 1536
	1857 1569
8
	2272 1632
	1920 1632
	1920 1729
	2561 1729
	2305 1632
	2561 1632
	2305 1569
	2272 1569
6
	1920 1632
	1920 1729
	2561 1729
	2272 1632
	2305 1632
	2561 1632
6
	1920 1729
	2561 1729
	2561 1632
	2305 1632
	2272 1632
	1920 1632
6
	2561 1729
	2561 1632
	2305 1632
	2272 1632
	1920 1632
	1920 1729
6
	2561 1632
	2305 1632
	2272 1632
	1920 1632
	1920 1729
	2561 1729
8
	2305 1632
	2305 1569
	2272 1569
	2272 1632
	1920 1632
	1920 1729
	2561 1729
	2561 1632
8
	2305 1569
	2624 1569
	2657 1536
	1824 1536
	2272 1569
	1857 1569
	2272 1632
	2305 1632
10
	2624 1569
	2624 1792
	2657 1825
	2657 1729
	2657 1696
	2657 1536
	1824 1536
	2305 1569
	2272 1569
	1857 1569
8
	2624 1792
	1857 1792
	1824 1825
	2657 1825
	2657 1729
	2657 1696
	2657 1536
	2624 1569
6
	1857 1792
	1857 1569
	1824 1536
	1824 1825
	2657 1825
	2624 1792
8
	1857 2305
	3008 2305
	3041 2272
	1921 2272
	1888 2272
	1824 2272
	1824 3041
	1857 3008
12
	3008 2305
	3008 2880
	3008 2913
	3008 3008
	3041 3041
	3041 2849
	3041 2816
	3041 2272
	1921 2272
	1888 2272
	1824 2272
	1857 2305
11
	3008 2880
	2945 2880
	2912 2912
	2945 2913
	3008 2913
	3008 3008
	3041 3041
	3041 2849
	3041 2816
	3041 2272
	3008 2305
8
	2945 2880
	2945 2368
	2912 2401
	2912 2912
	2945 2913
	2945 2945
	3008 2913
	3008 2880
10
	2945 2368
	1920 2368
	1953 2401
	2496 2401
	2529 2401
	2912 2401
	2912 2912
	2945 2880
	2945 2913
	2945 2945
10
	1920 2368
	1920 2945
	1953 2912
	1953 2561
	1953 2528
	1953 2401
	2496 2401
	2529 2401
	2912 2401
	2945 2368
11
	1920 2945
	2016 2945
	2049 2945
	2945 2945
	2945 2913
	2912 2912
	1953 2912
	1953 2561
	1953 2528
	1953 2401
	1920 2368
9
	2016 2945
	2016 3008
	2049 3008
	2049 2945
	2945 2945
	2945 2913
	2912 2912
	1953 2912
	1920 2945
8
	2016 3008
	1857 3008
	1824 3041
	3041 3041
	2049 3008
	3008 3008
	2049 2945
	2016 2945
8
	1857 3008
	1857 2305
	1824 2272
	1824 3041
	3041 3041
	2016 3008
	2049 3008
	3008 3008
8
	1921 1921
	2753 1921
	2720 1888
	1761 1888
	1888 1921
	1728 1921
	1888 1984
	1921 1984
10
	2753 1921
	2753 1440
	2720 1473
	2720 1696
	2720 1729
	2720 1888
	1761 1888
	1921 1921
	1888 1921
	1728 1921
10
	2753 1440
	1953 1440
	1920 1440
	1728 1440
	1761 1473
	2720 1473
	2720 1696
	2720 1729
	2720 1888
	2753 1921
8
	1953 1440
	1953 1377
	1920 1377
	1920 1440
	1728 1440
	1761 1473
	2720 1473
	2753 1440
10
	1953 1377
	2816 1377
	2849 1344
	2209 1344
	2176 1344
	1632 1344
	1920 1377
	1665 1377
	1920 1440
	1953 1440
10
	2816 1377
	2816 1984
	2849 2017
	2849 1344
	2209 1344
	2176 1344
	1632 1344
	1953 1377
	1920 1377
	1665 1377
8
	2816 1984
	1921 1984
	1888 1984
	1665 1984
	1632 2017
	2849 2017
	2849 1344
	2816 1377
8
	1921 1984
	1921 1921
	1888 1921
	1888 1984
	1665 1984
	1632 2017
	2849 2017
	2816 1984
10
	1953 2401
	2496 2401
	2529 2401
	2912 2401
	2945 2368
	1920 2368
	1920 2945
	1953 2528
	1953 2561
	1953 2912
8
	2496 2401
	2496 2464
	2529 2464
	2529 2401
	2912 2401
	2945 2368
	1920 2368
	1953 2401
8
	2496 2464
	2016 2464
	2049 2497
	2816 2497
	2529 2464
	2849 2464
	2529 2401
	2496 2401
10
	2016 2464
	2016 2528
	2016 2561
	2016 2849
	2049 2816
	2049 2497
	2816 2497
	2496 2464
	2529 2464
	2849 2464
8
	2016 2528
	1953 2528
	1953 2561
	2016 2561
	2016 2849
	2049 2816
	2049 2497
	2016 2464
8
	1953 2528
	1953 2401
	1920 2368
	1920 2945
	1953 2561
	1953 2912
	2016 2561
	2016 2528
8
	1953 2561
	2016 2561
	2016 2528
	1953 2528
	1953 2401
	1920 2368
	1920 2945
	1953 2912
8
	2016 2561
	2016 2849
	2049 2816
	2049 2497
	2016 2528
	2016 2464
	1953 2528
	1953 2561
10
	2016 2849
	2849 2849
	2816 2816
	2497 2816
	2464 2816
	2049 2816
	2049 2497
	2016 2561
	2016 2528
	2016 2464
8
	2849 2849
	2849 2464
	2816 2497
	2816 2816
	2497 2816
	2464 2816
	2049 2816
	2016 2849
8
	2849 2464
	2529 2464
	2496 2464
	2016 2464
	2049 2497
	2816 2497
	2816 2816
	2849 2849
8
	2529 2464
	2529 2401
	2496 2401
	2496 2464
	2016 2464
	2049 2497
	2816 2497
	2849 2464
8
	2529 2401
	2912 2401
	2945 2368
	1920 2368
	2496 2401
	1953 2401
	2496 2464
	2529 2464
10
	2912 2401
	2912 2912
	2945 2945
	2945 2913
	2945 2880
	2945 2368
	1920 2368
	2529 2401
	2496 2401
	1953 2401
12
	2912 2912
	1953 2912
	1920 2945
	2016 2945
	2049 2945
	2945 2945
	2945 2913
	3008 2913
	3008 2880
	2945 2880
	2945 2368
	2912 2401
12
	1953 2912
	1953 2561
	1953 2528
	1953 2401
	1920 2368
	1920 2945
	2016 2945
	2049 2945
	2945 2945
	2945 2913
	3008 2913
	2912 2912
8
	2049 161
	2912 161
	2945 128
	2016 128
	2016 993
	2049 608
	2049 641
	2049 960
6
	2912 161
	2912 960
	2945 993
	2945 128
	2016 128
	2049 161
8
	2912 960
	2049 960
	2016 993
	2432 993
	2465 993
	2945 993
	2945 128
	2912 161
10
	2049 960
	2049 641
	2049 608
	2049 161
	2016 128
	2016 993
	2432 993
	2465 993
	2945 993
	2912 960
8
	2049 641
	2112 641
	2112 608
	2049 608
	2049 161
	2016 128
	2016 993
	2049 960
8
	2112 641
	2112 897
	2145 864
	2145 257
	2112 608
	2112 224
	2049 608
	2049 641
8
	2112 897
	2849 897
	2816 864
	2145 864
	2145 257
	2112 641
	2112 608
	2112 224
8
	2849 897
	2849 224
	2816 257
	2816 544
	2816 577
	2816 864
	2145 864
	2112 897
8
	2849 224
	2112 224
	2145 257
	2816 257
	2816 544
	2816 577
	2816 864
	2849 897
8
	2112 224
	2112 608
	2112 641
	2112 897
	2145 864
	2145 257
	2816 257
	2849 224
8
	2112 608
	2049 608
	2049 641
	2112 641
	2112 897
	2145 864
	2145 257
	2112 224
8
	2049 608
	2049 161
	2016 128
	2016 993
	2049 641
	2049 960
	2112 641
	2112 608
10
	2049 2497
	2816 2497
	2849 2464
	2529 2464
	2496 2464
	2016 2464
	2016 2528
	2016 2561
	2016 2849
	2049 2816
8
	2816 2497
	2816 2816
	2849 2849
	2849 2464
	2529 2464
	2496 2464
	2016 2464
	2049 2497
8
	2816 2816
	2497 2816
	2464 2816
	2049 2816
	2016 2849
	2849 2849
	2849 2464
	2816 2497
8
	2497 2816
	2497 2753
	2464 2753
	2464 2816
	2049 2816
	2016 2849
	2849 2849
	2816 2816
8
	2497 2753
	2753 2753
	2753 2560
	2112 2560
	2464 2753
	2112 2753
	2464 2816
	2497 2816
6
	2753 2753
	2753 2560
	2112 2560
	2497 2753
	2464 2753
	2112 2753
6
	2753 2560
	2112 2560
	2112 2753
	2464 2753
	2497 2753
	2753 2753
6
	2112 2560
	2112 2753
	2464 2753
	2497 2753
	2753 2753
	2753 2560
6
	2112 2753
	2464 2753
	2497 2753
	2753 2753
	2753 2560
	2112 2560
8
	2464 2753
	2464 2816
	2497 2816
	2497 2753
	2753 2753
	2753 2560
	2112 2560
	2112 2753
8
	2464 2816
	2049 2816
	2016 2849
	2849 2849
	2497 2816
	2816 2816
	2497 2753
	2464 2753
10
	2049 2816
	2049 2497
	2016 2464
	2016 2528
	2016 2561
	2016 2849
	2849 2849
	2464 2816
	2497 2816
	2816 2816
9
	2049 2945
	2945 2945
	2945 2913
	2912 2912
	1953 2912
	2016 2945
	1920 2945
	2016 3008
	2049 3008
10
	2945 2945
	2945 2913
	2945 2880
	2945 2368
	2912 2401
	2912 2912
	1953 2912
	2049 2945
	2016 2945
	1920 2945
12
	2945 2913
	3008 2913
	3008 2880
	2945 2880
	2945 2368
	2912 2401
	2912 2912
	1953 2912
	1920 2945
	2016 2945
	2049 2945
	2945 2945
12
	3008 2913
	3008 3008
	3041 3041
	3041 2849
	3041 2816
	3041 2272
	3008 2880
	3008 2305
	2945 2880
	2912 2912
	1953 2912
	2945 2913
12
	3008 3008
	2049 3008
	2016 3008
	1857 3008
	1824 3041
	3041 3041
	3041 2849
	3041 2816
	3041 2272
	3008 2913
	3008 2880
	3008 2305
8
	2049 3008
	2049 2945
	2016 2945
	2016 3008
	1857 3008
	1824 3041
	3041 3041
	3008 3008
8
	2145 257
	2816 257
	2849 224
	2112 224
	2112 608
	2112 641
	2112 897
	2145 864
8
	2816 257
	2816 544
	2816 577
	2816 864
	2849 897
	2849 224
	2112 224
	2145 257
8
	2816 544
	2753 544
	2753 577
	2816 577
	2816 864
	2849 897
	2849 224
	2816 257
8
	2753 544
	2753 320
	2720 353
	2720 768
	2753 577
	2753 801
	2816 577
	2816 544
10
	2753 320
	2208 320
	2241 353
	2304 353
	2337 353
	2720 353
	2720 768
	2753 544
	2753 577
	2753 801
8
	2208 320
	2208 801
	2241 768
	2241 353
	2304 353
	2337 353
	2720 353
	2753 320
6
	2208 801
	2753 801
	2720 768
	2241 768
	2241 353
	2208 320
8
	2753 801
	2753 577
	2753 544
	2753 320
	2720 353
	2720 768
	2241 768
	2208 801
8
	2753 577
	2816 577
	2816 544
	2753 544
	2753 320
	2720 353
	2720 768
	2753 801
8
	2816 577
	2816 864
	2849 897
	2849 224
	2816 544
	2816 257
	2753 544
	2753 577
8
	2816 864
	2145 864
	2112 897
	2849 897
	2849 224
	2816 577
	2816 544
	2816 257
8
	2145 864
	2145 257
	2112 224
	2112 608
	2112 641
	2112 897
	2849 897
	2816 864
8
	2241 353
	2304 353
	2337 353
	2720 353
	2753 320
	2208 320
	2208 801
	2241 768
8
	2304 353
	2304 705
	2337 416
	2337 353
	2720 353
	2753 320
	2208 320
	2241 353
6
	2304 705
	2657 705
	2657 416
	2337 416
	2337 353
	2304 353
4
	2657 705
	2657 416
	2337 416
	2304 705
4
	2657 416
	2337 416
	2304 705
	2657 705
6
	2337 416
	2337 353
	2304 353
	2304 705
	2657 705
	2657 416
8
	2337 353
	2720 353
	2753 320
	2208 320
	2304 353
	2241 353
	2304 705
	2337 416
10
	2720 353
	2720 768
	2753 801
	2753 577
	2753 544
	2753 320
	2208 320
	2337 353
	2304 353
	2241 353
8
	2720 768
	2241 768
	2208 801
	2753 801
	2753 577
	2753 544
	2753 320
	2720 353
6
	2241 768
	2241 353
	2208 320
	2208 801
	2753 801
	2720 768
10
	3041 257
	3104 257
	3104 224
	3041 224
	3041 128
	3008 128
	3008 1056
	3041 896
	3041 929
	3041 1089
12
	3104 257
	3104 896
	3104 929
	3104 2816
	3104 2849
	3104 3104
	3137 3137
	3137 32
	3104 224
	3104 65
	3041 224
	3041 257
12
	3104 896
	3041 896
	3041 929
	3104 929
	3104 2816
	3104 2849
	3104 3104
	3137 3137
	3137 32
	3104 257
	3104 224
	3104 65
10
	3041 896
	3041 257
	3041 224
	3041 128
	3008 128
	3008 1056
	3041 929
	3041 1089
	3104 929
	3104 896
