1147
4
	0 0
	31 0
	31 31
	0 31
3
	-31 -31
	3200 -31
	-31 3200
3
	3200 -31
	3200 3200
	-31 -31
3
	3200 3200
	-31 3200
	3200 -31
3
	-31 3200
	-31 -31
	3200 3200
1
	32 3137
1
	3137 3137
1
	3137 32
1
	32 32
12
	97 3009
	160 3009
	513 2977
	512 2880
	352 2912
	161 2849
	161 2401
	257 1377
	224 1248
	161 1153
	129 129
	97 3104
4
	160 3009
	192 3041
	129 256
	97 3009
1
	160 3041
4
	192 3041
	449 3041
	161 2912
	160 3009
1
	192 3073
1
	449 3073
5
	449 3041
	513 2977
	545 2849
	512 2880
	192 3041
1
	513 3041
4
	513 2977
	545 2849
	97 3009
	449 3041
1
	545 2977
5
	545 2849
	576 2848
	512 2880
	449 3041
	513 2977
1
	577 2849
1
	577 2816
1
	576 2816
2
	576 2848
	545 2849
1
	512 2848
5
	512 2880
	352 2912
	97 3009
	449 3041
	545 2849
1
	352 2880
4
	352 2912
	161 2912
	97 3009
	512 2880
5
	161 2912
	161 2849
	129 256
	192 3041
	352 2912
7
	161 2849
	289 2817
	513 2753
	321 2593
	161 2496
	97 3009
	161 2912
1
	289 2849
5
	289 2817
	449 2785
	513 2753
	321 2593
	161 2849
1
	449 2817
3
	449 2785
	513 2753
	289 2817
1
	513 2785
7
	513 2753
	640 2753
	800 2752
	608 2752
	161 2849
	289 2817
	449 2785
9
	640 2753
	640 2912
	929 3040
	897 3008
	865 2976
	929 2753
	609 2752
	417 2752
	513 2753
8
	640 2912
	608 3040
	865 2849
	897 2785
	929 2753
	961 2689
	800 2752
	640 2753
1
	608 2912
10
	608 3040
	576 3104
	929 3040
	865 2849
	897 2785
	929 2753
	961 2689
	864 2688
	800 2752
	640 2912
1
	576 3040
12
	576 3104
	512 3136
	2593 3104
	2368 2976
	1216 3040
	865 2849
	897 2785
	929 2753
	961 2689
	864 2688
	800 2752
	608 3040
1
	512 3104
7
	512 3136
	129 3136
	2625 3136
	2368 2976
	2209 2913
	1216 3040
	576 3104
3
	129 3136
	97 3104
	512 3136
1
	129 3104
3
	97 3104
	97 3009
	129 3136
5
	129 129
	224 129
	225 97
	97 3009
	129 256
2
	224 129
	129 129
1
	224 193
1
	225 193
3
	225 97
	320 97
	129 129
7
	320 97
	384 161
	960 129
	1056 129
	2432 129
	2688 129
	225 97
1
	320 161
4
	384 161
	384 288
	801 161
	320 97
10
	384 288
	289 288
	193 961
	225 929
	353 609
	705 257
	769 193
	801 161
	833 129
	384 161
5
	289 288
	256 288
	352 929
	353 768
	384 288
1
	289 224
1
	288 224
5
	288 256
	256 288
	161 1153
	193 961
	225 929
1
	256 256
7
	256 288
	193 288
	161 1153
	193 961
	225 929
	289 288
	288 256
7
	193 288
	129 256
	193 961
	352 929
	384 961
	353 768
	256 288
1
	193 256
11
	129 256
	129 129
	160 3009
	161 2912
	161 2496
	161 1248
	193 1056
	352 929
	384 961
	353 768
	193 288
7
	161 1153
	256 1056
	193 961
	288 256
	256 288
	97 3009
	161 1248
1
	449 1153
1
	449 1152
5
	417 1152
	385 1120
	321 1088
	257 1056
	193 1056
1
	417 1120
4
	385 1120
	321 1088
	193 1056
	417 1152
1
	385 1088
5
	321 1088
	257 1056
	193 1056
	417 1152
	385 1120
1
	321 1056
4
	257 1056
	256 1056
	417 1152
	321 1088
1
	257 1024
1
	256 1024
4
	256 1056
	193 1056
	161 1153
	257 1056
7
	193 1056
	193 961
	129 256
	417 1152
	385 1120
	321 1088
	256 1056
9
	193 961
	225 929
	353 609
	384 288
	288 256
	256 288
	193 288
	161 1153
	193 1056
1
	225 961
17
	225 929
	352 929
	1856 896
	1696 896
	1601 801
	1633 705
	1312 736
	1121 545
	1409 321
	1152 448
	640 704
	448 768
	353 609
	384 288
	288 256
	256 288
	193 961
10
	352 929
	384 961
	480 993
	737 1056
	1152 961
	1441 929
	289 288
	193 288
	129 256
	225 929
1
	352 961
8
	384 961
	480 993
	737 1056
	737 961
	353 768
	193 288
	129 256
	352 929
1
	384 993
7
	480 993
	512 1025
	737 1056
	480 736
	353 768
	352 929
	384 961
1
	480 1025
5
	512 1025
	544 1057
	737 1056
	353 768
	480 993
1
	512 1057
5
	544 1057
	576 1089
	1312 1121
	353 768
	512 1025
1
	544 1089
11
	576 1089
	576 1248
	800 1505
	832 1537
	864 1569
	896 1601
	801 1440
	1312 1121
	545 704
	353 768
	544 1057
15
	576 1248
	544 1312
	1089 1217
	1121 1185
	1153 1153
	1217 1121
	1152 1056
	737 961
	928 352
	896 416
	768 576
	736 608
	672 672
	640 704
	576 1089
1
	544 1248
15
	544 1312
	512 1344
	289 1633
	321 1601
	353 1569
	385 1537
	993 1281
	1025 1249
	1089 1217
	1121 1185
	1153 1153
	1217 1121
	1152 1056
	737 961
	576 1248
1
	512 1312
16
	512 1344
	480 1376
	289 1633
	321 1601
	353 1569
	385 1537
	833 1313
	993 1281
	1025 1249
	1089 1217
	1121 1185
	1153 1153
	1217 1121
	1441 929
	1152 1056
	544 1312
1
	480 1344
16
	480 1376
	416 1408
	289 1633
	321 1601
	353 1569
	385 1537
	833 1313
	993 1281
	1025 1249
	1089 1217
	1121 1185
	1153 1153
	1217 1121
	1441 929
	1152 1056
	512 1344
1
	416 1376
16
	416 1408
	352 1440
	289 1633
	321 1601
	353 1569
	385 1537
	801 1377
	833 1313
	1025 1249
	1089 1217
	1121 1185
	1153 1153
	1217 1121
	1441 929
	1152 1056
	480 1376
1
	352 1408
16
	352 1440
	257 1440
	257 1729
	289 1633
	321 1601
	801 1440
	801 1377
	833 1313
	1025 1249
	1089 1217
	1121 1185
	1153 1153
	1217 1121
	1441 929
	1152 1056
	416 1408
7
	257 1440
	257 1377
	161 1248
	257 1729
	800 1505
	833 1472
	352 1440
5
	257 1377
	289 1345
	97 3009
	161 2401
	257 1440
1
	289 1377
3
	289 1345
	321 1313
	257 1377
1
	321 1345
3
	321 1313
	353 1281
	289 1345
1
	353 1313
3
	353 1281
	385 1249
	321 1313
1
	385 1281
3
	385 1249
	417 1217
	353 1281
1
	417 1249
3
	417 1217
	224 1248
	385 1249
1
	449 1217
1
	449 1216
1
	224 1216
5
	224 1248
	161 1248
	97 3009
	161 2401
	417 1217
7
	161 1248
	161 1153
	129 256
	161 2401
	257 2080
	257 1440
	224 1248
14
	161 2401
	768 2401
	1089 2305
	1217 2273
	928 2272
	576 2240
	481 2113
	352 2112
	257 1729
	257 1377
	224 1248
	161 1248
	97 3009
	161 2496
9
	768 2401
	864 2433
	1153 2464
	1089 2432
	768 1856
	705 1856
	640 1825
	481 2240
	161 2401
1
	768 2433
12
	864 2433
	864 2560
	865 2976
	1216 2689
	1377 2784
	1345 2752
	1313 2720
	1185 2592
	1153 2464
	801 2272
	481 2240
	768 2401
18
	864 2560
	864 2561
	1089 2305
	1985 1217
	1408 1888
	1376 1920
	1344 1952
	1312 1984
	1280 2016
	1248 2048
	1216 2080
	1152 2112
	1120 2144
	1056 2176
	1024 2208
	992 2240
	928 2272
	864 2433
1
	832 2560
1
	832 2561
9
	864 2561
	864 2688
	865 2976
	1216 2689
	1313 2720
	1440 2657
	1505 2656
	1185 2592
	864 2560
16
	864 2688
	800 2752
	608 3040
	576 3104
	1313 2657
	1505 2529
	1248 2592
	1089 2305
	1216 2080
	1152 2112
	1120 2144
	1056 2176
	1024 2208
	992 2240
	928 2272
	864 2561
1
	800 2688
8
	800 2752
	609 2752
	513 2753
	640 2912
	608 3040
	576 3104
	961 2689
	864 2688
4
	609 2752
	608 2752
	640 2753
	800 2752
1
	609 2720
1
	608 2720
4
	608 2752
	417 2752
	513 2753
	609 2752
4
	417 2752
	353 2720
	640 2753
	608 2752
1
	417 2720
3
	353 2720
	321 2688
	417 2752
1
	353 2688
4
	321 2688
	321 2593
	161 2496
	353 2720
5
	321 2593
	321 2560
	161 2849
	289 2817
	321 2688
1
	449 2593
1
	449 2560
3
	321 2560
	161 2496
	321 2593
1
	321 2496
6
	161 2496
	161 2401
	129 256
	161 2849
	321 2688
	321 2560
6
	257 1729
	289 1633
	352 1440
	257 1440
	161 2401
	257 2080
1
	289 1729
8
	289 1633
	321 1601
	544 1312
	512 1344
	480 1376
	416 1408
	352 1440
	257 1729
1
	321 1633
8
	321 1601
	353 1569
	544 1312
	512 1344
	480 1376
	416 1408
	352 1440
	289 1633
1
	353 1601
7
	353 1569
	385 1537
	544 1312
	512 1344
	480 1376
	416 1408
	321 1601
1
	385 1569
12
	385 1537
	577 1505
	801 1377
	833 1313
	1441 929
	1601 801
	1152 1056
	544 1312
	512 1344
	480 1376
	416 1408
	353 1569
1
	577 1537
15
	577 1505
	800 1505
	960 1472
	801 1377
	833 1313
	1633 705
	1665 673
	1152 1056
	737 961
	896 416
	768 576
	736 608
	672 672
	640 704
	385 1537
7
	800 1505
	832 1537
	737 1056
	545 704
	576 1089
	257 1440
	577 1505
1
	800 1537
7
	832 1537
	864 1569
	1377 1537
	801 1440
	545 704
	576 1089
	800 1505
1
	832 1569
7
	864 1569
	896 1601
	1281 1569
	833 1472
	801 1440
	576 1089
	832 1537
1
	864 1601
7
	896 1601
	896 1792
	1217 1601
	833 1472
	801 1440
	576 1089
	864 1569
23
	896 1792
	833 1792
	768 1856
	608 2144
	576 2240
	801 2113
	833 2049
	865 2017
	1089 1729
	1121 1697
	1153 1665
	1185 1633
	1217 1601
	1409 1409
	1312 1184
	1280 1216
	1248 1248
	1184 1344
	1152 1376
	1120 1408
	1088 1440
	960 1472
	896 1601
4
	833 1792
	801 1760
	833 2049
	896 1792
1
	833 1760
5
	801 1760
	769 1664
	768 1697
	801 2113
	833 1792
1
	801 1664
4
	769 1664
	705 1632
	801 2272
	801 1760
1
	769 1632
4
	705 1632
	608 1632
	768 1697
	769 1664
1
	705 1600
1
	608 1600
4
	608 1632
	448 1696
	481 1697
	705 1632
1
	448 1632
5
	448 1696
	416 1760
	384 1888
	352 2112
	608 1632
1
	416 1696
6
	416 1760
	384 1888
	352 2112
	449 1729
	481 1697
	448 1696
1
	384 1760
5
	384 1888
	352 2112
	449 1729
	448 1696
	416 1760
1
	352 1888
8
	352 2112
	289 2112
	161 2401
	481 2112
	449 1729
	448 1696
	416 1760
	384 1888
4
	289 2112
	257 2080
	481 2240
	352 2112
1
	289 2080
4
	257 2080
	257 1729
	161 1248
	289 2112
6
	353 609
	385 577
	384 288
	193 961
	225 929
	353 768
1
	385 609
3
	385 577
	545 417
	353 609
1
	545 577
3
	545 417
	577 385
	385 577
1
	577 417
3
	577 385
	609 353
	545 417
1
	609 385
3
	609 353
	641 321
	577 385
1
	641 353
3
	641 321
	673 289
	609 353
1
	673 321
3
	673 289
	705 257
	641 321
1
	705 289
4
	705 257
	769 193
	384 288
	673 289
1
	769 257
4
	769 193
	801 161
	384 288
	705 257
1
	801 193
5
	801 161
	833 129
	384 161
	384 288
	769 193
1
	833 161
4
	833 129
	960 129
	384 288
	801 161
4
	960 129
	961 129
	320 97
	833 129
1
	960 161
1
	961 161
3
	961 129
	1056 129
	960 129
10
	1056 129
	1088 161
	1473 544
	1441 512
	1409 480
	1568 225
	1888 193
	2369 129
	320 97
	961 129
1
	1056 161
8
	1088 161
	1120 193
	1473 544
	1441 512
	1409 480
	1568 225
	1888 193
	1056 129
1
	1088 193
8
	1120 193
	1152 225
	1473 544
	1441 512
	1409 480
	1568 225
	1761 193
	1088 161
1
	1120 225
11
	1152 225
	1152 448
	1216 545
	1344 577
	1376 609
	1601 896
	1473 544
	1441 512
	1409 480
	1441 225
	1120 193
12
	1152 448
	1025 448
	768 576
	736 608
	672 672
	640 704
	225 929
	737 961
	1121 545
	1409 321
	1441 225
	1152 225
13
	1025 448
	993 384
	961 352
	1152 961
	1312 1121
	1121 672
	1216 545
	1344 577
	1728 673
	1473 544
	1441 512
	1409 480
	1152 448
1
	1025 384
6
	993 384
	961 352
	1152 961
	1312 1121
	1121 672
	1025 448
1
	993 352
7
	961 352
	928 352
	1152 961
	1312 1121
	1121 672
	1025 448
	993 384
1
	961 320
1
	928 320
5
	928 352
	896 416
	576 1248
	737 961
	961 352
1
	896 352
6
	896 416
	768 576
	576 1248
	577 1505
	737 961
	928 352
1
	704 416
1
	704 449
9
	736 449
	768 481
	1153 736
	1121 672
	1216 545
	1952 609
	1473 544
	1441 512
	1409 480
1
	736 481
11
	768 481
	768 576
	1152 961
	1312 1121
	1153 736
	1121 672
	1216 545
	1952 609
	1473 544
	1441 512
	736 449
9
	768 576
	736 608
	576 1248
	577 1505
	737 961
	1121 545
	1152 448
	896 416
	768 481
1
	736 576
7
	736 608
	672 672
	576 1248
	577 1505
	1121 545
	1152 448
	768 576
1
	672 608
8
	672 672
	640 704
	576 1248
	577 1505
	1121 672
	1121 545
	1152 448
	736 608
1
	640 672
11
	640 704
	545 704
	480 736
	448 768
	225 929
	576 1248
	577 1505
	1121 545
	1409 321
	1152 448
	672 672
11
	545 704
	576 1089
	800 1505
	832 1537
	801 1440
	737 1056
	1152 961
	1536 929
	1601 896
	1153 736
	640 704
1
	545 672
1
	480 672
5
	480 736
	448 768
	480 993
	1153 736
	640 704
1
	448 736
7
	448 768
	353 768
	225 929
	1312 736
	1121 545
	640 704
	480 736
15
	353 768
	353 609
	289 288
	193 288
	129 256
	384 961
	480 993
	512 1025
	544 1057
	576 1089
	737 1056
	1152 961
	1536 929
	1601 896
	448 768
6
	449 1729
	481 1697
	416 1760
	384 1888
	352 2112
	449 2048
1
	481 1729
5
	481 1697
	768 1697
	608 1632
	416 1760
	449 1729
6
	768 1697
	768 1856
	801 2272
	801 1760
	705 1632
	481 1697
12
	768 1856
	705 1856
	640 1920
	608 2144
	576 2240
	768 2401
	1057 1825
	1089 1729
	1121 1697
	1153 1665
	896 1792
	768 1697
5
	705 1856
	640 1825
	768 2401
	801 2272
	768 1856
1
	705 1824
3
	609 1824
	608 1824
	640 1825
1
	609 1792
1
	608 1792
3
	608 1824
	577 1825
	609 1824
1
	576 1824
2
	576 1856
	577 1825
1
	544 1856
1
	544 1857
1
	577 1857
4
	577 1825
	640 1825
	608 1824
	576 1856
7
	640 1825
	640 1920
	768 2401
	801 2272
	705 1856
	609 1824
	577 1825
9
	640 1920
	608 2144
	993 1889
	1057 1825
	1089 1729
	1121 1697
	1153 1665
	768 1856
	640 1825
1
	608 1920
19
	608 2144
	576 2240
	801 2113
	833 2049
	865 2017
	897 1985
	929 1953
	961 1921
	993 1889
	1057 1825
	1089 1729
	1121 1697
	1153 1665
	1185 1633
	1217 1601
	1409 1409
	896 1792
	768 1856
	640 1920
1
	576 2144
20
	576 2240
	481 2240
	161 2401
	801 2113
	833 2049
	865 2017
	897 1985
	929 1953
	961 1921
	993 1889
	1057 1825
	1089 1729
	1121 1697
	1153 1665
	1185 1633
	1217 1601
	1409 1409
	896 1792
	768 1856
	608 2144
11
	481 2240
	481 2113
	449 2048
	289 2112
	768 2401
	864 2433
	1185 2592
	1153 2464
	1089 2432
	801 2272
	576 2240
4
	481 2113
	481 2112
	161 2401
	481 2240
1
	513 2113
1
	513 2112
4
	481 2112
	449 2048
	352 2112
	481 2113
1
	481 2048
4
	449 2048
	449 1729
	481 2240
	481 2112
23
	737 961
	1152 961
	1441 929
	1856 896
	1696 896
	1601 801
	1633 705
	1665 673
	1857 609
	2113 513
	2177 481
	1952 544
	1312 736
	1121 545
	1152 448
	928 352
	896 416
	768 576
	384 961
	576 1248
	544 1312
	577 1505
	737 1056
12
	1152 961
	1152 1056
	1312 1121
	1121 672
	1025 448
	993 384
	961 352
	768 481
	545 704
	353 768
	352 929
	737 961
23
	1152 1056
	737 1056
	576 1248
	544 1312
	512 1344
	480 1376
	416 1408
	352 1440
	385 1537
	577 1505
	833 1313
	993 1281
	1025 1249
	1089 1217
	1121 1185
	1441 929
	1601 801
	1633 705
	1665 673
	1376 672
	1344 704
	1312 736
	1152 961
12
	737 1056
	737 961
	545 704
	353 768
	352 929
	384 961
	480 993
	512 1025
	800 1505
	801 1440
	1312 1121
	1152 1056
7
	801 1377
	833 1313
	416 1408
	352 1440
	385 1537
	577 1505
	801 1440
1
	833 1377
18
	833 1313
	993 1281
	1025 1249
	1089 1217
	1121 1185
	1153 1153
	1441 929
	1601 801
	1633 705
	1665 673
	1152 1056
	512 1344
	480 1376
	416 1408
	352 1440
	385 1537
	577 1505
	801 1377
1
	993 1313
7
	993 1281
	1025 1249
	1152 1056
	544 1312
	512 1344
	480 1376
	833 1313
1
	1025 1281
16
	1025 1249
	1089 1217
	1121 1185
	1153 1153
	1441 929
	1601 801
	1633 705
	1665 673
	1152 1056
	544 1312
	512 1344
	480 1376
	416 1408
	352 1440
	833 1313
	993 1281
1
	1089 1249
14
	1089 1217
	1121 1185
	1376 672
	1344 704
	1312 736
	1152 1056
	576 1248
	544 1312
	512 1344
	480 1376
	416 1408
	352 1440
	833 1313
	1025 1249
1
	1121 1217
15
	1121 1185
	1153 1153
	1376 672
	1344 704
	1312 736
	1152 1056
	576 1248
	544 1312
	512 1344
	480 1376
	416 1408
	352 1440
	833 1313
	1025 1249
	1089 1217
1
	1153 1185
19
	1153 1153
	1217 1121
	1441 929
	1601 801
	1633 705
	1665 673
	1376 672
	1344 704
	1312 736
	1153 736
	576 1248
	544 1312
	512 1344
	480 1376
	416 1408
	352 1440
	833 1313
	1025 1249
	1121 1185
1
	1217 1153
14
	1217 1121
	1312 1121
	1441 929
	1633 705
	1376 672
	1344 704
	1312 736
	576 1248
	544 1312
	512 1344
	480 1376
	416 1408
	352 1440
	1153 1153
14
	1312 1121
	1312 1184
	1312 736
	1153 736
	1121 672
	1025 448
	993 384
	961 352
	768 481
	1152 961
	737 1056
	544 1057
	576 1089
	1217 1121
20
	1312 1184
	1280 1216
	1184 1344
	896 1792
	833 2049
	865 2017
	897 1985
	929 1953
	961 1921
	993 1889
	1089 1729
	1121 1697
	1153 1665
	1185 1633
	1217 1601
	1281 1569
	1441 929
	1376 672
	1344 704
	1312 1121
1
	1280 1184
16
	1280 1216
	1248 1248
	1184 1344
	896 1792
	833 2049
	865 2017
	897 1985
	929 1953
	961 1921
	993 1889
	1089 1729
	1121 1697
	1153 1665
	1185 1633
	1217 1601
	1312 1184
1
	1248 1216
17
	1248 1248
	1216 1280
	1184 1344
	896 1792
	833 2049
	865 2017
	897 1985
	929 1953
	961 1921
	993 1889
	1057 1825
	1089 1729
	1121 1697
	1153 1665
	1185 1633
	1217 1601
	1280 1216
1
	1216 1248
15
	1216 1280
	1184 1344
	801 2113
	833 2049
	865 2017
	897 1985
	929 1953
	961 1921
	993 1889
	1057 1825
	1089 1729
	1121 1697
	1153 1665
	1185 1633
	1248 1248
1
	1184 1280
18
	1184 1344
	1152 1376
	896 1792
	801 2113
	833 2049
	865 2017
	897 1985
	929 1953
	961 1921
	993 1889
	1057 1825
	1089 1729
	1121 1697
	1153 1665
	1312 1184
	1280 1216
	1248 1248
	1216 1280
1
	1152 1344
14
	1152 1376
	1120 1408
	896 1792
	801 2113
	833 2049
	865 2017
	897 1985
	929 1953
	961 1921
	993 1889
	1057 1825
	1089 1729
	1121 1697
	1184 1344
1
	1120 1376
13
	1120 1408
	1088 1440
	896 1792
	801 2113
	833 2049
	865 2017
	897 1985
	929 1953
	961 1921
	993 1889
	1057 1825
	1089 1729
	1152 1376
1
	1088 1408
13
	1088 1440
	960 1472
	896 1792
	801 2113
	833 2049
	865 2017
	897 1985
	929 1953
	961 1921
	993 1889
	1057 1825
	1409 1409
	1120 1408
1
	960 1440
9
	960 1472
	833 1472
	577 1505
	896 1792
	865 2017
	897 1985
	929 1953
	1409 1409
	1088 1440
6
	833 1472
	801 1440
	257 1440
	864 1569
	896 1601
	960 1472
1
	833 1440
10
	801 1440
	801 1377
	737 1056
	545 704
	576 1089
	352 1440
	832 1537
	864 1569
	896 1601
	833 1472
12
	801 2113
	833 2049
	1216 1280
	1184 1344
	1152 1376
	1120 1408
	1088 1440
	896 1792
	801 1760
	608 2144
	576 2240
	801 2272
1
	833 2113
16
	833 2049
	865 2017
	1089 1729
	1312 1184
	1280 1216
	1248 1248
	1216 1280
	1184 1344
	1152 1376
	1120 1408
	1088 1440
	896 1792
	833 1792
	608 2144
	576 2240
	801 2113
1
	865 2049
16
	865 2017
	897 1985
	1089 1729
	1312 1184
	1280 1216
	1248 1248
	1216 1280
	1184 1344
	1152 1376
	1120 1408
	1088 1440
	960 1472
	896 1792
	608 2144
	576 2240
	833 2049
1
	897 2017
15
	897 1985
	929 1953
	1089 1729
	1312 1184
	1280 1216
	1248 1248
	1216 1280
	1184 1344
	1152 1376
	1120 1408
	1088 1440
	960 1472
	608 2144
	576 2240
	865 2017
1
	929 1985
16
	929 1953
	961 1921
	1089 1729
	1441 929
	1312 1184
	1280 1216
	1248 1248
	1216 1280
	1184 1344
	1152 1376
	1120 1408
	1088 1440
	960 1472
	608 2144
	576 2240
	897 1985
1
	961 1953
15
	961 1921
	993 1889
	1089 1729
	1441 929
	1312 1184
	1280 1216
	1248 1248
	1216 1280
	1184 1344
	1152 1376
	1120 1408
	1088 1440
	608 2144
	576 2240
	929 1953
1
	993 1921
16
	993 1889
	1057 1825
	1089 1729
	1441 929
	1312 1184
	1280 1216
	1248 1248
	1216 1280
	1184 1344
	1152 1376
	1120 1408
	1088 1440
	640 1920
	608 2144
	576 2240
	961 1921
1
	1057 1889
13
	1057 1825
	1089 1729
	1248 1248
	1216 1280
	1184 1344
	1152 1376
	1120 1408
	1088 1440
	768 1856
	640 1920
	608 2144
	576 2240
	993 1889
1
	1089 1825
22
	1089 1729
	1121 1697
	1441 929
	1312 1184
	1280 1216
	1248 1248
	1216 1280
	1184 1344
	1152 1376
	1120 1408
	896 1792
	768 1856
	640 1920
	608 2144
	576 2240
	833 2049
	865 2017
	897 1985
	929 1953
	961 1921
	993 1889
	1057 1825
1
	1121 1729
15
	1121 1697
	1153 1665
	1441 929
	1312 1184
	1280 1216
	1248 1248
	1216 1280
	1184 1344
	1152 1376
	896 1792
	768 1856
	640 1920
	608 2144
	576 2240
	1089 1729
1
	1153 1697
14
	1153 1665
	1185 1633
	1441 929
	1312 1184
	1280 1216
	1248 1248
	1216 1280
	1184 1344
	896 1792
	768 1856
	640 1920
	608 2144
	576 2240
	1121 1697
1
	1185 1665
11
	1185 1633
	1217 1601
	1441 929
	1312 1184
	1280 1216
	1248 1248
	1216 1280
	896 1792
	608 2144
	576 2240
	1153 1665
1
	1217 1633
12
	1217 1601
	1281 1569
	1409 1409
	1441 929
	1312 1184
	1280 1216
	1248 1248
	896 1601
	896 1792
	608 2144
	576 2240
	1185 1633
1
	1281 1601
8
	1281 1569
	1377 1537
	1409 1409
	1441 929
	1376 672
	1312 1184
	864 1569
	1217 1601
1
	1377 1569
6
	1377 1537
	1409 1409
	1441 929
	1409 321
	832 1537
	1281 1569
1
	1409 1537
11
	1409 1409
	1441 929
	1409 480
	1088 1440
	960 1472
	896 1792
	608 2144
	576 2240
	1217 1601
	1281 1569
	1377 1537
1
	1441 1409
31
	1441 929
	1536 929
	1856 896
	1696 896
	1601 801
	1633 705
	1441 512
	352 929
	737 961
	1152 1056
	512 1344
	480 1376
	416 1408
	352 1440
	385 1537
	833 1313
	1025 1249
	1153 1153
	1217 1121
	1312 1184
	929 1953
	961 1921
	993 1889
	1089 1729
	1121 1697
	1153 1665
	1185 1633
	1217 1601
	1281 1569
	1377 1537
	1409 1409
14
	1536 929
	1536 1632
	1568 2529
	1601 2176
	1601 1216
	1952 1057
	1473 544
	1441 512
	1409 480
	1376 609
	1153 736
	545 704
	353 768
	1441 929
17
	1536 1632
	1504 1728
	1472 2432
	1505 2529
	1857 1632
	1857 1569
	1889 1537
	1921 1473
	1953 1345
	1985 1217
	2017 1185
	2049 1153
	2081 1121
	1760 1408
	1601 1089
	1601 801
	1536 929
1
	1504 1632
16
	1504 1728
	1472 1792
	1472 2432
	2625 1665
	2432 1664
	1984 1632
	1857 1569
	1889 1537
	1921 1473
	1953 1345
	1985 1217
	1984 1152
	1952 1184
	1920 1216
	1760 1408
	1536 1632
1
	1472 1728
19
	1472 1792
	1440 1824
	1408 1888
	1185 2305
	1249 2209
	1472 2273
	1697 1729
	1984 1632
	1857 1569
	1889 1537
	1921 1473
	1953 1345
	1985 1217
	1984 1152
	1952 1184
	1920 1216
	1888 1248
	1760 1408
	1504 1728
1
	1440 1792
10
	1440 1824
	1408 1888
	1217 2273
	1249 2209
	1697 1729
	1857 1569
	1889 1537
	1921 1473
	1953 1345
	1472 1792
1
	1408 1824
22
	1408 1888
	1376 1920
	864 2560
	1089 2305
	1185 2305
	1217 2273
	1249 2209
	1408 2241
	1697 1729
	1857 1569
	1889 1537
	1921 1473
	1953 1345
	1985 1217
	1984 1152
	1952 1184
	1920 1216
	1888 1248
	1856 1280
	1760 1408
	1472 1792
	1440 1824
1
	1376 1888
13
	1376 1920
	1344 1952
	864 2560
	1089 2305
	1185 2305
	1217 2273
	1249 2209
	1697 1729
	1857 1569
	1889 1537
	1921 1473
	1953 1345
	1408 1888
1
	1344 1920
15
	1344 1952
	1312 1984
	864 2560
	1089 2305
	1185 2305
	1217 2273
	1249 2209
	1344 2209
	1665 1921
	1697 1729
	1857 1569
	1889 1537
	1921 1473
	1953 1345
	1376 1920
1
	1312 1952
14
	1312 1984
	1280 2016
	864 2560
	1089 2305
	1185 2305
	1217 2273
	1249 2209
	1665 1921
	1697 1729
	1857 1569
	1889 1537
	1921 1473
	1953 1345
	1344 1952
1
	1280 1984
14
	1280 2016
	1248 2048
	864 2560
	1089 2305
	1185 2305
	1217 2273
	1249 2209
	1665 1921
	1697 1729
	1857 1569
	1889 1537
	1921 1473
	1953 1345
	1312 1984
1
	1248 2016
14
	1248 2048
	1216 2080
	864 2560
	1089 2305
	1185 2305
	1217 2273
	1633 2017
	1665 1921
	1697 1729
	1857 1569
	1889 1537
	1921 1473
	1953 1345
	1280 2016
1
	1216 2048
17
	1216 2080
	1152 2112
	1120 2144
	992 2240
	864 2560
	864 2688
	1089 2305
	1185 2305
	1601 2049
	1633 2017
	1665 1921
	1697 1729
	1857 1569
	1889 1537
	1921 1473
	1953 1345
	1248 2048
1
	1152 2080
13
	1152 2112
	1120 2144
	864 2560
	864 2688
	865 2849
	897 2785
	929 2753
	961 2689
	1089 2305
	1601 2049
	1633 2017
	1665 1921
	1216 2080
1
	1120 2112
16
	1120 2144
	1056 2176
	1024 2208
	992 2240
	864 2560
	864 2688
	865 2849
	897 2785
	929 2753
	961 2689
	1089 2305
	1601 2049
	1633 2017
	1665 1921
	1216 2080
	1152 2112
1
	1056 2144
13
	1056 2176
	1024 2208
	864 2560
	864 2688
	865 2849
	897 2785
	929 2753
	961 2689
	1601 2176
	1601 2049
	1633 2017
	1665 1921
	1120 2144
1
	1024 2176
15
	1024 2208
	992 2240
	864 2560
	864 2688
	865 2849
	897 2785
	929 2753
	961 2689
	1857 2208
	1664 2176
	1601 2049
	1633 2017
	1665 1921
	1120 2144
	1056 2176
1
	992 2208
15
	992 2240
	928 2272
	864 2560
	864 2688
	865 2849
	897 2785
	929 2753
	961 2689
	1249 2209
	1601 2049
	1633 2017
	1665 1921
	1216 2080
	1120 2144
	1024 2208
1
	928 2240
12
	928 2272
	801 2272
	161 2401
	864 2560
	864 2688
	865 2849
	897 2785
	1249 2209
	1601 2049
	1633 2017
	1665 1921
	992 2240
17
	801 2272
	801 2113
	769 1664
	768 1697
	705 1856
	640 1825
	481 2240
	864 2433
	1216 2689
	1312 2785
	1377 2784
	1345 2752
	1313 2720
	1185 2592
	1089 2432
	1184 2305
	928 2272
13
	865 2849
	897 2785
	1089 2305
	1152 2112
	1120 2144
	1056 2176
	1024 2208
	992 2240
	928 2272
	640 2912
	608 3040
	576 3104
	865 2976
1
	897 2849
14
	897 2785
	929 2753
	961 2689
	1089 2305
	1152 2112
	1120 2144
	1056 2176
	1024 2208
	992 2240
	928 2272
	640 2912
	608 3040
	576 3104
	865 2849
1
	929 2785
13
	929 2753
	961 2689
	1089 2305
	1152 2112
	1120 2144
	1056 2176
	1024 2208
	992 2240
	640 2753
	640 2912
	608 3040
	576 3104
	897 2785
1
	961 2753
17
	961 2689
	1216 2689
	1313 2657
	1505 2529
	1248 2592
	1089 2305
	1152 2112
	1120 2144
	1056 2176
	1024 2208
	992 2240
	800 2752
	640 2912
	608 3040
	576 3104
	897 2785
	929 2753
13
	1216 2689
	1216 2752
	1312 2785
	1473 2848
	1377 2784
	1345 2752
	1313 2720
	1185 2592
	1089 2432
	801 2272
	864 2433
	864 2561
	961 2689
10
	1216 2752
	1216 2753
	1345 2752
	1313 2657
	1472 2432
	1440 2464
	1377 2369
	1312 2336
	1248 2592
	1216 2689
1
	1184 2752
1
	1184 2753
5
	1216 2753
	1312 2785
	1441 2816
	1377 2784
	1216 2752
1
	1216 2785
13
	1312 2785
	1312 2944
	1665 2944
	1601 2912
	1537 2880
	1473 2848
	1441 2816
	1312 2336
	1248 2401
	1185 2592
	801 2272
	1216 2689
	1216 2753
5
	1312 2944
	1280 3008
	1665 2944
	1313 2657
	1312 2785
1
	1280 2944
6
	1280 3008
	1216 3040
	2368 2976
	2209 2913
	1856 2944
	1312 2944
1
	1216 3008
8
	1216 3040
	929 3040
	576 3104
	512 3136
	2368 2976
	2209 2913
	1856 2944
	1280 3008
7
	929 3040
	897 3008
	640 2753
	608 3040
	2625 3136
	2593 3104
	1216 3040
1
	929 3008
4
	897 3008
	865 2976
	640 2753
	929 3040
1
	897 2976
6
	865 2976
	865 2849
	864 2433
	864 2561
	640 2753
	897 3008
30
	1089 2305
	1184 2305
	1217 2273
	1249 2209
	1665 1921
	1697 1729
	1857 1569
	1889 1537
	1921 1473
	1953 1345
	1985 1217
	1984 1152
	1952 1184
	1408 1888
	1376 1920
	1344 1952
	1312 1984
	1280 2016
	1248 2048
	1216 2080
	1152 2112
	1120 2144
	161 2401
	864 2560
	864 2688
	865 2849
	897 2785
	929 2753
	961 2689
	1089 2432
4
	1184 2305
	1185 2305
	801 2272
	1089 2305
1
	1184 2337
1
	1185 2337
16
	1185 2305
	1217 2273
	1249 2209
	1888 1248
	1856 1280
	1824 1312
	1760 1408
	1472 1792
	1408 1888
	1376 1920
	1344 1952
	1312 1984
	1280 2016
	1248 2048
	1216 2080
	1184 2305
1
	1217 2305
12
	1217 2273
	1249 2209
	1440 1824
	1408 1888
	1376 1920
	1344 1952
	1312 1984
	1280 2016
	1248 2048
	161 2401
	1089 2305
	1185 2305
1
	1249 2273
30
	1249 2209
	1344 2209
	1952 2208
	1664 2176
	1601 2049
	1633 2017
	1665 1921
	1697 1729
	1921 1473
	1953 1345
	1985 1217
	1984 1152
	1952 1184
	1920 1216
	1888 1248
	1856 1280
	1824 1312
	1760 1408
	1472 1792
	1440 1824
	1408 1888
	1376 1920
	1344 1952
	1312 1984
	1280 2016
	992 2240
	928 2272
	1089 2305
	1185 2305
	1217 2273
6
	1344 2209
	1408 2241
	1856 2273
	2209 2209
	1344 1952
	1249 2209
1
	1344 2241
6
	1408 2241
	1472 2273
	1856 2273
	2145 2241
	1408 1888
	1344 2209
1
	1408 2273
17
	1472 2273
	1472 2432
	1505 2656
	1568 2529
	1632 2593
	1664 2625
	1696 2657
	1792 2689
	1824 2721
	1856 2753
	1985 2784
	1729 2464
	1697 2432
	1665 2400
	1729 2273
	1472 1792
	1408 2241
19
	1472 2432
	1440 2464
	1216 2752
	1313 2657
	1472 2689
	1697 2432
	1665 2337
	1697 2305
	1729 2273
	1664 2176
	1601 2049
	1697 1729
	1824 1312
	1792 1344
	1760 1408
	1601 1089
	1536 1632
	1504 1728
	1472 2273
1
	1440 2432
11
	1440 2464
	1377 2464
	1248 2592
	1216 2752
	1313 2657
	1440 2657
	1729 2464
	1665 2337
	1697 2305
	1729 2273
	1472 2432
13
	1377 2464
	1377 2369
	1345 2336
	1248 2401
	1440 2657
	1472 2689
	1536 2721
	1568 2753
	1505 2656
	1568 2529
	2432 2561
	2593 2560
	1440 2464
7
	1377 2369
	1377 2368
	1248 2400
	1248 2592
	1216 2752
	1313 2657
	1377 2464
1
	1409 2369
1
	1409 2368
4
	1377 2368
	1345 2336
	1280 2368
	1377 2369
1
	1377 2336
4
	1345 2336
	1312 2336
	1377 2464
	1377 2368
1
	1345 2304
1
	1312 2304
6
	1312 2336
	1280 2368
	1248 2592
	1216 2752
	1312 2785
	1345 2336
1
	1280 2336
5
	1280 2368
	1248 2400
	1248 2592
	1377 2368
	1312 2336
1
	1248 2368
4
	1248 2400
	1248 2401
	1377 2369
	1280 2368
1
	1216 2400
1
	1216 2401
12
	1248 2401
	1248 2592
	1312 2785
	1313 2720
	1440 2657
	1472 2689
	1536 2721
	1568 2753
	1632 2785
	1505 2656
	1377 2464
	1248 2400
14
	1248 2592
	1185 2592
	864 2688
	961 2689
	1216 2752
	1505 2529
	1665 2337
	1697 2305
	1729 2273
	1440 2464
	1377 2369
	1312 2336
	1280 2368
	1248 2401
14
	1185 2592
	1153 2464
	1089 2432
	801 2272
	481 2240
	864 2433
	864 2561
	1216 2689
	1312 2785
	1313 2720
	1440 2657
	1569 2688
	1505 2656
	1248 2592
1
	1185 2464
6
	1153 2464
	1089 2432
	481 2240
	768 2401
	864 2433
	1185 2592
1
	1153 2432
8
	1089 2432
	1089 2305
	801 2272
	481 2240
	768 2401
	1216 2689
	1185 2592
	1153 2464
14
	1121 545
	1216 545
	1952 544
	1409 321
	1441 225
	1152 448
	768 576
	736 608
	672 672
	640 704
	448 768
	225 929
	737 961
	1121 672
9
	1216 545
	1344 577
	1952 609
	2081 545
	1152 225
	1025 448
	736 449
	768 481
	1121 545
1
	1216 577
7
	1344 577
	1376 609
	1728 673
	1952 609
	1152 225
	1025 448
	1216 545
1
	1344 609
8
	1376 609
	1376 672
	1536 929
	1601 896
	1728 673
	1857 609
	1152 225
	1344 577
16
	1376 672
	1344 704
	1152 1056
	1089 1217
	1121 1185
	1153 1153
	1217 1121
	1312 1184
	1281 1569
	1825 641
	1857 609
	2081 545
	2113 513
	1952 544
	1409 321
	1376 609
1
	1344 672
15
	1344 704
	1312 736
	1152 1056
	1089 1217
	1121 1185
	1153 1153
	1217 1121
	1312 1184
	1665 673
	1825 641
	1857 609
	2081 545
	2113 513
	1952 544
	1376 672
1
	1312 704
20
	1312 736
	1153 736
	448 768
	225 929
	737 961
	1152 1056
	1089 1217
	1121 1185
	1153 1153
	1217 1121
	1312 1121
	1633 705
	1665 673
	1825 641
	1857 609
	2081 545
	2113 513
	2177 481
	1952 544
	1344 704
12
	1153 736
	1121 672
	736 449
	768 481
	545 704
	480 736
	1153 1153
	1312 1121
	1536 929
	1952 1057
	1601 896
	1312 736
1
	1153 672
11
	1121 672
	1121 545
	1025 448
	993 384
	961 352
	736 449
	768 481
	672 672
	1152 961
	1312 1121
	1153 736
15
	1313 2657
	1440 2657
	1505 2529
	1665 2337
	1697 2305
	1729 2273
	1664 2176
	1472 2432
	1440 2464
	1377 2369
	864 2688
	961 2689
	1216 2752
	1312 2944
	1313 2720
16
	1440 2657
	1472 2689
	1536 2721
	1696 2817
	1760 2849
	1761 2816
	1697 2784
	1633 2752
	1601 2720
	1569 2688
	1440 2464
	1377 2464
	1248 2401
	1185 2592
	864 2561
	1313 2657
1
	1440 2689
10
	1472 2689
	1536 2721
	1761 2816
	1697 2784
	1633 2752
	1601 2720
	1472 2432
	1377 2464
	1248 2401
	1440 2657
1
	1472 2721
13
	1536 2721
	1568 2753
	1632 2785
	1696 2817
	1760 2849
	1761 2816
	1697 2784
	1633 2752
	1505 2656
	1377 2464
	1248 2401
	1440 2657
	1472 2689
1
	1536 2753
8
	1568 2753
	1632 2785
	1761 2816
	1697 2784
	1505 2656
	1377 2464
	1248 2401
	1536 2721
1
	1568 2785
9
	1632 2785
	1696 2817
	1761 2816
	1601 2720
	1569 2688
	1505 2656
	1248 2401
	1536 2721
	1568 2753
1
	1632 2817
9
	1696 2817
	1760 2849
	1633 2752
	1601 2720
	1569 2688
	1505 2656
	1440 2657
	1536 2721
	1632 2785
1
	1696 2849
7
	1760 2849
	1697 2784
	1633 2752
	1505 2656
	1440 2657
	1536 2721
	1696 2817
1
	1760 2881
1
	1793 2881
1
	1793 2816
7
	1761 2816
	1697 2784
	1440 2657
	1472 2689
	1536 2721
	1568 2753
	1632 2785
1
	1761 2784
8
	1697 2784
	1633 2752
	1440 2657
	1472 2689
	1536 2721
	1568 2753
	1760 2849
	1761 2816
1
	1697 2752
9
	1633 2752
	1601 2720
	1505 2656
	1440 2657
	1472 2689
	1536 2721
	1696 2817
	1760 2849
	1697 2784
1
	1633 2720
8
	1601 2720
	1569 2688
	1505 2656
	1440 2657
	1472 2689
	1632 2785
	1696 2817
	1633 2752
1
	1601 2688
7
	1569 2688
	1505 2656
	1185 2592
	1440 2657
	1632 2785
	1696 2817
	1601 2720
1
	1569 2656
15
	1505 2656
	1505 2529
	1472 2273
	1377 2464
	1248 2401
	1185 2592
	864 2561
	1536 2721
	1568 2753
	1632 2785
	1696 2817
	1760 2849
	1633 2752
	1601 2720
	1569 2688
19
	1505 2529
	1568 2529
	2593 2465
	2625 2433
	2400 2432
	1888 2464
	1665 2337
	1728 2080
	1696 2112
	1664 2176
	1601 2049
	1601 1089
	1601 801
	1536 1632
	1248 2592
	864 2688
	961 2689
	1313 2657
	1505 2656
11
	1568 2529
	1632 2593
	1792 2689
	2209 2976
	1985 2784
	2432 2561
	2593 2560
	1536 929
	1472 2273
	1377 2464
	1505 2529
1
	1568 2593
8
	1632 2593
	1664 2625
	1792 2689
	1985 2784
	2081 2593
	1601 2176
	1472 2273
	1568 2529
1
	1632 2625
9
	1664 2625
	1696 2657
	1792 2689
	1985 2784
	2049 2625
	1664 2176
	1601 2176
	1472 2273
	1632 2593
1
	1664 2657
7
	1696 2657
	1792 2689
	2017 2657
	1665 2400
	1601 2176
	1472 2273
	1664 2625
1
	1696 2689
13
	1792 2689
	1824 2721
	2209 2976
	1985 2784
	1985 2689
	1729 2464
	1697 2432
	1665 2400
	1472 2273
	1568 2529
	1632 2593
	1664 2625
	1696 2657
1
	1792 2721
9
	1824 2721
	1856 2753
	2209 2976
	1985 2784
	1729 2464
	1697 2432
	1665 2400
	1472 2273
	1792 2689
1
	1824 2753
9
	1856 2753
	1856 2944
	2209 2976
	1985 2784
	1729 2464
	1697 2432
	1665 2400
	1472 2273
	1824 2721
14
	1856 2944
	1665 2944
	1280 3008
	1216 3040
	2209 2913
	2241 2881
	2208 2752
	2080 2784
	1985 2689
	2113 2273
	1952 2208
	1920 2432
	1888 2464
	1856 2753
8
	1665 2944
	1601 2912
	1312 2785
	1312 2944
	2625 3136
	2593 3104
	2209 2976
	1856 2944
1
	1665 2912
4
	1601 2912
	1537 2880
	1312 2785
	1665 2944
1
	1601 2880
4
	1537 2880
	1473 2848
	1312 2785
	1601 2912
1
	1537 2848
6
	1473 2848
	1441 2816
	1377 2784
	1216 2689
	1312 2785
	1537 2880
1
	1473 2816
5
	1441 2816
	1377 2784
	1216 2753
	1312 2785
	1473 2848
1
	1441 2784
8
	1377 2784
	1345 2752
	801 2272
	864 2433
	1216 2689
	1216 2753
	1473 2848
	1441 2816
1
	1377 2752
7
	1345 2752
	1313 2720
	801 2272
	864 2433
	1216 2689
	1216 2752
	1377 2784
1
	1345 2720
9
	1313 2720
	1313 2657
	1248 2401
	1185 2592
	801 2272
	864 2433
	864 2561
	1216 2689
	1345 2752
9
	1409 321
	1441 225
	1152 448
	640 704
	225 929
	1121 545
	1376 672
	1377 1537
	1409 480
1
	1441 321
8
	1441 225
	1568 225
	1761 193
	2369 129
	1152 225
	1152 448
	1121 545
	1409 321
7
	1568 225
	1600 289
	1664 321
	1056 129
	1088 161
	1120 193
	1441 225
1
	1568 289
4
	1600 289
	1664 321
	1729 289
	1568 225
1
	1600 321
4
	1664 321
	1697 321
	1568 225
	1600 289
1
	1664 353
1
	1697 353
4
	1697 321
	1729 289
	1761 193
	1664 321
1
	1729 321
4
	1729 289
	1761 193
	1600 289
	1697 321
1
	1761 289
7
	1761 193
	1888 193
	2369 129
	1120 193
	1441 225
	1697 321
	1729 289
6
	1888 193
	2048 225
	2369 288
	1056 129
	1088 161
	1761 193
1
	1888 225
8
	2048 225
	2080 257
	2401 576
	2592 417
	2465 352
	2433 320
	2369 288
	1888 193
1
	2048 257
9
	2080 257
	2112 289
	2401 576
	2592 417
	2848 449
	2465 352
	2433 320
	2369 288
	2048 225
1
	2080 289
9
	2112 289
	2112 448
	2304 481
	2401 576
	2592 417
	2848 449
	2465 352
	2433 320
	2080 257
10
	2112 448
	2080 480
	1952 704
	1856 896
	2049 641
	2081 545
	2401 417
	2592 352
	2369 129
	2112 289
1
	2080 448
10
	2080 480
	2016 512
	1857 609
	1952 704
	1856 896
	2049 641
	2401 417
	2880 288
	2592 352
	2112 448
1
	2016 480
11
	2016 512
	1952 544
	1857 609
	1952 704
	1984 1152
	1985 1217
	2177 481
	2401 417
	2880 288
	2592 352
	2080 480
1
	1952 512
15
	1952 544
	1473 544
	1121 545
	1376 672
	1344 704
	1312 736
	737 961
	1665 673
	1857 609
	1952 609
	2113 513
	2177 481
	2401 417
	2592 352
	2016 512
15
	1473 544
	1441 512
	1056 129
	1088 161
	1120 193
	1152 225
	1025 448
	736 449
	768 481
	1536 929
	1601 1216
	1601 896
	1728 673
	1952 609
	1952 544
1
	1473 512
13
	1441 512
	1409 480
	1056 129
	1088 161
	1120 193
	1152 225
	1025 448
	736 449
	768 481
	1441 929
	1536 929
	1601 896
	1473 544
1
	1441 480
12
	1409 480
	1409 321
	1056 129
	1088 161
	1120 193
	1152 225
	1025 448
	736 449
	1409 1409
	1536 929
	1601 896
	1441 512
13
	1601 801
	1633 705
	225 929
	737 961
	1152 1056
	385 1537
	833 1313
	1025 1249
	1153 1153
	1441 929
	1536 1632
	1505 2529
	1601 896
1
	1633 801
13
	1633 705
	1665 673
	1312 736
	225 929
	737 961
	1152 1056
	577 1505
	833 1313
	1025 1249
	1153 1153
	1217 1121
	1441 929
	1601 801
1
	1665 705
16
	1665 673
	1728 673
	1825 641
	1857 609
	2113 513
	2177 481
	1952 544
	1344 704
	1312 736
	737 961
	1152 1056
	577 1505
	833 1313
	1025 1249
	1153 1153
	1633 705
8
	1728 673
	1760 737
	1793 673
	1473 544
	1025 448
	1344 577
	1376 609
	1665 673
1
	1728 737
2
	1760 737
	1728 673
1
	1760 769
1
	1761 769
2
	1761 705
	1793 673
1
	1793 705
4
	1793 673
	1825 641
	1728 673
	1761 705
1
	1825 673
7
	1825 641
	1857 609
	1376 672
	1344 704
	1312 736
	1665 673
	1793 673
1
	1857 641
15
	1857 609
	1952 609
	2081 545
	2113 513
	2177 481
	2080 480
	2016 512
	1952 544
	1376 609
	1376 672
	1344 704
	1312 736
	737 961
	1665 673
	1825 641
11
	1952 609
	1952 704
	1984 1089
	2049 736
	1952 544
	1473 544
	736 449
	768 481
	1216 545
	1344 577
	1857 609
11
	1952 704
	1920 736
	1856 896
	1952 1057
	2049 641
	2081 545
	2369 129
	2112 448
	2080 480
	2016 512
	1952 609
1
	1920 704
6
	1920 736
	1888 768
	1856 896
	2049 736
	2049 641
	1952 704
1
	1888 736
6
	1888 768
	1856 800
	1856 896
	2112 736
	2049 641
	1920 736
1
	1856 768
6
	1856 800
	1856 801
	3008 576
	2112 736
	2049 641
	1888 768
1
	1824 800
1
	1824 801
6
	1856 801
	1856 896
	1952 1057
	1984 1089
	2113 801
	1856 800
19
	1856 896
	1761 896
	225 929
	737 961
	1441 929
	1601 1089
	1697 1057
	2113 801
	2624 576
	2464 576
	2112 736
	2049 641
	2081 545
	2112 448
	2080 480
	1952 704
	1920 736
	1888 768
	1856 801
5
	1761 896
	1729 864
	1696 896
	1952 1057
	1856 896
1
	1761 864
3
	1729 864
	1697 832
	1761 896
1
	1729 832
3
	1697 832
	1697 1057
	1729 864
1
	1697 800
1
	1696 800
7
	1696 896
	1601 896
	225 929
	737 961
	1441 929
	1601 1089
	1761 896
13
	1601 896
	1601 801
	1473 544
	1441 512
	1409 480
	1152 225
	1376 609
	1153 736
	545 704
	353 768
	1601 1089
	1952 1057
	1696 896
12
	1601 1089
	1697 1057
	2113 801
	2464 576
	2112 736
	1856 896
	1696 896
	1601 896
	1536 1632
	1472 2432
	1505 2529
	1601 1216
1
	1697 1089
8
	1697 1057
	1952 1057
	2113 801
	2464 576
	2112 736
	1856 896
	1697 832
	1601 1089
9
	1952 1057
	1984 1089
	1952 704
	1856 801
	1761 896
	1601 896
	1153 736
	1536 929
	1697 1057
1
	1952 1089
5
	1984 1089
	1984 1152
	1952 609
	1856 801
	1952 1057
20
	1984 1152
	1952 1184
	1760 1408
	1504 1728
	1472 1792
	1408 1888
	1089 2305
	1249 2209
	1697 1729
	1857 1569
	1889 1537
	1921 1473
	1953 1345
	2081 1121
	2113 801
	2144 704
	2112 736
	2049 641
	2016 512
	1984 1089
1
	1952 1152
15
	1952 1184
	1920 1216
	1760 1408
	1504 1728
	1472 1792
	1408 1888
	1089 2305
	1249 2209
	1697 1729
	1857 1569
	1889 1537
	1921 1473
	2049 1153
	2081 1121
	1984 1152
1
	1920 1184
14
	1920 1216
	1888 1248
	1760 1408
	1504 1728
	1472 1792
	1408 1888
	1249 2209
	1697 1729
	1857 1569
	1889 1537
	2017 1185
	2049 1153
	2081 1121
	1952 1184
1
	1888 1216
14
	1888 1248
	1856 1280
	1760 1408
	1472 1792
	1408 1888
	1185 2305
	1249 2209
	1697 1729
	1857 1569
	1985 1217
	2017 1185
	2049 1153
	2081 1121
	1920 1216
1
	1856 1248
13
	1856 1280
	1824 1312
	1760 1408
	1408 1888
	1185 2305
	1249 2209
	1697 1729
	1856 1857
	1985 1217
	2017 1185
	2049 1153
	2081 1121
	1888 1248
1
	1824 1280
13
	1824 1312
	1792 1344
	1760 1408
	1185 2305
	1249 2209
	1472 2432
	1697 1729
	1824 1761
	1985 1217
	2017 1185
	2049 1153
	2081 1121
	1856 1280
1
	1792 1312
11
	1792 1344
	1760 1408
	1472 2432
	1601 2049
	1697 1729
	1792 1729
	1985 1217
	2017 1185
	2049 1153
	2081 1121
	1824 1312
1
	1760 1344
24
	1760 1408
	1665 1408
	1536 1632
	1504 1728
	1472 1792
	1408 1888
	1185 2305
	1249 2209
	1472 2432
	1601 2049
	1633 2017
	1697 1729
	1953 1345
	1985 1217
	2017 1185
	2049 1153
	2081 1121
	1984 1152
	1952 1184
	1920 1216
	1888 1248
	1856 1280
	1824 1312
	1792 1344
10
	1665 1408
	1633 1280
	1601 1216
	1665 1921
	1792 1729
	1824 1761
	2113 2368
	1953 2016
	1857 1632
	1760 1408
1
	1665 1280
4
	1633 1280
	1601 1216
	1633 2017
	1665 1408
1
	1633 1216
7
	1601 1216
	1601 1089
	1473 544
	1536 929
	1601 2049
	1665 1408
	1633 1280
18
	1601 2049
	1633 2017
	1665 1921
	1697 1729
	1792 1344
	1760 1408
	1601 1216
	1216 2080
	1152 2112
	1120 2144
	1056 2176
	1024 2208
	992 2240
	928 2272
	1249 2209
	1472 2432
	1505 2529
	1601 2176
1
	1633 2049
15
	1633 2017
	1665 1921
	1697 1729
	1760 1408
	1633 1280
	1248 2048
	1216 2080
	1152 2112
	1120 2144
	1056 2176
	1024 2208
	992 2240
	928 2272
	1249 2209
	1601 2049
1
	1665 2017
18
	1665 1921
	1697 1729
	1665 1408
	1344 1952
	1312 1984
	1280 2016
	1248 2048
	1216 2080
	1152 2112
	1120 2144
	1056 2176
	1024 2208
	992 2240
	928 2272
	1089 2305
	1249 2209
	1601 2049
	1633 2017
1
	1697 1921
32
	1697 1729
	1792 1729
	2625 1665
	2432 1664
	1984 1632
	1857 1569
	1921 1473
	1953 1345
	1985 1217
	1984 1152
	1952 1184
	1920 1216
	1888 1248
	1856 1280
	1824 1312
	1792 1344
	1760 1408
	1472 1792
	1440 1824
	1408 1888
	1376 1920
	1344 1952
	1312 1984
	1280 2016
	1248 2048
	1216 2080
	1089 2305
	1249 2209
	1472 2432
	1601 2049
	1633 2017
	1665 1921
6
	1792 1729
	1824 1761
	2017 1729
	1792 1344
	1665 1408
	1697 1729
1
	1792 1761
9
	1824 1761
	1856 1857
	2113 2368
	1985 2080
	1953 2016
	1985 1761
	1824 1312
	1665 1408
	1792 1729
1
	1824 1857
7
	1856 1857
	1888 1953
	2113 2368
	1985 2080
	1953 2016
	1856 1280
	1824 1761
1
	1856 1953
7
	1888 1953
	1920 2049
	2113 2368
	1985 2080
	1953 2016
	1857 1632
	1856 1857
1
	1888 2049
7
	1920 2049
	1952 2145
	2113 2368
	2049 2112
	1985 2080
	1857 1632
	1888 1953
1
	1920 2145
7
	1952 2145
	1952 2208
	1985 2784
	2113 2368
	2337 2145
	1857 1632
	1920 2049
14
	1952 2208
	1857 2208
	1249 2209
	1729 2273
	1920 2432
	1856 2944
	2241 2177
	2337 2145
	2689 2081
	2624 2080
	2368 2080
	2240 2112
	1953 1889
	1952 2145
9
	1857 2208
	1825 2112
	1601 2176
	1024 2208
	1920 2305
	2177 2432
	2145 2400
	2113 2368
	1952 2208
1
	1857 2112
5
	1825 2112
	1793 2016
	1696 2112
	1856 2273
	1857 2208
1
	1825 2016
4
	1793 2016
	1761 1920
	1856 2273
	1825 2112
1
	1793 1920
3
	1761 1920
	1856 2273
	1793 2016
1
	1761 1824
1
	1760 1824
5
	1760 1984
	1728 2080
	1665 2337
	1697 2305
	1729 2273
1
	1728 1984
7
	1728 2080
	1696 2112
	1664 2176
	1505 2529
	1665 2337
	1697 2305
	1760 1984
1
	1696 2080
6
	1696 2112
	1664 2176
	1505 2529
	1665 2337
	1825 2112
	1728 2080
1
	1664 2112
10
	1664 2176
	1601 2176
	1024 2208
	1249 2209
	1472 2432
	1313 2657
	1505 2529
	1664 2625
	1728 2080
	1696 2112
12
	1601 2176
	1601 2049
	1536 929
	1056 2176
	1632 2593
	1664 2625
	1696 2657
	1665 2400
	1856 2273
	2113 2368
	1857 2208
	1664 2176
11
	1665 2337
	1697 2305
	1760 1984
	1728 2080
	1696 2112
	1472 2432
	1440 2464
	1248 2592
	1313 2657
	1505 2529
	1665 2400
1
	1697 2337
9
	1697 2305
	1729 2273
	1760 1984
	1728 2080
	1472 2432
	1440 2464
	1248 2592
	1313 2657
	1665 2337
1
	1729 2305
15
	1729 2273
	1856 2273
	2145 2241
	2209 2209
	2241 2177
	2337 2145
	2624 2080
	1952 2208
	1760 1984
	1472 2273
	1472 2432
	1440 2464
	1248 2592
	1313 2657
	1697 2305
13
	1856 2273
	1920 2305
	2177 2432
	2145 2400
	2113 2368
	2113 2273
	1825 2112
	1793 2016
	1761 1920
	1601 2176
	1344 2209
	1408 2241
	1729 2273
1
	1856 2305
9
	1920 2305
	1920 2432
	1985 2784
	2432 2561
	2177 2432
	2145 2400
	2113 2368
	1857 2208
	1856 2273
9
	1920 2432
	1888 2464
	1856 2944
	2177 2432
	2113 2273
	2145 2241
	2240 2112
	1952 2208
	1920 2305
1
	1888 2432
9
	1888 2464
	1729 2464
	1505 2529
	1856 2944
	2625 2433
	2400 2432
	2113 2273
	2145 2241
	1920 2432
12
	1729 2464
	1697 2432
	1472 2273
	1440 2464
	1792 2689
	1824 2721
	1856 2753
	1985 2784
	2432 2561
	2657 2592
	2593 2560
	1888 2464
1
	1729 2432
9
	1697 2432
	1665 2400
	1472 2273
	1472 2432
	1792 2689
	1824 2721
	1856 2753
	1985 2784
	1729 2464
1
	1697 2400
10
	1665 2400
	1665 2337
	1601 2176
	1472 2273
	1696 2657
	1792 2689
	1824 2721
	1856 2753
	1985 2784
	1697 2432
26
	1857 1569
	1889 1537
	1921 1473
	1953 1345
	1985 1217
	2113 801
	2144 704
	2112 736
	1984 1152
	1952 1184
	1920 1216
	1888 1248
	1536 1632
	1504 1728
	1472 1792
	1440 1824
	1408 1888
	1376 1920
	1344 1952
	1312 1984
	1280 2016
	1248 2048
	1216 2080
	1089 2305
	1697 1729
	1857 1632
1
	1889 1569
21
	1889 1537
	1921 1473
	1953 1345
	1985 1217
	2112 736
	1984 1152
	1952 1184
	1920 1216
	1536 1632
	1504 1728
	1472 1792
	1440 1824
	1408 1888
	1376 1920
	1344 1952
	1312 1984
	1280 2016
	1248 2048
	1216 2080
	1089 2305
	1857 1569
1
	1921 1537
20
	1921 1473
	1953 1345
	1984 1152
	1952 1184
	1536 1632
	1504 1728
	1472 1792
	1440 1824
	1408 1888
	1376 1920
	1344 1952
	1312 1984
	1280 2016
	1248 2048
	1216 2080
	1089 2305
	1249 2209
	1697 1729
	1857 1569
	1889 1537
1
	1953 1473
21
	1953 1345
	1985 1217
	1984 1152
	1760 1408
	1536 1632
	1504 1728
	1472 1792
	1440 1824
	1408 1888
	1376 1920
	1344 1952
	1312 1984
	1280 2016
	1248 2048
	1216 2080
	1089 2305
	1249 2209
	1697 1729
	1857 1569
	1889 1537
	1921 1473
1
	1985 1345
22
	1985 1217
	2017 1185
	2113 801
	2112 736
	2049 641
	2016 512
	1888 1248
	1856 1280
	1824 1312
	1792 1344
	1760 1408
	1536 1632
	1504 1728
	1472 1792
	1408 1888
	864 2560
	1089 2305
	1249 2209
	1697 1729
	1857 1569
	1889 1537
	1953 1345
1
	2017 1217
13
	2017 1185
	2049 1153
	2113 801
	2112 736
	2049 641
	1920 1216
	1888 1248
	1856 1280
	1824 1312
	1792 1344
	1760 1408
	1536 1632
	1985 1217
1
	2049 1185
14
	2049 1153
	2081 1121
	2113 801
	2112 736
	2049 736
	1952 1184
	1920 1216
	1888 1248
	1856 1280
	1824 1312
	1792 1344
	1760 1408
	1536 1632
	2017 1185
1
	2081 1153
13
	2081 1121
	2113 801
	2112 736
	1984 1152
	1952 1184
	1920 1216
	1888 1248
	1856 1280
	1824 1312
	1792 1344
	1760 1408
	1536 1632
	2049 1153
1
	2113 1121
22
	2113 801
	2208 801
	3008 576
	2624 576
	2464 576
	2401 417
	2304 544
	2272 576
	2240 608
	2208 640
	2176 672
	2144 704
	1856 801
	1856 896
	1601 1089
	1697 1057
	1984 1152
	1857 1569
	1985 1217
	2017 1185
	2049 1153
	2081 1121
13
	2208 801
	2208 1216
	2240 1313
	2304 1345
	2336 1409
	2305 1152
	2528 1025
	2592 1057
	2497 992
	2593 801
	2208 640
	2049 736
	2113 801
11
	2208 1216
	2208 1217
	2305 1057
	2496 512
	2464 576
	2401 417
	2369 129
	2304 544
	2272 576
	2240 608
	2208 801
1
	2176 1216
1
	2176 1217
10
	2208 1217
	2240 1313
	2304 1345
	2400 1441
	2593 1504
	2561 1472
	2465 1344
	2401 1280
	2369 1248
	2208 1216
1
	2208 1313
7
	2240 1313
	2304 1345
	2561 1472
	2465 1344
	2240 608
	2208 801
	2208 1217
1
	2240 1345
9
	2304 1345
	2336 1409
	2400 1441
	2593 1504
	2561 1472
	2304 544
	2208 801
	2208 1217
	2240 1313
1
	2304 1409
7
	2336 1409
	2400 1441
	2593 1504
	2561 1472
	2305 1152
	2208 801
	2304 1345
1
	2336 1441
11
	2400 1441
	2432 1505
	2880 1601
	2593 1504
	2561 1472
	2369 1248
	2337 1184
	2305 1152
	2208 1217
	2304 1345
	2336 1409
1
	2400 1505
12
	2432 1505
	2432 1664
	2464 1761
	2528 2209
	2560 2241
	2561 2080
	2880 1601
	2401 1280
	2369 1248
	2337 1184
	2305 1152
	2400 1441
13
	2432 1664
	2369 1664
	1504 1728
	1697 1729
	2017 1729
	2305 1729
	2432 1729
	2657 1601
	2912 1472
	2688 1504
	2561 1313
	2528 1344
	2432 1505
11
	2369 1664
	2337 1600
	2273 1504
	2241 1472
	2209 1440
	2177 1408
	2145 1376
	1857 1632
	2432 1729
	2464 1761
	2432 1664
1
	2369 1600
8
	2337 1600
	2305 1536
	2273 1504
	2241 1472
	2209 1440
	2177 1408
	2145 1376
	2369 1664
1
	2337 1536
4
	2305 1536
	2273 1504
	2305 1729
	2337 1600
1
	2305 1504
6
	2273 1504
	2241 1472
	2305 1824
	2369 1664
	2337 1600
	2305 1536
1
	2273 1472
6
	2241 1472
	2209 1440
	2305 1824
	2369 1664
	2337 1600
	2273 1504
1
	2241 1440
7
	2209 1440
	2177 1408
	2048 1440
	2305 1824
	2369 1664
	2337 1600
	2241 1472
1
	2209 1408
7
	2177 1408
	2145 1376
	2177 2017
	2305 1824
	2369 1664
	2337 1600
	2209 1440
1
	2177 1376
7
	2145 1376
	2113 1312
	2176 1761
	2305 1824
	2369 1664
	2337 1600
	2177 1408
1
	2145 1312
6
	2113 1312
	2080 1312
	2144 1729
	2176 1761
	2305 1824
	2145 1376
1
	2113 1280
1
	2080 1280
6
	2080 1312
	2048 1440
	1953 1889
	1985 1761
	2017 1729
	2113 1312
1
	2048 1312
7
	2048 1440
	2016 1568
	1953 1889
	1985 1761
	2017 1729
	2209 1440
	2080 1312
1
	2016 1440
5
	2016 1568
	1984 1632
	1953 1889
	1985 1761
	2048 1440
1
	1984 1568
7
	1984 1632
	1857 1632
	1504 1728
	1472 1792
	1697 1729
	1953 1889
	2016 1568
12
	1857 1632
	1857 1569
	1665 1408
	1536 1632
	1888 1953
	1920 2049
	1952 2145
	1953 2016
	2144 1729
	2432 1729
	2369 1664
	1984 1632
8
	1953 1889
	1985 1761
	2080 1312
	2048 1440
	2016 1568
	1984 1632
	1952 2208
	1953 2016
1
	1985 1889
7
	1985 1761
	2017 1729
	2080 1312
	2048 1440
	2016 1568
	1824 1761
	1953 1889
1
	2017 1761
8
	2017 1729
	2144 1729
	2625 1665
	2432 1664
	2080 1312
	2048 1440
	1792 1729
	1985 1761
8
	2144 1729
	2176 1761
	2337 1856
	2305 1824
	2305 1729
	2113 1312
	1857 1632
	2017 1729
1
	2144 1761
7
	2176 1761
	2176 1824
	2337 1856
	2305 1824
	2145 1376
	2113 1312
	2144 1729
6
	2176 1824
	2080 1856
	2048 1952
	2305 1824
	2305 1729
	2176 1761
1
	2080 1824
4
	2080 1856
	2048 1952
	2337 1856
	2176 1824
1
	2048 1856
7
	2048 1952
	2048 1953
	2305 1921
	2337 1857
	2305 1729
	2176 1824
	2080 1856
1
	2016 1952
1
	2016 1953
3
	2048 1953
	2112 2017
	2048 1952
1
	2048 2017
3
	2112 2017
	2177 2017
	2048 1953
1
	2112 2049
1
	2177 2049
6
	2177 2017
	2305 1921
	2337 1857
	2305 1729
	2177 1408
	2112 2017
1
	2305 2017
5
	2305 1921
	2337 1857
	2305 1824
	2048 1952
	2177 2017
1
	2337 1921
5
	2337 1857
	2337 1856
	2048 1952
	2177 2017
	2305 1921
1
	2369 1857
1
	2369 1856
6
	2337 1856
	2305 1824
	2144 1729
	2176 1761
	2080 1856
	2337 1857
1
	2337 1824
13
	2305 1824
	2305 1729
	2273 1504
	2241 1472
	2209 1440
	2177 1408
	2145 1376
	2113 1312
	2144 1729
	2176 1761
	2176 1824
	2305 1921
	2337 1856
12
	2305 1729
	2432 1729
	2625 1665
	2657 1601
	2912 1472
	2432 1664
	2305 1536
	2144 1729
	2176 1824
	2048 1952
	2177 2017
	2305 1824
6
	2432 1729
	2464 1761
	2432 1664
	2369 1664
	1857 1632
	2305 1729
1
	2432 1761
9
	2464 1761
	2464 1824
	2496 2177
	2528 2209
	2560 2241
	2561 2080
	2432 1505
	2369 1664
	2432 1729
10
	2464 1824
	2432 1952
	2593 1793
	2625 1665
	2657 1601
	2817 1345
	2688 1504
	2561 1313
	2528 1344
	2464 1761
1
	2432 1824
11
	2432 1952
	2400 2016
	2337 2145
	2432 2145
	2561 1921
	2593 1793
	2625 1665
	2657 1601
	2817 1345
	2688 1504
	2464 1824
1
	2400 1952
9
	2400 2016
	2368 2080
	2337 2145
	2561 1921
	2593 1793
	2625 1665
	2657 1601
	2688 1504
	2432 1952
1
	2368 2016
14
	2368 2080
	2240 2112
	1952 2208
	2145 2241
	2241 2177
	2337 2145
	2561 2080
	2561 1921
	2593 1793
	2625 1665
	2657 1601
	2849 1217
	2688 1504
	2400 2016
1
	2240 2080
10
	2240 2112
	2049 2112
	1952 2208
	1920 2432
	2113 2273
	2145 2241
	2209 2209
	2689 2081
	2624 2080
	2368 2080
7
	2049 2112
	1985 2080
	1920 2049
	2049 2625
	2113 2368
	2432 2145
	2240 2112
1
	2049 2080
9
	1985 2080
	1953 2016
	1824 1761
	1856 1857
	1888 1953
	1920 2049
	1985 2689
	2113 2368
	2049 2112
1
	1985 2016
10
	1953 2016
	1953 1889
	1857 1632
	1665 1408
	1824 1761
	1856 1857
	1888 1953
	1985 2784
	2113 2368
	1985 2080
7
	1985 2689
	2017 2657
	2113 2273
	1985 2080
	1792 2689
	1856 2944
	1985 2784
1
	2017 2689
5
	2017 2657
	2049 2625
	2113 2273
	1696 2657
	1985 2689
1
	2049 2657
6
	2049 2625
	2081 2593
	2113 2273
	2049 2112
	1664 2625
	2017 2657
1
	2081 2625
9
	2081 2593
	2177 2561
	2689 2337
	2721 2305
	2496 2400
	2400 2432
	2113 2273
	1632 2593
	2049 2625
1
	2177 2593
11
	2177 2561
	2432 2561
	2593 2465
	2625 2433
	2657 2401
	2689 2337
	2721 2305
	2496 2400
	2400 2432
	2177 2432
	2081 2593
12
	2432 2561
	2464 2657
	2656 2785
	2913 2912
	2849 2784
	2657 2592
	2177 2432
	1920 2305
	1729 2464
	1377 2464
	1568 2529
	2177 2561
1
	2432 2657
7
	2464 2657
	2464 2752
	2593 3104
	2656 2785
	2913 2912
	2849 2784
	2432 2561
12
	2464 2752
	2432 2848
	2849 2721
	2913 2625
	2752 2592
	2593 2465
	2625 2113
	2624 2080
	2560 2304
	2528 2368
	2496 2400
	2464 2657
1
	2432 2752
7
	2432 2848
	2400 2912
	2593 2785
	2913 2625
	2752 2592
	2593 2465
	2464 2752
1
	2400 2848
5
	2400 2912
	2368 2976
	2593 2785
	2752 2592
	2432 2848
1
	2368 2912
9
	2368 2976
	2209 2976
	1280 3008
	1216 3040
	576 3104
	512 3136
	2593 2785
	2752 2592
	2400 2912
11
	2209 2976
	2209 2913
	1985 2784
	1568 2529
	1792 2689
	1824 2721
	1856 2753
	1665 2944
	2625 3136
	2593 3104
	2368 2976
8
	2209 2913
	2241 2881
	2209 2752
	1856 2944
	1280 3008
	1216 3040
	512 3136
	2209 2976
1
	2241 2913
3
	2241 2881
	1856 2944
	2209 2913
1
	2273 2881
1
	2273 2752
3
	2209 2752
	2208 2752
	2209 2913
1
	2209 2720
1
	2208 2720
4
	2208 2752
	2080 2784
	1856 2944
	2209 2752
1
	2080 2752
4
	2080 2784
	1985 2784
	1856 2944
	2208 2752
17
	1985 2784
	1985 2689
	1953 2016
	1952 2145
	1920 2305
	1729 2464
	1697 2432
	1665 2400
	1472 2273
	1568 2529
	1632 2593
	1664 2625
	1792 2689
	1824 2721
	1856 2753
	2209 2976
	2080 2784
13
	2049 641
	2081 545
	2112 448
	2080 480
	1952 704
	1920 736
	1888 768
	1856 800
	1856 896
	1984 1152
	1985 1217
	2017 1185
	2049 736
1
	2081 641
12
	2081 545
	2113 513
	2369 129
	2112 448
	1216 545
	1376 672
	1344 704
	1312 736
	1857 609
	1952 704
	1856 896
	2049 641
1
	2113 545
11
	2113 513
	2177 481
	2369 129
	1952 544
	1376 672
	1344 704
	1312 736
	737 961
	1665 673
	1857 609
	2081 545
1
	2177 513
12
	2177 481
	2304 481
	2401 417
	2592 352
	2369 129
	2016 512
	1952 544
	1312 736
	737 961
	1665 673
	1857 609
	2113 513
7
	2304 481
	2304 544
	2305 1152
	2497 992
	2401 576
	2112 289
	2177 481
8
	2304 544
	2272 576
	2113 801
	2208 1216
	2304 1345
	2401 417
	2369 129
	2304 481
1
	2272 544
6
	2272 576
	2240 608
	2113 801
	2208 1216
	2401 576
	2304 544
1
	2240 576
9
	2240 608
	2208 640
	2113 801
	2208 1216
	2240 1313
	3008 576
	2624 576
	2464 576
	2272 576
1
	2208 608
8
	2208 640
	2176 672
	2113 801
	2208 801
	3008 576
	2624 576
	2464 576
	2240 608
1
	2176 640
7
	2176 672
	2144 704
	2113 801
	3008 576
	2624 576
	2464 576
	2208 640
1
	2144 672
9
	2144 704
	2112 736
	1984 1152
	1857 1569
	2113 801
	3008 576
	2624 576
	2464 576
	2176 672
1
	2112 704
18
	2112 736
	2049 736
	1888 768
	1856 800
	1856 896
	1601 1089
	1697 1057
	1984 1152
	1857 1569
	1889 1537
	1985 1217
	2017 1185
	2049 1153
	2081 1121
	3008 576
	2624 576
	2464 576
	2144 704
8
	2049 736
	2049 641
	1952 609
	1920 736
	2049 1153
	2208 801
	2720 801
	2112 736
12
	2113 2273
	2145 2241
	2240 2112
	1856 2273
	1920 2432
	1888 2464
	1856 2944
	1985 2689
	2017 2657
	2049 2625
	2081 2593
	2113 2368
1
	2145 2273
10
	2145 2241
	2209 2209
	2241 2177
	2368 2080
	2240 2112
	1408 2241
	1729 2273
	1920 2432
	1888 2464
	2113 2273
1
	2209 2241
6
	2209 2209
	2241 2177
	2240 2112
	1344 2209
	1729 2273
	2145 2241
1
	2241 2209
7
	2241 2177
	2337 2145
	2368 2080
	1952 2208
	1729 2273
	2145 2241
	2209 2209
1
	2337 2177
18
	2337 2145
	2432 2145
	2625 2113
	2689 2081
	2624 2080
	2561 1921
	2593 1793
	2625 1665
	2657 1601
	2849 1217
	2688 1504
	2432 1952
	2400 2016
	2368 2080
	1952 2145
	1952 2208
	1729 2273
	2241 2177
8
	2432 2145
	2496 2177
	2784 2305
	2944 2337
	2625 2208
	2432 1952
	2049 2112
	2337 2145
1
	2432 2177
8
	2496 2177
	2528 2209
	2784 2305
	2944 2337
	2625 2208
	2465 1344
	2464 1761
	2432 2145
1
	2496 2209
9
	2528 2209
	2560 2241
	2784 2305
	2944 2337
	2528 1344
	2465 1344
	2432 1505
	2464 1761
	2496 2177
1
	2528 2241
11
	2560 2241
	2560 2304
	2593 3104
	2593 2560
	2784 2305
	2944 2337
	2465 1344
	2401 1280
	2432 1505
	2464 1761
	2528 2209
12
	2560 2304
	2528 2368
	2464 2752
	3008 2176
	2784 2176
	2720 2208
	2625 2113
	2656 2016
	2624 2080
	2561 1921
	2561 1313
	2560 2241
1
	2528 2304
9
	2528 2368
	2496 2400
	2464 2752
	2689 2337
	2721 2305
	3008 2176
	2784 2176
	2720 2208
	2560 2304
1
	2496 2368
11
	2496 2400
	2400 2432
	2081 2593
	2177 2561
	2464 2752
	2689 2337
	2721 2305
	3008 2176
	2784 2176
	2720 2208
	2528 2368
1
	2400 2400
9
	2400 2432
	2177 2432
	1888 2464
	1505 2529
	2081 2593
	2177 2561
	2657 2401
	2689 2337
	2496 2400
11
	2177 2432
	2145 2400
	1857 2208
	1856 2273
	1920 2305
	1920 2432
	2177 2561
	2432 2561
	2657 2592
	2593 2560
	2400 2432
1
	2177 2400
6
	2145 2400
	2113 2368
	1857 2208
	1856 2273
	1920 2305
	2177 2432
1
	2145 2368
16
	2113 2368
	2113 2273
	2049 2112
	1985 2080
	1953 2016
	1665 1408
	1824 1761
	1856 1857
	1888 1953
	1920 2049
	1952 2145
	1857 2208
	1601 2176
	1856 2273
	1920 2305
	2145 2400
11
	2305 1057
	2337 1025
	2785 449
	2880 288
	2624 576
	2496 512
	2464 576
	2401 417
	2369 129
	2208 1216
	2305 1152
1
	2337 1057
11
	2337 1025
	2528 1025
	2497 865
	2785 449
	2880 288
	2624 576
	2496 512
	2464 576
	2401 417
	2369 129
	2305 1057
8
	2528 1025
	2592 1057
	2849 1152
	2817 1088
	2785 1056
	2497 992
	2208 801
	2337 1025
1
	2528 1057
8
	2592 1057
	2624 1121
	2720 1217
	2849 1152
	2817 1088
	2497 992
	2208 801
	2528 1025
1
	2592 1121
5
	2624 1121
	2656 1185
	2720 1217
	2849 1152
	2592 1057
1
	2624 1185
3
	2656 1185
	2720 1217
	2624 1121
1
	2656 1217
8
	2720 1217
	2720 1376
	2880 1601
	2817 1440
	2849 1217
	2592 1057
	2624 1121
	2656 1185
5
	2720 1376
	2688 1504
	2817 1345
	2849 1217
	2720 1217
1
	2688 1376
14
	2688 1504
	2593 1504
	2432 1664
	2464 1824
	2432 1952
	2400 2016
	2368 2080
	2337 2145
	2625 1665
	2657 1601
	2912 1472
	2817 1345
	2849 1217
	2720 1376
9
	2593 1504
	2561 1472
	2208 1217
	2304 1345
	2336 1409
	2400 1441
	2593 1793
	2880 1601
	2688 1504
1
	2593 1472
12
	2561 1472
	2561 1313
	2465 1344
	2401 1280
	2369 1248
	2208 1217
	2240 1313
	2304 1345
	2336 1409
	2400 1441
	2561 1921
	2593 1504
6
	2561 1313
	2528 1344
	2432 1664
	2464 1824
	2560 2304
	2561 1472
1
	2593 1313
1
	2593 1312
1
	2528 1312
6
	2528 1344
	2465 1344
	2432 1664
	2464 1824
	2528 2209
	2561 1313
10
	2465 1344
	2401 1280
	2208 1217
	2240 1313
	2496 2177
	2528 2209
	2560 2241
	2561 2080
	2561 1472
	2528 1344
1
	2465 1280
8
	2401 1280
	2369 1248
	2208 1217
	2432 1505
	2560 2241
	2561 2080
	2561 1472
	2465 1344
1
	2401 1248
8
	2369 1248
	2337 1184
	2305 1152
	2208 1217
	2400 1441
	2432 1505
	2561 1472
	2401 1280
1
	2369 1184
5
	2337 1184
	2305 1152
	2400 1441
	2432 1505
	2369 1248
1
	2337 1152
9
	2305 1152
	2305 1057
	2304 481
	2208 801
	2336 1409
	2400 1441
	2432 1505
	2369 1248
	2337 1184
15
	2369 129
	2432 129
	1056 129
	1441 225
	1761 193
	2112 448
	1952 704
	2081 545
	2113 513
	2177 481
	2304 544
	2208 1216
	2305 1057
	2337 1025
	2369 288
6
	2432 129
	2464 193
	2528 225
	2593 129
	320 97
	2369 129
1
	2432 193
3
	2464 193
	2528 225
	2432 129
1
	2464 225
4
	2528 225
	2529 225
	2432 129
	2464 193
1
	2528 257
1
	2529 257
3
	2529 225
	2593 129
	2528 225
1
	2593 225
4
	2593 129
	2688 129
	2432 129
	2529 225
11
	2688 129
	2688 256
	2720 801
	2752 833
	2816 865
	2785 544
	2848 449
	2785 288
	2944 193
	320 97
	2593 129
6
	2688 256
	2656 288
	2624 576
	2593 801
	2785 193
	2688 129
1
	2656 256
6
	2656 288
	2624 320
	2624 576
	2785 288
	2785 193
	2688 256
1
	2624 288
7
	2624 320
	2592 352
	2624 513
	2881 320
	2880 288
	2785 193
	2656 288
1
	2592 320
13
	2592 352
	2465 352
	2112 448
	2080 480
	2016 512
	1952 544
	2177 481
	2401 417
	2592 417
	2913 352
	2880 288
	2785 193
	2624 320
10
	2465 352
	2433 320
	2369 288
	2048 225
	2080 257
	2112 289
	2592 417
	2848 449
	2945 416
	2592 352
1
	2465 320
6
	2433 320
	2369 288
	2048 225
	2080 257
	2112 289
	2465 352
1
	2433 288
8
	2369 288
	2369 129
	1888 193
	2048 225
	2080 257
	2401 576
	2465 352
	2433 320
15
	2401 417
	2592 417
	2880 288
	2592 352
	2112 448
	2080 480
	2016 512
	1952 544
	2177 481
	2304 544
	2113 801
	2208 1216
	2305 1057
	2337 1025
	2401 576
15
	2592 417
	2624 513
	2752 833
	2816 865
	2880 897
	2944 993
	2976 1025
	2785 544
	2848 449
	2592 352
	2465 352
	2048 225
	2080 257
	2112 289
	2401 417
1
	2592 513
11
	2624 513
	2624 576
	2720 801
	2752 833
	2816 865
	2880 897
	2976 1025
	2849 576
	2785 544
	2624 320
	2592 417
21
	2624 576
	2529 576
	2240 608
	2208 640
	2176 672
	2144 704
	2112 736
	1856 896
	2113 801
	2305 1057
	2337 1025
	2497 865
	2529 833
	2593 801
	2849 576
	2785 449
	2880 288
	2785 193
	2688 256
	2656 288
	2624 513
9
	2529 576
	2497 512
	2464 576
	2529 833
	2720 801
	2752 833
	2816 865
	2880 897
	2624 576
1
	2529 512
4
	2497 512
	2496 512
	2497 865
	2529 576
1
	2497 480
1
	2496 480
6
	2496 512
	2464 576
	2208 1216
	2305 1057
	2337 1025
	2497 512
1
	2464 512
16
	2464 576
	2401 576
	2240 608
	2208 640
	2176 672
	2144 704
	2112 736
	1856 896
	1601 1089
	1697 1057
	2113 801
	2208 1216
	2305 1057
	2337 1025
	2529 576
	2496 512
13
	2401 576
	2401 417
	2369 288
	2048 225
	2080 257
	2112 289
	2304 481
	2272 576
	2497 992
	2720 801
	2816 865
	2880 897
	2464 576
8
	2497 865
	2529 833
	2785 449
	2880 288
	2624 576
	2497 512
	2337 1025
	2497 992
1
	2529 865
9
	2529 833
	2593 801
	3008 576
	2785 449
	2880 288
	2785 193
	2624 576
	2529 576
	2497 865
1
	2593 833
9
	2593 801
	2720 801
	3008 576
	2785 449
	2785 193
	2688 256
	2624 576
	2208 801
	2529 833
10
	2720 801
	2752 833
	2816 865
	2880 897
	2688 129
	2624 513
	2529 576
	2401 576
	2049 736
	2593 801
1
	2720 833
7
	2752 833
	2816 865
	2688 129
	2592 417
	2624 513
	2529 576
	2720 801
1
	2752 865
10
	2816 865
	2880 897
	2785 544
	2688 129
	2592 417
	2624 513
	2529 576
	2401 576
	2720 801
	2752 833
1
	2816 897
12
	2880 897
	2912 961
	2944 993
	2976 1025
	2849 576
	2785 544
	2592 417
	2624 513
	2529 576
	2401 576
	2720 801
	2816 865
1
	2880 961
5
	2912 961
	2944 993
	2849 576
	2785 544
	2880 897
1
	2912 993
7
	2944 993
	2976 1025
	2849 576
	2785 544
	2592 417
	2880 897
	2912 961
1
	2944 1025
8
	2976 1025
	3008 1089
	2849 576
	2785 544
	2592 417
	2624 513
	2880 897
	2944 993
1
	2976 1089
7
	3008 1089
	3008 1248
	3040 1729
	3008 576
	2849 576
	2785 544
	2976 1025
6
	3008 1248
	2976 1344
	3008 1697
	3072 512
	3040 544
	3008 1089
1
	2976 1248
4
	2976 1344
	2944 1408
	2976 1665
	3008 1248
1
	2944 1344
4
	2944 1408
	2912 1472
	2944 1633
	2976 1344
1
	2912 1408
7
	2912 1472
	2849 1472
	2688 1504
	2432 1664
	2305 1729
	2657 1601
	2944 1408
8
	2849 1472
	2817 1440
	2880 1601
	2944 1633
	2976 1665
	3008 1697
	3040 1729
	2912 1472
1
	2849 1440
10
	2817 1440
	2817 1345
	2785 1056
	2720 1217
	2880 1601
	2944 1633
	2976 1665
	3008 1697
	3040 1729
	2849 1472
9
	2817 1345
	2849 1217
	2817 1088
	2720 1376
	2688 1504
	2464 1824
	2432 1952
	2657 1601
	2817 1440
1
	2849 1345
9
	2849 1217
	2849 1152
	2720 1217
	2720 1376
	2688 1504
	2368 2080
	2337 2145
	2657 1601
	2817 1345
1
	2881 1217
1
	2881 1152
8
	2849 1152
	2817 1088
	2785 1056
	2497 992
	2528 1025
	2592 1057
	2624 1121
	2849 1217
1
	2849 1088
7
	2817 1088
	2785 1056
	2497 992
	2528 1025
	2592 1057
	2817 1345
	2849 1152
1
	2817 1056
6
	2785 1056
	2497 992
	2528 1025
	2817 1440
	2849 1152
	2817 1088
1
	2785 992
10
	2497 992
	2497 865
	2401 576
	2304 481
	2208 801
	2528 1025
	2592 1057
	2849 1152
	2817 1088
	2785 1056
9
	2561 1921
	2593 1793
	2561 1472
	2432 1952
	2400 2016
	2368 2080
	2337 2145
	2560 2304
	2561 2080
1
	2593 1921
9
	2593 1793
	2625 1665
	2593 1504
	2464 1824
	2432 1952
	2400 2016
	2368 2080
	2337 2145
	2561 1921
1
	2625 1793
13
	2625 1665
	2657 1601
	2688 1504
	1504 1728
	1697 1729
	2017 1729
	2305 1729
	2464 1824
	2432 1952
	2400 2016
	2368 2080
	2337 2145
	2593 1793
1
	2657 1665
14
	2657 1601
	2880 1601
	2912 1472
	2817 1345
	2849 1217
	2688 1504
	2432 1664
	2305 1729
	2464 1824
	2432 1952
	2400 2016
	2368 2080
	2337 2145
	2625 1665
9
	2880 1601
	2944 1633
	2849 1472
	2817 1440
	2720 1217
	2593 1504
	2400 1441
	2432 1505
	2657 1601
1
	2880 1633
6
	2944 1633
	2976 1665
	2944 1408
	2849 1472
	2817 1440
	2880 1601
1
	2944 1665
6
	2976 1665
	3008 1697
	2976 1344
	2849 1472
	2817 1440
	2944 1633
1
	2976 1697
6
	3008 1697
	3040 1729
	3008 1248
	2849 1472
	2817 1440
	2976 1665
1
	3008 1729
7
	3040 1729
	3040 1856
	3040 544
	3008 1089
	2849 1472
	2817 1440
	3008 1697
7
	3040 1856
	2977 1856
	3008 2176
	3008 2688
	3008 3104
	3072 512
	3040 1729
4
	2977 1856
	2945 1824
	3008 2017
	3040 1856
1
	2977 1824
5
	2945 1824
	2913 1792
	2976 1953
	3008 2017
	2977 1856
1
	2945 1792
4
	2913 1792
	2912 1761
	2944 1857
	2945 1824
1
	2913 1760
5
	2881 1760
	2849 1728
	2785 1696
	2720 1760
	2912 1761
1
	2881 1728
3
	2849 1728
	2785 1696
	2881 1760
1
	2849 1696
4
	2785 1696
	2785 1761
	2881 1760
	2849 1728
1
	2785 1664
1
	2720 1664
4
	2720 1760
	2688 1888
	2689 2081
	2881 1760
1
	2688 1760
4
	2688 1888
	2656 2016
	2785 1761
	2720 1760
1
	2656 1888
6
	2656 2016
	2624 2080
	2560 2304
	2625 2113
	2785 1761
	2688 1888
1
	2624 2016
13
	2624 2080
	2561 2080
	2240 2112
	1952 2208
	1729 2273
	2337 2145
	2560 2304
	2464 2752
	2593 2465
	2721 2049
	2753 2017
	2785 1761
	2656 2016
11
	2561 2080
	2561 1921
	2465 1344
	2401 1280
	2432 1505
	2464 1761
	2368 2080
	2593 3104
	2593 2560
	2625 2208
	2624 2080
14
	2593 2465
	2625 2433
	2689 2337
	2848 2112
	2816 2144
	2784 2176
	2720 2208
	2625 2113
	2624 2080
	1505 2529
	2177 2561
	2464 2752
	2432 2848
	2593 2560
1
	2625 2465
11
	2625 2433
	2657 2401
	2689 2337
	2816 2144
	2784 2176
	2720 2208
	2625 2208
	1888 2464
	1505 2529
	2177 2561
	2593 2465
1
	2657 2433
6
	2657 2401
	2689 2337
	2720 2208
	2400 2432
	2177 2561
	2625 2433
1
	2689 2401
14
	2689 2337
	2721 2305
	2848 2112
	2816 2144
	2784 2176
	2720 2208
	2528 2368
	2496 2400
	2400 2432
	2081 2593
	2177 2561
	2593 2465
	2625 2433
	2657 2401
1
	2721 2337
11
	2721 2305
	2784 2305
	3008 2176
	2848 2112
	2816 2144
	2784 2176
	2528 2368
	2496 2400
	2081 2593
	2177 2561
	2689 2337
9
	2784 2305
	2944 2337
	2784 2176
	2625 2208
	2432 2145
	2496 2177
	2528 2209
	2560 2241
	2721 2305
1
	2784 2337
11
	2944 2337
	2976 2401
	2913 2112
	2881 2048
	2849 1952
	2625 2208
	2432 2145
	2496 2177
	2528 2209
	2560 2241
	2784 2305
1
	2944 2401
7
	2976 2401
	3008 2529
	2945 2176
	2913 2112
	2881 2048
	2849 1952
	2944 2337
1
	2976 2529
6
	3008 2529
	3008 2688
	3008 2176
	2945 2176
	2913 2112
	2976 2401
5
	3008 2688
	2976 2784
	3008 2785
	3040 1856
	3008 2529
1
	2976 2688
5
	2976 2784
	2849 2784
	2593 2785
	2945 2785
	3008 2688
9
	2849 2784
	2849 2721
	2657 2592
	2593 2560
	2432 2561
	2464 2657
	2913 2912
	3008 2785
	2976 2784
6
	2849 2721
	2913 2625
	2880 2432
	2464 2752
	2593 2785
	2849 2784
1
	2913 2721
6
	2913 2625
	2913 2592
	2464 2752
	2432 2848
	2593 2785
	2849 2721
1
	2945 2625
1
	2945 2592
4
	2913 2592
	2881 2464
	2752 2592
	2913 2625
1
	2913 2464
2
	2881 2464
	2913 2592
1
	2881 2400
1
	2880 2400
3
	2880 2432
	2848 2496
	2849 2721
1
	2848 2432
4
	2848 2496
	2816 2528
	2593 2785
	2880 2432
1
	2816 2496
4
	2816 2528
	2784 2560
	2593 2785
	2848 2496
1
	2784 2528
4
	2784 2560
	2752 2592
	2593 2785
	2816 2528
1
	2752 2560
9
	2752 2592
	2657 2592
	2464 2752
	2432 2848
	2400 2912
	2368 2976
	2593 2785
	2913 2592
	2784 2560
9
	2657 2592
	2593 2560
	2177 2432
	1729 2464
	2432 2561
	2688 3041
	2913 2912
	2849 2784
	2752 2592
1
	2657 2560
13
	2593 2560
	2593 2465
	2561 2080
	2560 2241
	2177 2432
	1729 2464
	1377 2464
	1568 2529
	2593 2785
	2656 2785
	2913 2912
	2849 2784
	2657 2592
14
	2593 2785
	2656 2785
	2976 2784
	2849 2721
	2913 2625
	2848 2496
	2816 2528
	2784 2560
	2752 2592
	2593 2560
	2432 2848
	2400 2912
	2368 2976
	2593 3104
8
	2656 2785
	2688 3041
	2913 2912
	2945 2785
	2593 2560
	2432 2561
	2464 2657
	2593 2785
1
	2656 3041
4
	2688 3041
	2913 3041
	2657 2592
	2656 2785
1
	2688 3073
1
	2913 3073
3
	2913 3041
	2913 2912
	2688 3041
1
	2945 3041
1
	2945 2912
9
	2913 2912
	2913 2817
	2849 2784
	2657 2592
	2593 2560
	2432 2561
	2464 2657
	2656 2785
	2913 3041
3
	2913 2817
	2945 2785
	2913 2912
1
	2945 2817
5
	2945 2785
	3008 2785
	2976 2784
	2656 2785
	2913 2817
5
	3008 2785
	3008 3104
	3008 2688
	2849 2784
	2945 2785
4
	3008 3104
	2976 3136
	3040 1856
	3008 2785
1
	2976 3104
3
	2976 3136
	2625 3136
	3008 3104
7
	2625 3136
	2593 3104
	2209 2976
	1665 2944
	929 3040
	512 3136
	2976 3136
1
	2625 3104
10
	2593 3104
	2593 2785
	2561 2080
	2560 2241
	2464 2657
	2209 2976
	1665 2944
	929 3040
	576 3104
	2625 3136
11
	2625 2113
	2689 2081
	2721 2049
	2753 2017
	2785 1761
	2656 2016
	2337 2145
	2560 2304
	2464 2752
	2593 2465
	2625 2208
1
	2689 2113
8
	2689 2081
	2721 2049
	2785 1761
	2720 1760
	2240 2112
	1952 2208
	2337 2145
	2625 2113
1
	2721 2081
6
	2721 2049
	2753 2017
	2785 1761
	2624 2080
	2625 2113
	2689 2081
1
	2753 2049
5
	2753 2017
	2785 1761
	2624 2080
	2625 2113
	2721 2049
1
	2785 2017
10
	2785 1761
	2912 1761
	2785 1696
	2688 1888
	2656 2016
	2624 2080
	2625 2113
	2689 2081
	2721 2049
	2753 2017
4
	2912 1761
	2913 1792
	2881 1760
	2785 1761
1
	2912 1857
4
	2944 1857
	2976 1953
	3008 2017
	2913 1792
1
	2944 1953
4
	2976 1953
	3008 2017
	2945 1824
	2944 1857
1
	2976 2017
6
	3008 2017
	3008 2176
	2977 1856
	2945 1824
	2944 1857
	2976 1953
10
	3008 2176
	2945 2176
	2720 2208
	2560 2304
	2528 2368
	2496 2400
	2721 2305
	3008 2529
	3040 1856
	3008 2017
6
	2945 2176
	2913 2112
	2784 2176
	2976 2401
	3008 2529
	3008 2176
1
	2945 2112
7
	2913 2112
	2881 2048
	2848 2112
	2944 2337
	2976 2401
	3008 2529
	2945 2176
1
	2913 2048
5
	2881 2048
	2849 1952
	2944 2337
	2976 2401
	2913 2112
1
	2881 1952
4
	2849 1952
	2944 2337
	2976 2401
	2881 2048
1
	2849 1824
1
	2848 1824
6
	2848 2112
	2816 2144
	2593 2465
	2689 2337
	2721 2305
	2913 2112
1
	2816 2112
7
	2816 2144
	2784 2176
	2593 2465
	2625 2433
	2689 2337
	2721 2305
	2848 2112
1
	2784 2144
12
	2784 2176
	2720 2208
	2560 2304
	2528 2368
	2496 2400
	2593 2465
	2625 2433
	2689 2337
	2721 2305
	2784 2305
	2945 2176
	2816 2144
1
	2720 2176
11
	2720 2208
	2625 2208
	2560 2304
	2528 2368
	2496 2400
	2593 2465
	2625 2433
	2657 2401
	2689 2337
	3008 2176
	2784 2176
9
	2625 2208
	2625 2113
	2561 2080
	2432 2145
	2496 2177
	2625 2433
	2784 2305
	2944 2337
	2720 2208
10
	2785 193
	2944 193
	2688 256
	2656 288
	2624 320
	2592 352
	2624 576
	2529 833
	2593 801
	2785 288
4
	2944 193
	2976 225
	2688 129
	2785 193
1
	2944 225
3
	2976 225
	3008 257
	2944 193
1
	2976 257
4
	3008 257
	3040 321
	3072 353
	2976 225
1
	3008 321
3
	3040 321
	3072 353
	3008 257
1
	3040 353
4
	3072 353
	3072 512
	3008 257
	3040 321
5
	3072 512
	3040 544
	3008 1248
	3040 1856
	3072 353
1
	3040 512
5
	3040 544
	3008 576
	3008 1248
	3040 1729
	3072 512
1
	3008 544
13
	3008 576
	2849 576
	2240 608
	2208 640
	2176 672
	2144 704
	2112 736
	1856 800
	2113 801
	2529 833
	2593 801
	3008 1089
	3040 544
10
	2849 576
	2785 544
	2624 513
	2624 576
	2880 897
	2912 961
	2944 993
	2976 1025
	3008 1089
	3008 576
1
	2849 544
12
	2785 544
	2785 449
	2688 129
	2592 417
	2624 513
	2816 865
	2880 897
	2912 961
	2944 993
	2976 1025
	3008 1089
	2849 576
11
	2785 449
	2848 449
	2880 288
	2785 288
	2624 576
	2305 1057
	2337 1025
	2497 865
	2529 833
	2593 801
	2785 544
10
	2848 449
	2912 481
	2945 449
	2785 288
	2688 129
	2465 352
	2080 257
	2112 289
	2592 417
	2785 449
1
	2848 481
5
	2912 481
	2913 481
	2881 320
	2785 288
	2848 449
1
	2912 513
1
	2913 513
4
	2913 481
	2945 449
	2913 352
	2912 481
1
	2945 481
4
	2945 449
	2945 416
	2848 449
	2913 481
1
	2977 449
1
	2977 416
6
	2945 416
	2913 352
	2881 320
	2785 288
	2465 352
	2945 449
1
	2945 352
6
	2913 352
	2881 320
	2785 288
	2592 352
	2913 481
	2945 416
1
	2913 320
6
	2881 320
	2785 288
	2624 320
	2912 481
	2945 416
	2913 352
1
	2881 256
1
	2880 256
13
	2880 288
	2785 288
	2624 320
	2592 352
	2080 480
	2016 512
	2401 417
	2624 576
	2305 1057
	2337 1025
	2497 865
	2529 833
	2785 449
11
	2785 288
	2785 193
	2688 129
	2656 288
	2785 449
	2848 449
	2912 481
	2945 416
	2913 352
	2881 320
	2880 288
