1206
4
	0 0
	16384 0
	16384 32
	0 32
4
	0 32
	16384 32
	16384 64
	0 64
4
	0 64
	16384 64
	16384 96
	0 96
4
	0 96
	16384 96
	16384 128
	0 128
4
	0 128
	16384 128
	16384 160
	0 160
4
	0 160
	16384 160
	16384 192
	0 192
4
	0 192
	16384 192
	16384 224
	0 224
4
	0 224
	16384 224
	16384 256
	0 256
4
	0 256
	16384 256
	16384 288
	0 288
4
	0 288
	16384 288
	16384 320
	0 320
4
	0 320
	16384 320
	16384 352
	0 352
4
	0 352
	16384 352
	16384 384
	0 384
4
	0 384
	16384 384
	16384 416
	0 416
4
	0 416
	11072 416
	11072 448
	0 448
4
	16000 416
	16384 416
	16384 448
	16000 448
4
	0 448
	11072 448
	11072 480
	0 480
4
	16000 448
	16384 448
	16384 480
	16000 480
4
	0 480
	11072 480
	11072 512
	0 512
4
	16000 480
	16384 480
	16384 512
	16000 512
4
	0 512
	11072 512
	11072 544
	0 544
4
	16000 512
	16384 512
	16384 544
	16000 544
4
	0 544
	11072 544
	11072 576
	0 576
4
	16000 544
	16384 544
	16384 576
	16000 576
4
	0 576
	11072 576
	11072 608
	0 608
4
	16000 576
	16384 576
	16384 608
	16000 608
4
	0 608
	11072 608
	11072 640
	0 640
4
	16000 608
	16384 608
	16384 640
	16000 640
4
	0 640
	11072 640
	11072 672
	0 672
4
	16000 640
	16384 640
	16384 672
	16000 672
4
	0 672
	11072 672
	11072 704
	0 704
4
	16000 672
	16384 672
	16384 704
	16000 704
4
	0 704
	11072 704
	11072 736
	0 736
4
	16000 704
	16384 704
	16384 736
	16000 736
4
	0 736
	11072 736
	11072 768
	0 768
4
	16000 736
	16384 736
	16384 768
	16000 768
4
	0 768
	11072 768
	11072 800
	0 800
4
	16000 768
	16384 768
	16384 800
	16000 800
4
	0 800
	11072 800
	11072 832
	0 832
4
	16000 800
	16384 800
	16384 832
	16000 832
4
	0 832
	10880 832
	10880 864
	0 864
4
	16000 832
	16384 832
	16384 864
	16000 864
4
	0 864
	10880 864
	10880 896
	0 896
4
	16000 864
	16384 864
	16384 896
	16000 896
4
	0 896
	10880 896
	10880 928
	0 928
4
	16000 896
	16384 896
	16384 928
	16000 928
4
	0 928
	10880 928
	10880 960
	0 960
4
	16000 928
	16384 928
	16384 960
	16000 960
4
	0 960
	10880 960
	10880 992
	0 992
4
	16000 960
	16384 960
	16384 992
	16000 992
4
	0 992
	10880 992
	10880 1024
	0 1024
4
	16000 992
	16384 992
	16384 1024
	16000 1024
4
	0 1024
	10656 1024
	10656 1056
	0 1056
4
	16000 1024
	16384 1024
	16384 1056
	16000 1056
4
	0 1056
	10656 1056
	10656 1088
	0 1088
4
	16000 1056
	16384 1056
	16384 1088
	16000 1088
4
	0 1088
	10656 1088
	10656 1120
	0 1120
4
	16000 1088
	16384 1088
	16384 1120
	16000 1120
4
	0 1120
	10656 1120
	10656 1152
	0 1152
4
	16000 1120
	16384 1120
	16384 1152
	16000 1152
4
	0 1152
	10656 1152
	10656 1184
	0 1184
4
	16000 1152
	16384 1152
	16384 1184
	16000 1184
4
	0 1184
	10656 1184
	10656 1216
	0 1216
4
	16000 1184
	16384 1184
	16384 1216
	16000 1216
4
	0 1216
	10656 1216
	10656 1248
	0 1248
4
	16000 1216
	16384 1216
	16384 1248
	16000 1248
4
	0 1248
	10464 1248
	10464 1280
	0 1280
4
	16000 1248
	16384 1248
	16384 1280
	16000 1280
4
	0 1280
	10464 1280
	10464 1312
	0 1312
4
	16000 1280
	16384 1280
	16384 1312
	16000 1312
4
	0 1312
	10464 1312
	10464 1344
	0 1344
4
	16000 1312
	16384 1312
	16384 1344
	16000 1344
4
	0 1344
	10464 1344
	10464 1376
	0 1376
4
	16000 1344
	16384 1344
	16384 1376
	16000 1376
4
	0 1376
	10464 1376
	10464 1408
	0 1408
4
	16000 1376
	16384 1376
	16384 1408
	16000 1408
4
	0 1408
	10464 1408
	10464 1440
	0 1440
4
	16000 1408
	16384 1408
	16384 1440
	16000 1440
4
	0 1440
	10656 1440
	10656 1472
	0 1472
4
	16000 1440
	16384 1440
	16384 1472
	16000 1472
4
	0 1472
	10656 1472
	10656 1504
	0 1504
4
	16000 1472
	16384 1472
	16384 1504
	16000 1504
4
	0 1504
	10656 1504
	10656 1536
	0 1536
4
	16000 1504
	16384 1504
	16384 1536
	16000 1536
4
	0 1536
	10656 1536
	10656 1568
	0 1568
4
	16000 1536
	16384 1536
	16384 1568
	16000 1568
4
	0 1568
	10656 1568
	10656 1600
	0 1600
4
	16000 1568
	16384 1568
	16384 1600
	16000 1600
4
	0 1600
	10656 1600
	10656 1632
	0 1632
4
	16000 1600
	16384 1600
	16384 1632
	16000 1632
4
	0 1632
	10656 1632
	10656 1664
	0 1664
4
	16000 1632
	16384 1632
	16384 1664
	16000 1664
4
	0 1664
	10880 1664
	10880 1696
	0 1696
4
	16000 1664
	16384 1664
	16384 1696
	16000 1696
4
	0 1696
	10880 1696
	10880 1728
	0 1728
4
	16000 1696
	16384 1696
	16384 1728
	16000 1728
4
	0 1728
	10880 1728
	10880 1760
	0 1760
4
	16000 1728
	16384 1728
	16384 1760
	16000 1760
4
	0 1760
	10880 1760
	10880 1792
	0 1792
4
	16000 1760
	16384 1760
	16384 1792
	16000 1792
4
	0 1792
	10880 1792
	10880 1824
	0 1824
4
	16000 1792
	16384 1792
	16384 1824
	16000 1824
4
	0 1824
	10880 1824
	10880 1856
	0 1856
4
	16000 1824
	16384 1824
	16384 1856
	16000 1856
4
	0 1856
	10880 1856
	10880 1888
	0 1888
4
	16000 1856
	16384 1856
	16384 1888
	16000 1888
4
	0 1888
	10880 1888
	10880 1920
	0 1920
4
	16000 1888
	16384 1888
	16384 1920
	16000 1920
4
	0 1920
	10880 1920
	10880 1952
	0 1952
4
	16000 1920
	16384 1920
	16384 1952
	16000 1952
4
	0 1952
	10880 1952
	10880 1984
	0 1984
4
	16000 1952
	16384 1952
	16384 1984
	16000 1984
4
	0 1984
	10880 1984
	10880 2016
	0 2016
4
	16000 1984
	16384 1984
	16384 2016
	16000 2016
4
	0 2016
	10880 2016
	10880 2048
	0 2048
4
	16000 2016
	16384 2016
	16384 2048
	16000 2048
4
	0 2048
	10880 2048
	10880 2080
	0 2080
4
	16000 2048
	16384 2048
	16384 2080
	16000 2080
4
	0 2080
	10880 2080
	10880 2112
	0 2112
4
	16000 2080
	16384 2080
	16384 2112
	16000 2112
4
	0 2112
	10880 2112
	10880 2144
	0 2144
4
	16000 2112
	16384 2112
	16384 2144
	16000 2144
4
	0 2144
	10880 2144
	10880 2176
	0 2176
4
	16000 2144
	16384 2144
	16384 2176
	16000 2176
4
	0 2176
	10880 2176
	10880 2208
	0 2208
4
	16000 2176
	16384 2176
	16384 2208
	16000 2208
4
	0 2208
	10880 2208
	10880 2240
	0 2240
4
	16000 2208
	16384 2208
	16384 2240
	16000 2240
4
	0 2240
	10880 2240
	10880 2272
	0 2272
4
	16000 2240
	16384 2240
	16384 2272
	16000 2272
4
	0 2272
	10656 2272
	10656 2304
	0 2304
4
	16000 2272
	16384 2272
	16384 2304
	16000 2304
4
	0 2304
	10656 2304
	10656 2336
	0 2336
4
	16000 2304
	16384 2304
	16384 2336
	16000 2336
4
	0 2336
	10656 2336
	10656 2368
	0 2368
4
	16000 2336
	16384 2336
	16384 2368
	16000 2368
4
	0 2368
	10656 2368
	10656 2400
	0 2400
4
	16000 2368
	16384 2368
	16384 2400
	16000 2400
4
	0 2400
	10656 2400
	10656 2432
	0 2432
4
	16000 2400
	16384 2400
	16384 2432
	16000 2432
4
	0 2432
	10656 2432
	10656 2464
	0 2464
4
	16000 2432
	16384 2432
	16384 2464
	16000 2464
4
	0 2464
	10240 2464
	10240 2496
	0 2496
4
	16000 2464
	16384 2464
	16384 2496
	16000 2496
4
	0 2496
	10240 2496
	10240 2528
	0 2528
4
	16000 2496
	16384 2496
	16384 2528
	16000 2528
4
	0 2528
	10240 2528
	10240 2560
	0 2560
4
	16000 2528
	16384 2528
	16384 2560
	16000 2560
4
	0 2560
	10240 2560
	10240 2592
	0 2592
4
	16000 2560
	16384 2560
	16384 2592
	16000 2592
4
	0 2592
	10240 2592
	10240 2624
	0 2624
4
	16000 2592
	16384 2592
	16384 2624
	16000 2624
4
	0 2624
	10240 2624
	10240 2656
	0 2656
4
	16000 2624
	16384 2624
	16384 2656
	16000 2656
4
	0 2656
	10240 2656
	10240 2688
	0 2688
4
	16000 2656
	16384 2656
	16384 2688
	16000 2688
4
	0 2688
	10464 2688
	10464 2720
	0 2720
4
	16000 2688
	16384 2688
	16384 2720
	16000 2720
4
	0 2720
	10464 2720
	10464 2752
	0 2752
4
	16000 2720
	16384 2720
	16384 2752
	16000 2752
4
	0 2752
	10464 2752
	10464 2784
	0 2784
4
	16000 2752
	16384 2752
	16384 2784
	16000 2784
4
	0 2784
	10464 2784
	10464 2816
	0 2816
4
	16000 2784
	16384 2784
	16384 2816
	16000 2816
4
	0 2816
	10464 2816
	10464 2848
	0 2848
4
	16000 2816
	16384 2816
	16384 2848
	16000 2848
4
	0 2848
	10464 2848
	10464 2880
	0 2880
4
	16000 2848
	16384 2848
	16384 2880
	16000 2880
4
	0 2880
	7584 2880
	7584 2912
	0 2912
4
	8000 2880
	10464 2880
	10464 2912
	8000 2912
4
	16000 2880
	16384 2880
	16384 2912
	16000 2912
4
	0 2912
	7584 2912
	7584 2944
	0 2944
4
	8000 2912
	10464 2912
	10464 2944
	8000 2944
4
	16000 2912
	16384 2912
	16384 2944
	16000 2944
4
	0 2944
	7584 2944
	7584 2976
	0 2976
4
	8000 2944
	10464 2944
	10464 2976
	8000 2976
4
	16000 2944
	16384 2944
	16384 2976
	16000 2976
4
	0 2976
	7584 2976
	7584 3008
	0 3008
4
	8000 2976
	10464 2976
	10464 3008
	8000 3008
4
	16000 2976
	16384 2976
	16384 3008
	16000 3008
4
	0 3008
	7584 3008
	7584 3040
	0 3040
4
	8000 3008
	10464 3008
	10464 3040
	8000 3040
4
	16000 3008
	16384 3008
	16384 3040
	16000 3040
4
	0 3040
	7584 3040
	7584 3072
	0 3072
4
	8000 3040
	10464 3040
	10464 3072
	8000 3072
4
	16000 3040
	16384 3040
	16384 3072
	16000 3072
4
	0 3072
	7392 3072
	7392 3104
	0 3104
4
	8000 3072
	9856 3072
	9856 3104
	8000 3104
4
	13728 3072
	14144 3072
	14144 3104
	13728 3104
4
	16000 3072
	16384 3072
	16384 3104
	16000 3104
4
	0 3104
	7392 3104
	7392 3136
	0 3136
4
	8000 3104
	9856 3104
	9856 3136
	8000 3136
4
	13728 3104
	14144 3104
	14144 3136
	13728 3136
4
	16000 3104
	16384 3104
	16384 3136
	16000 3136
4
	0 3136
	7392 3136
	7392 3168
	0 3168
4
	8000 3136
	9856 3136
	9856 3168
	8000 3168
4
	13728 3136
	14144 3136
	14144 3168
	13728 3168
4
	16000 3136
	16384 3136
	16384 3168
	16000 3168
4
	0 3168
	7392 3168
	7392 3200
	0 3200
4
	8000 3168
	9856 3168
	9856 3200
	8000 3200
4
	13728 3168
	14144 3168
	14144 3200
	13728 3200
4
	16000 3168
	16384 3168
	16384 3200
	16000 3200
4
	0 3200
	7392 3200
	7392 3232
	0 3232
4
	8000 3200
	9856 3200
	9856 3232
	8000 3232
4
	13728 3200
	14144 3200
	14144 3232
	13728 3232
4
	16000 3200
	16384 3200
	16384 3232
	16000 3232
4
	0 3232
	7392 3232
	7392 3264
	0 3264
4
	8000 3232
	9856 3232
	9856 3264
	8000 3264
4
	13728 3232
	14144 3232
	14144 3264
	13728 3264
4
	16000 3232
	16384 3232
	16384 3264
	16000 3264
4
	0 3264
	7392 3264
	7392 3296
	0 3296
4
	8000 3264
	9856 3264
	9856 3296
	8000 3296
4
	13728 3264
	14144 3264
	14144 3296
	13728 3296
4
	16000 3264
	16384 3264
	16384 3296
	16000 3296
4
	0 3296
	7392 3296
	7392 3328
	0 3328
4
	8192 3296
	9632 3296
	9632 3328
	8192 3328
4
	13312 3296
	14144 3296
	14144 3328
	13312 3328
4
	16000 3296
	16384 3296
	16384 3328
	16000 3328
4
	0 3328
	7392 3328
	7392 3360
	0 3360
4
	8192 3328
	9632 3328
	9632 3360
	8192 3360
4
	13312 3328
	14144 3328
	14144 3360
	13312 3360
4
	16000 3328
	16384 3328
	16384 3360
	16000 3360
4
	0 3360
	7392 3360
	7392 3392
	0 3392
4
	8192 3360
	9632 3360
	9632 3392
	8192 3392
4
	13312 3360
	14144 3360
	14144 3392
	13312 3392
4
	16000 3360
	16384 3360
	16384 3392
	16000 3392
4
	0 3392
	7392 3392
	7392 3424
	0 3424
4
	8192 3392
	9632 3392
	9632 3424
	8192 3424
4
	13312 3392
	14144 3392
	14144 3424
	13312 3424
4
	16000 3392
	16384 3392
	16384 3424
	16000 3424
4
	0 3424
	7392 3424
	7392 3456
	0 3456
4
	8192 3424
	9632 3424
	9632 3456
	8192 3456
4
	13312 3424
	14144 3424
	14144 3456
	13312 3456
4
	16000 3424
	16384 3424
	16384 3456
	16000 3456
4
	0 3456
	7392 3456
	7392 3488
	0 3488
4
	8192 3456
	9632 3456
	9632 3488
	8192 3488
4
	13312 3456
	14144 3456
	14144 3488
	13312 3488
4
	16000 3456
	16384 3456
	16384 3488
	16000 3488
4
	0 3488
	7168 3488
	7168 3520
	0 3520
4
	8192 3488
	8608 3488
	8608 3520
	8192 3520
4
	12928 3488
	14336 3488
	14336 3520
	12928 3520
4
	16000 3488
	16384 3488
	16384 3520
	16000 3520
4
	0 3520
	7168 3520
	7168 3552
	0 3552
4
	8192 3520
	8608 3520
	8608 3552
	8192 3552
4
	12928 3520
	14336 3520
	14336 3552
	12928 3552
4
	16000 3520
	16384 3520
	16384 3552
	16000 3552
4
	0 3552
	7168 3552
	7168 3584
	0 3584
4
	8192 3552
	8608 3552
	8608 3584
	8192 3584
4
	12928 3552
	14336 3552
	14336 3584
	12928 3584
4
	16000 3552
	16384 3552
	16384 3584
	16000 3584
4
	0 3584
	7168 3584
	7168 3616
	0 3616
4
	8192 3584
	8608 3584
	8608 3616
	8192 3616
4
	12928 3584
	14336 3584
	14336 3616
	12928 3616
4
	16000 3584
	16384 3584
	16384 3616
	16000 3616
4
	0 3616
	7168 3616
	7168 3648
	0 3648
4
	8192 3616
	8608 3616
	8608 3648
	8192 3648
4
	12928 3616
	14336 3616
	14336 3648
	12928 3648
4
	16000 3616
	16384 3616
	16384 3648
	16000 3648
4
	0 3648
	7168 3648
	7168 3680
	0 3680
4
	8192 3648
	8608 3648
	8608 3680
	8192 3680
4
	12928 3648
	14336 3648
	14336 3680
	12928 3680
4
	16000 3648
	16384 3648
	16384 3680
	16000 3680
4
	0 3680
	7168 3680
	7168 3712
	0 3712
4
	8192 3680
	8608 3680
	8608 3712
	8192 3712
4
	12928 3680
	14336 3680
	14336 3712
	12928 3712
4
	16000 3680
	16384 3680
	16384 3712
	16000 3712
4
	0 3712
	6976 3712
	6976 3744
	0 3744
4
	12704 3712
	14336 3712
	14336 3744
	12704 3744
4
	16000 3712
	16384 3712
	16384 3744
	16000 3744
4
	0 3744
	6976 3744
	6976 3776
	0 3776
4
	12704 3744
	14336 3744
	14336 3776
	12704 3776
4
	16000 3744
	16384 3744
	16384 3776
	16000 3776
4
	0 3776
	6976 3776
	6976 3808
	0 3808
4
	12704 3776
	14336 3776
	14336 3808
	12704 3808
4
	16000 3776
	16384 3776
	16384 3808
	16000 3808
4
	0 3808
	6976 3808
	6976 3840
	0 3840
4
	12704 3808
	14336 3808
	14336 3840
	12704 3840
4
	16000 3808
	16384 3808
	16384 3840
	16000 3840
4
	0 3840
	6976 3840
	6976 3872
	0 3872
4
	12704 3840
	14336 3840
	14336 3872
	12704 3872
4
	16000 3840
	16384 3840
	16384 3872
	16000 3872
4
	0 3872
	6976 3872
	6976 3904
	0 3904
4
	12704 3872
	14336 3872
	14336 3904
	12704 3904
4
	16000 3872
	16384 3872
	16384 3904
	16000 3904
4
	0 3904
	6976 3904
	6976 3936
	0 3936
4
	7168 3904
	7584 3904
	7584 3936
	7168 3936
4
	12704 3904
	14560 3904
	14560 3936
	12704 3936
4
	16000 3904
	16384 3904
	16384 3936
	16000 3936
4
	0 3936
	6976 3936
	6976 3968
	0 3968
4
	7168 3936
	7584 3936
	7584 3968
	7168 3968
4
	12704 3936
	14560 3936
	14560 3968
	12704 3968
4
	16000 3936
	16384 3936
	16384 3968
	16000 3968
4
	0 3968
	6976 3968
	6976 4000
	0 4000
4
	7168 3968
	7584 3968
	7584 4000
	7168 4000
4
	12704 3968
	14560 3968
	14560 4000
	12704 4000
4
	16000 3968
	16384 3968
	16384 4000
	16000 4000
4
	0 4000
	6976 4000
	6976 4032
	0 4032
4
	7168 4000
	7584 4000
	7584 4032
	7168 4032
4
	12704 4000
	14560 4000
	14560 4032
	12704 4032
4
	16000 4000
	16384 4000
	16384 4032
	16000 4032
4
	0 4032
	6976 4032
	6976 4064
	0 4064
4
	7168 4032
	7584 4032
	7584 4064
	7168 4064
4
	12704 4032
	14560 4032
	14560 4064
	12704 4064
4
	16000 4032
	16384 4032
	16384 4064
	16000 4064
4
	0 4064
	6976 4064
	6976 4096
	0 4096
4
	7168 4064
	7584 4064
	7584 4096
	7168 4096
4
	12704 4064
	14560 4064
	14560 4096
	12704 4096
4
	16000 4064
	16384 4064
	16384 4096
	16000 4096
4
	0 4096
	7584 4096
	7584 4128
	0 4128
4
	12928 4096
	14560 4096
	14560 4128
	12928 4128
4
	16000 4096
	16384 4096
	16384 4128
	16000 4128
4
	0 4128
	7584 4128
	7584 4160
	0 4160
4
	12928 4128
	14560 4128
	14560 4160
	12928 4160
4
	16000 4128
	16384 4128
	16384 4160
	16000 4160
4
	0 4160
	7584 4160
	7584 4192
	0 4192
4
	12928 4160
	14560 4160
	14560 4192
	12928 4192
4
	16000 4160
	16384 4160
	16384 4192
	16000 4192
4
	0 4192
	7584 4192
	7584 4224
	0 4224
4
	12928 4192
	14560 4192
	14560 4224
	12928 4224
4
	16000 4192
	16384 4192
	16384 4224
	16000 4224
4
	0 4224
	7584 4224
	7584 4256
	0 4256
4
	12928 4224
	14560 4224
	14560 4256
	12928 4256
4
	16000 4224
	16384 4224
	16384 4256
	16000 4256
4
	0 4256
	7584 4256
	7584 4288
	0 4288
4
	12928 4256
	14560 4256
	14560 4288
	12928 4288
4
	16000 4256
	16384 4256
	16384 4288
	16000 4288
4
	0 4288
	7584 4288
	7584 4320
	0 4320
4
	12928 4288
	14560 4288
	14560 4320
	12928 4320
4
	16000 4288
	16384 4288
	16384 4320
	16000 4320
4
	0 4320
	7808 4320
	7808 4352
	0 4352
4
	12928 4320
	14560 4320
	14560 4352
	12928 4352
4
	16000 4320
	16384 4320
	16384 4352
	16000 4352
4
	0 4352
	7808 4352
	7808 4384
	0 4384
4
	12928 4352
	14560 4352
	14560 4384
	12928 4384
4
	16000 4352
	16384 4352
	16384 4384
	16000 4384
4
	0 4384
	7808 4384
	7808 4416
	0 4416
4
	12928 4384
	14560 4384
	14560 4416
	12928 4416
4
	16000 4384
	16384 4384
	16384 4416
	16000 4416
4
	0 4416
	7808 4416
	7808 4448
	0 4448
4
	12928 4416
	14560 4416
	14560 4448
	12928 4448
4
	16000 4416
	16384 4416
	16384 4448
	16000 4448
4
	0 4448
	7808 4448
	7808 4480
	0 4480
4
	12928 4448
	14560 4448
	14560 4480
	12928 4480
4
	16000 4448
	16384 4448
	16384 4480
	16000 4480
4
	0 4480
	7808 4480
	7808 4512
	0 4512
4
	12928 4480
	14560 4480
	14560 4512
	12928 4512
4
	16000 4480
	16384 4480
	16384 4512
	16000 4512
4
	0 4512
	7392 4512
	7392 4544
	0 4544
4
	12928 4512
	14336 4512
	14336 4544
	12928 4544
4
	16000 4512
	16384 4512
	16384 4544
	16000 4544
4
	0 4544
	7392 4544
	7392 4576
	0 4576
4
	12928 4544
	14336 4544
	14336 4576
	12928 4576
4
	16000 4544
	16384 4544
	16384 4576
	16000 4576
4
	0 4576
	7392 4576
	7392 4608
	0 4608
4
	12928 4576
	14336 4576
	14336 4608
	12928 4608
4
	16000 4576
	16384 4576
	16384 4608
	16000 4608
4
	0 4608
	7392 4608
	7392 4640
	0 4640
4
	12928 4608
	14336 4608
	14336 4640
	12928 4640
4
	16000 4608
	16384 4608
	16384 4640
	16000 4640
4
	0 4640
	7392 4640
	7392 4672
	0 4672
4
	12928 4640
	14336 4640
	14336 4672
	12928 4672
4
	16000 4640
	16384 4640
	16384 4672
	16000 4672
4
	0 4672
	7392 4672
	7392 4704
	0 4704
4
	12928 4672
	14336 4672
	14336 4704
	12928 4704
4
	16000 4672
	16384 4672
	16384 4704
	16000 4704
4
	0 4704
	7392 4704
	7392 4736
	0 4736
4
	12928 4704
	14336 4704
	14336 4736
	12928 4736
4
	16000 4704
	16384 4704
	16384 4736
	16000 4736
4
	0 4736
	7392 4736
	7392 4768
	0 4768
4
	13120 4736
	14144 4736
	14144 4768
	13120 4768
4
	16000 4736
	16384 4736
	16384 4768
	16000 4768
4
	0 4768
	7392 4768
	7392 4800
	0 4800
4
	13120 4768
	14144 4768
	14144 4800
	13120 4800
4
	16000 4768
	16384 4768
	16384 4800
	16000 4800
4
	0 4800
	7392 4800
	7392 4832
	0 4832
4
	13120 4800
	14144 4800
	14144 4832
	13120 4832
4
	16000 4800
	16384 4800
	16384 4832
	16000 4832
4
	0 4832
	7392 4832
	7392 4864
	0 4864
4
	13120 4832
	14144 4832
	14144 4864
	13120 4864
4
	16000 4832
	16384 4832
	16384 4864
	16000 4864
4
	0 4864
	7392 4864
	7392 4896
	0 4896
4
	13120 4864
	14144 4864
	14144 4896
	13120 4896
4
	16000 4864
	16384 4864
	16384 4896
	16000 4896
4
	0 4896
	7392 4896
	7392 4928
	0 4928
4
	13120 4896
	14144 4896
	14144 4928
	13120 4928
4
	16000 4896
	16384 4896
	16384 4928
	16000 4928
4
	0 4928
	7392 4928
	7392 4960
	0 4960
4
	13312 4928
	13536 4928
	13536 4960
	13312 4960
4
	16000 4928
	16384 4928
	16384 4960
	16000 4960
4
	0 4960
	7392 4960
	7392 4992
	0 4992
4
	13312 4960
	13536 4960
	13536 4992
	13312 4992
4
	16000 4960
	16384 4960
	16384 4992
	16000 4992
4
	0 4992
	7392 4992
	7392 5024
	0 5024
4
	13312 4992
	13536 4992
	13536 5024
	13312 5024
4
	16000 4992
	16384 4992
	16384 5024
	16000 5024
4
	0 5024
	7392 5024
	7392 5056
	0 5056
4
	13312 5024
	13536 5024
	13536 5056
	13312 5056
4
	16000 5024
	16384 5024
	16384 5056
	16000 5056
4
	0 5056
	7392 5056
	7392 5088
	0 5088
4
	13312 5056
	13536 5056
	13536 5088
	13312 5088
4
	16000 5056
	16384 5056
	16384 5088
	16000 5088
4
	0 5088
	7392 5088
	7392 5120
	0 5120
4
	13312 5088
	13536 5088
	13536 5120
	13312 5120
4
	16000 5088
	16384 5088
	16384 5120
	16000 5120
4
	0 5120
	6976 5120
	6976 5152
	0 5152
4
	16000 5120
	16384 5120
	16384 5152
	16000 5152
4
	0 5152
	6976 5152
	6976 5184
	0 5184
4
	16000 5152
	16384 5152
	16384 5184
	16000 5184
4
	0 5184
	6976 5184
	6976 5216
	0 5216
4
	16000 5184
	16384 5184
	16384 5216
	16000 5216
4
	0 5216
	6976 5216
	6976 5248
	0 5248
4
	16000 5216
	16384 5216
	16384 5248
	16000 5248
4
	0 5248
	6976 5248
	6976 5280
	0 5280
4
	16000 5248
	16384 5248
	16384 5280
	16000 5280
4
	0 5280
	6976 5280
	6976 5312
	0 5312
4
	16000 5280
	16384 5280
	16384 5312
	16000 5312
4
	0 5312
	6976 5312
	6976 5344
	0 5344
4
	16000 5312
	16384 5312
	16384 5344
	16000 5344
4
	0 5344
	6976 5344
	6976 5376
	0 5376
4
	15776 5344
	16384 5344
	16384 5376
	15776 5376
4
	0 5376
	6976 5376
	6976 5408
	0 5408
4
	15776 5376
	16384 5376
	16384 5408
	15776 5408
4
	0 5408
	6976 5408
	6976 5440
	0 5440
4
	15776 5408
	16384 5408
	16384 5440
	15776 5440
4
	0 5440
	6976 5440
	6976 5472
	0 5472
4
	15776 5440
	16384 5440
	16384 5472
	15776 5472
4
	0 5472
	6976 5472
	6976 5504
	0 5504
4
	15776 5472
	16384 5472
	16384 5504
	15776 5504
4
	0 5504
	6976 5504
	6976 5536
	0 5536
4
	15776 5504
	16384 5504
	16384 5536
	15776 5536
4
	0 5536
	6976 5536
	6976 5568
	0 5568
4
	15584 5536
	16384 5536
	16384 5568
	15584 5568
4
	0 5568
	6976 5568
	6976 5600
	0 5600
4
	15584 5568
	16384 5568
	16384 5600
	15584 5600
4
	0 5600
	6976 5600
	6976 5632
	0 5632
4
	15584 5600
	16384 5600
	16384 5632
	15584 5632
4
	0 5632
	6976 5632
	6976 5664
	0 5664
4
	15584 5632
	16384 5632
	16384 5664
	15584 5664
4
	0 5664
	6976 5664
	6976 5696
	0 5696
4
	15584 5664
	16384 5664
	16384 5696
	15584 5696
4
	0 5696
	6976 5696
	6976 5728
	0 5728
4
	15584 5696
	16384 5696
	16384 5728
	15584 5728
4
	0 5728
	6976 5728
	6976 5760
	0 5760
4
	15584 5728
	16384 5728
	16384 5760
	15584 5760
4
	0 5760
	6976 5760
	6976 5792
	0 5792
4
	15360 5760
	16384 5760
	16384 5792
	15360 5792
4
	0 5792
	6976 5792
	6976 5824
	0 5824
4
	15360 5792
	16384 5792
	16384 5824
	15360 5824
4
	0 5824
	6976 5824
	6976 5856
	0 5856
4
	15360 5824
	16384 5824
	16384 5856
	15360 5856
4
	0 5856
	6976 5856
	6976 5888
	0 5888
4
	15360 5856
	16384 5856
	16384 5888
	15360 5888
4
	0 5888
	6976 5888
	6976 5920
	0 5920
4
	15360 5888
	16384 5888
	16384 5920
	15360 5920
4
	0 5920
	6976 5920
	6976 5952
	0 5952
4
	15360 5920
	16384 5920
	16384 5952
	15360 5952
4
	0 5952
	4512 5952
	4512 5984
	0 5984
4
	5536 5952
	6784 5952
	6784 5984
	5536 5984
4
	14976 5952
	16384 5952
	16384 5984
	14976 5984
4
	0 5984
	4512 5984
	4512 6016
	0 6016
4
	5536 5984
	6784 5984
	6784 6016
	5536 6016
4
	14976 5984
	16384 5984
	16384 6016
	14976 6016
4
	0 6016
	4512 6016
	4512 6048
	0 6048
4
	5536 6016
	6784 6016
	6784 6048
	5536 6048
4
	14976 6016
	16384 6016
	16384 6048
	14976 6048
4
	0 6048
	4512 6048
	4512 6080
	0 6080
4
	5536 6048
	6784 6048
	6784 6080
	5536 6080
4
	14976 6048
	16384 6048
	16384 6080
	14976 6080
4
	0 6080
	4512 6080
	4512 6112
	0 6112
4
	5536 6080
	6784 6080
	6784 6112
	5536 6112
4
	14976 6080
	16384 6080
	16384 6112
	14976 6112
4
	0 6112
	4512 6112
	4512 6144
	0 6144
4
	5536 6112
	6784 6112
	6784 6144
	5536 6144
4
	14976 6112
	16384 6112
	16384 6144
	14976 6144
4
	0 6144
	4320 6144
	4320 6176
	0 6176
4
	5536 6144
	6784 6144
	6784 6176
	5536 6176
4
	14752 6144
	16384 6144
	16384 6176
	14752 6176
4
	0 6176
	4320 6176
	4320 6208
	0 6208
4
	5536 6176
	6784 6176
	6784 6208
	5536 6208
4
	14752 6176
	16384 6176
	16384 6208
	14752 6208
4
	0 6208
	4320 6208
	4320 6240
	0 6240
4
	5536 6208
	6784 6208
	6784 6240
	5536 6240
4
	14752 6208
	16384 6208
	16384 6240
	14752 6240
4
	0 6240
	4320 6240
	4320 6272
	0 6272
4
	5536 6240
	6784 6240
	6784 6272
	5536 6272
4
	14752 6240
	16384 6240
	16384 6272
	14752 6272
4
	0 6272
	4320 6272
	4320 6304
	0 6304
4
	5536 6272
	6784 6272
	6784 6304
	5536 6304
4
	14752 6272
	16384 6272
	16384 6304
	14752 6304
4
	0 6304
	4320 6304
	4320 6336
	0 6336
4
	5536 6304
	6784 6304
	6784 6336
	5536 6336
4
	14752 6304
	16384 6304
	16384 6336
	14752 6336
4
	0 6336
	4320 6336
	4320 6368
	0 6368
4
	5536 6336
	6784 6336
	6784 6368
	5536 6368
4
	14752 6336
	16384 6336
	16384 6368
	14752 6368
4
	0 6368
	3296 6368
	3296 6400
	0 6400
4
	3488 6368
	4096 6368
	4096 6400
	3488 6400
4
	14560 6368
	16384 6368
	16384 6400
	14560 6400
4
	0 6400
	3296 6400
	3296 6432
	0 6432
4
	3488 6400
	4096 6400
	4096 6432
	3488 6432
4
	14560 6400
	16384 6400
	16384 6432
	14560 6432
4
	0 6432
	3296 6432
	3296 6464
	0 6464
4
	3488 6432
	4096 6432
	4096 6464
	3488 6464
4
	14560 6432
	16384 6432
	16384 6464
	14560 6464
4
	0 6464
	3296 6464
	3296 6496
	0 6496
4
	3488 6464
	4096 6464
	4096 6496
	3488 6496
4
	14560 6464
	16384 6464
	16384 6496
	14560 6496
4
	0 6496
	3296 6496
	3296 6528
	0 6528
4
	3488 6496
	4096 6496
	4096 6528
	3488 6528
4
	14560 6496
	16384 6496
	16384 6528
	14560 6528
4
	0 6528
	3296 6528
	3296 6560
	0 6560
4
	3488 6528
	4096 6528
	4096 6560
	3488 6560
4
	14560 6528
	16384 6528
	16384 6560
	14560 6560
4
	0 6560
	3072 6560
	3072 6592
	0 6592
4
	14560 6560
	16384 6560
	16384 6592
	14560 6592
4
	0 6592
	3072 6592
	3072 6624
	0 6624
4
	14560 6592
	16384 6592
	16384 6624
	14560 6624
4
	0 6624
	3072 6624
	3072 6656
	0 6656
4
	14560 6624
	16384 6624
	16384 6656
	14560 6656
4
	0 6656
	3072 6656
	3072 6688
	0 6688
4
	14560 6656
	16384 6656
	16384 6688
	14560 6688
4
	0 6688
	3072 6688
	3072 6720
	0 6720
4
	14560 6688
	16384 6688
	16384 6720
	14560 6720
4
	0 6720
	3072 6720
	3072 6752
	0 6752
4
	14560 6720
	16384 6720
	16384 6752
	14560 6752
4
	0 6752
	3072 6752
	3072 6784
	0 6784
4
	14560 6752
	16384 6752
	16384 6784
	14560 6784
4
	0 6784
	2688 6784
	2688 6816
	0 6816
4
	14336 6784
	16384 6784
	16384 6816
	14336 6816
4
	0 6816
	2688 6816
	2688 6848
	0 6848
4
	14336 6816
	16384 6816
	16384 6848
	14336 6848
4
	0 6848
	2688 6848
	2688 6880
	0 6880
4
	14336 6848
	16384 6848
	16384 6880
	14336 6880
4
	0 6880
	2688 6880
	2688 6912
	0 6912
4
	14336 6880
	16384 6880
	16384 6912
	14336 6912
4
	0 6912
	2688 6912
	2688 6944
	0 6944
4
	14336 6912
	16384 6912
	16384 6944
	14336 6944
4
	0 6944
	2688 6944
	2688 6976
	0 6976
4
	14336 6944
	16384 6944
	16384 6976
	14336 6976
4
	0 6976
	2464 6976
	2464 7008
	0 7008
4
	14144 6976
	16384 6976
	16384 7008
	14144 7008
4
	0 7008
	2464 7008
	2464 7040
	0 7040
4
	14144 7008
	16384 7008
	16384 7040
	14144 7040
4
	0 7040
	2464 7040
	2464 7072
	0 7072
4
	14144 7040
	16384 7040
	16384 7072
	14144 7072
4
	0 7072
	2464 7072
	2464 7104
	0 7104
4
	14144 7072
	16384 7072
	16384 7104
	14144 7104
4
	0 7104
	2464 7104
	2464 7136
	0 7136
4
	14144 7104
	16384 7104
	16384 7136
	14144 7136
4
	0 7136
	2464 7136
	2464 7168
	0 7168
4
	14144 7136
	16384 7136
	16384 7168
	14144 7168
4
	0 7168
	2272 7168
	2272 7200
	0 7200
4
	13952 7168
	16384 7168
	16384 7200
	13952 7200
4
	0 7200
	2272 7200
	2272 7232
	0 7232
4
	13952 7200
	16384 7200
	16384 7232
	13952 7232
4
	0 7232
	2272 7232
	2272 7264
	0 7264
4
	13952 7232
	16384 7232
	16384 7264
	13952 7264
4
	0 7264
	2272 7264
	2272 7296
	0 7296
4
	13952 7264
	16384 7264
	16384 7296
	13952 7296
4
	0 7296
	2272 7296
	2272 7328
	0 7328
4
	13952 7296
	16384 7296
	16384 7328
	13952 7328
4
	0 7328
	2272 7328
	2272 7360
	0 7360
4
	13952 7328
	16384 7328
	16384 7360
	13952 7360
4
	0 7360
	2272 7360
	2272 7392
	0 7392
4
	13952 7360
	16384 7360
	16384 7392
	13952 7392
4
	0 7392
	2048 7392
	2048 7424
	0 7424
4
	13728 7392
	16384 7392
	16384 7424
	13728 7424
4
	0 7424
	2048 7424
	2048 7456
	0 7456
4
	13728 7424
	16384 7424
	16384 7456
	13728 7456
4
	0 7456
	2048 7456
	2048 7488
	0 7488
4
	13728 7456
	16384 7456
	16384 7488
	13728 7488
4
	0 7488
	2048 7488
	2048 7520
	0 7520
4
	13728 7488
	16384 7488
	16384 7520
	13728 7520
4
	0 7520
	2048 7520
	2048 7552
	0 7552
4
	13728 7520
	16384 7520
	16384 7552
	13728 7552
4
	0 7552
	2048 7552
	2048 7584
	0 7584
4
	13728 7552
	16384 7552
	16384 7584
	13728 7584
4
	0 7584
	1856 7584
	1856 7616
	0 7616
4
	13536 7584
	16384 7584
	16384 7616
	13536 7616
4
	0 7616
	1856 7616
	1856 7648
	0 7648
4
	13536 7616
	16384 7616
	16384 7648
	13536 7648
4
	0 7648
	1856 7648
	1856 7680
	0 7680
4
	13536 7648
	16384 7648
	16384 7680
	13536 7680
4
	0 7680
	1856 7680
	1856 7712
	0 7712
4
	13536 7680
	16384 7680
	16384 7712
	13536 7712
4
	0 7712
	1856 7712
	1856 7744
	0 7744
4
	13536 7712
	16384 7712
	16384 7744
	13536 7744
4
	0 7744
	1856 7744
	1856 7776
	0 7776
4
	13536 7744
	16384 7744
	16384 7776
	13536 7776
4
	0 7776
	1856 7776
	1856 7808
	0 7808
4
	13536 7776
	16384 7776
	16384 7808
	13536 7808
4
	0 7808
	1664 7808
	1664 7840
	0 7840
4
	13312 7808
	16384 7808
	16384 7840
	13312 7840
4
	0 7840
	1664 7840
	1664 7872
	0 7872
4
	13312 7840
	16384 7840
	16384 7872
	13312 7872
4
	0 7872
	1664 7872
	1664 7904
	0 7904
4
	13312 7872
	16384 7872
	16384 7904
	13312 7904
4
	0 7904
	1664 7904
	1664 7936
	0 7936
4
	13312 7904
	16384 7904
	16384 7936
	13312 7936
4
	0 7936
	1664 7936
	1664 7968
	0 7968
4
	13312 7936
	16384 7936
	16384 7968
	13312 7968
4
	0 7968
	1664 7968
	1664 8000
	0 8000
4
	13312 7968
	16384 7968
	16384 8000
	13312 8000
4
	0 8000
	1248 8000
	1248 8032
	0 8032
4
	3712 8000
	5120 8000
	5120 8032
	3712 8032
4
	13312 8000
	16384 8000
	16384 8032
	13312 8032
4
	0 8032
	1248 8032
	1248 8064
	0 8064
4
	3712 8032
	5120 8032
	5120 8064
	3712 8064
4
	13312 8032
	16384 8032
	16384 8064
	13312 8064
4
	0 8064
	1248 8064
	1248 8096
	0 8096
4
	3712 8064
	5120 8064
	5120 8096
	3712 8096
4
	13312 8064
	16384 8064
	16384 8096
	13312 8096
4
	0 8096
	1248 8096
	1248 8128
	0 8128
4
	3712 8096
	5120 8096
	5120 8128
	3712 8128
4
	13312 8096
	16384 8096
	16384 8128
	13312 8128
4
	0 8128
	1248 8128
	1248 8160
	0 8160
4
	3712 8128
	5120 8128
	5120 8160
	3712 8160
4
	13312 8128
	16384 8128
	16384 8160
	13312 8160
4
	0 8160
	1248 8160
	1248 8192
	0 8192
4
	3712 8160
	5120 8160
	5120 8192
	3712 8192
4
	13312 8160
	16384 8160
	16384 8192
	13312 8192
4
	0 8192
	1024 8192
	1024 8224
	0 8224
4
	3488 8192
	5120 8192
	5120 8224
	3488 8224
4
	13120 8192
	16384 8192
	16384 8224
	13120 8224
4
	0 8224
	1024 8224
	1024 8256
	0 8256
4
	3488 8224
	5120 8224
	5120 8256
	3488 8256
4
	13120 8224
	16384 8224
	16384 8256
	13120 8256
4
	0 8256
	1024 8256
	1024 8288
	0 8288
4
	3488 8256
	5120 8256
	5120 8288
	3488 8288
4
	13120 8256
	16384 8256
	16384 8288
	13120 8288
4
	0 8288
	1024 8288
	1024 8320
	0 8320
4
	3488 8288
	5120 8288
	5120 8320
	3488 8320
4
	13120 8288
	16384 8288
	16384 8320
	13120 8320
4
	0 8320
	1024 8320
	1024 8352
	0 8352
4
	3488 8320
	5120 8320
	5120 8352
	3488 8352
4
	13120 8320
	16384 8320
	16384 8352
	13120 8352
4
	0 8352
	1024 8352
	1024 8384
	0 8384
4
	3488 8352
	5120 8352
	5120 8384
	3488 8384
4
	13120 8352
	16384 8352
	16384 8384
	13120 8384
4
	0 8384
	1024 8384
	1024 8416
	0 8416
4
	3488 8384
	5120 8384
	5120 8416
	3488 8416
4
	13120 8384
	16384 8384
	16384 8416
	13120 8416
4
	0 8416
	832 8416
	832 8448
	0 8448
4
	3488 8416
	5120 8416
	5120 8448
	3488 8448
4
	12928 8416
	16384 8416
	16384 8448
	12928 8448
4
	0 8448
	832 8448
	832 8480
	0 8480
4
	3488 8448
	5120 8448
	5120 8480
	3488 8480
4
	12928 8448
	16384 8448
	16384 8480
	12928 8480
4
	0 8480
	832 8480
	832 8512
	0 8512
4
	3488 8480
	5120 8480
	5120 8512
	3488 8512
4
	12928 8480
	16384 8480
	16384 8512
	12928 8512
4
	0 8512
	832 8512
	832 8544
	0 8544
4
	3488 8512
	5120 8512
	5120 8544
	3488 8544
4
	12928 8512
	16384 8512
	16384 8544
	12928 8544
4
	0 8544
	832 8544
	832 8576
	0 8576
4
	3488 8544
	5120 8544
	5120 8576
	3488 8576
4
	12928 8544
	16384 8544
	16384 8576
	12928 8576
4
	0 8576
	832 8576
	832 8608
	0 8608
4
	3488 8576
	5120 8576
	5120 8608
	3488 8608
4
	12928 8576
	16384 8576
	16384 8608
	12928 8608
4
	0 8608
	640 8608
	640 8640
	0 8640
4
	3712 8608
	5120 8608
	5120 8640
	3712 8640
4
	12704 8608
	16384 8608
	16384 8640
	12704 8640
4
	0 8640
	640 8640
	640 8672
	0 8672
4
	3712 8640
	5120 8640
	5120 8672
	3712 8672
4
	12704 8640
	16384 8640
	16384 8672
	12704 8672
4
	0 8672
	640 8672
	640 8704
	0 8704
4
	3712 8672
	5120 8672
	5120 8704
	3712 8704
4
	12704 8672
	16384 8672
	16384 8704
	12704 8704
4
	0 8704
	640 8704
	640 8736
	0 8736
4
	3712 8704
	5120 8704
	5120 8736
	3712 8736
4
	12704 8704
	16384 8704
	16384 8736
	12704 8736
4
	0 8736
	640 8736
	640 8768
	0 8768
4
	3712 8736
	5120 8736
	5120 8768
	3712 8768
4
	12704 8736
	16384 8736
	16384 8768
	12704 8768
4
	0 8768
	640 8768
	640 8800
	0 8800
4
	3712 8768
	5120 8768
	5120 8800
	3712 8800
4
	12704 8768
	16384 8768
	16384 8800
	12704 8800
4
	0 8800
	640 8800
	640 8832
	0 8832
4
	3712 8800
	5120 8800
	5120 8832
	3712 8832
4
	12704 8800
	16384 8800
	16384 8832
	12704 8832
4
	0 8832
	416 8832
	416 8864
	0 8864
4
	3712 8832
	4736 8832
	4736 8864
	3712 8864
4
	12512 8832
	16384 8832
	16384 8864
	12512 8864
4
	0 8864
	416 8864
	416 8896
	0 8896
4
	3712 8864
	4736 8864
	4736 8896
	3712 8896
4
	12512 8864
	16384 8864
	16384 8896
	12512 8896
4
	0 8896
	416 8896
	416 8928
	0 8928
4
	3712 8896
	4736 8896
	4736 8928
	3712 8928
4
	12512 8896
	16384 8896
	16384 8928
	12512 8928
4
	0 8928
	416 8928
	416 8960
	0 8960
4
	3712 8928
	4736 8928
	4736 8960
	3712 8960
4
	12512 8928
	16384 8928
	16384 8960
	12512 8960
4
	0 8960
	416 8960
	416 8992
	0 8992
4
	3712 8960
	4736 8960
	4736 8992
	3712 8992
4
	12512 8960
	16384 8960
	16384 8992
	12512 8992
4
	0 8992
	416 8992
	416 9024
	0 9024
4
	3712 8992
	4736 8992
	4736 9024
	3712 9024
4
	12512 8992
	16384 8992
	16384 9024
	12512 9024
4
	0 9024
	416 9024
	416 9056
	0 9056
4
	4096 9024
	4512 9024
	4512 9056
	4096 9056
4
	12288 9024
	16384 9024
	16384 9056
	12288 9056
4
	0 9056
	416 9056
	416 9088
	0 9088
4
	4096 9056
	4512 9056
	4512 9088
	4096 9088
4
	12288 9056
	16384 9056
	16384 9088
	12288 9088
4
	0 9088
	416 9088
	416 9120
	0 9120
4
	4096 9088
	4512 9088
	4512 9120
	4096 9120
4
	12288 9088
	16384 9088
	16384 9120
	12288 9120
4
	0 9120
	416 9120
	416 9152
	0 9152
4
	4096 9120
	4512 9120
	4512 9152
	4096 9152
4
	12288 9120
	16384 9120
	16384 9152
	12288 9152
4
	0 9152
	416 9152
	416 9184
	0 9184
4
	4096 9152
	4512 9152
	4512 9184
	4096 9184
4
	12288 9152
	16384 9152
	16384 9184
	12288 9184
4
	0 9184
	416 9184
	416 9216
	0 9216
4
	4096 9184
	4512 9184
	4512 9216
	4096 9216
4
	12288 9184
	16384 9184
	16384 9216
	12288 9216
4
	0 9216
	416 9216
	416 9248
	0 9248
4
	12096 9216
	16384 9216
	16384 9248
	12096 9248
4
	0 9248
	416 9248
	416 9280
	0 9280
4
	12096 9248
	16384 9248
	16384 9280
	12096 9280
4
	0 9280
	416 9280
	416 9312
	0 9312
4
	12096 9280
	16384 9280
	16384 9312
	12096 9312
4
	0 9312
	416 9312
	416 9344
	0 9344
4
	12096 9312
	16384 9312
	16384 9344
	12096 9344
4
	0 9344
	416 9344
	416 9376
	0 9376
4
	12096 9344
	16384 9344
	16384 9376
	12096 9376
4
	0 9376
	416 9376
	416 9408
	0 9408
4
	12096 9376
	16384 9376
	16384 9408
	12096 9408
4
	0 9408
	416 9408
	416 9440
	0 9440
4
	12096 9408
	16384 9408
	16384 9440
	12096 9440
4
	0 9440
	416 9440
	416 9472
	0 9472
4
	1440 9440
	1664 9440
	1664 9472
	1440 9472
4
	11904 9440
	16384 9440
	16384 9472
	11904 9472
4
	0 9472
	416 9472
	416 9504
	0 9504
4
	1440 9472
	1664 9472
	1664 9504
	1440 9504
4
	11904 9472
	16384 9472
	16384 9504
	11904 9504
4
	0 9504
	416 9504
	416 9536
	0 9536
4
	1440 9504
	1664 9504
	1664 9536
	1440 9536
4
	11904 9504
	16384 9504
	16384 9536
	11904 9536
4
	0 9536
	416 9536
	416 9568
	0 9568
4
	1440 9536
	1664 9536
	1664 9568
	1440 9568
4
	11904 9536
	16384 9536
	16384 9568
	11904 9568
4
	0 9568
	416 9568
	416 9600
	0 9600
4
	1440 9568
	1664 9568
	1664 9600
	1440 9600
4
	11904 9568
	16384 9568
	16384 9600
	11904 9600
4
	0 9600
	416 9600
	416 9632
	0 9632
4
	1440 9600
	1664 9600
	1664 9632
	1440 9632
4
	11904 9600
	16384 9600
	16384 9632
	11904 9632
4
	0 9632
	416 9632
	416 9664
	0 9664
4
	1248 9632
	2048 9632
	2048 9664
	1248 9664
4
	11488 9632
	16384 9632
	16384 9664
	11488 9664
4
	0 9664
	416 9664
	416 9696
	0 9696
4
	1248 9664
	2048 9664
	2048 9696
	1248 9696
4
	11488 9664
	16384 9664
	16384 9696
	11488 9696
4
	0 9696
	416 9696
	416 9728
	0 9728
4
	1248 9696
	2048 9696
	2048 9728
	1248 9728
4
	11488 9696
	16384 9696
	16384 9728
	11488 9728
4
	0 9728
	416 9728
	416 9760
	0 9760
4
	1248 9728
	2048 9728
	2048 9760
	1248 9760
4
	11488 9728
	16384 9728
	16384 9760
	11488 9760
4
	0 9760
	416 9760
	416 9792
	0 9792
4
	1248 9760
	2048 9760
	2048 9792
	1248 9792
4
	11488 9760
	16384 9760
	16384 9792
	11488 9792
4
	0 9792
	416 9792
	416 9824
	0 9824
4
	1248 9792
	2048 9792
	2048 9824
	1248 9824
4
	11488 9792
	16384 9792
	16384 9824
	11488 9824
4
	0 9824
	416 9824
	416 9856
	0 9856
4
	1248 9824
	2048 9824
	2048 9856
	1248 9856
4
	11488 9824
	16384 9824
	16384 9856
	11488 9856
4
	0 9856
	416 9856
	416 9888
	0 9888
4
	832 9856
	2464 9856
	2464 9888
	832 9888
4
	11264 9856
	16384 9856
	16384 9888
	11264 9888
4
	0 9888
	416 9888
	416 9920
	0 9920
4
	832 9888
	2464 9888
	2464 9920
	832 9920
4
	11264 9888
	16384 9888
	16384 9920
	11264 9920
4
	0 9920
	416 9920
	416 9952
	0 9952
4
	832 9920
	2464 9920
	2464 9952
	832 9952
4
	11264 9920
	16384 9920
	16384 9952
	11264 9952
4
	0 9952
	416 9952
	416 9984
	0 9984
4
	832 9952
	2464 9952
	2464 9984
	832 9984
4
	11264 9952
	16384 9952
	16384 9984
	11264 9984
4
	0 9984
	416 9984
	416 10016
	0 10016
4
	832 9984
	2464 9984
	2464 10016
	832 10016
4
	11264 9984
	16384 9984
	16384 10016
	11264 10016
4
	0 10016
	416 10016
	416 10048
	0 10048
4
	832 10016
	2464 10016
	2464 10048
	832 10048
4
	11264 10016
	16384 10016
	16384 10048
	11264 10048
4
	0 10048
	416 10048
	416 10080
	0 10080
4
	640 10048
	2688 10048
	2688 10080
	640 10080
4
	11072 10048
	16384 10048
	16384 10080
	11072 10080
4
	0 10080
	416 10080
	416 10112
	0 10112
4
	640 10080
	2688 10080
	2688 10112
	640 10112
4
	11072 10080
	16384 10080
	16384 10112
	11072 10112
4
	0 10112
	416 10112
	416 10144
	0 10144
4
	640 10112
	2688 10112
	2688 10144
	640 10144
4
	11072 10112
	16384 10112
	16384 10144
	11072 10144
4
	0 10144
	416 10144
	416 10176
	0 10176
4
	640 10144
	2688 10144
	2688 10176
	640 10176
4
	11072 10144
	16384 10144
	16384 10176
	11072 10176
4
	0 10176
	416 10176
	416 10208
	0 10208
4
	640 10176
	2688 10176
	2688 10208
	640 10208
4
	11072 10176
	16384 10176
	16384 10208
	11072 10208
4
	0 10208
	416 10208
	416 10240
	0 10240
4
	640 10208
	2688 10208
	2688 10240
	640 10240
4
	11072 10208
	16384 10208
	16384 10240
	11072 10240
4
	0 10240
	2880 10240
	2880 10272
	0 10272
4
	10656 10240
	16384 10240
	16384 10272
	10656 10272
4
	0 10272
	2880 10272
	2880 10304
	0 10304
4
	10656 10272
	16384 10272
	16384 10304
	10656 10304
4
	0 10304
	2880 10304
	2880 10336
	0 10336
4
	10656 10304
	16384 10304
	16384 10336
	10656 10336
4
	0 10336
	2880 10336
	2880 10368
	0 10368
4
	10656 10336
	16384 10336
	16384 10368
	10656 10368
4
	0 10368
	2880 10368
	2880 10400
	0 10400
4
	10656 10368
	16384 10368
	16384 10400
	10656 10400
4
	0 10400
	2880 10400
	2880 10432
	0 10432
4
	10656 10400
	16384 10400
	16384 10432
	10656 10432
4
	0 10432
	2880 10432
	2880 10464
	0 10464
4
	10656 10432
	16384 10432
	16384 10464
	10656 10464
4
	0 10464
	3072 10464
	3072 10496
	0 10496
4
	10464 10464
	16384 10464
	16384 10496
	10464 10496
4
	0 10496
	3072 10496
	3072 10528
	0 10528
4
	10464 10496
	16384 10496
	16384 10528
	10464 10528
4
	0 10528
	3072 10528
	3072 10560
	0 10560
4
	10464 10528
	16384 10528
	16384 10560
	10464 10560
4
	0 10560
	3072 10560
	3072 10592
	0 10592
4
	10464 10560
	16384 10560
	16384 10592
	10464 10592
4
	0 10592
	3072 10592
	3072 10624
	0 10624
4
	10464 10592
	16384 10592
	16384 10624
	10464 10624
4
	0 10624
	3072 10624
	3072 10656
	0 10656
4
	10464 10624
	16384 10624
	16384 10656
	10464 10656
4
	0 10656
	3296 10656
	3296 10688
	0 10688
4
	10240 10656
	16384 10656
	16384 10688
	10240 10688
4
	0 10688
	3296 10688
	3296 10720
	0 10720
4
	10240 10688
	16384 10688
	16384 10720
	10240 10720
4
	0 10720
	3296 10720
	3296 10752
	0 10752
4
	10240 10720
	16384 10720
	16384 10752
	10240 10752
4
	0 10752
	3296 10752
	3296 10784
	0 10784
4
	10240 10752
	16384 10752
	16384 10784
	10240 10784
4
	0 10784
	3296 10784
	3296 10816
	0 10816
4
	10240 10784
	16384 10784
	16384 10816
	10240 10816
4
	0 10816
	3296 10816
	3296 10848
	0 10848
4
	10240 10816
	16384 10816
	16384 10848
	10240 10848
4
	0 10848
	3296 10848
	3296 10880
	0 10880
4
	10240 10848
	16384 10848
	16384 10880
	10240 10880
4
	0 10880
	3488 10880
	3488 10912
	0 10912
4
	10048 10880
	16384 10880
	16384 10912
	10048 10912
4
	0 10912
	3488 10912
	3488 10944
	0 10944
4
	10048 10912
	16384 10912
	16384 10944
	10048 10944
4
	0 10944
	3488 10944
	3488 10976
	0 10976
4
	10048 10944
	16384 10944
	16384 10976
	10048 10976
4
	0 10976
	3488 10976
	3488 11008
	0 11008
4
	10048 10976
	16384 10976
	16384 11008
	10048 11008
4
	0 11008
	3488 11008
	3488 11040
	0 11040
4
	10048 11008
	16384 11008
	16384 11040
	10048 11040
4
	0 11040
	3488 11040
	3488 11072
	0 11072
4
	10048 11040
	16384 11040
	16384 11072
	10048 11072
4
	0 11072
	3712 11072
	3712 11104
	0 11104
4
	9856 11072
	16384 11072
	16384 11104
	9856 11104
4
	0 11104
	3712 11104
	3712 11136
	0 11136
4
	9856 11104
	16384 11104
	16384 11136
	9856 11136
4
	0 11136
	3712 11136
	3712 11168
	0 11168
4
	9856 11136
	16384 11136
	16384 11168
	9856 11168
4
	0 11168
	3712 11168
	3712 11200
	0 11200
4
	9856 11168
	16384 11168
	16384 11200
	9856 11200
4
	0 11200
	3712 11200
	3712 11232
	0 11232
4
	9856 11200
	16384 11200
	16384 11232
	9856 11232
4
	0 11232
	3712 11232
	3712 11264
	0 11264
4
	9856 11232
	16384 11232
	16384 11264
	9856 11264
4
	0 11264
	3904 11264
	3904 11296
	0 11296
4
	9632 11264
	16384 11264
	16384 11296
	9632 11296
4
	0 11296
	3904 11296
	3904 11328
	0 11328
4
	9632 11296
	16384 11296
	16384 11328
	9632 11328
4
	0 11328
	3904 11328
	3904 11360
	0 11360
4
	9632 11328
	16384 11328
	16384 11360
	9632 11360
4
	0 11360
	3904 11360
	3904 11392
	0 11392
4
	9632 11360
	16384 11360
	16384 11392
	9632 11392
4
	0 11392
	3904 11392
	3904 11424
	0 11424
4
	9632 11392
	16384 11392
	16384 11424
	9632 11424
4
	0 11424
	3904 11424
	3904 11456
	0 11456
4
	9632 11424
	16384 11424
	16384 11456
	9632 11456
4
	0 11456
	3904 11456
	3904 11488
	0 11488
4
	9632 11456
	16384 11456
	16384 11488
	9632 11488
4
	0 11488
	4096 11488
	4096 11520
	0 11520
4
	9440 11488
	16384 11488
	16384 11520
	9440 11520
4
	0 11520
	4096 11520
	4096 11552
	0 11552
4
	9440 11520
	16384 11520
	16384 11552
	9440 11552
4
	0 11552
	4096 11552
	4096 11584
	0 11584
4
	9440 11552
	16384 11552
	16384 11584
	9440 11584
4
	0 11584
	4096 11584
	4096 11616
	0 11616
4
	9440 11584
	16384 11584
	16384 11616
	9440 11616
4
	0 11616
	4096 11616
	4096 11648
	0 11648
4
	9440 11616
	16384 11616
	16384 11648
	9440 11648
4
	0 11648
	4096 11648
	4096 11680
	0 11680
4
	9440 11648
	16384 11648
	16384 11680
	9440 11680
4
	0 11680
	4320 11680
	4320 11712
	0 11712
4
	9440 11680
	16384 11680
	16384 11712
	9440 11712
4
	0 11712
	4320 11712
	4320 11744
	0 11744
4
	9440 11712
	16384 11712
	16384 11744
	9440 11744
4
	0 11744
	4320 11744
	4320 11776
	0 11776
4
	9440 11744
	16384 11744
	16384 11776
	9440 11776
4
	0 11776
	4320 11776
	4320 11808
	0 11808
4
	9440 11776
	16384 11776
	16384 11808
	9440 11808
4
	0 11808
	4320 11808
	4320 11840
	0 11840
4
	9440 11808
	16384 11808
	16384 11840
	9440 11840
4
	0 11840
	4320 11840
	4320 11872
	0 11872
4
	9440 11840
	16384 11840
	16384 11872
	9440 11872
4
	0 11872
	4320 11872
	4320 11904
	0 11904
4
	9440 11872
	16384 11872
	16384 11904
	9440 11904
4
	0 11904
	4512 11904
	4512 11936
	0 11936
4
	9216 11904
	16384 11904
	16384 11936
	9216 11936
4
	0 11936
	4512 11936
	4512 11968
	0 11968
4
	9216 11936
	16384 11936
	16384 11968
	9216 11968
4
	0 11968
	4512 11968
	4512 12000
	0 12000
4
	9216 11968
	16384 11968
	16384 12000
	9216 12000
4
	0 12000
	4512 12000
	4512 12032
	0 12032
4
	9216 12000
	16384 12000
	16384 12032
	9216 12032
4
	0 12032
	4512 12032
	4512 12064
	0 12064
4
	9216 12032
	16384 12032
	16384 12064
	9216 12064
4
	0 12064
	4512 12064
	4512 12096
	0 12096
4
	9216 12064
	16384 12064
	16384 12096
	9216 12096
4
	0 12096
	4736 12096
	4736 12128
	0 12128
4
	9024 12096
	16384 12096
	16384 12128
	9024 12128
4
	0 12128
	4736 12128
	4736 12160
	0 12160
4
	9024 12128
	16384 12128
	16384 12160
	9024 12160
4
	0 12160
	4736 12160
	4736 12192
	0 12192
4
	9024 12160
	16384 12160
	16384 12192
	9024 12192
4
	0 12192
	4736 12192
	4736 12224
	0 12224
4
	9024 12192
	16384 12192
	16384 12224
	9024 12224
4
	0 12224
	4736 12224
	4736 12256
	0 12256
4
	9024 12224
	16384 12224
	16384 12256
	9024 12256
4
	0 12256
	4736 12256
	4736 12288
	0 12288
4
	9024 12256
	16384 12256
	16384 12288
	9024 12288
4
	0 12288
	4928 12288
	4928 12320
	0 12320
4
	8832 12288
	16384 12288
	16384 12320
	8832 12320
4
	0 12320
	4928 12320
	4928 12352
	0 12352
4
	8832 12320
	16384 12320
	16384 12352
	8832 12352
4
	0 12352
	4928 12352
	4928 12384
	0 12384
4
	8832 12352
	16384 12352
	16384 12384
	8832 12384
4
	0 12384
	4928 12384
	4928 12416
	0 12416
4
	8832 12384
	16384 12384
	16384 12416
	8832 12416
4
	0 12416
	4928 12416
	4928 12448
	0 12448
4
	8832 12416
	16384 12416
	16384 12448
	8832 12448
4
	0 12448
	4928 12448
	4928 12480
	0 12480
4
	8832 12448
	16384 12448
	16384 12480
	8832 12480
4
	0 12480
	4928 12480
	4928 12512
	0 12512
4
	8832 12480
	16384 12480
	16384 12512
	8832 12512
4
	0 12512
	5120 12512
	5120 12544
	0 12544
4
	8608 12512
	16384 12512
	16384 12544
	8608 12544
4
	0 12544
	5120 12544
	5120 12576
	0 12576
4
	8608 12544
	16384 12544
	16384 12576
	8608 12576
4
	0 12576
	5120 12576
	5120 12608
	0 12608
4
	8608 12576
	16384 12576
	16384 12608
	8608 12608
4
	0 12608
	5120 12608
	5120 12640
	0 12640
4
	8608 12608
	16384 12608
	16384 12640
	8608 12640
4
	0 12640
	5120 12640
	5120 12672
	0 12672
4
	8608 12640
	16384 12640
	16384 12672
	8608 12672
4
	0 12672
	5120 12672
	5120 12704
	0 12704
4
	8608 12672
	16384 12672
	16384 12704
	8608 12704
4
	0 12704
	5120 12704
	5120 12736
	0 12736
4
	8416 12704
	16384 12704
	16384 12736
	8416 12736
4
	0 12736
	5120 12736
	5120 12768
	0 12768
4
	8416 12736
	16384 12736
	16384 12768
	8416 12768
4
	0 12768
	5120 12768
	5120 12800
	0 12800
4
	8416 12768
	16384 12768
	16384 12800
	8416 12800
4
	0 12800
	5120 12800
	5120 12832
	0 12832
4
	8416 12800
	16384 12800
	16384 12832
	8416 12832
4
	0 12832
	5120 12832
	5120 12864
	0 12864
4
	8416 12832
	16384 12832
	16384 12864
	8416 12864
4
	0 12864
	5120 12864
	5120 12896
	0 12896
4
	8416 12864
	16384 12864
	16384 12896
	8416 12896
4
	0 12896
	5120 12896
	5120 12928
	0 12928
4
	8416 12896
	16384 12896
	16384 12928
	8416 12928
4
	0 12928
	5120 12928
	5120 12960
	0 12960
4
	8192 12928
	16384 12928
	16384 12960
	8192 12960
4
	0 12960
	5120 12960
	5120 12992
	0 12992
4
	8192 12960
	16384 12960
	16384 12992
	8192 12992
4
	0 12992
	5120 12992
	5120 13024
	0 13024
4
	8192 12992
	16384 12992
	16384 13024
	8192 13024
4
	0 13024
	5120 13024
	5120 13056
	0 13056
4
	8192 13024
	16384 13024
	16384 13056
	8192 13056
4
	0 13056
	5120 13056
	5120 13088
	0 13088
4
	8192 13056
	16384 13056
	16384 13088
	8192 13088
4
	0 13088
	5120 13088
	5120 13120
	0 13120
4
	8192 13088
	16384 13088
	16384 13120
	8192 13120
4
	0 13120
	5120 13120
	5120 13152
	0 13152
4
	8000 13120
	16384 13120
	16384 13152
	8000 13152
4
	0 13152
	5120 13152
	5120 13184
	0 13184
4
	8000 13152
	16384 13152
	16384 13184
	8000 13184
4
	0 13184
	5120 13184
	5120 13216
	0 13216
4
	8000 13184
	16384 13184
	16384 13216
	8000 13216
4
	0 13216
	5120 13216
	5120 13248
	0 13248
4
	8000 13216
	16384 13216
	16384 13248
	8000 13248
4
	0 13248
	5120 13248
	5120 13280
	0 13280
4
	8000 13248
	16384 13248
	16384 13280
	8000 13280
4
	0 13280
	5120 13280
	5120 13312
	0 13312
4
	8000 13280
	16384 13280
	16384 13312
	8000 13312
4
	0 13312
	5344 13312
	5344 13344
	0 13344
4
	7808 13312
	16384 13312
	16384 13344
	7808 13344
4
	0 13344
	5344 13344
	5344 13376
	0 13376
4
	7808 13344
	16384 13344
	16384 13376
	7808 13376
4
	0 13376
	5344 13376
	5344 13408
	0 13408
4
	7808 13376
	16384 13376
	16384 13408
	7808 13408
4
	0 13408
	5344 13408
	5344 13440
	0 13440
4
	7808 13408
	16384 13408
	16384 13440
	7808 13440
4
	0 13440
	5344 13440
	5344 13472
	0 13472
4
	7808 13440
	16384 13440
	16384 13472
	7808 13472
4
	0 13472
	5344 13472
	5344 13504
	0 13504
4
	7808 13472
	16384 13472
	16384 13504
	7808 13504
4
	0 13504
	5344 13504
	5344 13536
	0 13536
4
	7808 13504
	16384 13504
	16384 13536
	7808 13536
4
	0 13536
	5536 13536
	5536 13568
	0 13568
4
	7808 13536
	16384 13536
	16384 13568
	7808 13568
4
	0 13568
	5536 13568
	5536 13600
	0 13600
4
	7808 13568
	16384 13568
	16384 13600
	7808 13600
4
	0 13600
	5536 13600
	5536 13632
	0 13632
4
	7808 13600
	16384 13600
	16384 13632
	7808 13632
4
	0 13632
	5536 13632
	5536 13664
	0 13664
4
	7808 13632
	16384 13632
	16384 13664
	7808 13664
4
	0 13664
	5536 13664
	5536 13696
	0 13696
4
	7808 13664
	16384 13664
	16384 13696
	7808 13696
4
	0 13696
	5536 13696
	5536 13728
	0 13728
4
	7808 13696
	16384 13696
	16384 13728
	7808 13728
4
	0 13728
	5760 13728
	5760 13760
	0 13760
4
	7808 13728
	16384 13728
	16384 13760
	7808 13760
4
	0 13760
	5760 13760
	5760 13792
	0 13792
4
	7808 13760
	16384 13760
	16384 13792
	7808 13792
4
	0 13792
	5760 13792
	5760 13824
	0 13824
4
	7808 13792
	16384 13792
	16384 13824
	7808 13824
4
	0 13824
	5760 13824
	5760 13856
	0 13856
4
	7808 13824
	16384 13824
	16384 13856
	7808 13856
4
	0 13856
	5760 13856
	5760 13888
	0 13888
4
	7808 13856
	16384 13856
	16384 13888
	7808 13888
4
	0 13888
	5760 13888
	5760 13920
	0 13920
4
	7808 13888
	16384 13888
	16384 13920
	7808 13920
4
	0 13920
	5760 13920
	5760 13952
	0 13952
4
	7808 13920
	16384 13920
	16384 13952
	7808 13952
4
	0 13952
	5952 13952
	5952 13984
	0 13984
4
	7808 13952
	16384 13952
	16384 13984
	7808 13984
4
	0 13984
	5952 13984
	5952 14016
	0 14016
4
	7808 13984
	16384 13984
	16384 14016
	7808 14016
4
	0 14016
	5952 14016
	5952 14048
	0 14048
4
	7808 14016
	16384 14016
	16384 14048
	7808 14048
4
	0 14048
	5952 14048
	5952 14080
	0 14080
4
	7808 14048
	16384 14048
	16384 14080
	7808 14080
4
	0 14080
	5952 14080
	5952 14112
	0 14112
4
	7808 14080
	16384 14080
	16384 14112
	7808 14112
4
	0 14112
	5952 14112
	5952 14144
	0 14144
4
	7808 14112
	16384 14112
	16384 14144
	7808 14144
4
	0 14144
	6144 14144
	6144 14176
	0 14176
4
	8000 14144
	16384 14144
	16384 14176
	8000 14176
4
	0 14176
	6144 14176
	6144 14208
	0 14208
4
	8000 14176
	16384 14176
	16384 14208
	8000 14208
4
	0 14208
	6144 14208
	6144 14240
	0 14240
4
	8000 14208
	16384 14208
	16384 14240
	8000 14240
4
	0 14240
	6144 14240
	6144 14272
	0 14272
4
	8000 14240
	16384 14240
	16384 14272
	8000 14272
4
	0 14272
	6144 14272
	6144 14304
	0 14304
4
	8000 14272
	16384 14272
	16384 14304
	8000 14304
4
	0 14304
	6144 14304
	6144 14336
	0 14336
4
	8000 14304
	16384 14304
	16384 14336
	8000 14336
4
	0 14336
	6560 14336
	6560 14368
	0 14368
4
	8192 14336
	16384 14336
	16384 14368
	8192 14368
4
	0 14368
	6560 14368
	6560 14400
	0 14400
4
	8192 14368
	16384 14368
	16384 14400
	8192 14400
4
	0 14400
	6560 14400
	6560 14432
	0 14432
4
	8192 14400
	16384 14400
	16384 14432
	8192 14432
4
	0 14432
	6560 14432
	6560 14464
	0 14464
4
	8192 14432
	16384 14432
	16384 14464
	8192 14464
4
	0 14464
	6560 14464
	6560 14496
	0 14496
4
	8192 14464
	16384 14464
	16384 14496
	8192 14496
4
	0 14496
	6560 14496
	6560 14528
	0 14528
4
	8192 14496
	16384 14496
	16384 14528
	8192 14528
4
	0 14528
	6560 14528
	6560 14560
	0 14560
4
	8192 14528
	16384 14528
	16384 14560
	8192 14560
4
	0 14560
	6784 14560
	6784 14592
	0 14592
4
	8416 14560
	10048 14560
	10048 14592
	8416 14592
4
	10464 14560
	16384 14560
	16384 14592
	10464 14592
4
	0 14592
	6784 14592
	6784 14624
	0 14624
4
	8416 14592
	10048 14592
	10048 14624
	8416 14624
4
	10464 14592
	16384 14592
	16384 14624
	10464 14624
4
	0 14624
	6784 14624
	6784 14656
	0 14656
4
	8416 14624
	10048 14624
	10048 14656
	8416 14656
4
	10464 14624
	16384 14624
	16384 14656
	10464 14656
4
	0 14656
	6784 14656
	6784 14688
	0 14688
4
	8416 14656
	10048 14656
	10048 14688
	8416 14688
4
	10464 14656
	16384 14656
	16384 14688
	10464 14688
4
	0 14688
	6784 14688
	6784 14720
	0 14720
4
	8416 14688
	10048 14688
	10048 14720
	8416 14720
4
	10464 14688
	16384 14688
	16384 14720
	10464 14720
4
	0 14720
	6784 14720
	6784 14752
	0 14752
4
	8416 14720
	10048 14720
	10048 14752
	8416 14752
4
	10464 14720
	16384 14720
	16384 14752
	10464 14752
4
	0 14752
	6976 14752
	6976 14784
	0 14784
4
	8608 14752
	9856 14752
	9856 14784
	8608 14784
4
	10656 14752
	16384 14752
	16384 14784
	10656 14784
4
	0 14784
	6976 14784
	6976 14816
	0 14816
4
	8608 14784
	9856 14784
	9856 14816
	8608 14816
4
	10656 14784
	16384 14784
	16384 14816
	10656 14816
4
	0 14816
	6976 14816
	6976 14848
	0 14848
4
	8608 14816
	9856 14816
	9856 14848
	8608 14848
4
	10656 14816
	16384 14816
	16384 14848
	10656 14848
4
	0 14848
	6976 14848
	6976 14880
	0 14880
4
	8608 14848
	9856 14848
	9856 14880
	8608 14880
4
	10656 14848
	16384 14848
	16384 14880
	10656 14880
4
	0 14880
	6976 14880
	6976 14912
	0 14912
4
	8608 14880
	9856 14880
	9856 14912
	8608 14912
4
	10656 14880
	16384 14880
	16384 14912
	10656 14912
4
	0 14912
	6976 14912
	6976 14944
	0 14944
4
	8608 14912
	9856 14912
	9856 14944
	8608 14944
4
	10656 14912
	16384 14912
	16384 14944
	10656 14944
4
	0 14944
	6976 14944
	6976 14976
	0 14976
4
	8608 14944
	9856 14944
	9856 14976
	8608 14976
4
	10656 14944
	16384 14944
	16384 14976
	10656 14976
4
	0 14976
	7168 14976
	7168 15008
	0 15008
4
	8832 14976
	9632 14976
	9632 15008
	8832 15008
4
	10880 14976
	16384 14976
	16384 15008
	10880 15008
4
	0 15008
	7168 15008
	7168 15040
	0 15040
4
	8832 15008
	9632 15008
	9632 15040
	8832 15040
4
	10880 15008
	16384 15008
	16384 15040
	10880 15040
4
	0 15040
	7168 15040
	7168 15072
	0 15072
4
	8832 15040
	9632 15040
	9632 15072
	8832 15072
4
	10880 15040
	16384 15040
	16384 15072
	10880 15072
4
	0 15072
	7168 15072
	7168 15104
	0 15104
4
	8832 15072
	9632 15072
	9632 15104
	8832 15104
4
	10880 15072
	16384 15072
	16384 15104
	10880 15104
4
	0 15104
	7168 15104
	7168 15136
	0 15136
4
	8832 15104
	9632 15104
	9632 15136
	8832 15136
4
	10880 15104
	16384 15104
	16384 15136
	10880 15136
4
	0 15136
	7168 15136
	7168 15168
	0 15168
4
	8832 15136
	9632 15136
	9632 15168
	8832 15168
4
	10880 15136
	16384 15136
	16384 15168
	10880 15168
4
	0 15168
	7392 15168
	7392 15200
	0 15200
4
	9024 15168
	9440 15168
	9440 15200
	9024 15200
4
	10880 15168
	16384 15168
	16384 15200
	10880 15200
4
	0 15200
	7392 15200
	7392 15232
	0 15232
4
	9024 15200
	9440 15200
	9440 15232
	9024 15232
4
	10880 15200
	16384 15200
	16384 15232
	10880 15232
4
	0 15232
	7392 15232
	7392 15264
	0 15264
4
	9024 15232
	9440 15232
	9440 15264
	9024 15264
4
	10880 15232
	16384 15232
	16384 15264
	10880 15264
4
	0 15264
	7392 15264
	7392 15296
	0 15296
4
	9024 15264
	9440 15264
	9440 15296
	9024 15296
4
	10880 15264
	16384 15264
	16384 15296
	10880 15296
4
	0 15296
	7392 15296
	7392 15328
	0 15328
4
	9024 15296
	9440 15296
	9440 15328
	9024 15328
4
	10880 15296
	16384 15296
	16384 15328
	10880 15328
4
	0 15328
	7392 15328
	7392 15360
	0 15360
4
	9024 15328
	9440 15328
	9440 15360
	9024 15360
4
	10880 15328
	16384 15328
	16384 15360
	10880 15360
4
	0 15360
	7584 15360
	7584 15392
	0 15392
4
	10880 15360
	16384 15360
	16384 15392
	10880 15392
4
	0 15392
	7584 15392
	7584 15424
	0 15424
4
	10880 15392
	16384 15392
	16384 15424
	10880 15424
4
	0 15424
	7584 15424
	7584 15456
	0 15456
4
	10880 15424
	16384 15424
	16384 15456
	10880 15456
4
	0 15456
	7584 15456
	7584 15488
	0 15488
4
	10880 15456
	16384 15456
	16384 15488
	10880 15488
4
	0 15488
	7584 15488
	7584 15520
	0 15520
4
	10880 15488
	16384 15488
	16384 15520
	10880 15520
4
	0 15520
	7584 15520
	7584 15552
	0 15552
4
	10880 15520
	16384 15520
	16384 15552
	10880 15552
4
	0 15552
	7584 15552
	7584 15584
	0 15584
4
	10880 15552
	16384 15552
	16384 15584
	10880 15584
4
	0 15584
	7808 15584
	7808 15616
	0 15616
4
	11072 15584
	16384 15584
	16384 15616
	11072 15616
4
	0 15616
	7808 15616
	7808 15648
	0 15648
4
	11072 15616
	16384 15616
	16384 15648
	11072 15648
4
	0 15648
	7808 15648
	7808 15680
	0 15680
4
	11072 15648
	16384 15648
	16384 15680
	11072 15680
4
	0 15680
	7808 15680
	7808 15712
	0 15712
4
	11072 15680
	16384 15680
	16384 15712
	11072 15712
4
	0 15712
	7808 15712
	7808 15744
	0 15744
4
	11072 15712
	16384 15712
	16384 15744
	11072 15744
4
	0 15744
	7808 15744
	7808 15776
	0 15776
4
	11072 15744
	16384 15744
	16384 15776
	11072 15776
4
	0 15776
	8192 15776
	8192 15808
	0 15808
4
	11264 15776
	16384 15776
	16384 15808
	11264 15808
4
	0 15808
	8192 15808
	8192 15840
	0 15840
4
	11264 15808
	16384 15808
	16384 15840
	11264 15840
4
	0 15840
	8192 15840
	8192 15872
	0 15872
4
	11264 15840
	16384 15840
	16384 15872
	11264 15872
4
	0 15872
	8192 15872
	8192 15904
	0 15904
4
	11264 15872
	16384 15872
	16384 15904
	11264 15904
4
	0 15904
	8192 15904
	8192 15936
	0 15936
4
	11264 15904
	16384 15904
	16384 15936
	11264 15936
4
	0 15936
	8192 15936
	8192 15968
	0 15968
4
	11264 15936
	16384 15936
	16384 15968
	11264 15968
4
	0 15968
	8192 15968
	8192 16000
	0 16000
4
	11264 15968
	16384 15968
	16384 16000
	11264 16000
4
	0 16000
	16384 16000
	16384 16032
	0 16032
4
	0 16032
	16384 16032
	16384 16064
	0 16064
4
	0 16064
	16384 16064
	16384 16096
	0 16096
4
	0 16096
	16384 16096
	16384 16128
	0 16128
4
	0 16128
	16384 16128
	16384 16160
	0 16160
4
	0 16160
	16384 16160
	16384 16192
	0 16192
4
	0 16192
	16384 16192
	16384 16224
	0 16224
4
	0 16224
	16384 16224
	16384 16256
	0 16256
4
	0 16256
	16384 16256
	16384 16288
	0 16288
4
	0 16288
	16384 16288
	16384 16320
	0 16320
4
	0 16320
	16384 16320
	16384 16352
	0 16352
4
	0 16352
	16384 16352
	16384 16384
	0 16384
4
	-32 -32
	16416 -32
	16416 0
	-32 0
4
	-32 16384
	16416 16384
	16416 16416
	-32 16416
4
	-32 0
	0 0
	0 16384
	-32 16384
4
	16384 0
	16416 0
	16416 16384
	16384 16384
