1809
4
	0 0
	16384 0
	16384 32
	0 32
4
	0 32
	16384 32
	16384 64
	0 64
4
	0 64
	16384 64
	16384 96
	0 96
4
	0 96
	16384 96
	16384 128
	0 128
4
	0 128
	16384 128
	16384 160
	0 160
4
	0 160
	16384 160
	16384 192
	0 192
4
	0 192
	16384 192
	16384 224
	0 224
4
	0 224
	16384 224
	16384 256
	0 256
4
	0 256
	16384 256
	16384 288
	0 288
4
	0 288
	16384 288
	16384 320
	0 320
4
	0 320
	16384 320
	16384 352
	0 352
4
	0 352
	16384 352
	16384 384
	0 384
4
	0 384
	16384 384
	16384 416
	0 416
4
	0 416
	16384 416
	16384 448
	0 448
4
	0 448
	16384 448
	16384 480
	0 480
4
	0 480
	16384 480
	16384 512
	0 512
4
	0 512
	16384 512
	16384 544
	0 544
4
	0 544
	16384 544
	16384 576
	0 576
4
	0 576
	16384 576
	16384 608
	0 608
4
	0 608
	16384 608
	16384 640
	0 640
4
	0 640
	16384 640
	16384 672
	0 672
4
	0 672
	16384 672
	16384 704
	0 704
4
	0 704
	16384 704
	16384 736
	0 736
4
	0 736
	16384 736
	16384 768
	0 768
4
	0 768
	16384 768
	16384 800
	0 800
4
	0 800
	16384 800
	16384 832
	0 832
4
	0 832
	16384 832
	16384 864
	0 864
4
	0 864
	16384 864
	16384 896
	0 896
4
	0 896
	16384 896
	16384 928
	0 928
4
	0 928
	16384 928
	16384 960
	0 960
4
	0 960
	16384 960
	16384 992
	0 992
4
	0 992
	16384 992
	16384 1024
	0 1024
4
	0 1024
	16384 1024
	16384 1056
	0 1056
4
	0 1056
	16384 1056
	16384 1088
	0 1088
4
	0 1088
	16384 1088
	16384 1120
	0 1120
4
	0 1120
	16384 1120
	16384 1152
	0 1152
4
	0 1152
	16384 1152
	16384 1184
	0 1184
4
	0 1184
	16384 1184
	16384 1216
	0 1216
4
	0 1216
	16384 1216
	16384 1248
	0 1248
4
	0 1248
	16384 1248
	16384 1280
	0 1280
4
	0 1280
	16384 1280
	16384 1312
	0 1312
4
	0 1312
	16384 1312
	16384 1344
	0 1344
4
	0 1344
	16384 1344
	16384 1376
	0 1376
4
	0 1376
	16384 1376
	16384 1408
	0 1408
4
	0 1408
	16384 1408
	16384 1440
	0 1440
4
	0 1440
	16384 1440
	16384 1472
	0 1472
4
	0 1472
	16384 1472
	16384 1504
	0 1504
4
	0 1504
	16384 1504
	16384 1536
	0 1536
4
	0 1536
	5408 1536
	5408 1568
	0 1568
4
	5984 1536
	7104 1536
	7104 1568
	5984 1568
4
	7264 1536
	16384 1536
	16384 1568
	7264 1568
4
	0 1568
	5408 1568
	5408 1600
	0 1600
4
	5984 1568
	7104 1568
	7104 1600
	5984 1600
4
	7264 1568
	16384 1568
	16384 1600
	7264 1600
4
	0 1600
	5408 1600
	5408 1632
	0 1632
4
	5984 1600
	7104 1600
	7104 1632
	5984 1632
4
	7264 1600
	16384 1600
	16384 1632
	7264 1632
4
	0 1632
	5408 1632
	5408 1664
	0 1664
4
	5984 1632
	7104 1632
	7104 1664
	5984 1664
4
	7264 1632
	16384 1632
	16384 1664
	7264 1664
4
	0 1664
	5408 1664
	5408 1696
	0 1696
4
	5984 1664
	7104 1664
	7104 1696
	5984 1696
4
	7264 1664
	16384 1664
	16384 1696
	7264 1696
4
	0 1696
	5408 1696
	5408 1728
	0 1728
4
	5984 1696
	7104 1696
	7104 1728
	5984 1728
4
	7264 1696
	16384 1696
	16384 1728
	7264 1728
4
	0 1728
	5216 1728
	5216 1760
	0 1760
4
	6144 1728
	6912 1728
	6912 1760
	6144 1760
4
	7264 1728
	16384 1728
	16384 1760
	7264 1760
4
	0 1760
	5216 1760
	5216 1792
	0 1792
4
	6144 1760
	6912 1760
	6912 1792
	6144 1792
4
	7264 1760
	16384 1760
	16384 1792
	7264 1792
4
	0 1792
	5216 1792
	5216 1824
	0 1824
4
	6144 1792
	6912 1792
	6912 1824
	6144 1824
4
	7264 1792
	16384 1792
	16384 1824
	7264 1824
4
	0 1824
	5216 1824
	5216 1856
	0 1856
4
	6144 1824
	6912 1824
	6912 1856
	6144 1856
4
	7264 1824
	16384 1824
	16384 1856
	7264 1856
4
	0 1856
	5216 1856
	5216 1888
	0 1888
4
	6144 1856
	6912 1856
	6912 1888
	6144 1888
4
	7264 1856
	16384 1856
	16384 1888
	7264 1888
4
	0 1888
	5216 1888
	5216 1920
	0 1920
4
	6144 1888
	6912 1888
	6912 1920
	6144 1920
4
	7264 1888
	16384 1888
	16384 1920
	7264 1920
4
	0 1920
	5056 1920
	5056 1952
	0 1952
4
	5984 1920
	6720 1920
	6720 1952
	5984 1952
4
	7456 1920
	16384 1920
	16384 1952
	7456 1952
4
	0 1952
	5056 1952
	5056 1984
	0 1984
4
	5984 1952
	6720 1952
	6720 1984
	5984 1984
4
	7456 1952
	16384 1952
	16384 1984
	7456 1984
4
	0 1984
	5056 1984
	5056 2016
	0 2016
4
	5984 1984
	6720 1984
	6720 2016
	5984 2016
4
	7456 1984
	16384 1984
	16384 2016
	7456 2016
4
	0 2016
	5056 2016
	5056 2048
	0 2048
4
	5984 2016
	6720 2016
	6720 2048
	5984 2048
4
	7456 2016
	16384 2016
	16384 2048
	7456 2048
4
	0 2048
	5056 2048
	5056 2080
	0 2080
4
	5984 2048
	6720 2048
	6720 2080
	5984 2080
4
	7456 2048
	16384 2048
	16384 2080
	7456 2080
4
	0 2080
	5056 2080
	5056 2112
	0 2112
4
	5984 2080
	6720 2080
	6720 2112
	5984 2112
4
	7456 2080
	16384 2080
	16384 2112
	7456 2112
4
	0 2112
	4864 2112
	4864 2144
	0 2144
4
	5792 2112
	6528 2112
	6528 2144
	5792 2144
4
	7456 2112
	16384 2112
	16384 2144
	7456 2144
4
	0 2144
	4864 2144
	4864 2176
	0 2176
4
	5792 2144
	6528 2144
	6528 2176
	5792 2176
4
	7456 2144
	16384 2144
	16384 2176
	7456 2176
4
	0 2176
	4864 2176
	4864 2208
	0 2208
4
	5792 2176
	6528 2176
	6528 2208
	5792 2208
4
	7456 2176
	16384 2176
	16384 2208
	7456 2208
4
	0 2208
	4864 2208
	4864 2240
	0 2240
4
	5792 2208
	6528 2208
	6528 2240
	5792 2240
4
	7456 2208
	16384 2208
	16384 2240
	7456 2240
4
	0 2240
	4864 2240
	4864 2272
	0 2272
4
	5792 2240
	6528 2240
	6528 2272
	5792 2272
4
	7456 2240
	16384 2240
	16384 2272
	7456 2272
4
	0 2272
	4864 2272
	4864 2304
	0 2304
4
	5792 2272
	6528 2272
	6528 2304
	5792 2304
4
	7456 2272
	16384 2272
	16384 2304
	7456 2304
4
	0 2304
	4672 2304
	4672 2336
	0 2336
4
	5600 2304
	6720 2304
	6720 2336
	5600 2336
4
	7456 2304
	16384 2304
	16384 2336
	7456 2336
4
	0 2336
	4672 2336
	4672 2368
	0 2368
4
	5600 2336
	6720 2336
	6720 2368
	5600 2368
4
	7456 2336
	16384 2336
	16384 2368
	7456 2368
4
	0 2368
	4672 2368
	4672 2400
	0 2400
4
	5600 2368
	6720 2368
	6720 2400
	5600 2400
4
	7456 2368
	16384 2368
	16384 2400
	7456 2400
4
	0 2400
	4672 2400
	4672 2432
	0 2432
4
	5600 2400
	6720 2400
	6720 2432
	5600 2432
4
	7456 2400
	16384 2400
	16384 2432
	7456 2432
4
	0 2432
	4672 2432
	4672 2464
	0 2464
4
	5600 2432
	6720 2432
	6720 2464
	5600 2464
4
	7456 2432
	16384 2432
	16384 2464
	7456 2464
4
	0 2464
	4672 2464
	4672 2496
	0 2496
4
	5600 2464
	6720 2464
	6720 2496
	5600 2496
4
	7456 2464
	16384 2464
	16384 2496
	7456 2496
4
	0 2496
	4480 2496
	4480 2528
	0 2528
4
	5408 2496
	6912 2496
	6912 2528
	5408 2528
4
	7456 2496
	16384 2496
	16384 2528
	7456 2528
4
	0 2528
	4480 2528
	4480 2560
	0 2560
4
	5408 2528
	6912 2528
	6912 2560
	5408 2560
4
	7456 2528
	16384 2528
	16384 2560
	7456 2560
4
	0 2560
	4480 2560
	4480 2592
	0 2592
4
	5408 2560
	6912 2560
	6912 2592
	5408 2592
4
	7456 2560
	16384 2560
	16384 2592
	7456 2592
4
	0 2592
	4480 2592
	4480 2624
	0 2624
4
	5408 2592
	6912 2592
	6912 2624
	5408 2624
4
	7456 2592
	16384 2592
	16384 2624
	7456 2624
4
	0 2624
	4480 2624
	4480 2656
	0 2656
4
	5408 2624
	6912 2624
	6912 2656
	5408 2656
4
	7456 2624
	16384 2624
	16384 2656
	7456 2656
4
	0 2656
	4480 2656
	4480 2688
	0 2688
4
	5408 2656
	6912 2656
	6912 2688
	5408 2688
4
	7456 2656
	16384 2656
	16384 2688
	7456 2688
4
	0 2688
	4288 2688
	4288 2720
	0 2720
4
	5216 2688
	6912 2688
	6912 2720
	5216 2720
4
	7456 2688
	16384 2688
	16384 2720
	7456 2720
4
	0 2720
	4288 2720
	4288 2752
	0 2752
4
	5216 2720
	6912 2720
	6912 2752
	5216 2752
4
	7456 2720
	16384 2720
	16384 2752
	7456 2752
4
	0 2752
	4288 2752
	4288 2784
	0 2784
4
	5216 2752
	6912 2752
	6912 2784
	5216 2784
4
	7456 2752
	16384 2752
	16384 2784
	7456 2784
4
	0 2784
	4288 2784
	4288 2816
	0 2816
4
	5216 2784
	6912 2784
	6912 2816
	5216 2816
4
	7456 2784
	16384 2784
	16384 2816
	7456 2816
4
	0 2816
	4288 2816
	4288 2848
	0 2848
4
	5216 2816
	6912 2816
	6912 2848
	5216 2848
4
	7456 2816
	16384 2816
	16384 2848
	7456 2848
4
	0 2848
	4288 2848
	4288 2880
	0 2880
4
	5216 2848
	6912 2848
	6912 2880
	5216 2880
4
	7456 2848
	16384 2848
	16384 2880
	7456 2880
4
	0 2880
	4288 2880
	4288 2912
	0 2912
4
	5056 2880
	6912 2880
	6912 2912
	5056 2912
4
	7456 2880
	16384 2880
	16384 2912
	7456 2912
4
	0 2912
	4288 2912
	4288 2944
	0 2944
4
	5056 2912
	6912 2912
	6912 2944
	5056 2944
4
	7456 2912
	16384 2912
	16384 2944
	7456 2944
4
	0 2944
	4288 2944
	4288 2976
	0 2976
4
	5056 2944
	6912 2944
	6912 2976
	5056 2976
4
	7456 2944
	16384 2944
	16384 2976
	7456 2976
4
	0 2976
	4288 2976
	4288 3008
	0 3008
4
	5056 2976
	6912 2976
	6912 3008
	5056 3008
4
	7456 2976
	16384 2976
	16384 3008
	7456 3008
4
	0 3008
	4288 3008
	4288 3040
	0 3040
4
	5056 3008
	6912 3008
	6912 3040
	5056 3040
4
	7456 3008
	16384 3008
	16384 3040
	7456 3040
4
	0 3040
	4288 3040
	4288 3072
	0 3072
4
	5056 3040
	6912 3040
	6912 3072
	5056 3072
4
	7456 3040
	16384 3040
	16384 3072
	7456 3072
4
	0 3072
	4096 3072
	4096 3104
	0 3104
4
	4864 3072
	6720 3072
	6720 3104
	4864 3104
4
	7456 3072
	16384 3072
	16384 3104
	7456 3104
4
	0 3104
	4096 3104
	4096 3136
	0 3136
4
	4864 3104
	6720 3104
	6720 3136
	4864 3136
4
	7456 3104
	16384 3104
	16384 3136
	7456 3136
4
	0 3136
	4096 3136
	4096 3168
	0 3168
4
	4864 3136
	6720 3136
	6720 3168
	4864 3168
4
	7456 3136
	16384 3136
	16384 3168
	7456 3168
4
	0 3168
	4096 3168
	4096 3200
	0 3200
4
	4864 3168
	6720 3168
	6720 3200
	4864 3200
4
	7456 3168
	16384 3168
	16384 3200
	7456 3200
4
	0 3200
	4096 3200
	4096 3232
	0 3232
4
	4864 3200
	6720 3200
	6720 3232
	4864 3232
4
	7456 3200
	16384 3200
	16384 3232
	7456 3232
4
	0 3232
	4096 3232
	4096 3264
	0 3264
4
	4864 3232
	6720 3232
	6720 3264
	4864 3264
4
	7456 3232
	16384 3232
	16384 3264
	7456 3264
4
	0 3264
	3936 3264
	3936 3296
	0 3296
4
	4672 3264
	6528 3264
	6528 3296
	4672 3296
4
	7840 3264
	16384 3264
	16384 3296
	7840 3296
4
	0 3296
	3936 3296
	3936 3328
	0 3328
4
	4672 3296
	6528 3296
	6528 3328
	4672 3328
4
	7840 3296
	16384 3296
	16384 3328
	7840 3328
4
	0 3328
	3936 3328
	3936 3360
	0 3360
4
	4672 3328
	6528 3328
	6528 3360
	4672 3360
4
	7840 3328
	16384 3328
	16384 3360
	7840 3360
4
	0 3360
	3936 3360
	3936 3392
	0 3392
4
	4672 3360
	6528 3360
	6528 3392
	4672 3392
4
	7840 3360
	16384 3360
	16384 3392
	7840 3392
4
	0 3392
	3936 3392
	3936 3424
	0 3424
4
	4672 3392
	6528 3392
	6528 3424
	4672 3424
4
	7840 3392
	16384 3392
	16384 3424
	7840 3424
4
	0 3424
	3936 3424
	3936 3456
	0 3456
4
	4672 3424
	6528 3424
	6528 3456
	4672 3456
4
	7840 3424
	16384 3424
	16384 3456
	7840 3456
4
	0 3456
	3936 3456
	3936 3488
	0 3488
4
	4480 3456
	6336 3456
	6336 3488
	4480 3488
4
	8032 3456
	16384 3456
	16384 3488
	8032 3488
4
	0 3488
	3936 3488
	3936 3520
	0 3520
4
	4480 3488
	6336 3488
	6336 3520
	4480 3520
4
	8032 3488
	16384 3488
	16384 3520
	8032 3520
4
	0 3520
	3936 3520
	3936 3552
	0 3552
4
	4480 3520
	6336 3520
	6336 3552
	4480 3552
4
	8032 3520
	16384 3520
	16384 3552
	8032 3552
4
	0 3552
	3936 3552
	3936 3584
	0 3584
4
	4480 3552
	6336 3552
	6336 3584
	4480 3584
4
	8032 3552
	16384 3552
	16384 3584
	8032 3584
4
	0 3584
	3936 3584
	3936 3616
	0 3616
4
	4480 3584
	6336 3584
	6336 3616
	4480 3616
4
	8032 3584
	16384 3584
	16384 3616
	8032 3616
4
	0 3616
	3936 3616
	3936 3648
	0 3648
4
	4480 3616
	6336 3616
	6336 3648
	4480 3648
4
	8032 3616
	16384 3616
	16384 3648
	8032 3648
4
	0 3648
	3552 3648
	3552 3680
	0 3680
4
	4480 3648
	6144 3648
	6144 3680
	4480 3680
4
	8192 3648
	16384 3648
	16384 3680
	8192 3680
4
	0 3680
	3552 3680
	3552 3712
	0 3712
4
	4480 3680
	6144 3680
	6144 3712
	4480 3712
4
	8192 3680
	16384 3680
	16384 3712
	8192 3712
4
	0 3712
	3552 3712
	3552 3744
	0 3744
4
	4480 3712
	6144 3712
	6144 3744
	4480 3744
4
	8192 3712
	16384 3712
	16384 3744
	8192 3744
4
	0 3744
	3552 3744
	3552 3776
	0 3776
4
	4480 3744
	6144 3744
	6144 3776
	4480 3776
4
	8192 3744
	16384 3744
	16384 3776
	8192 3776
4
	0 3776
	3552 3776
	3552 3808
	0 3808
4
	4480 3776
	6144 3776
	6144 3808
	4480 3808
4
	8192 3776
	16384 3776
	16384 3808
	8192 3808
4
	0 3808
	3552 3808
	3552 3840
	0 3840
4
	4480 3808
	6144 3808
	6144 3840
	4480 3840
4
	8192 3808
	16384 3808
	16384 3840
	8192 3840
4
	0 3840
	3552 3840
	3552 3872
	0 3872
4
	4288 3840
	5984 3840
	5984 3872
	4288 3872
4
	8384 3840
	16384 3840
	16384 3872
	8384 3872
4
	0 3872
	3552 3872
	3552 3904
	0 3904
4
	4288 3872
	5984 3872
	5984 3904
	4288 3904
4
	8384 3872
	16384 3872
	16384 3904
	8384 3904
4
	0 3904
	3552 3904
	3552 3936
	0 3936
4
	4288 3904
	5984 3904
	5984 3936
	4288 3936
4
	8384 3904
	16384 3904
	16384 3936
	8384 3936
4
	0 3936
	3552 3936
	3552 3968
	0 3968
4
	4288 3936
	5984 3936
	5984 3968
	4288 3968
4
	8384 3936
	16384 3936
	16384 3968
	8384 3968
4
	0 3968
	3552 3968
	3552 4000
	0 4000
4
	4288 3968
	5984 3968
	5984 4000
	4288 4000
4
	8384 3968
	16384 3968
	16384 4000
	8384 4000
4
	0 4000
	3552 4000
	3552 4032
	0 4032
4
	4288 4000
	5984 4000
	5984 4032
	4288 4032
4
	8384 4000
	16384 4000
	16384 4032
	8384 4032
4
	0 4032
	3552 4032
	3552 4064
	0 4064
4
	4288 4032
	5792 4032
	5792 4064
	4288 4064
4
	8576 4032
	16384 4032
	16384 4064
	8576 4064
4
	0 4064
	3552 4064
	3552 4096
	0 4096
4
	4288 4064
	5792 4064
	5792 4096
	4288 4096
4
	8576 4064
	16384 4064
	16384 4096
	8576 4096
4
	0 4096
	3552 4096
	3552 4128
	0 4128
4
	4288 4096
	5792 4096
	5792 4128
	4288 4128
4
	8576 4096
	16384 4096
	16384 4128
	8576 4128
4
	0 4128
	3552 4128
	3552 4160
	0 4160
4
	4288 4128
	5792 4128
	5792 4160
	4288 4160
4
	8576 4128
	16384 4128
	16384 4160
	8576 4160
4
	0 4160
	3552 4160
	3552 4192
	0 4192
4
	4288 4160
	5792 4160
	5792 4192
	4288 4192
4
	8576 4160
	16384 4160
	16384 4192
	8576 4192
4
	0 4192
	3552 4192
	3552 4224
	0 4224
4
	4288 4192
	5600 4192
	5600 4224
	4288 4224
4
	8768 4192
	16384 4192
	16384 4224
	8768 4224
4
	0 4224
	3552 4224
	3552 4256
	0 4256
4
	4288 4224
	5600 4224
	5600 4256
	4288 4256
4
	8768 4224
	16384 4224
	16384 4256
	8768 4256
4
	0 4256
	3552 4256
	3552 4288
	0 4288
4
	4288 4256
	5600 4256
	5600 4288
	4288 4288
4
	8768 4256
	16384 4256
	16384 4288
	8768 4288
4
	0 4288
	3552 4288
	3552 4320
	0 4320
4
	4288 4288
	5600 4288
	5600 4320
	4288 4320
4
	8768 4288
	16384 4288
	16384 4320
	8768 4320
4
	0 4320
	3552 4320
	3552 4352
	0 4352
4
	4288 4320
	5600 4320
	5600 4352
	4288 4352
4
	8768 4320
	16384 4320
	16384 4352
	8768 4352
4
	0 4352
	3552 4352
	3552 4384
	0 4384
4
	4288 4352
	5600 4352
	5600 4384
	4288 4384
4
	8768 4352
	16384 4352
	16384 4384
	8768 4384
4
	0 4384
	3360 4384
	3360 4416
	0 4416
4
	4480 4384
	5408 4384
	5408 4416
	4480 4416
4
	8960 4384
	16384 4384
	16384 4416
	8960 4416
4
	0 4416
	3360 4416
	3360 4448
	0 4448
4
	4480 4416
	5408 4416
	5408 4448
	4480 4448
4
	8960 4416
	16384 4416
	16384 4448
	8960 4448
4
	0 4448
	3360 4448
	3360 4480
	0 4480
4
	4480 4448
	5408 4448
	5408 4480
	4480 4480
4
	8960 4448
	16384 4448
	16384 4480
	8960 4480
4
	0 4480
	3360 4480
	3360 4512
	0 4512
4
	4480 4480
	5408 4480
	5408 4512
	4480 4512
4
	8960 4480
	16384 4480
	16384 4512
	8960 4512
4
	0 4512
	3360 4512
	3360 4544
	0 4544
4
	4480 4512
	5408 4512
	5408 4544
	4480 4544
4
	8960 4512
	16384 4512
	16384 4544
	8960 4544
4
	0 4544
	3360 4544
	3360 4576
	0 4576
4
	4480 4544
	5408 4544
	5408 4576
	4480 4576
4
	8960 4544
	16384 4544
	16384 4576
	8960 4576
4
	0 4576
	3360 4576
	3360 4608
	0 4608
4
	4480 4576
	5216 4576
	5216 4608
	4480 4608
4
	9152 4576
	16384 4576
	16384 4608
	9152 4608
4
	0 4608
	3360 4608
	3360 4640
	0 4640
4
	4480 4608
	5216 4608
	5216 4640
	4480 4640
4
	9152 4608
	16384 4608
	16384 4640
	9152 4640
4
	0 4640
	3360 4640
	3360 4672
	0 4672
4
	4480 4640
	5216 4640
	5216 4672
	4480 4672
4
	9152 4640
	16384 4640
	16384 4672
	9152 4672
4
	0 4672
	3360 4672
	3360 4704
	0 4704
4
	4480 4672
	5216 4672
	5216 4704
	4480 4704
4
	9152 4672
	16384 4672
	16384 4704
	9152 4704
4
	0 4704
	3360 4704
	3360 4736
	0 4736
4
	4480 4704
	5216 4704
	5216 4736
	4480 4736
4
	9152 4704
	16384 4704
	16384 4736
	9152 4736
4
	0 4736
	3360 4736
	3360 4768
	0 4768
4
	4480 4736
	5216 4736
	5216 4768
	4480 4768
4
	9152 4736
	16384 4736
	16384 4768
	9152 4768
4
	0 4768
	3552 4768
	3552 4800
	0 4800
4
	4672 4768
	5408 4768
	5408 4800
	4672 4800
4
	9504 4768
	16384 4768
	16384 4800
	9504 4800
4
	0 4800
	3552 4800
	3552 4832
	0 4832
4
	4672 4800
	5408 4800
	5408 4832
	4672 4832
4
	9504 4800
	16384 4800
	16384 4832
	9504 4832
4
	0 4832
	3552 4832
	3552 4864
	0 4864
4
	4672 4832
	5408 4832
	5408 4864
	4672 4864
4
	9504 4832
	16384 4832
	16384 4864
	9504 4864
4
	0 4864
	3552 4864
	3552 4896
	0 4896
4
	4672 4864
	5408 4864
	5408 4896
	4672 4896
4
	9504 4864
	16384 4864
	16384 4896
	9504 4896
4
	0 4896
	3552 4896
	3552 4928
	0 4928
4
	4672 4896
	5408 4896
	5408 4928
	4672 4928
4
	9504 4896
	16384 4896
	16384 4928
	9504 4928
4
	0 4928
	3552 4928
	3552 4960
	0 4960
4
	4672 4928
	5408 4928
	5408 4960
	4672 4960
4
	9504 4928
	16384 4928
	16384 4960
	9504 4960
4
	0 4960
	3744 4960
	3744 4992
	0 4992
4
	4864 4960
	5600 4960
	5600 4992
	4864 4992
4
	9696 4960
	16384 4960
	16384 4992
	9696 4992
4
	0 4992
	3744 4992
	3744 5024
	0 5024
4
	4864 4992
	5600 4992
	5600 5024
	4864 5024
4
	9696 4992
	16384 4992
	16384 5024
	9696 5024
4
	0 5024
	3744 5024
	3744 5056
	0 5056
4
	4864 5024
	5600 5024
	5600 5056
	4864 5056
4
	9696 5024
	16384 5024
	16384 5056
	9696 5056
4
	0 5056
	3744 5056
	3744 5088
	0 5088
4
	4864 5056
	5600 5056
	5600 5088
	4864 5088
4
	9696 5056
	16384 5056
	16384 5088
	9696 5088
4
	0 5088
	3744 5088
	3744 5120
	0 5120
4
	4864 5088
	5600 5088
	5600 5120
	4864 5120
4
	9696 5088
	16384 5088
	16384 5120
	9696 5120
4
	0 5120
	3744 5120
	3744 5152
	0 5152
4
	4864 5120
	5600 5120
	5600 5152
	4864 5152
4
	9696 5120
	16384 5120
	16384 5152
	9696 5152
4
	0 5152
	3936 5152
	3936 5184
	0 5184
4
	4864 5152
	5600 5152
	5600 5184
	4864 5184
4
	7456 5152
	7840 5152
	7840 5184
	7456 5184
4
	9888 5152
	16384 5152
	16384 5184
	9888 5184
4
	0 5184
	3936 5184
	3936 5216
	0 5216
4
	4864 5184
	5600 5184
	5600 5216
	4864 5216
4
	7456 5184
	7840 5184
	7840 5216
	7456 5216
4
	9888 5184
	16384 5184
	16384 5216
	9888 5216
4
	0 5216
	3936 5216
	3936 5248
	0 5248
4
	4864 5216
	5600 5216
	5600 5248
	4864 5248
4
	7456 5216
	7840 5216
	7840 5248
	7456 5248
4
	9888 5216
	16384 5216
	16384 5248
	9888 5248
4
	0 5248
	3936 5248
	3936 5280
	0 5280
4
	4864 5248
	5600 5248
	5600 5280
	4864 5280
4
	7456 5248
	7840 5248
	7840 5280
	7456 5280
4
	9888 5248
	16384 5248
	16384 5280
	9888 5280
4
	0 5280
	3936 5280
	3936 5312
	0 5312
4
	4864 5280
	5600 5280
	5600 5312
	4864 5312
4
	7456 5280
	7840 5280
	7840 5312
	7456 5312
4
	9888 5280
	16384 5280
	16384 5312
	9888 5312
4
	0 5312
	3936 5312
	3936 5344
	0 5344
4
	4864 5312
	5600 5312
	5600 5344
	4864 5344
4
	7456 5312
	7840 5312
	7840 5344
	7456 5344
4
	9888 5312
	16384 5312
	16384 5344
	9888 5344
4
	0 5344
	4096 5344
	4096 5376
	0 5376
4
	5056 5344
	5792 5344
	5792 5376
	5056 5376
4
	7456 5344
	8384 5344
	8384 5376
	7456 5376
4
	10080 5344
	16384 5344
	16384 5376
	10080 5376
4
	0 5376
	4096 5376
	4096 5408
	0 5408
4
	5056 5376
	5792 5376
	5792 5408
	5056 5408
4
	7456 5376
	8384 5376
	8384 5408
	7456 5408
4
	10080 5376
	16384 5376
	16384 5408
	10080 5408
4
	0 5408
	4096 5408
	4096 5440
	0 5440
4
	5056 5408
	5792 5408
	5792 5440
	5056 5440
4
	7456 5408
	8384 5408
	8384 5440
	7456 5440
4
	10080 5408
	16384 5408
	16384 5440
	10080 5440
4
	0 5440
	4096 5440
	4096 5472
	0 5472
4
	5056 5440
	5792 5440
	5792 5472
	5056 5472
4
	7456 5440
	8384 5440
	8384 5472
	7456 5472
4
	10080 5440
	16384 5440
	16384 5472
	10080 5472
4
	0 5472
	4096 5472
	4096 5504
	0 5504
4
	5056 5472
	5792 5472
	5792 5504
	5056 5504
4
	7456 5472
	8384 5472
	8384 5504
	7456 5504
4
	10080 5472
	16384 5472
	16384 5504
	10080 5504
4
	0 5504
	4096 5504
	4096 5536
	0 5536
4
	5056 5504
	5792 5504
	5792 5536
	5056 5536
4
	7456 5504
	8384 5504
	8384 5536
	7456 5536
4
	10080 5504
	16384 5504
	16384 5536
	10080 5536
4
	0 5536
	4288 5536
	4288 5568
	0 5568
4
	5216 5536
	5984 5536
	5984 5568
	5216 5568
4
	7648 5536
	8576 5536
	8576 5568
	7648 5568
4
	10432 5536
	16384 5536
	16384 5568
	10432 5568
4
	0 5568
	4288 5568
	4288 5600
	0 5600
4
	5216 5568
	5984 5568
	5984 5600
	5216 5600
4
	7648 5568
	8576 5568
	8576 5600
	7648 5600
4
	10432 5568
	16384 5568
	16384 5600
	10432 5600
4
	0 5600
	4288 5600
	4288 5632
	0 5632
4
	5216 5600
	5984 5600
	5984 5632
	5216 5632
4
	7648 5600
	8576 5600
	8576 5632
	7648 5632
4
	10432 5600
	16384 5600
	16384 5632
	10432 5632
4
	0 5632
	4288 5632
	4288 5664
	0 5664
4
	5216 5632
	5984 5632
	5984 5664
	5216 5664
4
	7648 5632
	8576 5632
	8576 5664
	7648 5664
4
	10432 5632
	16384 5632
	16384 5664
	10432 5664
4
	0 5664
	4288 5664
	4288 5696
	0 5696
4
	5216 5664
	5984 5664
	5984 5696
	5216 5696
4
	7648 5664
	8576 5664
	8576 5696
	7648 5696
4
	10432 5664
	16384 5664
	16384 5696
	10432 5696
4
	0 5696
	4288 5696
	4288 5728
	0 5728
4
	5216 5696
	5984 5696
	5984 5728
	5216 5728
4
	7648 5696
	8576 5696
	8576 5728
	7648 5728
4
	10432 5696
	16384 5696
	16384 5728
	10432 5728
4
	0 5728
	2816 5728
	2816 5760
	0 5760
4
	3168 5728
	4672 5728
	4672 5760
	3168 5760
4
	5408 5728
	5984 5728
	5984 5760
	5408 5760
4
	7456 5728
	8960 5728
	8960 5760
	7456 5760
4
	10816 5728
	16384 5728
	16384 5760
	10816 5760
4
	0 5760
	2816 5760
	2816 5792
	0 5792
4
	3168 5760
	4672 5760
	4672 5792
	3168 5792
4
	5408 5760
	5984 5760
	5984 5792
	5408 5792
4
	7456 5760
	8960 5760
	8960 5792
	7456 5792
4
	10816 5760
	16384 5760
	16384 5792
	10816 5792
4
	0 5792
	2816 5792
	2816 5824
	0 5824
4
	3168 5792
	4672 5792
	4672 5824
	3168 5824
4
	5408 5792
	5984 5792
	5984 5824
	5408 5824
4
	7456 5792
	8960 5792
	8960 5824
	7456 5824
4
	10816 5792
	16384 5792
	16384 5824
	10816 5824
4
	0 5824
	2816 5824
	2816 5856
	0 5856
4
	3168 5824
	4672 5824
	4672 5856
	3168 5856
4
	5408 5824
	5984 5824
	5984 5856
	5408 5856
4
	7456 5824
	8960 5824
	8960 5856
	7456 5856
4
	10816 5824
	16384 5824
	16384 5856
	10816 5856
4
	0 5856
	2816 5856
	2816 5888
	0 5888
4
	3168 5856
	4672 5856
	4672 5888
	3168 5888
4
	5408 5856
	5984 5856
	5984 5888
	5408 5888
4
	7456 5856
	8960 5856
	8960 5888
	7456 5888
4
	10816 5856
	16384 5856
	16384 5888
	10816 5888
4
	0 5888
	2816 5888
	2816 5920
	0 5920
4
	3168 5888
	4672 5888
	4672 5920
	3168 5920
4
	5408 5888
	5984 5888
	5984 5920
	5408 5920
4
	7456 5888
	8960 5888
	8960 5920
	7456 5920
4
	10816 5888
	16384 5888
	16384 5920
	10816 5920
4
	0 5920
	2432 5920
	2432 5952
	0 5952
4
	3360 5920
	4864 5920
	4864 5952
	3360 5952
4
	5600 5920
	5984 5920
	5984 5952
	5600 5952
4
	7456 5920
	8960 5920
	8960 5952
	7456 5952
4
	11008 5920
	16384 5920
	16384 5952
	11008 5952
4
	0 5952
	2432 5952
	2432 5984
	0 5984
4
	3360 5952
	4864 5952
	4864 5984
	3360 5984
4
	5600 5952
	5984 5952
	5984 5984
	5600 5984
4
	7456 5952
	8960 5952
	8960 5984
	7456 5984
4
	11008 5952
	16384 5952
	16384 5984
	11008 5984
4
	0 5984
	2432 5984
	2432 6016
	0 6016
4
	3360 5984
	4864 5984
	4864 6016
	3360 6016
4
	5600 5984
	5984 5984
	5984 6016
	5600 6016
4
	7456 5984
	8960 5984
	8960 6016
	7456 6016
4
	11008 5984
	16384 5984
	16384 6016
	11008 6016
4
	0 6016
	2432 6016
	2432 6048
	0 6048
4
	3360 6016
	4864 6016
	4864 6048
	3360 6048
4
	5600 6016
	5984 6016
	5984 6048
	5600 6048
4
	7456 6016
	8960 6016
	8960 6048
	7456 6048
4
	11008 6016
	16384 6016
	16384 6048
	11008 6048
4
	0 6048
	2432 6048
	2432 6080
	0 6080
4
	3360 6048
	4864 6048
	4864 6080
	3360 6080
4
	5600 6048
	5984 6048
	5984 6080
	5600 6080
4
	7456 6048
	8960 6048
	8960 6080
	7456 6080
4
	11008 6048
	16384 6048
	16384 6080
	11008 6080
4
	0 6080
	2432 6080
	2432 6112
	0 6112
4
	3360 6080
	4864 6080
	4864 6112
	3360 6112
4
	5600 6080
	5984 6080
	5984 6112
	5600 6112
4
	7456 6080
	8960 6080
	8960 6112
	7456 6112
4
	11008 6080
	16384 6080
	16384 6112
	11008 6112
4
	0 6112
	2240 6112
	2240 6144
	0 6144
4
	3552 6112
	5056 6112
	5056 6144
	3552 6144
4
	5600 6112
	5792 6112
	5792 6144
	5600 6144
4
	7648 6112
	9152 6112
	9152 6144
	7648 6144
4
	11200 6112
	16384 6112
	16384 6144
	11200 6144
4
	0 6144
	2240 6144
	2240 6176
	0 6176
4
	3552 6144
	5056 6144
	5056 6176
	3552 6176
4
	5600 6144
	5792 6144
	5792 6176
	5600 6176
4
	7648 6144
	9152 6144
	9152 6176
	7648 6176
4
	11200 6144
	16384 6144
	16384 6176
	11200 6176
4
	0 6176
	2240 6176
	2240 6208
	0 6208
4
	3552 6176
	5056 6176
	5056 6208
	3552 6208
4
	5600 6176
	5792 6176
	5792 6208
	5600 6208
4
	7648 6176
	9152 6176
	9152 6208
	7648 6208
4
	11200 6176
	16384 6176
	16384 6208
	11200 6208
4
	0 6208
	2240 6208
	2240 6240
	0 6240
4
	3552 6208
	5056 6208
	5056 6240
	3552 6240
4
	5600 6208
	5792 6208
	5792 6240
	5600 6240
4
	7648 6208
	9152 6208
	9152 6240
	7648 6240
4
	11200 6208
	16384 6208
	16384 6240
	11200 6240
4
	0 6240
	2240 6240
	2240 6272
	0 6272
4
	3552 6240
	5056 6240
	5056 6272
	3552 6272
4
	5600 6240
	5792 6240
	5792 6272
	5600 6272
4
	7648 6240
	9152 6240
	9152 6272
	7648 6272
4
	11200 6240
	16384 6240
	16384 6272
	11200 6272
4
	0 6272
	2240 6272
	2240 6304
	0 6304
4
	3552 6272
	5056 6272
	5056 6304
	3552 6304
4
	5600 6272
	5792 6272
	5792 6304
	5600 6304
4
	7648 6272
	9152 6272
	9152 6304
	7648 6304
4
	11200 6272
	16384 6272
	16384 6304
	11200 6304
4
	0 6304
	2048 6304
	2048 6336
	0 6336
4
	4096 6304
	5216 6304
	5216 6336
	4096 6336
4
	7840 6304
	9312 6304
	9312 6336
	7840 6336
4
	11360 6304
	16384 6304
	16384 6336
	11360 6336
4
	0 6336
	2048 6336
	2048 6368
	0 6368
4
	4096 6336
	5216 6336
	5216 6368
	4096 6368
4
	7840 6336
	9312 6336
	9312 6368
	7840 6368
4
	11360 6336
	16384 6336
	16384 6368
	11360 6368
4
	0 6368
	2048 6368
	2048 6400
	0 6400
4
	4096 6368
	5216 6368
	5216 6400
	4096 6400
4
	7840 6368
	9312 6368
	9312 6400
	7840 6400
4
	11360 6368
	16384 6368
	16384 6400
	11360 6400
4
	0 6400
	2048 6400
	2048 6432
	0 6432
4
	4096 6400
	5216 6400
	5216 6432
	4096 6432
4
	7840 6400
	9312 6400
	9312 6432
	7840 6432
4
	11360 6400
	16384 6400
	16384 6432
	11360 6432
4
	0 6432
	2048 6432
	2048 6464
	0 6464
4
	4096 6432
	5216 6432
	5216 6464
	4096 6464
4
	7840 6432
	9312 6432
	9312 6464
	7840 6464
4
	11360 6432
	16384 6432
	16384 6464
	11360 6464
4
	0 6464
	2048 6464
	2048 6496
	0 6496
4
	4096 6464
	5216 6464
	5216 6496
	4096 6496
4
	7840 6464
	9312 6464
	9312 6496
	7840 6496
4
	11360 6464
	16384 6464
	16384 6496
	11360 6496
4
	0 6496
	1888 6496
	1888 6528
	0 6528
4
	4096 6496
	5216 6496
	5216 6528
	4096 6528
4
	8032 6496
	9504 6496
	9504 6528
	8032 6528
4
	11744 6496
	16384 6496
	16384 6528
	11744 6528
4
	0 6528
	1888 6528
	1888 6560
	0 6560
4
	4096 6528
	5216 6528
	5216 6560
	4096 6560
4
	8032 6528
	9504 6528
	9504 6560
	8032 6560
4
	11744 6528
	16384 6528
	16384 6560
	11744 6560
4
	0 6560
	1888 6560
	1888 6592
	0 6592
4
	4096 6560
	5216 6560
	5216 6592
	4096 6592
4
	8032 6560
	9504 6560
	9504 6592
	8032 6592
4
	11744 6560
	16384 6560
	16384 6592
	11744 6592
4
	0 6592
	1888 6592
	1888 6624
	0 6624
4
	4096 6592
	5216 6592
	5216 6624
	4096 6624
4
	8032 6592
	9504 6592
	9504 6624
	8032 6624
4
	11744 6592
	16384 6592
	16384 6624
	11744 6624
4
	0 6624
	1888 6624
	1888 6656
	0 6656
4
	4096 6624
	5216 6624
	5216 6656
	4096 6656
4
	8032 6624
	9504 6624
	9504 6656
	8032 6656
4
	11744 6624
	16384 6624
	16384 6656
	11744 6656
4
	0 6656
	1888 6656
	1888 6688
	0 6688
4
	4096 6656
	5216 6656
	5216 6688
	4096 6688
4
	8032 6656
	9504 6656
	9504 6688
	8032 6688
4
	11744 6656
	16384 6656
	16384 6688
	11744 6688
4
	0 6688
	1696 6688
	1696 6720
	0 6720
4
	4096 6688
	4480 6688
	4480 6720
	4096 6720
4
	4672 6688
	5216 6688
	5216 6720
	4672 6720
4
	8192 6688
	9696 6688
	9696 6720
	8192 6720
4
	11744 6688
	16384 6688
	16384 6720
	11744 6720
4
	0 6720
	1696 6720
	1696 6752
	0 6752
4
	4096 6720
	4480 6720
	4480 6752
	4096 6752
4
	4672 6720
	5216 6720
	5216 6752
	4672 6752
4
	8192 6720
	9696 6720
	9696 6752
	8192 6752
4
	11744 6720
	16384 6720
	16384 6752
	11744 6752
4
	0 6752
	1696 6752
	1696 6784
	0 6784
4
	4096 6752
	4480 6752
	4480 6784
	4096 6784
4
	4672 6752
	5216 6752
	5216 6784
	4672 6784
4
	8192 6752
	9696 6752
	9696 6784
	8192 6784
4
	11744 6752
	16384 6752
	16384 6784
	11744 6784
4
	0 6784
	1696 6784
	1696 6816
	0 6816
4
	4096 6784
	4480 6784
	4480 6816
	4096 6816
4
	4672 6784
	5216 6784
	5216 6816
	4672 6816
4
	8192 6784
	9696 6784
	9696 6816
	8192 6816
4
	11744 6784
	16384 6784
	16384 6816
	11744 6816
4
	0 6816
	1696 6816
	1696 6848
	0 6848
4
	4096 6816
	4480 6816
	4480 6848
	4096 6848
4
	4672 6816
	5216 6816
	5216 6848
	4672 6848
4
	8192 6816
	9696 6816
	9696 6848
	8192 6848
4
	11744 6816
	16384 6816
	16384 6848
	11744 6848
4
	0 6848
	1696 6848
	1696 6880
	0 6880
4
	4096 6848
	4480 6848
	4480 6880
	4096 6880
4
	4672 6848
	5216 6848
	5216 6880
	4672 6880
4
	8192 6848
	9696 6848
	9696 6880
	8192 6880
4
	11744 6848
	16384 6848
	16384 6880
	11744 6880
4
	0 6880
	1120 6880
	1120 6912
	0 6912
4
	2816 6880
	3008 6880
	3008 6912
	2816 6912
4
	4864 6880
	5216 6880
	5216 6912
	4864 6912
4
	8384 6880
	9888 6880
	9888 6912
	8384 6912
4
	11744 6880
	16384 6880
	16384 6912
	11744 6912
4
	0 6912
	1120 6912
	1120 6944
	0 6944
4
	2816 6912
	3008 6912
	3008 6944
	2816 6944
4
	4864 6912
	5216 6912
	5216 6944
	4864 6944
4
	8384 6912
	9888 6912
	9888 6944
	8384 6944
4
	11744 6912
	16384 6912
	16384 6944
	11744 6944
4
	0 6944
	1120 6944
	1120 6976
	0 6976
4
	2816 6944
	3008 6944
	3008 6976
	2816 6976
4
	4864 6944
	5216 6944
	5216 6976
	4864 6976
4
	8384 6944
	9888 6944
	9888 6976
	8384 6976
4
	11744 6944
	16384 6944
	16384 6976
	11744 6976
4
	0 6976
	1120 6976
	1120 7008
	0 7008
4
	2816 6976
	3008 6976
	3008 7008
	2816 7008
4
	4864 6976
	5216 6976
	5216 7008
	4864 7008
4
	8384 6976
	9888 6976
	9888 7008
	8384 7008
4
	11744 6976
	16384 6976
	16384 7008
	11744 7008
4
	0 7008
	1120 7008
	1120 7040
	0 7040
4
	2816 7008
	3008 7008
	3008 7040
	2816 7040
4
	4864 7008
	5216 7008
	5216 7040
	4864 7040
4
	8384 7008
	9888 7008
	9888 7040
	8384 7040
4
	11744 7008
	16384 7008
	16384 7040
	11744 7040
4
	0 7040
	1120 7040
	1120 7072
	0 7072
4
	2816 7040
	3008 7040
	3008 7072
	2816 7072
4
	4864 7040
	5216 7040
	5216 7072
	4864 7072
4
	8384 7040
	9888 7040
	9888 7072
	8384 7072
4
	11744 7040
	16384 7040
	16384 7072
	11744 7072
4
	0 7072
	960 7072
	960 7104
	0 7104
4
	2624 7072
	3168 7072
	3168 7104
	2624 7104
4
	5056 7072
	5216 7072
	5216 7104
	5056 7104
4
	5600 7072
	6144 7072
	6144 7104
	5600 7104
4
	8576 7072
	10080 7072
	10080 7104
	8576 7104
4
	11936 7072
	16384 7072
	16384 7104
	11936 7104
4
	0 7104
	960 7104
	960 7136
	0 7136
4
	2624 7104
	3168 7104
	3168 7136
	2624 7136
4
	5056 7104
	5216 7104
	5216 7136
	5056 7136
4
	5600 7104
	6144 7104
	6144 7136
	5600 7136
4
	8576 7104
	10080 7104
	10080 7136
	8576 7136
4
	11936 7104
	16384 7104
	16384 7136
	11936 7136
4
	0 7136
	960 7136
	960 7168
	0 7168
4
	2624 7136
	3168 7136
	3168 7168
	2624 7168
4
	5056 7136
	5216 7136
	5216 7168
	5056 7168
4
	5600 7136
	6144 7136
	6144 7168
	5600 7168
4
	8576 7136
	10080 7136
	10080 7168
	8576 7168
4
	11936 7136
	16384 7136
	16384 7168
	11936 7168
4
	0 7168
	960 7168
	960 7200
	0 7200
4
	2624 7168
	3168 7168
	3168 7200
	2624 7200
4
	5056 7168
	5216 7168
	5216 7200
	5056 7200
4
	5600 7168
	6144 7168
	6144 7200
	5600 7200
4
	8576 7168
	10080 7168
	10080 7200
	8576 7200
4
	11936 7168
	16384 7168
	16384 7200
	11936 7200
4
	0 7200
	960 7200
	960 7232
	0 7232
4
	2624 7200
	3168 7200
	3168 7232
	2624 7232
4
	5056 7200
	5216 7200
	5216 7232
	5056 7232
4
	5600 7200
	6144 7200
	6144 7232
	5600 7232
4
	8576 7200
	10080 7200
	10080 7232
	8576 7232
4
	11936 7200
	16384 7200
	16384 7232
	11936 7232
4
	0 7232
	960 7232
	960 7264
	0 7264
4
	2624 7232
	3168 7232
	3168 7264
	2624 7264
4
	5056 7232
	5216 7232
	5216 7264
	5056 7264
4
	5600 7232
	6144 7232
	6144 7264
	5600 7264
4
	8576 7232
	10080 7232
	10080 7264
	8576 7264
4
	11936 7232
	16384 7232
	16384 7264
	11936 7264
4
	0 7264
	768 7264
	768 7296
	0 7296
4
	2432 7264
	3360 7264
	3360 7296
	2432 7296
4
	5600 7264
	6144 7264
	6144 7296
	5600 7296
4
	8768 7264
	10240 7264
	10240 7296
	8768 7296
4
	11936 7264
	16384 7264
	16384 7296
	11936 7296
4
	0 7296
	768 7296
	768 7328
	0 7328
4
	2432 7296
	3360 7296
	3360 7328
	2432 7328
4
	5600 7296
	6144 7296
	6144 7328
	5600 7328
4
	8768 7296
	10240 7296
	10240 7328
	8768 7328
4
	11936 7296
	16384 7296
	16384 7328
	11936 7328
4
	0 7328
	768 7328
	768 7360
	0 7360
4
	2432 7328
	3360 7328
	3360 7360
	2432 7360
4
	5600 7328
	6144 7328
	6144 7360
	5600 7360
4
	8768 7328
	10240 7328
	10240 7360
	8768 7360
4
	11936 7328
	16384 7328
	16384 7360
	11936 7360
4
	0 7360
	768 7360
	768 7392
	0 7392
4
	2432 7360
	3360 7360
	3360 7392
	2432 7392
4
	5600 7360
	6144 7360
	6144 7392
	5600 7392
4
	8768 7360
	10240 7360
	10240 7392
	8768 7392
4
	11936 7360
	16384 7360
	16384 7392
	11936 7392
4
	0 7392
	768 7392
	768 7424
	0 7424
4
	2432 7392
	3360 7392
	3360 7424
	2432 7424
4
	5600 7392
	6144 7392
	6144 7424
	5600 7424
4
	8768 7392
	10240 7392
	10240 7424
	8768 7424
4
	11936 7392
	16384 7392
	16384 7424
	11936 7424
4
	0 7424
	768 7424
	768 7456
	0 7456
4
	2432 7424
	3360 7424
	3360 7456
	2432 7456
4
	5600 7424
	6144 7424
	6144 7456
	5600 7456
4
	8768 7424
	10240 7424
	10240 7456
	8768 7456
4
	11936 7424
	16384 7424
	16384 7456
	11936 7456
4
	0 7456
	768 7456
	768 7488
	0 7488
4
	2432 7456
	3360 7456
	3360 7488
	2432 7488
4
	5792 7456
	6528 7456
	6528 7488
	5792 7488
4
	8960 7456
	10432 7456
	10432 7488
	8960 7488
4
	12128 7456
	16384 7456
	16384 7488
	12128 7488
4
	0 7488
	768 7488
	768 7520
	0 7520
4
	2432 7488
	3360 7488
	3360 7520
	2432 7520
4
	5792 7488
	6528 7488
	6528 7520
	5792 7520
4
	8960 7488
	10432 7488
	10432 7520
	8960 7520
4
	12128 7488
	16384 7488
	16384 7520
	12128 7520
4
	0 7520
	768 7520
	768 7552
	0 7552
4
	2432 7520
	3360 7520
	3360 7552
	2432 7552
4
	5792 7520
	6528 7520
	6528 7552
	5792 7552
4
	8960 7520
	10432 7520
	10432 7552
	8960 7552
4
	12128 7520
	16384 7520
	16384 7552
	12128 7552
4
	0 7552
	768 7552
	768 7584
	0 7584
4
	2432 7552
	3360 7552
	3360 7584
	2432 7584
4
	5792 7552
	6528 7552
	6528 7584
	5792 7584
4
	8960 7552
	10432 7552
	10432 7584
	8960 7584
4
	12128 7552
	16384 7552
	16384 7584
	12128 7584
4
	0 7584
	768 7584
	768 7616
	0 7616
4
	2432 7584
	3360 7584
	3360 7616
	2432 7616
4
	5792 7584
	6528 7584
	6528 7616
	5792 7616
4
	8960 7584
	10432 7584
	10432 7616
	8960 7616
4
	12128 7584
	16384 7584
	16384 7616
	12128 7616
4
	0 7616
	768 7616
	768 7648
	0 7648
4
	2432 7616
	3360 7616
	3360 7648
	2432 7648
4
	5792 7616
	6528 7616
	6528 7648
	5792 7648
4
	8960 7616
	10432 7616
	10432 7648
	8960 7648
4
	12128 7616
	16384 7616
	16384 7648
	12128 7648
4
	0 7648
	960 7648
	960 7680
	0 7680
4
	2624 7648
	3360 7648
	3360 7680
	2624 7680
4
	5600 7648
	6912 7648
	6912 7680
	5600 7680
4
	9152 7648
	10624 7648
	10624 7680
	9152 7680
4
	12480 7648
	16384 7648
	16384 7680
	12480 7680
4
	0 7680
	960 7680
	960 7712
	0 7712
4
	2624 7680
	3360 7680
	3360 7712
	2624 7712
4
	5600 7680
	6912 7680
	6912 7712
	5600 7712
4
	9152 7680
	10624 7680
	10624 7712
	9152 7712
4
	12480 7680
	16384 7680
	16384 7712
	12480 7712
4
	0 7712
	960 7712
	960 7744
	0 7744
4
	2624 7712
	3360 7712
	3360 7744
	2624 7744
4
	5600 7712
	6912 7712
	6912 7744
	5600 7744
4
	9152 7712
	10624 7712
	10624 7744
	9152 7744
4
	12480 7712
	16384 7712
	16384 7744
	12480 7744
4
	0 7744
	960 7744
	960 7776
	0 7776
4
	2624 7744
	3360 7744
	3360 7776
	2624 7776
4
	5600 7744
	6912 7744
	6912 7776
	5600 7776
4
	9152 7744
	10624 7744
	10624 7776
	9152 7776
4
	12480 7744
	16384 7744
	16384 7776
	12480 7776
4
	0 7776
	960 7776
	960 7808
	0 7808
4
	2624 7776
	3360 7776
	3360 7808
	2624 7808
4
	5600 7776
	6912 7776
	6912 7808
	5600 7808
4
	9152 7776
	10624 7776
	10624 7808
	9152 7808
4
	12480 7776
	16384 7776
	16384 7808
	12480 7808
4
	0 7808
	960 7808
	960 7840
	0 7840
4
	2624 7808
	3360 7808
	3360 7840
	2624 7840
4
	5600 7808
	6912 7808
	6912 7840
	5600 7840
4
	9152 7808
	10624 7808
	10624 7840
	9152 7840
4
	12480 7808
	16384 7808
	16384 7840
	12480 7840
4
	0 7840
	1120 7840
	1120 7872
	0 7872
4
	2816 7840
	3008 7840
	3008 7872
	2816 7872
4
	5408 7840
	7104 7840
	7104 7872
	5408 7872
4
	9312 7840
	10816 7840
	10816 7872
	9312 7872
4
	12864 7840
	16384 7840
	16384 7872
	12864 7872
4
	0 7872
	1120 7872
	1120 7904
	0 7904
4
	2816 7872
	3008 7872
	3008 7904
	2816 7904
4
	5408 7872
	7104 7872
	7104 7904
	5408 7904
4
	9312 7872
	10816 7872
	10816 7904
	9312 7904
4
	12864 7872
	16384 7872
	16384 7904
	12864 7904
4
	0 7904
	1120 7904
	1120 7936
	0 7936
4
	2816 7904
	3008 7904
	3008 7936
	2816 7936
4
	5408 7904
	7104 7904
	7104 7936
	5408 7936
4
	9312 7904
	10816 7904
	10816 7936
	9312 7936
4
	12864 7904
	16384 7904
	16384 7936
	12864 7936
4
	0 7936
	1120 7936
	1120 7968
	0 7968
4
	2816 7936
	3008 7936
	3008 7968
	2816 7968
4
	5408 7936
	7104 7936
	7104 7968
	5408 7968
4
	9312 7936
	10816 7936
	10816 7968
	9312 7968
4
	12864 7936
	16384 7936
	16384 7968
	12864 7968
4
	0 7968
	1120 7968
	1120 8000
	0 8000
4
	2816 7968
	3008 7968
	3008 8000
	2816 8000
4
	5408 7968
	7104 7968
	7104 8000
	5408 8000
4
	9312 7968
	10816 7968
	10816 8000
	9312 8000
4
	12864 7968
	16384 7968
	16384 8000
	12864 8000
4
	0 8000
	1120 8000
	1120 8032
	0 8032
4
	2816 8000
	3008 8000
	3008 8032
	2816 8032
4
	5408 8000
	7104 8000
	7104 8032
	5408 8032
4
	9312 8000
	10816 8000
	10816 8032
	9312 8032
4
	12864 8000
	16384 8000
	16384 8032
	12864 8032
4
	0 8032
	1312 8032
	1312 8064
	0 8064
4
	5408 8032
	7264 8032
	7264 8064
	5408 8064
4
	9504 8032
	11008 8032
	11008 8064
	9504 8064
4
	12864 8032
	16384 8032
	16384 8064
	12864 8064
4
	0 8064
	1312 8064
	1312 8096
	0 8096
4
	5408 8064
	7264 8064
	7264 8096
	5408 8096
4
	9504 8064
	11008 8064
	11008 8096
	9504 8096
4
	12864 8064
	16384 8064
	16384 8096
	12864 8096
4
	0 8096
	1312 8096
	1312 8128
	0 8128
4
	5408 8096
	7264 8096
	7264 8128
	5408 8128
4
	9504 8096
	11008 8096
	11008 8128
	9504 8128
4
	12864 8096
	16384 8096
	16384 8128
	12864 8128
4
	0 8128
	1312 8128
	1312 8160
	0 8160
4
	5408 8128
	7264 8128
	7264 8160
	5408 8160
4
	9504 8128
	11008 8128
	11008 8160
	9504 8160
4
	12864 8128
	16384 8128
	16384 8160
	12864 8160
4
	0 8160
	1312 8160
	1312 8192
	0 8192
4
	5408 8160
	7264 8160
	7264 8192
	5408 8192
4
	9504 8160
	11008 8160
	11008 8192
	9504 8192
4
	12864 8160
	16384 8160
	16384 8192
	12864 8192
4
	0 8192
	1504 8192
	1504 8224
	0 8224
4
	5216 8192
	7456 8192
	7456 8224
	5216 8224
4
	9696 8192
	11200 8192
	11200 8224
	9696 8224
4
	12864 8192
	16384 8192
	16384 8224
	12864 8224
4
	0 8224
	1504 8224
	1504 8256
	0 8256
4
	5216 8224
	7456 8224
	7456 8256
	5216 8256
4
	9696 8224
	11200 8224
	11200 8256
	9696 8256
4
	12864 8224
	16384 8224
	16384 8256
	12864 8256
4
	0 8256
	1504 8256
	1504 8288
	0 8288
4
	5216 8256
	7456 8256
	7456 8288
	5216 8288
4
	9696 8256
	11200 8256
	11200 8288
	9696 8288
4
	12864 8256
	16384 8256
	16384 8288
	12864 8288
4
	0 8288
	1504 8288
	1504 8320
	0 8320
4
	5216 8288
	7456 8288
	7456 8320
	5216 8320
4
	9696 8288
	11200 8288
	11200 8320
	9696 8320
4
	12864 8288
	16384 8288
	16384 8320
	12864 8320
4
	0 8320
	1504 8320
	1504 8352
	0 8352
4
	5216 8320
	7456 8320
	7456 8352
	5216 8352
4
	9696 8320
	11200 8320
	11200 8352
	9696 8352
4
	12864 8320
	16384 8320
	16384 8352
	12864 8352
4
	0 8352
	1504 8352
	1504 8384
	0 8384
4
	5216 8352
	7456 8352
	7456 8384
	5216 8384
4
	9696 8352
	11200 8352
	11200 8384
	9696 8384
4
	12864 8352
	16384 8352
	16384 8384
	12864 8384
4
	0 8384
	1696 8384
	1696 8416
	0 8416
4
	4672 8384
	7648 8384
	7648 8416
	4672 8416
4
	10080 8384
	11360 8384
	11360 8416
	10080 8416
4
	12864 8384
	16384 8384
	16384 8416
	12864 8416
4
	0 8416
	1696 8416
	1696 8448
	0 8448
4
	4672 8416
	7648 8416
	7648 8448
	4672 8448
4
	10080 8416
	11360 8416
	11360 8448
	10080 8448
4
	12864 8416
	16384 8416
	16384 8448
	12864 8448
4
	0 8448
	1696 8448
	1696 8480
	0 8480
4
	4672 8448
	7648 8448
	7648 8480
	4672 8480
4
	10080 8448
	11360 8448
	11360 8480
	10080 8480
4
	12864 8448
	16384 8448
	16384 8480
	12864 8480
4
	0 8480
	1696 8480
	1696 8512
	0 8512
4
	4672 8480
	7648 8480
	7648 8512
	4672 8512
4
	10080 8480
	11360 8480
	11360 8512
	10080 8512
4
	12864 8480
	16384 8480
	16384 8512
	12864 8512
4
	0 8512
	1696 8512
	1696 8544
	0 8544
4
	4672 8512
	7648 8512
	7648 8544
	4672 8544
4
	10080 8512
	11360 8512
	11360 8544
	10080 8544
4
	12864 8512
	16384 8512
	16384 8544
	12864 8544
4
	0 8544
	1696 8544
	1696 8576
	0 8576
4
	4672 8544
	7648 8544
	7648 8576
	4672 8576
4
	10080 8544
	11360 8544
	11360 8576
	10080 8576
4
	12864 8544
	16384 8544
	16384 8576
	12864 8576
4
	0 8576
	1888 8576
	1888 8608
	0 8608
4
	4672 8576
	7840 8576
	7840 8608
	4672 8608
4
	10240 8576
	11360 8576
	11360 8608
	10240 8608
4
	13056 8576
	16384 8576
	16384 8608
	13056 8608
4
	0 8608
	1888 8608
	1888 8640
	0 8640
4
	4672 8608
	7840 8608
	7840 8640
	4672 8640
4
	10240 8608
	11360 8608
	11360 8640
	10240 8640
4
	13056 8608
	16384 8608
	16384 8640
	13056 8640
4
	0 8640
	1888 8640
	1888 8672
	0 8672
4
	4672 8640
	7840 8640
	7840 8672
	4672 8672
4
	10240 8640
	11360 8640
	11360 8672
	10240 8672
4
	13056 8640
	16384 8640
	16384 8672
	13056 8672
4
	0 8672
	1888 8672
	1888 8704
	0 8704
4
	4672 8672
	7840 8672
	7840 8704
	4672 8704
4
	10240 8672
	11360 8672
	11360 8704
	10240 8704
4
	13056 8672
	16384 8672
	16384 8704
	13056 8704
4
	0 8704
	1888 8704
	1888 8736
	0 8736
4
	4672 8704
	7840 8704
	7840 8736
	4672 8736
4
	10240 8704
	11360 8704
	11360 8736
	10240 8736
4
	13056 8704
	16384 8704
	16384 8736
	13056 8736
4
	0 8736
	1888 8736
	1888 8768
	0 8768
4
	4672 8736
	7840 8736
	7840 8768
	4672 8768
4
	10240 8736
	11360 8736
	11360 8768
	10240 8768
4
	13056 8736
	16384 8736
	16384 8768
	13056 8768
4
	0 8768
	2048 8768
	2048 8800
	0 8800
4
	4864 8768
	7840 8768
	7840 8800
	4864 8800
4
	10432 8768
	11360 8768
	11360 8800
	10432 8800
4
	13248 8768
	16384 8768
	16384 8800
	13248 8800
4
	0 8800
	2048 8800
	2048 8832
	0 8832
4
	4864 8800
	7840 8800
	7840 8832
	4864 8832
4
	10432 8800
	11360 8800
	11360 8832
	10432 8832
4
	13248 8800
	16384 8800
	16384 8832
	13248 8832
4
	0 8832
	2048 8832
	2048 8864
	0 8864
4
	4864 8832
	7840 8832
	7840 8864
	4864 8864
4
	10432 8832
	11360 8832
	11360 8864
	10432 8864
4
	13248 8832
	16384 8832
	16384 8864
	13248 8864
4
	0 8864
	2048 8864
	2048 8896
	0 8896
4
	4864 8864
	7840 8864
	7840 8896
	4864 8896
4
	10432 8864
	11360 8864
	11360 8896
	10432 8896
4
	13248 8864
	16384 8864
	16384 8896
	13248 8896
4
	0 8896
	2048 8896
	2048 8928
	0 8928
4
	4864 8896
	7840 8896
	7840 8928
	4864 8928
4
	10432 8896
	11360 8896
	11360 8928
	10432 8928
4
	13248 8896
	16384 8896
	16384 8928
	13248 8928
4
	0 8928
	2048 8928
	2048 8960
	0 8960
4
	4864 8928
	7840 8928
	7840 8960
	4864 8960
4
	10432 8928
	11360 8928
	11360 8960
	10432 8960
4
	13248 8928
	16384 8928
	16384 8960
	13248 8960
4
	0 8960
	2240 8960
	2240 8992
	0 8992
4
	3936 8960
	4288 8960
	4288 8992
	3936 8992
4
	5984 8960
	6720 8960
	6720 8992
	5984 8992
4
	7104 8960
	7648 8960
	7648 8992
	7104 8992
4
	10624 8960
	11360 8960
	11360 8992
	10624 8992
4
	13600 8960
	16384 8960
	16384 8992
	13600 8992
4
	0 8992
	2240 8992
	2240 9024
	0 9024
4
	3936 8992
	4288 8992
	4288 9024
	3936 9024
4
	5984 8992
	6720 8992
	6720 9024
	5984 9024
4
	7104 8992
	7648 8992
	7648 9024
	7104 9024
4
	10624 8992
	11360 8992
	11360 9024
	10624 9024
4
	13600 8992
	16384 8992
	16384 9024
	13600 9024
4
	0 9024
	2240 9024
	2240 9056
	0 9056
4
	3936 9024
	4288 9024
	4288 9056
	3936 9056
4
	5984 9024
	6720 9024
	6720 9056
	5984 9056
4
	7104 9024
	7648 9024
	7648 9056
	7104 9056
4
	10624 9024
	11360 9024
	11360 9056
	10624 9056
4
	13600 9024
	16384 9024
	16384 9056
	13600 9056
4
	0 9056
	2240 9056
	2240 9088
	0 9088
4
	3936 9056
	4288 9056
	4288 9088
	3936 9088
4
	5984 9056
	6720 9056
	6720 9088
	5984 9088
4
	7104 9056
	7648 9056
	7648 9088
	7104 9088
4
	10624 9056
	11360 9056
	11360 9088
	10624 9088
4
	13600 9056
	16384 9056
	16384 9088
	13600 9088
4
	0 9088
	2240 9088
	2240 9120
	0 9120
4
	3936 9088
	4288 9088
	4288 9120
	3936 9120
4
	5984 9088
	6720 9088
	6720 9120
	5984 9120
4
	7104 9088
	7648 9088
	7648 9120
	7104 9120
4
	10624 9088
	11360 9088
	11360 9120
	10624 9120
4
	13600 9088
	16384 9088
	16384 9120
	13600 9120
4
	0 9120
	2240 9120
	2240 9152
	0 9152
4
	3936 9120
	4288 9120
	4288 9152
	3936 9152
4
	5984 9120
	6720 9120
	6720 9152
	5984 9152
4
	7104 9120
	7648 9120
	7648 9152
	7104 9152
4
	10624 9120
	11360 9120
	11360 9152
	10624 9152
4
	13600 9120
	16384 9120
	16384 9152
	13600 9152
4
	0 9152
	2432 9152
	2432 9184
	0 9184
4
	3744 9152
	4480 9152
	4480 9184
	3744 9184
4
	6144 9152
	6528 9152
	6528 9184
	6144 9184
4
	7264 9152
	7456 9152
	7456 9184
	7264 9184
4
	8032 9152
	8384 9152
	8384 9184
	8032 9184
4
	13792 9152
	16384 9152
	16384 9184
	13792 9184
4
	0 9184
	2432 9184
	2432 9216
	0 9216
4
	3744 9184
	4480 9184
	4480 9216
	3744 9216
4
	6144 9184
	6528 9184
	6528 9216
	6144 9216
4
	7264 9184
	7456 9184
	7456 9216
	7264 9216
4
	8032 9184
	8384 9184
	8384 9216
	8032 9216
4
	13792 9184
	16384 9184
	16384 9216
	13792 9216
4
	0 9216
	2432 9216
	2432 9248
	0 9248
4
	3744 9216
	4480 9216
	4480 9248
	3744 9248
4
	6144 9216
	6528 9216
	6528 9248
	6144 9248
4
	7264 9216
	7456 9216
	7456 9248
	7264 9248
4
	8032 9216
	8384 9216
	8384 9248
	8032 9248
4
	13792 9216
	16384 9216
	16384 9248
	13792 9248
4
	0 9248
	2432 9248
	2432 9280
	0 9280
4
	3744 9248
	4480 9248
	4480 9280
	3744 9280
4
	6144 9248
	6528 9248
	6528 9280
	6144 9280
4
	7264 9248
	7456 9248
	7456 9280
	7264 9280
4
	8032 9248
	8384 9248
	8384 9280
	8032 9280
4
	13792 9248
	16384 9248
	16384 9280
	13792 9280
4
	0 9280
	2432 9280
	2432 9312
	0 9312
4
	3744 9280
	4480 9280
	4480 9312
	3744 9312
4
	6144 9280
	6528 9280
	6528 9312
	6144 9312
4
	7264 9280
	7456 9280
	7456 9312
	7264 9312
4
	8032 9280
	8384 9280
	8384 9312
	8032 9312
4
	13792 9280
	16384 9280
	16384 9312
	13792 9312
4
	0 9312
	2432 9312
	2432 9344
	0 9344
4
	3744 9312
	4480 9312
	4480 9344
	3744 9344
4
	6144 9312
	6528 9312
	6528 9344
	6144 9344
4
	7264 9312
	7456 9312
	7456 9344
	7264 9344
4
	8032 9312
	8384 9312
	8384 9344
	8032 9344
4
	13792 9312
	16384 9312
	16384 9344
	13792 9344
4
	0 9344
	2624 9344
	2624 9376
	0 9376
4
	3552 9344
	4672 9344
	4672 9376
	3552 9376
4
	7840 9344
	8576 9344
	8576 9376
	7840 9376
4
	13984 9344
	16384 9344
	16384 9376
	13984 9376
4
	0 9376
	2624 9376
	2624 9408
	0 9408
4
	3552 9376
	4672 9376
	4672 9408
	3552 9408
4
	7840 9376
	8576 9376
	8576 9408
	7840 9408
4
	13984 9376
	16384 9376
	16384 9408
	13984 9408
4
	0 9408
	2624 9408
	2624 9440
	0 9440
4
	3552 9408
	4672 9408
	4672 9440
	3552 9440
4
	7840 9408
	8576 9408
	8576 9440
	7840 9440
4
	13984 9408
	16384 9408
	16384 9440
	13984 9440
4
	0 9440
	2624 9440
	2624 9472
	0 9472
4
	3552 9440
	4672 9440
	4672 9472
	3552 9472
4
	7840 9440
	8576 9440
	8576 9472
	7840 9472
4
	13984 9440
	16384 9440
	16384 9472
	13984 9472
4
	0 9472
	2624 9472
	2624 9504
	0 9504
4
	3552 9472
	4672 9472
	4672 9504
	3552 9504
4
	7840 9472
	8576 9472
	8576 9504
	7840 9504
4
	13984 9472
	16384 9472
	16384 9504
	13984 9504
4
	0 9504
	2624 9504
	2624 9536
	0 9536
4
	3552 9504
	4672 9504
	4672 9536
	3552 9536
4
	7840 9504
	8576 9504
	8576 9536
	7840 9536
4
	13984 9504
	16384 9504
	16384 9536
	13984 9536
4
	0 9536
	2816 9536
	2816 9568
	0 9568
4
	3360 9536
	4672 9536
	4672 9568
	3360 9568
4
	7840 9536
	8768 9536
	8768 9568
	7840 9568
4
	14336 9536
	16384 9536
	16384 9568
	14336 9568
4
	0 9568
	2816 9568
	2816 9600
	0 9600
4
	3360 9568
	4672 9568
	4672 9600
	3360 9600
4
	7840 9568
	8768 9568
	8768 9600
	7840 9600
4
	14336 9568
	16384 9568
	16384 9600
	14336 9600
4
	0 9600
	2816 9600
	2816 9632
	0 9632
4
	3360 9600
	4672 9600
	4672 9632
	3360 9632
4
	7840 9600
	8768 9600
	8768 9632
	7840 9632
4
	14336 9600
	16384 9600
	16384 9632
	14336 9632
4
	0 9632
	2816 9632
	2816 9664
	0 9664
4
	3360 9632
	4672 9632
	4672 9664
	3360 9664
4
	7840 9632
	8768 9632
	8768 9664
	7840 9664
4
	14336 9632
	16384 9632
	16384 9664
	14336 9664
4
	0 9664
	2816 9664
	2816 9696
	0 9696
4
	3360 9664
	4672 9664
	4672 9696
	3360 9696
4
	7840 9664
	8768 9664
	8768 9696
	7840 9696
4
	14336 9664
	16384 9664
	16384 9696
	14336 9696
4
	0 9696
	2816 9696
	2816 9728
	0 9728
4
	3360 9696
	4672 9696
	4672 9728
	3360 9728
4
	7840 9696
	8768 9696
	8768 9728
	7840 9728
4
	14336 9696
	16384 9696
	16384 9728
	14336 9728
4
	0 9728
	3008 9728
	3008 9760
	0 9760
4
	3168 9728
	4480 9728
	4480 9760
	3168 9760
4
	7840 9728
	8768 9728
	8768 9760
	7840 9760
4
	11936 9728
	12672 9728
	12672 9760
	11936 9760
4
	14528 9728
	16384 9728
	16384 9760
	14528 9760
4
	0 9760
	3008 9760
	3008 9792
	0 9792
4
	3168 9760
	4480 9760
	4480 9792
	3168 9792
4
	7840 9760
	8768 9760
	8768 9792
	7840 9792
4
	11936 9760
	12672 9760
	12672 9792
	11936 9792
4
	14528 9760
	16384 9760
	16384 9792
	14528 9792
4
	0 9792
	3008 9792
	3008 9824
	0 9824
4
	3168 9792
	4480 9792
	4480 9824
	3168 9824
4
	7840 9792
	8768 9792
	8768 9824
	7840 9824
4
	11936 9792
	12672 9792
	12672 9824
	11936 9824
4
	14528 9792
	16384 9792
	16384 9824
	14528 9824
4
	0 9824
	3008 9824
	3008 9856
	0 9856
4
	3168 9824
	4480 9824
	4480 9856
	3168 9856
4
	7840 9824
	8768 9824
	8768 9856
	7840 9856
4
	11936 9824
	12672 9824
	12672 9856
	11936 9856
4
	14528 9824
	16384 9824
	16384 9856
	14528 9856
4
	0 9856
	3008 9856
	3008 9888
	0 9888
4
	3168 9856
	4480 9856
	4480 9888
	3168 9888
4
	7840 9856
	8768 9856
	8768 9888
	7840 9888
4
	11936 9856
	12672 9856
	12672 9888
	11936 9888
4
	14528 9856
	16384 9856
	16384 9888
	14528 9888
4
	0 9888
	3008 9888
	3008 9920
	0 9920
4
	3168 9888
	4480 9888
	4480 9920
	3168 9920
4
	7840 9888
	8768 9888
	8768 9920
	7840 9920
4
	11936 9888
	12672 9888
	12672 9920
	11936 9920
4
	14528 9888
	16384 9888
	16384 9920
	14528 9920
4
	0 9920
	4288 9920
	4288 9952
	0 9952
4
	8032 9920
	8960 9920
	8960 9952
	8032 9952
4
	11936 9920
	12864 9920
	12864 9952
	11936 9952
4
	14720 9920
	16384 9920
	16384 9952
	14720 9952
4
	0 9952
	4288 9952
	4288 9984
	0 9984
4
	8032 9952
	8960 9952
	8960 9984
	8032 9984
4
	11936 9952
	12864 9952
	12864 9984
	11936 9984
4
	14720 9952
	16384 9952
	16384 9984
	14720 9984
4
	0 9984
	4288 9984
	4288 10016
	0 10016
4
	8032 9984
	8960 9984
	8960 10016
	8032 10016
4
	11936 9984
	12864 9984
	12864 10016
	11936 10016
4
	14720 9984
	16384 9984
	16384 10016
	14720 10016
4
	0 10016
	4288 10016
	4288 10048
	0 10048
4
	8032 10016
	8960 10016
	8960 10048
	8032 10048
4
	11936 10016
	12864 10016
	12864 10048
	11936 10048
4
	14720 10016
	16384 10016
	16384 10048
	14720 10048
4
	0 10048
	4288 10048
	4288 10080
	0 10080
4
	8032 10048
	8960 10048
	8960 10080
	8032 10080
4
	11936 10048
	12864 10048
	12864 10080
	11936 10080
4
	14720 10048
	16384 10048
	16384 10080
	14720 10080
4
	0 10080
	4288 10080
	4288 10112
	0 10112
4
	8032 10080
	8960 10080
	8960 10112
	8032 10112
4
	11936 10080
	12864 10080
	12864 10112
	11936 10112
4
	14720 10080
	16384 10080
	16384 10112
	14720 10112
4
	0 10112
	4096 10112
	4096 10144
	0 10144
4
	8192 10112
	9152 10112
	9152 10144
	8192 10144
4
	11936 10112
	12864 10112
	12864 10144
	11936 10144
4
	13600 10112
	13984 10112
	13984 10144
	13600 10144
4
	14528 10112
	16384 10112
	16384 10144
	14528 10144
4
	0 10144
	4096 10144
	4096 10176
	0 10176
4
	8192 10144
	9152 10144
	9152 10176
	8192 10176
4
	11936 10144
	12864 10144
	12864 10176
	11936 10176
4
	13600 10144
	13984 10144
	13984 10176
	13600 10176
4
	14528 10144
	16384 10144
	16384 10176
	14528 10176
4
	0 10176
	4096 10176
	4096 10208
	0 10208
4
	8192 10176
	9152 10176
	9152 10208
	8192 10208
4
	11936 10176
	12864 10176
	12864 10208
	11936 10208
4
	13600 10176
	13984 10176
	13984 10208
	13600 10208
4
	14528 10176
	16384 10176
	16384 10208
	14528 10208
4
	0 10208
	4096 10208
	4096 10240
	0 10240
4
	8192 10208
	9152 10208
	9152 10240
	8192 10240
4
	11936 10208
	12864 10208
	12864 10240
	11936 10240
4
	13600 10208
	13984 10208
	13984 10240
	13600 10240
4
	14528 10208
	16384 10208
	16384 10240
	14528 10240
4
	0 10240
	4096 10240
	4096 10272
	0 10272
4
	8192 10240
	9152 10240
	9152 10272
	8192 10272
4
	11936 10240
	12864 10240
	12864 10272
	11936 10272
4
	13600 10240
	13984 10240
	13984 10272
	13600 10272
4
	14528 10240
	16384 10240
	16384 10272
	14528 10272
4
	0 10272
	4096 10272
	4096 10304
	0 10304
4
	8192 10272
	9152 10272
	9152 10304
	8192 10304
4
	11936 10272
	12864 10272
	12864 10304
	11936 10304
4
	13600 10272
	13984 10272
	13984 10304
	13600 10304
4
	14528 10272
	16384 10272
	16384 10304
	14528 10304
4
	0 10304
	3936 10304
	3936 10336
	0 10336
4
	8192 10304
	9312 10304
	9312 10336
	8192 10336
4
	11744 10304
	12672 10304
	12672 10336
	11744 10336
4
	13600 10304
	14176 10304
	14176 10336
	13600 10336
4
	14336 10304
	16384 10304
	16384 10336
	14336 10336
4
	0 10336
	3936 10336
	3936 10368
	0 10368
4
	8192 10336
	9312 10336
	9312 10368
	8192 10368
4
	11744 10336
	12672 10336
	12672 10368
	11744 10368
4
	13600 10336
	14176 10336
	14176 10368
	13600 10368
4
	14336 10336
	16384 10336
	16384 10368
	14336 10368
4
	0 10368
	3936 10368
	3936 10400
	0 10400
4
	8192 10368
	9312 10368
	9312 10400
	8192 10400
4
	11744 10368
	12672 10368
	12672 10400
	11744 10400
4
	13600 10368
	14176 10368
	14176 10400
	13600 10400
4
	14336 10368
	16384 10368
	16384 10400
	14336 10400
4
	0 10400
	3936 10400
	3936 10432
	0 10432
4
	8192 10400
	9312 10400
	9312 10432
	8192 10432
4
	11744 10400
	12672 10400
	12672 10432
	11744 10432
4
	13600 10400
	14176 10400
	14176 10432
	13600 10432
4
	14336 10400
	16384 10400
	16384 10432
	14336 10432
4
	0 10432
	3936 10432
	3936 10464
	0 10464
4
	8192 10432
	9312 10432
	9312 10464
	8192 10464
4
	11744 10432
	12672 10432
	12672 10464
	11744 10464
4
	13600 10432
	14176 10432
	14176 10464
	13600 10464
4
	14336 10432
	16384 10432
	16384 10464
	14336 10464
4
	0 10464
	3936 10464
	3936 10496
	0 10496
4
	8192 10464
	9312 10464
	9312 10496
	8192 10496
4
	11744 10464
	12672 10464
	12672 10496
	11744 10496
4
	13600 10464
	14176 10464
	14176 10496
	13600 10496
4
	14336 10464
	16384 10464
	16384 10496
	14336 10496
4
	0 10496
	3744 10496
	3744 10528
	0 10528
4
	8192 10496
	9504 10496
	9504 10528
	8192 10528
4
	11744 10496
	12672 10496
	12672 10528
	11744 10528
4
	13408 10496
	16384 10496
	16384 10528
	13408 10528
4
	0 10528
	3744 10528
	3744 10560
	0 10560
4
	8192 10528
	9504 10528
	9504 10560
	8192 10560
4
	11744 10528
	12672 10528
	12672 10560
	11744 10560
4
	13408 10528
	16384 10528
	16384 10560
	13408 10560
4
	0 10560
	3744 10560
	3744 10592
	0 10592
4
	8192 10560
	9504 10560
	9504 10592
	8192 10592
4
	11744 10560
	12672 10560
	12672 10592
	11744 10592
4
	13408 10560
	16384 10560
	16384 10592
	13408 10592
4
	0 10592
	3744 10592
	3744 10624
	0 10624
4
	8192 10592
	9504 10592
	9504 10624
	8192 10624
4
	11744 10592
	12672 10592
	12672 10624
	11744 10624
4
	13408 10592
	16384 10592
	16384 10624
	13408 10624
4
	0 10624
	3744 10624
	3744 10656
	0 10656
4
	8192 10624
	9504 10624
	9504 10656
	8192 10656
4
	11744 10624
	12672 10624
	12672 10656
	11744 10656
4
	13408 10624
	16384 10624
	16384 10656
	13408 10656
4
	0 10656
	3744 10656
	3744 10688
	0 10688
4
	8192 10656
	9504 10656
	9504 10688
	8192 10688
4
	11744 10656
	12672 10656
	12672 10688
	11744 10688
4
	13408 10656
	16384 10656
	16384 10688
	13408 10688
4
	0 10688
	3744 10688
	3744 10720
	0 10720
4
	8192 10688
	9504 10688
	9504 10720
	8192 10720
4
	11936 10688
	12480 10688
	12480 10720
	11936 10720
4
	13248 10688
	16384 10688
	16384 10720
	13248 10720
4
	0 10720
	3744 10720
	3744 10752
	0 10752
4
	8192 10720
	9504 10720
	9504 10752
	8192 10752
4
	11936 10720
	12480 10720
	12480 10752
	11936 10752
4
	13248 10720
	16384 10720
	16384 10752
	13248 10752
4
	0 10752
	3744 10752
	3744 10784
	0 10784
4
	8192 10752
	9504 10752
	9504 10784
	8192 10784
4
	11936 10752
	12480 10752
	12480 10784
	11936 10784
4
	13248 10752
	16384 10752
	16384 10784
	13248 10784
4
	0 10784
	3744 10784
	3744 10816
	0 10816
4
	8192 10784
	9504 10784
	9504 10816
	8192 10816
4
	11936 10784
	12480 10784
	12480 10816
	11936 10816
4
	13248 10784
	16384 10784
	16384 10816
	13248 10816
4
	0 10816
	3744 10816
	3744 10848
	0 10848
4
	8192 10816
	9504 10816
	9504 10848
	8192 10848
4
	11936 10816
	12480 10816
	12480 10848
	11936 10848
4
	13248 10816
	16384 10816
	16384 10848
	13248 10848
4
	0 10848
	3744 10848
	3744 10880
	0 10880
4
	8192 10848
	9504 10848
	9504 10880
	8192 10880
4
	11936 10848
	12480 10848
	12480 10880
	11936 10880
4
	13248 10848
	16384 10848
	16384 10880
	13248 10880
4
	0 10880
	3936 10880
	3936 10912
	0 10912
4
	8576 10880
	9696 10880
	9696 10912
	8576 10912
4
	13248 10880
	16384 10880
	16384 10912
	13248 10912
4
	0 10912
	3936 10912
	3936 10944
	0 10944
4
	8576 10912
	9696 10912
	9696 10944
	8576 10944
4
	13248 10912
	16384 10912
	16384 10944
	13248 10944
4
	0 10944
	3936 10944
	3936 10976
	0 10976
4
	8576 10944
	9696 10944
	9696 10976
	8576 10976
4
	13248 10944
	16384 10944
	16384 10976
	13248 10976
4
	0 10976
	3936 10976
	3936 11008
	0 11008
4
	8576 10976
	9696 10976
	9696 11008
	8576 11008
4
	13248 10976
	16384 10976
	16384 11008
	13248 11008
4
	0 11008
	3936 11008
	3936 11040
	0 11040
4
	8576 11008
	9696 11008
	9696 11040
	8576 11040
4
	13248 11008
	16384 11008
	16384 11040
	13248 11040
4
	0 11040
	3936 11040
	3936 11072
	0 11072
4
	8576 11040
	9696 11040
	9696 11072
	8576 11072
4
	13248 11040
	16384 11040
	16384 11072
	13248 11072
4
	0 11072
	4096 11072
	4096 11104
	0 11104
4
	8576 11072
	9888 11072
	9888 11104
	8576 11104
4
	12864 11072
	13600 11072
	13600 11104
	12864 11104
4
	13792 11072
	16384 11072
	16384 11104
	13792 11104
4
	0 11104
	4096 11104
	4096 11136
	0 11136
4
	8576 11104
	9888 11104
	9888 11136
	8576 11136
4
	12864 11104
	13600 11104
	13600 11136
	12864 11136
4
	13792 11104
	16384 11104
	16384 11136
	13792 11136
4
	0 11136
	4096 11136
	4096 11168
	0 11168
4
	8576 11136
	9888 11136
	9888 11168
	8576 11168
4
	12864 11136
	13600 11136
	13600 11168
	12864 11168
4
	13792 11136
	16384 11136
	16384 11168
	13792 11168
4
	0 11168
	4096 11168
	4096 11200
	0 11200
4
	8576 11168
	9888 11168
	9888 11200
	8576 11200
4
	12864 11168
	13600 11168
	13600 11200
	12864 11200
4
	13792 11168
	16384 11168
	16384 11200
	13792 11200
4
	0 11200
	4096 11200
	4096 11232
	0 11232
4
	8576 11200
	9888 11200
	9888 11232
	8576 11232
4
	12864 11200
	13600 11200
	13600 11232
	12864 11232
4
	13792 11200
	16384 11200
	16384 11232
	13792 11232
4
	0 11232
	4096 11232
	4096 11264
	0 11264
4
	8576 11232
	9888 11232
	9888 11264
	8576 11264
4
	12864 11232
	13600 11232
	13600 11264
	12864 11264
4
	13792 11232
	16384 11232
	16384 11264
	13792 11264
4
	0 11264
	4288 11264
	4288 11296
	0 11296
4
	8384 11264
	10240 11264
	10240 11296
	8384 11296
4
	11200 11264
	11936 11264
	11936 11296
	11200 11296
4
	12864 11264
	13408 11264
	13408 11296
	12864 11296
4
	14176 11264
	16384 11264
	16384 11296
	14176 11296
4
	0 11296
	4288 11296
	4288 11328
	0 11328
4
	8384 11296
	10240 11296
	10240 11328
	8384 11328
4
	11200 11296
	11936 11296
	11936 11328
	11200 11328
4
	12864 11296
	13408 11296
	13408 11328
	12864 11328
4
	14176 11296
	16384 11296
	16384 11328
	14176 11328
4
	0 11328
	4288 11328
	4288 11360
	0 11360
4
	8384 11328
	10240 11328
	10240 11360
	8384 11360
4
	11200 11328
	11936 11328
	11936 11360
	11200 11360
4
	12864 11328
	13408 11328
	13408 11360
	12864 11360
4
	14176 11328
	16384 11328
	16384 11360
	14176 11360
4
	0 11360
	4288 11360
	4288 11392
	0 11392
4
	8384 11360
	10240 11360
	10240 11392
	8384 11392
4
	11200 11360
	11936 11360
	11936 11392
	11200 11392
4
	12864 11360
	13408 11360
	13408 11392
	12864 11392
4
	14176 11360
	16384 11360
	16384 11392
	14176 11392
4
	0 11392
	4288 11392
	4288 11424
	0 11424
4
	8384 11392
	10240 11392
	10240 11424
	8384 11424
4
	11200 11392
	11936 11392
	11936 11424
	11200 11424
4
	12864 11392
	13408 11392
	13408 11424
	12864 11424
4
	14176 11392
	16384 11392
	16384 11424
	14176 11424
4
	0 11424
	4288 11424
	4288 11456
	0 11456
4
	8384 11424
	10240 11424
	10240 11456
	8384 11456
4
	11200 11424
	11936 11424
	11936 11456
	11200 11456
4
	12864 11424
	13408 11424
	13408 11456
	12864 11456
4
	14176 11424
	16384 11424
	16384 11456
	14176 11456
4
	0 11456
	4480 11456
	4480 11488
	0 11488
4
	8192 11456
	10080 11456
	10080 11488
	8192 11488
4
	11360 11456
	12288 11456
	12288 11488
	11360 11488
4
	12672 11456
	13248 11456
	13248 11488
	12672 11488
4
	14336 11456
	16384 11456
	16384 11488
	14336 11488
4
	0 11488
	4480 11488
	4480 11520
	0 11520
4
	8192 11488
	10080 11488
	10080 11520
	8192 11520
4
	11360 11488
	12288 11488
	12288 11520
	11360 11520
4
	12672 11488
	13248 11488
	13248 11520
	12672 11520
4
	14336 11488
	16384 11488
	16384 11520
	14336 11520
4
	0 11520
	4480 11520
	4480 11552
	0 11552
4
	8192 11520
	10080 11520
	10080 11552
	8192 11552
4
	11360 11520
	12288 11520
	12288 11552
	11360 11552
4
	12672 11520
	13248 11520
	13248 11552
	12672 11552
4
	14336 11520
	16384 11520
	16384 11552
	14336 11552
4
	0 11552
	4480 11552
	4480 11584
	0 11584
4
	8192 11552
	10080 11552
	10080 11584
	8192 11584
4
	11360 11552
	12288 11552
	12288 11584
	11360 11584
4
	12672 11552
	13248 11552
	13248 11584
	12672 11584
4
	14336 11552
	16384 11552
	16384 11584
	14336 11584
4
	0 11584
	4480 11584
	4480 11616
	0 11616
4
	8192 11584
	10080 11584
	10080 11616
	8192 11616
4
	11360 11584
	12288 11584
	12288 11616
	11360 11616
4
	12672 11584
	13248 11584
	13248 11616
	12672 11616
4
	14336 11584
	16384 11584
	16384 11616
	14336 11616
4
	0 11616
	4480 11616
	4480 11648
	0 11648
4
	8192 11616
	10080 11616
	10080 11648
	8192 11648
4
	11360 11616
	12288 11616
	12288 11648
	11360 11648
4
	12672 11616
	13248 11616
	13248 11648
	12672 11648
4
	14336 11616
	16384 11616
	16384 11648
	14336 11648
4
	0 11648
	4672 11648
	4672 11680
	0 11680
4
	8192 11648
	9312 11648
	9312 11680
	8192 11680
4
	9696 11648
	9888 11648
	9888 11680
	9696 11680
4
	10240 11648
	10432 11648
	10432 11680
	10240 11680
4
	11744 11648
	13056 11648
	13056 11680
	11744 11680
4
	14528 11648
	16384 11648
	16384 11680
	14528 11680
4
	0 11680
	4672 11680
	4672 11712
	0 11712
4
	8192 11680
	9312 11680
	9312 11712
	8192 11712
4
	9696 11680
	9888 11680
	9888 11712
	9696 11712
4
	10240 11680
	10432 11680
	10432 11712
	10240 11712
4
	11744 11680
	13056 11680
	13056 11712
	11744 11712
4
	14528 11680
	16384 11680
	16384 11712
	14528 11712
4
	0 11712
	4672 11712
	4672 11744
	0 11744
4
	8192 11712
	9312 11712
	9312 11744
	8192 11744
4
	9696 11712
	9888 11712
	9888 11744
	9696 11744
4
	10240 11712
	10432 11712
	10432 11744
	10240 11744
4
	11744 11712
	13056 11712
	13056 11744
	11744 11744
4
	14528 11712
	16384 11712
	16384 11744
	14528 11744
4
	0 11744
	4672 11744
	4672 11776
	0 11776
4
	8192 11744
	9312 11744
	9312 11776
	8192 11776
4
	9696 11744
	9888 11744
	9888 11776
	9696 11776
4
	10240 11744
	10432 11744
	10432 11776
	10240 11776
4
	11744 11744
	13056 11744
	13056 11776
	11744 11776
4
	14528 11744
	16384 11744
	16384 11776
	14528 11776
4
	0 11776
	4672 11776
	4672 11808
	0 11808
4
	8192 11776
	9312 11776
	9312 11808
	8192 11808
4
	9696 11776
	9888 11776
	9888 11808
	9696 11808
4
	10240 11776
	10432 11776
	10432 11808
	10240 11808
4
	11744 11776
	13056 11776
	13056 11808
	11744 11808
4
	14528 11776
	16384 11776
	16384 11808
	14528 11808
4
	0 11808
	4672 11808
	4672 11840
	0 11840
4
	8192 11808
	9312 11808
	9312 11840
	8192 11840
4
	9696 11808
	9888 11808
	9888 11840
	9696 11840
4
	10240 11808
	10432 11808
	10432 11840
	10240 11840
4
	11744 11808
	13056 11808
	13056 11840
	11744 11840
4
	14528 11808
	16384 11808
	16384 11840
	14528 11840
4
	0 11840
	4864 11840
	4864 11872
	0 11872
4
	8384 11840
	9152 11840
	9152 11872
	8384 11872
4
	10080 11840
	10624 11840
	10624 11872
	10080 11872
4
	11936 11840
	13056 11840
	13056 11872
	11936 11872
4
	14336 11840
	16384 11840
	16384 11872
	14336 11872
4
	0 11872
	4864 11872
	4864 11904
	0 11904
4
	8384 11872
	9152 11872
	9152 11904
	8384 11904
4
	10080 11872
	10624 11872
	10624 11904
	10080 11904
4
	11936 11872
	13056 11872
	13056 11904
	11936 11904
4
	14336 11872
	16384 11872
	16384 11904
	14336 11904
4
	0 11904
	4864 11904
	4864 11936
	0 11936
4
	8384 11904
	9152 11904
	9152 11936
	8384 11936
4
	10080 11904
	10624 11904
	10624 11936
	10080 11936
4
	11936 11904
	13056 11904
	13056 11936
	11936 11936
4
	14336 11904
	16384 11904
	16384 11936
	14336 11936
4
	0 11936
	4864 11936
	4864 11968
	0 11968
4
	8384 11936
	9152 11936
	9152 11968
	8384 11968
4
	10080 11936
	10624 11936
	10624 11968
	10080 11968
4
	11936 11936
	13056 11936
	13056 11968
	11936 11968
4
	14336 11936
	16384 11936
	16384 11968
	14336 11968
4
	0 11968
	4864 11968
	4864 12000
	0 12000
4
	8384 11968
	9152 11968
	9152 12000
	8384 12000
4
	10080 11968
	10624 11968
	10624 12000
	10080 12000
4
	11936 11968
	13056 11968
	13056 12000
	11936 12000
4
	14336 11968
	16384 11968
	16384 12000
	14336 12000
4
	0 12000
	4864 12000
	4864 12032
	0 12032
4
	8384 12000
	9152 12000
	9152 12032
	8384 12032
4
	10080 12000
	10624 12000
	10624 12032
	10080 12032
4
	11936 12000
	13056 12000
	13056 12032
	11936 12032
4
	14336 12000
	16384 12000
	16384 12032
	14336 12032
4
	0 12032
	5056 12032
	5056 12064
	0 12064
4
	7648 12032
	7840 12032
	7840 12064
	7648 12064
4
	8576 12032
	9152 12032
	9152 12064
	8576 12064
4
	10080 12032
	10816 12032
	10816 12064
	10080 12064
4
	12288 12032
	12864 12032
	12864 12064
	12288 12064
4
	14176 12032
	16384 12032
	16384 12064
	14176 12064
4
	0 12064
	5056 12064
	5056 12096
	0 12096
4
	7648 12064
	7840 12064
	7840 12096
	7648 12096
4
	8576 12064
	9152 12064
	9152 12096
	8576 12096
4
	10080 12064
	10816 12064
	10816 12096
	10080 12096
4
	12288 12064
	12864 12064
	12864 12096
	12288 12096
4
	14176 12064
	16384 12064
	16384 12096
	14176 12096
4
	0 12096
	5056 12096
	5056 12128
	0 12128
4
	7648 12096
	7840 12096
	7840 12128
	7648 12128
4
	8576 12096
	9152 12096
	9152 12128
	8576 12128
4
	10080 12096
	10816 12096
	10816 12128
	10080 12128
4
	12288 12096
	12864 12096
	12864 12128
	12288 12128
4
	14176 12096
	16384 12096
	16384 12128
	14176 12128
4
	0 12128
	5056 12128
	5056 12160
	0 12160
4
	7648 12128
	7840 12128
	7840 12160
	7648 12160
4
	8576 12128
	9152 12128
	9152 12160
	8576 12160
4
	10080 12128
	10816 12128
	10816 12160
	10080 12160
4
	12288 12128
	12864 12128
	12864 12160
	12288 12160
4
	14176 12128
	16384 12128
	16384 12160
	14176 12160
4
	0 12160
	5056 12160
	5056 12192
	0 12192
4
	7648 12160
	7840 12160
	7840 12192
	7648 12192
4
	8576 12160
	9152 12160
	9152 12192
	8576 12192
4
	10080 12160
	10816 12160
	10816 12192
	10080 12192
4
	12288 12160
	12864 12160
	12864 12192
	12288 12192
4
	14176 12160
	16384 12160
	16384 12192
	14176 12192
4
	0 12192
	5056 12192
	5056 12224
	0 12224
4
	7648 12192
	7840 12192
	7840 12224
	7648 12224
4
	8576 12192
	9152 12192
	9152 12224
	8576 12224
4
	10080 12192
	10816 12192
	10816 12224
	10080 12224
4
	12288 12192
	12864 12192
	12864 12224
	12288 12224
4
	14176 12192
	16384 12192
	16384 12224
	14176 12224
4
	0 12224
	5216 12224
	5216 12256
	0 12256
4
	7456 12224
	8192 12224
	8192 12256
	7456 12256
4
	8768 12224
	8960 12224
	8960 12256
	8768 12256
4
	10240 12224
	11008 12224
	11008 12256
	10240 12256
4
	13984 12224
	16384 12224
	16384 12256
	13984 12256
4
	0 12256
	5216 12256
	5216 12288
	0 12288
4
	7456 12256
	8192 12256
	8192 12288
	7456 12288
4
	8768 12256
	8960 12256
	8960 12288
	8768 12288
4
	10240 12256
	11008 12256
	11008 12288
	10240 12288
4
	13984 12256
	16384 12256
	16384 12288
	13984 12288
4
	0 12288
	5216 12288
	5216 12320
	0 12320
4
	7456 12288
	8192 12288
	8192 12320
	7456 12320
4
	8768 12288
	8960 12288
	8960 12320
	8768 12320
4
	10240 12288
	11008 12288
	11008 12320
	10240 12320
4
	13984 12288
	16384 12288
	16384 12320
	13984 12320
4
	0 12320
	5216 12320
	5216 12352
	0 12352
4
	7456 12320
	8192 12320
	8192 12352
	7456 12352
4
	8768 12320
	8960 12320
	8960 12352
	8768 12352
4
	10240 12320
	11008 12320
	11008 12352
	10240 12352
4
	13984 12320
	16384 12320
	16384 12352
	13984 12352
4
	0 12352
	5216 12352
	5216 12384
	0 12384
4
	7456 12352
	8192 12352
	8192 12384
	7456 12384
4
	8768 12352
	8960 12352
	8960 12384
	8768 12384
4
	10240 12352
	11008 12352
	11008 12384
	10240 12384
4
	13984 12352
	16384 12352
	16384 12384
	13984 12384
4
	0 12384
	5408 12384
	5408 12416
	0 12416
4
	7264 12384
	8192 12384
	8192 12416
	7264 12416
4
	10432 12384
	11200 12384
	11200 12416
	10432 12416
4
	13792 12384
	16384 12384
	16384 12416
	13792 12416
4
	0 12416
	5408 12416
	5408 12448
	0 12448
4
	7264 12416
	8192 12416
	8192 12448
	7264 12448
4
	10432 12416
	11200 12416
	11200 12448
	10432 12448
4
	13792 12416
	16384 12416
	16384 12448
	13792 12448
4
	0 12448
	5408 12448
	5408 12480
	0 12480
4
	7264 12448
	8192 12448
	8192 12480
	7264 12480
4
	10432 12448
	11200 12448
	11200 12480
	10432 12480
4
	13792 12448
	16384 12448
	16384 12480
	13792 12480
4
	0 12480
	5408 12480
	5408 12512
	0 12512
4
	7264 12480
	8192 12480
	8192 12512
	7264 12512
4
	10432 12480
	11200 12480
	11200 12512
	10432 12512
4
	13792 12480
	16384 12480
	16384 12512
	13792 12512
4
	0 12512
	5408 12512
	5408 12544
	0 12544
4
	7264 12512
	8192 12512
	8192 12544
	7264 12544
4
	10432 12512
	11200 12512
	11200 12544
	10432 12544
4
	13792 12512
	16384 12512
	16384 12544
	13792 12544
4
	0 12544
	5408 12544
	5408 12576
	0 12576
4
	7264 12544
	8192 12544
	8192 12576
	7264 12576
4
	10432 12544
	11200 12544
	11200 12576
	10432 12576
4
	13792 12544
	16384 12544
	16384 12576
	13792 12576
4
	0 12576
	5600 12576
	5600 12608
	0 12608
4
	7104 12576
	8032 12576
	8032 12608
	7104 12608
4
	10624 12576
	11360 12576
	11360 12608
	10624 12608
4
	13600 12576
	16384 12576
	16384 12608
	13600 12608
4
	0 12608
	5600 12608
	5600 12640
	0 12640
4
	7104 12608
	8032 12608
	8032 12640
	7104 12640
4
	10624 12608
	11360 12608
	11360 12640
	10624 12640
4
	13600 12608
	16384 12608
	16384 12640
	13600 12640
4
	0 12640
	5600 12640
	5600 12672
	0 12672
4
	7104 12640
	8032 12640
	8032 12672
	7104 12672
4
	10624 12640
	11360 12640
	11360 12672
	10624 12672
4
	13600 12640
	16384 12640
	16384 12672
	13600 12672
4
	0 12672
	5600 12672
	5600 12704
	0 12704
4
	7104 12672
	8032 12672
	8032 12704
	7104 12704
4
	10624 12672
	11360 12672
	11360 12704
	10624 12704
4
	13600 12672
	16384 12672
	16384 12704
	13600 12704
4
	0 12704
	5600 12704
	5600 12736
	0 12736
4
	7104 12704
	8032 12704
	8032 12736
	7104 12736
4
	10624 12704
	11360 12704
	11360 12736
	10624 12736
4
	13600 12704
	16384 12704
	16384 12736
	13600 12736
4
	0 12736
	5600 12736
	5600 12768
	0 12768
4
	7104 12736
	8032 12736
	8032 12768
	7104 12768
4
	10624 12736
	11360 12736
	11360 12768
	10624 12768
4
	13600 12736
	16384 12736
	16384 12768
	13600 12768
4
	0 12768
	5792 12768
	5792 12800
	0 12800
4
	6912 12768
	7840 12768
	7840 12800
	6912 12800
4
	10816 12768
	11552 12768
	11552 12800
	10816 12800
4
	13408 12768
	16384 12768
	16384 12800
	13408 12800
4
	0 12800
	5792 12800
	5792 12832
	0 12832
4
	6912 12800
	7840 12800
	7840 12832
	6912 12832
4
	10816 12800
	11552 12800
	11552 12832
	10816 12832
4
	13408 12800
	16384 12800
	16384 12832
	13408 12832
4
	0 12832
	5792 12832
	5792 12864
	0 12864
4
	6912 12832
	7840 12832
	7840 12864
	6912 12864
4
	10816 12832
	11552 12832
	11552 12864
	10816 12864
4
	13408 12832
	16384 12832
	16384 12864
	13408 12864
4
	0 12864
	5792 12864
	5792 12896
	0 12896
4
	6912 12864
	7840 12864
	7840 12896
	6912 12896
4
	10816 12864
	11552 12864
	11552 12896
	10816 12896
4
	13408 12864
	16384 12864
	16384 12896
	13408 12896
4
	0 12896
	5792 12896
	5792 12928
	0 12928
4
	6912 12896
	7840 12896
	7840 12928
	6912 12928
4
	10816 12896
	11552 12896
	11552 12928
	10816 12928
4
	13408 12896
	16384 12896
	16384 12928
	13408 12928
4
	0 12928
	5792 12928
	5792 12960
	0 12960
4
	6912 12928
	7840 12928
	7840 12960
	6912 12960
4
	10816 12928
	11552 12928
	11552 12960
	10816 12960
4
	13408 12928
	16384 12928
	16384 12960
	13408 12960
4
	0 12960
	5984 12960
	5984 12992
	0 12992
4
	6720 12960
	7648 12960
	7648 12992
	6720 12992
4
	10816 12960
	11744 12960
	11744 12992
	10816 12992
4
	13248 12960
	16384 12960
	16384 12992
	13248 12992
4
	0 12992
	5984 12992
	5984 13024
	0 13024
4
	6720 12992
	7648 12992
	7648 13024
	6720 13024
4
	10816 12992
	11744 12992
	11744 13024
	10816 13024
4
	13248 12992
	16384 12992
	16384 13024
	13248 13024
4
	0 13024
	5984 13024
	5984 13056
	0 13056
4
	6720 13024
	7648 13024
	7648 13056
	6720 13056
4
	10816 13024
	11744 13024
	11744 13056
	10816 13056
4
	13248 13024
	16384 13024
	16384 13056
	13248 13056
4
	0 13056
	5984 13056
	5984 13088
	0 13088
4
	6720 13056
	7648 13056
	7648 13088
	6720 13088
4
	10816 13056
	11744 13056
	11744 13088
	10816 13088
4
	13248 13056
	16384 13056
	16384 13088
	13248 13088
4
	0 13088
	5984 13088
	5984 13120
	0 13120
4
	6720 13088
	7648 13088
	7648 13120
	6720 13120
4
	10816 13088
	11744 13088
	11744 13120
	10816 13120
4
	13248 13088
	16384 13088
	16384 13120
	13248 13120
4
	0 13120
	5984 13120
	5984 13152
	0 13152
4
	6720 13120
	7648 13120
	7648 13152
	6720 13152
4
	10816 13120
	11744 13120
	11744 13152
	10816 13152
4
	13248 13120
	16384 13120
	16384 13152
	13248 13152
4
	0 13152
	6336 13152
	6336 13184
	0 13184
4
	6528 13152
	7648 13152
	7648 13184
	6528 13184
4
	9504 13152
	10240 13152
	10240 13184
	9504 13184
4
	10816 13152
	11936 13152
	11936 13184
	10816 13184
4
	13056 13152
	16384 13152
	16384 13184
	13056 13184
4
	0 13184
	6336 13184
	6336 13216
	0 13216
4
	6528 13184
	7648 13184
	7648 13216
	6528 13216
4
	9504 13184
	10240 13184
	10240 13216
	9504 13216
4
	10816 13184
	11936 13184
	11936 13216
	10816 13216
4
	13056 13184
	16384 13184
	16384 13216
	13056 13216
4
	0 13216
	6336 13216
	6336 13248
	0 13248
4
	6528 13216
	7648 13216
	7648 13248
	6528 13248
4
	9504 13216
	10240 13216
	10240 13248
	9504 13248
4
	10816 13216
	11936 13216
	11936 13248
	10816 13248
4
	13056 13216
	16384 13216
	16384 13248
	13056 13248
4
	0 13248
	6336 13248
	6336 13280
	0 13280
4
	6528 13248
	7648 13248
	7648 13280
	6528 13280
4
	9504 13248
	10240 13248
	10240 13280
	9504 13280
4
	10816 13248
	11936 13248
	11936 13280
	10816 13280
4
	13056 13248
	16384 13248
	16384 13280
	13056 13280
4
	0 13280
	6336 13280
	6336 13312
	0 13312
4
	6528 13280
	7648 13280
	7648 13312
	6528 13312
4
	9504 13280
	10240 13280
	10240 13312
	9504 13312
4
	10816 13280
	11936 13280
	11936 13312
	10816 13312
4
	13056 13280
	16384 13280
	16384 13312
	13056 13312
4
	0 13312
	6336 13312
	6336 13344
	0 13344
4
	6528 13312
	7648 13312
	7648 13344
	6528 13344
4
	9504 13312
	10240 13312
	10240 13344
	9504 13344
4
	10816 13312
	11936 13312
	11936 13344
	10816 13344
4
	13056 13312
	16384 13312
	16384 13344
	13056 13344
4
	0 13344
	7456 13344
	7456 13376
	0 13376
4
	9312 13344
	10240 13344
	10240 13376
	9312 13376
4
	10816 13344
	12128 13344
	12128 13376
	10816 13376
4
	12864 13344
	16384 13344
	16384 13376
	12864 13376
4
	0 13376
	7456 13376
	7456 13408
	0 13408
4
	9312 13376
	10240 13376
	10240 13408
	9312 13408
4
	10816 13376
	12128 13376
	12128 13408
	10816 13408
4
	12864 13376
	16384 13376
	16384 13408
	12864 13408
4
	0 13408
	7456 13408
	7456 13440
	0 13440
4
	9312 13408
	10240 13408
	10240 13440
	9312 13440
4
	10816 13408
	12128 13408
	12128 13440
	10816 13440
4
	12864 13408
	16384 13408
	16384 13440
	12864 13440
4
	0 13440
	7456 13440
	7456 13472
	0 13472
4
	9312 13440
	10240 13440
	10240 13472
	9312 13472
4
	10816 13440
	12128 13440
	12128 13472
	10816 13472
4
	12864 13440
	16384 13440
	16384 13472
	12864 13472
4
	0 13472
	7456 13472
	7456 13504
	0 13504
4
	9312 13472
	10240 13472
	10240 13504
	9312 13504
4
	10816 13472
	12128 13472
	12128 13504
	10816 13504
4
	12864 13472
	16384 13472
	16384 13504
	12864 13504
4
	0 13504
	7456 13504
	7456 13536
	0 13536
4
	9312 13504
	10240 13504
	10240 13536
	9312 13536
4
	10816 13504
	12128 13504
	12128 13536
	10816 13536
4
	12864 13504
	16384 13504
	16384 13536
	12864 13536
4
	0 13536
	7264 13536
	7264 13568
	0 13568
4
	9312 13536
	10240 13536
	10240 13568
	9312 13568
4
	11008 13536
	12288 13536
	12288 13568
	11008 13568
4
	12672 13536
	16384 13536
	16384 13568
	12672 13568
4
	0 13568
	7264 13568
	7264 13600
	0 13600
4
	9312 13568
	10240 13568
	10240 13600
	9312 13600
4
	11008 13568
	12288 13568
	12288 13600
	11008 13600
4
	12672 13568
	16384 13568
	16384 13600
	12672 13600
4
	0 13600
	7264 13600
	7264 13632
	0 13632
4
	9312 13600
	10240 13600
	10240 13632
	9312 13632
4
	11008 13600
	12288 13600
	12288 13632
	11008 13632
4
	12672 13600
	16384 13600
	16384 13632
	12672 13632
4
	0 13632
	7264 13632
	7264 13664
	0 13664
4
	9312 13632
	10240 13632
	10240 13664
	9312 13664
4
	11008 13632
	12288 13632
	12288 13664
	11008 13664
4
	12672 13632
	16384 13632
	16384 13664
	12672 13664
4
	0 13664
	7264 13664
	7264 13696
	0 13696
4
	9312 13664
	10240 13664
	10240 13696
	9312 13696
4
	11008 13664
	12288 13664
	12288 13696
	11008 13696
4
	12672 13664
	16384 13664
	16384 13696
	12672 13696
4
	0 13696
	7264 13696
	7264 13728
	0 13728
4
	9312 13696
	10240 13696
	10240 13728
	9312 13728
4
	11008 13696
	12288 13696
	12288 13728
	11008 13728
4
	12672 13696
	16384 13696
	16384 13728
	12672 13728
4
	0 13728
	7104 13728
	7104 13760
	0 13760
4
	9152 13728
	10080 13728
	10080 13760
	9152 13760
4
	11008 13728
	16384 13728
	16384 13760
	11008 13760
4
	0 13760
	7104 13760
	7104 13792
	0 13792
4
	9152 13760
	10080 13760
	10080 13792
	9152 13792
4
	11008 13760
	16384 13760
	16384 13792
	11008 13792
4
	0 13792
	7104 13792
	7104 13824
	0 13824
4
	9152 13792
	10080 13792
	10080 13824
	9152 13824
4
	11008 13792
	16384 13792
	16384 13824
	11008 13824
4
	0 13824
	7104 13824
	7104 13856
	0 13856
4
	9152 13824
	10080 13824
	10080 13856
	9152 13856
4
	11008 13824
	16384 13824
	16384 13856
	11008 13856
4
	0 13856
	7104 13856
	7104 13888
	0 13888
4
	9152 13856
	10080 13856
	10080 13888
	9152 13888
4
	11008 13856
	16384 13856
	16384 13888
	11008 13888
4
	0 13888
	7104 13888
	7104 13920
	0 13920
4
	9152 13888
	10080 13888
	10080 13920
	9152 13920
4
	11008 13888
	16384 13888
	16384 13920
	11008 13920
4
	0 13920
	7104 13920
	7104 13952
	0 13952
4
	9152 13920
	10080 13920
	10080 13952
	9152 13952
4
	10816 13920
	16384 13920
	16384 13952
	10816 13952
4
	0 13952
	7104 13952
	7104 13984
	0 13984
4
	9152 13952
	10080 13952
	10080 13984
	9152 13984
4
	10816 13952
	16384 13952
	16384 13984
	10816 13984
4
	0 13984
	7104 13984
	7104 14016
	0 14016
4
	9152 13984
	10080 13984
	10080 14016
	9152 14016
4
	10816 13984
	16384 13984
	16384 14016
	10816 14016
4
	0 14016
	7104 14016
	7104 14048
	0 14048
4
	9152 14016
	10080 14016
	10080 14048
	9152 14048
4
	10816 14016
	16384 14016
	16384 14048
	10816 14048
4
	0 14048
	7104 14048
	7104 14080
	0 14080
4
	9152 14048
	10080 14048
	10080 14080
	9152 14080
4
	10816 14048
	16384 14048
	16384 14080
	10816 14080
4
	0 14080
	7104 14080
	7104 14112
	0 14112
4
	9152 14080
	10080 14080
	10080 14112
	9152 14112
4
	10816 14080
	16384 14080
	16384 14112
	10816 14112
4
	0 14112
	7264 14112
	7264 14144
	0 14144
4
	8960 14112
	9888 14112
	9888 14144
	8960 14144
4
	10624 14112
	16384 14112
	16384 14144
	10624 14144
4
	0 14144
	7264 14144
	7264 14176
	0 14176
4
	8960 14144
	9888 14144
	9888 14176
	8960 14176
4
	10624 14144
	16384 14144
	16384 14176
	10624 14176
4
	0 14176
	7264 14176
	7264 14208
	0 14208
4
	8960 14176
	9888 14176
	9888 14208
	8960 14208
4
	10624 14176
	16384 14176
	16384 14208
	10624 14208
4
	0 14208
	7264 14208
	7264 14240
	0 14240
4
	8960 14208
	9888 14208
	9888 14240
	8960 14240
4
	10624 14208
	16384 14208
	16384 14240
	10624 14240
4
	0 14240
	7264 14240
	7264 14272
	0 14272
4
	8960 14240
	9888 14240
	9888 14272
	8960 14272
4
	10624 14240
	16384 14240
	16384 14272
	10624 14272
4
	0 14272
	7264 14272
	7264 14304
	0 14304
4
	8960 14272
	9888 14272
	9888 14304
	8960 14304
4
	10624 14272
	16384 14272
	16384 14304
	10624 14304
4
	0 14304
	7456 14304
	7456 14336
	0 14336
4
	8960 14304
	9696 14304
	9696 14336
	8960 14336
4
	10432 14304
	16384 14304
	16384 14336
	10432 14336
4
	0 14336
	7456 14336
	7456 14368
	0 14368
4
	8960 14336
	9696 14336
	9696 14368
	8960 14368
4
	10432 14336
	16384 14336
	16384 14368
	10432 14368
4
	0 14368
	7456 14368
	7456 14400
	0 14400
4
	8960 14368
	9696 14368
	9696 14400
	8960 14400
4
	10432 14368
	16384 14368
	16384 14400
	10432 14400
4
	0 14400
	7456 14400
	7456 14432
	0 14432
4
	8960 14400
	9696 14400
	9696 14432
	8960 14432
4
	10432 14400
	16384 14400
	16384 14432
	10432 14432
4
	0 14432
	7456 14432
	7456 14464
	0 14464
4
	8960 14432
	9696 14432
	9696 14464
	8960 14464
4
	10432 14432
	16384 14432
	16384 14464
	10432 14464
4
	0 14464
	7456 14464
	7456 14496
	0 14496
4
	8960 14464
	9696 14464
	9696 14496
	8960 14496
4
	10432 14464
	16384 14464
	16384 14496
	10432 14496
4
	0 14496
	7648 14496
	7648 14528
	0 14528
4
	8960 14496
	9504 14496
	9504 14528
	8960 14528
4
	10240 14496
	16384 14496
	16384 14528
	10240 14528
4
	0 14528
	7648 14528
	7648 14560
	0 14560
4
	8960 14528
	9504 14528
	9504 14560
	8960 14560
4
	10240 14528
	16384 14528
	16384 14560
	10240 14560
4
	0 14560
	7648 14560
	7648 14592
	0 14592
4
	8960 14560
	9504 14560
	9504 14592
	8960 14592
4
	10240 14560
	16384 14560
	16384 14592
	10240 14592
4
	0 14592
	7648 14592
	7648 14624
	0 14624
4
	8960 14592
	9504 14592
	9504 14624
	8960 14624
4
	10240 14592
	16384 14592
	16384 14624
	10240 14624
4
	0 14624
	7648 14624
	7648 14656
	0 14656
4
	8960 14624
	9504 14624
	9504 14656
	8960 14656
4
	10240 14624
	16384 14624
	16384 14656
	10240 14656
4
	0 14656
	7648 14656
	7648 14688
	0 14688
4
	8960 14656
	9504 14656
	9504 14688
	8960 14688
4
	10240 14656
	16384 14656
	16384 14688
	10240 14688
4
	0 14688
	7840 14688
	7840 14720
	0 14720
4
	10240 14688
	16384 14688
	16384 14720
	10240 14720
4
	0 14720
	7840 14720
	7840 14752
	0 14752
4
	10240 14720
	16384 14720
	16384 14752
	10240 14752
4
	0 14752
	7840 14752
	7840 14784
	0 14784
4
	10240 14752
	16384 14752
	16384 14784
	10240 14784
4
	0 14784
	7840 14784
	7840 14816
	0 14816
4
	10240 14784
	16384 14784
	16384 14816
	10240 14816
4
	0 14816
	7840 14816
	7840 14848
	0 14848
4
	10240 14816
	16384 14816
	16384 14848
	10240 14848
4
	0 14848
	7840 14848
	7840 14880
	0 14880
4
	10240 14848
	16384 14848
	16384 14880
	10240 14880
4
	0 14880
	8032 14880
	8032 14912
	0 14912
4
	10240 14880
	16384 14880
	16384 14912
	10240 14912
4
	0 14912
	8032 14912
	8032 14944
	0 14944
4
	10240 14912
	16384 14912
	16384 14944
	10240 14944
4
	0 14944
	8032 14944
	8032 14976
	0 14976
4
	10240 14944
	16384 14944
	16384 14976
	10240 14976
4
	0 14976
	8032 14976
	8032 15008
	0 15008
4
	10240 14976
	16384 14976
	16384 15008
	10240 15008
4
	0 15008
	8032 15008
	8032 15040
	0 15040
4
	10240 15008
	16384 15008
	16384 15040
	10240 15040
4
	0 15040
	8032 15040
	8032 15072
	0 15072
4
	10240 15040
	16384 15040
	16384 15072
	10240 15072
4
	0 15072
	8192 15072
	8192 15104
	0 15104
4
	10432 15072
	16384 15072
	16384 15104
	10432 15104
4
	0 15104
	8192 15104
	8192 15136
	0 15136
4
	10432 15104
	16384 15104
	16384 15136
	10432 15136
4
	0 15136
	8192 15136
	8192 15168
	0 15168
4
	10432 15136
	16384 15136
	16384 15168
	10432 15168
4
	0 15168
	8192 15168
	8192 15200
	0 15200
4
	10432 15168
	16384 15168
	16384 15200
	10432 15200
4
	0 15200
	8192 15200
	8192 15232
	0 15232
4
	10432 15200
	16384 15200
	16384 15232
	10432 15232
4
	0 15232
	8192 15232
	8192 15264
	0 15264
4
	10432 15232
	16384 15232
	16384 15264
	10432 15264
4
	0 15264
	8384 15264
	8384 15296
	0 15296
4
	10624 15264
	16384 15264
	16384 15296
	10624 15296
4
	0 15296
	8384 15296
	8384 15328
	0 15328
4
	10624 15296
	16384 15296
	16384 15328
	10624 15328
4
	0 15328
	8384 15328
	8384 15360
	0 15360
4
	10624 15328
	16384 15328
	16384 15360
	10624 15360
4
	0 15360
	8384 15360
	8384 15392
	0 15392
4
	10624 15360
	16384 15360
	16384 15392
	10624 15392
4
	0 15392
	8384 15392
	8384 15424
	0 15424
4
	10624 15392
	16384 15392
	16384 15424
	10624 15424
4
	0 15424
	8384 15424
	8384 15456
	0 15456
4
	10624 15424
	16384 15424
	16384 15456
	10624 15456
4
	0 15456
	8576 15456
	8576 15488
	0 15488
4
	10432 15456
	16384 15456
	16384 15488
	10432 15488
4
	0 15488
	8576 15488
	8576 15520
	0 15520
4
	10432 15488
	16384 15488
	16384 15520
	10432 15520
4
	0 15520
	8576 15520
	8576 15552
	0 15552
4
	10432 15520
	16384 15520
	16384 15552
	10432 15552
4
	0 15552
	8576 15552
	8576 15584
	0 15584
4
	10432 15552
	16384 15552
	16384 15584
	10432 15584
4
	0 15584
	8576 15584
	8576 15616
	0 15616
4
	10432 15584
	16384 15584
	16384 15616
	10432 15616
4
	0 15616
	8576 15616
	8576 15648
	0 15648
4
	10432 15616
	16384 15616
	16384 15648
	10432 15648
4
	0 15648
	8768 15648
	8768 15680
	0 15680
4
	10240 15648
	16384 15648
	16384 15680
	10240 15680
4
	0 15680
	8768 15680
	8768 15712
	0 15712
4
	10240 15680
	16384 15680
	16384 15712
	10240 15712
4
	0 15712
	8768 15712
	8768 15744
	0 15744
4
	10240 15712
	16384 15712
	16384 15744
	10240 15744
4
	0 15744
	8768 15744
	8768 15776
	0 15776
4
	10240 15744
	16384 15744
	16384 15776
	10240 15776
4
	0 15776
	8768 15776
	8768 15808
	0 15808
4
	10240 15776
	16384 15776
	16384 15808
	10240 15808
4
	0 15808
	8768 15808
	8768 15840
	0 15840
4
	10240 15808
	16384 15808
	16384 15840
	10240 15840
4
	0 15840
	9152 15840
	9152 15872
	0 15872
4
	9888 15840
	16384 15840
	16384 15872
	9888 15872
4
	0 15872
	9152 15872
	9152 15904
	0 15904
4
	9888 15872
	16384 15872
	16384 15904
	9888 15904
4
	0 15904
	9152 15904
	9152 15936
	0 15936
4
	9888 15904
	16384 15904
	16384 15936
	9888 15936
4
	0 15936
	9152 15936
	9152 15968
	0 15968
4
	9888 15936
	16384 15936
	16384 15968
	9888 15968
4
	0 15968
	9152 15968
	9152 16000
	0 16000
4
	9888 15968
	16384 15968
	16384 16000
	9888 16000
4
	0 16000
	9152 16000
	9152 16032
	0 16032
4
	9888 16000
	16384 16000
	16384 16032
	9888 16032
4
	0 16032
	9312 16032
	9312 16064
	0 16064
4
	9696 16032
	16384 16032
	16384 16064
	9696 16064
4
	0 16064
	9312 16064
	9312 16096
	0 16096
4
	9696 16064
	16384 16064
	16384 16096
	9696 16096
4
	0 16096
	9312 16096
	9312 16128
	0 16128
4
	9696 16096
	16384 16096
	16384 16128
	9696 16128
4
	0 16128
	9312 16128
	9312 16160
	0 16160
4
	9696 16128
	16384 16128
	16384 16160
	9696 16160
4
	0 16160
	9312 16160
	9312 16192
	0 16192
4
	9696 16160
	16384 16160
	16384 16192
	9696 16192
4
	0 16192
	9312 16192
	9312 16224
	0 16224
4
	9696 16192
	16384 16192
	16384 16224
	9696 16224
4
	0 16224
	16384 16224
	16384 16256
	0 16256
4
	0 16256
	16384 16256
	16384 16288
	0 16288
4
	0 16288
	16384 16288
	16384 16320
	0 16320
4
	0 16320
	16384 16320
	16384 16352
	0 16352
4
	0 16352
	16384 16352
	16384 16384
	0 16384
4
	-32 -32
	16416 -32
	16416 0
	-32 0
4
	-32 16384
	16416 16384
	16416 16416
	-32 16416
4
	-32 0
	0 0
	0 16384
	-32 16384
4
	16384 0
	16416 0
	16416 16384
	16384 16384
