1571
4
	0 0
	16384 0
	16384 32
	0 32
4
	0 32
	16384 32
	16384 64
	0 64
4
	0 64
	16384 64
	16384 96
	0 96
4
	0 96
	16384 96
	16384 128
	0 128
4
	0 128
	128 128
	128 160
	0 160
4
	832 128
	16384 128
	16384 160
	832 160
4
	0 160
	128 160
	128 192
	0 192
4
	832 160
	16384 160
	16384 192
	832 192
4
	0 192
	128 192
	128 224
	0 224
4
	832 192
	16384 192
	16384 224
	832 224
4
	0 224
	128 224
	128 256
	0 256
4
	832 224
	16384 224
	16384 256
	832 256
4
	0 256
	128 256
	128 288
	0 288
4
	832 256
	16384 256
	16384 288
	832 288
4
	0 288
	128 288
	128 320
	0 320
4
	832 288
	16384 288
	16384 320
	832 320
4
	0 320
	128 320
	128 352
	0 352
4
	832 320
	16384 320
	16384 352
	832 352
4
	0 352
	128 352
	128 384
	0 384
4
	832 352
	16384 352
	16384 384
	832 384
4
	0 384
	128 384
	128 416
	0 416
4
	832 384
	16384 384
	16384 416
	832 416
4
	0 416
	128 416
	128 448
	0 448
4
	832 416
	16384 416
	16384 448
	832 448
4
	0 448
	128 448
	128 480
	0 480
4
	832 448
	16384 448
	16384 480
	832 480
4
	0 480
	128 480
	128 512
	0 512
4
	832 480
	16384 480
	16384 512
	832 512
4
	0 512
	128 512
	128 544
	0 544
4
	832 512
	16384 512
	16384 544
	832 544
4
	0 544
	128 544
	128 576
	0 576
4
	832 544
	16384 544
	16384 576
	832 576
4
	0 576
	128 576
	128 608
	0 608
4
	832 576
	16384 576
	16384 608
	832 608
4
	0 608
	128 608
	128 640
	0 640
4
	832 608
	16384 608
	16384 640
	832 640
4
	0 640
	128 640
	128 672
	0 672
4
	832 640
	16384 640
	16384 672
	832 672
4
	0 672
	128 672
	128 704
	0 704
4
	832 672
	16384 672
	16384 704
	832 704
4
	0 704
	128 704
	128 736
	0 736
4
	832 704
	16384 704
	16384 736
	832 736
4
	0 736
	128 736
	128 768
	0 768
4
	832 736
	16384 736
	16384 768
	832 768
4
	0 768
	128 768
	128 800
	0 800
4
	832 768
	16384 768
	16384 800
	832 800
4
	0 800
	128 800
	128 832
	0 832
4
	832 800
	16384 800
	16384 832
	832 832
4
	0 832
	16384 832
	16384 864
	0 864
4
	0 864
	16384 864
	16384 896
	0 896
4
	0 896
	16384 896
	16384 928
	0 928
4
	0 928
	16384 928
	16384 960
	0 960
4
	0 960
	16384 960
	16384 992
	0 992
4
	0 992
	16384 992
	16384 1024
	0 1024
4
	0 1024
	16384 1024
	16384 1056
	0 1056
4
	0 1056
	16384 1056
	16384 1088
	0 1088
4
	0 1088
	16384 1088
	16384 1120
	0 1120
4
	0 1120
	16384 1120
	16384 1152
	0 1152
4
	0 1152
	16384 1152
	16384 1184
	0 1184
4
	0 1184
	16384 1184
	16384 1216
	0 1216
4
	0 1216
	16384 1216
	16384 1248
	0 1248
4
	0 1248
	16384 1248
	16384 1280
	0 1280
4
	0 1280
	16384 1280
	16384 1312
	0 1312
4
	0 1312
	16384 1312
	16384 1344
	0 1344
4
	0 1344
	16384 1344
	16384 1376
	0 1376
4
	0 1376
	16384 1376
	16384 1408
	0 1408
4
	0 1408
	16384 1408
	16384 1440
	0 1440
4
	0 1440
	16384 1440
	16384 1472
	0 1472
4
	0 1472
	16384 1472
	16384 1504
	0 1504
4
	0 1504
	16384 1504
	16384 1536
	0 1536
4
	0 1536
	16384 1536
	16384 1568
	0 1568
4
	0 1568
	16384 1568
	16384 1600
	0 1600
4
	0 1600
	16384 1600
	16384 1632
	0 1632
4
	0 1632
	16384 1632
	16384 1664
	0 1664
4
	0 1664
	16384 1664
	16384 1696
	0 1696
4
	0 1696
	16384 1696
	16384 1728
	0 1728
4
	0 1728
	16384 1728
	16384 1760
	0 1760
4
	0 1760
	16384 1760
	16384 1792
	0 1792
4
	0 1792
	16384 1792
	16384 1824
	0 1824
4
	0 1824
	16384 1824
	16384 1856
	0 1856
4
	0 1856
	5536 1856
	5536 1888
	0 1888
4
	6368 1856
	16384 1856
	16384 1888
	6368 1888
4
	0 1888
	5536 1888
	5536 1920
	0 1920
4
	6368 1888
	16384 1888
	16384 1920
	6368 1920
4
	0 1920
	5536 1920
	5536 1952
	0 1952
4
	6368 1920
	16384 1920
	16384 1952
	6368 1952
4
	0 1952
	5248 1952
	5248 1984
	0 1984
4
	6656 1952
	16384 1952
	16384 1984
	6656 1984
4
	0 1984
	5248 1984
	5248 2016
	0 2016
4
	6656 1984
	16384 1984
	16384 2016
	6656 2016
4
	0 2016
	5248 2016
	5248 2048
	0 2048
4
	6656 2016
	16384 2016
	16384 2048
	6656 2048
4
	0 2048
	5024 2048
	5024 2080
	0 2080
4
	6880 2048
	16384 2048
	16384 2080
	6880 2080
4
	0 2080
	5024 2080
	5024 2112
	0 2112
4
	6880 2080
	16384 2080
	16384 2112
	6880 2112
4
	0 2112
	5024 2112
	5024 2144
	0 2144
4
	6880 2112
	16384 2112
	16384 2144
	6880 2144
4
	0 2144
	5024 2144
	5024 2176
	0 2176
4
	6880 2144
	16384 2144
	16384 2176
	6880 2176
4
	0 2176
	4832 2176
	4832 2208
	0 2208
4
	7072 2176
	16384 2176
	16384 2208
	7072 2208
4
	0 2208
	4832 2208
	4832 2240
	0 2240
4
	7072 2208
	16384 2208
	16384 2240
	7072 2240
4
	0 2240
	4832 2240
	4832 2272
	0 2272
4
	7072 2240
	16384 2240
	16384 2272
	7072 2272
4
	0 2272
	4608 2272
	4608 2304
	0 2304
4
	7168 2272
	16384 2272
	16384 2304
	7168 2304
4
	0 2304
	4608 2304
	4608 2336
	0 2336
4
	7168 2304
	16384 2304
	16384 2336
	7168 2336
4
	0 2336
	4608 2336
	4608 2368
	0 2368
4
	7168 2336
	16384 2336
	16384 2368
	7168 2368
4
	0 2368
	4512 2368
	4512 2400
	0 2400
4
	7296 2368
	16384 2368
	16384 2400
	7296 2400
4
	0 2400
	4512 2400
	4512 2432
	0 2432
4
	7296 2400
	16384 2400
	16384 2432
	7296 2432
4
	0 2432
	4512 2432
	4512 2464
	0 2464
4
	7296 2432
	16384 2432
	16384 2464
	7296 2464
4
	0 2464
	4512 2464
	4512 2496
	0 2496
4
	7392 2464
	16384 2464
	16384 2496
	7392 2496
4
	0 2496
	4512 2496
	4512 2528
	0 2528
4
	7392 2496
	16384 2496
	16384 2528
	7392 2528
4
	0 2528
	4512 2528
	4512 2560
	0 2560
4
	7392 2528
	16384 2528
	16384 2560
	7392 2560
4
	0 2560
	4416 2560
	4416 2592
	0 2592
4
	7488 2560
	16384 2560
	16384 2592
	7488 2592
4
	0 2592
	4416 2592
	4416 2624
	0 2624
4
	7488 2592
	16384 2592
	16384 2624
	7488 2624
4
	0 2624
	4416 2624
	4416 2656
	0 2656
4
	7488 2624
	16384 2624
	16384 2656
	7488 2656
4
	0 2656
	4416 2656
	4416 2688
	0 2688
4
	7488 2656
	16384 2656
	16384 2688
	7488 2688
4
	0 2688
	4320 2688
	4320 2720
	0 2720
4
	7584 2688
	16384 2688
	16384 2720
	7584 2720
4
	0 2720
	4320 2720
	4320 2752
	0 2752
4
	7584 2720
	16384 2720
	16384 2752
	7584 2752
4
	0 2752
	4320 2752
	4320 2784
	0 2784
4
	7584 2752
	16384 2752
	16384 2784
	7584 2784
4
	0 2784
	4320 2784
	4320 2816
	0 2816
4
	7680 2784
	16384 2784
	16384 2816
	7680 2816
4
	0 2816
	4320 2816
	4320 2848
	0 2848
4
	7680 2816
	16384 2816
	16384 2848
	7680 2848
4
	0 2848
	4320 2848
	4320 2880
	0 2880
4
	7680 2848
	16384 2848
	16384 2880
	7680 2880
4
	0 2880
	4224 2880
	4224 2912
	0 2912
4
	7680 2880
	16384 2880
	16384 2912
	7680 2912
4
	0 2912
	4224 2912
	4224 2944
	0 2944
4
	7680 2912
	16384 2912
	16384 2944
	7680 2944
4
	0 2944
	4224 2944
	4224 2976
	0 2976
4
	7680 2944
	16384 2944
	16384 2976
	7680 2976
4
	0 2976
	4096 2976
	4096 3008
	0 3008
4
	7808 2976
	16384 2976
	16384 3008
	7808 3008
4
	0 3008
	4096 3008
	4096 3040
	0 3040
4
	7808 3008
	16384 3008
	16384 3040
	7808 3040
4
	0 3040
	4096 3040
	4096 3072
	0 3072
4
	7808 3040
	16384 3040
	16384 3072
	7808 3072
4
	0 3072
	4096 3072
	4096 3104
	0 3104
4
	7808 3072
	13120 3072
	13120 3104
	7808 3104
4
	13216 3072
	13536 3072
	13536 3104
	13216 3104
4
	13632 3072
	16384 3072
	16384 3104
	13632 3104
4
	0 3104
	4096 3104
	4096 3136
	0 3136
4
	7808 3104
	13120 3104
	13120 3136
	7808 3136
4
	13216 3104
	13536 3104
	13536 3136
	13216 3136
4
	13632 3104
	16384 3104
	16384 3136
	13632 3136
4
	0 3136
	4096 3136
	4096 3168
	0 3168
4
	7808 3136
	13120 3136
	13120 3168
	7808 3168
4
	13216 3136
	13536 3136
	13536 3168
	13216 3168
4
	13632 3136
	16384 3136
	16384 3168
	13632 3168
4
	0 3168
	4096 3168
	4096 3200
	0 3200
4
	7808 3168
	13120 3168
	13120 3200
	7808 3200
4
	13216 3168
	13536 3168
	13536 3200
	13216 3200
4
	13632 3168
	16384 3168
	16384 3200
	13632 3200
4
	0 3200
	4096 3200
	4096 3232
	0 3232
4
	7808 3200
	12608 3200
	12608 3232
	7808 3232
4
	13728 3200
	16384 3200
	16384 3232
	13728 3232
4
	0 3232
	4096 3232
	4096 3264
	0 3264
4
	7808 3232
	12608 3232
	12608 3264
	7808 3264
4
	13728 3232
	16384 3232
	16384 3264
	13728 3264
4
	0 3264
	4096 3264
	4096 3296
	0 3296
4
	7808 3264
	12608 3264
	12608 3296
	7808 3296
4
	13728 3264
	16384 3264
	16384 3296
	13728 3296
4
	0 3296
	4000 3296
	4000 3328
	0 3328
4
	7904 3296
	12512 3296
	12512 3328
	7904 3328
4
	14144 3296
	16384 3296
	16384 3328
	14144 3328
4
	0 3328
	4000 3328
	4000 3360
	0 3360
4
	7904 3328
	12512 3328
	12512 3360
	7904 3360
4
	14144 3328
	16384 3328
	16384 3360
	14144 3360
4
	0 3360
	4000 3360
	4000 3392
	0 3392
4
	7904 3360
	12512 3360
	12512 3392
	7904 3392
4
	14144 3360
	16384 3360
	16384 3392
	14144 3392
4
	0 3392
	4000 3392
	4000 3424
	0 3424
4
	5856 3392
	6048 3392
	6048 3424
	5856 3424
4
	7904 3392
	12192 3392
	12192 3424
	7904 3424
4
	14240 3392
	16384 3392
	16384 3424
	14240 3424
4
	0 3424
	4000 3424
	4000 3456
	0 3456
4
	5856 3424
	6048 3424
	6048 3456
	5856 3456
4
	7904 3424
	12192 3424
	12192 3456
	7904 3456
4
	14240 3424
	16384 3424
	16384 3456
	14240 3456
4
	0 3456
	4000 3456
	4000 3488
	0 3488
4
	5856 3456
	6048 3456
	6048 3488
	5856 3488
4
	7904 3456
	12192 3456
	12192 3488
	7904 3488
4
	14240 3456
	16384 3456
	16384 3488
	14240 3488
4
	0 3488
	4000 3488
	4000 3520
	0 3520
4
	5760 3488
	6144 3488
	6144 3520
	5760 3520
4
	7904 3488
	12192 3488
	12192 3520
	7904 3520
4
	14336 3488
	16384 3488
	16384 3520
	14336 3520
4
	0 3520
	4000 3520
	4000 3552
	0 3552
4
	5760 3520
	6144 3520
	6144 3552
	5760 3552
4
	7904 3520
	12192 3520
	12192 3552
	7904 3552
4
	14336 3520
	16384 3520
	16384 3552
	14336 3552
4
	0 3552
	4000 3552
	4000 3584
	0 3584
4
	5760 3552
	6144 3552
	6144 3584
	5760 3584
4
	7904 3552
	12192 3552
	12192 3584
	7904 3584
4
	14336 3552
	16384 3552
	16384 3584
	14336 3584
4
	0 3584
	4000 3584
	4000 3616
	0 3616
4
	5632 3584
	6272 3584
	6272 3616
	5632 3616
4
	7904 3584
	12192 3584
	12192 3616
	7904 3616
4
	14656 3584
	16384 3584
	16384 3616
	14656 3616
4
	0 3616
	4000 3616
	4000 3648
	0 3648
4
	5632 3616
	6272 3616
	6272 3648
	5632 3648
4
	7904 3616
	12192 3616
	12192 3648
	7904 3648
4
	14656 3616
	16384 3616
	16384 3648
	14656 3648
4
	0 3648
	4000 3648
	4000 3680
	0 3680
4
	5632 3648
	6272 3648
	6272 3680
	5632 3680
4
	7904 3648
	12192 3648
	12192 3680
	7904 3680
4
	14656 3648
	16384 3648
	16384 3680
	14656 3680
4
	0 3680
	4000 3680
	4000 3712
	0 3712
4
	5632 3680
	6272 3680
	6272 3712
	5632 3712
4
	7904 3680
	12192 3680
	12192 3712
	7904 3712
4
	14656 3680
	16384 3680
	16384 3712
	14656 3712
4
	0 3712
	4000 3712
	4000 3744
	0 3744
4
	5632 3712
	6272 3712
	6272 3744
	5632 3744
4
	7904 3712
	11904 3712
	11904 3744
	7904 3744
4
	14656 3712
	16384 3712
	16384 3744
	14656 3744
4
	0 3744
	4000 3744
	4000 3776
	0 3776
4
	5632 3744
	6272 3744
	6272 3776
	5632 3776
4
	7904 3744
	11904 3744
	11904 3776
	7904 3776
4
	14656 3744
	16384 3744
	16384 3776
	14656 3776
4
	0 3776
	4000 3776
	4000 3808
	0 3808
4
	5632 3776
	6272 3776
	6272 3808
	5632 3808
4
	7904 3776
	11904 3776
	11904 3808
	7904 3808
4
	14656 3776
	16384 3776
	16384 3808
	14656 3808
4
	0 3808
	4000 3808
	4000 3840
	0 3840
4
	5632 3808
	6272 3808
	6272 3840
	5632 3840
4
	7904 3808
	11904 3808
	11904 3840
	7904 3840
4
	14560 3808
	16384 3808
	16384 3840
	14560 3840
4
	0 3840
	4000 3840
	4000 3872
	0 3872
4
	5632 3840
	6272 3840
	6272 3872
	5632 3872
4
	7904 3840
	11904 3840
	11904 3872
	7904 3872
4
	14560 3840
	16384 3840
	16384 3872
	14560 3872
4
	0 3872
	4000 3872
	4000 3904
	0 3904
4
	5632 3872
	6272 3872
	6272 3904
	5632 3904
4
	7904 3872
	11904 3872
	11904 3904
	7904 3904
4
	14560 3872
	16384 3872
	16384 3904
	14560 3904
4
	0 3904
	4000 3904
	4000 3936
	0 3936
4
	5760 3904
	6144 3904
	6144 3936
	5760 3936
4
	7904 3904
	11904 3904
	11904 3936
	7904 3936
4
	14560 3904
	16384 3904
	16384 3936
	14560 3936
4
	0 3936
	4000 3936
	4000 3968
	0 3968
4
	5760 3936
	6144 3936
	6144 3968
	5760 3968
4
	7904 3936
	11904 3936
	11904 3968
	7904 3968
4
	14560 3936
	16384 3936
	16384 3968
	14560 3968
4
	0 3968
	4000 3968
	4000 4000
	0 4000
4
	5760 3968
	6144 3968
	6144 4000
	5760 4000
4
	7904 3968
	11904 3968
	11904 4000
	7904 4000
4
	14560 3968
	16384 3968
	16384 4000
	14560 4000
4
	0 4000
	4000 4000
	4000 4032
	0 4032
4
	7904 4000
	11904 4000
	11904 4032
	7904 4032
4
	14656 4000
	16384 4000
	16384 4032
	14656 4032
4
	0 4032
	4000 4032
	4000 4064
	0 4064
4
	7904 4032
	11904 4032
	11904 4064
	7904 4064
4
	14656 4032
	16384 4032
	16384 4064
	14656 4064
4
	0 4064
	4000 4064
	4000 4096
	0 4096
4
	7904 4064
	11904 4064
	11904 4096
	7904 4096
4
	14656 4064
	16384 4064
	16384 4096
	14656 4096
4
	0 4096
	4000 4096
	4000 4128
	0 4128
4
	7904 4096
	11776 4096
	11776 4128
	7904 4128
4
	14848 4096
	16384 4096
	16384 4128
	14848 4128
4
	0 4128
	4000 4128
	4000 4160
	0 4160
4
	7904 4128
	11776 4128
	11776 4160
	7904 4160
4
	14848 4128
	16384 4128
	16384 4160
	14848 4160
4
	0 4160
	4000 4160
	4000 4192
	0 4192
4
	7904 4160
	11776 4160
	11776 4192
	7904 4192
4
	14848 4160
	16384 4160
	16384 4192
	14848 4192
4
	0 4192
	4000 4192
	4000 4224
	0 4224
4
	7904 4192
	11776 4192
	11776 4224
	7904 4224
4
	14848 4192
	16384 4192
	16384 4224
	14848 4224
4
	0 4224
	4096 4224
	4096 4256
	0 4256
4
	7904 4224
	11680 4224
	11680 4256
	7904 4256
4
	14848 4224
	16384 4224
	16384 4256
	14848 4256
4
	0 4256
	4096 4256
	4096 4288
	0 4288
4
	7904 4256
	11680 4256
	11680 4288
	7904 4288
4
	14848 4256
	16384 4256
	16384 4288
	14848 4288
4
	0 4288
	4096 4288
	4096 4320
	0 4320
4
	7904 4288
	11680 4288
	11680 4320
	7904 4320
4
	14848 4288
	16384 4288
	16384 4320
	14848 4320
4
	0 4320
	4224 4320
	4224 4352
	0 4352
4
	7904 4320
	11680 4320
	11680 4352
	7904 4352
4
	14752 4320
	16384 4320
	16384 4352
	14752 4352
4
	0 4352
	4224 4352
	4224 4384
	0 4384
4
	7904 4352
	11680 4352
	11680 4384
	7904 4384
4
	14752 4352
	16384 4352
	16384 4384
	14752 4384
4
	0 4384
	4224 4384
	4224 4416
	0 4416
4
	7904 4384
	11680 4384
	11680 4416
	7904 4416
4
	14752 4384
	16384 4384
	16384 4416
	14752 4416
4
	0 4416
	4320 4416
	4320 4448
	0 4448
4
	7808 4416
	11680 4416
	11680 4448
	7808 4448
4
	14752 4416
	16384 4416
	16384 4448
	14752 4448
4
	0 4448
	4320 4448
	4320 4480
	0 4480
4
	7808 4448
	11680 4448
	11680 4480
	7808 4480
4
	14752 4448
	16384 4448
	16384 4480
	14752 4480
4
	0 4480
	4320 4480
	4320 4512
	0 4512
4
	7808 4480
	11680 4480
	11680 4512
	7808 4512
4
	14752 4480
	16384 4480
	16384 4512
	14752 4512
4
	0 4512
	4416 4512
	4416 4544
	0 4544
4
	7680 4512
	11680 4512
	11680 4544
	7680 4544
4
	14752 4512
	16384 4512
	16384 4544
	14752 4544
4
	0 4544
	4416 4544
	4416 4576
	0 4576
4
	7680 4544
	11680 4544
	11680 4576
	7680 4576
4
	14752 4544
	16384 4544
	16384 4576
	14752 4576
4
	0 4576
	4416 4576
	4416 4608
	0 4608
4
	7680 4576
	11680 4576
	11680 4608
	7680 4608
4
	14752 4576
	16384 4576
	16384 4608
	14752 4608
4
	0 4608
	4512 4608
	4512 4640
	0 4640
4
	7584 4608
	11680 4608
	11680 4640
	7584 4640
4
	14752 4608
	16384 4608
	16384 4640
	14752 4640
4
	0 4640
	4512 4640
	4512 4672
	0 4672
4
	7584 4640
	11680 4640
	11680 4672
	7584 4672
4
	14752 4640
	16384 4640
	16384 4672
	14752 4672
4
	0 4672
	4512 4672
	4512 4704
	0 4704
4
	7584 4672
	11680 4672
	11680 4704
	7584 4704
4
	14752 4672
	16384 4672
	16384 4704
	14752 4704
4
	0 4704
	4512 4704
	4512 4736
	0 4736
4
	7584 4704
	11680 4704
	11680 4736
	7584 4736
4
	14752 4704
	16384 4704
	16384 4736
	14752 4736
4
	0 4736
	4608 4736
	4608 4768
	0 4768
4
	7488 4736
	11680 4736
	11680 4768
	7488 4768
4
	14752 4736
	16384 4736
	16384 4768
	14752 4768
4
	0 4768
	4608 4768
	4608 4800
	0 4800
4
	7488 4768
	11680 4768
	11680 4800
	7488 4800
4
	14752 4768
	16384 4768
	16384 4800
	14752 4800
4
	0 4800
	4608 4800
	4608 4832
	0 4832
4
	7488 4800
	11680 4800
	11680 4832
	7488 4832
4
	14752 4800
	16384 4800
	16384 4832
	14752 4832
4
	0 4832
	4736 4832
	4736 4864
	0 4864
4
	7392 4832
	11680 4832
	11680 4864
	7392 4864
4
	14752 4832
	16384 4832
	16384 4864
	14752 4864
4
	0 4864
	4736 4864
	4736 4896
	0 4896
4
	7392 4864
	11680 4864
	11680 4896
	7392 4896
4
	14752 4864
	16384 4864
	16384 4896
	14752 4896
4
	0 4896
	4736 4896
	4736 4928
	0 4928
4
	7392 4896
	11680 4896
	11680 4928
	7392 4928
4
	14752 4896
	16384 4896
	16384 4928
	14752 4928
4
	0 4928
	4832 4928
	4832 4960
	0 4960
4
	7296 4928
	11776 4928
	11776 4960
	7296 4960
4
	14656 4928
	16384 4928
	16384 4960
	14656 4960
4
	0 4960
	4832 4960
	4832 4992
	0 4992
4
	7296 4960
	11776 4960
	11776 4992
	7296 4992
4
	14656 4960
	16384 4960
	16384 4992
	14656 4992
4
	0 4992
	4832 4992
	4832 5024
	0 5024
4
	7296 4992
	11776 4992
	11776 5024
	7296 5024
4
	14656 4992
	16384 4992
	16384 5024
	14656 5024
4
	0 5024
	5024 5024
	5024 5056
	0 5056
4
	7168 5024
	11776 5024
	11776 5056
	7168 5056
4
	14656 5024
	16384 5024
	16384 5056
	14656 5056
4
	0 5056
	5024 5056
	5024 5088
	0 5088
4
	7168 5056
	11776 5056
	11776 5088
	7168 5088
4
	14656 5056
	16384 5056
	16384 5088
	14656 5088
4
	0 5088
	5024 5088
	5024 5120
	0 5120
4
	7168 5088
	11776 5088
	11776 5120
	7168 5120
4
	14656 5088
	16384 5088
	16384 5120
	14656 5120
4
	0 5120
	5248 5120
	5248 5152
	0 5152
4
	7072 5120
	11776 5120
	11776 5152
	7072 5152
4
	14560 5120
	16384 5120
	16384 5152
	14560 5152
4
	0 5152
	5248 5152
	5248 5184
	0 5184
4
	7072 5152
	11776 5152
	11776 5184
	7072 5184
4
	14560 5152
	16384 5152
	16384 5184
	14560 5184
4
	0 5184
	5248 5184
	5248 5216
	0 5216
4
	7072 5184
	11776 5184
	11776 5216
	7072 5216
4
	14560 5184
	16384 5184
	16384 5216
	14560 5216
4
	0 5216
	5248 5216
	5248 5248
	0 5248
4
	7072 5216
	11776 5216
	11776 5248
	7072 5248
4
	14560 5216
	16384 5216
	16384 5248
	14560 5248
4
	0 5248
	5536 5248
	5536 5280
	0 5280
4
	6976 5248
	11904 5248
	11904 5280
	6976 5280
4
	14560 5248
	16384 5248
	16384 5280
	14560 5280
4
	0 5280
	5536 5280
	5536 5312
	0 5312
4
	6976 5280
	11904 5280
	11904 5312
	6976 5312
4
	14560 5280
	16384 5280
	16384 5312
	14560 5312
4
	0 5312
	5536 5312
	5536 5344
	0 5344
4
	6976 5312
	11904 5312
	11904 5344
	6976 5344
4
	14560 5312
	16384 5312
	16384 5344
	14560 5344
4
	0 5344
	6464 5344
	6464 5376
	0 5376
4
	6976 5344
	12096 5344
	12096 5376
	6976 5376
4
	14464 5344
	16384 5344
	16384 5376
	14464 5376
4
	0 5376
	6464 5376
	6464 5408
	0 5408
4
	6976 5376
	12096 5376
	12096 5408
	6976 5408
4
	14464 5376
	16384 5376
	16384 5408
	14464 5408
4
	0 5408
	6464 5408
	6464 5440
	0 5440
4
	6976 5408
	12096 5408
	12096 5440
	6976 5440
4
	14464 5408
	16384 5408
	16384 5440
	14464 5440
4
	0 5440
	6560 5440
	6560 5472
	0 5472
4
	6976 5440
	12096 5440
	12096 5472
	6976 5472
4
	14464 5440
	16384 5440
	16384 5472
	14464 5472
4
	0 5472
	6560 5472
	6560 5504
	0 5504
4
	6976 5472
	12096 5472
	12096 5504
	6976 5504
4
	14464 5472
	16384 5472
	16384 5504
	14464 5504
4
	0 5504
	6560 5504
	6560 5536
	0 5536
4
	6976 5504
	12096 5504
	12096 5536
	6976 5536
4
	14464 5504
	16384 5504
	16384 5536
	14464 5536
4
	0 5536
	6560 5536
	6560 5568
	0 5568
4
	7072 5536
	12192 5536
	12192 5568
	7072 5568
4
	14464 5536
	16384 5536
	16384 5568
	14464 5568
4
	0 5568
	6560 5568
	6560 5600
	0 5600
4
	7072 5568
	12192 5568
	12192 5600
	7072 5600
4
	14464 5568
	16384 5568
	16384 5600
	14464 5600
4
	0 5600
	6560 5600
	6560 5632
	0 5632
4
	7072 5600
	12192 5600
	12192 5632
	7072 5632
4
	14464 5600
	16384 5600
	16384 5632
	14464 5632
4
	0 5632
	6464 5632
	6464 5664
	0 5664
4
	7168 5632
	12192 5632
	12192 5664
	7168 5664
4
	12288 5632
	12512 5632
	12512 5664
	12288 5664
4
	14048 5632
	14240 5632
	14240 5664
	14048 5664
4
	14464 5632
	16384 5632
	16384 5664
	14464 5664
4
	0 5664
	6464 5664
	6464 5696
	0 5696
4
	7168 5664
	12192 5664
	12192 5696
	7168 5696
4
	12288 5664
	12512 5664
	12512 5696
	12288 5696
4
	14048 5664
	14240 5664
	14240 5696
	14048 5696
4
	14464 5664
	16384 5664
	16384 5696
	14464 5696
4
	0 5696
	6464 5696
	6464 5728
	0 5728
4
	7168 5696
	12192 5696
	12192 5728
	7168 5728
4
	12288 5696
	12512 5696
	12512 5728
	12288 5728
4
	14048 5696
	14240 5696
	14240 5728
	14048 5728
4
	14464 5696
	16384 5696
	16384 5728
	14464 5728
4
	0 5728
	6464 5728
	6464 5760
	0 5760
4
	7168 5728
	12192 5728
	12192 5760
	7168 5760
4
	12288 5728
	12512 5728
	12512 5760
	12288 5760
4
	14048 5728
	14240 5728
	14240 5760
	14048 5760
4
	14464 5728
	16384 5728
	16384 5760
	14464 5760
4
	0 5760
	6464 5760
	6464 5792
	0 5792
4
	7168 5760
	12608 5760
	12608 5792
	7168 5792
4
	13952 5760
	16384 5760
	16384 5792
	13952 5792
4
	0 5792
	6464 5792
	6464 5824
	0 5824
4
	7168 5792
	12608 5792
	12608 5824
	7168 5824
4
	13952 5792
	16384 5792
	16384 5824
	13952 5824
4
	0 5824
	6464 5824
	6464 5856
	0 5856
4
	7168 5824
	12608 5824
	12608 5856
	7168 5856
4
	13952 5824
	16384 5824
	16384 5856
	13952 5856
4
	0 5856
	6464 5856
	6464 5888
	0 5888
4
	7168 5856
	12704 5856
	12704 5888
	7168 5888
4
	13824 5856
	16384 5856
	16384 5888
	13824 5888
4
	0 5888
	6464 5888
	6464 5920
	0 5920
4
	7168 5888
	12704 5888
	12704 5920
	7168 5920
4
	13824 5888
	16384 5888
	16384 5920
	13824 5920
4
	0 5920
	6464 5920
	6464 5952
	0 5952
4
	7168 5920
	12704 5920
	12704 5952
	7168 5952
4
	13824 5920
	16384 5920
	16384 5952
	13824 5952
4
	0 5952
	6464 5952
	6464 5984
	0 5984
4
	7168 5952
	12800 5952
	12800 5984
	7168 5984
4
	13824 5952
	16384 5952
	16384 5984
	13824 5984
4
	0 5984
	6464 5984
	6464 6016
	0 6016
4
	7168 5984
	12800 5984
	12800 6016
	7168 6016
4
	13824 5984
	16384 5984
	16384 6016
	13824 6016
4
	0 6016
	6464 6016
	6464 6048
	0 6048
4
	7168 6016
	12800 6016
	12800 6048
	7168 6048
4
	13824 6016
	16384 6016
	16384 6048
	13824 6048
4
	0 6048
	6560 6048
	6560 6080
	0 6080
4
	7296 6048
	12800 6048
	12800 6080
	7296 6080
4
	13824 6048
	16384 6048
	16384 6080
	13824 6080
4
	0 6080
	6560 6080
	6560 6112
	0 6112
4
	7296 6080
	12800 6080
	12800 6112
	7296 6112
4
	13824 6080
	16384 6080
	16384 6112
	13824 6112
4
	0 6112
	6560 6112
	6560 6144
	0 6144
4
	7296 6112
	12800 6112
	12800 6144
	7296 6144
4
	13824 6112
	16384 6112
	16384 6144
	13824 6144
4
	0 6144
	6560 6144
	6560 6176
	0 6176
4
	7296 6144
	12800 6144
	12800 6176
	7296 6176
4
	13728 6144
	16384 6144
	16384 6176
	13728 6176
4
	0 6176
	6560 6176
	6560 6208
	0 6208
4
	7296 6176
	12800 6176
	12800 6208
	7296 6208
4
	13728 6176
	16384 6176
	16384 6208
	13728 6208
4
	0 6208
	6560 6208
	6560 6240
	0 6240
4
	7296 6208
	12800 6208
	12800 6240
	7296 6240
4
	13728 6208
	16384 6208
	16384 6240
	13728 6240
4
	0 6240
	6560 6240
	6560 6272
	0 6272
4
	7296 6240
	12800 6240
	12800 6272
	7296 6272
4
	13728 6240
	16384 6240
	16384 6272
	13728 6272
4
	0 6272
	6560 6272
	6560 6304
	0 6304
4
	7296 6272
	12928 6272
	12928 6304
	7296 6304
4
	13728 6272
	16384 6272
	16384 6304
	13728 6304
4
	0 6304
	6560 6304
	6560 6336
	0 6336
4
	7296 6304
	12928 6304
	12928 6336
	7296 6336
4
	13728 6304
	16384 6304
	16384 6336
	13728 6336
4
	0 6336
	6560 6336
	6560 6368
	0 6368
4
	7296 6336
	12928 6336
	12928 6368
	7296 6368
4
	13728 6336
	16384 6336
	16384 6368
	13728 6368
4
	0 6368
	6560 6368
	6560 6400
	0 6400
4
	7296 6368
	12928 6368
	12928 6400
	7296 6400
4
	13632 6368
	16384 6368
	16384 6400
	13632 6400
4
	0 6400
	6560 6400
	6560 6432
	0 6432
4
	7296 6400
	12928 6400
	12928 6432
	7296 6432
4
	13632 6400
	16384 6400
	16384 6432
	13632 6432
4
	0 6432
	6560 6432
	6560 6464
	0 6464
4
	7296 6432
	12928 6432
	12928 6464
	7296 6464
4
	13632 6432
	16384 6432
	16384 6464
	13632 6464
4
	0 6464
	6656 6464
	6656 6496
	0 6496
4
	7392 6464
	12928 6464
	12928 6496
	7392 6496
4
	13632 6464
	16384 6464
	16384 6496
	13632 6496
4
	0 6496
	6656 6496
	6656 6528
	0 6528
4
	7392 6496
	12928 6496
	12928 6528
	7392 6528
4
	13632 6496
	16384 6496
	16384 6528
	13632 6528
4
	0 6528
	6656 6528
	6656 6560
	0 6560
4
	7392 6528
	12928 6528
	12928 6560
	7392 6560
4
	13632 6528
	16384 6528
	16384 6560
	13632 6560
4
	0 6560
	6656 6560
	6656 6592
	0 6592
4
	7392 6560
	12928 6560
	12928 6592
	7392 6592
4
	13536 6560
	16384 6560
	16384 6592
	13536 6592
4
	0 6592
	6656 6592
	6656 6624
	0 6624
4
	7392 6592
	12928 6592
	12928 6624
	7392 6624
4
	13536 6592
	16384 6592
	16384 6624
	13536 6624
4
	0 6624
	6656 6624
	6656 6656
	0 6656
4
	7392 6624
	12928 6624
	12928 6656
	7392 6656
4
	13536 6624
	16384 6624
	16384 6656
	13536 6656
4
	0 6656
	6656 6656
	6656 6688
	0 6688
4
	7392 6656
	13024 6656
	13024 6688
	7392 6688
4
	13536 6656
	16384 6656
	16384 6688
	13536 6688
4
	0 6688
	6656 6688
	6656 6720
	0 6720
4
	7392 6688
	13024 6688
	13024 6720
	7392 6720
4
	13536 6688
	16384 6688
	16384 6720
	13536 6720
4
	0 6720
	6656 6720
	6656 6752
	0 6752
4
	7392 6720
	13024 6720
	13024 6752
	7392 6752
4
	13536 6720
	16384 6720
	16384 6752
	13536 6752
4
	0 6752
	6656 6752
	6656 6784
	0 6784
4
	7392 6752
	13024 6752
	13024 6784
	7392 6784
4
	13536 6752
	16384 6752
	16384 6784
	13536 6784
4
	0 6784
	6656 6784
	6656 6816
	0 6816
4
	7392 6784
	13024 6784
	13024 6816
	7392 6816
4
	13536 6784
	16384 6784
	16384 6816
	13536 6816
4
	0 6816
	6656 6816
	6656 6848
	0 6848
4
	7392 6816
	13024 6816
	13024 6848
	7392 6848
4
	13536 6816
	16384 6816
	16384 6848
	13536 6848
4
	0 6848
	6656 6848
	6656 6880
	0 6880
4
	7392 6848
	13024 6848
	13024 6880
	7392 6880
4
	13536 6848
	16384 6848
	16384 6880
	13536 6880
4
	0 6880
	6784 6880
	6784 6912
	0 6912
4
	7488 6880
	13024 6880
	13024 6912
	7488 6912
4
	13440 6880
	16384 6880
	16384 6912
	13440 6912
4
	0 6912
	6784 6912
	6784 6944
	0 6944
4
	7488 6912
	13024 6912
	13024 6944
	7488 6944
4
	13440 6912
	16384 6912
	16384 6944
	13440 6944
4
	0 6944
	6784 6944
	6784 6976
	0 6976
4
	7488 6944
	13024 6944
	13024 6976
	7488 6976
4
	13440 6944
	16384 6944
	16384 6976
	13440 6976
4
	0 6976
	6784 6976
	6784 7008
	0 7008
4
	7488 6976
	12800 6976
	12800 7008
	7488 7008
4
	13632 6976
	16384 6976
	16384 7008
	13632 7008
4
	0 7008
	6784 7008
	6784 7040
	0 7040
4
	7488 7008
	12800 7008
	12800 7040
	7488 7040
4
	13632 7008
	16384 7008
	16384 7040
	13632 7040
4
	0 7040
	6784 7040
	6784 7072
	0 7072
4
	7488 7040
	12800 7040
	12800 7072
	7488 7072
4
	13632 7040
	16384 7040
	16384 7072
	13632 7072
4
	0 7072
	6784 7072
	6784 7104
	0 7104
4
	7488 7072
	12800 7072
	12800 7104
	7488 7104
4
	13632 7072
	16384 7072
	16384 7104
	13632 7104
4
	0 7104
	6784 7104
	6784 7136
	0 7136
4
	7488 7104
	12800 7104
	12800 7136
	7488 7136
4
	13632 7104
	16384 7104
	16384 7136
	13632 7136
4
	0 7136
	6784 7136
	6784 7168
	0 7168
4
	7488 7136
	12800 7136
	12800 7168
	7488 7168
4
	13632 7136
	16384 7136
	16384 7168
	13632 7168
4
	0 7168
	6880 7168
	6880 7200
	0 7200
4
	7488 7168
	8416 7168
	8416 7200
	7488 7200
4
	8704 7168
	12800 7168
	12800 7200
	8704 7200
4
	13632 7168
	16384 7168
	16384 7200
	13632 7200
4
	0 7200
	6880 7200
	6880 7232
	0 7232
4
	7488 7200
	8416 7200
	8416 7232
	7488 7232
4
	8704 7200
	12800 7200
	12800 7232
	8704 7232
4
	13632 7200
	16384 7200
	16384 7232
	13632 7232
4
	0 7232
	6880 7232
	6880 7264
	0 7264
4
	7488 7232
	8416 7232
	8416 7264
	7488 7264
4
	8704 7232
	12800 7232
	12800 7264
	8704 7264
4
	13632 7232
	16384 7232
	16384 7264
	13632 7264
4
	0 7264
	6880 7264
	6880 7296
	0 7296
4
	7488 7264
	8416 7264
	8416 7296
	7488 7296
4
	8704 7264
	12800 7264
	12800 7296
	8704 7296
4
	13632 7264
	16384 7264
	16384 7296
	13632 7296
4
	0 7296
	6880 7296
	6880 7328
	0 7328
4
	8928 7296
	12800 7296
	12800 7328
	8928 7328
4
	13632 7296
	16384 7296
	16384 7328
	13632 7328
4
	0 7328
	6880 7328
	6880 7360
	0 7360
4
	8928 7328
	12800 7328
	12800 7360
	8928 7360
4
	13632 7328
	16384 7328
	16384 7360
	13632 7360
4
	0 7360
	6880 7360
	6880 7392
	0 7392
4
	8928 7360
	12800 7360
	12800 7392
	8928 7392
4
	13632 7360
	16384 7360
	16384 7392
	13632 7392
4
	0 7392
	6880 7392
	6880 7424
	0 7424
4
	9120 7392
	12800 7392
	12800 7424
	9120 7424
4
	13632 7392
	16384 7392
	16384 7424
	13632 7424
4
	0 7424
	6880 7424
	6880 7456
	0 7456
4
	9120 7424
	12800 7424
	12800 7456
	9120 7456
4
	13632 7424
	16384 7424
	16384 7456
	13632 7456
4
	0 7456
	6880 7456
	6880 7488
	0 7488
4
	9120 7456
	12800 7456
	12800 7488
	9120 7488
4
	13632 7456
	16384 7456
	16384 7488
	13632 7488
4
	0 7488
	6880 7488
	6880 7520
	0 7520
4
	9120 7488
	12800 7488
	12800 7520
	9120 7520
4
	13632 7488
	16384 7488
	16384 7520
	13632 7520
4
	0 7520
	6880 7520
	6880 7552
	0 7552
4
	9120 7520
	12800 7520
	12800 7552
	9120 7552
4
	13632 7520
	16384 7520
	16384 7552
	13632 7552
4
	0 7552
	6880 7552
	6880 7584
	0 7584
4
	9120 7552
	12800 7552
	12800 7584
	9120 7584
4
	13632 7552
	16384 7552
	16384 7584
	13632 7584
4
	0 7584
	6784 7584
	6784 7616
	0 7616
4
	9120 7584
	12800 7584
	12800 7616
	9120 7616
4
	13632 7584
	16384 7584
	16384 7616
	13632 7616
4
	0 7616
	6784 7616
	6784 7648
	0 7648
4
	9120 7616
	12800 7616
	12800 7648
	9120 7648
4
	13632 7616
	16384 7616
	16384 7648
	13632 7648
4
	0 7648
	6784 7648
	6784 7680
	0 7680
4
	9120 7648
	12800 7648
	12800 7680
	9120 7680
4
	13632 7648
	16384 7648
	16384 7680
	13632 7680
4
	0 7680
	6656 7680
	6656 7712
	0 7712
4
	9024 7680
	12800 7680
	12800 7712
	9024 7712
4
	13632 7680
	16384 7680
	16384 7712
	13632 7712
4
	0 7712
	6656 7712
	6656 7744
	0 7744
4
	9024 7712
	12800 7712
	12800 7744
	9024 7744
4
	13632 7712
	16384 7712
	16384 7744
	13632 7744
4
	0 7744
	6656 7744
	6656 7776
	0 7776
4
	9024 7744
	12800 7744
	12800 7776
	9024 7776
4
	13632 7744
	16384 7744
	16384 7776
	13632 7776
4
	0 7776
	6656 7776
	6656 7808
	0 7808
4
	9024 7776
	12800 7776
	12800 7808
	9024 7808
4
	13632 7776
	16384 7776
	16384 7808
	13632 7808
4
	0 7808
	6560 7808
	6560 7840
	0 7840
4
	9024 7808
	12800 7808
	12800 7840
	9024 7840
4
	13632 7808
	16384 7808
	16384 7840
	13632 7840
4
	0 7840
	6560 7840
	6560 7872
	0 7872
4
	9024 7840
	12800 7840
	12800 7872
	9024 7872
4
	13632 7840
	16384 7840
	16384 7872
	13632 7872
4
	0 7872
	6560 7872
	6560 7904
	0 7904
4
	9024 7872
	12800 7872
	12800 7904
	9024 7904
4
	13632 7872
	16384 7872
	16384 7904
	13632 7904
4
	0 7904
	6272 7904
	6272 7936
	0 7936
4
	9024 7904
	12800 7904
	12800 7936
	9024 7936
4
	13632 7904
	16384 7904
	16384 7936
	13632 7936
4
	0 7936
	6272 7936
	6272 7968
	0 7968
4
	9024 7936
	12800 7936
	12800 7968
	9024 7968
4
	13632 7936
	16384 7936
	16384 7968
	13632 7968
4
	0 7968
	6272 7968
	6272 8000
	0 8000
4
	9024 7968
	12800 7968
	12800 8000
	9024 8000
4
	13632 7968
	16384 7968
	16384 8000
	13632 8000
4
	0 8000
	6048 8000
	6048 8032
	0 8032
4
	9024 8000
	9856 8000
	9856 8032
	9024 8032
4
	9952 8000
	12800 8000
	12800 8032
	9952 8032
4
	13632 8000
	16384 8000
	16384 8032
	13632 8032
4
	0 8032
	6048 8032
	6048 8064
	0 8064
4
	9024 8032
	9856 8032
	9856 8064
	9024 8064
4
	9952 8032
	12800 8032
	12800 8064
	9952 8064
4
	13632 8032
	16384 8032
	16384 8064
	13632 8064
4
	0 8064
	6048 8064
	6048 8096
	0 8096
4
	9024 8064
	9856 8064
	9856 8096
	9024 8096
4
	9952 8064
	12800 8064
	12800 8096
	9952 8096
4
	13632 8064
	16384 8064
	16384 8096
	13632 8096
4
	0 8096
	5952 8096
	5952 8128
	0 8128
4
	9120 8096
	9728 8096
	9728 8128
	9120 8128
4
	9952 8096
	12800 8096
	12800 8128
	9952 8128
4
	13632 8096
	16384 8096
	16384 8128
	13632 8128
4
	0 8128
	5952 8128
	5952 8160
	0 8160
4
	9120 8128
	9728 8128
	9728 8160
	9120 8160
4
	9952 8128
	12800 8128
	12800 8160
	9952 8160
4
	13632 8128
	16384 8128
	16384 8160
	13632 8160
4
	0 8160
	5952 8160
	5952 8192
	0 8192
4
	9120 8160
	9728 8160
	9728 8192
	9120 8192
4
	9952 8160
	12800 8160
	12800 8192
	9952 8192
4
	13632 8160
	16384 8160
	16384 8192
	13632 8192
4
	0 8192
	5856 8192
	5856 8224
	0 8224
4
	9120 8192
	9536 8192
	9536 8224
	9120 8224
4
	10048 8192
	12800 8192
	12800 8224
	10048 8224
4
	13632 8192
	16384 8192
	16384 8224
	13632 8224
4
	0 8224
	5856 8224
	5856 8256
	0 8256
4
	9120 8224
	9536 8224
	9536 8256
	9120 8256
4
	10048 8224
	12800 8224
	12800 8256
	10048 8256
4
	13632 8224
	16384 8224
	16384 8256
	13632 8256
4
	0 8256
	5856 8256
	5856 8288
	0 8288
4
	9120 8256
	9536 8256
	9536 8288
	9120 8288
4
	10048 8256
	12800 8256
	12800 8288
	10048 8288
4
	13632 8256
	16384 8256
	16384 8288
	13632 8288
4
	0 8288
	5856 8288
	5856 8320
	0 8320
4
	9120 8288
	9536 8288
	9536 8320
	9120 8320
4
	10048 8288
	12800 8288
	12800 8320
	10048 8320
4
	13632 8288
	16384 8288
	16384 8320
	13632 8320
4
	0 8320
	5856 8320
	5856 8352
	0 8352
4
	10144 8320
	12800 8320
	12800 8352
	10144 8352
4
	13632 8320
	16384 8320
	16384 8352
	13632 8352
4
	0 8352
	5856 8352
	5856 8384
	0 8384
4
	10144 8352
	12800 8352
	12800 8384
	10144 8384
4
	13632 8352
	16384 8352
	16384 8384
	13632 8384
4
	0 8384
	5856 8384
	5856 8416
	0 8416
4
	10144 8384
	12800 8384
	12800 8416
	10144 8416
4
	13632 8384
	16384 8384
	16384 8416
	13632 8416
4
	0 8416
	3296 8416
	3296 8448
	0 8448
4
	3488 8416
	5760 8416
	5760 8448
	3488 8448
4
	10240 8416
	12800 8416
	12800 8448
	10240 8448
4
	13632 8416
	16384 8416
	16384 8448
	13632 8448
4
	0 8448
	3296 8448
	3296 8480
	0 8480
4
	3488 8448
	5760 8448
	5760 8480
	3488 8480
4
	10240 8448
	12800 8448
	12800 8480
	10240 8480
4
	13632 8448
	16384 8448
	16384 8480
	13632 8480
4
	0 8480
	3296 8480
	3296 8512
	0 8512
4
	3488 8480
	5760 8480
	5760 8512
	3488 8512
4
	10240 8480
	12800 8480
	12800 8512
	10240 8512
4
	13632 8480
	16384 8480
	16384 8512
	13632 8512
4
	0 8512
	3072 8512
	3072 8544
	0 8544
4
	3488 8512
	5760 8512
	5760 8544
	3488 8544
4
	10240 8512
	12800 8512
	12800 8544
	10240 8544
4
	13632 8512
	16384 8512
	16384 8544
	13632 8544
4
	0 8544
	3072 8544
	3072 8576
	0 8576
4
	3488 8544
	5760 8544
	5760 8576
	3488 8576
4
	10240 8544
	12800 8544
	12800 8576
	10240 8576
4
	13632 8544
	16384 8544
	16384 8576
	13632 8576
4
	0 8576
	3072 8576
	3072 8608
	0 8608
4
	3488 8576
	5760 8576
	5760 8608
	3488 8608
4
	10240 8576
	12800 8576
	12800 8608
	10240 8608
4
	13632 8576
	16384 8576
	16384 8608
	13632 8608
4
	0 8608
	3072 8608
	3072 8640
	0 8640
4
	3488 8608
	5760 8608
	5760 8640
	3488 8640
4
	10240 8608
	12800 8608
	12800 8640
	10240 8640
4
	13632 8608
	16384 8608
	16384 8640
	13632 8640
4
	0 8640
	3072 8640
	3072 8672
	0 8672
4
	3488 8640
	5760 8640
	5760 8672
	3488 8672
4
	10240 8640
	12800 8640
	12800 8672
	10240 8672
4
	13632 8640
	16384 8640
	16384 8672
	13632 8672
4
	0 8672
	3072 8672
	3072 8704
	0 8704
4
	3488 8672
	5760 8672
	5760 8704
	3488 8704
4
	10240 8672
	12800 8672
	12800 8704
	10240 8704
4
	13632 8672
	16384 8672
	16384 8704
	13632 8704
4
	0 8704
	2880 8704
	2880 8736
	0 8736
4
	3488 8704
	5632 8704
	5632 8736
	3488 8736
4
	10240 8704
	12800 8704
	12800 8736
	10240 8736
4
	13632 8704
	16384 8704
	16384 8736
	13632 8736
4
	0 8736
	2880 8736
	2880 8768
	0 8768
4
	3488 8736
	5632 8736
	5632 8768
	3488 8768
4
	10240 8736
	12800 8736
	12800 8768
	10240 8768
4
	13632 8736
	16384 8736
	16384 8768
	13632 8768
4
	0 8768
	2880 8768
	2880 8800
	0 8800
4
	3488 8768
	5632 8768
	5632 8800
	3488 8800
4
	10240 8768
	12800 8768
	12800 8800
	10240 8800
4
	13632 8768
	16384 8768
	16384 8800
	13632 8800
4
	0 8800
	2880 8800
	2880 8832
	0 8832
4
	3488 8800
	5632 8800
	5632 8832
	3488 8832
4
	10240 8800
	12800 8800
	12800 8832
	10240 8832
4
	13632 8800
	16384 8800
	16384 8832
	13632 8832
4
	0 8832
	2688 8832
	2688 8864
	0 8864
4
	3488 8832
	5632 8832
	5632 8864
	3488 8864
4
	10240 8832
	12800 8832
	12800 8864
	10240 8864
4
	13632 8832
	16384 8832
	16384 8864
	13632 8864
4
	0 8864
	2688 8864
	2688 8896
	0 8896
4
	3488 8864
	5632 8864
	5632 8896
	3488 8896
4
	10240 8864
	12800 8864
	12800 8896
	10240 8896
4
	13632 8864
	16384 8864
	16384 8896
	13632 8896
4
	0 8896
	2688 8896
	2688 8928
	0 8928
4
	3488 8896
	5632 8896
	5632 8928
	3488 8928
4
	10240 8896
	12800 8896
	12800 8928
	10240 8928
4
	13632 8896
	16384 8896
	16384 8928
	13632 8928
4
	0 8928
	2464 8928
	2464 8960
	0 8960
4
	3584 8928
	4512 8928
	4512 8960
	3584 8960
4
	4608 8928
	5632 8928
	5632 8960
	4608 8960
4
	10368 8928
	12800 8928
	12800 8960
	10368 8960
4
	13632 8928
	16384 8928
	16384 8960
	13632 8960
4
	0 8960
	2464 8960
	2464 8992
	0 8992
4
	3584 8960
	4512 8960
	4512 8992
	3584 8992
4
	4608 8960
	5632 8960
	5632 8992
	4608 8992
4
	10368 8960
	12800 8960
	12800 8992
	10368 8992
4
	13632 8960
	16384 8960
	16384 8992
	13632 8992
4
	0 8992
	2464 8992
	2464 9024
	0 9024
4
	3584 8992
	4512 8992
	4512 9024
	3584 9024
4
	4608 8992
	5632 8992
	5632 9024
	4608 9024
4
	10368 8992
	12800 8992
	12800 9024
	10368 9024
4
	13632 8992
	16384 8992
	16384 9024
	13632 9024
4
	0 9024
	2368 9024
	2368 9056
	0 9056
4
	3712 9024
	4416 9024
	4416 9056
	3712 9056
4
	4736 9024
	5632 9024
	5632 9056
	4736 9056
4
	10368 9024
	12800 9024
	12800 9056
	10368 9056
4
	13632 9024
	16384 9024
	16384 9056
	13632 9056
4
	0 9056
	2368 9056
	2368 9088
	0 9088
4
	3712 9056
	4416 9056
	4416 9088
	3712 9088
4
	4736 9056
	5632 9056
	5632 9088
	4736 9088
4
	10368 9056
	12800 9056
	12800 9088
	10368 9088
4
	13632 9056
	16384 9056
	16384 9088
	13632 9088
4
	0 9088
	2368 9088
	2368 9120
	0 9120
4
	3712 9088
	4416 9088
	4416 9120
	3712 9120
4
	4736 9088
	5632 9088
	5632 9120
	4736 9120
4
	10368 9088
	12800 9088
	12800 9120
	10368 9120
4
	13632 9088
	16384 9088
	16384 9120
	13632 9120
4
	0 9120
	2272 9120
	2272 9152
	0 9152
4
	4736 9120
	5536 9120
	5536 9152
	4736 9152
4
	10368 9120
	12800 9120
	12800 9152
	10368 9152
4
	13632 9120
	16384 9120
	16384 9152
	13632 9152
4
	0 9152
	2272 9152
	2272 9184
	0 9184
4
	4736 9152
	5536 9152
	5536 9184
	4736 9184
4
	10368 9152
	12800 9152
	12800 9184
	10368 9184
4
	13632 9152
	16384 9152
	16384 9184
	13632 9184
4
	0 9184
	2272 9184
	2272 9216
	0 9216
4
	4736 9184
	5536 9184
	5536 9216
	4736 9216
4
	10368 9184
	12800 9184
	12800 9216
	10368 9216
4
	13632 9184
	16384 9184
	16384 9216
	13632 9216
4
	0 9216
	2176 9216
	2176 9248
	0 9248
4
	4736 9216
	5344 9216
	5344 9248
	4736 9248
4
	10368 9216
	12800 9216
	12800 9248
	10368 9248
4
	13632 9216
	16384 9216
	16384 9248
	13632 9248
4
	0 9248
	2176 9248
	2176 9280
	0 9280
4
	4736 9248
	5344 9248
	5344 9280
	4736 9280
4
	10368 9248
	12800 9248
	12800 9280
	10368 9280
4
	13632 9248
	16384 9248
	16384 9280
	13632 9280
4
	0 9280
	2176 9280
	2176 9312
	0 9312
4
	4736 9280
	5344 9280
	5344 9312
	4736 9312
4
	10368 9280
	12800 9280
	12800 9312
	10368 9312
4
	13632 9280
	16384 9280
	16384 9312
	13632 9312
4
	0 9312
	2176 9312
	2176 9344
	0 9344
4
	4736 9312
	5344 9312
	5344 9344
	4736 9344
4
	10368 9312
	12800 9312
	12800 9344
	10368 9344
4
	13632 9312
	16384 9312
	16384 9344
	13632 9344
4
	0 9344
	2048 9344
	2048 9376
	0 9376
4
	4512 9344
	4928 9344
	4928 9376
	4512 9376
4
	10368 9344
	12800 9344
	12800 9376
	10368 9376
4
	13632 9344
	16384 9344
	16384 9376
	13632 9376
4
	0 9376
	2048 9376
	2048 9408
	0 9408
4
	4512 9376
	4928 9376
	4928 9408
	4512 9408
4
	10368 9376
	12800 9376
	12800 9408
	10368 9408
4
	13632 9376
	16384 9376
	16384 9408
	13632 9408
4
	0 9408
	2048 9408
	2048 9440
	0 9440
4
	4512 9408
	4928 9408
	4928 9440
	4512 9440
4
	10368 9408
	12800 9408
	12800 9440
	10368 9440
4
	13632 9408
	16384 9408
	16384 9440
	13632 9440
4
	0 9440
	2048 9440
	2048 9472
	0 9472
4
	4416 9440
	4736 9440
	4736 9472
	4416 9472
4
	10368 9440
	12800 9440
	12800 9472
	10368 9472
4
	13632 9440
	16384 9440
	16384 9472
	13632 9472
4
	0 9472
	2048 9472
	2048 9504
	0 9504
4
	4416 9472
	4736 9472
	4736 9504
	4416 9504
4
	10368 9472
	12800 9472
	12800 9504
	10368 9504
4
	13632 9472
	16384 9472
	16384 9504
	13632 9504
4
	0 9504
	2048 9504
	2048 9536
	0 9536
4
	4416 9504
	4736 9504
	4736 9536
	4416 9536
4
	10368 9504
	12800 9504
	12800 9536
	10368 9536
4
	13632 9504
	16384 9504
	16384 9536
	13632 9536
4
	0 9536
	1952 9536
	1952 9568
	0 9568
4
	10368 9536
	12800 9536
	12800 9568
	10368 9568
4
	13632 9536
	16384 9536
	16384 9568
	13632 9568
4
	0 9568
	1952 9568
	1952 9600
	0 9600
4
	10368 9568
	12800 9568
	12800 9600
	10368 9600
4
	13632 9568
	16384 9568
	16384 9600
	13632 9600
4
	0 9600
	1952 9600
	1952 9632
	0 9632
4
	10368 9600
	12800 9600
	12800 9632
	10368 9632
4
	13632 9600
	16384 9600
	16384 9632
	13632 9632
4
	0 9632
	1952 9632
	1952 9664
	0 9664
4
	10240 9632
	12800 9632
	12800 9664
	10240 9664
4
	13632 9632
	16384 9632
	16384 9664
	13632 9664
4
	0 9664
	1952 9664
	1952 9696
	0 9696
4
	10240 9664
	12800 9664
	12800 9696
	10240 9696
4
	13632 9664
	16384 9664
	16384 9696
	13632 9696
4
	0 9696
	1952 9696
	1952 9728
	0 9728
4
	10240 9696
	12800 9696
	12800 9728
	10240 9728
4
	13632 9696
	16384 9696
	16384 9728
	13632 9728
4
	0 9728
	1952 9728
	1952 9760
	0 9760
4
	10240 9728
	12800 9728
	12800 9760
	10240 9760
4
	13632 9728
	16384 9728
	16384 9760
	13632 9760
4
	0 9760
	1952 9760
	1952 9792
	0 9792
4
	10240 9760
	12800 9760
	12800 9792
	10240 9792
4
	13632 9760
	16384 9760
	16384 9792
	13632 9792
4
	0 9792
	1952 9792
	1952 9824
	0 9824
4
	10240 9792
	12800 9792
	12800 9824
	10240 9824
4
	13632 9792
	16384 9792
	16384 9824
	13632 9824
4
	0 9824
	1952 9824
	1952 9856
	0 9856
4
	10240 9824
	12800 9824
	12800 9856
	10240 9856
4
	13632 9824
	16384 9824
	16384 9856
	13632 9856
4
	0 9856
	1952 9856
	1952 9888
	0 9888
4
	5248 9856
	5632 9856
	5632 9888
	5248 9888
4
	10240 9856
	12800 9856
	12800 9888
	10240 9888
4
	13632 9856
	16384 9856
	16384 9888
	13632 9888
4
	0 9888
	1952 9888
	1952 9920
	0 9920
4
	5248 9888
	5632 9888
	5632 9920
	5248 9920
4
	10240 9888
	12800 9888
	12800 9920
	10240 9920
4
	13632 9888
	16384 9888
	16384 9920
	13632 9920
4
	0 9920
	1952 9920
	1952 9952
	0 9952
4
	5248 9920
	5632 9920
	5632 9952
	5248 9952
4
	10240 9920
	12800 9920
	12800 9952
	10240 9952
4
	13632 9920
	16384 9920
	16384 9952
	13632 9952
4
	0 9952
	1952 9952
	1952 9984
	0 9984
4
	5024 9952
	5632 9952
	5632 9984
	5024 9984
4
	10240 9952
	12800 9952
	12800 9984
	10240 9984
4
	13632 9952
	16384 9952
	16384 9984
	13632 9984
4
	0 9984
	1952 9984
	1952 10016
	0 10016
4
	5024 9984
	5632 9984
	5632 10016
	5024 10016
4
	10240 9984
	12800 9984
	12800 10016
	10240 10016
4
	13632 9984
	16384 9984
	16384 10016
	13632 10016
4
	0 10016
	1952 10016
	1952 10048
	0 10048
4
	5024 10016
	5632 10016
	5632 10048
	5024 10048
4
	10240 10016
	12800 10016
	12800 10048
	10240 10048
4
	13632 10016
	16384 10016
	16384 10048
	13632 10048
4
	0 10048
	1952 10048
	1952 10080
	0 10080
4
	4832 10048
	5632 10048
	5632 10080
	4832 10080
4
	10144 10048
	12800 10048
	12800 10080
	10144 10080
4
	13632 10048
	16384 10048
	16384 10080
	13632 10080
4
	0 10080
	1952 10080
	1952 10112
	0 10112
4
	4832 10080
	5632 10080
	5632 10112
	4832 10112
4
	10144 10080
	12800 10080
	12800 10112
	10144 10112
4
	13632 10080
	16384 10080
	16384 10112
	13632 10112
4
	0 10112
	1952 10112
	1952 10144
	0 10144
4
	4832 10112
	5632 10112
	5632 10144
	4832 10144
4
	10144 10112
	12800 10112
	12800 10144
	10144 10144
4
	13632 10112
	16384 10112
	16384 10144
	13632 10144
4
	0 10144
	1952 10144
	1952 10176
	0 10176
4
	4512 10144
	5632 10144
	5632 10176
	4512 10176
4
	10144 10144
	11264 10144
	11264 10176
	10144 10176
4
	11680 10144
	12800 10144
	12800 10176
	11680 10176
4
	13632 10144
	16384 10144
	16384 10176
	13632 10176
4
	0 10176
	1952 10176
	1952 10208
	0 10208
4
	4512 10176
	5632 10176
	5632 10208
	4512 10208
4
	10144 10176
	11264 10176
	11264 10208
	10144 10208
4
	11680 10176
	12800 10176
	12800 10208
	11680 10208
4
	13632 10176
	16384 10176
	16384 10208
	13632 10208
4
	0 10208
	1952 10208
	1952 10240
	0 10240
4
	4512 10208
	5632 10208
	5632 10240
	4512 10240
4
	10144 10208
	11264 10208
	11264 10240
	10144 10240
4
	11680 10208
	12800 10208
	12800 10240
	11680 10240
4
	13632 10208
	16384 10208
	16384 10240
	13632 10240
4
	0 10240
	1952 10240
	1952 10272
	0 10272
4
	4512 10240
	5760 10240
	5760 10272
	4512 10272
4
	10048 10240
	10976 10240
	10976 10272
	10048 10272
4
	12000 10240
	12800 10240
	12800 10272
	12000 10272
4
	13632 10240
	16384 10240
	16384 10272
	13632 10272
4
	0 10272
	1952 10272
	1952 10304
	0 10304
4
	4512 10272
	5760 10272
	5760 10304
	4512 10304
4
	10048 10272
	10976 10272
	10976 10304
	10048 10304
4
	12000 10272
	12800 10272
	12800 10304
	12000 10304
4
	13632 10272
	16384 10272
	16384 10304
	13632 10304
4
	0 10304
	1952 10304
	1952 10336
	0 10336
4
	4512 10304
	5760 10304
	5760 10336
	4512 10336
4
	10048 10304
	10976 10304
	10976 10336
	10048 10336
4
	12000 10304
	12800 10304
	12800 10336
	12000 10336
4
	13632 10304
	16384 10304
	16384 10336
	13632 10336
4
	0 10336
	1952 10336
	1952 10368
	0 10368
4
	4512 10336
	5760 10336
	5760 10368
	4512 10368
4
	10048 10336
	10976 10336
	10976 10368
	10048 10368
4
	12000 10336
	12800 10336
	12800 10368
	12000 10368
4
	13632 10336
	16384 10336
	16384 10368
	13632 10368
4
	0 10368
	1952 10368
	1952 10400
	0 10400
4
	4736 10368
	5760 10368
	5760 10400
	4736 10400
4
	10048 10368
	10880 10368
	10880 10400
	10048 10400
4
	12096 10368
	12800 10368
	12800 10400
	12096 10400
4
	13632 10368
	16384 10368
	16384 10400
	13632 10400
4
	0 10400
	1952 10400
	1952 10432
	0 10432
4
	4736 10400
	5760 10400
	5760 10432
	4736 10432
4
	10048 10400
	10880 10400
	10880 10432
	10048 10432
4
	12096 10400
	12800 10400
	12800 10432
	12096 10432
4
	13632 10400
	16384 10400
	16384 10432
	13632 10432
4
	0 10432
	1952 10432
	1952 10464
	0 10464
4
	4736 10432
	5760 10432
	5760 10464
	4736 10464
4
	10048 10432
	10880 10432
	10880 10464
	10048 10464
4
	12096 10432
	12800 10432
	12800 10464
	12096 10464
4
	13632 10432
	16384 10432
	16384 10464
	13632 10464
4
	0 10464
	1952 10464
	1952 10496
	0 10496
4
	4736 10464
	5760 10464
	5760 10496
	4736 10496
4
	10048 10464
	10752 10464
	10752 10496
	10048 10496
4
	12192 10464
	12800 10464
	12800 10496
	12192 10496
4
	13632 10464
	16384 10464
	16384 10496
	13632 10496
4
	0 10496
	1952 10496
	1952 10528
	0 10528
4
	4736 10496
	5760 10496
	5760 10528
	4736 10528
4
	10048 10496
	10752 10496
	10752 10528
	10048 10528
4
	12192 10496
	12800 10496
	12800 10528
	12192 10528
4
	13632 10496
	16384 10496
	16384 10528
	13632 10528
4
	0 10528
	1952 10528
	1952 10560
	0 10560
4
	4736 10528
	5760 10528
	5760 10560
	4736 10560
4
	10048 10528
	10752 10528
	10752 10560
	10048 10560
4
	12192 10528
	12800 10528
	12800 10560
	12192 10560
4
	13632 10528
	16384 10528
	16384 10560
	13632 10560
4
	0 10560
	2048 10560
	2048 10592
	0 10592
4
	4736 10560
	5856 10560
	5856 10592
	4736 10592
4
	9952 10560
	10656 10560
	10656 10592
	9952 10592
4
	12288 10560
	12800 10560
	12800 10592
	12288 10592
4
	13632 10560
	16384 10560
	16384 10592
	13632 10592
4
	0 10592
	2048 10592
	2048 10624
	0 10624
4
	4736 10592
	5856 10592
	5856 10624
	4736 10624
4
	9952 10592
	10656 10592
	10656 10624
	9952 10624
4
	12288 10592
	12800 10592
	12800 10624
	12288 10624
4
	13632 10592
	16384 10592
	16384 10624
	13632 10624
4
	0 10624
	2048 10624
	2048 10656
	0 10656
4
	4736 10624
	5856 10624
	5856 10656
	4736 10656
4
	9952 10624
	10656 10624
	10656 10656
	9952 10656
4
	12288 10624
	12800 10624
	12800 10656
	12288 10656
4
	13632 10624
	16384 10624
	16384 10656
	13632 10656
4
	0 10656
	2176 10656
	2176 10688
	0 10688
4
	4608 10656
	5856 10656
	5856 10688
	4608 10688
4
	9856 10656
	10560 10656
	10560 10688
	9856 10688
4
	12192 10656
	12704 10656
	12704 10688
	12192 10688
4
	13632 10656
	16384 10656
	16384 10688
	13632 10688
4
	0 10688
	2176 10688
	2176 10720
	0 10720
4
	4608 10688
	5856 10688
	5856 10720
	4608 10720
4
	9856 10688
	10560 10688
	10560 10720
	9856 10720
4
	12192 10688
	12704 10688
	12704 10720
	12192 10720
4
	13632 10688
	16384 10688
	16384 10720
	13632 10720
4
	0 10720
	2176 10720
	2176 10752
	0 10752
4
	4608 10720
	5856 10720
	5856 10752
	4608 10752
4
	9856 10720
	10560 10720
	10560 10752
	9856 10752
4
	12192 10720
	12704 10720
	12704 10752
	12192 10752
4
	13632 10720
	16384 10720
	16384 10752
	13632 10752
4
	0 10752
	2272 10752
	2272 10784
	0 10784
4
	4512 10752
	5952 10752
	5952 10784
	4512 10784
4
	9728 10752
	10560 10752
	10560 10784
	9728 10784
4
	13632 10752
	16384 10752
	16384 10784
	13632 10784
4
	0 10784
	2272 10784
	2272 10816
	0 10816
4
	4512 10784
	5952 10784
	5952 10816
	4512 10816
4
	9728 10784
	10560 10784
	10560 10816
	9728 10816
4
	13632 10784
	16384 10784
	16384 10816
	13632 10816
4
	0 10816
	2272 10816
	2272 10848
	0 10848
4
	4512 10816
	5952 10816
	5952 10848
	4512 10848
4
	9728 10816
	10560 10816
	10560 10848
	9728 10848
4
	13632 10816
	16384 10816
	16384 10848
	13632 10848
4
	0 10848
	2272 10848
	2272 10880
	0 10880
4
	4512 10848
	5952 10848
	5952 10880
	4512 10880
4
	9728 10848
	10560 10848
	10560 10880
	9728 10880
4
	13632 10848
	16384 10848
	16384 10880
	13632 10880
4
	0 10880
	2368 10880
	2368 10912
	0 10912
4
	4512 10880
	6048 10880
	6048 10912
	4512 10912
4
	9632 10880
	10464 10880
	10464 10912
	9632 10912
4
	13632 10880
	16384 10880
	16384 10912
	13632 10912
4
	0 10912
	2368 10912
	2368 10944
	0 10944
4
	4512 10912
	6048 10912
	6048 10944
	4512 10944
4
	9632 10912
	10464 10912
	10464 10944
	9632 10944
4
	13632 10912
	16384 10912
	16384 10944
	13632 10944
4
	0 10944
	2368 10944
	2368 10976
	0 10976
4
	4512 10944
	6048 10944
	6048 10976
	4512 10976
4
	9632 10944
	10464 10944
	10464 10976
	9632 10976
4
	13632 10944
	16384 10944
	16384 10976
	13632 10976
4
	0 10976
	2560 10976
	2560 11008
	0 11008
4
	4320 10976
	6048 10976
	6048 11008
	4320 11008
4
	9536 10976
	10464 10976
	10464 11008
	9536 11008
4
	13632 10976
	16384 10976
	16384 11008
	13632 11008
4
	0 11008
	2560 11008
	2560 11040
	0 11040
4
	4320 11008
	6048 11008
	6048 11040
	4320 11040
4
	9536 11008
	10464 11008
	10464 11040
	9536 11040
4
	13632 11008
	16384 11008
	16384 11040
	13632 11040
4
	0 11040
	2560 11040
	2560 11072
	0 11072
4
	4320 11040
	6048 11040
	6048 11072
	4320 11072
4
	9536 11040
	10464 11040
	10464 11072
	9536 11072
4
	13632 11040
	16384 11040
	16384 11072
	13632 11072
4
	0 11072
	2688 11072
	2688 11104
	0 11104
4
	4224 11072
	6144 11072
	6144 11104
	4224 11104
4
	9344 11072
	10464 11072
	10464 11104
	9344 11104
4
	13632 11072
	16384 11072
	16384 11104
	13632 11104
4
	0 11104
	2688 11104
	2688 11136
	0 11136
4
	4224 11104
	6144 11104
	6144 11136
	4224 11136
4
	9344 11104
	10464 11104
	10464 11136
	9344 11136
4
	13632 11104
	16384 11104
	16384 11136
	13632 11136
4
	0 11136
	2688 11136
	2688 11168
	0 11168
4
	4224 11136
	6144 11136
	6144 11168
	4224 11168
4
	9344 11136
	10464 11136
	10464 11168
	9344 11168
4
	13632 11136
	16384 11136
	16384 11168
	13632 11168
4
	0 11168
	2784 11168
	2784 11200
	0 11200
4
	3904 11168
	6144 11168
	6144 11200
	3904 11200
4
	9120 11168
	10464 11168
	10464 11200
	9120 11200
4
	13536 11168
	16384 11168
	16384 11200
	13536 11200
4
	0 11200
	2784 11200
	2784 11232
	0 11232
4
	3904 11200
	6144 11200
	6144 11232
	3904 11232
4
	9120 11200
	10464 11200
	10464 11232
	9120 11232
4
	13536 11200
	16384 11200
	16384 11232
	13536 11232
4
	0 11232
	2784 11232
	2784 11264
	0 11264
4
	3904 11232
	6144 11232
	6144 11264
	3904 11264
4
	9120 11232
	10464 11232
	10464 11264
	9120 11264
4
	13536 11232
	16384 11232
	16384 11264
	13536 11264
4
	0 11264
	3200 11264
	3200 11296
	0 11296
4
	3488 11264
	6144 11264
	6144 11296
	3488 11296
4
	8928 11264
	10560 11264
	10560 11296
	8928 11296
4
	12416 11264
	12608 11264
	12608 11296
	12416 11296
4
	13536 11264
	16384 11264
	16384 11296
	13536 11296
4
	0 11296
	3200 11296
	3200 11328
	0 11328
4
	3488 11296
	6144 11296
	6144 11328
	3488 11328
4
	8928 11296
	10560 11296
	10560 11328
	8928 11328
4
	12416 11296
	12608 11296
	12608 11328
	12416 11328
4
	13536 11296
	16384 11296
	16384 11328
	13536 11328
4
	0 11328
	3200 11328
	3200 11360
	0 11360
4
	3488 11328
	6144 11328
	6144 11360
	3488 11360
4
	8928 11328
	10560 11328
	10560 11360
	8928 11360
4
	12416 11328
	12608 11328
	12608 11360
	12416 11360
4
	13536 11328
	16384 11328
	16384 11360
	13536 11360
4
	0 11360
	3200 11360
	3200 11392
	0 11392
4
	3488 11360
	6144 11360
	6144 11392
	3488 11392
4
	8928 11360
	10560 11360
	10560 11392
	8928 11392
4
	12416 11360
	12608 11360
	12608 11392
	12416 11392
4
	13536 11360
	16384 11360
	16384 11392
	13536 11392
4
	0 11392
	6048 11392
	6048 11424
	0 11424
4
	8704 11392
	10560 11392
	10560 11424
	8704 11424
4
	12192 11392
	12704 11392
	12704 11424
	12192 11424
4
	13536 11392
	16384 11392
	16384 11424
	13536 11424
4
	0 11424
	6048 11424
	6048 11456
	0 11456
4
	8704 11424
	10560 11424
	10560 11456
	8704 11456
4
	12192 11424
	12704 11424
	12704 11456
	12192 11456
4
	13536 11424
	16384 11424
	16384 11456
	13536 11456
4
	0 11456
	6048 11456
	6048 11488
	0 11488
4
	8704 11456
	10560 11456
	10560 11488
	8704 11488
4
	12192 11456
	12704 11456
	12704 11488
	12192 11488
4
	13536 11456
	16384 11456
	16384 11488
	13536 11488
4
	0 11488
	6048 11488
	6048 11520
	0 11520
4
	8608 11488
	10656 11488
	10656 11520
	8608 11520
4
	12096 11488
	12704 11488
	12704 11520
	12096 11520
4
	13536 11488
	16384 11488
	16384 11520
	13536 11520
4
	0 11520
	6048 11520
	6048 11552
	0 11552
4
	8608 11520
	10656 11520
	10656 11552
	8608 11552
4
	12096 11520
	12704 11520
	12704 11552
	12096 11552
4
	13536 11520
	16384 11520
	16384 11552
	13536 11552
4
	0 11552
	6048 11552
	6048 11584
	0 11584
4
	8608 11552
	10656 11552
	10656 11584
	8608 11584
4
	12096 11552
	12704 11552
	12704 11584
	12096 11584
4
	13536 11552
	16384 11552
	16384 11584
	13536 11584
4
	0 11584
	6048 11584
	6048 11616
	0 11616
4
	8416 11584
	10752 11584
	10752 11616
	8416 11616
4
	12096 11584
	12608 11584
	12608 11616
	12096 11616
4
	13440 11584
	16384 11584
	16384 11616
	13440 11616
4
	0 11616
	6048 11616
	6048 11648
	0 11648
4
	8416 11616
	10752 11616
	10752 11648
	8416 11648
4
	12096 11616
	12608 11616
	12608 11648
	12096 11648
4
	13440 11616
	16384 11616
	16384 11648
	13440 11648
4
	0 11648
	6048 11648
	6048 11680
	0 11680
4
	8416 11648
	10752 11648
	10752 11680
	8416 11680
4
	12096 11648
	12608 11648
	12608 11680
	12096 11680
4
	13440 11648
	16384 11648
	16384 11680
	13440 11680
4
	0 11680
	6048 11680
	6048 11712
	0 11712
4
	8320 11680
	10752 11680
	10752 11712
	8320 11712
4
	12096 11680
	12512 11680
	12512 11712
	12096 11712
4
	13440 11680
	16384 11680
	16384 11712
	13440 11712
4
	0 11712
	6048 11712
	6048 11744
	0 11744
4
	8320 11712
	10752 11712
	10752 11744
	8320 11744
4
	12096 11712
	12512 11712
	12512 11744
	12096 11744
4
	13440 11712
	16384 11712
	16384 11744
	13440 11744
4
	0 11744
	6048 11744
	6048 11776
	0 11776
4
	8320 11744
	10752 11744
	10752 11776
	8320 11776
4
	12096 11744
	12512 11744
	12512 11776
	12096 11776
4
	13440 11744
	16384 11744
	16384 11776
	13440 11776
4
	0 11776
	6048 11776
	6048 11808
	0 11808
4
	7168 11776
	7488 11776
	7488 11808
	7168 11808
4
	8320 11776
	10880 11776
	10880 11808
	8320 11808
4
	11904 11776
	12512 11776
	12512 11808
	11904 11808
4
	13312 11776
	16384 11776
	16384 11808
	13312 11808
4
	0 11808
	6048 11808
	6048 11840
	0 11840
4
	7168 11808
	7488 11808
	7488 11840
	7168 11840
4
	8320 11808
	10880 11808
	10880 11840
	8320 11840
4
	11904 11808
	12512 11808
	12512 11840
	11904 11840
4
	13312 11808
	16384 11808
	16384 11840
	13312 11840
4
	0 11840
	6048 11840
	6048 11872
	0 11872
4
	7168 11840
	7488 11840
	7488 11872
	7168 11872
4
	8320 11840
	10880 11840
	10880 11872
	8320 11872
4
	11904 11840
	12512 11840
	12512 11872
	11904 11872
4
	13312 11840
	16384 11840
	16384 11872
	13312 11872
4
	0 11872
	6048 11872
	6048 11904
	0 11904
4
	7168 11872
	7488 11872
	7488 11904
	7168 11904
4
	8320 11872
	10880 11872
	10880 11904
	8320 11904
4
	11904 11872
	12512 11872
	12512 11904
	11904 11904
4
	13312 11872
	16384 11872
	16384 11904
	13312 11904
4
	0 11904
	6048 11904
	6048 11936
	0 11936
4
	7168 11904
	7584 11904
	7584 11936
	7168 11936
4
	8192 11904
	11264 11904
	11264 11936
	8192 11936
4
	11584 11904
	12416 11904
	12416 11936
	11584 11936
4
	13312 11904
	16384 11904
	16384 11936
	13312 11936
4
	0 11936
	6048 11936
	6048 11968
	0 11968
4
	7168 11936
	7584 11936
	7584 11968
	7168 11968
4
	8192 11936
	11264 11936
	11264 11968
	8192 11968
4
	11584 11936
	12416 11936
	12416 11968
	11584 11968
4
	13312 11936
	16384 11936
	16384 11968
	13312 11968
4
	0 11968
	6048 11968
	6048 12000
	0 12000
4
	7168 11968
	7584 11968
	7584 12000
	7168 12000
4
	8192 11968
	11264 11968
	11264 12000
	8192 12000
4
	11584 11968
	12416 11968
	12416 12000
	11584 12000
4
	13312 11968
	16384 11968
	16384 12000
	13312 12000
4
	0 12000
	5952 12000
	5952 12032
	0 12032
4
	7072 12000
	7488 12000
	7488 12032
	7072 12032
4
	8192 12000
	12288 12000
	12288 12032
	8192 12032
4
	13216 12000
	16384 12000
	16384 12032
	13216 12032
4
	0 12032
	5952 12032
	5952 12064
	0 12064
4
	7072 12032
	7488 12032
	7488 12064
	7072 12064
4
	8192 12032
	12288 12032
	12288 12064
	8192 12064
4
	13216 12032
	16384 12032
	16384 12064
	13216 12064
4
	0 12064
	5952 12064
	5952 12096
	0 12096
4
	7072 12064
	7488 12064
	7488 12096
	7072 12096
4
	8192 12064
	12288 12064
	12288 12096
	8192 12096
4
	13216 12064
	16384 12064
	16384 12096
	13216 12096
4
	0 12096
	5952 12096
	5952 12128
	0 12128
4
	6880 12096
	7488 12096
	7488 12128
	6880 12128
4
	8320 12096
	12288 12096
	12288 12128
	8320 12128
4
	13120 12096
	16384 12096
	16384 12128
	13120 12128
4
	0 12128
	5952 12128
	5952 12160
	0 12160
4
	6880 12128
	7488 12128
	7488 12160
	6880 12160
4
	8320 12128
	12288 12128
	12288 12160
	8320 12160
4
	13120 12128
	16384 12128
	16384 12160
	13120 12160
4
	0 12160
	5952 12160
	5952 12192
	0 12192
4
	6880 12160
	7488 12160
	7488 12192
	6880 12192
4
	8320 12160
	12288 12160
	12288 12192
	8320 12192
4
	13120 12160
	16384 12160
	16384 12192
	13120 12192
4
	0 12192
	5856 12192
	5856 12224
	0 12224
4
	6784 12192
	7488 12192
	7488 12224
	6784 12224
4
	8320 12192
	12192 12192
	12192 12224
	8320 12224
4
	13120 12192
	16384 12192
	16384 12224
	13120 12224
4
	0 12224
	5856 12224
	5856 12256
	0 12256
4
	6784 12224
	7488 12224
	7488 12256
	6784 12256
4
	8320 12224
	12192 12224
	12192 12256
	8320 12256
4
	13120 12224
	16384 12224
	16384 12256
	13120 12256
4
	0 12256
	5856 12256
	5856 12288
	0 12288
4
	6784 12256
	7488 12256
	7488 12288
	6784 12288
4
	8320 12256
	12192 12256
	12192 12288
	8320 12288
4
	13120 12256
	16384 12256
	16384 12288
	13120 12288
4
	0 12288
	5760 12288
	5760 12320
	0 12320
4
	6656 12288
	7488 12288
	7488 12320
	6656 12320
4
	8320 12288
	12096 12288
	12096 12320
	8320 12320
4
	13024 12288
	16384 12288
	16384 12320
	13024 12320
4
	0 12320
	5760 12320
	5760 12352
	0 12352
4
	6656 12320
	7488 12320
	7488 12352
	6656 12352
4
	8320 12320
	12096 12320
	12096 12352
	8320 12352
4
	13024 12320
	16384 12320
	16384 12352
	13024 12352
4
	0 12352
	5760 12352
	5760 12384
	0 12384
4
	6656 12352
	7488 12352
	7488 12384
	6656 12384
4
	8320 12352
	12096 12352
	12096 12384
	8320 12384
4
	13024 12352
	16384 12352
	16384 12384
	13024 12384
4
	0 12384
	5760 12384
	5760 12416
	0 12416
4
	6656 12384
	7488 12384
	7488 12416
	6656 12416
4
	8320 12384
	12096 12384
	12096 12416
	8320 12416
4
	13024 12384
	16384 12384
	16384 12416
	13024 12416
4
	0 12416
	5760 12416
	5760 12448
	0 12448
4
	6656 12416
	7488 12416
	7488 12448
	6656 12448
4
	8416 12416
	12000 12416
	12000 12448
	8416 12448
4
	13024 12416
	16384 12416
	16384 12448
	13024 12448
4
	0 12448
	5760 12448
	5760 12480
	0 12480
4
	6656 12448
	7488 12448
	7488 12480
	6656 12480
4
	8416 12448
	12000 12448
	12000 12480
	8416 12480
4
	13024 12448
	16384 12448
	16384 12480
	13024 12480
4
	0 12480
	5760 12480
	5760 12512
	0 12512
4
	6656 12480
	7488 12480
	7488 12512
	6656 12512
4
	8416 12480
	12000 12480
	12000 12512
	8416 12512
4
	13024 12480
	16384 12480
	16384 12512
	13024 12512
4
	0 12512
	5632 12512
	5632 12544
	0 12544
4
	6560 12512
	7584 12512
	7584 12544
	6560 12544
4
	8416 12512
	12000 12512
	12000 12544
	8416 12544
4
	12928 12512
	16384 12512
	16384 12544
	12928 12544
4
	0 12544
	5632 12544
	5632 12576
	0 12576
4
	6560 12544
	7584 12544
	7584 12576
	6560 12576
4
	8416 12544
	12000 12544
	12000 12576
	8416 12576
4
	12928 12544
	16384 12544
	16384 12576
	12928 12576
4
	0 12576
	5632 12576
	5632 12608
	0 12608
4
	6560 12576
	7584 12576
	7584 12608
	6560 12608
4
	8416 12576
	12000 12576
	12000 12608
	8416 12608
4
	12928 12576
	16384 12576
	16384 12608
	12928 12608
4
	0 12608
	5536 12608
	5536 12640
	0 12640
4
	6464 12608
	7584 12608
	7584 12640
	6464 12640
4
	8512 12608
	12000 12608
	12000 12640
	8512 12640
4
	12800 12608
	16384 12608
	16384 12640
	12800 12640
4
	0 12640
	5536 12640
	5536 12672
	0 12672
4
	6464 12640
	7584 12640
	7584 12672
	6464 12672
4
	8512 12640
	12000 12640
	12000 12672
	8512 12672
4
	12800 12640
	16384 12640
	16384 12672
	12800 12672
4
	0 12672
	5536 12672
	5536 12704
	0 12704
4
	6464 12672
	7584 12672
	7584 12704
	6464 12704
4
	8512 12672
	12000 12672
	12000 12704
	8512 12704
4
	12800 12672
	16384 12672
	16384 12704
	12800 12704
4
	0 12704
	5536 12704
	5536 12736
	0 12736
4
	6464 12704
	7584 12704
	7584 12736
	6464 12736
4
	8512 12704
	11904 12704
	11904 12736
	8512 12736
4
	12800 12704
	16384 12704
	16384 12736
	12800 12736
4
	0 12736
	5536 12736
	5536 12768
	0 12768
4
	6464 12736
	7584 12736
	7584 12768
	6464 12768
4
	8512 12736
	11904 12736
	11904 12768
	8512 12768
4
	12800 12736
	16384 12736
	16384 12768
	12800 12768
4
	0 12768
	5536 12768
	5536 12800
	0 12800
4
	6464 12768
	7584 12768
	7584 12800
	6464 12800
4
	8512 12768
	11904 12768
	11904 12800
	8512 12800
4
	12800 12768
	16384 12768
	16384 12800
	12800 12800
4
	0 12800
	5440 12800
	5440 12832
	0 12832
4
	6368 12800
	7392 12800
	7392 12832
	6368 12832
4
	8608 12800
	11904 12800
	11904 12832
	8608 12832
4
	12704 12800
	16384 12800
	16384 12832
	12704 12832
4
	0 12832
	5440 12832
	5440 12864
	0 12864
4
	6368 12832
	7392 12832
	7392 12864
	6368 12864
4
	8608 12832
	11904 12832
	11904 12864
	8608 12864
4
	12704 12832
	16384 12832
	16384 12864
	12704 12864
4
	0 12864
	5440 12864
	5440 12896
	0 12896
4
	6368 12864
	7392 12864
	7392 12896
	6368 12896
4
	8608 12864
	11904 12864
	11904 12896
	8608 12896
4
	12704 12864
	16384 12864
	16384 12896
	12704 12896
4
	0 12896
	5440 12896
	5440 12928
	0 12928
4
	6368 12896
	7392 12896
	7392 12928
	6368 12928
4
	8608 12896
	11904 12896
	11904 12928
	8608 12928
4
	12704 12896
	16384 12896
	16384 12928
	12704 12928
4
	0 12928
	5344 12928
	5344 12960
	0 12960
4
	6272 12928
	7296 12928
	7296 12960
	6272 12960
4
	8704 12928
	11776 12928
	11776 12960
	8704 12960
4
	12608 12928
	16384 12928
	16384 12960
	12608 12960
4
	0 12960
	5344 12960
	5344 12992
	0 12992
4
	6272 12960
	7296 12960
	7296 12992
	6272 12992
4
	8704 12960
	11776 12960
	11776 12992
	8704 12992
4
	12608 12960
	16384 12960
	16384 12992
	12608 12992
4
	0 12992
	5344 12992
	5344 13024
	0 13024
4
	6272 12992
	7296 12992
	7296 13024
	6272 13024
4
	8704 12992
	11776 12992
	11776 13024
	8704 13024
4
	12608 12992
	16384 12992
	16384 13024
	12608 13024
4
	0 13024
	5344 13024
	5344 13056
	0 13056
4
	6272 13024
	7168 13024
	7168 13056
	6272 13056
4
	8832 13024
	11680 13024
	11680 13056
	8832 13056
4
	12512 13024
	16384 13024
	16384 13056
	12512 13056
4
	0 13056
	5344 13056
	5344 13088
	0 13088
4
	6272 13056
	7168 13056
	7168 13088
	6272 13088
4
	8832 13056
	11680 13056
	11680 13088
	8832 13088
4
	12512 13056
	16384 13056
	16384 13088
	12512 13088
4
	0 13088
	5344 13088
	5344 13120
	0 13120
4
	6272 13088
	7168 13088
	7168 13120
	6272 13120
4
	8832 13088
	11680 13088
	11680 13120
	8832 13120
4
	12512 13088
	16384 13088
	16384 13120
	12512 13120
4
	0 13120
	5248 13120
	5248 13152
	0 13152
4
	6144 13120
	7168 13120
	7168 13152
	6144 13152
4
	8928 13120
	11488 13120
	11488 13152
	8928 13152
4
	12512 13120
	16384 13120
	16384 13152
	12512 13152
4
	0 13152
	5248 13152
	5248 13184
	0 13184
4
	6144 13152
	7168 13152
	7168 13184
	6144 13184
4
	8928 13152
	11488 13152
	11488 13184
	8928 13184
4
	12512 13152
	16384 13152
	16384 13184
	12512 13184
4
	0 13184
	5248 13184
	5248 13216
	0 13216
4
	6144 13184
	7168 13184
	7168 13216
	6144 13216
4
	8928 13184
	11488 13184
	11488 13216
	8928 13216
4
	12512 13184
	16384 13184
	16384 13216
	12512 13216
4
	0 13216
	5248 13216
	5248 13248
	0 13248
4
	6048 13216
	7072 13216
	7072 13248
	6048 13248
4
	9024 13216
	11392 13216
	11392 13248
	9024 13248
4
	12416 13216
	16384 13216
	16384 13248
	12416 13248
4
	0 13248
	5248 13248
	5248 13280
	0 13280
4
	6048 13248
	7072 13248
	7072 13280
	6048 13280
4
	9024 13248
	11392 13248
	11392 13280
	9024 13280
4
	12416 13248
	16384 13248
	16384 13280
	12416 13280
4
	0 13280
	5248 13280
	5248 13312
	0 13312
4
	6048 13280
	7072 13280
	7072 13312
	6048 13312
4
	9024 13280
	11392 13280
	11392 13312
	9024 13312
4
	12416 13280
	16384 13280
	16384 13312
	12416 13312
4
	0 13312
	5120 13312
	5120 13344
	0 13344
4
	6048 13312
	7072 13312
	7072 13344
	6048 13344
4
	9344 13312
	11264 13312
	11264 13344
	9344 13344
4
	12416 13312
	16384 13312
	16384 13344
	12416 13344
4
	0 13344
	5120 13344
	5120 13376
	0 13376
4
	6048 13344
	7072 13344
	7072 13376
	6048 13376
4
	9344 13344
	11264 13344
	11264 13376
	9344 13376
4
	12416 13344
	16384 13344
	16384 13376
	12416 13376
4
	0 13376
	5120 13376
	5120 13408
	0 13408
4
	6048 13376
	7072 13376
	7072 13408
	6048 13408
4
	9344 13376
	11264 13376
	11264 13408
	9344 13408
4
	12416 13376
	16384 13376
	16384 13408
	12416 13408
4
	0 13408
	5120 13408
	5120 13440
	0 13440
4
	6048 13408
	7072 13408
	7072 13440
	6048 13440
4
	9344 13408
	11264 13408
	11264 13440
	9344 13440
4
	12416 13408
	16384 13408
	16384 13440
	12416 13440
4
	0 13440
	5120 13440
	5120 13472
	0 13472
4
	5952 13440
	7072 13440
	7072 13472
	5952 13472
4
	9728 13440
	11072 13440
	11072 13472
	9728 13472
4
	12288 13440
	16384 13440
	16384 13472
	12288 13472
4
	0 13472
	5120 13472
	5120 13504
	0 13504
4
	5952 13472
	7072 13472
	7072 13504
	5952 13504
4
	9728 13472
	11072 13472
	11072 13504
	9728 13504
4
	12288 13472
	16384 13472
	16384 13504
	12288 13504
4
	0 13504
	5120 13504
	5120 13536
	0 13536
4
	5952 13504
	7072 13504
	7072 13536
	5952 13536
4
	9728 13504
	11072 13504
	11072 13536
	9728 13536
4
	12288 13504
	16384 13504
	16384 13536
	12288 13536
4
	0 13536
	5024 13536
	5024 13568
	0 13568
4
	5952 13536
	7072 13536
	7072 13568
	5952 13568
4
	10048 13536
	10752 13536
	10752 13568
	10048 13568
4
	12192 13536
	16384 13536
	16384 13568
	12192 13568
4
	0 13568
	5024 13568
	5024 13600
	0 13600
4
	5952 13568
	7072 13568
	7072 13600
	5952 13600
4
	10048 13568
	10752 13568
	10752 13600
	10048 13600
4
	12192 13568
	16384 13568
	16384 13600
	12192 13600
4
	0 13600
	5024 13600
	5024 13632
	0 13632
4
	5952 13600
	7072 13600
	7072 13632
	5952 13632
4
	10048 13600
	10752 13600
	10752 13632
	10048 13632
4
	12192 13600
	16384 13600
	16384 13632
	12192 13632
4
	0 13632
	5024 13632
	5024 13664
	0 13664
4
	5856 13632
	7072 13632
	7072 13664
	5856 13664
4
	10240 13632
	10464 13632
	10464 13664
	10240 13664
4
	12096 13632
	16384 13632
	16384 13664
	12096 13664
4
	0 13664
	5024 13664
	5024 13696
	0 13696
4
	5856 13664
	7072 13664
	7072 13696
	5856 13696
4
	10240 13664
	10464 13664
	10464 13696
	10240 13696
4
	12096 13664
	16384 13664
	16384 13696
	12096 13696
4
	0 13696
	5024 13696
	5024 13728
	0 13728
4
	5856 13696
	7072 13696
	7072 13728
	5856 13728
4
	10240 13696
	10464 13696
	10464 13728
	10240 13728
4
	12096 13696
	16384 13696
	16384 13728
	12096 13728
4
	0 13728
	4928 13728
	4928 13760
	0 13760
4
	5760 13728
	7072 13728
	7072 13760
	5760 13760
4
	12000 13728
	16384 13728
	16384 13760
	12000 13760
4
	0 13760
	4928 13760
	4928 13792
	0 13792
4
	5760 13760
	7072 13760
	7072 13792
	5760 13792
4
	12000 13760
	16384 13760
	16384 13792
	12000 13792
4
	0 13792
	4928 13792
	4928 13824
	0 13824
4
	5760 13792
	7072 13792
	7072 13824
	5760 13824
4
	12000 13792
	16384 13792
	16384 13824
	12000 13824
4
	0 13824
	4832 13824
	4832 13856
	0 13856
4
	5760 13824
	7168 13824
	7168 13856
	5760 13856
4
	11776 13824
	16384 13824
	16384 13856
	11776 13856
4
	0 13856
	4832 13856
	4832 13888
	0 13888
4
	5760 13856
	7168 13856
	7168 13888
	5760 13888
4
	11776 13856
	16384 13856
	16384 13888
	11776 13888
4
	0 13888
	4832 13888
	4832 13920
	0 13920
4
	5760 13888
	7168 13888
	7168 13920
	5760 13920
4
	11776 13888
	16384 13888
	16384 13920
	11776 13920
4
	0 13920
	4832 13920
	4832 13952
	0 13952
4
	5760 13920
	7168 13920
	7168 13952
	5760 13952
4
	11776 13920
	16384 13920
	16384 13952
	11776 13952
4
	0 13952
	4832 13952
	4832 13984
	0 13984
4
	5632 13952
	7296 13952
	7296 13984
	5632 13984
4
	11584 13952
	16384 13952
	16384 13984
	11584 13984
4
	0 13984
	4832 13984
	4832 14016
	0 14016
4
	5632 13984
	7296 13984
	7296 14016
	5632 14016
4
	11584 13984
	16384 13984
	16384 14016
	11584 14016
4
	0 14016
	4832 14016
	4832 14048
	0 14048
4
	5632 14016
	7296 14016
	7296 14048
	5632 14048
4
	11584 14016
	16384 14016
	16384 14048
	11584 14048
4
	0 14048
	4736 14048
	4736 14080
	0 14080
4
	5632 14048
	7296 14048
	7296 14080
	5632 14080
4
	8704 14048
	9216 14048
	9216 14080
	8704 14080
4
	11392 14048
	16384 14048
	16384 14080
	11392 14080
4
	0 14080
	4736 14080
	4736 14112
	0 14112
4
	5632 14080
	7296 14080
	7296 14112
	5632 14112
4
	8704 14080
	9216 14080
	9216 14112
	8704 14112
4
	11392 14080
	16384 14080
	16384 14112
	11392 14112
4
	0 14112
	4736 14112
	4736 14144
	0 14144
4
	5632 14112
	7296 14112
	7296 14144
	5632 14144
4
	8704 14112
	9216 14112
	9216 14144
	8704 14144
4
	11392 14112
	16384 14112
	16384 14144
	11392 14144
4
	0 14144
	4608 14144
	4608 14176
	0 14176
4
	5536 14144
	7392 14144
	7392 14176
	5536 14176
4
	8608 14144
	9856 14144
	9856 14176
	8608 14176
4
	11168 14144
	16384 14144
	16384 14176
	11168 14176
4
	0 14176
	4608 14176
	4608 14208
	0 14208
4
	5536 14176
	7392 14176
	7392 14208
	5536 14208
4
	8608 14176
	9856 14176
	9856 14208
	8608 14208
4
	11168 14176
	16384 14176
	16384 14208
	11168 14208
4
	0 14208
	4608 14208
	4608 14240
	0 14240
4
	5536 14208
	7392 14208
	7392 14240
	5536 14240
4
	8608 14208
	9856 14208
	9856 14240
	8608 14240
4
	11168 14208
	16384 14208
	16384 14240
	11168 14240
4
	0 14240
	4608 14240
	4608 14272
	0 14272
4
	5536 14240
	7584 14240
	7584 14272
	5536 14272
4
	8512 14240
	10048 14240
	10048 14272
	8512 14272
4
	10880 14240
	16384 14240
	16384 14272
	10880 14272
4
	0 14272
	4608 14272
	4608 14304
	0 14304
4
	5536 14272
	7584 14272
	7584 14304
	5536 14304
4
	8512 14272
	10048 14272
	10048 14304
	8512 14304
4
	10880 14272
	16384 14272
	16384 14304
	10880 14304
4
	0 14304
	4608 14304
	4608 14336
	0 14336
4
	5536 14304
	7584 14304
	7584 14336
	5536 14336
4
	8512 14304
	10048 14304
	10048 14336
	8512 14336
4
	10880 14304
	16384 14304
	16384 14336
	10880 14336
4
	0 14336
	4512 14336
	4512 14368
	0 14368
4
	5440 14336
	16384 14336
	16384 14368
	5440 14368
4
	0 14368
	4512 14368
	4512 14400
	0 14400
4
	5440 14368
	16384 14368
	16384 14400
	5440 14400
4
	0 14400
	4512 14400
	4512 14432
	0 14432
4
	5440 14400
	16384 14400
	16384 14432
	5440 14432
4
	0 14432
	4512 14432
	4512 14464
	0 14464
4
	5440 14432
	16384 14432
	16384 14464
	5440 14464
4
	0 14464
	4512 14464
	4512 14496
	0 14496
4
	5344 14464
	16384 14464
	16384 14496
	5344 14496
4
	0 14496
	4512 14496
	4512 14528
	0 14528
4
	5344 14496
	16384 14496
	16384 14528
	5344 14528
4
	0 14528
	4512 14528
	4512 14560
	0 14560
4
	5344 14528
	16384 14528
	16384 14560
	5344 14560
4
	0 14560
	4416 14560
	4416 14592
	0 14592
4
	5344 14560
	16384 14560
	16384 14592
	5344 14592
4
	0 14592
	4416 14592
	4416 14624
	0 14624
4
	5344 14592
	16384 14592
	16384 14624
	5344 14624
4
	0 14624
	4416 14624
	4416 14656
	0 14656
4
	5344 14624
	16384 14624
	16384 14656
	5344 14656
4
	0 14656
	4416 14656
	4416 14688
	0 14688
4
	5248 14656
	16384 14656
	16384 14688
	5248 14688
4
	0 14688
	4416 14688
	4416 14720
	0 14720
4
	5248 14688
	16384 14688
	16384 14720
	5248 14720
4
	0 14720
	4416 14720
	4416 14752
	0 14752
4
	5248 14720
	16384 14720
	16384 14752
	5248 14752
4
	0 14752
	4320 14752
	4320 14784
	0 14784
4
	5120 14752
	16384 14752
	16384 14784
	5120 14784
4
	0 14784
	4320 14784
	4320 14816
	0 14816
4
	5120 14784
	16384 14784
	16384 14816
	5120 14816
4
	0 14816
	4320 14816
	4320 14848
	0 14848
4
	5120 14816
	16384 14816
	16384 14848
	5120 14848
4
	0 14848
	4320 14848
	4320 14880
	0 14880
4
	5120 14848
	16384 14848
	16384 14880
	5120 14880
4
	0 14880
	4320 14880
	4320 14912
	0 14912
4
	5120 14880
	16384 14880
	16384 14912
	5120 14912
4
	0 14912
	4320 14912
	4320 14944
	0 14944
4
	5120 14912
	16384 14912
	16384 14944
	5120 14944
4
	0 14944
	4320 14944
	4320 14976
	0 14976
4
	5120 14944
	16384 14944
	16384 14976
	5120 14976
4
	0 14976
	4224 14976
	4224 15008
	0 15008
4
	5024 14976
	16384 14976
	16384 15008
	5024 15008
4
	0 15008
	4224 15008
	4224 15040
	0 15040
4
	5024 15008
	16384 15008
	16384 15040
	5024 15040
4
	0 15040
	4224 15040
	4224 15072
	0 15072
4
	5024 15040
	16384 15040
	16384 15072
	5024 15072
4
	0 15072
	4224 15072
	4224 15104
	0 15104
4
	5024 15072
	16384 15072
	16384 15104
	5024 15104
4
	0 15104
	4224 15104
	4224 15136
	0 15136
4
	5024 15104
	16384 15104
	16384 15136
	5024 15136
4
	0 15136
	4224 15136
	4224 15168
	0 15168
4
	5024 15136
	16384 15136
	16384 15168
	5024 15168
4
	0 15168
	4096 15168
	4096 15200
	0 15200
4
	5024 15168
	16384 15168
	16384 15200
	5024 15200
4
	0 15200
	4096 15200
	4096 15232
	0 15232
4
	5024 15200
	16384 15200
	16384 15232
	5024 15232
4
	0 15232
	4096 15232
	4096 15264
	0 15264
4
	5024 15232
	16384 15232
	16384 15264
	5024 15264
4
	0 15264
	4096 15264
	4096 15296
	0 15296
4
	4928 15264
	16384 15264
	16384 15296
	4928 15296
4
	0 15296
	4096 15296
	4096 15328
	0 15328
4
	4928 15296
	16384 15296
	16384 15328
	4928 15328
4
	0 15328
	4096 15328
	4096 15360
	0 15360
4
	4928 15328
	16384 15328
	16384 15360
	4928 15360
4
	0 15360
	4000 15360
	4000 15392
	0 15392
4
	4928 15360
	16384 15360
	16384 15392
	4928 15392
4
	0 15392
	4000 15392
	4000 15424
	0 15424
4
	4928 15392
	16384 15392
	16384 15424
	4928 15424
4
	0 15424
	4000 15424
	4000 15456
	0 15456
4
	4928 15424
	16384 15424
	16384 15456
	4928 15456
4
	0 15456
	4000 15456
	4000 15488
	0 15488
4
	4928 15456
	16384 15456
	16384 15488
	4928 15488
4
	0 15488
	4224 15488
	4224 15520
	0 15520
4
	4832 15488
	16384 15488
	16384 15520
	4832 15520
4
	0 15520
	4224 15520
	4224 15552
	0 15552
4
	4832 15520
	16384 15520
	16384 15552
	4832 15552
4
	0 15552
	4224 15552
	4224 15584
	0 15584
4
	4832 15552
	16384 15552
	16384 15584
	4832 15584
4
	0 15584
	4320 15584
	4320 15616
	0 15616
4
	4832 15584
	16384 15584
	16384 15616
	4832 15616
4
	0 15616
	4320 15616
	4320 15648
	0 15648
4
	4832 15616
	16384 15616
	16384 15648
	4832 15648
4
	0 15648
	4320 15648
	4320 15680
	0 15680
4
	4832 15648
	16384 15648
	16384 15680
	4832 15680
4
	0 15680
	4512 15680
	4512 15712
	0 15712
4
	4832 15680
	16384 15680
	16384 15712
	4832 15712
4
	0 15712
	4512 15712
	4512 15744
	0 15744
4
	4832 15712
	16384 15712
	16384 15744
	4832 15744
4
	0 15744
	4512 15744
	4512 15776
	0 15776
4
	4832 15744
	16384 15744
	16384 15776
	4832 15776
4
	0 15776
	16384 15776
	16384 15808
	0 15808
4
	0 15808
	16384 15808
	16384 15840
	0 15840
4
	0 15840
	16384 15840
	16384 15872
	0 15872
4
	0 15872
	16384 15872
	16384 15904
	0 15904
4
	0 15904
	16384 15904
	16384 15936
	0 15936
4
	0 15936
	16384 15936
	16384 15968
	0 15968
4
	0 15968
	16384 15968
	16384 16000
	0 16000
4
	0 16000
	16384 16000
	16384 16032
	0 16032
4
	0 16032
	16384 16032
	16384 16064
	0 16064
4
	0 16064
	16384 16064
	16384 16096
	0 16096
4
	0 16096
	16384 16096
	16384 16128
	0 16128
4
	0 16128
	16384 16128
	16384 16160
	0 16160
4
	0 16160
	16384 16160
	16384 16192
	0 16192
4
	0 16192
	16384 16192
	16384 16224
	0 16224
4
	0 16224
	16384 16224
	16384 16256
	0 16256
4
	0 16256
	16384 16256
	16384 16288
	0 16288
4
	0 16288
	16384 16288
	16384 16320
	0 16320
4
	0 16320
	16384 16320
	16384 16352
	0 16352
4
	0 16352
	16384 16352
	16384 16384
	0 16384
4
	-32 -32
	16416 -32
	16416 0
	-32 0
4
	-32 16384
	16416 16384
	16416 16416
	-32 16416
4
	-32 0
	0 0
	0 16384
	-32 16384
4
	16384 0
	16416 0
	16416 16384
	16384 16384
