1976
4
	0 0
	16384 0
	16384 32
	0 32
4
	0 32
	16384 32
	16384 64
	0 64
4
	0 64
	16384 64
	16384 96
	0 96
4
	0 96
	16384 96
	16384 128
	0 128
4
	0 128
	16384 128
	16384 160
	0 160
4
	0 160
	16384 160
	16384 192
	0 192
4
	0 192
	16384 192
	16384 224
	0 224
4
	0 224
	16384 224
	16384 256
	0 256
4
	0 256
	16384 256
	16384 288
	0 288
4
	0 288
	16384 288
	16384 320
	0 320
4
	0 320
	16384 320
	16384 352
	0 352
4
	0 352
	16384 352
	16384 384
	0 384
4
	0 384
	16384 384
	16384 416
	0 416
4
	0 416
	16384 416
	16384 448
	0 448
4
	0 448
	16384 448
	16384 480
	0 480
4
	0 480
	16384 480
	16384 512
	0 512
4
	0 512
	16384 512
	16384 544
	0 544
4
	0 544
	16384 544
	16384 576
	0 576
4
	0 576
	16384 576
	16384 608
	0 608
4
	0 608
	16384 608
	16384 640
	0 640
4
	0 640
	16384 640
	16384 672
	0 672
4
	0 672
	16384 672
	16384 704
	0 704
4
	0 704
	16384 704
	16384 736
	0 736
4
	0 736
	16384 736
	16384 768
	0 768
4
	0 768
	16384 768
	16384 800
	0 800
4
	0 800
	16384 800
	16384 832
	0 832
4
	0 832
	16384 832
	16384 864
	0 864
4
	0 864
	16384 864
	16384 896
	0 896
4
	0 896
	16384 896
	16384 928
	0 928
4
	0 928
	16384 928
	16384 960
	0 960
4
	0 960
	16384 960
	16384 992
	0 992
4
	0 992
	16384 992
	16384 1024
	0 1024
4
	0 1024
	16384 1024
	16384 1056
	0 1056
4
	0 1056
	16384 1056
	16384 1088
	0 1088
4
	0 1088
	16384 1088
	16384 1120
	0 1120
4
	0 1120
	16384 1120
	16384 1152
	0 1152
4
	0 1152
	16384 1152
	16384 1184
	0 1184
4
	0 1184
	16384 1184
	16384 1216
	0 1216
4
	0 1216
	16384 1216
	16384 1248
	0 1248
4
	0 1248
	16384 1248
	16384 1280
	0 1280
4
	0 1280
	16384 1280
	16384 1312
	0 1312
4
	0 1312
	16384 1312
	16384 1344
	0 1344
4
	0 1344
	16384 1344
	16384 1376
	0 1376
4
	0 1376
	16384 1376
	16384 1408
	0 1408
4
	0 1408
	16384 1408
	16384 1440
	0 1440
4
	0 1440
	16384 1440
	16384 1472
	0 1472
4
	0 1472
	16384 1472
	16384 1504
	0 1504
4
	0 1504
	16384 1504
	16384 1536
	0 1536
4
	0 1536
	16384 1536
	16384 1568
	0 1568
4
	0 1568
	7904 1568
	7904 1600
	0 1600
4
	8192 1568
	16384 1568
	16384 1600
	8192 1600
4
	0 1600
	7904 1600
	7904 1632
	0 1632
4
	8192 1600
	16384 1600
	16384 1632
	8192 1632
4
	0 1632
	7840 1632
	7840 1664
	0 1664
4
	8256 1632
	16384 1632
	16384 1664
	8256 1664
4
	0 1664
	7840 1664
	7840 1696
	0 1696
4
	8256 1664
	16384 1664
	16384 1696
	8256 1696
4
	0 1696
	7776 1696
	7776 1728
	0 1728
4
	8320 1696
	16384 1696
	16384 1728
	8320 1728
4
	0 1728
	7712 1728
	7712 1760
	0 1760
4
	8384 1728
	16384 1728
	16384 1760
	8384 1760
4
	0 1760
	7712 1760
	7712 1792
	0 1792
4
	8384 1760
	16384 1760
	16384 1792
	8384 1792
4
	0 1792
	7648 1792
	7648 1824
	0 1824
4
	8512 1792
	16384 1792
	16384 1824
	8512 1824
4
	0 1824
	7648 1824
	7648 1856
	0 1856
4
	8512 1824
	16384 1824
	16384 1856
	8512 1856
4
	0 1856
	7584 1856
	7584 1888
	0 1888
4
	8512 1856
	16384 1856
	16384 1888
	8512 1888
4
	0 1888
	7584 1888
	7584 1920
	0 1920
4
	8512 1888
	16384 1888
	16384 1920
	8512 1920
4
	0 1920
	7520 1920
	7520 1952
	0 1952
4
	8448 1920
	16384 1920
	16384 1952
	8448 1952
4
	0 1952
	7456 1952
	7456 1984
	0 1984
4
	8448 1952
	16384 1952
	16384 1984
	8448 1984
4
	0 1984
	7456 1984
	7456 2016
	0 2016
4
	8448 1984
	16384 1984
	16384 2016
	8448 2016
4
	0 2016
	7392 2016
	7392 2048
	0 2048
4
	8512 2016
	16384 2016
	16384 2048
	8512 2048
4
	0 2048
	7392 2048
	7392 2080
	0 2080
4
	8512 2048
	16384 2048
	16384 2080
	8512 2080
4
	0 2080
	7328 2080
	7328 2112
	0 2112
4
	7456 2080
	7840 2080
	7840 2112
	7456 2112
4
	8512 2080
	16384 2080
	16384 2112
	8512 2112
4
	0 2112
	7328 2112
	7328 2144
	0 2144
4
	7456 2112
	7840 2112
	7840 2144
	7456 2144
4
	8512 2112
	16384 2112
	16384 2144
	8512 2144
4
	0 2144
	8032 2144
	8032 2176
	0 2176
4
	8640 2144
	12256 2144
	12256 2176
	8640 2176
4
	12352 2144
	16384 2144
	16384 2176
	12352 2176
4
	0 2176
	8192 2176
	8192 2208
	0 2208
4
	9024 2176
	12192 2176
	12192 2208
	9024 2208
4
	12416 2176
	16384 2176
	16384 2208
	12416 2208
4
	0 2208
	8192 2208
	8192 2240
	0 2240
4
	9024 2208
	12192 2208
	12192 2240
	9024 2240
4
	12416 2208
	16384 2208
	16384 2240
	12416 2240
4
	0 2240
	8256 2240
	8256 2272
	0 2272
4
	9088 2240
	12128 2240
	12128 2272
	9088 2272
4
	12480 2240
	16384 2240
	16384 2272
	12480 2272
4
	0 2272
	8256 2272
	8256 2304
	0 2304
4
	9088 2272
	12128 2272
	12128 2304
	9088 2304
4
	12480 2272
	16384 2272
	16384 2304
	12480 2304
4
	0 2304
	8320 2304
	8320 2336
	0 2336
4
	9152 2304
	12064 2304
	12064 2336
	9152 2336
4
	12544 2304
	16384 2304
	16384 2336
	12544 2336
4
	0 2336
	8320 2336
	8320 2368
	0 2368
4
	9152 2336
	12064 2336
	12064 2368
	9152 2368
4
	12544 2336
	16384 2336
	16384 2368
	12544 2368
4
	0 2368
	8320 2368
	8320 2400
	0 2400
4
	9216 2368
	12000 2368
	12000 2400
	9216 2400
4
	12608 2368
	16384 2368
	16384 2400
	12608 2400
4
	0 2400
	8384 2400
	8384 2432
	0 2432
4
	9280 2400
	12064 2400
	12064 2432
	9280 2432
4
	12544 2400
	16384 2400
	16384 2432
	12544 2432
4
	0 2432
	8384 2432
	8384 2464
	0 2464
4
	9280 2432
	12064 2432
	12064 2464
	9280 2464
4
	12544 2432
	16384 2432
	16384 2464
	12544 2464
4
	0 2464
	8448 2464
	8448 2496
	0 2496
4
	9216 2464
	12064 2464
	12064 2496
	9216 2496
4
	12608 2464
	16384 2464
	16384 2496
	12608 2496
4
	0 2496
	8448 2496
	8448 2528
	0 2528
4
	9216 2496
	12064 2496
	12064 2528
	9216 2528
4
	12608 2496
	16384 2496
	16384 2528
	12608 2528
4
	0 2528
	8512 2528
	8512 2560
	0 2560
4
	9216 2528
	12128 2528
	12128 2560
	9216 2560
4
	12736 2528
	16384 2528
	16384 2560
	12736 2560
4
	0 2560
	8512 2560
	8512 2592
	0 2592
4
	9216 2560
	12128 2560
	12128 2592
	9216 2592
4
	12736 2560
	16384 2560
	16384 2592
	12736 2592
4
	0 2592
	8576 2592
	8576 2624
	0 2624
4
	9280 2592
	12192 2592
	12192 2624
	9280 2624
4
	12800 2592
	16384 2592
	16384 2624
	12800 2624
4
	0 2624
	8640 2624
	8640 2656
	0 2656
4
	9344 2624
	12256 2624
	12256 2656
	9344 2656
4
	12800 2624
	16384 2624
	16384 2656
	12800 2656
4
	0 2656
	8640 2656
	8640 2688
	0 2688
4
	9344 2656
	12256 2656
	12256 2688
	9344 2688
4
	12800 2656
	16384 2656
	16384 2688
	12800 2688
4
	0 2688
	6688 2688
	6688 2720
	0 2720
4
	6752 2688
	8704 2688
	8704 2720
	6752 2720
4
	9664 2688
	12288 2688
	12288 2720
	9664 2720
4
	12928 2688
	16384 2688
	16384 2720
	12928 2720
4
	0 2720
	6688 2720
	6688 2752
	0 2752
4
	6752 2720
	8704 2720
	8704 2752
	6752 2752
4
	9664 2720
	12288 2720
	12288 2752
	9664 2752
4
	12928 2720
	16384 2720
	16384 2752
	12928 2752
4
	0 2752
	6624 2752
	6624 2784
	0 2784
4
	6752 2752
	8768 2752
	8768 2784
	6752 2784
4
	9792 2752
	12352 2752
	12352 2784
	9792 2784
4
	12928 2752
	16384 2752
	16384 2784
	12928 2784
4
	0 2784
	6624 2784
	6624 2816
	0 2816
4
	6752 2784
	8768 2784
	8768 2816
	6752 2816
4
	9792 2784
	12352 2784
	12352 2816
	9792 2816
4
	12928 2784
	16384 2784
	16384 2816
	12928 2816
4
	0 2816
	6560 2816
	6560 2848
	0 2848
4
	6752 2816
	8832 2816
	8832 2848
	6752 2848
4
	9856 2816
	12544 2816
	12544 2848
	9856 2848
4
	12992 2816
	16384 2816
	16384 2848
	12992 2848
4
	0 2848
	6496 2848
	6496 2880
	0 2880
4
	6752 2848
	8960 2848
	8960 2880
	6752 2880
4
	9920 2848
	12544 2848
	12544 2880
	9920 2880
4
	13056 2848
	16384 2848
	16384 2880
	13056 2880
4
	0 2880
	6496 2880
	6496 2912
	0 2912
4
	6752 2880
	8960 2880
	8960 2912
	6752 2912
4
	9920 2880
	12544 2880
	12544 2912
	9920 2912
4
	13056 2880
	16384 2880
	16384 2912
	13056 2912
4
	0 2912
	6432 2912
	6432 2944
	0 2944
4
	6752 2912
	9024 2912
	9024 2944
	6752 2944
4
	9984 2912
	12544 2912
	12544 2944
	9984 2944
4
	13056 2912
	16384 2912
	16384 2944
	13056 2944
4
	0 2944
	6432 2944
	6432 2976
	0 2976
4
	6752 2944
	9024 2944
	9024 2976
	6752 2976
4
	9984 2944
	12544 2944
	12544 2976
	9984 2976
4
	13056 2944
	16384 2944
	16384 2976
	13056 2976
4
	0 2976
	6368 2976
	6368 3008
	0 3008
4
	6816 2976
	9152 2976
	9152 3008
	6816 3008
4
	9984 2976
	12544 2976
	12544 3008
	9984 3008
4
	13120 2976
	16384 2976
	16384 3008
	13120 3008
4
	0 3008
	6368 3008
	6368 3040
	0 3040
4
	6816 3008
	9152 3008
	9152 3040
	6816 3040
4
	9984 3008
	12544 3008
	12544 3040
	9984 3040
4
	13120 3008
	16384 3008
	16384 3040
	13120 3040
4
	0 3040
	6304 3040
	6304 3072
	0 3072
4
	6816 3040
	9216 3040
	9216 3072
	6816 3072
4
	9984 3040
	12608 3040
	12608 3072
	9984 3072
4
	13120 3040
	16384 3040
	16384 3072
	13120 3072
4
	0 3072
	6240 3072
	6240 3104
	0 3104
4
	6880 3072
	9344 3072
	9344 3104
	6880 3104
4
	9984 3072
	12608 3072
	12608 3104
	9984 3104
4
	13184 3072
	16384 3072
	16384 3104
	13184 3104
4
	0 3104
	6240 3104
	6240 3136
	0 3136
4
	6880 3104
	9344 3104
	9344 3136
	6880 3136
4
	9984 3104
	12608 3104
	12608 3136
	9984 3136
4
	13184 3104
	16384 3104
	16384 3136
	13184 3136
4
	0 3136
	6176 3136
	6176 3168
	0 3168
4
	6944 3136
	9408 3136
	9408 3168
	6944 3168
4
	9984 3136
	12672 3136
	12672 3168
	9984 3168
4
	13184 3136
	16384 3136
	16384 3168
	13184 3168
4
	0 3168
	6176 3168
	6176 3200
	0 3200
4
	6944 3168
	9408 3168
	9408 3200
	6944 3200
4
	9984 3168
	12672 3168
	12672 3200
	9984 3200
4
	13184 3168
	16384 3168
	16384 3200
	13184 3200
4
	0 3200
	6240 3200
	6240 3232
	0 3232
4
	7008 3200
	9472 3200
	9472 3232
	7008 3232
4
	9984 3200
	10048 3200
	10048 3232
	9984 3232
4
	10336 3200
	12736 3200
	12736 3232
	10336 3232
4
	13248 3200
	16384 3200
	16384 3232
	13248 3232
4
	0 3232
	6240 3232
	6240 3264
	0 3264
4
	7008 3232
	9472 3232
	9472 3264
	7008 3264
4
	9984 3232
	10048 3232
	10048 3264
	9984 3264
4
	10336 3232
	12736 3232
	12736 3264
	10336 3264
4
	13248 3232
	16384 3232
	16384 3264
	13248 3264
4
	0 3264
	6080 3264
	6080 3296
	0 3296
4
	6144 3264
	6240 3264
	6240 3296
	6144 3296
4
	7072 3264
	9536 3264
	9536 3296
	7072 3296
4
	10400 3264
	12736 3264
	12736 3296
	10400 3296
4
	13184 3264
	16384 3264
	16384 3296
	13184 3296
4
	0 3296
	6080 3296
	6080 3328
	0 3328
4
	7072 3296
	9600 3296
	9600 3328
	7072 3328
4
	10464 3296
	12800 3296
	12800 3328
	10464 3328
4
	13184 3296
	16384 3296
	16384 3328
	13184 3328
4
	0 3328
	6080 3328
	6080 3360
	0 3360
4
	7072 3328
	9600 3328
	9600 3360
	7072 3360
4
	10464 3328
	12800 3328
	12800 3360
	10464 3360
4
	13184 3328
	16384 3328
	16384 3360
	13184 3360
4
	0 3360
	6144 3360
	6144 3392
	0 3392
4
	7136 3360
	9664 3360
	9664 3392
	7136 3392
4
	10528 3360
	12928 3360
	12928 3392
	10528 3392
4
	13312 3360
	16384 3360
	16384 3392
	13312 3392
4
	0 3392
	6144 3392
	6144 3424
	0 3424
4
	7136 3392
	9664 3392
	9664 3424
	7136 3424
4
	10528 3392
	12928 3392
	12928 3424
	10528 3424
4
	13312 3392
	16384 3392
	16384 3424
	13312 3424
4
	0 3424
	6176 3424
	6176 3456
	0 3456
4
	7136 3424
	9728 3424
	9728 3456
	7136 3456
4
	10528 3424
	12928 3424
	12928 3456
	10528 3456
4
	13312 3424
	16384 3424
	16384 3456
	13312 3456
4
	0 3456
	6240 3456
	6240 3488
	0 3488
4
	7136 3456
	9728 3456
	9728 3488
	7136 3488
4
	10528 3456
	12736 3456
	12736 3488
	10528 3488
4
	13376 3456
	16384 3456
	16384 3488
	13376 3488
4
	0 3488
	6240 3488
	6240 3520
	0 3520
4
	7136 3488
	9728 3488
	9728 3520
	7136 3520
4
	10528 3488
	12736 3488
	12736 3520
	10528 3520
4
	13376 3488
	16384 3488
	16384 3520
	13376 3520
4
	0 3520
	6368 3520
	6368 3552
	0 3552
4
	7072 3520
	9856 3520
	9856 3552
	7072 3552
4
	10720 3520
	12544 3520
	12544 3552
	10720 3552
4
	13376 3520
	16384 3520
	16384 3552
	13376 3552
4
	0 3552
	6368 3552
	6368 3584
	0 3584
4
	7072 3552
	9856 3552
	9856 3584
	7072 3584
4
	10720 3552
	12544 3552
	12544 3584
	10720 3584
4
	13376 3552
	16384 3552
	16384 3584
	13376 3584
4
	0 3584
	6432 3584
	6432 3616
	0 3616
4
	7136 3584
	9920 3584
	9920 3616
	7136 3616
4
	10848 3584
	12544 3584
	12544 3616
	10848 3616
4
	13376 3584
	16384 3584
	16384 3616
	13376 3616
4
	0 3616
	6432 3616
	6432 3648
	0 3648
4
	7136 3616
	9920 3616
	9920 3648
	7136 3648
4
	10848 3616
	12544 3616
	12544 3648
	10848 3648
4
	13376 3616
	16384 3616
	16384 3648
	13376 3648
4
	0 3648
	6496 3648
	6496 3680
	0 3680
4
	6624 3648
	6880 3648
	6880 3680
	6624 3680
4
	7136 3648
	7392 3648
	7392 3680
	7136 3680
4
	7520 3648
	9856 3648
	9856 3680
	7520 3680
4
	10912 3648
	12544 3648
	12544 3680
	10912 3680
4
	13376 3648
	16384 3648
	16384 3680
	13376 3680
4
	0 3680
	6560 3680
	6560 3712
	0 3712
4
	6624 3680
	7008 3680
	7008 3712
	6624 3712
4
	7584 3680
	9088 3680
	9088 3712
	7584 3712
4
	9152 3680
	9792 3680
	9792 3712
	9152 3712
4
	10976 3680
	11616 3680
	11616 3712
	10976 3712
4
	11936 3680
	12544 3680
	12544 3712
	11936 3712
4
	13440 3680
	16384 3680
	16384 3712
	13440 3712
4
	0 3712
	6560 3712
	6560 3744
	0 3744
4
	6624 3712
	7008 3712
	7008 3744
	6624 3744
4
	7584 3712
	9088 3712
	9088 3744
	7584 3744
4
	9152 3712
	9792 3712
	9792 3744
	9152 3744
4
	10976 3712
	11616 3712
	11616 3744
	10976 3744
4
	11936 3712
	12544 3712
	12544 3744
	11936 3744
4
	13440 3712
	16384 3712
	16384 3744
	13440 3744
4
	0 3744
	7008 3744
	7008 3776
	0 3776
4
	7584 3744
	9024 3744
	9024 3776
	7584 3776
4
	9216 3744
	9792 3744
	9792 3776
	9216 3776
4
	10976 3744
	11296 3744
	11296 3776
	10976 3776
4
	11936 3744
	12544 3744
	12544 3776
	11936 3776
4
	13440 3744
	16384 3744
	16384 3776
	13440 3776
4
	0 3776
	7008 3776
	7008 3808
	0 3808
4
	7584 3776
	9024 3776
	9024 3808
	7584 3808
4
	9216 3776
	9792 3776
	9792 3808
	9216 3808
4
	10976 3776
	11296 3776
	11296 3808
	10976 3808
4
	11936 3776
	12544 3776
	12544 3808
	11936 3808
4
	13440 3776
	16384 3776
	16384 3808
	13440 3808
4
	0 3808
	7072 3808
	7072 3840
	0 3840
4
	7520 3808
	8960 3808
	8960 3840
	7520 3840
4
	9216 3808
	9728 3808
	9728 3840
	9216 3840
4
	11936 3808
	12544 3808
	12544 3840
	11936 3840
4
	12928 3808
	13056 3808
	13056 3840
	12928 3840
4
	13440 3808
	16384 3808
	16384 3840
	13440 3840
4
	0 3840
	7072 3840
	7072 3872
	0 3872
4
	7520 3840
	8960 3840
	8960 3872
	7520 3872
4
	9216 3840
	9728 3840
	9728 3872
	9216 3872
4
	11936 3840
	12544 3840
	12544 3872
	11936 3872
4
	12928 3840
	13056 3840
	13056 3872
	12928 3872
4
	13440 3840
	16384 3840
	16384 3872
	13440 3872
4
	0 3872
	7072 3872
	7072 3904
	0 3904
4
	7520 3872
	8960 3872
	8960 3904
	7520 3904
4
	9216 3872
	9344 3872
	9344 3904
	9216 3904
4
	9536 3872
	9792 3872
	9792 3904
	9536 3904
4
	12000 3872
	12544 3872
	12544 3904
	12000 3904
4
	12928 3872
	12992 3872
	12992 3904
	12928 3904
4
	13440 3872
	16384 3872
	16384 3904
	13440 3904
4
	0 3904
	7072 3904
	7072 3936
	0 3936
4
	7520 3904
	7776 3904
	7776 3936
	7520 3936
4
	7904 3904
	8960 3904
	8960 3936
	7904 3936
4
	9536 3904
	9856 3904
	9856 3936
	9536 3936
4
	12000 3904
	12480 3904
	12480 3936
	12000 3936
4
	12800 3904
	12992 3904
	12992 3936
	12800 3936
4
	13440 3904
	16384 3904
	16384 3936
	13440 3936
4
	0 3936
	7072 3936
	7072 3968
	0 3968
4
	7520 3936
	7776 3936
	7776 3968
	7520 3968
4
	7904 3936
	8960 3936
	8960 3968
	7904 3968
4
	9536 3936
	9856 3936
	9856 3968
	9536 3968
4
	12000 3936
	12480 3936
	12480 3968
	12000 3968
4
	12800 3936
	12992 3936
	12992 3968
	12800 3968
4
	13440 3936
	16384 3936
	16384 3968
	13440 3968
4
	0 3968
	7008 3968
	7008 4000
	0 4000
4
	7584 3968
	7776 3968
	7776 4000
	7584 4000
4
	7968 3968
	9024 3968
	9024 4000
	7968 4000
4
	9536 3968
	9856 3968
	9856 4000
	9536 4000
4
	10464 3968
	10592 3968
	10592 4000
	10464 4000
4
	10656 3968
	10848 3968
	10848 4000
	10656 4000
4
	12064 3968
	12992 3968
	12992 4000
	12064 4000
4
	13504 3968
	16384 3968
	16384 4000
	13504 4000
4
	0 4000
	7008 4000
	7008 4032
	0 4032
4
	7584 4000
	7776 4000
	7776 4032
	7584 4032
4
	7968 4000
	9024 4000
	9024 4032
	7968 4032
4
	9536 4000
	9856 4000
	9856 4032
	9536 4032
4
	10464 4000
	10592 4000
	10592 4032
	10464 4032
4
	10656 4000
	10848 4000
	10848 4032
	10656 4032
4
	12064 4000
	12992 4000
	12992 4032
	12064 4032
4
	13504 4000
	16384 4000
	16384 4032
	13504 4032
4
	0 4032
	7008 4032
	7008 4064
	0 4064
4
	7968 4032
	9088 4032
	9088 4064
	7968 4064
4
	9664 4032
	9856 4032
	9856 4064
	9664 4064
4
	10464 4032
	10848 4032
	10848 4064
	10464 4064
4
	11488 4032
	11616 4032
	11616 4064
	11488 4064
4
	11936 4032
	13056 4032
	13056 4064
	11936 4064
4
	13504 4032
	16384 4032
	16384 4064
	13504 4064
4
	0 4064
	7008 4064
	7008 4096
	0 4096
4
	7968 4064
	9088 4064
	9088 4096
	7968 4096
4
	9664 4064
	9856 4064
	9856 4096
	9664 4096
4
	10464 4064
	10848 4064
	10848 4096
	10464 4096
4
	11488 4064
	11616 4064
	11616 4096
	11488 4096
4
	11936 4064
	13056 4064
	13056 4096
	11936 4096
4
	13504 4064
	16384 4064
	16384 4096
	13504 4096
4
	0 4096
	7072 4096
	7072 4128
	0 4128
4
	7904 4096
	9088 4096
	9088 4128
	7904 4128
4
	10400 4096
	10848 4096
	10848 4128
	10400 4128
4
	11488 4096
	11680 4096
	11680 4128
	11488 4128
4
	11808 4096
	13056 4096
	13056 4128
	11808 4128
4
	13504 4096
	16384 4096
	16384 4128
	13504 4128
4
	0 4128
	7200 4128
	7200 4160
	0 4160
4
	7456 4128
	7520 4128
	7520 4160
	7456 4160
4
	7904 4128
	8160 4128
	8160 4160
	7904 4160
4
	8192 4128
	9152 4128
	9152 4160
	8192 4160
4
	10336 4128
	10976 4128
	10976 4160
	10336 4160
4
	11552 4128
	13056 4128
	13056 4160
	11552 4160
4
	13504 4128
	16384 4128
	16384 4160
	13504 4160
4
	0 4160
	7200 4160
	7200 4192
	0 4192
4
	7456 4160
	7520 4160
	7520 4192
	7456 4192
4
	7904 4160
	8160 4160
	8160 4192
	7904 4192
4
	8192 4160
	9152 4160
	9152 4192
	8192 4192
4
	10336 4160
	10976 4160
	10976 4192
	10336 4192
4
	11552 4160
	13056 4160
	13056 4192
	11552 4192
4
	13504 4160
	16384 4160
	16384 4192
	13504 4192
4
	0 4192
	7264 4192
	7264 4224
	0 4224
4
	7328 4192
	7584 4192
	7584 4224
	7328 4224
4
	7904 4192
	8160 4192
	8160 4224
	7904 4224
4
	8256 4192
	9152 4192
	9152 4224
	8256 4224
4
	10272 4192
	11040 4192
	11040 4224
	10272 4224
4
	11680 4192
	13056 4192
	13056 4224
	11680 4224
4
	13504 4192
	16384 4192
	16384 4224
	13504 4224
4
	0 4224
	7264 4224
	7264 4256
	0 4256
4
	7328 4224
	7584 4224
	7584 4256
	7328 4256
4
	7904 4224
	8160 4224
	8160 4256
	7904 4256
4
	8256 4224
	9152 4224
	9152 4256
	8256 4256
4
	10272 4224
	11040 4224
	11040 4256
	10272 4256
4
	11680 4224
	13056 4224
	13056 4256
	11680 4256
4
	13504 4224
	16384 4224
	16384 4256
	13504 4256
4
	0 4256
	7648 4256
	7648 4288
	0 4288
4
	7968 4256
	8160 4256
	8160 4288
	7968 4288
4
	8320 4256
	9216 4256
	9216 4288
	8320 4288
4
	10176 4256
	11104 4256
	11104 4288
	10176 4288
4
	11744 4256
	13056 4256
	13056 4288
	11744 4288
4
	13504 4256
	16384 4256
	16384 4288
	13504 4288
4
	0 4288
	7648 4288
	7648 4320
	0 4320
4
	7968 4288
	8160 4288
	8160 4320
	7968 4320
4
	8320 4288
	9216 4288
	9216 4320
	8320 4320
4
	10176 4288
	11104 4288
	11104 4320
	10176 4320
4
	11744 4288
	13056 4288
	13056 4320
	11744 4320
4
	13504 4288
	16384 4288
	16384 4320
	13504 4320
4
	0 4320
	7648 4320
	7648 4352
	0 4352
4
	8320 4320
	9280 4320
	9280 4352
	8320 4352
4
	10048 4320
	11168 4320
	11168 4352
	10048 4352
4
	11808 4320
	13056 4320
	13056 4352
	11808 4352
4
	13504 4320
	16384 4320
	16384 4352
	13504 4352
4
	0 4352
	7648 4352
	7648 4384
	0 4384
4
	8320 4352
	9280 4352
	9280 4384
	8320 4384
4
	9984 4352
	11232 4352
	11232 4384
	9984 4384
4
	11872 4352
	13056 4352
	13056 4384
	11872 4384
4
	13504 4352
	16384 4352
	16384 4384
	13504 4384
4
	0 4384
	7648 4384
	7648 4416
	0 4416
4
	8320 4384
	9280 4384
	9280 4416
	8320 4416
4
	9984 4384
	11232 4384
	11232 4416
	9984 4416
4
	11872 4384
	13056 4384
	13056 4416
	11872 4416
4
	13504 4384
	16384 4384
	16384 4416
	13504 4416
4
	0 4416
	7648 4416
	7648 4448
	0 4448
4
	8320 4416
	9344 4416
	9344 4448
	8320 4448
4
	9984 4416
	11296 4416
	11296 4448
	9984 4448
4
	11936 4416
	13120 4416
	13120 4448
	11936 4448
4
	13440 4416
	16384 4416
	16384 4448
	13440 4448
4
	0 4448
	7648 4448
	7648 4480
	0 4480
4
	8320 4448
	9344 4448
	9344 4480
	8320 4480
4
	9984 4448
	11296 4448
	11296 4480
	9984 4480
4
	11936 4448
	13120 4448
	13120 4480
	11936 4480
4
	13440 4448
	16384 4448
	16384 4480
	13440 4480
4
	0 4480
	7648 4480
	7648 4512
	0 4512
4
	8384 4480
	8448 4480
	8448 4512
	8384 4512
4
	8640 4480
	9344 4480
	9344 4512
	8640 4512
4
	10112 4480
	11360 4480
	11360 4512
	10112 4512
4
	12000 4480
	13120 4480
	13120 4512
	12000 4512
4
	13440 4480
	16384 4480
	16384 4512
	13440 4512
4
	0 4512
	7648 4512
	7648 4544
	0 4544
4
	8384 4512
	8448 4512
	8448 4544
	8384 4544
4
	8640 4512
	9344 4512
	9344 4544
	8640 4544
4
	10112 4512
	11360 4512
	11360 4544
	10112 4544
4
	12000 4512
	13120 4512
	13120 4544
	12000 4544
4
	13440 4512
	16384 4512
	16384 4544
	13440 4544
4
	0 4544
	7712 4544
	7712 4576
	0 4576
4
	8704 4544
	8896 4544
	8896 4576
	8704 4576
4
	9152 4544
	9344 4544
	9344 4576
	9152 4576
4
	10112 4544
	11424 4544
	11424 4576
	10112 4576
4
	12000 4544
	13120 4544
	13120 4576
	12000 4576
4
	13504 4544
	16384 4544
	16384 4576
	13504 4576
4
	0 4576
	7776 4576
	7776 4608
	0 4608
4
	8704 4576
	8832 4576
	8832 4608
	8704 4608
4
	9728 4576
	9792 4576
	9792 4608
	9728 4608
4
	10272 4576
	11488 4576
	11488 4608
	10272 4608
4
	11936 4576
	13056 4576
	13056 4608
	11936 4608
4
	13504 4576
	16384 4576
	16384 4608
	13504 4608
4
	0 4608
	7776 4608
	7776 4640
	0 4640
4
	8704 4608
	8832 4608
	8832 4640
	8704 4640
4
	9728 4608
	9792 4608
	9792 4640
	9728 4640
4
	10272 4608
	11488 4608
	11488 4640
	10272 4640
4
	11936 4608
	13056 4608
	13056 4640
	11936 4640
4
	13504 4608
	16384 4608
	16384 4640
	13504 4640
4
	0 4640
	7840 4640
	7840 4672
	0 4672
4
	9664 4640
	9856 4640
	9856 4672
	9664 4672
4
	10336 4640
	11552 4640
	11552 4672
	10336 4672
4
	11808 4640
	13056 4640
	13056 4672
	11808 4672
4
	13504 4640
	16384 4640
	16384 4672
	13504 4672
4
	0 4672
	7840 4672
	7840 4704
	0 4704
4
	9664 4672
	9856 4672
	9856 4704
	9664 4704
4
	10336 4672
	11552 4672
	11552 4704
	10336 4704
4
	11808 4672
	13056 4672
	13056 4704
	11808 4704
4
	13504 4672
	16384 4672
	16384 4704
	13504 4704
4
	0 4704
	7904 4704
	7904 4736
	0 4736
4
	8032 4704
	8256 4704
	8256 4736
	8032 4736
4
	9600 4704
	9984 4704
	9984 4736
	9600 4736
4
	10400 4704
	13056 4704
	13056 4736
	10400 4736
4
	13504 4704
	16384 4704
	16384 4736
	13504 4736
4
	0 4736
	7904 4736
	7904 4768
	0 4768
4
	8032 4736
	8256 4736
	8256 4768
	8032 4768
4
	9600 4736
	9984 4736
	9984 4768
	9600 4768
4
	10400 4736
	13056 4736
	13056 4768
	10400 4768
4
	13504 4736
	16384 4736
	16384 4768
	13504 4768
4
	0 4768
	8320 4768
	8320 4800
	0 4800
4
	9600 4768
	9984 4768
	9984 4800
	9600 4800
4
	10528 4768
	13056 4768
	13056 4800
	10528 4800
4
	13504 4768
	16384 4768
	16384 4800
	13504 4800
4
	0 4800
	8320 4800
	8320 4832
	0 4832
4
	9600 4800
	9984 4800
	9984 4832
	9600 4832
4
	10592 4800
	12192 4800
	12192 4832
	10592 4832
4
	12256 4800
	13056 4800
	13056 4832
	12256 4832
4
	13504 4800
	16384 4800
	16384 4832
	13504 4832
4
	0 4832
	8320 4832
	8320 4864
	0 4864
4
	9600 4832
	9984 4832
	9984 4864
	9600 4864
4
	10592 4832
	12192 4832
	12192 4864
	10592 4864
4
	12256 4832
	13056 4832
	13056 4864
	12256 4864
4
	13504 4832
	16384 4832
	16384 4864
	13504 4864
4
	0 4864
	8320 4864
	8320 4896
	0 4896
4
	9536 4864
	9984 4864
	9984 4896
	9536 4896
4
	10656 4864
	12192 4864
	12192 4896
	10656 4896
4
	12544 4864
	13056 4864
	13056 4896
	12544 4896
4
	13504 4864
	16384 4864
	16384 4896
	13504 4896
4
	0 4896
	8320 4896
	8320 4928
	0 4928
4
	9536 4896
	9984 4896
	9984 4928
	9536 4928
4
	10656 4896
	12192 4896
	12192 4928
	10656 4928
4
	12544 4896
	13056 4896
	13056 4928
	12544 4928
4
	13504 4896
	16384 4896
	16384 4928
	13504 4928
4
	0 4928
	8320 4928
	8320 4960
	0 4960
4
	9472 4928
	10112 4928
	10112 4960
	9472 4960
4
	10720 4928
	12192 4928
	12192 4960
	10720 4960
4
	12608 4928
	12992 4928
	12992 4960
	12608 4960
4
	13440 4928
	16384 4928
	16384 4960
	13440 4960
4
	0 4960
	8256 4960
	8256 4992
	0 4992
4
	9472 4960
	10176 4960
	10176 4992
	9472 4992
4
	10784 4960
	12192 4960
	12192 4992
	10784 4992
4
	12672 4960
	12992 4960
	12992 4992
	12672 4992
4
	13440 4960
	16384 4960
	16384 4992
	13440 4992
4
	0 4992
	8256 4992
	8256 5024
	0 5024
4
	9472 4992
	10176 4992
	10176 5024
	9472 5024
4
	10784 4992
	12192 4992
	12192 5024
	10784 5024
4
	12672 4992
	12992 4992
	12992 5024
	12672 5024
4
	13440 4992
	16384 4992
	16384 5024
	13440 5024
4
	0 5024
	8320 5024
	8320 5056
	0 5056
4
	9408 5024
	10240 5024
	10240 5056
	9408 5056
4
	10848 5024
	12256 5024
	12256 5056
	10848 5056
4
	12736 5024
	12992 5024
	12992 5056
	12736 5056
4
	13440 5024
	16384 5024
	16384 5056
	13440 5056
4
	0 5056
	8320 5056
	8320 5088
	0 5088
4
	9408 5056
	10240 5056
	10240 5088
	9408 5088
4
	10848 5056
	12256 5056
	12256 5088
	10848 5088
4
	12736 5056
	12992 5056
	12992 5088
	12736 5088
4
	13440 5056
	16384 5056
	16384 5088
	13440 5088
4
	0 5088
	8384 5088
	8384 5120
	0 5120
4
	8704 5088
	8832 5088
	8832 5120
	8704 5120
4
	9344 5088
	10272 5088
	10272 5120
	9344 5120
4
	10912 5088
	12256 5088
	12256 5120
	10912 5120
4
	12800 5088
	12992 5088
	12992 5120
	12800 5120
4
	13440 5088
	16384 5088
	16384 5120
	13440 5120
4
	0 5120
	8384 5120
	8384 5152
	0 5152
4
	8704 5120
	8832 5120
	8832 5152
	8704 5152
4
	9344 5120
	10272 5120
	10272 5152
	9344 5152
4
	10912 5120
	12256 5120
	12256 5152
	10912 5152
4
	12800 5120
	12992 5120
	12992 5152
	12800 5152
4
	13440 5120
	16384 5120
	16384 5152
	13440 5152
4
	0 5152
	8512 5152
	8512 5184
	0 5184
4
	8704 5152
	8832 5152
	8832 5184
	8704 5184
4
	9152 5152
	10336 5152
	10336 5184
	9152 5184
4
	11040 5152
	12288 5152
	12288 5184
	11040 5184
4
	12864 5152
	12992 5152
	12992 5184
	12864 5184
4
	13440 5152
	16384 5152
	16384 5184
	13440 5184
4
	0 5184
	8640 5184
	8640 5216
	0 5216
4
	9216 5184
	10400 5184
	10400 5216
	9216 5216
4
	11104 5184
	12352 5184
	12352 5216
	11104 5216
4
	13376 5184
	16384 5184
	16384 5216
	13376 5216
4
	0 5216
	8640 5216
	8640 5248
	0 5248
4
	9216 5216
	10400 5216
	10400 5248
	9216 5248
4
	11104 5216
	12352 5216
	12352 5248
	11104 5248
4
	13376 5216
	16384 5216
	16384 5248
	13376 5248
4
	0 5248
	8704 5248
	8704 5280
	0 5280
4
	9216 5248
	10464 5248
	10464 5280
	9216 5280
4
	11168 5248
	12416 5248
	12416 5280
	11168 5280
4
	13376 5248
	16384 5248
	16384 5280
	13376 5280
4
	0 5280
	8704 5280
	8704 5312
	0 5312
4
	9216 5280
	10464 5280
	10464 5312
	9216 5312
4
	11168 5280
	12416 5280
	12416 5312
	11168 5312
4
	13376 5280
	16384 5280
	16384 5312
	13376 5312
4
	0 5312
	8768 5312
	8768 5344
	0 5344
4
	9280 5312
	10528 5312
	10528 5344
	9280 5344
4
	11232 5312
	12480 5312
	12480 5344
	11232 5344
4
	13312 5312
	16384 5312
	16384 5344
	13312 5344
4
	0 5344
	8768 5344
	8768 5376
	0 5376
4
	9280 5344
	10528 5344
	10528 5376
	9280 5376
4
	11232 5344
	12480 5344
	12480 5376
	11232 5376
4
	13312 5344
	16384 5344
	16384 5376
	13312 5376
4
	0 5376
	8960 5376
	8960 5408
	0 5408
4
	9472 5376
	10592 5376
	10592 5408
	9472 5408
4
	11360 5376
	12608 5376
	12608 5408
	11360 5408
4
	13312 5376
	16384 5376
	16384 5408
	13312 5408
4
	0 5408
	9024 5408
	9024 5440
	0 5440
4
	9536 5408
	10720 5408
	10720 5440
	9536 5440
4
	11424 5408
	12672 5408
	12672 5440
	11424 5440
4
	13440 5408
	16384 5408
	16384 5440
	13440 5440
4
	0 5440
	9024 5440
	9024 5472
	0 5472
4
	9536 5440
	10720 5440
	10720 5472
	9536 5472
4
	11424 5440
	12672 5440
	12672 5472
	11424 5472
4
	13440 5440
	16384 5440
	16384 5472
	13440 5472
4
	0 5472
	9024 5472
	9024 5504
	0 5504
4
	9600 5472
	10784 5472
	10784 5504
	9600 5504
4
	11424 5472
	12800 5472
	12800 5504
	11424 5504
4
	13504 5472
	16384 5472
	16384 5504
	13504 5504
4
	0 5504
	9024 5504
	9024 5536
	0 5536
4
	9600 5504
	10784 5504
	10784 5536
	9600 5536
4
	11424 5504
	12800 5504
	12800 5536
	11424 5536
4
	13504 5504
	16384 5504
	16384 5536
	13504 5536
4
	0 5536
	9152 5536
	9152 5568
	0 5568
4
	9664 5536
	10912 5536
	10912 5568
	9664 5568
4
	11424 5536
	12800 5536
	12800 5568
	11424 5568
4
	13568 5536
	16384 5536
	16384 5568
	13568 5568
4
	0 5568
	9152 5568
	9152 5600
	0 5600
4
	9664 5568
	10912 5568
	10912 5600
	9664 5600
4
	11424 5568
	12800 5568
	12800 5600
	11424 5600
4
	13568 5568
	16384 5568
	16384 5600
	13568 5600
4
	0 5600
	9152 5600
	9152 5632
	0 5632
4
	9728 5600
	10976 5600
	10976 5632
	9728 5632
4
	11616 5600
	12736 5600
	12736 5632
	11616 5632
4
	13376 5600
	16384 5600
	16384 5632
	13376 5632
4
	0 5632
	9152 5632
	9152 5664
	0 5664
4
	9792 5632
	11040 5632
	11040 5664
	9792 5664
4
	11680 5632
	12736 5632
	12736 5664
	11680 5664
4
	13312 5632
	16384 5632
	16384 5664
	13312 5664
4
	0 5664
	9152 5664
	9152 5696
	0 5696
4
	9792 5664
	11040 5664
	11040 5696
	9792 5696
4
	11680 5664
	12736 5664
	12736 5696
	11680 5696
4
	13312 5664
	16384 5664
	16384 5696
	13312 5696
4
	0 5696
	9152 5696
	9152 5728
	0 5728
4
	9920 5696
	11168 5696
	11168 5728
	9920 5728
4
	11808 5696
	12672 5696
	12672 5728
	11808 5728
4
	13248 5696
	16384 5696
	16384 5728
	13248 5728
4
	0 5728
	9152 5728
	9152 5760
	0 5760
4
	9920 5728
	11168 5728
	11168 5760
	9920 5760
4
	11808 5728
	12672 5728
	12672 5760
	11808 5760
4
	13248 5728
	16384 5728
	16384 5760
	13248 5760
4
	0 5760
	9088 5760
	9088 5792
	0 5792
4
	9984 5760
	11296 5760
	11296 5792
	9984 5792
4
	11872 5760
	12672 5760
	12672 5792
	11872 5792
4
	13184 5760
	16384 5760
	16384 5792
	13184 5792
4
	0 5792
	9088 5792
	9088 5824
	0 5824
4
	9984 5792
	11296 5792
	11296 5824
	9984 5824
4
	11872 5792
	12672 5792
	12672 5824
	11872 5824
4
	13184 5792
	16384 5792
	16384 5824
	13184 5824
4
	0 5824
	9088 5824
	9088 5856
	0 5856
4
	10048 5824
	11296 5824
	11296 5856
	10048 5856
4
	11936 5824
	12608 5824
	12608 5856
	11936 5856
4
	13056 5824
	16384 5824
	16384 5856
	13056 5856
4
	0 5856
	9088 5856
	9088 5888
	0 5888
4
	10112 5856
	11360 5856
	11360 5888
	10112 5888
4
	12000 5856
	12608 5856
	12608 5888
	12000 5888
4
	13056 5856
	16384 5856
	16384 5888
	13056 5888
4
	0 5888
	9088 5888
	9088 5920
	0 5920
4
	10112 5888
	11360 5888
	11360 5920
	10112 5920
4
	12000 5888
	12608 5888
	12608 5920
	12000 5920
4
	13056 5888
	16384 5888
	16384 5920
	13056 5920
4
	0 5920
	9088 5920
	9088 5952
	0 5952
4
	9472 5920
	9600 5920
	9600 5952
	9472 5952
4
	10176 5920
	11424 5920
	11424 5952
	10176 5952
4
	12064 5920
	12544 5920
	12544 5952
	12064 5952
4
	13056 5920
	16384 5920
	16384 5952
	13056 5952
4
	0 5952
	9088 5952
	9088 5984
	0 5984
4
	9472 5952
	9600 5952
	9600 5984
	9472 5984
4
	10176 5952
	11424 5952
	11424 5984
	10176 5984
4
	12064 5952
	12544 5952
	12544 5984
	12064 5984
4
	13056 5952
	16384 5952
	16384 5984
	13056 5984
4
	0 5984
	9088 5984
	9088 6016
	0 6016
4
	9472 5984
	9600 5984
	9600 6016
	9472 6016
4
	10240 5984
	11488 5984
	11488 6016
	10240 6016
4
	12128 5984
	12480 5984
	12480 6016
	12128 6016
4
	12992 5984
	16384 5984
	16384 6016
	12992 6016
4
	0 6016
	9088 6016
	9088 6048
	0 6048
4
	9472 6016
	9600 6016
	9600 6048
	9472 6048
4
	10240 6016
	11488 6016
	11488 6048
	10240 6048
4
	12128 6016
	12480 6016
	12480 6048
	12128 6048
4
	12992 6016
	16384 6016
	16384 6048
	12992 6048
4
	0 6048
	9088 6048
	9088 6080
	0 6080
4
	9536 6048
	9664 6048
	9664 6080
	9536 6080
4
	10336 6048
	11552 6048
	11552 6080
	10336 6080
4
	12256 6048
	12416 6048
	12416 6080
	12256 6080
4
	12864 6048
	16384 6048
	16384 6080
	12864 6080
4
	0 6080
	9088 6080
	9088 6112
	0 6112
4
	9536 6080
	9728 6080
	9728 6112
	9536 6112
4
	10400 6080
	11616 6080
	11616 6112
	10400 6112
4
	12288 6080
	12352 6080
	12352 6112
	12288 6112
4
	12864 6080
	16384 6080
	16384 6112
	12864 6112
4
	0 6112
	9088 6112
	9088 6144
	0 6144
4
	9536 6112
	9728 6112
	9728 6144
	9536 6144
4
	10400 6112
	11616 6112
	11616 6144
	10400 6144
4
	12288 6112
	12352 6112
	12352 6144
	12288 6144
4
	12864 6112
	16384 6112
	16384 6144
	12864 6144
4
	0 6144
	9088 6144
	9088 6176
	0 6176
4
	9472 6144
	9792 6144
	9792 6176
	9472 6176
4
	10464 6144
	11680 6144
	11680 6176
	10464 6176
4
	12864 6144
	16384 6144
	16384 6176
	12864 6176
4
	0 6176
	9088 6176
	9088 6208
	0 6208
4
	9472 6176
	9792 6176
	9792 6208
	9472 6208
4
	10464 6176
	11680 6176
	11680 6208
	10464 6208
4
	12864 6176
	16384 6176
	16384 6208
	12864 6208
4
	0 6208
	7264 6208
	7264 6240
	0 6240
4
	7712 6208
	9024 6208
	9024 6240
	7712 6240
4
	9472 6208
	9856 6208
	9856 6240
	9472 6240
4
	10528 6208
	11808 6208
	11808 6240
	10528 6240
4
	12864 6208
	16384 6208
	16384 6240
	12864 6240
4
	0 6240
	7264 6240
	7264 6272
	0 6272
4
	7712 6240
	9024 6240
	9024 6272
	7712 6272
4
	9472 6240
	9856 6240
	9856 6272
	9472 6272
4
	10528 6240
	11808 6240
	11808 6272
	10528 6272
4
	12864 6240
	16384 6240
	16384 6272
	12864 6272
4
	0 6272
	7072 6272
	7072 6304
	0 6304
4
	7904 6272
	9024 6272
	9024 6304
	7904 6304
4
	9472 6272
	9920 6272
	9920 6304
	9472 6304
4
	10592 6272
	11872 6272
	11872 6304
	10592 6304
4
	12800 6272
	16384 6272
	16384 6304
	12800 6304
4
	0 6304
	7008 6304
	7008 6336
	0 6336
4
	7968 6304
	9024 6304
	9024 6336
	7968 6336
4
	9472 6304
	9984 6304
	9984 6336
	9472 6336
4
	10592 6304
	11936 6304
	11936 6336
	10592 6336
4
	12736 6304
	16384 6304
	16384 6336
	12736 6336
4
	0 6336
	7008 6336
	7008 6368
	0 6368
4
	7968 6336
	9024 6336
	9024 6368
	7968 6368
4
	9472 6336
	9984 6336
	9984 6368
	9472 6368
4
	10592 6336
	11936 6336
	11936 6368
	10592 6368
4
	12736 6336
	16384 6336
	16384 6368
	12736 6368
4
	0 6368
	6944 6368
	6944 6400
	0 6400
4
	8032 6368
	9024 6368
	9024 6400
	8032 6400
4
	9472 6368
	10048 6368
	10048 6400
	9472 6400
4
	10784 6368
	12064 6368
	12064 6400
	10784 6400
4
	12608 6368
	16384 6368
	16384 6400
	12608 6400
4
	0 6400
	6944 6400
	6944 6432
	0 6432
4
	8032 6400
	9024 6400
	9024 6432
	8032 6432
4
	9472 6400
	10048 6400
	10048 6432
	9472 6432
4
	10784 6400
	12064 6400
	12064 6432
	10784 6432
4
	12608 6400
	16384 6400
	16384 6432
	12608 6432
4
	0 6432
	6944 6432
	6944 6464
	0 6464
4
	8032 6432
	9024 6432
	9024 6464
	8032 6464
4
	9472 6432
	10176 6432
	10176 6464
	9472 6464
4
	10848 6432
	12064 6432
	12064 6464
	10848 6464
4
	12736 6432
	16384 6432
	16384 6464
	12736 6464
4
	0 6464
	6944 6464
	6944 6496
	0 6496
4
	8032 6464
	9024 6464
	9024 6496
	8032 6496
4
	9472 6464
	10176 6464
	10176 6496
	9472 6496
4
	10848 6464
	12064 6464
	12064 6496
	10848 6496
4
	12736 6464
	16384 6464
	16384 6496
	12736 6496
4
	0 6496
	6880 6496
	6880 6528
	0 6528
4
	8096 6496
	9024 6496
	9024 6528
	8096 6528
4
	9472 6496
	10240 6496
	10240 6528
	9472 6528
4
	10912 6496
	12000 6496
	12000 6528
	10912 6528
4
	12736 6496
	16384 6496
	16384 6528
	12736 6528
4
	0 6528
	6880 6528
	6880 6560
	0 6560
4
	8096 6528
	9024 6528
	9024 6560
	8096 6560
4
	9472 6528
	10400 6528
	10400 6560
	9472 6560
4
	10976 6528
	11936 6528
	11936 6560
	10976 6560
4
	12800 6528
	16384 6528
	16384 6560
	12800 6560
4
	0 6560
	6880 6560
	6880 6592
	0 6592
4
	8096 6560
	9024 6560
	9024 6592
	8096 6592
4
	9472 6560
	10400 6560
	10400 6592
	9472 6592
4
	10976 6560
	11936 6560
	11936 6592
	10976 6592
4
	12800 6560
	16384 6560
	16384 6592
	12800 6592
4
	0 6592
	6816 6592
	6816 6624
	0 6624
4
	7456 6592
	7648 6592
	7648 6624
	7456 6624
4
	8160 6592
	8960 6592
	8960 6624
	8160 6624
4
	9408 6592
	10400 6592
	10400 6624
	9408 6624
4
	11104 6592
	11808 6592
	11808 6624
	11104 6624
4
	12928 6592
	16384 6592
	16384 6624
	12928 6624
4
	0 6624
	6816 6624
	6816 6656
	0 6656
4
	7456 6624
	7648 6624
	7648 6656
	7456 6656
4
	8160 6624
	8960 6624
	8960 6656
	8160 6656
4
	9408 6624
	10400 6624
	10400 6656
	9408 6656
4
	11104 6624
	11808 6624
	11808 6656
	11104 6656
4
	12928 6624
	16384 6624
	16384 6656
	12928 6656
4
	0 6656
	6816 6656
	6816 6688
	0 6688
4
	7328 6656
	7712 6656
	7712 6688
	7328 6688
4
	8160 6656
	8960 6656
	8960 6688
	8160 6688
4
	9408 6656
	10464 6656
	10464 6688
	9408 6688
4
	11168 6656
	11808 6656
	11808 6688
	11168 6688
4
	12288 6656
	12416 6656
	12416 6688
	12288 6688
4
	12992 6656
	16384 6656
	16384 6688
	12992 6688
4
	0 6688
	6816 6688
	6816 6720
	0 6720
4
	7328 6688
	7712 6688
	7712 6720
	7328 6720
4
	8160 6688
	8960 6688
	8960 6720
	8160 6720
4
	9408 6688
	10528 6688
	10528 6720
	9408 6720
4
	11232 6688
	11616 6688
	11616 6720
	11232 6720
4
	12288 6688
	12480 6688
	12480 6720
	12288 6720
4
	13056 6688
	13504 6688
	13504 6720
	13056 6720
4
	13568 6688
	16384 6688
	16384 6720
	13568 6720
4
	0 6720
	6816 6720
	6816 6752
	0 6752
4
	7328 6720
	7712 6720
	7712 6752
	7328 6752
4
	8160 6720
	8960 6720
	8960 6752
	8160 6752
4
	9408 6720
	10528 6720
	10528 6752
	9408 6752
4
	11232 6720
	11616 6720
	11616 6752
	11232 6752
4
	12288 6720
	12480 6720
	12480 6752
	12288 6752
4
	13056 6720
	13504 6720
	13504 6752
	13056 6752
4
	13568 6720
	16384 6720
	16384 6752
	13568 6752
4
	0 6752
	6816 6752
	6816 6784
	0 6784
4
	7328 6752
	7648 6752
	7648 6784
	7328 6784
4
	8160 6752
	8960 6752
	8960 6784
	8160 6784
4
	9408 6752
	10592 6752
	10592 6784
	9408 6784
4
	11296 6752
	11552 6752
	11552 6784
	11296 6784
4
	12288 6752
	12544 6752
	12544 6784
	12288 6784
4
	13120 6752
	13440 6752
	13440 6784
	13120 6784
4
	13568 6752
	16384 6752
	16384 6784
	13568 6784
4
	0 6784
	6816 6784
	6816 6816
	0 6816
4
	7328 6784
	7648 6784
	7648 6816
	7328 6816
4
	8160 6784
	8960 6784
	8960 6816
	8160 6816
4
	9408 6784
	10592 6784
	10592 6816
	9408 6816
4
	11296 6784
	11552 6784
	11552 6816
	11296 6816
4
	12288 6784
	12544 6784
	12544 6816
	12288 6816
4
	13120 6784
	13440 6784
	13440 6816
	13120 6816
4
	13568 6784
	16384 6784
	16384 6816
	13568 6816
4
	0 6816
	6816 6816
	6816 6848
	0 6848
4
	8160 6816
	8960 6816
	8960 6848
	8160 6848
4
	9408 6816
	10656 6816
	10656 6848
	9408 6848
4
	11360 6816
	11424 6816
	11424 6848
	11360 6848
4
	12256 6816
	12672 6816
	12672 6848
	12256 6848
4
	13248 6816
	13376 6816
	13376 6848
	13248 6848
4
	13568 6816
	16384 6816
	16384 6848
	13568 6848
4
	0 6848
	6816 6848
	6816 6880
	0 6880
4
	8160 6848
	8960 6848
	8960 6880
	8160 6880
4
	9408 6848
	10656 6848
	10656 6880
	9408 6880
4
	11360 6848
	11424 6848
	11424 6880
	11360 6880
4
	12256 6848
	12672 6848
	12672 6880
	12256 6880
4
	13248 6848
	13376 6848
	13376 6880
	13248 6880
4
	13568 6848
	16384 6848
	16384 6880
	13568 6880
4
	0 6880
	6816 6880
	6816 6912
	0 6912
4
	8160 6880
	8960 6880
	8960 6912
	8160 6912
4
	9408 6880
	10784 6880
	10784 6912
	9408 6912
4
	12000 6880
	12128 6880
	12128 6912
	12000 6912
4
	12192 6880
	12672 6880
	12672 6912
	12192 6912
4
	13632 6880
	16384 6880
	16384 6912
	13632 6912
4
	0 6912
	6880 6912
	6880 6944
	0 6944
4
	8256 6912
	8960 6912
	8960 6944
	8256 6944
4
	9408 6912
	10848 6912
	10848 6944
	9408 6944
4
	10912 6912
	10976 6912
	10976 6944
	10912 6944
4
	12000 6912
	12736 6912
	12736 6944
	12000 6944
4
	13696 6912
	16384 6912
	16384 6944
	13696 6944
4
	0 6944
	6880 6944
	6880 6976
	0 6976
4
	8256 6944
	8960 6944
	8960 6976
	8256 6976
4
	9408 6944
	10848 6944
	10848 6976
	9408 6976
4
	10912 6944
	10976 6944
	10976 6976
	10912 6976
4
	12000 6944
	12736 6944
	12736 6976
	12000 6976
4
	13696 6944
	16384 6944
	16384 6976
	13696 6976
4
	0 6976
	6880 6976
	6880 7008
	0 7008
4
	8448 6976
	8960 6976
	8960 7008
	8448 7008
4
	9408 6976
	10976 6976
	10976 7008
	9408 7008
4
	12064 6976
	12800 6976
	12800 7008
	12064 7008
4
	13760 6976
	16384 6976
	16384 7008
	13760 7008
4
	0 7008
	6880 7008
	6880 7040
	0 7040
4
	8448 7008
	8960 7008
	8960 7040
	8448 7040
4
	9408 7008
	10976 7008
	10976 7040
	9408 7040
4
	12064 7008
	12800 7008
	12800 7040
	12064 7040
4
	13760 7008
	16384 7008
	16384 7040
	13760 7040
4
	0 7040
	6944 7040
	6944 7072
	0 7072
4
	8640 7040
	8896 7040
	8896 7072
	8640 7072
4
	9344 7040
	10784 7040
	10784 7072
	9344 7072
4
	11936 7040
	12928 7040
	12928 7072
	11936 7072
4
	13888 7040
	16384 7040
	16384 7072
	13888 7072
4
	0 7072
	6944 7072
	6944 7104
	0 7104
4
	8640 7072
	8896 7072
	8896 7104
	8640 7104
4
	9344 7072
	10784 7072
	10784 7104
	9344 7104
4
	11936 7072
	12928 7072
	12928 7104
	11936 7104
4
	13888 7072
	16384 7072
	16384 7104
	13888 7104
4
	0 7104
	7008 7104
	7008 7136
	0 7136
4
	8704 7104
	8896 7104
	8896 7136
	8704 7136
4
	9344 7104
	10592 7104
	10592 7136
	9344 7136
4
	11872 7104
	12992 7104
	12992 7136
	11872 7136
4
	13952 7104
	16384 7104
	16384 7136
	13952 7136
4
	0 7136
	7136 7136
	7136 7168
	0 7168
4
	7840 7136
	7968 7136
	7968 7168
	7840 7168
4
	9344 7136
	10336 7136
	10336 7168
	9344 7168
4
	11744 7136
	12992 7136
	12992 7168
	11744 7168
4
	14016 7136
	16384 7136
	16384 7168
	14016 7168
4
	0 7168
	7136 7168
	7136 7200
	0 7200
4
	7840 7168
	7968 7168
	7968 7200
	7840 7200
4
	9344 7168
	10336 7168
	10336 7200
	9344 7200
4
	11744 7168
	12992 7168
	12992 7200
	11744 7200
4
	14016 7168
	16384 7168
	16384 7200
	14016 7200
4
	0 7200
	7200 7200
	7200 7232
	0 7232
4
	7840 7200
	8032 7200
	8032 7232
	7840 7232
4
	10048 7200
	10176 7200
	10176 7232
	10048 7232
4
	11680 7200
	12992 7200
	12992 7232
	11680 7232
4
	14080 7200
	16384 7200
	16384 7232
	14080 7232
4
	0 7232
	7200 7232
	7200 7264
	0 7264
4
	7840 7232
	8032 7232
	8032 7264
	7840 7264
4
	10048 7232
	10176 7232
	10176 7264
	10048 7264
4
	11680 7232
	12992 7232
	12992 7264
	11680 7264
4
	14080 7232
	16384 7232
	16384 7264
	14080 7264
4
	0 7264
	7328 7264
	7328 7296
	0 7296
4
	7648 7264
	8160 7264
	8160 7296
	7648 7296
4
	11552 7264
	13056 7264
	13056 7296
	11552 7296
4
	14144 7264
	16384 7264
	16384 7296
	14144 7296
4
	0 7296
	7328 7296
	7328 7328
	0 7328
4
	7648 7296
	8160 7296
	8160 7328
	7648 7328
4
	11552 7296
	13056 7296
	13056 7328
	11552 7328
4
	14144 7296
	16384 7296
	16384 7328
	14144 7328
4
	0 7328
	8320 7328
	8320 7360
	0 7360
4
	11168 7328
	11232 7328
	11232 7360
	11168 7360
4
	11552 7328
	12992 7328
	12992 7360
	11552 7360
4
	14272 7328
	16384 7328
	16384 7360
	14272 7360
4
	0 7360
	8512 7360
	8512 7392
	0 7392
4
	8704 7360
	8768 7360
	8768 7392
	8704 7392
4
	11040 7360
	11232 7360
	11232 7392
	11040 7392
4
	11552 7360
	12928 7360
	12928 7392
	11552 7392
4
	14336 7360
	16384 7360
	16384 7392
	14336 7392
4
	0 7392
	8512 7392
	8512 7424
	0 7424
4
	8704 7392
	8768 7392
	8768 7424
	8704 7424
4
	11040 7392
	11232 7392
	11232 7424
	11040 7424
4
	11552 7392
	12928 7392
	12928 7424
	11552 7424
4
	14336 7392
	16384 7392
	16384 7424
	14336 7424
4
	0 7424
	8832 7424
	8832 7456
	0 7456
4
	10848 7424
	11296 7424
	11296 7456
	10848 7456
4
	11616 7424
	12928 7424
	12928 7456
	11616 7456
4
	14432 7424
	16384 7424
	16384 7456
	14432 7456
4
	0 7456
	8832 7456
	8832 7488
	0 7488
4
	10848 7456
	11296 7456
	11296 7488
	10848 7488
4
	11616 7456
	12928 7456
	12928 7488
	11616 7488
4
	14432 7456
	16384 7456
	16384 7488
	14432 7488
4
	0 7488
	8768 7488
	8768 7520
	0 7520
4
	10176 7488
	10240 7488
	10240 7520
	10176 7520
4
	10656 7488
	11424 7488
	11424 7520
	10656 7520
4
	11680 7488
	12992 7488
	12992 7520
	11680 7520
4
	14432 7488
	16384 7488
	16384 7520
	14432 7520
4
	0 7520
	8768 7520
	8768 7552
	0 7552
4
	10176 7520
	10240 7520
	10240 7552
	10176 7552
4
	10656 7520
	11424 7520
	11424 7552
	10656 7552
4
	11680 7520
	12992 7520
	12992 7552
	11680 7552
4
	14432 7520
	16384 7520
	16384 7552
	14432 7552
4
	0 7552
	9152 7552
	9152 7584
	0 7584
4
	10112 7552
	10240 7552
	10240 7584
	10112 7584
4
	10400 7552
	13120 7552
	13120 7584
	10400 7584
4
	14560 7552
	16384 7552
	16384 7584
	14560 7584
4
	0 7584
	9408 7584
	9408 7616
	0 7616
4
	10048 7584
	13248 7584
	13248 7616
	10048 7616
4
	14624 7584
	16384 7584
	16384 7616
	14624 7616
4
	0 7616
	9408 7616
	9408 7648
	0 7648
4
	10048 7616
	13248 7616
	13248 7648
	10048 7648
4
	14624 7616
	16384 7616
	16384 7648
	14624 7648
4
	0 7648
	13312 7648
	13312 7680
	0 7680
4
	14688 7648
	16384 7648
	16384 7680
	14688 7680
4
	0 7680
	13312 7680
	13312 7712
	0 7712
4
	14688 7680
	16384 7680
	16384 7712
	14688 7712
4
	0 7712
	13376 7712
	13376 7744
	0 7744
4
	14752 7712
	16384 7712
	16384 7744
	14752 7744
4
	0 7744
	13376 7744
	13376 7776
	0 7776
4
	14752 7744
	16384 7744
	16384 7776
	14752 7776
4
	0 7776
	13440 7776
	13440 7808
	0 7808
4
	14816 7776
	16384 7776
	16384 7808
	14816 7808
4
	0 7808
	13504 7808
	13504 7840
	0 7840
4
	14816 7808
	16384 7808
	16384 7840
	14816 7840
4
	0 7840
	13504 7840
	13504 7872
	0 7872
4
	14816 7840
	16384 7840
	16384 7872
	14816 7872
4
	0 7872
	13504 7872
	13504 7904
	0 7904
4
	14880 7872
	16384 7872
	16384 7904
	14880 7904
4
	0 7904
	13504 7904
	13504 7936
	0 7936
4
	14880 7904
	16384 7904
	16384 7936
	14880 7936
4
	0 7936
	13696 7936
	13696 7968
	0 7968
4
	14880 7936
	16384 7936
	16384 7968
	14880 7968
4
	0 7968
	13696 7968
	13696 8000
	0 8000
4
	14880 7968
	16384 7968
	16384 8000
	14880 8000
4
	0 8000
	13888 8000
	13888 8032
	0 8032
4
	14880 8000
	16384 8000
	16384 8032
	14880 8032
4
	0 8032
	14016 8032
	14016 8064
	0 8064
4
	14880 8032
	16384 8032
	16384 8064
	14880 8064
4
	0 8064
	14016 8064
	14016 8096
	0 8096
4
	14880 8064
	16384 8064
	16384 8096
	14880 8096
4
	0 8096
	14080 8096
	14080 8128
	0 8128
4
	14944 8096
	16384 8096
	16384 8128
	14944 8128
4
	0 8128
	14080 8128
	14080 8160
	0 8160
4
	14944 8128
	16384 8128
	16384 8160
	14944 8160
4
	0 8160
	14080 8160
	14080 8192
	0 8192
4
	14944 8160
	16384 8160
	16384 8192
	14944 8192
4
	0 8192
	14144 8192
	14144 8224
	0 8224
4
	14944 8192
	16384 8192
	16384 8224
	14944 8224
4
	0 8224
	14144 8224
	14144 8256
	0 8256
4
	14944 8224
	16384 8224
	16384 8256
	14944 8256
4
	0 8256
	14208 8256
	14208 8288
	0 8288
4
	14944 8256
	16384 8256
	16384 8288
	14944 8288
4
	0 8288
	14208 8288
	14208 8320
	0 8320
4
	14944 8288
	16384 8288
	16384 8320
	14944 8320
4
	0 8320
	14272 8320
	14272 8352
	0 8352
4
	14944 8320
	16384 8320
	16384 8352
	14944 8352
4
	0 8352
	14272 8352
	14272 8384
	0 8384
4
	14944 8352
	16384 8352
	16384 8384
	14944 8384
4
	0 8384
	14272 8384
	14272 8416
	0 8416
4
	14944 8384
	16384 8384
	16384 8416
	14944 8416
4
	0 8416
	14336 8416
	14336 8448
	0 8448
4
	14944 8416
	16384 8416
	16384 8448
	14944 8448
4
	0 8448
	14336 8448
	14336 8480
	0 8480
4
	14944 8448
	16384 8448
	16384 8480
	14944 8480
4
	0 8480
	14368 8480
	14368 8512
	0 8512
4
	14880 8480
	16384 8480
	16384 8512
	14880 8512
4
	0 8512
	14368 8512
	14368 8544
	0 8544
4
	14880 8512
	16384 8512
	16384 8544
	14880 8544
4
	0 8544
	14368 8544
	14368 8576
	0 8576
4
	14880 8544
	16384 8544
	16384 8576
	14880 8576
4
	0 8576
	14368 8576
	14368 8608
	0 8608
4
	14880 8576
	16384 8576
	16384 8608
	14880 8608
4
	0 8608
	14432 8608
	14432 8640
	0 8640
4
	14880 8608
	16384 8608
	16384 8640
	14880 8640
4
	0 8640
	14432 8640
	14432 8672
	0 8672
4
	14880 8640
	16384 8640
	16384 8672
	14880 8672
4
	0 8672
	14432 8672
	14432 8704
	0 8704
4
	14880 8672
	16384 8672
	16384 8704
	14880 8704
4
	0 8704
	14432 8704
	14432 8736
	0 8736
4
	14880 8704
	16384 8704
	16384 8736
	14880 8736
4
	0 8736
	14432 8736
	14432 8768
	0 8768
4
	14880 8736
	16384 8736
	16384 8768
	14880 8768
4
	0 8768
	14432 8768
	14432 8800
	0 8800
4
	14880 8768
	16384 8768
	16384 8800
	14880 8800
4
	0 8800
	14432 8800
	14432 8832
	0 8832
4
	14880 8800
	16384 8800
	16384 8832
	14880 8832
4
	0 8832
	14432 8832
	14432 8864
	0 8864
4
	14880 8832
	16384 8832
	16384 8864
	14880 8864
4
	0 8864
	14432 8864
	14432 8896
	0 8896
4
	14880 8864
	16384 8864
	16384 8896
	14880 8896
4
	0 8896
	14432 8896
	14432 8928
	0 8928
4
	14880 8896
	16384 8896
	16384 8928
	14880 8928
4
	0 8928
	14432 8928
	14432 8960
	0 8960
4
	14880 8928
	16384 8928
	16384 8960
	14880 8960
4
	0 8960
	14432 8960
	14432 8992
	0 8992
4
	14880 8960
	16384 8960
	16384 8992
	14880 8992
4
	0 8992
	14368 8992
	14368 9024
	0 9024
4
	14880 8992
	16384 8992
	16384 9024
	14880 9024
4
	0 9024
	14368 9024
	14368 9056
	0 9056
4
	14880 9024
	16384 9024
	16384 9056
	14880 9056
4
	0 9056
	14368 9056
	14368 9088
	0 9088
4
	14880 9056
	16384 9056
	16384 9088
	14880 9088
4
	0 9088
	14368 9088
	14368 9120
	0 9120
4
	14880 9088
	16384 9088
	16384 9120
	14880 9120
4
	0 9120
	14368 9120
	14368 9152
	0 9152
4
	14880 9120
	16384 9120
	16384 9152
	14880 9152
4
	0 9152
	14368 9152
	14368 9184
	0 9184
4
	14880 9152
	16384 9152
	16384 9184
	14880 9184
4
	0 9184
	14368 9184
	14368 9216
	0 9216
4
	14880 9184
	16384 9184
	16384 9216
	14880 9216
4
	0 9216
	14368 9216
	14368 9248
	0 9248
4
	14880 9216
	16384 9216
	16384 9248
	14880 9248
4
	0 9248
	14368 9248
	14368 9280
	0 9280
4
	14880 9248
	16384 9248
	16384 9280
	14880 9280
4
	0 9280
	14368 9280
	14368 9312
	0 9312
4
	14880 9280
	16384 9280
	16384 9312
	14880 9312
4
	0 9312
	14368 9312
	14368 9344
	0 9344
4
	14880 9312
	16384 9312
	16384 9344
	14880 9344
4
	0 9344
	14368 9344
	14368 9376
	0 9376
4
	14880 9344
	16384 9344
	16384 9376
	14880 9376
4
	0 9376
	14368 9376
	14368 9408
	0 9408
4
	14944 9376
	16384 9376
	16384 9408
	14944 9408
4
	0 9408
	14368 9408
	14368 9440
	0 9440
4
	14944 9408
	16384 9408
	16384 9440
	14944 9440
4
	0 9440
	14368 9440
	14368 9472
	0 9472
4
	15008 9440
	16384 9440
	16384 9472
	15008 9472
4
	0 9472
	14368 9472
	14368 9504
	0 9504
4
	15008 9472
	16384 9472
	16384 9504
	15008 9504
4
	0 9504
	14368 9504
	14368 9536
	0 9536
4
	15008 9504
	16384 9504
	16384 9536
	15008 9536
4
	0 9536
	14272 9536
	14272 9568
	0 9568
4
	15008 9536
	16384 9536
	16384 9568
	15008 9568
4
	0 9568
	14272 9568
	14272 9600
	0 9600
4
	15008 9568
	16384 9568
	16384 9600
	15008 9600
4
	0 9600
	14144 9600
	14144 9632
	0 9632
4
	15072 9600
	16384 9600
	16384 9632
	15072 9632
4
	0 9632
	14144 9632
	14144 9664
	0 9664
4
	15072 9632
	16384 9632
	16384 9664
	15072 9664
4
	0 9664
	13952 9664
	13952 9696
	0 9696
4
	15136 9664
	16384 9664
	16384 9696
	15136 9696
4
	0 9696
	13952 9696
	13952 9728
	0 9728
4
	15136 9696
	16384 9696
	16384 9728
	15136 9728
4
	0 9728
	13376 9728
	13376 9760
	0 9760
4
	15200 9728
	16384 9728
	16384 9760
	15200 9760
4
	0 9760
	13120 9760
	13120 9792
	0 9792
4
	15264 9760
	16384 9760
	16384 9792
	15264 9792
4
	0 9792
	13120 9792
	13120 9824
	0 9824
4
	15264 9792
	16384 9792
	16384 9824
	15264 9824
4
	0 9824
	13056 9824
	13056 9856
	0 9856
4
	15328 9824
	16384 9824
	16384 9856
	15328 9856
4
	0 9856
	13056 9856
	13056 9888
	0 9888
4
	15328 9856
	16384 9856
	16384 9888
	15328 9888
4
	0 9888
	12992 9888
	12992 9920
	0 9920
4
	15392 9888
	16384 9888
	16384 9920
	15392 9920
4
	0 9920
	12928 9920
	12928 9952
	0 9952
4
	15456 9920
	16384 9920
	16384 9952
	15456 9952
4
	0 9952
	12928 9952
	12928 9984
	0 9984
4
	15456 9952
	16384 9952
	16384 9984
	15456 9984
4
	0 9984
	12864 9984
	12864 10016
	0 10016
4
	15584 9984
	16384 9984
	16384 10016
	15584 10016
4
	0 10016
	12864 10016
	12864 10048
	0 10048
4
	15584 10016
	16384 10016
	16384 10048
	15584 10048
4
	0 10048
	12736 10048
	12736 10080
	0 10080
4
	15712 10048
	16384 10048
	16384 10080
	15712 10080
4
	0 10080
	12736 10080
	12736 10112
	0 10112
4
	15712 10080
	16384 10080
	16384 10112
	15712 10112
4
	0 10112
	12544 10112
	12544 10144
	0 10144
4
	15840 10112
	16384 10112
	16384 10144
	15840 10144
4
	0 10144
	12608 10144
	12608 10176
	0 10176
4
	15840 10144
	16384 10144
	16384 10176
	15840 10176
4
	0 10176
	12608 10176
	12608 10208
	0 10208
4
	15840 10176
	16384 10176
	16384 10208
	15840 10208
4
	0 10208
	12672 10208
	12672 10240
	0 10240
4
	13888 10208
	14272 10208
	14272 10240
	13888 10240
4
	15840 10208
	16384 10208
	16384 10240
	15840 10240
4
	0 10240
	12672 10240
	12672 10272
	0 10272
4
	13888 10240
	14272 10240
	14272 10272
	13888 10272
4
	15840 10240
	16384 10240
	16384 10272
	15840 10272
4
	0 10272
	12800 10272
	12800 10304
	0 10304
4
	13888 10272
	13952 10272
	13952 10304
	13888 10304
4
	14208 10272
	14432 10272
	14432 10304
	14208 10304
4
	15904 10272
	16384 10272
	16384 10304
	15904 10304
4
	0 10304
	12800 10304
	12800 10336
	0 10336
4
	13888 10304
	13952 10304
	13952 10336
	13888 10336
4
	14208 10304
	14432 10304
	14432 10336
	14208 10336
4
	15904 10304
	16384 10304
	16384 10336
	15904 10336
4
	0 10336
	12800 10336
	12800 10368
	0 10368
4
	13824 10336
	13952 10336
	13952 10368
	13824 10368
4
	14368 10336
	14496 10336
	14496 10368
	14368 10368
4
	15968 10336
	16384 10336
	16384 10368
	15968 10368
4
	0 10368
	12864 10368
	12864 10400
	0 10400
4
	13696 10368
	13888 10368
	13888 10400
	13696 10400
4
	14432 10368
	14944 10368
	14944 10400
	14432 10400
4
	16032 10368
	16384 10368
	16384 10400
	16032 10400
4
	0 10400
	12864 10400
	12864 10432
	0 10432
4
	13696 10400
	13888 10400
	13888 10432
	13696 10432
4
	14432 10400
	14944 10400
	14944 10432
	14432 10432
4
	16032 10400
	16384 10400
	16384 10432
	16032 10432
4
	0 10432
	12864 10432
	12864 10464
	0 10464
4
	13440 10432
	13568 10432
	13568 10464
	13440 10464
4
	13632 10432
	13760 10432
	13760 10464
	13632 10464
4
	14496 10432
	14944 10432
	14944 10464
	14496 10464
4
	16032 10432
	16384 10432
	16384 10464
	16032 10464
4
	0 10464
	12864 10464
	12864 10496
	0 10496
4
	13440 10464
	13568 10464
	13568 10496
	13440 10496
4
	13632 10464
	13760 10464
	13760 10496
	13632 10496
4
	14496 10464
	14944 10464
	14944 10496
	14496 10496
4
	16032 10464
	16384 10464
	16384 10496
	16032 10496
4
	0 10496
	12928 10496
	12928 10528
	0 10528
4
	13440 10496
	13760 10496
	13760 10528
	13440 10528
4
	14752 10496
	14880 10496
	14880 10528
	14752 10528
4
	16096 10496
	16384 10496
	16384 10528
	16096 10528
4
	0 10528
	12928 10528
	12928 10560
	0 10560
4
	13440 10528
	13760 10528
	13760 10560
	13440 10560
4
	14752 10528
	14880 10528
	14880 10560
	14752 10560
4
	16096 10528
	16384 10528
	16384 10560
	16096 10560
4
	0 10560
	12992 10560
	12992 10592
	0 10592
4
	13440 10560
	13760 10560
	13760 10592
	13440 10592
4
	15072 10560
	15136 10560
	15136 10592
	15072 10592
4
	16160 10560
	16384 10560
	16384 10592
	16160 10592
4
	0 10592
	13120 10592
	13120 10624
	0 10624
4
	13376 10592
	13504 10592
	13504 10624
	13376 10624
4
	14944 10592
	15200 10592
	15200 10624
	14944 10624
4
	16160 10592
	16384 10592
	16384 10624
	16160 10624
4
	0 10624
	13120 10624
	13120 10656
	0 10656
4
	13376 10624
	13504 10624
	13504 10656
	13376 10656
4
	14944 10624
	15200 10624
	15200 10656
	14944 10656
4
	16160 10624
	16384 10624
	16384 10656
	16160 10656
4
	0 10656
	13184 10656
	13184 10688
	0 10688
4
	13312 10656
	13440 10656
	13440 10688
	13312 10688
4
	14880 10656
	15200 10656
	15200 10688
	14880 10688
4
	16224 10656
	16384 10656
	16384 10688
	16224 10688
4
	0 10688
	13184 10688
	13184 10720
	0 10720
4
	13312 10688
	13440 10688
	13440 10720
	13312 10720
4
	14880 10688
	15200 10688
	15200 10720
	14880 10720
4
	16224 10688
	16384 10688
	16384 10720
	16224 10720
4
	0 10720
	13376 10720
	13376 10752
	0 10752
4
	14752 10720
	15136 10720
	15136 10752
	14752 10752
4
	16352 10720
	16384 10720
	16384 10752
	16352 10752
4
	0 10752
	13376 10752
	13376 10784
	0 10784
4
	14752 10752
	15136 10752
	15136 10784
	14752 10784
4
	16352 10752
	16384 10752
	16384 10784
	16352 10784
4
	0 10784
	13376 10784
	13376 10816
	0 10816
4
	14688 10784
	15008 10784
	15008 10816
	14688 10816
4
	16352 10784
	16384 10784
	16384 10816
	16352 10816
4
	0 10816
	12256 10816
	12256 10848
	0 10848
4
	12480 10816
	13440 10816
	13440 10848
	12480 10848
4
	14688 10816
	14944 10816
	14944 10848
	14688 10848
4
	16352 10816
	16384 10816
	16384 10848
	16352 10848
4
	0 10848
	12256 10848
	12256 10880
	0 10880
4
	12480 10848
	13440 10848
	13440 10880
	12480 10880
4
	14688 10848
	14944 10848
	14944 10880
	14688 10880
4
	16352 10848
	16384 10848
	16384 10880
	16352 10880
4
	0 10880
	2048 10880
	2048 10912
	0 10912
4
	2080 10880
	12192 10880
	12192 10912
	2080 10912
4
	12544 10880
	13504 10880
	13504 10912
	12544 10912
4
	14688 10880
	14880 10880
	14880 10912
	14688 10912
4
	16288 10880
	16384 10880
	16384 10912
	16288 10912
4
	0 10912
	2048 10912
	2048 10944
	0 10944
4
	2080 10912
	12192 10912
	12192 10944
	2080 10944
4
	12544 10912
	13504 10912
	13504 10944
	12544 10944
4
	14688 10912
	14880 10912
	14880 10944
	14688 10944
4
	16288 10912
	16384 10912
	16384 10944
	16288 10944
4
	0 10944
	1984 10944
	1984 10976
	0 10976
4
	2208 10944
	12128 10944
	12128 10976
	2208 10976
4
	12672 10944
	13440 10944
	13440 10976
	12672 10976
4
	14688 10944
	14816 10944
	14816 10976
	14688 10976
4
	16288 10944
	16384 10944
	16384 10976
	16288 10976
4
	0 10976
	1984 10976
	1984 11008
	0 11008
4
	2208 10976
	12128 10976
	12128 11008
	2208 11008
4
	12672 10976
	13440 10976
	13440 11008
	12672 11008
4
	14688 10976
	14816 10976
	14816 11008
	14688 11008
4
	16288 10976
	16384 10976
	16384 11008
	16288 11008
4
	0 11008
	1920 11008
	1920 11040
	0 11040
4
	2272 11008
	12000 11008
	12000 11040
	2272 11040
4
	12800 11008
	13440 11008
	13440 11040
	12800 11040
4
	14688 11008
	14816 11008
	14816 11040
	14688 11040
4
	16288 11008
	16384 11008
	16384 11040
	16288 11040
4
	0 11040
	1920 11040
	1920 11072
	0 11072
4
	2464 11040
	12000 11040
	12000 11072
	2464 11072
4
	12800 11040
	13376 11040
	13376 11072
	12800 11072
4
	14688 11040
	14752 11040
	14752 11072
	14688 11072
4
	16288 11040
	16384 11040
	16384 11072
	16288 11072
4
	0 11072
	1920 11072
	1920 11104
	0 11104
4
	2464 11072
	12000 11072
	12000 11104
	2464 11104
4
	12800 11072
	13376 11072
	13376 11104
	12800 11104
4
	14688 11072
	14752 11072
	14752 11104
	14688 11104
4
	16288 11072
	16384 11072
	16384 11104
	16288 11104
4
	0 11104
	1920 11104
	1920 11136
	0 11136
4
	2592 11104
	11936 11104
	11936 11136
	2592 11136
4
	12736 11104
	12864 11104
	12864 11136
	12736 11136
4
	12992 11104
	13312 11104
	13312 11136
	12992 11136
4
	14688 11104
	14752 11104
	14752 11136
	14688 11136
4
	16224 11104
	16384 11104
	16384 11136
	16224 11136
4
	0 11136
	1920 11136
	1920 11168
	0 11168
4
	2592 11136
	11936 11136
	11936 11168
	2592 11168
4
	12736 11136
	12864 11136
	12864 11168
	12736 11168
4
	12992 11136
	13312 11136
	13312 11168
	12992 11168
4
	14688 11136
	14752 11136
	14752 11168
	14688 11168
4
	16224 11136
	16384 11136
	16384 11168
	16224 11168
4
	0 11168
	1920 11168
	1920 11200
	0 11200
4
	2720 11168
	11872 11168
	11872 11200
	2720 11200
4
	12736 11168
	12864 11168
	12864 11200
	12736 11200
4
	13056 11168
	13248 11168
	13248 11200
	13056 11200
4
	13824 11168
	13952 11168
	13952 11200
	13824 11200
4
	14688 11168
	14752 11168
	14752 11200
	14688 11200
4
	16224 11168
	16384 11168
	16384 11200
	16224 11200
4
	0 11200
	1920 11200
	1920 11232
	0 11232
4
	2720 11200
	11872 11200
	11872 11232
	2720 11232
4
	12736 11200
	12864 11200
	12864 11232
	12736 11232
4
	13056 11200
	13248 11200
	13248 11232
	13056 11232
4
	13824 11200
	13952 11200
	13952 11232
	13824 11232
4
	14688 11200
	14752 11200
	14752 11232
	14688 11232
4
	16224 11200
	16384 11200
	16384 11232
	16224 11232
4
	0 11232
	1856 11232
	1856 11264
	0 11264
4
	2784 11232
	3616 11232
	3616 11264
	2784 11264
4
	3680 11232
	11872 11232
	11872 11264
	3680 11264
4
	12352 11232
	12480 11232
	12480 11264
	12352 11264
4
	12672 11232
	12800 11232
	12800 11264
	12672 11264
4
	13120 11232
	13248 11232
	13248 11264
	13120 11264
4
	13760 11232
	14016 11232
	14016 11264
	13760 11264
4
	14688 11232
	14752 11232
	14752 11264
	14688 11264
4
	16224 11232
	16384 11232
	16384 11264
	16224 11264
4
	0 11264
	1856 11264
	1856 11296
	0 11296
4
	2848 11264
	3360 11264
	3360 11296
	2848 11296
4
	3872 11264
	11808 11264
	11808 11296
	3872 11296
4
	12352 11264
	12480 11264
	12480 11296
	12352 11296
4
	12608 11264
	12736 11264
	12736 11296
	12608 11296
4
	13760 11264
	14016 11264
	14016 11296
	13760 11296
4
	14496 11264
	14752 11264
	14752 11296
	14496 11296
4
	16224 11264
	16384 11264
	16384 11296
	16224 11296
4
	0 11296
	1856 11296
	1856 11328
	0 11328
4
	2848 11296
	3360 11296
	3360 11328
	2848 11328
4
	3872 11296
	11808 11296
	11808 11328
	3872 11328
4
	12352 11296
	12480 11296
	12480 11328
	12352 11328
4
	12608 11296
	12736 11296
	12736 11328
	12608 11328
4
	13760 11296
	14016 11296
	14016 11328
	13760 11328
4
	14496 11296
	14752 11296
	14752 11328
	14496 11328
4
	16224 11296
	16384 11296
	16384 11328
	16224 11328
4
	0 11328
	1856 11328
	1856 11360
	0 11360
4
	2912 11328
	3296 11328
	3296 11360
	2912 11360
4
	3936 11328
	11744 11328
	11744 11360
	3936 11360
4
	12352 11328
	12480 11328
	12480 11360
	12352 11360
4
	12544 11328
	12672 11328
	12672 11360
	12544 11360
4
	13696 11328
	14144 11328
	14144 11360
	13696 11360
4
	14432 11328
	14752 11328
	14752 11360
	14432 11360
4
	16224 11328
	16384 11328
	16384 11360
	16224 11360
4
	0 11360
	1856 11360
	1856 11392
	0 11392
4
	2912 11360
	3296 11360
	3296 11392
	2912 11392
4
	3936 11360
	11744 11360
	11744 11392
	3936 11392
4
	12352 11360
	12480 11360
	12480 11392
	12352 11392
4
	12544 11360
	12672 11360
	12672 11392
	12544 11392
4
	13696 11360
	14144 11360
	14144 11392
	13696 11392
4
	14432 11360
	14752 11360
	14752 11392
	14432 11392
4
	16224 11360
	16384 11360
	16384 11392
	16224 11392
4
	0 11392
	1792 11392
	1792 11424
	0 11424
4
	2976 11392
	3232 11392
	3232 11424
	2976 11424
4
	3936 11392
	11680 11392
	11680 11424
	3936 11424
4
	12288 11392
	12608 11392
	12608 11424
	12288 11424
4
	13632 11392
	14208 11392
	14208 11424
	13632 11424
4
	14496 11392
	14752 11392
	14752 11424
	14496 11424
4
	15200 11392
	15328 11392
	15328 11424
	15200 11424
4
	16224 11392
	16384 11392
	16384 11424
	16224 11424
4
	0 11424
	1792 11424
	1792 11456
	0 11456
4
	2976 11424
	3232 11424
	3232 11456
	2976 11456
4
	3936 11424
	11680 11424
	11680 11456
	3936 11456
4
	12288 11424
	12608 11424
	12608 11456
	12288 11456
4
	13632 11424
	14208 11424
	14208 11456
	13632 11456
4
	14496 11424
	14752 11424
	14752 11456
	14496 11456
4
	15200 11424
	15328 11424
	15328 11456
	15200 11456
4
	16224 11424
	16384 11424
	16384 11456
	16224 11456
4
	0 11456
	1792 11456
	1792 11488
	0 11488
4
	3040 11456
	3168 11456
	3168 11488
	3040 11488
4
	4000 11456
	11680 11456
	11680 11488
	4000 11488
4
	12128 11456
	12352 11456
	12352 11488
	12128 11488
4
	12416 11456
	12544 11456
	12544 11488
	12416 11488
4
	13632 11456
	14272 11456
	14272 11488
	13632 11488
4
	14560 11456
	14752 11456
	14752 11488
	14560 11488
4
	15200 11456
	15456 11456
	15456 11488
	15200 11488
4
	16224 11456
	16384 11456
	16384 11488
	16224 11488
4
	0 11488
	1792 11488
	1792 11520
	0 11520
4
	4064 11488
	11616 11488
	11616 11520
	4064 11520
4
	12128 11488
	12288 11488
	12288 11520
	12128 11520
4
	12416 11488
	12544 11488
	12544 11520
	12416 11520
4
	13568 11488
	14272 11488
	14272 11520
	13568 11520
4
	14496 11488
	14752 11488
	14752 11520
	14496 11520
4
	15264 11488
	15456 11488
	15456 11520
	15264 11520
4
	16224 11488
	16384 11488
	16384 11520
	16224 11520
4
	0 11520
	1792 11520
	1792 11552
	0 11552
4
	4064 11520
	11616 11520
	11616 11552
	4064 11552
4
	12128 11520
	12288 11520
	12288 11552
	12128 11552
4
	12416 11520
	12544 11520
	12544 11552
	12416 11552
4
	13568 11520
	14272 11520
	14272 11552
	13568 11552
4
	14496 11520
	14752 11520
	14752 11552
	14496 11552
4
	15264 11520
	15456 11520
	15456 11552
	15264 11552
4
	16224 11520
	16384 11520
	16384 11552
	16224 11552
4
	0 11552
	1792 11552
	1792 11584
	0 11584
4
	3424 11552
	3616 11552
	3616 11584
	3424 11584
4
	4160 11552
	4480 11552
	4480 11584
	4160 11584
4
	4608 11552
	11552 11552
	11552 11584
	4608 11584
4
	12416 11552
	12544 11552
	12544 11584
	12416 11584
4
	13568 11552
	14336 11552
	14336 11584
	13568 11584
4
	14432 11552
	14688 11552
	14688 11584
	14432 11584
4
	15392 11552
	15456 11552
	15456 11584
	15392 11584
4
	16160 11552
	16384 11552
	16384 11584
	16160 11584
4
	0 11584
	1792 11584
	1792 11616
	0 11616
4
	3424 11584
	3616 11584
	3616 11616
	3424 11616
4
	4160 11584
	4480 11584
	4480 11616
	4160 11616
4
	4608 11584
	11552 11584
	11552 11616
	4608 11616
4
	12416 11584
	12544 11584
	12544 11616
	12416 11616
4
	13568 11584
	14336 11584
	14336 11616
	13568 11616
4
	14432 11584
	14688 11584
	14688 11616
	14432 11616
4
	15392 11584
	15456 11584
	15456 11616
	15392 11616
4
	16160 11584
	16384 11584
	16384 11616
	16160 11616
4
	0 11616
	1728 11616
	1728 11648
	0 11648
4
	3360 11616
	3744 11616
	3744 11648
	3360 11648
4
	4288 11616
	4416 11616
	4416 11648
	4288 11648
4
	4608 11616
	11424 11616
	11424 11648
	4608 11648
4
	11680 11616
	11872 11616
	11872 11648
	11680 11648
4
	12416 11616
	12544 11616
	12544 11648
	12416 11648
4
	13504 11616
	14624 11616
	14624 11648
	13504 11648
4
	14880 11616
	15072 11616
	15072 11648
	14880 11648
4
	16160 11616
	16384 11616
	16384 11648
	16160 11648
4
	0 11648
	1728 11648
	1728 11680
	0 11680
4
	3296 11648
	3744 11648
	3744 11680
	3296 11680
4
	4608 11648
	11360 11648
	11360 11680
	4608 11680
4
	11680 11648
	12000 11648
	12000 11680
	11680 11680
4
	12416 11648
	12544 11648
	12544 11680
	12416 11680
4
	13504 11648
	14624 11648
	14624 11680
	13504 11680
4
	14816 11648
	15072 11648
	15072 11680
	14816 11680
4
	16096 11648
	16384 11648
	16384 11680
	16096 11680
4
	0 11680
	1728 11680
	1728 11712
	0 11712
4
	3296 11680
	3744 11680
	3744 11712
	3296 11712
4
	4608 11680
	11360 11680
	11360 11712
	4608 11712
4
	11680 11680
	12000 11680
	12000 11712
	11680 11712
4
	12416 11680
	12544 11680
	12544 11712
	12416 11712
4
	13504 11680
	14624 11680
	14624 11712
	13504 11712
4
	14816 11680
	15072 11680
	15072 11712
	14816 11712
4
	16096 11680
	16384 11680
	16384 11712
	16096 11712
4
	0 11712
	1664 11712
	1664 11744
	0 11744
4
	3424 11712
	3744 11712
	3744 11744
	3424 11744
4
	4672 11712
	11296 11712
	11296 11744
	4672 11744
4
	11808 11712
	12000 11712
	12000 11744
	11808 11744
4
	12416 11712
	12608 11712
	12608 11744
	12416 11744
4
	13504 11712
	14560 11712
	14560 11744
	13504 11744
4
	14752 11712
	14944 11712
	14944 11744
	14752 11744
4
	16096 11712
	16384 11712
	16384 11744
	16096 11744
4
	0 11744
	1664 11744
	1664 11776
	0 11776
4
	3424 11744
	3744 11744
	3744 11776
	3424 11776
4
	4672 11744
	11296 11744
	11296 11776
	4672 11776
4
	11808 11744
	12000 11744
	12000 11776
	11808 11776
4
	12416 11744
	12608 11744
	12608 11776
	12416 11776
4
	13504 11744
	14560 11744
	14560 11776
	13504 11776
4
	14752 11744
	14944 11744
	14944 11776
	14752 11776
4
	16096 11744
	16384 11744
	16384 11776
	16096 11776
4
	0 11776
	1664 11776
	1664 11808
	0 11808
4
	3552 11776
	3744 11776
	3744 11808
	3552 11808
4
	4672 11776
	11232 11776
	11232 11808
	4672 11808
4
	12416 11776
	12608 11776
	12608 11808
	12416 11808
4
	13568 11776
	14496 11776
	14496 11808
	13568 11808
4
	14688 11776
	14880 11776
	14880 11808
	14688 11808
4
	16096 11776
	16384 11776
	16384 11808
	16096 11808
4
	0 11808
	1664 11808
	1664 11840
	0 11840
4
	3552 11808
	3744 11808
	3744 11840
	3552 11840
4
	4672 11808
	11232 11808
	11232 11840
	4672 11840
4
	12416 11808
	12608 11808
	12608 11840
	12416 11840
4
	13568 11808
	14496 11808
	14496 11840
	13568 11840
4
	14688 11808
	14880 11808
	14880 11840
	14688 11840
4
	16096 11808
	16384 11808
	16384 11840
	16096 11840
4
	0 11840
	1600 11840
	1600 11872
	0 11872
4
	4672 11840
	4736 11840
	4736 11872
	4672 11872
4
	4864 11840
	11232 11840
	11232 11872
	4864 11872
4
	12416 11840
	12544 11840
	12544 11872
	12416 11872
4
	13696 11840
	14432 11840
	14432 11872
	13696 11872
4
	14688 11840
	14880 11840
	14880 11872
	14688 11872
4
	16032 11840
	16384 11840
	16384 11872
	16032 11872
4
	0 11872
	1600 11872
	1600 11904
	0 11904
4
	5120 11872
	11232 11872
	11232 11904
	5120 11904
4
	12352 11872
	12480 11872
	12480 11904
	12352 11904
4
	13760 11872
	14432 11872
	14432 11904
	13760 11904
4
	14688 11872
	14880 11872
	14880 11904
	14688 11904
4
	16032 11872
	16384 11872
	16384 11904
	16032 11904
4
	0 11904
	1600 11904
	1600 11936
	0 11936
4
	5120 11904
	11232 11904
	11232 11936
	5120 11936
4
	12352 11904
	12480 11904
	12480 11936
	12352 11936
4
	13760 11904
	14432 11904
	14432 11936
	13760 11936
4
	14688 11904
	14880 11904
	14880 11936
	14688 11936
4
	16032 11904
	16384 11904
	16384 11936
	16032 11936
4
	0 11936
	1536 11936
	1536 11968
	0 11968
4
	5312 11936
	11232 11936
	11232 11968
	5312 11968
4
	12352 11936
	12480 11936
	12480 11968
	12352 11968
4
	13824 11936
	14432 11936
	14432 11968
	13824 11968
4
	14688 11936
	14816 11936
	14816 11968
	14688 11968
4
	16032 11936
	16384 11936
	16384 11968
	16032 11968
4
	0 11968
	1536 11968
	1536 12000
	0 12000
4
	5312 11968
	11232 11968
	11232 12000
	5312 12000
4
	12352 11968
	12480 11968
	12480 12000
	12352 12000
4
	13824 11968
	14432 11968
	14432 12000
	13824 12000
4
	14688 11968
	14816 11968
	14816 12000
	14688 12000
4
	16032 11968
	16384 11968
	16384 12000
	16032 12000
4
	0 12000
	1536 12000
	1536 12032
	0 12032
4
	5440 12000
	11232 12000
	11232 12032
	5440 12032
4
	12288 12000
	12416 12000
	12416 12032
	12288 12032
4
	13760 12000
	14496 12000
	14496 12032
	13760 12032
4
	15968 12000
	16384 12000
	16384 12032
	15968 12032
4
	0 12032
	1536 12032
	1536 12064
	0 12064
4
	5440 12032
	11232 12032
	11232 12064
	5440 12064
4
	12288 12032
	12416 12032
	12416 12064
	12288 12064
4
	13760 12032
	14496 12032
	14496 12064
	13760 12064
4
	15968 12032
	16384 12032
	16384 12064
	15968 12064
4
	0 12064
	1472 12064
	1472 12096
	0 12096
4
	5440 12064
	11232 12064
	11232 12096
	5440 12096
4
	12256 12064
	12352 12064
	12352 12096
	12256 12096
4
	13696 12064
	14560 12064
	14560 12096
	13696 12096
4
	15968 12064
	16384 12064
	16384 12096
	15968 12096
4
	0 12096
	1408 12096
	1408 12128
	0 12128
4
	3808 12096
	3936 12096
	3936 12128
	3808 12128
4
	5888 12096
	11232 12096
	11232 12128
	5888 12128
4
	12192 12096
	12352 12096
	12352 12128
	12192 12128
4
	12864 12096
	12992 12096
	12992 12128
	12864 12128
4
	13440 12096
	13568 12096
	13568 12128
	13440 12128
4
	13632 12096
	14560 12096
	14560 12128
	13632 12128
4
	15968 12096
	16384 12096
	16384 12128
	15968 12128
4
	0 12128
	1408 12128
	1408 12160
	0 12160
4
	3808 12128
	3936 12128
	3936 12160
	3808 12160
4
	5888 12128
	11232 12128
	11232 12160
	5888 12160
4
	12192 12128
	12352 12128
	12352 12160
	12192 12160
4
	12864 12128
	12992 12128
	12992 12160
	12864 12160
4
	13440 12128
	13568 12128
	13568 12160
	13440 12160
4
	13632 12128
	14560 12128
	14560 12160
	13632 12160
4
	15968 12128
	16384 12128
	16384 12160
	15968 12160
4
	0 12160
	1472 12160
	1472 12192
	0 12192
4
	3744 12160
	4064 12160
	4064 12192
	3744 12192
4
	6080 12160
	11232 12160
	11232 12192
	6080 12192
4
	12128 12160
	12288 12160
	12288 12192
	12128 12192
4
	12672 12160
	12992 12160
	12992 12192
	12672 12192
4
	13440 12160
	14624 12160
	14624 12192
	13440 12192
4
	15904 12160
	16384 12160
	16384 12192
	15904 12192
4
	0 12192
	1472 12192
	1472 12224
	0 12224
4
	3744 12192
	4064 12192
	4064 12224
	3744 12224
4
	6080 12192
	11232 12192
	11232 12224
	6080 12224
4
	12128 12192
	12288 12192
	12288 12224
	12128 12224
4
	12672 12192
	12992 12192
	12992 12224
	12672 12224
4
	13440 12192
	14624 12192
	14624 12224
	13440 12224
4
	15904 12192
	16384 12192
	16384 12224
	15904 12224
4
	0 12224
	1408 12224
	1408 12256
	0 12256
4
	3680 12224
	4160 12224
	4160 12256
	3680 12256
4
	6240 12224
	11232 12224
	11232 12256
	6240 12256
4
	12128 12224
	12256 12224
	12256 12256
	12128 12256
4
	12608 12224
	12992 12224
	12992 12256
	12608 12256
4
	13312 12224
	14624 12224
	14624 12256
	13312 12256
4
	15904 12224
	16384 12224
	16384 12256
	15904 12256
4
	0 12256
	1408 12256
	1408 12288
	0 12288
4
	3680 12256
	4160 12256
	4160 12288
	3680 12288
4
	6240 12256
	11232 12256
	11232 12288
	6240 12288
4
	12128 12256
	12256 12256
	12256 12288
	12128 12288
4
	12608 12256
	12992 12256
	12992 12288
	12608 12288
4
	13312 12256
	14624 12256
	14624 12288
	13312 12288
4
	15904 12256
	16384 12256
	16384 12288
	15904 12288
4
	0 12288
	1344 12288
	1344 12320
	0 12320
4
	3680 12288
	4160 12288
	4160 12320
	3680 12320
4
	6432 12288
	11232 12288
	11232 12320
	6432 12320
4
	12064 12288
	12256 12288
	12256 12320
	12064 12320
4
	12544 12288
	14688 12288
	14688 12320
	12544 12320
4
	15840 12288
	16384 12288
	16384 12320
	15840 12320
4
	0 12320
	1280 12320
	1280 12352
	0 12352
4
	3680 12320
	4160 12320
	4160 12352
	3680 12352
4
	6624 12320
	11232 12320
	11232 12352
	6624 12352
4
	12000 12320
	12192 12320
	12192 12352
	12000 12352
4
	12544 12320
	14752 12320
	14752 12352
	12544 12352
4
	15776 12320
	16384 12320
	16384 12352
	15776 12352
4
	0 12352
	1280 12352
	1280 12384
	0 12384
4
	3680 12352
	4160 12352
	4160 12384
	3680 12384
4
	6624 12352
	11232 12352
	11232 12384
	6624 12384
4
	12000 12352
	12192 12352
	12192 12384
	12000 12384
4
	12544 12352
	14752 12352
	14752 12384
	12544 12384
4
	15776 12352
	16384 12352
	16384 12384
	15776 12384
4
	0 12384
	1280 12384
	1280 12416
	0 12416
4
	3680 12384
	4160 12384
	4160 12416
	3680 12416
4
	6624 12384
	11296 12384
	11296 12416
	6624 12416
4
	12000 12384
	12192 12384
	12192 12416
	12000 12416
4
	12480 12384
	13760 12384
	13760 12416
	12480 12416
4
	13824 12384
	14880 12384
	14880 12416
	13824 12416
4
	15712 12384
	16384 12384
	16384 12416
	15712 12416
4
	0 12416
	1280 12416
	1280 12448
	0 12448
4
	3680 12416
	4160 12416
	4160 12448
	3680 12448
4
	6624 12416
	11296 12416
	11296 12448
	6624 12448
4
	12000 12416
	12192 12416
	12192 12448
	12000 12448
4
	12480 12416
	13760 12416
	13760 12448
	12480 12448
4
	13824 12416
	14880 12416
	14880 12448
	13824 12448
4
	15712 12416
	16384 12416
	16384 12448
	15712 12448
4
	0 12448
	1216 12448
	1216 12480
	0 12480
4
	2912 12448
	3040 12448
	3040 12480
	2912 12480
4
	3680 12448
	4096 12448
	4096 12480
	3680 12480
4
	6624 12448
	11296 12448
	11296 12480
	6624 12480
4
	12000 12448
	12128 12448
	12128 12480
	12000 12480
4
	12416 12448
	13568 12448
	13568 12480
	12416 12480
4
	13824 12448
	15008 12448
	15008 12480
	13824 12480
4
	15648 12448
	16384 12448
	16384 12480
	15648 12480
4
	0 12480
	1216 12480
	1216 12512
	0 12512
4
	2912 12480
	3040 12480
	3040 12512
	2912 12512
4
	3680 12480
	4096 12480
	4096 12512
	3680 12512
4
	6624 12480
	11296 12480
	11296 12512
	6624 12512
4
	12000 12480
	12128 12480
	12128 12512
	12000 12512
4
	12416 12480
	13568 12480
	13568 12512
	12416 12512
4
	13824 12480
	15008 12480
	15008 12512
	13824 12512
4
	15648 12480
	16384 12480
	16384 12512
	15648 12512
4
	0 12512
	1216 12512
	1216 12544
	0 12544
4
	2848 12512
	3168 12512
	3168 12544
	2848 12544
4
	3680 12512
	4064 12512
	4064 12544
	3680 12544
4
	6624 12512
	11360 12512
	11360 12544
	6624 12544
4
	12352 12512
	12608 12512
	12608 12544
	12352 12544
4
	13120 12512
	13376 12512
	13376 12544
	13120 12544
4
	13824 12512
	14208 12512
	14208 12544
	13824 12544
4
	14272 12512
	15072 12512
	15072 12544
	14272 12544
4
	15584 12512
	16384 12512
	16384 12544
	15584 12544
4
	0 12544
	1152 12544
	1152 12576
	0 12576
4
	2848 12544
	3232 12544
	3232 12576
	2848 12576
4
	3680 12544
	3936 12544
	3936 12576
	3680 12576
4
	6624 12544
	11360 12544
	11360 12576
	6624 12576
4
	12288 12544
	12544 12544
	12544 12576
	12288 12576
4
	14336 12544
	15136 12544
	15136 12576
	14336 12576
4
	15520 12544
	16384 12544
	16384 12576
	15520 12576
4
	0 12576
	1152 12576
	1152 12608
	0 12608
4
	2848 12576
	3232 12576
	3232 12608
	2848 12608
4
	3680 12576
	3936 12576
	3936 12608
	3680 12608
4
	6624 12576
	11360 12576
	11360 12608
	6624 12608
4
	12288 12576
	12544 12576
	12544 12608
	12288 12608
4
	14336 12576
	15136 12576
	15136 12608
	14336 12608
4
	15520 12576
	16384 12576
	16384 12608
	15520 12608
4
	0 12608
	1088 12608
	1088 12640
	0 12640
4
	2976 12608
	3232 12608
	3232 12640
	2976 12640
4
	3680 12608
	3808 12608
	3808 12640
	3680 12640
4
	6624 12608
	11296 12608
	11296 12640
	6624 12640
4
	12256 12608
	12480 12608
	12480 12640
	12256 12640
4
	13632 12608
	13760 12608
	13760 12640
	13632 12640
4
	14368 12608
	15200 12608
	15200 12640
	14368 12640
4
	15520 12608
	16384 12608
	16384 12640
	15520 12640
4
	0 12640
	1088 12640
	1088 12672
	0 12672
4
	2976 12640
	3232 12640
	3232 12672
	2976 12672
4
	3680 12640
	3808 12640
	3808 12672
	3680 12672
4
	6624 12640
	11296 12640
	11296 12672
	6624 12672
4
	12256 12640
	12480 12640
	12480 12672
	12256 12672
4
	13632 12640
	13760 12640
	13760 12672
	13632 12672
4
	14368 12640
	15200 12640
	15200 12672
	14368 12672
4
	15520 12640
	16384 12640
	16384 12672
	15520 12672
4
	0 12672
	1088 12672
	1088 12704
	0 12704
4
	3104 12672
	3232 12672
	3232 12704
	3104 12704
4
	6624 12672
	11296 12672
	11296 12704
	6624 12704
4
	12256 12672
	12416 12672
	12416 12704
	12256 12704
4
	13632 12672
	13760 12672
	13760 12704
	13632 12704
4
	14432 12672
	15392 12672
	15392 12704
	14432 12704
4
	15520 12672
	16384 12672
	16384 12704
	15520 12704
4
	0 12704
	1088 12704
	1088 12736
	0 12736
4
	3104 12704
	3232 12704
	3232 12736
	3104 12736
4
	6624 12704
	11296 12704
	11296 12736
	6624 12736
4
	12256 12704
	12416 12704
	12416 12736
	12256 12736
4
	13632 12704
	13760 12704
	13760 12736
	13632 12736
4
	14432 12704
	15392 12704
	15392 12736
	14432 12736
4
	15520 12704
	16384 12704
	16384 12736
	15520 12736
4
	0 12736
	1024 12736
	1024 12768
	0 12768
4
	6624 12736
	11232 12736
	11232 12768
	6624 12768
4
	14432 12736
	16384 12736
	16384 12768
	14432 12768
4
	0 12768
	1024 12768
	1024 12800
	0 12800
4
	4992 12768
	5056 12768
	5056 12800
	4992 12800
4
	6624 12768
	11232 12768
	11232 12800
	6624 12800
4
	14560 12768
	16384 12768
	16384 12800
	14560 12800
4
	0 12800
	1024 12800
	1024 12832
	0 12832
4
	4992 12800
	5056 12800
	5056 12832
	4992 12832
4
	6624 12800
	11232 12800
	11232 12832
	6624 12832
4
	14560 12800
	16384 12800
	16384 12832
	14560 12832
4
	0 12832
	960 12832
	960 12864
	0 12864
4
	4864 12832
	5120 12832
	5120 12864
	4864 12864
4
	6624 12832
	11168 12832
	11168 12864
	6624 12864
4
	14560 12832
	16384 12832
	16384 12864
	14560 12864
4
	0 12864
	960 12864
	960 12896
	0 12896
4
	4864 12864
	5120 12864
	5120 12896
	4864 12896
4
	6624 12864
	11168 12864
	11168 12896
	6624 12896
4
	14560 12864
	16384 12864
	16384 12896
	14560 12896
4
	0 12896
	960 12896
	960 12928
	0 12928
4
	4800 12896
	5248 12896
	5248 12928
	4800 12928
4
	6624 12896
	11168 12896
	11168 12928
	6624 12928
4
	14624 12896
	16384 12896
	16384 12928
	14624 12928
4
	0 12928
	960 12928
	960 12960
	0 12960
4
	4800 12928
	5248 12928
	5248 12960
	4800 12960
4
	6624 12928
	11168 12928
	11168 12960
	6624 12960
4
	14624 12928
	16384 12928
	16384 12960
	14624 12960
4
	0 12960
	960 12960
	960 12992
	0 12992
4
	4416 12960
	5312 12960
	5312 12992
	4416 12992
4
	6560 12960
	10976 12960
	10976 12992
	6560 12992
4
	14624 12960
	16384 12960
	16384 12992
	14624 12992
4
	0 12992
	896 12992
	896 13024
	0 13024
4
	3360 12992
	3552 12992
	3552 13024
	3360 13024
4
	4352 12992
	5376 12992
	5376 13024
	4352 13024
4
	6560 12992
	10592 12992
	10592 13024
	6560 13024
4
	14688 12992
	16384 12992
	16384 13024
	14688 13024
4
	0 13024
	896 13024
	896 13056
	0 13056
4
	3360 13024
	3552 13024
	3552 13056
	3360 13056
4
	4352 13024
	5376 13024
	5376 13056
	4352 13056
4
	6560 13024
	10592 13024
	10592 13056
	6560 13056
4
	14688 13024
	16384 13024
	16384 13056
	14688 13056
4
	0 13056
	896 13056
	896 13088
	0 13088
4
	3296 13056
	3616 13056
	3616 13088
	3296 13088
4
	4352 13056
	5440 13056
	5440 13088
	4352 13088
4
	6560 13056
	10336 13056
	10336 13088
	6560 13088
4
	14752 13056
	16384 13056
	16384 13088
	14752 13088
4
	0 13088
	896 13088
	896 13120
	0 13120
4
	3296 13088
	3616 13088
	3616 13120
	3296 13120
4
	4352 13088
	5440 13088
	5440 13120
	4352 13120
4
	6560 13088
	10336 13088
	10336 13120
	6560 13120
4
	14752 13088
	16384 13088
	16384 13120
	14752 13120
4
	0 13120
	832 13120
	832 13152
	0 13152
4
	3232 13120
	3616 13120
	3616 13152
	3232 13152
4
	4480 13120
	5440 13120
	5440 13152
	4480 13152
4
	6560 13120
	10240 13120
	10240 13152
	6560 13152
4
	14816 13120
	16384 13120
	16384 13152
	14816 13152
4
	0 13152
	832 13152
	832 13184
	0 13184
4
	3168 13152
	3616 13152
	3616 13184
	3168 13184
4
	4480 13152
	5504 13152
	5504 13184
	4480 13184
4
	6560 13152
	10112 13152
	10112 13184
	6560 13184
4
	14816 13152
	16384 13152
	16384 13184
	14816 13184
4
	0 13184
	832 13184
	832 13216
	0 13216
4
	3168 13184
	3616 13184
	3616 13216
	3168 13216
4
	4480 13184
	5504 13184
	5504 13216
	4480 13216
4
	6560 13184
	10112 13184
	10112 13216
	6560 13216
4
	14816 13184
	16384 13184
	16384 13216
	14816 13216
4
	0 13216
	832 13216
	832 13248
	0 13248
4
	3168 13216
	3616 13216
	3616 13248
	3168 13248
4
	4416 13216
	5504 13216
	5504 13248
	4416 13248
4
	6560 13216
	10048 13216
	10048 13248
	6560 13248
4
	14880 13216
	16384 13216
	16384 13248
	14880 13248
4
	0 13248
	832 13248
	832 13280
	0 13280
4
	3168 13248
	3616 13248
	3616 13280
	3168 13280
4
	4416 13248
	5504 13248
	5504 13280
	4416 13280
4
	6560 13248
	10048 13248
	10048 13280
	6560 13280
4
	14880 13248
	16384 13248
	16384 13280
	14880 13280
4
	0 13280
	768 13280
	768 13312
	0 13312
4
	3168 13280
	3616 13280
	3616 13312
	3168 13312
4
	4416 13280
	4672 13280
	4672 13312
	4416 13312
4
	4800 13280
	5568 13280
	5568 13312
	4800 13312
4
	6624 13280
	9920 13280
	9920 13312
	6624 13312
4
	14944 13280
	16384 13280
	16384 13312
	14944 13312
4
	0 13312
	768 13312
	768 13344
	0 13344
4
	3168 13312
	3616 13312
	3616 13344
	3168 13344
4
	4416 13312
	4672 13312
	4672 13344
	4416 13344
4
	4800 13312
	5568 13312
	5568 13344
	4800 13344
4
	6624 13312
	9920 13312
	9920 13344
	6624 13344
4
	14944 13312
	16384 13312
	16384 13344
	14944 13344
4
	0 13344
	768 13344
	768 13376
	0 13376
4
	3168 13344
	3616 13344
	3616 13376
	3168 13376
4
	4416 13344
	4608 13344
	4608 13376
	4416 13376
4
	4736 13344
	5568 13344
	5568 13376
	4736 13376
4
	6816 13344
	9856 13344
	9856 13376
	6816 13376
4
	15008 13344
	16384 13344
	16384 13376
	15008 13376
4
	0 13376
	704 13376
	704 13408
	0 13408
4
	2464 13376
	2528 13376
	2528 13408
	2464 13408
4
	3168 13376
	3552 13376
	3552 13408
	3168 13408
4
	4736 13376
	5504 13376
	5504 13408
	4736 13408
4
	6880 13376
	9792 13376
	9792 13408
	6880 13408
4
	15072 13376
	16384 13376
	16384 13408
	15072 13408
4
	0 13408
	704 13408
	704 13440
	0 13440
4
	2464 13408
	2528 13408
	2528 13440
	2464 13440
4
	3168 13408
	3552 13408
	3552 13440
	3168 13440
4
	4736 13408
	5504 13408
	5504 13440
	4736 13440
4
	6880 13408
	9792 13408
	9792 13440
	6880 13440
4
	15072 13408
	16384 13408
	16384 13440
	15072 13440
4
	0 13440
	704 13440
	704 13472
	0 13472
4
	2464 13440
	2784 13440
	2784 13472
	2464 13472
4
	3168 13440
	3488 13440
	3488 13472
	3168 13472
4
	4672 13440
	5440 13440
	5440 13472
	4672 13472
4
	7008 13440
	9728 13440
	9728 13472
	7008 13472
4
	15136 13440
	16384 13440
	16384 13472
	15136 13472
4
	0 13472
	704 13472
	704 13504
	0 13504
4
	2464 13472
	2784 13472
	2784 13504
	2464 13504
4
	3168 13472
	3488 13472
	3488 13504
	3168 13504
4
	4672 13472
	5440 13472
	5440 13504
	4672 13504
4
	7008 13472
	9728 13472
	9728 13504
	7008 13504
4
	15136 13472
	16384 13472
	16384 13504
	15136 13504
4
	0 13504
	640 13504
	640 13536
	0 13536
4
	2464 13504
	2784 13504
	2784 13536
	2464 13536
4
	3168 13504
	3360 13504
	3360 13536
	3168 13536
4
	4608 13504
	5376 13504
	5376 13536
	4608 13536
4
	7072 13504
	9664 13504
	9664 13536
	7072 13536
4
	11488 13504
	11808 13504
	11808 13536
	11488 13536
4
	15136 13504
	16384 13504
	16384 13536
	15136 13536
4
	0 13536
	640 13536
	640 13568
	0 13568
4
	2464 13536
	2784 13536
	2784 13568
	2464 13568
4
	3168 13536
	3360 13536
	3360 13568
	3168 13568
4
	4608 13536
	5376 13536
	5376 13568
	4608 13568
4
	7072 13536
	9664 13536
	9664 13568
	7072 13568
4
	11488 13536
	11808 13536
	11808 13568
	11488 13568
4
	15136 13536
	16384 13536
	16384 13568
	15136 13568
4
	0 13568
	640 13568
	640 13600
	0 13600
4
	2592 13568
	2848 13568
	2848 13600
	2592 13600
4
	4608 13568
	5312 13568
	5312 13600
	4608 13600
4
	7264 13568
	9664 13568
	9664 13600
	7264 13600
4
	11424 13568
	11872 13568
	11872 13600
	11424 13600
4
	15072 13568
	16384 13568
	16384 13600
	15072 13600
4
	0 13600
	640 13600
	640 13632
	0 13632
4
	4544 13600
	5312 13600
	5312 13632
	4544 13632
4
	7392 13600
	9600 13600
	9600 13632
	7392 13632
4
	11424 13600
	11936 13600
	11936 13632
	11424 13632
4
	15072 13600
	16384 13600
	16384 13632
	15072 13632
4
	0 13632
	640 13632
	640 13664
	0 13664
4
	4544 13632
	5312 13632
	5312 13664
	4544 13664
4
	7392 13632
	9600 13632
	9600 13664
	7392 13664
4
	11424 13632
	11936 13632
	11936 13664
	11424 13664
4
	15072 13632
	16384 13632
	16384 13664
	15072 13664
4
	0 13664
	576 13664
	576 13696
	0 13696
4
	4608 13664
	5248 13664
	5248 13696
	4608 13696
4
	7520 13664
	9536 13664
	9536 13696
	7520 13696
4
	10976 13664
	12000 13664
	12000 13696
	10976 13696
4
	14944 13664
	16384 13664
	16384 13696
	14944 13696
4
	0 13696
	576 13696
	576 13728
	0 13728
4
	4608 13696
	5248 13696
	5248 13728
	4608 13728
4
	7520 13696
	9536 13696
	9536 13728
	7520 13728
4
	10976 13696
	12000 13696
	12000 13728
	10976 13728
4
	14944 13696
	16384 13696
	16384 13728
	14944 13728
4
	0 13728
	576 13728
	576 13760
	0 13760
4
	4608 13728
	5184 13728
	5184 13760
	4608 13760
4
	7584 13728
	9472 13728
	9472 13760
	7584 13760
4
	10912 13728
	12256 13728
	12256 13760
	10912 13760
4
	14816 13728
	16384 13728
	16384 13760
	14816 13760
4
	0 13760
	576 13760
	576 13792
	0 13792
4
	4608 13760
	5184 13760
	5184 13792
	4608 13792
4
	7584 13760
	9472 13760
	9472 13792
	7584 13792
4
	10912 13760
	12256 13760
	12256 13792
	10912 13792
4
	14816 13760
	16384 13760
	16384 13792
	14816 13792
4
	0 13792
	512 13792
	512 13824
	0 13824
4
	4736 13792
	4928 13792
	4928 13824
	4736 13824
4
	4992 13792
	5120 13792
	5120 13824
	4992 13824
4
	7648 13792
	9472 13792
	9472 13824
	7648 13824
4
	10784 13792
	12480 13792
	12480 13824
	10784 13824
4
	14688 13792
	16384 13792
	16384 13824
	14688 13824
4
	0 13824
	512 13824
	512 13856
	0 13856
4
	7712 13824
	9408 13824
	9408 13856
	7712 13856
4
	10720 13824
	12672 13824
	12672 13856
	10720 13856
4
	14496 13824
	16384 13824
	16384 13856
	14496 13856
4
	0 13856
	512 13856
	512 13888
	0 13888
4
	7712 13856
	9408 13856
	9408 13888
	7712 13888
4
	10720 13856
	12672 13856
	12672 13888
	10720 13888
4
	14496 13856
	16384 13856
	16384 13888
	14496 13888
4
	0 13888
	448 13888
	448 13920
	0 13920
4
	2784 13888
	3040 13888
	3040 13920
	2784 13920
4
	7776 13888
	9344 13888
	9344 13920
	7776 13920
4
	10656 13888
	12736 13888
	12736 13920
	10656 13920
4
	14336 13888
	16384 13888
	16384 13920
	14336 13920
4
	0 13920
	448 13920
	448 13952
	0 13952
4
	2784 13920
	3040 13920
	3040 13952
	2784 13952
4
	7776 13920
	9344 13920
	9344 13952
	7776 13952
4
	10656 13920
	12736 13920
	12736 13952
	10656 13952
4
	14336 13920
	16384 13920
	16384 13952
	14336 13952
4
	0 13952
	448 13952
	448 13984
	0 13984
4
	2784 13952
	3104 13952
	3104 13984
	2784 13984
4
	7840 13952
	9280 13952
	9280 13984
	7840 13984
4
	10656 13952
	12864 13952
	12864 13984
	10656 13984
4
	14208 13952
	16384 13952
	16384 13984
	14208 13984
4
	0 13984
	448 13984
	448 14016
	0 14016
4
	2784 13984
	3104 13984
	3104 14016
	2784 14016
4
	7840 13984
	9280 13984
	9280 14016
	7840 14016
4
	10656 13984
	12864 13984
	12864 14016
	10656 14016
4
	14208 13984
	16384 13984
	16384 14016
	14208 14016
4
	0 14016
	384 14016
	384 14048
	0 14048
4
	2720 14016
	3168 14016
	3168 14048
	2720 14048
4
	7904 14016
	9216 14016
	9216 14048
	7904 14048
4
	10656 14016
	12992 14016
	12992 14048
	10656 14048
4
	14016 14016
	16384 14016
	16384 14048
	14016 14048
4
	0 14048
	448 14048
	448 14080
	0 14080
4
	2656 14048
	3168 14048
	3168 14080
	2656 14080
4
	7968 14048
	9152 14048
	9152 14080
	7968 14080
4
	10528 14048
	13120 14048
	13120 14080
	10528 14080
4
	13632 14048
	16384 14048
	16384 14080
	13632 14080
4
	0 14080
	448 14080
	448 14112
	0 14112
4
	2656 14080
	3168 14080
	3168 14112
	2656 14112
4
	7968 14080
	9152 14080
	9152 14112
	7968 14112
4
	10528 14080
	13120 14080
	13120 14112
	10528 14112
4
	13632 14080
	16384 14080
	16384 14112
	13632 14112
4
	0 14112
	512 14112
	512 14144
	0 14144
4
	2592 14112
	3168 14112
	3168 14144
	2592 14144
4
	8032 14112
	9088 14112
	9088 14144
	8032 14144
4
	10464 14112
	13376 14112
	13376 14144
	10464 14144
4
	13568 14112
	16384 14112
	16384 14144
	13568 14144
4
	0 14144
	512 14144
	512 14176
	0 14176
4
	2592 14144
	3168 14144
	3168 14176
	2592 14176
4
	8032 14144
	9088 14144
	9088 14176
	8032 14176
4
	10464 14144
	13376 14144
	13376 14176
	10464 14176
4
	13568 14144
	16384 14144
	16384 14176
	13568 14176
4
	0 14176
	512 14176
	512 14208
	0 14208
4
	2592 14176
	3168 14176
	3168 14208
	2592 14208
4
	8096 14176
	8256 14176
	8256 14208
	8096 14208
4
	8448 14176
	8512 14176
	8512 14208
	8448 14208
4
	10464 14176
	16384 14176
	16384 14208
	10464 14208
4
	0 14208
	512 14208
	512 14240
	0 14240
4
	2592 14208
	3168 14208
	3168 14240
	2592 14240
4
	8096 14208
	8256 14208
	8256 14240
	8096 14240
4
	8448 14208
	8512 14208
	8512 14240
	8448 14240
4
	10464 14208
	16384 14208
	16384 14240
	10464 14240
4
	0 14240
	704 14240
	704 14272
	0 14272
4
	2592 14240
	3168 14240
	3168 14272
	2592 14272
4
	10464 14240
	16384 14240
	16384 14272
	10464 14272
4
	0 14272
	896 14272
	896 14304
	0 14304
4
	1984 14272
	2208 14272
	2208 14304
	1984 14304
4
	2656 14272
	3040 14272
	3040 14304
	2656 14304
4
	10464 14272
	16384 14272
	16384 14304
	10464 14304
4
	0 14304
	896 14304
	896 14336
	0 14336
4
	1984 14304
	2208 14304
	2208 14336
	1984 14336
4
	2656 14304
	3040 14304
	3040 14336
	2656 14336
4
	10464 14304
	16384 14304
	16384 14336
	10464 14336
4
	0 14336
	1024 14336
	1024 14368
	0 14368
4
	1984 14336
	2272 14336
	2272 14368
	1984 14368
4
	2720 14336
	2912 14336
	2912 14368
	2720 14368
4
	10400 14336
	16384 14336
	16384 14368
	10400 14368
4
	0 14368
	1024 14368
	1024 14400
	0 14400
4
	1984 14368
	2272 14368
	2272 14400
	1984 14400
4
	2720 14368
	2912 14368
	2912 14400
	2720 14400
4
	10400 14368
	16384 14368
	16384 14400
	10400 14400
4
	0 14400
	1216 14400
	1216 14432
	0 14432
4
	2080 14400
	2272 14400
	2272 14432
	2080 14432
4
	10400 14400
	16384 14400
	16384 14432
	10400 14432
4
	0 14432
	1216 14432
	1216 14464
	0 14464
4
	2080 14432
	2272 14432
	2272 14464
	2080 14464
4
	10400 14432
	16384 14432
	16384 14464
	10400 14464
4
	0 14464
	1344 14464
	1344 14496
	0 14496
4
	10400 14464
	16384 14464
	16384 14496
	10400 14496
4
	0 14496
	1472 14496
	1472 14528
	0 14528
4
	10336 14496
	16384 14496
	16384 14528
	10336 14528
4
	0 14528
	1472 14528
	1472 14560
	0 14560
4
	10336 14528
	16384 14528
	16384 14560
	10336 14560
4
	0 14560
	1472 14560
	1472 14592
	0 14592
4
	10336 14560
	16384 14560
	16384 14592
	10336 14592
4
	0 14592
	1472 14592
	1472 14624
	0 14624
4
	10336 14592
	16384 14592
	16384 14624
	10336 14624
4
	0 14624
	1472 14624
	1472 14656
	0 14656
4
	2208 14624
	2528 14624
	2528 14656
	2208 14656
4
	10336 14624
	16384 14624
	16384 14656
	10336 14656
4
	0 14656
	1472 14656
	1472 14688
	0 14688
4
	2208 14656
	2528 14656
	2528 14688
	2208 14688
4
	10336 14656
	16384 14656
	16384 14688
	10336 14688
4
	0 14688
	1536 14688
	1536 14720
	0 14720
4
	2144 14688
	2592 14688
	2592 14720
	2144 14720
4
	10272 14688
	16384 14688
	16384 14720
	10272 14720
4
	0 14720
	1536 14720
	1536 14752
	0 14752
4
	2080 14720
	2656 14720
	2656 14752
	2080 14752
4
	10272 14720
	16384 14720
	16384 14752
	10272 14752
4
	0 14752
	1536 14752
	1536 14784
	0 14784
4
	2080 14752
	2656 14752
	2656 14784
	2080 14784
4
	10272 14752
	16384 14752
	16384 14784
	10272 14784
4
	0 14784
	1600 14784
	1600 14816
	0 14816
4
	2048 14784
	2656 14784
	2656 14816
	2048 14816
4
	5952 14784
	6432 14784
	6432 14816
	5952 14816
4
	10240 14784
	16384 14784
	16384 14816
	10240 14816
4
	0 14816
	1600 14816
	1600 14848
	0 14848
4
	2048 14816
	2656 14816
	2656 14848
	2048 14848
4
	5952 14816
	6432 14816
	6432 14848
	5952 14848
4
	10240 14816
	16384 14816
	16384 14848
	10240 14848
4
	0 14848
	1664 14848
	1664 14880
	0 14880
4
	2048 14848
	2720 14848
	2720 14880
	2048 14880
4
	5760 14848
	6624 14848
	6624 14880
	5760 14880
4
	10176 14848
	16384 14848
	16384 14880
	10176 14880
4
	0 14880
	1728 14880
	1728 14912
	0 14912
4
	2048 14880
	2720 14880
	2720 14912
	2048 14912
4
	5632 14880
	6752 14880
	6752 14912
	5632 14912
4
	10112 14880
	16384 14880
	16384 14912
	10112 14912
4
	0 14912
	1728 14912
	1728 14944
	0 14944
4
	2048 14912
	2720 14912
	2720 14944
	2048 14944
4
	5632 14912
	6752 14912
	6752 14944
	5632 14944
4
	10112 14912
	16384 14912
	16384 14944
	10112 14944
4
	0 14944
	1792 14944
	1792 14976
	0 14976
4
	2080 14944
	2656 14944
	2656 14976
	2080 14976
4
	5632 14944
	6880 14944
	6880 14976
	5632 14976
4
	9984 14944
	16384 14944
	16384 14976
	9984 14976
4
	0 14976
	1792 14976
	1792 15008
	0 15008
4
	2080 14976
	2656 14976
	2656 15008
	2080 15008
4
	5632 14976
	6880 14976
	6880 15008
	5632 15008
4
	9984 14976
	16384 14976
	16384 15008
	9984 15008
4
	0 15008
	1344 15008
	1344 15040
	0 15040
4
	5568 15008
	7008 15008
	7008 15040
	5568 15040
4
	9920 15008
	16384 15008
	16384 15040
	9920 15040
4
	0 15040
	1344 15040
	1344 15072
	0 15072
4
	5568 15040
	7008 15040
	7008 15072
	5568 15072
4
	9920 15040
	16384 15040
	16384 15072
	9920 15072
4
	0 15072
	1344 15072
	1344 15104
	0 15104
4
	5568 15072
	7072 15072
	7072 15104
	5568 15104
4
	9728 15072
	16384 15072
	16384 15104
	9728 15104
4
	0 15104
	1344 15104
	1344 15136
	0 15136
4
	5504 15104
	7328 15104
	7328 15136
	5504 15136
4
	9536 15104
	16384 15104
	16384 15136
	9536 15136
4
	0 15136
	1344 15136
	1344 15168
	0 15168
4
	5504 15136
	7328 15136
	7328 15168
	5504 15168
4
	9536 15136
	16384 15136
	16384 15168
	9536 15168
4
	0 15168
	1344 15168
	1344 15200
	0 15200
4
	5504 15168
	7648 15168
	7648 15200
	5504 15200
4
	9280 15168
	16384 15168
	16384 15200
	9280 15200
4
	0 15200
	1344 15200
	1344 15232
	0 15232
4
	5504 15200
	7648 15200
	7648 15232
	5504 15232
4
	9280 15200
	16384 15200
	16384 15232
	9280 15232
4
	0 15232
	1344 15232
	1344 15264
	0 15264
4
	5440 15232
	8160 15232
	8160 15264
	5440 15264
4
	8832 15232
	16384 15232
	16384 15264
	8832 15264
4
	0 15264
	1344 15264
	1344 15296
	0 15296
4
	5440 15264
	8160 15264
	8160 15296
	5440 15296
4
	8832 15264
	16384 15264
	16384 15296
	8832 15296
4
	0 15296
	1344 15296
	1344 15328
	0 15328
4
	5440 15296
	16384 15296
	16384 15328
	5440 15328
4
	0 15328
	1344 15328
	1344 15360
	0 15360
4
	5376 15328
	16384 15328
	16384 15360
	5376 15360
4
	0 15360
	1344 15360
	1344 15392
	0 15392
4
	5376 15360
	16384 15360
	16384 15392
	5376 15392
4
	0 15392
	1344 15392
	1344 15424
	0 15424
4
	5312 15392
	16384 15392
	16384 15424
	5312 15424
4
	0 15424
	1344 15424
	1344 15456
	0 15456
4
	5312 15424
	16384 15424
	16384 15456
	5312 15456
4
	0 15456
	1408 15456
	1408 15488
	0 15488
4
	5312 15456
	16384 15456
	16384 15488
	5312 15488
4
	0 15488
	1408 15488
	1408 15520
	0 15520
4
	5312 15488
	16384 15488
	16384 15520
	5312 15520
4
	0 15520
	1536 15520
	1536 15552
	0 15552
4
	5248 15520
	16384 15520
	16384 15552
	5248 15552
4
	0 15552
	1728 15552
	1728 15584
	0 15584
4
	5248 15552
	16384 15552
	16384 15584
	5248 15584
4
	0 15584
	1728 15584
	1728 15616
	0 15616
4
	5248 15584
	16384 15584
	16384 15616
	5248 15616
4
	0 15616
	1856 15616
	1856 15648
	0 15648
4
	5184 15616
	16384 15616
	16384 15648
	5184 15648
4
	0 15648
	1856 15648
	1856 15680
	0 15680
4
	5184 15648
	16384 15648
	16384 15680
	5184 15680
4
	0 15680
	1984 15680
	1984 15712
	0 15712
4
	5120 15680
	16384 15680
	16384 15712
	5120 15712
4
	0 15712
	1984 15712
	1984 15744
	0 15744
4
	5120 15712
	16384 15712
	16384 15744
	5120 15744
4
	0 15744
	2144 15744
	2144 15776
	0 15776
4
	5120 15744
	16384 15744
	16384 15776
	5120 15776
4
	0 15776
	2336 15776
	2336 15808
	0 15808
4
	5056 15776
	16384 15776
	16384 15808
	5056 15808
4
	0 15808
	2336 15808
	2336 15840
	0 15840
4
	5056 15808
	16384 15808
	16384 15840
	5056 15840
4
	0 15840
	2464 15840
	2464 15872
	0 15872
4
	5056 15840
	16384 15840
	16384 15872
	5056 15872
4
	0 15872
	2464 15872
	2464 15904
	0 15904
4
	5056 15872
	16384 15872
	16384 15904
	5056 15904
4
	0 15904
	2656 15904
	2656 15936
	0 15936
4
	4992 15904
	16384 15904
	16384 15936
	4992 15936
4
	0 15936
	2656 15936
	2656 15968
	0 15968
4
	4992 15936
	16384 15936
	16384 15968
	4992 15968
4
	0 15968
	2848 15968
	2848 16000
	0 16000
4
	4992 15968
	16384 15968
	16384 16000
	4992 16000
4
	0 16000
	3040 16000
	3040 16032
	0 16032
4
	4928 16000
	16384 16000
	16384 16032
	4928 16032
4
	0 16032
	3040 16032
	3040 16064
	0 16064
4
	4928 16032
	16384 16032
	16384 16064
	4928 16064
4
	0 16064
	3360 16064
	3360 16096
	0 16096
4
	4864 16064
	16384 16064
	16384 16096
	4864 16096
4
	0 16096
	3360 16096
	3360 16128
	0 16128
4
	4864 16096
	16384 16096
	16384 16128
	4864 16128
4
	0 16128
	3616 16128
	3616 16160
	0 16160
4
	4800 16128
	16384 16128
	16384 16160
	4800 16160
4
	0 16160
	3616 16160
	3616 16192
	0 16192
4
	4800 16160
	16384 16160
	16384 16192
	4800 16192
4
	0 16192
	3808 16192
	3808 16224
	0 16224
4
	4800 16192
	16384 16192
	16384 16224
	4800 16224
4
	0 16224
	4224 16224
	4224 16256
	0 16256
4
	4416 16224
	16384 16224
	16384 16256
	4416 16256
4
	0 16256
	4224 16256
	4224 16288
	0 16288
4
	4416 16256
	16384 16256
	16384 16288
	4416 16288
4
	0 16288
	16384 16288
	16384 16320
	0 16320
4
	0 16320
	16384 16320
	16384 16352
	0 16352
4
	0 16352
	16384 16352
	16384 16384
	0 16384
4
	-32 -32
	16416 -32
	16416 0
	-32 0
4
	-32 16384
	16416 16384
	16416 16416
	-32 16416
4
	-32 0
	0 0
	0 16384
	-32 16384
4
	16384 0
	16416 0
	16416 16384
	16384 16384
