1263
4
	0 0
	16384 0
	16384 32
	0 32
4
	0 32
	16384 32
	16384 64
	0 64
4
	0 64
	16384 64
	16384 96
	0 96
4
	0 96
	16384 96
	16384 128
	0 128
4
	0 128
	16384 128
	16384 160
	0 160
4
	0 160
	16384 160
	16384 192
	0 192
4
	0 192
	16384 192
	16384 224
	0 224
4
	0 224
	16384 224
	16384 256
	0 256
4
	0 256
	16384 256
	16384 288
	0 288
4
	0 288
	16384 288
	16384 320
	0 320
4
	0 320
	16384 320
	16384 352
	0 352
4
	0 352
	16384 352
	16384 384
	0 384
4
	0 384
	16384 384
	16384 416
	0 416
4
	0 416
	16384 416
	16384 448
	0 448
4
	0 448
	16384 448
	16384 480
	0 480
4
	0 480
	16384 480
	16384 512
	0 512
4
	0 512
	16384 512
	16384 544
	0 544
4
	0 544
	16384 544
	16384 576
	0 576
4
	0 576
	16384 576
	16384 608
	0 608
4
	0 608
	16384 608
	16384 640
	0 640
4
	0 640
	16384 640
	16384 672
	0 672
4
	0 672
	16384 672
	16384 704
	0 704
4
	0 704
	16384 704
	16384 736
	0 736
4
	0 736
	16384 736
	16384 768
	0 768
4
	0 768
	16384 768
	16384 800
	0 800
4
	0 800
	16384 800
	16384 832
	0 832
4
	0 832
	16384 832
	16384 864
	0 864
4
	0 864
	16384 864
	16384 896
	0 896
4
	0 896
	16384 896
	16384 928
	0 928
4
	0 928
	16384 928
	16384 960
	0 960
4
	0 960
	16384 960
	16384 992
	0 992
4
	0 992
	16384 992
	16384 1024
	0 1024
4
	0 1024
	16384 1024
	16384 1056
	0 1056
4
	0 1056
	16384 1056
	16384 1088
	0 1088
4
	0 1088
	16384 1088
	16384 1120
	0 1120
4
	0 1120
	16384 1120
	16384 1152
	0 1152
4
	0 1152
	16384 1152
	16384 1184
	0 1184
4
	0 1184
	16384 1184
	16384 1216
	0 1216
4
	0 1216
	16384 1216
	16384 1248
	0 1248
4
	0 1248
	16384 1248
	16384 1280
	0 1280
4
	0 1280
	16384 1280
	16384 1312
	0 1312
4
	0 1312
	16384 1312
	16384 1344
	0 1344
4
	0 1344
	16384 1344
	16384 1376
	0 1376
4
	0 1376
	16384 1376
	16384 1408
	0 1408
4
	0 1408
	16384 1408
	16384 1440
	0 1440
4
	0 1440
	16384 1440
	16384 1472
	0 1472
4
	0 1472
	16384 1472
	16384 1504
	0 1504
4
	0 1504
	16384 1504
	16384 1536
	0 1536
4
	0 1536
	16384 1536
	16384 1568
	0 1568
4
	0 1568
	16384 1568
	16384 1600
	0 1600
4
	0 1600
	16384 1600
	16384 1632
	0 1632
4
	0 1632
	16384 1632
	16384 1664
	0 1664
4
	0 1664
	16384 1664
	16384 1696
	0 1696
4
	0 1696
	16384 1696
	16384 1728
	0 1728
4
	0 1728
	16384 1728
	16384 1760
	0 1760
4
	0 1760
	16384 1760
	16384 1792
	0 1792
4
	0 1792
	16384 1792
	16384 1824
	0 1824
4
	0 1824
	16384 1824
	16384 1856
	0 1856
4
	0 1856
	16384 1856
	16384 1888
	0 1888
4
	0 1888
	16384 1888
	16384 1920
	0 1920
4
	0 1920
	16384 1920
	16384 1952
	0 1952
4
	0 1952
	16384 1952
	16384 1984
	0 1984
4
	0 1984
	16384 1984
	16384 2016
	0 2016
4
	0 2016
	16384 2016
	16384 2048
	0 2048
4
	0 2048
	16384 2048
	16384 2080
	0 2080
4
	0 2080
	16384 2080
	16384 2112
	0 2112
4
	0 2112
	16384 2112
	16384 2144
	0 2144
4
	0 2144
	16384 2144
	16384 2176
	0 2176
4
	0 2176
	16384 2176
	16384 2208
	0 2208
4
	0 2208
	16384 2208
	16384 2240
	0 2240
4
	0 2240
	16384 2240
	16384 2272
	0 2272
4
	0 2272
	16384 2272
	16384 2304
	0 2304
4
	0 2304
	16384 2304
	16384 2336
	0 2336
4
	0 2336
	16384 2336
	16384 2368
	0 2368
4
	0 2368
	16384 2368
	16384 2400
	0 2400
4
	0 2400
	16384 2400
	16384 2432
	0 2432
4
	0 2432
	16384 2432
	16384 2464
	0 2464
4
	0 2464
	16384 2464
	16384 2496
	0 2496
4
	0 2496
	16384 2496
	16384 2528
	0 2528
4
	0 2528
	16384 2528
	16384 2560
	0 2560
4
	0 2560
	16384 2560
	16384 2592
	0 2592
4
	0 2592
	16384 2592
	16384 2624
	0 2624
4
	0 2624
	16384 2624
	16384 2656
	0 2656
4
	0 2656
	16384 2656
	16384 2688
	0 2688
4
	0 2688
	16384 2688
	16384 2720
	0 2720
4
	0 2720
	16384 2720
	16384 2752
	0 2752
4
	0 2752
	16384 2752
	16384 2784
	0 2784
4
	0 2784
	16384 2784
	16384 2816
	0 2816
4
	0 2816
	16384 2816
	16384 2848
	0 2848
4
	0 2848
	16384 2848
	16384 2880
	0 2880
4
	0 2880
	16384 2880
	16384 2912
	0 2912
4
	0 2912
	16384 2912
	16384 2944
	0 2944
4
	0 2944
	16384 2944
	16384 2976
	0 2976
4
	0 2976
	16384 2976
	16384 3008
	0 3008
4
	0 3008
	16384 3008
	16384 3040
	0 3040
4
	0 3040
	16384 3040
	16384 3072
	0 3072
4
	0 3072
	16384 3072
	16384 3104
	0 3104
4
	0 3104
	16384 3104
	16384 3136
	0 3136
4
	0 3136
	16384 3136
	16384 3168
	0 3168
4
	0 3168
	16384 3168
	16384 3200
	0 3200
4
	0 3200
	16384 3200
	16384 3232
	0 3232
4
	0 3232
	16384 3232
	16384 3264
	0 3264
4
	0 3264
	16384 3264
	16384 3296
	0 3296
4
	0 3296
	16384 3296
	16384 3328
	0 3328
4
	0 3328
	16384 3328
	16384 3360
	0 3360
4
	0 3360
	16384 3360
	16384 3392
	0 3392
4
	0 3392
	16384 3392
	16384 3424
	0 3424
4
	0 3424
	16384 3424
	16384 3456
	0 3456
4
	0 3456
	16384 3456
	16384 3488
	0 3488
4
	0 3488
	16384 3488
	16384 3520
	0 3520
4
	0 3520
	16384 3520
	16384 3552
	0 3552
4
	0 3552
	16384 3552
	16384 3584
	0 3584
4
	0 3584
	16384 3584
	16384 3616
	0 3616
4
	0 3616
	16384 3616
	16384 3648
	0 3648
4
	0 3648
	16384 3648
	16384 3680
	0 3680
4
	0 3680
	16384 3680
	16384 3712
	0 3712
4
	0 3712
	16384 3712
	16384 3744
	0 3744
4
	0 3744
	16384 3744
	16384 3776
	0 3776
4
	0 3776
	16384 3776
	16384 3808
	0 3808
4
	0 3808
	16384 3808
	16384 3840
	0 3840
4
	0 3840
	16384 3840
	16384 3872
	0 3872
4
	0 3872
	16384 3872
	16384 3904
	0 3904
4
	0 3904
	16384 3904
	16384 3936
	0 3936
4
	0 3936
	16384 3936
	16384 3968
	0 3968
4
	0 3968
	16384 3968
	16384 4000
	0 4000
4
	0 4000
	16384 4000
	16384 4032
	0 4032
4
	0 4032
	16384 4032
	16384 4064
	0 4064
4
	0 4064
	16384 4064
	16384 4096
	0 4096
4
	0 4096
	16384 4096
	16384 4128
	0 4128
4
	0 4128
	16384 4128
	16384 4160
	0 4160
4
	0 4160
	16384 4160
	16384 4192
	0 4192
4
	0 4192
	16384 4192
	16384 4224
	0 4224
4
	0 4224
	16384 4224
	16384 4256
	0 4256
4
	0 4256
	16384 4256
	16384 4288
	0 4288
4
	0 4288
	16384 4288
	16384 4320
	0 4320
4
	0 4320
	16384 4320
	16384 4352
	0 4352
4
	0 4352
	16384 4352
	16384 4384
	0 4384
4
	0 4384
	16384 4384
	16384 4416
	0 4416
4
	0 4416
	16384 4416
	16384 4448
	0 4448
4
	0 4448
	3808 4448
	3808 4480
	0 4480
4
	3968 4448
	16384 4448
	16384 4480
	3968 4480
4
	0 4480
	3808 4480
	3808 4512
	0 4512
4
	3968 4480
	16384 4480
	16384 4512
	3968 4512
4
	0 4512
	3808 4512
	3808 4544
	0 4544
4
	3968 4512
	16384 4512
	16384 4544
	3968 4544
4
	0 4544
	3808 4544
	3808 4576
	0 4576
4
	3968 4544
	16384 4544
	16384 4576
	3968 4576
4
	0 4576
	3808 4576
	3808 4608
	0 4608
4
	3968 4576
	16384 4576
	16384 4608
	3968 4608
4
	0 4608
	3648 4608
	3648 4640
	0 4640
4
	4096 4608
	12288 4608
	12288 4640
	4096 4640
4
	12608 4608
	16384 4608
	16384 4640
	12608 4640
4
	0 4640
	3648 4640
	3648 4672
	0 4672
4
	4096 4640
	12288 4640
	12288 4672
	4096 4672
4
	12608 4640
	16384 4640
	16384 4672
	12608 4672
4
	0 4672
	3648 4672
	3648 4704
	0 4704
4
	4096 4672
	12288 4672
	12288 4704
	4096 4704
4
	12608 4672
	16384 4672
	16384 4704
	12608 4704
4
	0 4704
	3648 4704
	3648 4736
	0 4736
4
	4096 4704
	12288 4704
	12288 4736
	4096 4736
4
	12608 4704
	16384 4704
	16384 4736
	12608 4736
4
	0 4736
	3520 4736
	3520 4768
	0 4768
4
	4256 4736
	12160 4736
	12160 4768
	4256 4768
4
	12768 4736
	16384 4736
	16384 4768
	12768 4768
4
	0 4768
	3520 4768
	3520 4800
	0 4800
4
	4256 4768
	12160 4768
	12160 4800
	4256 4800
4
	12768 4768
	16384 4768
	16384 4800
	12768 4800
4
	0 4800
	3520 4800
	3520 4832
	0 4832
4
	4256 4800
	12160 4800
	12160 4832
	4256 4832
4
	12768 4800
	16384 4800
	16384 4832
	12768 4832
4
	0 4832
	3520 4832
	3520 4864
	0 4864
4
	4256 4832
	12160 4832
	12160 4864
	4256 4864
4
	12768 4832
	16384 4832
	16384 4864
	12768 4864
4
	0 4864
	3360 4864
	3360 4896
	0 4896
4
	4256 4864
	12000 4864
	12000 4896
	4256 4896
4
	12896 4864
	16384 4864
	16384 4896
	12896 4896
4
	0 4896
	3360 4896
	3360 4928
	0 4928
4
	4256 4896
	12000 4896
	12000 4928
	4256 4928
4
	12896 4896
	16384 4896
	16384 4928
	12896 4928
4
	0 4928
	3360 4928
	3360 4960
	0 4960
4
	4256 4928
	12000 4928
	12000 4960
	4256 4960
4
	12896 4928
	16384 4928
	16384 4960
	12896 4960
4
	0 4960
	3360 4960
	3360 4992
	0 4992
4
	4256 4960
	12000 4960
	12000 4992
	4256 4992
4
	12896 4960
	16384 4960
	16384 4992
	12896 4992
4
	0 4992
	3360 4992
	3360 5024
	0 5024
4
	4256 4992
	12000 4992
	12000 5024
	4256 5024
4
	12896 4992
	16384 4992
	16384 5024
	12896 5024
4
	0 5024
	3200 5024
	3200 5056
	0 5056
4
	4096 5024
	12160 5024
	12160 5056
	4096 5056
4
	12896 5024
	16384 5024
	16384 5056
	12896 5056
4
	0 5056
	3200 5056
	3200 5088
	0 5088
4
	4096 5056
	12160 5056
	12160 5088
	4096 5088
4
	12896 5056
	16384 5056
	16384 5088
	12896 5088
4
	0 5088
	3200 5088
	3200 5120
	0 5120
4
	4096 5088
	12160 5088
	12160 5120
	4096 5120
4
	12896 5088
	16384 5088
	16384 5120
	12896 5120
4
	0 5120
	3200 5120
	3200 5152
	0 5152
4
	4096 5120
	12160 5120
	12160 5152
	4096 5152
4
	12896 5120
	16384 5120
	16384 5152
	12896 5152
4
	0 5152
	3040 5152
	3040 5184
	0 5184
4
	3968 5152
	12288 5152
	12288 5184
	3968 5184
4
	13056 5152
	16384 5152
	16384 5184
	13056 5184
4
	0 5184
	3040 5184
	3040 5216
	0 5216
4
	3968 5184
	12288 5184
	12288 5216
	3968 5216
4
	13056 5184
	16384 5184
	16384 5216
	13056 5216
4
	0 5216
	3040 5216
	3040 5248
	0 5248
4
	3968 5216
	12288 5216
	12288 5248
	3968 5248
4
	13056 5216
	16384 5216
	16384 5248
	13056 5248
4
	0 5248
	3040 5248
	3040 5280
	0 5280
4
	3968 5248
	12288 5248
	12288 5280
	3968 5280
4
	13056 5248
	16384 5248
	16384 5280
	13056 5280
4
	0 5280
	2912 5280
	2912 5312
	0 5312
4
	3808 5280
	12448 5280
	12448 5312
	3808 5312
4
	13216 5280
	16384 5280
	16384 5312
	13216 5312
4
	0 5312
	2912 5312
	2912 5344
	0 5344
4
	3808 5312
	12448 5312
	12448 5344
	3808 5344
4
	13216 5312
	16384 5312
	16384 5344
	13216 5344
4
	0 5344
	2912 5344
	2912 5376
	0 5376
4
	3808 5344
	12448 5344
	12448 5376
	3808 5376
4
	13216 5344
	16384 5344
	16384 5376
	13216 5376
4
	0 5376
	2912 5376
	2912 5408
	0 5408
4
	3808 5376
	12448 5376
	12448 5408
	3808 5408
4
	13216 5376
	16384 5376
	16384 5408
	13216 5408
4
	0 5408
	2912 5408
	2912 5440
	0 5440
4
	3808 5408
	12448 5408
	12448 5440
	3808 5440
4
	13216 5408
	16384 5408
	16384 5440
	13216 5440
4
	0 5440
	2912 5440
	2912 5472
	0 5472
4
	3648 5440
	12448 5440
	12448 5472
	3648 5472
4
	13216 5440
	16384 5440
	16384 5472
	13216 5472
4
	0 5472
	2912 5472
	2912 5504
	0 5504
4
	3648 5472
	12448 5472
	12448 5504
	3648 5504
4
	13216 5472
	16384 5472
	16384 5504
	13216 5504
4
	0 5504
	2912 5504
	2912 5536
	0 5536
4
	3648 5504
	12448 5504
	12448 5536
	3648 5536
4
	13216 5504
	16384 5504
	16384 5536
	13216 5536
4
	0 5536
	2912 5536
	2912 5568
	0 5568
4
	3648 5536
	12448 5536
	12448 5568
	3648 5568
4
	13216 5536
	16384 5536
	16384 5568
	13216 5568
4
	0 5568
	2752 5568
	2752 5600
	0 5600
4
	3520 5568
	12608 5568
	12608 5600
	3520 5600
4
	13376 5568
	16384 5568
	16384 5600
	13376 5600
4
	0 5600
	2752 5600
	2752 5632
	0 5632
4
	3520 5600
	12608 5600
	12608 5632
	3520 5632
4
	13376 5600
	16384 5600
	16384 5632
	13376 5632
4
	0 5632
	2752 5632
	2752 5664
	0 5664
4
	3520 5632
	12608 5632
	12608 5664
	3520 5664
4
	13376 5632
	16384 5632
	16384 5664
	13376 5664
4
	0 5664
	2752 5664
	2752 5696
	0 5696
4
	3520 5664
	12608 5664
	12608 5696
	3520 5696
4
	13376 5664
	16384 5664
	16384 5696
	13376 5696
4
	0 5696
	2752 5696
	2752 5728
	0 5728
4
	3520 5696
	12768 5696
	12768 5728
	3520 5728
4
	13504 5696
	16384 5696
	16384 5728
	13504 5728
4
	0 5728
	2752 5728
	2752 5760
	0 5760
4
	3520 5728
	12768 5728
	12768 5760
	3520 5760
4
	13504 5728
	16384 5728
	16384 5760
	13504 5760
4
	0 5760
	2752 5760
	2752 5792
	0 5792
4
	3520 5760
	12768 5760
	12768 5792
	3520 5792
4
	13504 5760
	16384 5760
	16384 5792
	13504 5792
4
	0 5792
	2752 5792
	2752 5824
	0 5824
4
	3520 5792
	12768 5792
	12768 5824
	3520 5824
4
	13504 5792
	16384 5792
	16384 5824
	13504 5824
4
	0 5824
	2752 5824
	2752 5856
	0 5856
4
	3520 5824
	12768 5824
	12768 5856
	3520 5856
4
	13504 5824
	16384 5824
	16384 5856
	13504 5856
4
	0 5856
	2592 5856
	2592 5888
	0 5888
4
	3360 5856
	12896 5856
	12896 5888
	3360 5888
4
	13664 5856
	16384 5856
	16384 5888
	13664 5888
4
	0 5888
	2592 5888
	2592 5920
	0 5920
4
	3360 5888
	12896 5888
	12896 5920
	3360 5920
4
	13664 5888
	16384 5888
	16384 5920
	13664 5920
4
	0 5920
	2592 5920
	2592 5952
	0 5952
4
	3360 5920
	12896 5920
	12896 5952
	3360 5952
4
	13664 5920
	16384 5920
	16384 5952
	13664 5952
4
	0 5952
	2592 5952
	2592 5984
	0 5984
4
	3360 5952
	12896 5952
	12896 5984
	3360 5984
4
	13664 5952
	16384 5952
	16384 5984
	13664 5984
4
	0 5984
	2592 5984
	2592 6016
	0 6016
4
	3200 5984
	12896 5984
	12896 6016
	3200 6016
4
	13664 5984
	16384 5984
	16384 6016
	13664 6016
4
	0 6016
	2592 6016
	2592 6048
	0 6048
4
	3200 6016
	12896 6016
	12896 6048
	3200 6048
4
	13664 6016
	16384 6016
	16384 6048
	13664 6048
4
	0 6048
	2592 6048
	2592 6080
	0 6080
4
	3200 6048
	12896 6048
	12896 6080
	3200 6080
4
	13664 6048
	16384 6048
	16384 6080
	13664 6080
4
	0 6080
	2592 6080
	2592 6112
	0 6112
4
	3200 6080
	12896 6080
	12896 6112
	3200 6112
4
	13664 6080
	16384 6080
	16384 6112
	13664 6112
4
	0 6112
	2432 6112
	2432 6144
	0 6144
4
	3200 6112
	12896 6112
	12896 6144
	3200 6144
4
	13664 6112
	16384 6112
	16384 6144
	13664 6144
4
	0 6144
	2432 6144
	2432 6176
	0 6176
4
	3200 6144
	12896 6144
	12896 6176
	3200 6176
4
	13664 6144
	16384 6144
	16384 6176
	13664 6176
4
	0 6176
	2432 6176
	2432 6208
	0 6208
4
	3200 6176
	12896 6176
	12896 6208
	3200 6208
4
	13664 6176
	16384 6176
	16384 6208
	13664 6208
4
	0 6208
	2432 6208
	2432 6240
	0 6240
4
	3200 6208
	12896 6208
	12896 6240
	3200 6240
4
	13664 6208
	16384 6208
	16384 6240
	13664 6240
4
	0 6240
	2432 6240
	2432 6272
	0 6272
4
	3200 6240
	12896 6240
	12896 6272
	3200 6272
4
	13664 6240
	16384 6240
	16384 6272
	13664 6272
4
	0 6272
	2432 6272
	2432 6304
	0 6304
4
	3200 6272
	13056 6272
	13056 6304
	3200 6304
4
	13664 6272
	16384 6272
	16384 6304
	13664 6304
4
	0 6304
	2432 6304
	2432 6336
	0 6336
4
	3200 6304
	13056 6304
	13056 6336
	3200 6336
4
	13664 6304
	16384 6304
	16384 6336
	13664 6336
4
	0 6336
	2432 6336
	2432 6368
	0 6368
4
	3200 6336
	13056 6336
	13056 6368
	3200 6368
4
	13664 6336
	16384 6336
	16384 6368
	13664 6368
4
	0 6368
	2432 6368
	2432 6400
	0 6400
4
	3200 6368
	13056 6368
	13056 6400
	3200 6400
4
	13664 6368
	16384 6368
	16384 6400
	13664 6400
4
	0 6400
	2432 6400
	2432 6432
	0 6432
4
	3040 6400
	13056 6400
	13056 6432
	3040 6432
4
	13664 6400
	16384 6400
	16384 6432
	13664 6432
4
	0 6432
	2432 6432
	2432 6464
	0 6464
4
	3040 6432
	13056 6432
	13056 6464
	3040 6464
4
	13664 6432
	16384 6432
	16384 6464
	13664 6464
4
	0 6464
	2432 6464
	2432 6496
	0 6496
4
	3040 6464
	13056 6464
	13056 6496
	3040 6496
4
	13664 6464
	16384 6464
	16384 6496
	13664 6496
4
	0 6496
	2432 6496
	2432 6528
	0 6528
4
	3040 6496
	13056 6496
	13056 6528
	3040 6528
4
	13664 6496
	16384 6496
	16384 6528
	13664 6528
4
	0 6528
	2304 6528
	2304 6560
	0 6560
4
	3040 6528
	13216 6528
	13216 6560
	3040 6560
4
	13824 6528
	16384 6528
	16384 6560
	13824 6560
4
	0 6560
	2304 6560
	2304 6592
	0 6592
4
	3040 6560
	13216 6560
	13216 6592
	3040 6592
4
	13824 6560
	16384 6560
	16384 6592
	13824 6592
4
	0 6592
	2304 6592
	2304 6624
	0 6624
4
	3040 6592
	13216 6592
	13216 6624
	3040 6624
4
	13824 6592
	16384 6592
	16384 6624
	13824 6624
4
	0 6624
	2304 6624
	2304 6656
	0 6656
4
	3040 6624
	13216 6624
	13216 6656
	3040 6656
4
	13824 6624
	16384 6624
	16384 6656
	13824 6656
4
	0 6656
	2304 6656
	2304 6688
	0 6688
4
	3040 6656
	13216 6656
	13216 6688
	3040 6688
4
	13824 6656
	16384 6656
	16384 6688
	13824 6688
4
	0 6688
	2304 6688
	2304 6720
	0 6720
4
	2912 6688
	9408 6688
	9408 6720
	2912 6720
4
	9728 6688
	13216 6688
	13216 6720
	9728 6720
4
	13824 6688
	16384 6688
	16384 6720
	13824 6720
4
	0 6720
	2304 6720
	2304 6752
	0 6752
4
	2912 6720
	9408 6720
	9408 6752
	2912 6752
4
	9728 6720
	13216 6720
	13216 6752
	9728 6752
4
	13824 6720
	16384 6720
	16384 6752
	13824 6752
4
	0 6752
	2304 6752
	2304 6784
	0 6784
4
	2912 6752
	9408 6752
	9408 6784
	2912 6784
4
	9728 6752
	13216 6752
	13216 6784
	9728 6784
4
	13824 6752
	16384 6752
	16384 6784
	13824 6784
4
	0 6784
	2304 6784
	2304 6816
	0 6816
4
	2912 6784
	9408 6784
	9408 6816
	2912 6816
4
	9728 6784
	13216 6784
	13216 6816
	9728 6816
4
	13824 6784
	16384 6784
	16384 6816
	13824 6816
4
	0 6816
	2304 6816
	2304 6848
	0 6848
4
	2752 6816
	9280 6816
	9280 6848
	2752 6848
4
	9728 6816
	13216 6816
	13216 6848
	9728 6848
4
	13984 6816
	16384 6816
	16384 6848
	13984 6848
4
	0 6848
	2304 6848
	2304 6880
	0 6880
4
	2752 6848
	9280 6848
	9280 6880
	2752 6880
4
	9728 6848
	13216 6848
	13216 6880
	9728 6880
4
	13984 6848
	16384 6848
	16384 6880
	13984 6880
4
	0 6880
	2304 6880
	2304 6912
	0 6912
4
	2752 6880
	9280 6880
	9280 6912
	2752 6912
4
	9728 6880
	13216 6880
	13216 6912
	9728 6912
4
	13984 6880
	16384 6880
	16384 6912
	13984 6912
4
	0 6912
	2304 6912
	2304 6944
	0 6944
4
	2752 6912
	9280 6912
	9280 6944
	2752 6944
4
	9728 6912
	13216 6912
	13216 6944
	9728 6944
4
	13984 6912
	16384 6912
	16384 6944
	13984 6944
4
	0 6944
	2304 6944
	2304 6976
	0 6976
4
	2752 6944
	9120 6944
	9120 6976
	2752 6976
4
	9888 6944
	13376 6944
	13376 6976
	9888 6976
4
	13984 6944
	16384 6944
	16384 6976
	13984 6976
4
	0 6976
	2304 6976
	2304 7008
	0 7008
4
	2752 6976
	9120 6976
	9120 7008
	2752 7008
4
	9888 6976
	13376 6976
	13376 7008
	9888 7008
4
	13984 6976
	16384 6976
	16384 7008
	13984 7008
4
	0 7008
	2304 7008
	2304 7040
	0 7040
4
	2752 7008
	9120 7008
	9120 7040
	2752 7040
4
	9888 7008
	13376 7008
	13376 7040
	9888 7040
4
	13984 7008
	16384 7008
	16384 7040
	13984 7040
4
	0 7040
	2304 7040
	2304 7072
	0 7072
4
	2752 7040
	9120 7040
	9120 7072
	2752 7072
4
	9888 7040
	13376 7040
	13376 7072
	9888 7072
4
	13984 7040
	16384 7040
	16384 7072
	13984 7072
4
	0 7072
	2304 7072
	2304 7104
	0 7104
4
	2752 7072
	9120 7072
	9120 7104
	2752 7104
4
	9888 7072
	13376 7072
	13376 7104
	9888 7104
4
	13984 7072
	16384 7072
	16384 7104
	13984 7104
4
	0 7104
	2144 7104
	2144 7136
	0 7136
4
	2752 7104
	9280 7104
	9280 7136
	2752 7136
4
	10016 7104
	13376 7104
	13376 7136
	10016 7136
4
	13984 7104
	16384 7104
	16384 7136
	13984 7136
4
	0 7136
	2144 7136
	2144 7168
	0 7168
4
	2752 7136
	9280 7136
	9280 7168
	2752 7168
4
	10016 7136
	13376 7136
	13376 7168
	10016 7168
4
	13984 7136
	16384 7136
	16384 7168
	13984 7168
4
	0 7168
	2144 7168
	2144 7200
	0 7200
4
	2752 7168
	9280 7168
	9280 7200
	2752 7200
4
	10016 7168
	13376 7168
	13376 7200
	10016 7200
4
	13984 7168
	16384 7168
	16384 7200
	13984 7200
4
	0 7200
	2144 7200
	2144 7232
	0 7232
4
	2752 7200
	9280 7200
	9280 7232
	2752 7232
4
	10016 7200
	13376 7200
	13376 7232
	10016 7232
4
	13984 7200
	16384 7200
	16384 7232
	13984 7232
4
	0 7232
	2144 7232
	2144 7264
	0 7264
4
	2752 7232
	5920 7232
	5920 7264
	2752 7264
4
	6240 7232
	9280 7232
	9280 7264
	6240 7264
4
	10016 7232
	13376 7232
	13376 7264
	10016 7264
4
	13984 7232
	16384 7232
	16384 7264
	13984 7264
4
	0 7264
	2144 7264
	2144 7296
	0 7296
4
	2752 7264
	5920 7264
	5920 7296
	2752 7296
4
	6240 7264
	9280 7264
	9280 7296
	6240 7296
4
	10016 7264
	13376 7264
	13376 7296
	10016 7296
4
	13984 7264
	16384 7264
	16384 7296
	13984 7296
4
	0 7296
	2144 7296
	2144 7328
	0 7328
4
	2752 7296
	5920 7296
	5920 7328
	2752 7328
4
	6240 7296
	9280 7296
	9280 7328
	6240 7328
4
	10016 7296
	13376 7296
	13376 7328
	10016 7328
4
	13984 7296
	16384 7296
	16384 7328
	13984 7328
4
	0 7328
	2144 7328
	2144 7360
	0 7360
4
	2752 7328
	5920 7328
	5920 7360
	2752 7360
4
	6240 7328
	9280 7328
	9280 7360
	6240 7360
4
	10016 7328
	13376 7328
	13376 7360
	10016 7360
4
	13984 7328
	16384 7328
	16384 7360
	13984 7360
4
	0 7360
	2144 7360
	2144 7392
	0 7392
4
	2752 7360
	5920 7360
	5920 7392
	2752 7392
4
	6400 7360
	9408 7360
	9408 7392
	6400 7392
4
	10176 7360
	13376 7360
	13376 7392
	10176 7392
4
	13984 7360
	16384 7360
	16384 7392
	13984 7392
4
	0 7392
	2144 7392
	2144 7424
	0 7424
4
	2752 7392
	5920 7392
	5920 7424
	2752 7424
4
	6400 7392
	9408 7392
	9408 7424
	6400 7424
4
	10176 7392
	13376 7392
	13376 7424
	10176 7424
4
	13984 7392
	16384 7392
	16384 7424
	13984 7424
4
	0 7424
	2144 7424
	2144 7456
	0 7456
4
	2752 7424
	5920 7424
	5920 7456
	2752 7456
4
	6400 7424
	9408 7424
	9408 7456
	6400 7456
4
	10176 7424
	13376 7424
	13376 7456
	10176 7456
4
	13984 7424
	16384 7424
	16384 7456
	13984 7456
4
	0 7456
	2144 7456
	2144 7488
	0 7488
4
	2752 7456
	5920 7456
	5920 7488
	2752 7488
4
	6400 7456
	9408 7456
	9408 7488
	6400 7488
4
	10176 7456
	13376 7456
	13376 7488
	10176 7488
4
	13984 7456
	16384 7456
	16384 7488
	13984 7488
4
	0 7488
	2144 7488
	2144 7520
	0 7520
4
	2752 7488
	5920 7488
	5920 7520
	2752 7520
4
	6400 7488
	9408 7488
	9408 7520
	6400 7520
4
	10176 7488
	13376 7488
	13376 7520
	10176 7520
4
	13984 7488
	16384 7488
	16384 7520
	13984 7520
4
	0 7520
	2144 7520
	2144 7552
	0 7552
4
	2752 7520
	5920 7520
	5920 7552
	2752 7552
4
	6400 7520
	9408 7520
	9408 7552
	6400 7552
4
	10176 7520
	13504 7520
	13504 7552
	10176 7552
4
	13984 7520
	16384 7520
	16384 7552
	13984 7552
4
	0 7552
	2144 7552
	2144 7584
	0 7584
4
	2752 7552
	5920 7552
	5920 7584
	2752 7584
4
	6400 7552
	9408 7552
	9408 7584
	6400 7584
4
	10176 7552
	13504 7552
	13504 7584
	10176 7584
4
	13984 7552
	16384 7552
	16384 7584
	13984 7584
4
	0 7584
	2144 7584
	2144 7616
	0 7616
4
	2752 7584
	5920 7584
	5920 7616
	2752 7616
4
	6400 7584
	9408 7584
	9408 7616
	6400 7616
4
	10176 7584
	13504 7584
	13504 7616
	10176 7616
4
	13984 7584
	16384 7584
	16384 7616
	13984 7616
4
	0 7616
	2144 7616
	2144 7648
	0 7648
4
	2752 7616
	5920 7616
	5920 7648
	2752 7648
4
	6400 7616
	9408 7616
	9408 7648
	6400 7648
4
	10176 7616
	13504 7616
	13504 7648
	10176 7648
4
	13984 7616
	16384 7616
	16384 7648
	13984 7648
4
	0 7648
	2144 7648
	2144 7680
	0 7680
4
	2752 7648
	5920 7648
	5920 7680
	2752 7680
4
	6400 7648
	9568 7648
	9568 7680
	6400 7680
4
	10176 7648
	13504 7648
	13504 7680
	10176 7680
4
	13984 7648
	16384 7648
	16384 7680
	13984 7680
4
	0 7680
	2144 7680
	2144 7712
	0 7712
4
	2752 7680
	5920 7680
	5920 7712
	2752 7712
4
	6400 7680
	9568 7680
	9568 7712
	6400 7712
4
	10176 7680
	13504 7680
	13504 7712
	10176 7712
4
	13984 7680
	16384 7680
	16384 7712
	13984 7712
4
	0 7712
	2144 7712
	2144 7744
	0 7744
4
	2752 7712
	5920 7712
	5920 7744
	2752 7744
4
	6400 7712
	9568 7712
	9568 7744
	6400 7744
4
	10176 7712
	13504 7712
	13504 7744
	10176 7744
4
	13984 7712
	16384 7712
	16384 7744
	13984 7744
4
	0 7744
	2144 7744
	2144 7776
	0 7776
4
	2752 7744
	5920 7744
	5920 7776
	2752 7776
4
	6400 7744
	9568 7744
	9568 7776
	6400 7776
4
	10176 7744
	13504 7744
	13504 7776
	10176 7776
4
	13984 7744
	16384 7744
	16384 7776
	13984 7776
4
	0 7776
	2144 7776
	2144 7808
	0 7808
4
	2752 7776
	5920 7776
	5920 7808
	2752 7808
4
	6400 7776
	9568 7776
	9568 7808
	6400 7808
4
	10176 7776
	13504 7776
	13504 7808
	10176 7808
4
	13984 7776
	16384 7776
	16384 7808
	13984 7808
4
	0 7808
	2144 7808
	2144 7840
	0 7840
4
	2752 7808
	5920 7808
	5920 7840
	2752 7840
4
	6400 7808
	9568 7808
	9568 7840
	6400 7840
4
	10176 7808
	13504 7808
	13504 7840
	10176 7840
4
	13984 7808
	16384 7808
	16384 7840
	13984 7840
4
	0 7840
	2144 7840
	2144 7872
	0 7872
4
	2752 7840
	5920 7840
	5920 7872
	2752 7872
4
	6400 7840
	9568 7840
	9568 7872
	6400 7872
4
	10176 7840
	13504 7840
	13504 7872
	10176 7872
4
	13984 7840
	16384 7840
	16384 7872
	13984 7872
4
	0 7872
	2144 7872
	2144 7904
	0 7904
4
	2752 7872
	5920 7872
	5920 7904
	2752 7904
4
	6400 7872
	9568 7872
	9568 7904
	6400 7904
4
	10176 7872
	13504 7872
	13504 7904
	10176 7904
4
	13984 7872
	16384 7872
	16384 7904
	13984 7904
4
	0 7904
	2144 7904
	2144 7936
	0 7936
4
	2752 7904
	5920 7904
	5920 7936
	2752 7936
4
	6400 7904
	9568 7904
	9568 7936
	6400 7936
4
	10176 7904
	13504 7904
	13504 7936
	10176 7936
4
	13984 7904
	16384 7904
	16384 7936
	13984 7936
4
	0 7936
	2144 7936
	2144 7968
	0 7968
4
	2752 7936
	5920 7936
	5920 7968
	2752 7968
4
	6400 7936
	9568 7936
	9568 7968
	6400 7968
4
	10784 7936
	13504 7936
	13504 7968
	10784 7968
4
	13984 7936
	16384 7936
	16384 7968
	13984 7968
4
	0 7968
	2144 7968
	2144 8000
	0 8000
4
	2752 7968
	5920 7968
	5920 8000
	2752 8000
4
	6400 7968
	9568 7968
	9568 8000
	6400 8000
4
	10784 7968
	13504 7968
	13504 8000
	10784 8000
4
	13984 7968
	16384 7968
	16384 8000
	13984 8000
4
	0 8000
	2144 8000
	2144 8032
	0 8032
4
	2752 8000
	5920 8000
	5920 8032
	2752 8032
4
	6400 8000
	9568 8000
	9568 8032
	6400 8032
4
	10784 8000
	13504 8000
	13504 8032
	10784 8032
4
	13984 8000
	16384 8000
	16384 8032
	13984 8032
4
	0 8032
	2144 8032
	2144 8064
	0 8064
4
	2752 8032
	5920 8032
	5920 8064
	2752 8064
4
	6400 8032
	9568 8032
	9568 8064
	6400 8064
4
	10784 8032
	13504 8032
	13504 8064
	10784 8064
4
	13984 8032
	16384 8032
	16384 8064
	13984 8064
4
	0 8064
	2144 8064
	2144 8096
	0 8096
4
	2752 8064
	5920 8064
	5920 8096
	2752 8096
4
	6400 8064
	9568 8064
	9568 8096
	6400 8096
4
	13984 8064
	16384 8064
	16384 8096
	13984 8096
4
	0 8096
	2144 8096
	2144 8128
	0 8128
4
	2752 8096
	5920 8096
	5920 8128
	2752 8128
4
	6400 8096
	9568 8096
	9568 8128
	6400 8128
4
	13984 8096
	16384 8096
	16384 8128
	13984 8128
4
	0 8128
	2144 8128
	2144 8160
	0 8160
4
	2752 8128
	5920 8128
	5920 8160
	2752 8160
4
	6400 8128
	9568 8128
	9568 8160
	6400 8160
4
	13984 8128
	16384 8128
	16384 8160
	13984 8160
4
	0 8160
	2144 8160
	2144 8192
	0 8192
4
	2752 8160
	5920 8160
	5920 8192
	2752 8192
4
	6400 8160
	9568 8160
	9568 8192
	6400 8192
4
	13984 8160
	16384 8160
	16384 8192
	13984 8192
4
	0 8192
	2144 8192
	2144 8224
	0 8224
4
	2752 8192
	5920 8192
	5920 8224
	2752 8224
4
	6400 8192
	9728 8192
	9728 8224
	6400 8224
4
	13984 8192
	16384 8192
	16384 8224
	13984 8224
4
	0 8224
	2144 8224
	2144 8256
	0 8256
4
	2752 8224
	5920 8224
	5920 8256
	2752 8256
4
	6400 8224
	9728 8224
	9728 8256
	6400 8256
4
	13984 8224
	16384 8224
	16384 8256
	13984 8256
4
	0 8256
	2144 8256
	2144 8288
	0 8288
4
	2752 8256
	5920 8256
	5920 8288
	2752 8288
4
	6400 8256
	9728 8256
	9728 8288
	6400 8288
4
	13984 8256
	16384 8256
	16384 8288
	13984 8288
4
	0 8288
	2144 8288
	2144 8320
	0 8320
4
	2752 8288
	5920 8288
	5920 8320
	2752 8320
4
	6400 8288
	9728 8288
	9728 8320
	6400 8320
4
	13984 8288
	16384 8288
	16384 8320
	13984 8320
4
	0 8320
	2144 8320
	2144 8352
	0 8352
4
	2752 8320
	5920 8320
	5920 8352
	2752 8352
4
	6400 8320
	9728 8320
	9728 8352
	6400 8352
4
	13984 8320
	16384 8320
	16384 8352
	13984 8352
4
	0 8352
	2144 8352
	2144 8384
	0 8384
4
	2752 8352
	5632 8352
	5632 8384
	2752 8384
4
	6400 8352
	9728 8352
	9728 8384
	6400 8384
4
	13984 8352
	16384 8352
	16384 8384
	13984 8384
4
	0 8384
	2144 8384
	2144 8416
	0 8416
4
	2752 8384
	5632 8384
	5632 8416
	2752 8416
4
	6400 8384
	9728 8384
	9728 8416
	6400 8416
4
	13984 8384
	16384 8384
	16384 8416
	13984 8416
4
	0 8416
	2144 8416
	2144 8448
	0 8448
4
	2752 8416
	5632 8416
	5632 8448
	2752 8448
4
	6400 8416
	9728 8416
	9728 8448
	6400 8448
4
	13984 8416
	16384 8416
	16384 8448
	13984 8448
4
	0 8448
	2144 8448
	2144 8480
	0 8480
4
	2752 8448
	5632 8448
	5632 8480
	2752 8480
4
	6400 8448
	9728 8448
	9728 8480
	6400 8480
4
	13984 8448
	16384 8448
	16384 8480
	13984 8480
4
	0 8480
	2144 8480
	2144 8512
	0 8512
4
	2752 8480
	5184 8480
	5184 8512
	2752 8512
4
	6400 8480
	9728 8480
	9728 8512
	6400 8512
4
	10336 8480
	10624 8480
	10624 8512
	10336 8512
4
	11232 8480
	11712 8480
	11712 8512
	11232 8512
4
	13984 8480
	16384 8480
	16384 8512
	13984 8512
4
	0 8512
	2144 8512
	2144 8544
	0 8544
4
	2752 8512
	5184 8512
	5184 8544
	2752 8544
4
	6400 8512
	9728 8512
	9728 8544
	6400 8544
4
	10336 8512
	10624 8512
	10624 8544
	10336 8544
4
	11232 8512
	11712 8512
	11712 8544
	11232 8544
4
	13984 8512
	16384 8512
	16384 8544
	13984 8544
4
	0 8544
	2144 8544
	2144 8576
	0 8576
4
	2752 8544
	5184 8544
	5184 8576
	2752 8576
4
	6400 8544
	9728 8544
	9728 8576
	6400 8576
4
	10336 8544
	10624 8544
	10624 8576
	10336 8576
4
	11232 8544
	11712 8544
	11712 8576
	11232 8576
4
	13984 8544
	16384 8544
	16384 8576
	13984 8576
4
	0 8576
	2144 8576
	2144 8608
	0 8608
4
	2752 8576
	5184 8576
	5184 8608
	2752 8608
4
	6400 8576
	9728 8576
	9728 8608
	6400 8608
4
	10336 8576
	10624 8576
	10624 8608
	10336 8608
4
	11232 8576
	11712 8576
	11712 8608
	11232 8608
4
	13984 8576
	16384 8576
	16384 8608
	13984 8608
4
	0 8608
	2144 8608
	2144 8640
	0 8640
4
	2752 8608
	5184 8608
	5184 8640
	2752 8640
4
	6400 8608
	9728 8608
	9728 8640
	6400 8640
4
	10336 8608
	10624 8608
	10624 8640
	10336 8640
4
	11232 8608
	11712 8608
	11712 8640
	11232 8640
4
	13984 8608
	16384 8608
	16384 8640
	13984 8640
4
	0 8640
	2144 8640
	2144 8672
	0 8672
4
	2752 8640
	4704 8640
	4704 8672
	2752 8672
4
	6528 8640
	9728 8640
	9728 8672
	6528 8672
4
	10176 8640
	16384 8640
	16384 8672
	10176 8672
4
	0 8672
	2144 8672
	2144 8704
	0 8704
4
	2752 8672
	4704 8672
	4704 8704
	2752 8704
4
	6528 8672
	9728 8672
	9728 8704
	6528 8704
4
	10176 8672
	16384 8672
	16384 8704
	10176 8704
4
	0 8704
	2144 8704
	2144 8736
	0 8736
4
	2752 8704
	4704 8704
	4704 8736
	2752 8736
4
	6528 8704
	9728 8704
	9728 8736
	6528 8736
4
	10176 8704
	16384 8704
	16384 8736
	10176 8736
4
	0 8736
	2144 8736
	2144 8768
	0 8768
4
	2752 8736
	4704 8736
	4704 8768
	2752 8768
4
	6528 8736
	9728 8736
	9728 8768
	6528 8768
4
	10176 8736
	16384 8736
	16384 8768
	10176 8768
4
	0 8768
	2144 8768
	2144 8800
	0 8800
4
	2752 8768
	4256 8768
	4256 8800
	2752 8800
4
	6528 8768
	9568 8768
	9568 8800
	6528 8800
4
	10176 8768
	16384 8768
	16384 8800
	10176 8800
4
	0 8800
	2144 8800
	2144 8832
	0 8832
4
	2752 8800
	4256 8800
	4256 8832
	2752 8832
4
	6528 8800
	9568 8800
	9568 8832
	6528 8832
4
	10176 8800
	16384 8800
	16384 8832
	10176 8832
4
	0 8832
	2144 8832
	2144 8864
	0 8864
4
	2752 8832
	4256 8832
	4256 8864
	2752 8864
4
	6528 8832
	9568 8832
	9568 8864
	6528 8864
4
	10176 8832
	16384 8832
	16384 8864
	10176 8864
4
	0 8864
	2144 8864
	2144 8896
	0 8896
4
	2752 8864
	4256 8864
	4256 8896
	2752 8896
4
	6528 8864
	9568 8864
	9568 8896
	6528 8896
4
	10176 8864
	16384 8864
	16384 8896
	10176 8896
4
	0 8896
	2144 8896
	2144 8928
	0 8928
4
	2752 8896
	3520 8896
	3520 8928
	2752 8928
4
	5472 8896
	6080 8896
	6080 8928
	5472 8928
4
	6688 8896
	9568 8896
	9568 8928
	6688 8928
4
	10016 8896
	16384 8896
	16384 8928
	10016 8928
4
	0 8928
	2144 8928
	2144 8960
	0 8960
4
	2752 8928
	3520 8928
	3520 8960
	2752 8960
4
	5472 8928
	6080 8928
	6080 8960
	5472 8960
4
	6688 8928
	9568 8928
	9568 8960
	6688 8960
4
	10016 8928
	16384 8928
	16384 8960
	10016 8960
4
	0 8960
	2144 8960
	2144 8992
	0 8992
4
	2752 8960
	3520 8960
	3520 8992
	2752 8992
4
	5472 8960
	6080 8960
	6080 8992
	5472 8992
4
	6688 8960
	9568 8960
	9568 8992
	6688 8992
4
	10016 8960
	16384 8960
	16384 8992
	10016 8992
4
	0 8992
	2144 8992
	2144 9024
	0 9024
4
	2752 8992
	3520 8992
	3520 9024
	2752 9024
4
	5472 8992
	6080 8992
	6080 9024
	5472 9024
4
	6688 8992
	9568 8992
	9568 9024
	6688 9024
4
	10016 8992
	16384 8992
	16384 9024
	10016 9024
4
	0 9024
	2144 9024
	2144 9056
	0 9056
4
	2752 9024
	3520 9024
	3520 9056
	2752 9056
4
	5472 9024
	6080 9024
	6080 9056
	5472 9056
4
	6688 9024
	9568 9024
	9568 9056
	6688 9056
4
	10016 9024
	16384 9024
	16384 9056
	10016 9056
4
	0 9056
	2144 9056
	2144 9088
	0 9088
4
	2752 9056
	3040 9056
	3040 9088
	2752 9088
4
	4704 9056
	6080 9056
	6080 9088
	4704 9088
4
	6848 9056
	9408 9056
	9408 9088
	6848 9088
4
	9888 9056
	16384 9056
	16384 9088
	9888 9088
4
	0 9088
	2144 9088
	2144 9120
	0 9120
4
	2752 9088
	3040 9088
	3040 9120
	2752 9120
4
	4704 9088
	6080 9088
	6080 9120
	4704 9120
4
	6848 9088
	9408 9088
	9408 9120
	6848 9120
4
	9888 9088
	16384 9088
	16384 9120
	9888 9120
4
	0 9120
	2144 9120
	2144 9152
	0 9152
4
	2752 9120
	3040 9120
	3040 9152
	2752 9152
4
	4704 9120
	6080 9120
	6080 9152
	4704 9152
4
	6848 9120
	9408 9120
	9408 9152
	6848 9152
4
	9888 9120
	16384 9120
	16384 9152
	9888 9152
4
	0 9152
	2144 9152
	2144 9184
	0 9184
4
	2752 9152
	3040 9152
	3040 9184
	2752 9184
4
	4704 9152
	6080 9152
	6080 9184
	4704 9184
4
	6848 9152
	9408 9152
	9408 9184
	6848 9184
4
	9888 9152
	16384 9152
	16384 9184
	9888 9184
4
	0 9184
	2144 9184
	2144 9216
	0 9216
4
	4096 9184
	6240 9184
	6240 9216
	4096 9216
4
	7008 9184
	9280 9184
	9280 9216
	7008 9216
4
	9888 9184
	16384 9184
	16384 9216
	9888 9216
4
	0 9216
	2144 9216
	2144 9248
	0 9248
4
	4096 9216
	6240 9216
	6240 9248
	4096 9248
4
	7008 9216
	9280 9216
	9280 9248
	7008 9248
4
	9888 9216
	16384 9216
	16384 9248
	9888 9248
4
	0 9248
	2144 9248
	2144 9280
	0 9280
4
	4096 9248
	6240 9248
	6240 9280
	4096 9280
4
	7008 9248
	9280 9248
	9280 9280
	7008 9280
4
	9888 9248
	16384 9248
	16384 9280
	9888 9280
4
	0 9280
	2144 9280
	2144 9312
	0 9312
4
	4096 9280
	6240 9280
	6240 9312
	4096 9312
4
	7008 9280
	9280 9280
	9280 9312
	7008 9312
4
	9888 9280
	16384 9280
	16384 9312
	9888 9312
4
	0 9312
	2144 9312
	2144 9344
	0 9344
4
	3648 9312
	6400 9312
	6400 9344
	3648 9344
4
	7136 9312
	8960 9312
	8960 9344
	7136 9344
4
	9728 9312
	16384 9312
	16384 9344
	9728 9344
4
	0 9344
	2144 9344
	2144 9376
	0 9376
4
	3648 9344
	6400 9344
	6400 9376
	3648 9376
4
	7136 9344
	8960 9344
	8960 9376
	7136 9376
4
	9728 9344
	16384 9344
	16384 9376
	9728 9376
4
	0 9376
	2144 9376
	2144 9408
	0 9408
4
	3648 9376
	6400 9376
	6400 9408
	3648 9408
4
	7136 9376
	8960 9376
	8960 9408
	7136 9408
4
	9728 9376
	16384 9376
	16384 9408
	9728 9408
4
	0 9408
	2144 9408
	2144 9440
	0 9440
4
	3648 9408
	6400 9408
	6400 9440
	3648 9440
4
	7136 9408
	8960 9408
	8960 9440
	7136 9440
4
	9728 9408
	16384 9408
	16384 9440
	9728 9440
4
	0 9440
	2144 9440
	2144 9472
	0 9472
4
	3648 9440
	6400 9440
	6400 9472
	3648 9472
4
	7136 9440
	8960 9440
	8960 9472
	7136 9472
4
	9728 9440
	16384 9440
	16384 9472
	9728 9472
4
	0 9472
	2304 9472
	2304 9504
	0 9504
4
	3200 9472
	6528 9472
	6528 9504
	3200 9504
4
	7616 9472
	8512 9472
	8512 9504
	7616 9504
4
	9568 9472
	16384 9472
	16384 9504
	9568 9504
4
	0 9504
	2304 9504
	2304 9536
	0 9536
4
	3200 9504
	6528 9504
	6528 9536
	3200 9536
4
	7616 9504
	8512 9504
	8512 9536
	7616 9536
4
	9568 9504
	16384 9504
	16384 9536
	9568 9536
4
	0 9536
	2304 9536
	2304 9568
	0 9568
4
	3200 9536
	6528 9536
	6528 9568
	3200 9568
4
	7616 9536
	8512 9536
	8512 9568
	7616 9568
4
	9568 9536
	16384 9536
	16384 9568
	9568 9568
4
	0 9568
	2304 9568
	2304 9600
	0 9600
4
	3200 9568
	6528 9568
	6528 9600
	3200 9600
4
	7616 9568
	8512 9568
	8512 9600
	7616 9600
4
	9568 9568
	16384 9568
	16384 9600
	9568 9600
4
	0 9600
	2304 9600
	2304 9632
	0 9632
4
	3040 9600
	6848 9600
	6848 9632
	3040 9632
4
	9408 9600
	16384 9600
	16384 9632
	9408 9632
4
	0 9632
	2304 9632
	2304 9664
	0 9664
4
	3040 9632
	6848 9632
	6848 9664
	3040 9664
4
	9408 9632
	16384 9632
	16384 9664
	9408 9664
4
	0 9664
	2304 9664
	2304 9696
	0 9696
4
	3040 9664
	6848 9664
	6848 9696
	3040 9696
4
	9408 9664
	16384 9664
	16384 9696
	9408 9696
4
	0 9696
	2304 9696
	2304 9728
	0 9728
4
	3040 9696
	6848 9696
	6848 9728
	3040 9728
4
	9408 9696
	16384 9696
	16384 9728
	9408 9728
4
	0 9728
	2432 9728
	2432 9760
	0 9760
4
	3040 9728
	7008 9728
	7008 9760
	3040 9760
4
	9120 9728
	16384 9728
	16384 9760
	9120 9760
4
	0 9760
	2432 9760
	2432 9792
	0 9792
4
	3040 9760
	7008 9760
	7008 9792
	3040 9792
4
	9120 9760
	16384 9760
	16384 9792
	9120 9792
4
	0 9792
	2432 9792
	2432 9824
	0 9824
4
	3040 9792
	7008 9792
	7008 9824
	3040 9824
4
	9120 9792
	16384 9792
	16384 9824
	9120 9824
4
	0 9824
	2432 9824
	2432 9856
	0 9856
4
	3040 9824
	7008 9824
	7008 9856
	3040 9856
4
	9120 9824
	16384 9824
	16384 9856
	9120 9856
4
	0 9856
	2432 9856
	2432 9888
	0 9888
4
	3040 9856
	7008 9856
	7008 9888
	3040 9888
4
	9120 9856
	16384 9856
	16384 9888
	9120 9888
4
	0 9888
	2432 9888
	2432 9920
	0 9920
4
	3040 9888
	7296 9888
	7296 9920
	3040 9920
4
	8960 9888
	16384 9888
	16384 9920
	8960 9920
4
	0 9920
	2432 9920
	2432 9952
	0 9952
4
	3040 9920
	7296 9920
	7296 9952
	3040 9952
4
	8960 9920
	16384 9920
	16384 9952
	8960 9952
4
	0 9952
	2432 9952
	2432 9984
	0 9984
4
	3040 9952
	7296 9952
	7296 9984
	3040 9984
4
	8960 9952
	16384 9952
	16384 9984
	8960 9984
4
	0 9984
	2432 9984
	2432 10016
	0 10016
4
	3040 9984
	7296 9984
	7296 10016
	3040 10016
4
	8960 9984
	16384 9984
	16384 10016
	8960 10016
4
	0 10016
	2432 10016
	2432 10048
	0 10048
4
	3200 10016
	8064 10016
	8064 10048
	3200 10048
4
	8800 10016
	16384 10016
	16384 10048
	8800 10048
4
	0 10048
	2432 10048
	2432 10080
	0 10080
4
	3200 10048
	8064 10048
	8064 10080
	3200 10080
4
	8800 10048
	16384 10048
	16384 10080
	8800 10080
4
	0 10080
	2432 10080
	2432 10112
	0 10112
4
	3200 10080
	8064 10080
	8064 10112
	3200 10112
4
	8800 10080
	16384 10080
	16384 10112
	8800 10112
4
	0 10112
	2432 10112
	2432 10144
	0 10144
4
	3200 10112
	8064 10112
	8064 10144
	3200 10144
4
	8800 10112
	16384 10112
	16384 10144
	8800 10144
4
	0 10144
	2592 10144
	2592 10176
	0 10176
4
	3200 10144
	8192 10144
	8192 10176
	3200 10176
4
	8960 10144
	16384 10144
	16384 10176
	8960 10176
4
	0 10176
	2592 10176
	2592 10208
	0 10208
4
	3200 10176
	8192 10176
	8192 10208
	3200 10208
4
	8960 10176
	16384 10176
	16384 10208
	8960 10208
4
	0 10208
	2592 10208
	2592 10240
	0 10240
4
	3200 10208
	8192 10208
	8192 10240
	3200 10240
4
	8960 10208
	16384 10208
	16384 10240
	8960 10240
4
	0 10240
	2592 10240
	2592 10272
	0 10272
4
	3200 10240
	8192 10240
	8192 10272
	3200 10272
4
	8960 10240
	16384 10240
	16384 10272
	8960 10272
4
	0 10272
	2592 10272
	2592 10304
	0 10304
4
	3200 10272
	8192 10272
	8192 10304
	3200 10304
4
	8960 10272
	16384 10272
	16384 10304
	8960 10304
4
	0 10304
	2592 10304
	2592 10336
	0 10336
4
	3360 10304
	8192 10304
	8192 10336
	3360 10336
4
	8960 10304
	16384 10304
	16384 10336
	8960 10336
4
	0 10336
	2592 10336
	2592 10368
	0 10368
4
	3360 10336
	8192 10336
	8192 10368
	3360 10368
4
	8960 10336
	16384 10336
	16384 10368
	8960 10368
4
	0 10368
	2592 10368
	2592 10400
	0 10400
4
	3360 10368
	8192 10368
	8192 10400
	3360 10400
4
	8960 10368
	16384 10368
	16384 10400
	8960 10400
4
	0 10400
	2592 10400
	2592 10432
	0 10432
4
	3360 10400
	8192 10400
	8192 10432
	3360 10432
4
	8960 10400
	16384 10400
	16384 10432
	8960 10432
4
	0 10432
	2752 10432
	2752 10464
	0 10464
4
	3360 10432
	8352 10432
	8352 10464
	3360 10464
4
	8960 10432
	16384 10432
	16384 10464
	8960 10464
4
	0 10464
	2752 10464
	2752 10496
	0 10496
4
	3360 10464
	8352 10464
	8352 10496
	3360 10496
4
	8960 10464
	16384 10464
	16384 10496
	8960 10496
4
	0 10496
	2752 10496
	2752 10528
	0 10528
4
	3360 10496
	8352 10496
	8352 10528
	3360 10528
4
	8960 10496
	16384 10496
	16384 10528
	8960 10528
4
	0 10528
	2752 10528
	2752 10560
	0 10560
4
	3360 10528
	8352 10528
	8352 10560
	3360 10560
4
	8960 10528
	16384 10528
	16384 10560
	8960 10560
4
	0 10560
	2752 10560
	2752 10592
	0 10592
4
	3520 10560
	8352 10560
	8352 10592
	3520 10592
4
	8960 10560
	16384 10560
	16384 10592
	8960 10592
4
	0 10592
	2752 10592
	2752 10624
	0 10624
4
	3520 10592
	8352 10592
	8352 10624
	3520 10624
4
	8960 10592
	16384 10592
	16384 10624
	8960 10624
4
	0 10624
	2752 10624
	2752 10656
	0 10656
4
	3520 10624
	8352 10624
	8352 10656
	3520 10656
4
	8960 10624
	16384 10624
	16384 10656
	8960 10656
4
	0 10656
	2752 10656
	2752 10688
	0 10688
4
	3520 10656
	8352 10656
	8352 10688
	3520 10688
4
	8960 10656
	16384 10656
	16384 10688
	8960 10688
4
	0 10688
	2752 10688
	2752 10720
	0 10720
4
	3520 10688
	8352 10688
	8352 10720
	3520 10720
4
	8960 10688
	16384 10688
	16384 10720
	8960 10720
4
	0 10720
	2912 10720
	2912 10752
	0 10752
4
	3520 10720
	8352 10720
	8352 10752
	3520 10752
4
	8960 10720
	16384 10720
	16384 10752
	8960 10752
4
	0 10752
	2912 10752
	2912 10784
	0 10784
4
	3520 10752
	8352 10752
	8352 10784
	3520 10784
4
	8960 10752
	16384 10752
	16384 10784
	8960 10784
4
	0 10784
	2912 10784
	2912 10816
	0 10816
4
	3520 10784
	8352 10784
	8352 10816
	3520 10816
4
	8960 10784
	16384 10784
	16384 10816
	8960 10816
4
	0 10816
	2912 10816
	2912 10848
	0 10848
4
	3520 10816
	8352 10816
	8352 10848
	3520 10848
4
	8960 10816
	16384 10816
	16384 10848
	8960 10848
4
	0 10848
	2912 10848
	2912 10880
	0 10880
4
	3520 10848
	8352 10848
	8352 10880
	3520 10880
4
	8960 10848
	16384 10848
	16384 10880
	8960 10880
4
	0 10880
	2912 10880
	2912 10912
	0 10912
4
	3520 10880
	8352 10880
	8352 10912
	3520 10912
4
	8960 10880
	16384 10880
	16384 10912
	8960 10912
4
	0 10912
	2912 10912
	2912 10944
	0 10944
4
	3520 10912
	8352 10912
	8352 10944
	3520 10944
4
	8960 10912
	16384 10912
	16384 10944
	8960 10944
4
	0 10944
	2912 10944
	2912 10976
	0 10976
4
	3520 10944
	8352 10944
	8352 10976
	3520 10976
4
	8960 10944
	16384 10944
	16384 10976
	8960 10976
4
	0 10976
	3040 10976
	3040 11008
	0 11008
4
	3648 10976
	8352 10976
	8352 11008
	3648 11008
4
	9120 10976
	16384 10976
	16384 11008
	9120 11008
4
	0 11008
	3040 11008
	3040 11040
	0 11040
4
	3648 11008
	8352 11008
	8352 11040
	3648 11040
4
	9120 11008
	16384 11008
	16384 11040
	9120 11040
4
	0 11040
	3040 11040
	3040 11072
	0 11072
4
	3648 11040
	8352 11040
	8352 11072
	3648 11072
4
	9120 11040
	16384 11040
	16384 11072
	9120 11072
4
	0 11072
	3040 11072
	3040 11104
	0 11104
4
	3648 11072
	8352 11072
	8352 11104
	3648 11104
4
	9120 11072
	16384 11072
	16384 11104
	9120 11104
4
	0 11104
	3040 11104
	3040 11136
	0 11136
4
	3648 11104
	8352 11104
	8352 11136
	3648 11136
4
	9120 11104
	16384 11104
	16384 11136
	9120 11136
4
	0 11136
	3200 11136
	3200 11168
	0 11168
4
	3968 11136
	8512 11136
	8512 11168
	3968 11168
4
	9120 11136
	16384 11136
	16384 11168
	9120 11168
4
	0 11168
	3200 11168
	3200 11200
	0 11200
4
	3968 11168
	8512 11168
	8512 11200
	3968 11200
4
	9120 11168
	16384 11168
	16384 11200
	9120 11200
4
	0 11200
	3200 11200
	3200 11232
	0 11232
4
	3968 11200
	8512 11200
	8512 11232
	3968 11232
4
	9120 11200
	16384 11200
	16384 11232
	9120 11232
4
	0 11232
	3200 11232
	3200 11264
	0 11264
4
	3968 11232
	8512 11232
	8512 11264
	3968 11264
4
	9120 11232
	16384 11232
	16384 11264
	9120 11264
4
	0 11264
	3360 11264
	3360 11296
	0 11296
4
	4096 11264
	8512 11264
	8512 11296
	4096 11296
4
	9120 11264
	16384 11264
	16384 11296
	9120 11296
4
	0 11296
	3360 11296
	3360 11328
	0 11328
4
	4096 11296
	8512 11296
	8512 11328
	4096 11328
4
	9120 11296
	16384 11296
	16384 11328
	9120 11328
4
	0 11328
	3360 11328
	3360 11360
	0 11360
4
	4096 11328
	8512 11328
	8512 11360
	4096 11360
4
	9120 11328
	16384 11328
	16384 11360
	9120 11360
4
	0 11360
	3360 11360
	3360 11392
	0 11392
4
	4096 11360
	8512 11360
	8512 11392
	4096 11392
4
	9120 11360
	16384 11360
	16384 11392
	9120 11392
4
	0 11392
	3200 11392
	3200 11424
	0 11424
4
	4256 11392
	8512 11392
	8512 11424
	4256 11424
4
	9280 11392
	16384 11392
	16384 11424
	9280 11424
4
	0 11424
	3200 11424
	3200 11456
	0 11456
4
	4256 11424
	8512 11424
	8512 11456
	4256 11456
4
	9280 11424
	16384 11424
	16384 11456
	9280 11456
4
	0 11456
	3200 11456
	3200 11488
	0 11488
4
	4256 11456
	8512 11456
	8512 11488
	4256 11488
4
	9280 11456
	16384 11456
	16384 11488
	9280 11488
4
	0 11488
	3200 11488
	3200 11520
	0 11520
4
	4256 11488
	8512 11488
	8512 11520
	4256 11520
4
	9280 11488
	16384 11488
	16384 11520
	9280 11520
4
	0 11520
	3200 11520
	3200 11552
	0 11552
4
	4256 11520
	8512 11520
	8512 11552
	4256 11552
4
	9280 11520
	16384 11520
	16384 11552
	9280 11552
4
	0 11552
	3040 11552
	3040 11584
	0 11584
4
	4416 11552
	8512 11552
	8512 11584
	4416 11584
4
	9280 11552
	16384 11552
	16384 11584
	9280 11584
4
	0 11584
	3040 11584
	3040 11616
	0 11616
4
	4416 11584
	8512 11584
	8512 11616
	4416 11616
4
	9280 11584
	16384 11584
	16384 11616
	9280 11616
4
	0 11616
	3040 11616
	3040 11648
	0 11648
4
	4416 11616
	8512 11616
	8512 11648
	4416 11648
4
	9280 11616
	16384 11616
	16384 11648
	9280 11648
4
	0 11648
	3040 11648
	3040 11680
	0 11680
4
	4416 11648
	8512 11648
	8512 11680
	4416 11680
4
	9280 11648
	16384 11648
	16384 11680
	9280 11680
4
	0 11680
	2912 11680
	2912 11712
	0 11712
4
	4704 11680
	8512 11680
	8512 11712
	4704 11712
4
	9280 11680
	16384 11680
	16384 11712
	9280 11712
4
	0 11712
	2912 11712
	2912 11744
	0 11744
4
	4704 11712
	8512 11712
	8512 11744
	4704 11744
4
	9280 11712
	16384 11712
	16384 11744
	9280 11744
4
	0 11744
	2912 11744
	2912 11776
	0 11776
4
	4704 11744
	8512 11744
	8512 11776
	4704 11776
4
	9280 11744
	16384 11744
	16384 11776
	9280 11776
4
	0 11776
	2912 11776
	2912 11808
	0 11808
4
	4704 11776
	8512 11776
	8512 11808
	4704 11808
4
	9280 11776
	16384 11776
	16384 11808
	9280 11808
4
	0 11808
	2752 11808
	2752 11840
	0 11840
4
	3520 11808
	3808 11808
	3808 11840
	3520 11840
4
	4864 11808
	8512 11808
	8512 11840
	4864 11840
4
	9280 11808
	16384 11808
	16384 11840
	9280 11840
4
	0 11840
	2752 11840
	2752 11872
	0 11872
4
	3520 11840
	3808 11840
	3808 11872
	3520 11872
4
	4864 11840
	8512 11840
	8512 11872
	4864 11872
4
	9280 11840
	16384 11840
	16384 11872
	9280 11872
4
	0 11872
	2752 11872
	2752 11904
	0 11904
4
	3520 11872
	3808 11872
	3808 11904
	3520 11904
4
	4864 11872
	8512 11872
	8512 11904
	4864 11904
4
	9280 11872
	16384 11872
	16384 11904
	9280 11904
4
	0 11904
	2752 11904
	2752 11936
	0 11936
4
	3520 11904
	3808 11904
	3808 11936
	3520 11936
4
	4864 11904
	8512 11904
	8512 11936
	4864 11936
4
	9280 11904
	16384 11904
	16384 11936
	9280 11936
4
	0 11936
	2752 11936
	2752 11968
	0 11968
4
	3520 11936
	3808 11936
	3808 11968
	3520 11968
4
	4864 11936
	8512 11936
	8512 11968
	4864 11968
4
	9280 11936
	16384 11936
	16384 11968
	9280 11968
4
	0 11968
	2592 11968
	2592 12000
	0 12000
4
	3360 11968
	3808 11968
	3808 12000
	3360 12000
4
	5024 11968
	8512 11968
	8512 12000
	5024 12000
4
	9280 11968
	16384 11968
	16384 12000
	9280 12000
4
	0 12000
	2592 12000
	2592 12032
	0 12032
4
	3360 12000
	3808 12000
	3808 12032
	3360 12032
4
	5024 12000
	8512 12000
	8512 12032
	5024 12032
4
	9280 12000
	16384 12000
	16384 12032
	9280 12032
4
	0 12032
	2592 12032
	2592 12064
	0 12064
4
	3360 12032
	3808 12032
	3808 12064
	3360 12064
4
	5024 12032
	8512 12032
	8512 12064
	5024 12064
4
	9280 12032
	16384 12032
	16384 12064
	9280 12064
4
	0 12064
	2592 12064
	2592 12096
	0 12096
4
	3360 12064
	3808 12064
	3808 12096
	3360 12096
4
	5024 12064
	8512 12064
	8512 12096
	5024 12096
4
	9280 12064
	16384 12064
	16384 12096
	9280 12096
4
	0 12096
	2432 12096
	2432 12128
	0 12128
4
	3200 12096
	3968 12096
	3968 12128
	3200 12128
4
	5184 12096
	8672 12096
	8672 12128
	5184 12128
4
	9408 12096
	16384 12096
	16384 12128
	9408 12128
4
	0 12128
	2432 12128
	2432 12160
	0 12160
4
	3200 12128
	3968 12128
	3968 12160
	3200 12160
4
	5184 12128
	8672 12128
	8672 12160
	5184 12160
4
	9408 12128
	16384 12128
	16384 12160
	9408 12160
4
	0 12160
	2432 12160
	2432 12192
	0 12192
4
	3200 12160
	3968 12160
	3968 12192
	3200 12192
4
	5184 12160
	8672 12160
	8672 12192
	5184 12192
4
	9408 12160
	16384 12160
	16384 12192
	9408 12192
4
	0 12192
	2432 12192
	2432 12224
	0 12224
4
	3200 12192
	3968 12192
	3968 12224
	3200 12224
4
	5184 12192
	8672 12192
	8672 12224
	5184 12224
4
	9408 12192
	16384 12192
	16384 12224
	9408 12224
4
	0 12224
	2304 12224
	2304 12256
	0 12256
4
	3040 12224
	4096 12224
	4096 12256
	3040 12256
4
	5472 12224
	8672 12224
	8672 12256
	5472 12256
4
	9408 12224
	16384 12224
	16384 12256
	9408 12256
4
	0 12256
	2304 12256
	2304 12288
	0 12288
4
	3040 12256
	4096 12256
	4096 12288
	3040 12288
4
	5472 12256
	8672 12256
	8672 12288
	5472 12288
4
	9408 12256
	16384 12256
	16384 12288
	9408 12288
4
	0 12288
	2304 12288
	2304 12320
	0 12320
4
	3040 12288
	4096 12288
	4096 12320
	3040 12320
4
	5472 12288
	8672 12288
	8672 12320
	5472 12320
4
	9408 12288
	16384 12288
	16384 12320
	9408 12320
4
	0 12320
	2304 12320
	2304 12352
	0 12352
4
	3040 12320
	4096 12320
	4096 12352
	3040 12352
4
	5472 12320
	8672 12320
	8672 12352
	5472 12352
4
	9408 12320
	16384 12320
	16384 12352
	9408 12352
4
	0 12352
	2304 12352
	2304 12384
	0 12384
4
	3040 12352
	4096 12352
	4096 12384
	3040 12384
4
	5472 12352
	8672 12352
	8672 12384
	5472 12384
4
	9408 12352
	16384 12352
	16384 12384
	9408 12384
4
	0 12384
	2144 12384
	2144 12416
	0 12416
4
	2752 12384
	4416 12384
	4416 12416
	2752 12416
4
	5920 12384
	8672 12384
	8672 12416
	5920 12416
4
	9408 12384
	16384 12384
	16384 12416
	9408 12416
4
	0 12416
	2144 12416
	2144 12448
	0 12448
4
	2752 12416
	4416 12416
	4416 12448
	2752 12448
4
	5920 12416
	8672 12416
	8672 12448
	5920 12448
4
	9408 12416
	16384 12416
	16384 12448
	9408 12448
4
	0 12448
	2144 12448
	2144 12480
	0 12480
4
	2752 12448
	4416 12448
	4416 12480
	2752 12480
4
	5920 12448
	8672 12448
	8672 12480
	5920 12480
4
	9408 12448
	16384 12448
	16384 12480
	9408 12480
4
	0 12480
	2144 12480
	2144 12512
	0 12512
4
	2752 12480
	4416 12480
	4416 12512
	2752 12512
4
	5920 12480
	8672 12480
	8672 12512
	5920 12512
4
	9408 12480
	16384 12480
	16384 12512
	9408 12512
4
	0 12512
	2304 12512
	2304 12544
	0 12544
4
	2592 12512
	4576 12512
	4576 12544
	2592 12544
4
	6240 12512
	8800 12512
	8800 12544
	6240 12544
4
	9408 12512
	16384 12512
	16384 12544
	9408 12544
4
	0 12544
	2304 12544
	2304 12576
	0 12576
4
	2592 12544
	4576 12544
	4576 12576
	2592 12576
4
	6240 12544
	8800 12544
	8800 12576
	6240 12576
4
	9408 12544
	16384 12544
	16384 12576
	9408 12576
4
	0 12576
	2304 12576
	2304 12608
	0 12608
4
	2592 12576
	4576 12576
	4576 12608
	2592 12608
4
	6240 12576
	8800 12576
	8800 12608
	6240 12608
4
	9408 12576
	16384 12576
	16384 12608
	9408 12608
4
	0 12608
	2304 12608
	2304 12640
	0 12640
4
	2592 12608
	4576 12608
	4576 12640
	2592 12640
4
	6240 12608
	8800 12608
	8800 12640
	6240 12640
4
	9408 12608
	16384 12608
	16384 12640
	9408 12640
4
	0 12640
	4864 12640
	4864 12672
	0 12672
4
	6688 12640
	8800 12640
	8800 12672
	6688 12672
4
	9408 12640
	16384 12640
	16384 12672
	9408 12672
4
	0 12672
	4864 12672
	4864 12704
	0 12704
4
	6688 12672
	8800 12672
	8800 12704
	6688 12704
4
	9408 12672
	16384 12672
	16384 12704
	9408 12704
4
	0 12704
	4864 12704
	4864 12736
	0 12736
4
	6688 12704
	8800 12704
	8800 12736
	6688 12736
4
	9408 12704
	16384 12704
	16384 12736
	9408 12736
4
	0 12736
	4864 12736
	4864 12768
	0 12768
4
	6688 12736
	8800 12736
	8800 12768
	6688 12768
4
	9408 12736
	16384 12736
	16384 12768
	9408 12768
4
	0 12768
	4864 12768
	4864 12800
	0 12800
4
	6688 12768
	8800 12768
	8800 12800
	6688 12800
4
	9408 12768
	16384 12768
	16384 12800
	9408 12800
4
	0 12800
	5312 12800
	5312 12832
	0 12832
4
	7904 12800
	8672 12800
	8672 12832
	7904 12832
4
	9408 12800
	16384 12800
	16384 12832
	9408 12832
4
	0 12832
	5312 12832
	5312 12864
	0 12864
4
	7904 12832
	8672 12832
	8672 12864
	7904 12864
4
	9408 12832
	16384 12832
	16384 12864
	9408 12864
4
	0 12864
	5312 12864
	5312 12896
	0 12896
4
	7904 12864
	8672 12864
	8672 12896
	7904 12896
4
	9408 12864
	16384 12864
	16384 12896
	9408 12896
4
	0 12896
	5312 12896
	5312 12928
	0 12928
4
	7904 12896
	8672 12896
	8672 12928
	7904 12928
4
	9408 12896
	16384 12896
	16384 12928
	9408 12928
4
	0 12928
	5632 12928
	5632 12960
	0 12960
4
	8064 12928
	8512 12928
	8512 12960
	8064 12960
4
	9408 12928
	16384 12928
	16384 12960
	9408 12960
4
	0 12960
	5632 12960
	5632 12992
	0 12992
4
	8064 12960
	8512 12960
	8512 12992
	8064 12992
4
	9408 12960
	16384 12960
	16384 12992
	9408 12992
4
	0 12992
	5632 12992
	5632 13024
	0 13024
4
	8064 12992
	8512 12992
	8512 13024
	8064 13024
4
	9408 12992
	16384 12992
	16384 13024
	9408 13024
4
	0 13024
	5632 13024
	5632 13056
	0 13056
4
	8064 13024
	8512 13024
	8512 13056
	8064 13056
4
	9408 13024
	16384 13024
	16384 13056
	9408 13056
4
	0 13056
	6080 13056
	6080 13088
	0 13088
4
	9568 13056
	16384 13056
	16384 13088
	9568 13088
4
	0 13088
	6080 13088
	6080 13120
	0 13120
4
	9568 13088
	16384 13088
	16384 13120
	9568 13120
4
	0 13120
	6080 13120
	6080 13152
	0 13152
4
	9568 13120
	16384 13120
	16384 13152
	9568 13152
4
	0 13152
	6080 13152
	6080 13184
	0 13184
4
	9568 13152
	16384 13152
	16384 13184
	9568 13184
4
	0 13184
	6080 13184
	6080 13216
	0 13216
4
	9568 13184
	16384 13184
	16384 13216
	9568 13216
4
	0 13216
	6848 13216
	6848 13248
	0 13248
4
	9568 13216
	16384 13216
	16384 13248
	9568 13248
4
	0 13248
	6848 13248
	6848 13280
	0 13280
4
	9568 13248
	16384 13248
	16384 13280
	9568 13280
4
	0 13280
	6848 13280
	6848 13312
	0 13312
4
	9568 13280
	16384 13280
	16384 13312
	9568 13312
4
	0 13312
	6848 13312
	6848 13344
	0 13344
4
	9568 13312
	16384 13312
	16384 13344
	9568 13344
4
	0 13344
	8960 13344
	8960 13376
	0 13376
4
	9568 13344
	16384 13344
	16384 13376
	9568 13376
4
	0 13376
	8960 13376
	8960 13408
	0 13408
4
	9568 13376
	16384 13376
	16384 13408
	9568 13408
4
	0 13408
	8960 13408
	8960 13440
	0 13440
4
	9568 13408
	16384 13408
	16384 13440
	9568 13440
4
	0 13440
	8960 13440
	8960 13472
	0 13472
4
	9568 13440
	16384 13440
	16384 13472
	9568 13472
4
	0 13472
	8960 13472
	8960 13504
	0 13504
4
	9728 13472
	16384 13472
	16384 13504
	9728 13504
4
	0 13504
	8960 13504
	8960 13536
	0 13536
4
	9728 13504
	16384 13504
	16384 13536
	9728 13536
4
	0 13536
	8960 13536
	8960 13568
	0 13568
4
	9728 13536
	16384 13536
	16384 13568
	9728 13568
4
	0 13568
	8960 13568
	8960 13600
	0 13600
4
	9728 13568
	16384 13568
	16384 13600
	9728 13600
4
	0 13600
	8960 13600
	8960 13632
	0 13632
4
	9728 13600
	16384 13600
	16384 13632
	9728 13632
4
	0 13632
	8960 13632
	8960 13664
	0 13664
4
	9728 13632
	16384 13632
	16384 13664
	9728 13664
4
	0 13664
	8960 13664
	8960 13696
	0 13696
4
	9728 13664
	16384 13664
	16384 13696
	9728 13696
4
	0 13696
	8960 13696
	8960 13728
	0 13728
4
	9728 13696
	16384 13696
	16384 13728
	9728 13728
4
	0 13728
	8960 13728
	8960 13760
	0 13760
4
	9728 13728
	16384 13728
	16384 13760
	9728 13760
4
	0 13760
	9120 13760
	9120 13792
	0 13792
4
	9728 13760
	16384 13760
	16384 13792
	9728 13792
4
	0 13792
	9120 13792
	9120 13824
	0 13824
4
	9728 13792
	16384 13792
	16384 13824
	9728 13824
4
	0 13824
	9120 13824
	9120 13856
	0 13856
4
	9728 13824
	16384 13824
	16384 13856
	9728 13856
4
	0 13856
	9120 13856
	9120 13888
	0 13888
4
	9728 13856
	16384 13856
	16384 13888
	9728 13888
4
	0 13888
	9120 13888
	9120 13920
	0 13920
4
	9728 13888
	16384 13888
	16384 13920
	9728 13920
4
	0 13920
	9120 13920
	9120 13952
	0 13952
4
	9728 13920
	16384 13920
	16384 13952
	9728 13952
4
	0 13952
	9120 13952
	9120 13984
	0 13984
4
	9728 13952
	16384 13952
	16384 13984
	9728 13984
4
	0 13984
	9120 13984
	9120 14016
	0 14016
4
	9728 13984
	16384 13984
	16384 14016
	9728 14016
4
	0 14016
	9120 14016
	9120 14048
	0 14048
4
	9728 14016
	16384 14016
	16384 14048
	9728 14048
4
	0 14048
	9120 14048
	9120 14080
	0 14080
4
	9728 14048
	16384 14048
	16384 14080
	9728 14080
4
	0 14080
	9120 14080
	9120 14112
	0 14112
4
	9728 14080
	16384 14080
	16384 14112
	9728 14112
4
	0 14112
	9120 14112
	9120 14144
	0 14144
4
	9728 14112
	16384 14112
	16384 14144
	9728 14144
4
	0 14144
	9120 14144
	9120 14176
	0 14176
4
	9728 14144
	16384 14144
	16384 14176
	9728 14176
4
	0 14176
	9280 14176
	9280 14208
	0 14208
4
	9888 14176
	16384 14176
	16384 14208
	9888 14208
4
	0 14208
	9280 14208
	9280 14240
	0 14240
4
	9888 14208
	16384 14208
	16384 14240
	9888 14240
4
	0 14240
	9280 14240
	9280 14272
	0 14272
4
	9888 14240
	16384 14240
	16384 14272
	9888 14272
4
	0 14272
	9280 14272
	9280 14304
	0 14304
4
	9888 14272
	16384 14272
	16384 14304
	9888 14304
4
	0 14304
	9280 14304
	9280 14336
	0 14336
4
	9888 14304
	16384 14304
	16384 14336
	9888 14336
4
	0 14336
	9280 14336
	9280 14368
	0 14368
4
	9888 14336
	16384 14336
	16384 14368
	9888 14368
4
	0 14368
	9280 14368
	9280 14400
	0 14400
4
	9888 14368
	16384 14368
	16384 14400
	9888 14400
4
	0 14400
	9280 14400
	9280 14432
	0 14432
4
	9888 14400
	16384 14400
	16384 14432
	9888 14432
4
	0 14432
	9280 14432
	9280 14464
	0 14464
4
	9888 14432
	16384 14432
	16384 14464
	9888 14464
4
	0 14464
	9280 14464
	9280 14496
	0 14496
4
	9888 14464
	16384 14464
	16384 14496
	9888 14496
4
	0 14496
	9280 14496
	9280 14528
	0 14528
4
	9888 14496
	16384 14496
	16384 14528
	9888 14528
4
	0 14528
	9280 14528
	9280 14560
	0 14560
4
	9888 14528
	16384 14528
	16384 14560
	9888 14560
4
	0 14560
	9280 14560
	9280 14592
	0 14592
4
	9888 14560
	16384 14560
	16384 14592
	9888 14592
4
	0 14592
	9280 14592
	9280 14624
	0 14624
4
	9728 14592
	16384 14592
	16384 14624
	9728 14624
4
	0 14624
	9280 14624
	9280 14656
	0 14656
4
	9728 14624
	16384 14624
	16384 14656
	9728 14656
4
	0 14656
	9280 14656
	9280 14688
	0 14688
4
	9728 14656
	16384 14656
	16384 14688
	9728 14688
4
	0 14688
	9280 14688
	9280 14720
	0 14720
4
	9728 14688
	16384 14688
	16384 14720
	9728 14720
4
	0 14720
	16384 14720
	16384 14752
	0 14752
4
	0 14752
	16384 14752
	16384 14784
	0 14784
4
	0 14784
	16384 14784
	16384 14816
	0 14816
4
	0 14816
	16384 14816
	16384 14848
	0 14848
4
	0 14848
	16384 14848
	16384 14880
	0 14880
4
	0 14880
	16384 14880
	16384 14912
	0 14912
4
	0 14912
	16384 14912
	16384 14944
	0 14944
4
	0 14944
	16384 14944
	16384 14976
	0 14976
4
	0 14976
	16384 14976
	16384 15008
	0 15008
4
	0 15008
	16384 15008
	16384 15040
	0 15040
4
	0 15040
	16384 15040
	16384 15072
	0 15072
4
	0 15072
	16384 15072
	16384 15104
	0 15104
4
	0 15104
	16384 15104
	16384 15136
	0 15136
4
	0 15136
	16384 15136
	16384 15168
	0 15168
4
	0 15168
	16384 15168
	16384 15200
	0 15200
4
	0 15200
	16384 15200
	16384 15232
	0 15232
4
	0 15232
	16384 15232
	16384 15264
	0 15264
4
	0 15264
	16384 15264
	16384 15296
	0 15296
4
	0 15296
	16384 15296
	16384 15328
	0 15328
4
	0 15328
	16384 15328
	16384 15360
	0 15360
4
	0 15360
	16384 15360
	16384 15392
	0 15392
4
	0 15392
	16384 15392
	16384 15424
	0 15424
4
	0 15424
	16384 15424
	16384 15456
	0 15456
4
	0 15456
	16384 15456
	16384 15488
	0 15488
4
	0 15488
	16384 15488
	16384 15520
	0 15520
4
	0 15520
	16384 15520
	16384 15552
	0 15552
4
	0 15552
	16384 15552
	16384 15584
	0 15584
4
	0 15584
	16384 15584
	16384 15616
	0 15616
4
	0 15616
	16384 15616
	16384 15648
	0 15648
4
	0 15648
	16384 15648
	16384 15680
	0 15680
4
	0 15680
	16384 15680
	16384 15712
	0 15712
4
	0 15712
	16384 15712
	16384 15744
	0 15744
4
	0 15744
	16384 15744
	16384 15776
	0 15776
4
	0 15776
	16384 15776
	16384 15808
	0 15808
4
	0 15808
	16384 15808
	16384 15840
	0 15840
4
	0 15840
	16384 15840
	16384 15872
	0 15872
4
	0 15872
	16384 15872
	16384 15904
	0 15904
4
	0 15904
	16384 15904
	16384 15936
	0 15936
4
	0 15936
	16384 15936
	16384 15968
	0 15968
4
	0 15968
	16384 15968
	16384 16000
	0 16000
4
	0 16000
	16384 16000
	16384 16032
	0 16032
4
	0 16032
	16384 16032
	16384 16064
	0 16064
4
	0 16064
	16384 16064
	16384 16096
	0 16096
4
	0 16096
	16384 16096
	16384 16128
	0 16128
4
	0 16128
	16384 16128
	16384 16160
	0 16160
4
	0 16160
	16384 16160
	16384 16192
	0 16192
4
	0 16192
	16384 16192
	16384 16224
	0 16224
4
	0 16224
	16384 16224
	16384 16256
	0 16256
4
	0 16256
	16384 16256
	16384 16288
	0 16288
4
	0 16288
	16384 16288
	16384 16320
	0 16320
4
	0 16320
	16384 16320
	16384 16352
	0 16352
4
	0 16352
	16384 16352
	16384 16384
	0 16384
4
	-32 -32
	16416 -32
	16416 0
	-32 0
4
	-32 16384
	16416 16384
	16416 16416
	-32 16416
4
	-32 0
	0 0
	0 16384
	-32 16384
4
	16384 0
	16416 0
	16416 16384
	16384 16384
