2004
4
	0 0
	16384 0
	16384 32
	0 32
4
	0 32
	16384 32
	16384 64
	0 64
4
	0 64
	16384 64
	16384 96
	0 96
4
	0 96
	16384 96
	16384 128
	0 128
4
	0 128
	16384 128
	16384 160
	0 160
4
	0 160
	16384 160
	16384 192
	0 192
4
	0 192
	16384 192
	16384 224
	0 224
4
	0 224
	3296 224
	3296 256
	0 256
4
	3456 224
	16384 224
	16384 256
	3456 256
4
	0 256
	3296 256
	3296 288
	0 288
4
	3456 256
	16384 256
	16384 288
	3456 288
4
	0 288
	3232 288
	3232 320
	0 320
4
	3456 288
	16384 288
	16384 320
	3456 320
4
	0 320
	3232 320
	3232 352
	0 352
4
	3456 320
	16384 320
	16384 352
	3456 352
4
	0 352
	3136 352
	3136 384
	0 384
4
	3552 352
	16384 352
	16384 384
	3552 384
4
	0 384
	3136 384
	3136 416
	0 416
4
	3552 384
	16384 384
	16384 416
	3552 416
4
	0 416
	3072 416
	3072 448
	0 448
4
	3552 416
	16384 416
	16384 448
	3552 448
4
	0 448
	3072 448
	3072 480
	0 480
4
	3552 448
	16384 448
	16384 480
	3552 480
4
	0 480
	2976 480
	2976 512
	0 512
4
	3616 480
	16384 480
	16384 512
	3616 512
4
	0 512
	2976 512
	2976 544
	0 544
4
	3616 512
	16384 512
	16384 544
	3616 544
4
	0 544
	2912 544
	2912 576
	0 576
4
	3616 544
	16384 544
	16384 576
	3616 576
4
	0 576
	2912 576
	2912 608
	0 608
4
	3616 576
	16384 576
	16384 608
	3616 608
4
	0 608
	2816 608
	2816 640
	0 640
4
	3616 608
	16384 608
	16384 640
	3616 640
4
	0 640
	2816 640
	2816 672
	0 672
4
	3616 640
	16384 640
	16384 672
	3616 672
4
	0 672
	2752 672
	2752 704
	0 704
4
	3712 672
	16384 672
	16384 704
	3712 704
4
	0 704
	2752 704
	2752 736
	0 736
4
	3712 704
	16384 704
	16384 736
	3712 736
4
	0 736
	2656 736
	2656 768
	0 768
4
	3712 736
	16384 736
	16384 768
	3712 768
4
	0 768
	2656 768
	2656 800
	0 800
4
	3712 768
	16384 768
	16384 800
	3712 800
4
	0 800
	2656 800
	2656 832
	0 832
4
	3776 800
	16384 800
	16384 832
	3776 832
4
	0 832
	2656 832
	2656 864
	0 864
4
	3776 832
	16384 832
	16384 864
	3776 864
4
	0 864
	2656 864
	2656 896
	0 896
4
	3776 864
	16384 864
	16384 896
	3776 896
4
	0 896
	2656 896
	2656 928
	0 928
4
	3776 896
	16384 896
	16384 928
	3776 928
4
	0 928
	2656 928
	2656 960
	0 960
4
	3936 928
	16384 928
	16384 960
	3936 960
4
	0 960
	2656 960
	2656 992
	0 992
4
	3936 960
	16384 960
	16384 992
	3936 992
4
	0 992
	2656 992
	2656 1024
	0 1024
4
	4032 992
	16384 992
	16384 1024
	4032 1024
4
	0 1024
	2656 1024
	2656 1056
	0 1056
4
	4032 1024
	16384 1024
	16384 1056
	4032 1056
4
	0 1056
	2752 1056
	2752 1088
	0 1088
4
	3936 1056
	16384 1056
	16384 1088
	3936 1088
4
	0 1088
	2752 1088
	2752 1120
	0 1120
4
	3936 1088
	16384 1088
	16384 1120
	3936 1120
4
	0 1120
	2816 1120
	2816 1152
	0 1152
4
	3936 1120
	4096 1120
	4096 1152
	3936 1152
4
	4192 1120
	16384 1120
	16384 1152
	4192 1152
4
	0 1152
	2816 1152
	2816 1184
	0 1184
4
	3936 1152
	4096 1152
	4096 1184
	3936 1184
4
	4192 1152
	16384 1152
	16384 1184
	4192 1184
4
	0 1184
	2912 1184
	2912 1216
	0 1216
4
	4288 1184
	16384 1184
	16384 1216
	4288 1216
4
	0 1216
	2912 1216
	2912 1248
	0 1248
4
	4288 1216
	16384 1216
	16384 1248
	4288 1248
4
	0 1248
	2976 1248
	2976 1280
	0 1280
4
	4352 1248
	16384 1248
	16384 1280
	4352 1280
4
	0 1280
	2976 1280
	2976 1312
	0 1312
4
	4352 1280
	16384 1280
	16384 1312
	4352 1312
4
	0 1312
	3072 1312
	3072 1344
	0 1344
4
	4448 1312
	16384 1312
	16384 1344
	4448 1344
4
	0 1344
	3072 1344
	3072 1376
	0 1376
4
	4448 1344
	16384 1344
	16384 1376
	4448 1376
4
	0 1376
	3136 1376
	3136 1408
	0 1408
4
	4512 1376
	16384 1376
	16384 1408
	4512 1408
4
	0 1408
	3136 1408
	3136 1440
	0 1440
4
	4512 1408
	16384 1408
	16384 1440
	4512 1440
4
	0 1440
	3232 1440
	3232 1472
	0 1472
4
	4608 1440
	16384 1440
	16384 1472
	4608 1472
4
	0 1472
	3232 1472
	3232 1504
	0 1504
4
	4608 1472
	16384 1472
	16384 1504
	4608 1504
4
	0 1504
	3296 1504
	3296 1536
	0 1536
4
	4672 1504
	16384 1504
	16384 1536
	4672 1536
4
	0 1536
	3296 1536
	3296 1568
	0 1568
4
	4672 1536
	16384 1536
	16384 1568
	4672 1568
4
	0 1568
	3392 1568
	3392 1600
	0 1600
4
	4768 1568
	16384 1568
	16384 1600
	4768 1600
4
	0 1600
	3392 1600
	3392 1632
	0 1632
4
	4768 1600
	16384 1600
	16384 1632
	4768 1632
4
	0 1632
	3456 1632
	3456 1664
	0 1664
4
	4832 1632
	16384 1632
	16384 1664
	4832 1664
4
	0 1664
	3456 1664
	3456 1696
	0 1696
4
	4832 1664
	16384 1664
	16384 1696
	4832 1696
4
	0 1696
	3456 1696
	3456 1728
	0 1728
4
	4832 1696
	16384 1696
	16384 1728
	4832 1728
4
	0 1728
	3552 1728
	3552 1760
	0 1760
4
	4832 1728
	16384 1728
	16384 1760
	4832 1760
4
	0 1760
	3552 1760
	3552 1792
	0 1792
4
	4832 1760
	16384 1760
	16384 1792
	4832 1792
4
	0 1792
	3616 1792
	3616 1824
	0 1824
4
	4832 1792
	4928 1792
	4928 1824
	4832 1824
4
	4992 1792
	16384 1792
	16384 1824
	4992 1824
4
	0 1824
	3616 1824
	3616 1856
	0 1856
4
	4832 1824
	4928 1824
	4928 1856
	4832 1856
4
	4992 1824
	16384 1824
	16384 1856
	4992 1856
4
	0 1856
	3712 1856
	3712 1888
	0 1888
4
	5088 1856
	16384 1856
	16384 1888
	5088 1888
4
	0 1888
	3712 1888
	3712 1920
	0 1920
4
	5088 1888
	16384 1888
	16384 1920
	5088 1920
4
	0 1920
	3776 1920
	3776 1952
	0 1952
4
	5088 1920
	5152 1920
	5152 1952
	5088 1952
4
	5248 1920
	16384 1920
	16384 1952
	5248 1952
4
	0 1952
	3776 1952
	3776 1984
	0 1984
4
	5088 1952
	5152 1952
	5152 1984
	5088 1984
4
	5248 1952
	16384 1952
	16384 1984
	5248 1984
4
	0 1984
	3872 1984
	3872 2016
	0 2016
4
	5248 1984
	16384 1984
	16384 2016
	5248 2016
4
	0 2016
	3872 2016
	3872 2048
	0 2048
4
	5248 2016
	16384 2016
	16384 2048
	5248 2048
4
	0 2048
	3936 2048
	3936 2080
	0 2080
4
	5248 2048
	16384 2048
	16384 2080
	5248 2080
4
	0 2080
	3936 2080
	3936 2112
	0 2112
4
	5248 2080
	16384 2080
	16384 2112
	5248 2112
4
	0 2112
	4032 2112
	4032 2144
	0 2144
4
	5248 2112
	16384 2112
	16384 2144
	5248 2144
4
	0 2144
	4032 2144
	4032 2176
	0 2176
4
	5248 2144
	16384 2144
	16384 2176
	5248 2176
4
	0 2176
	4096 2176
	4096 2208
	0 2208
4
	5472 2176
	16384 2176
	16384 2208
	5472 2208
4
	0 2208
	4096 2208
	4096 2240
	0 2240
4
	5472 2208
	16384 2208
	16384 2240
	5472 2240
4
	0 2240
	4192 2240
	4192 2272
	0 2272
4
	5568 2240
	16384 2240
	16384 2272
	5568 2272
4
	0 2272
	4192 2272
	4192 2304
	0 2304
4
	5568 2272
	16384 2272
	16384 2304
	5568 2304
4
	0 2304
	4288 2304
	4288 2336
	0 2336
4
	5632 2304
	16384 2304
	16384 2336
	5632 2336
4
	0 2336
	4288 2336
	4288 2368
	0 2368
4
	5632 2336
	16384 2336
	16384 2368
	5632 2368
4
	0 2368
	4352 2368
	4352 2400
	0 2400
4
	5728 2368
	16384 2368
	16384 2400
	5728 2400
4
	0 2400
	4352 2400
	4352 2432
	0 2432
4
	5728 2400
	16384 2400
	16384 2432
	5728 2432
4
	0 2432
	4448 2432
	4448 2464
	0 2464
4
	5792 2432
	16384 2432
	16384 2464
	5792 2464
4
	0 2464
	4448 2464
	4448 2496
	0 2496
4
	5792 2464
	16384 2464
	16384 2496
	5792 2496
4
	0 2496
	4512 2496
	4512 2528
	0 2528
4
	5888 2496
	16384 2496
	16384 2528
	5888 2528
4
	0 2528
	4512 2528
	4512 2560
	0 2560
4
	5888 2528
	16384 2528
	16384 2560
	5888 2560
4
	0 2560
	4608 2560
	4608 2592
	0 2592
4
	5952 2560
	16384 2560
	16384 2592
	5952 2592
4
	0 2592
	4608 2592
	4608 2624
	0 2624
4
	5952 2592
	16384 2592
	16384 2624
	5952 2624
4
	0 2624
	4768 2624
	4768 2656
	0 2656
4
	6048 2624
	16384 2624
	16384 2656
	6048 2656
4
	0 2656
	4768 2656
	4768 2688
	0 2688
4
	6048 2656
	16384 2656
	16384 2688
	6048 2688
4
	0 2688
	4832 2688
	4832 2720
	0 2720
4
	6112 2688
	10944 2688
	10944 2720
	6112 2720
4
	11104 2688
	16384 2688
	16384 2720
	11104 2720
4
	0 2720
	4832 2720
	4832 2752
	0 2752
4
	6112 2720
	10944 2720
	10944 2752
	6112 2752
4
	11104 2720
	16384 2720
	16384 2752
	11104 2752
4
	0 2752
	4768 2752
	4768 2784
	0 2784
4
	6208 2752
	10848 2752
	10848 2784
	6208 2784
4
	11168 2752
	16384 2752
	16384 2784
	11168 2784
4
	0 2784
	4768 2784
	4768 2816
	0 2816
4
	6208 2784
	10848 2784
	10848 2816
	6208 2816
4
	11168 2784
	16384 2784
	16384 2816
	11168 2816
4
	0 2816
	4672 2816
	4672 2848
	0 2848
4
	6208 2816
	10848 2816
	10848 2848
	6208 2848
4
	11264 2816
	16384 2816
	16384 2848
	11264 2848
4
	0 2848
	4672 2848
	4672 2880
	0 2880
4
	6208 2848
	10848 2848
	10848 2880
	6208 2880
4
	11264 2848
	16384 2848
	16384 2880
	11264 2880
4
	0 2880
	4608 2880
	4608 2912
	0 2912
4
	6368 2880
	10784 2880
	10784 2912
	6368 2912
4
	11328 2880
	16384 2880
	16384 2912
	11328 2912
4
	0 2912
	4608 2912
	4608 2944
	0 2944
4
	6368 2912
	10784 2912
	10784 2944
	6368 2944
4
	11328 2912
	16384 2912
	16384 2944
	11328 2944
4
	0 2944
	4512 2944
	4512 2976
	0 2976
4
	6528 2944
	10784 2944
	10784 2976
	6528 2976
4
	11424 2944
	16384 2944
	16384 2976
	11424 2976
4
	0 2976
	4512 2976
	4512 3008
	0 3008
4
	6528 2976
	10784 2976
	10784 3008
	6528 3008
4
	11424 2976
	16384 2976
	16384 3008
	11424 3008
4
	0 3008
	4448 3008
	4448 3040
	0 3040
4
	6592 3008
	10688 3008
	10688 3040
	6592 3040
4
	11488 3008
	16384 3008
	16384 3040
	11488 3040
4
	0 3040
	4448 3040
	4448 3072
	0 3072
4
	6592 3040
	10688 3040
	10688 3072
	6592 3072
4
	11488 3040
	16384 3040
	16384 3072
	11488 3072
4
	0 3072
	4352 3072
	4352 3104
	0 3104
4
	6688 3072
	10688 3072
	10688 3104
	6688 3104
4
	11584 3072
	16384 3072
	16384 3104
	11584 3104
4
	0 3104
	4352 3104
	4352 3136
	0 3136
4
	6688 3104
	10688 3104
	10688 3136
	6688 3136
4
	11584 3104
	16384 3104
	16384 3136
	11584 3136
4
	0 3136
	4288 3136
	4288 3168
	0 3168
4
	5408 3136
	5472 3136
	5472 3168
	5408 3168
4
	6752 3136
	10688 3136
	10688 3168
	6752 3168
4
	11648 3136
	16384 3136
	16384 3168
	11648 3168
4
	0 3168
	4288 3168
	4288 3200
	0 3200
4
	5408 3168
	5472 3168
	5472 3200
	5408 3200
4
	6752 3168
	10688 3168
	10688 3200
	6752 3200
4
	11648 3168
	16384 3168
	16384 3200
	11648 3200
4
	0 3200
	4192 3200
	4192 3232
	0 3232
4
	5408 3200
	5472 3200
	5472 3232
	5408 3232
4
	6848 3200
	10624 3200
	10624 3232
	6848 3232
4
	11648 3200
	16384 3200
	16384 3232
	11648 3232
4
	0 3232
	4192 3232
	4192 3264
	0 3264
4
	5408 3232
	5472 3232
	5472 3264
	5408 3264
4
	6848 3232
	10624 3232
	10624 3264
	6848 3264
4
	11648 3232
	16384 3232
	16384 3264
	11648 3264
4
	0 3264
	4096 3264
	4096 3296
	0 3296
4
	5408 3264
	5568 3264
	5568 3296
	5408 3296
4
	6912 3264
	10624 3264
	10624 3296
	6912 3296
4
	11648 3264
	16384 3264
	16384 3296
	11648 3296
4
	0 3296
	4096 3296
	4096 3328
	0 3328
4
	5408 3296
	5568 3296
	5568 3328
	5408 3328
4
	6912 3296
	10624 3296
	10624 3328
	6912 3328
4
	11648 3296
	16384 3296
	16384 3328
	11648 3328
4
	0 3328
	4096 3328
	4096 3360
	0 3360
4
	5408 3328
	5568 3328
	5568 3360
	5408 3360
4
	6912 3328
	10624 3328
	10624 3360
	6912 3360
4
	11648 3328
	16384 3328
	16384 3360
	11648 3360
4
	0 3360
	4032 3360
	4032 3392
	0 3392
4
	5312 3360
	5632 3360
	5632 3392
	5312 3392
4
	7008 3360
	10624 3360
	10624 3392
	7008 3392
4
	11648 3360
	16384 3360
	16384 3392
	11648 3392
4
	0 3392
	4032 3392
	4032 3424
	0 3424
4
	5312 3392
	5632 3392
	5632 3424
	5312 3424
4
	7008 3392
	10624 3392
	10624 3424
	7008 3424
4
	11648 3392
	16384 3392
	16384 3424
	11648 3424
4
	0 3424
	3936 3424
	3936 3456
	0 3456
4
	5248 3424
	5728 3424
	5728 3456
	5248 3456
4
	7072 3424
	10624 3424
	10624 3456
	7072 3456
4
	11648 3424
	16384 3424
	16384 3456
	11648 3456
4
	0 3456
	3936 3456
	3936 3488
	0 3488
4
	5248 3456
	5728 3456
	5728 3488
	5248 3488
4
	7072 3456
	10624 3456
	10624 3488
	7072 3488
4
	11648 3456
	16384 3456
	16384 3488
	11648 3488
4
	0 3488
	3872 3488
	3872 3520
	0 3520
4
	5152 3488
	5792 3488
	5792 3520
	5152 3520
4
	7168 3488
	10528 3488
	10528 3520
	7168 3520
4
	11648 3488
	16384 3488
	16384 3520
	11648 3520
4
	0 3520
	3872 3520
	3872 3552
	0 3552
4
	5152 3520
	5792 3520
	5792 3552
	5152 3552
4
	7168 3520
	10528 3520
	10528 3552
	7168 3552
4
	11648 3520
	16384 3520
	16384 3552
	11648 3552
4
	0 3552
	1952 3552
	1952 3584
	0 3584
4
	2112 3552
	3776 3552
	3776 3584
	2112 3584
4
	5088 3552
	5888 3552
	5888 3584
	5088 3584
4
	7232 3552
	10368 3552
	10368 3584
	7232 3584
4
	11584 3552
	16384 3552
	16384 3584
	11584 3584
4
	0 3584
	1952 3584
	1952 3616
	0 3616
4
	2112 3584
	3776 3584
	3776 3616
	2112 3616
4
	5088 3584
	5888 3584
	5888 3616
	5088 3616
4
	7232 3584
	10368 3584
	10368 3616
	7232 3616
4
	11584 3584
	16384 3584
	16384 3616
	11584 3616
4
	0 3616
	1696 3616
	1696 3648
	0 3648
4
	2912 3616
	3776 3616
	3776 3648
	2912 3648
4
	4992 3616
	5952 3616
	5952 3648
	4992 3648
4
	7328 3616
	10304 3616
	10304 3648
	7328 3648
4
	11488 3616
	16384 3616
	16384 3648
	11488 3648
4
	0 3648
	1696 3648
	1696 3680
	0 3680
4
	2912 3648
	3776 3648
	3776 3680
	2912 3680
4
	4992 3648
	5952 3648
	5952 3680
	4992 3680
4
	7328 3648
	10304 3648
	10304 3680
	7328 3680
4
	11488 3648
	16384 3648
	16384 3680
	11488 3680
4
	0 3680
	1696 3680
	1696 3712
	0 3712
4
	3136 3680
	3776 3680
	3776 3712
	3136 3712
4
	4928 3680
	6048 3680
	6048 3712
	4928 3712
4
	7392 3680
	10208 3680
	10208 3712
	7392 3712
4
	11424 3680
	16384 3680
	16384 3712
	11424 3712
4
	0 3712
	1696 3712
	1696 3744
	0 3744
4
	3136 3712
	3776 3712
	3776 3744
	3136 3744
4
	4928 3712
	6048 3712
	6048 3744
	4928 3744
4
	7392 3712
	10208 3712
	10208 3744
	7392 3744
4
	11424 3712
	16384 3712
	16384 3744
	11424 3744
4
	0 3744
	1376 3744
	1376 3776
	0 3776
4
	1472 3744
	1696 3744
	1696 3776
	1472 3776
4
	3392 3744
	3712 3744
	3712 3776
	3392 3776
4
	4832 3744
	6112 3744
	6112 3776
	4832 3776
4
	7488 3744
	10048 3744
	10048 3776
	7488 3776
4
	11328 3744
	16384 3744
	16384 3776
	11328 3776
4
	0 3776
	1376 3776
	1376 3808
	0 3808
4
	1472 3776
	1696 3776
	1696 3808
	1472 3808
4
	3392 3776
	3712 3776
	3712 3808
	3392 3808
4
	4832 3776
	6112 3776
	6112 3808
	4832 3808
4
	7488 3776
	10048 3776
	10048 3808
	7488 3808
4
	11328 3776
	16384 3776
	16384 3808
	11328 3808
4
	0 3808
	1312 3808
	1312 3840
	0 3840
4
	1472 3808
	1696 3808
	1696 3840
	1472 3840
4
	3552 3808
	3712 3808
	3712 3840
	3552 3840
4
	4768 3808
	6208 3808
	6208 3840
	4768 3840
4
	7488 3808
	9984 3808
	9984 3840
	7488 3840
4
	11264 3808
	16384 3808
	16384 3840
	11264 3840
4
	0 3840
	1312 3840
	1312 3872
	0 3872
4
	1472 3840
	1696 3840
	1696 3872
	1472 3872
4
	3552 3840
	3712 3840
	3712 3872
	3552 3872
4
	4768 3840
	6208 3840
	6208 3872
	4768 3872
4
	7488 3840
	9984 3840
	9984 3872
	7488 3872
4
	11264 3840
	16384 3840
	16384 3872
	11264 3872
4
	0 3872
	1216 3872
	1216 3904
	0 3904
4
	4672 3872
	6272 3872
	6272 3904
	4672 3904
4
	7648 3872
	9888 3872
	9888 3904
	7648 3904
4
	11168 3872
	16384 3872
	16384 3904
	11168 3904
4
	0 3904
	1216 3904
	1216 3936
	0 3936
4
	4672 3904
	6272 3904
	6272 3936
	4672 3936
4
	7648 3904
	9888 3904
	9888 3936
	7648 3936
4
	11168 3904
	16384 3904
	16384 3936
	11168 3936
4
	0 3936
	1152 3936
	1152 3968
	0 3968
4
	4608 3936
	6368 3936
	6368 3968
	4608 3968
4
	7712 3936
	9888 3936
	9888 3968
	7712 3968
4
	11104 3936
	16384 3936
	16384 3968
	11104 3968
4
	0 3968
	1152 3968
	1152 4000
	0 4000
4
	4608 3968
	6368 3968
	6368 4000
	4608 4000
4
	7712 3968
	9888 3968
	9888 4000
	7712 4000
4
	11104 3968
	16384 3968
	16384 4000
	11104 4000
4
	0 4000
	1152 4000
	1152 4032
	0 4032
4
	4512 4000
	6432 4000
	6432 4032
	4512 4032
4
	7808 4000
	9824 4000
	9824 4032
	7808 4032
4
	11008 4000
	16384 4000
	16384 4032
	11008 4032
4
	0 4032
	1152 4032
	1152 4064
	0 4064
4
	4512 4032
	6432 4032
	6432 4064
	4512 4064
4
	7808 4032
	9824 4032
	9824 4064
	7808 4064
4
	11008 4032
	16384 4032
	16384 4064
	11008 4064
4
	0 4064
	1312 4064
	1312 4096
	0 4096
4
	4352 4064
	6528 4064
	6528 4096
	4352 4096
4
	7808 4064
	9664 4064
	9664 4096
	7808 4096
4
	10944 4064
	16384 4064
	16384 4096
	10944 4096
4
	0 4096
	1312 4096
	1312 4128
	0 4128
4
	4352 4096
	6528 4096
	6528 4128
	4352 4128
4
	7808 4096
	9664 4096
	9664 4128
	7808 4128
4
	10944 4096
	16384 4096
	16384 4128
	10944 4128
4
	0 4128
	896 4128
	896 4160
	0 4160
4
	992 4128
	1376 4128
	1376 4160
	992 4160
4
	4288 4128
	6592 4128
	6592 4160
	4288 4160
4
	7808 4128
	9664 4128
	9664 4160
	7808 4160
4
	10848 4128
	16384 4128
	16384 4160
	10848 4160
4
	0 4160
	896 4160
	896 4192
	0 4192
4
	992 4160
	1376 4160
	1376 4192
	992 4192
4
	4288 4160
	6592 4160
	6592 4192
	4288 4192
4
	7808 4160
	9664 4160
	9664 4192
	7808 4192
4
	10848 4160
	16384 4160
	16384 4192
	10848 4192
4
	0 4192
	832 4192
	832 4224
	0 4224
4
	992 4192
	1472 4192
	1472 4224
	992 4224
4
	4288 4192
	6688 4192
	6688 4224
	4288 4224
4
	7648 4192
	7712 4192
	7712 4224
	7648 4224
4
	7968 4192
	9664 4192
	9664 4224
	7968 4224
4
	10784 4192
	16384 4192
	16384 4224
	10784 4224
4
	0 4224
	832 4224
	832 4256
	0 4256
4
	992 4224
	1472 4224
	1472 4256
	992 4256
4
	4288 4224
	6688 4224
	6688 4256
	4288 4256
4
	7648 4224
	7712 4224
	7712 4256
	7648 4256
4
	7968 4224
	9664 4224
	9664 4256
	7968 4256
4
	10784 4224
	16384 4224
	16384 4256
	10784 4256
4
	0 4256
	736 4256
	736 4288
	0 4288
4
	992 4256
	1472 4256
	1472 4288
	992 4288
4
	4288 4256
	6752 4256
	6752 4288
	4288 4288
4
	7552 4256
	7808 4256
	7808 4288
	7552 4288
4
	7872 4256
	9344 4256
	9344 4288
	7872 4288
4
	10688 4256
	16384 4256
	16384 4288
	10688 4288
4
	0 4288
	736 4288
	736 4320
	0 4320
4
	992 4288
	1472 4288
	1472 4320
	992 4320
4
	4288 4288
	6752 4288
	6752 4320
	4288 4320
4
	7552 4288
	7808 4288
	7808 4320
	7552 4320
4
	7872 4288
	9344 4288
	9344 4320
	7872 4320
4
	10688 4288
	16384 4288
	16384 4320
	10688 4320
4
	0 4320
	736 4320
	736 4352
	0 4352
4
	4352 4320
	6848 4320
	6848 4352
	4352 4352
4
	7648 4320
	7712 4320
	7712 4352
	7648 4352
4
	7872 4320
	9248 4320
	9248 4352
	7872 4352
4
	10624 4320
	16384 4320
	16384 4352
	10624 4352
4
	0 4352
	736 4352
	736 4384
	0 4384
4
	4352 4352
	6848 4352
	6848 4384
	4352 4384
4
	7648 4352
	7712 4352
	7712 4384
	7648 4384
4
	7872 4352
	9248 4352
	9248 4384
	7872 4384
4
	10624 4352
	16384 4352
	16384 4384
	10624 4384
4
	0 4384
	736 4384
	736 4416
	0 4416
4
	4352 4384
	6912 4384
	6912 4416
	4352 4416
4
	7872 4384
	9184 4384
	9184 4416
	7872 4416
4
	10528 4384
	16384 4384
	16384 4416
	10528 4416
4
	0 4416
	736 4416
	736 4448
	0 4448
4
	4352 4416
	6912 4416
	6912 4448
	4352 4448
4
	7872 4416
	9184 4416
	9184 4448
	7872 4448
4
	10528 4416
	16384 4416
	16384 4448
	10528 4448
4
	0 4448
	736 4448
	736 4480
	0 4480
4
	4448 4448
	7008 4448
	7008 4480
	4448 4480
4
	7872 4448
	9184 4448
	9184 4480
	7872 4480
4
	10464 4448
	16384 4448
	16384 4480
	10464 4480
4
	0 4480
	736 4480
	736 4512
	0 4512
4
	4448 4480
	7008 4480
	7008 4512
	4448 4512
4
	7872 4480
	9184 4480
	9184 4512
	7872 4512
4
	10464 4480
	16384 4480
	16384 4512
	10464 4512
4
	0 4512
	832 4512
	832 4544
	0 4544
4
	4448 4512
	7072 4512
	7072 4544
	4448 4544
4
	7712 4512
	9248 4512
	9248 4544
	7712 4544
4
	10368 4512
	16384 4512
	16384 4544
	10368 4544
4
	0 4544
	832 4544
	832 4576
	0 4576
4
	4448 4544
	7072 4544
	7072 4576
	4448 4576
4
	7712 4544
	9248 4544
	9248 4576
	7712 4576
4
	10368 4544
	16384 4544
	16384 4576
	10368 4576
4
	0 4576
	832 4576
	832 4608
	0 4608
4
	4448 4576
	7168 4576
	7168 4608
	4448 4608
4
	7712 4576
	9248 4576
	9248 4608
	7712 4608
4
	10304 4576
	16384 4576
	16384 4608
	10304 4608
4
	0 4608
	832 4608
	832 4640
	0 4640
4
	4448 4608
	7168 4608
	7168 4640
	4448 4640
4
	7712 4608
	9248 4608
	9248 4640
	7712 4640
4
	10304 4608
	16384 4608
	16384 4640
	10304 4640
4
	0 4640
	736 4640
	736 4672
	0 4672
4
	4512 4640
	7232 4640
	7232 4672
	4512 4672
4
	7712 4640
	9248 4640
	9248 4672
	7712 4672
4
	10144 4640
	16384 4640
	16384 4672
	10144 4672
4
	0 4672
	736 4672
	736 4704
	0 4704
4
	4512 4672
	7232 4672
	7232 4704
	4512 4704
4
	7712 4672
	9248 4672
	9248 4704
	7712 4704
4
	10144 4672
	16384 4672
	16384 4704
	10144 4704
4
	0 4704
	576 4704
	576 4736
	0 4736
4
	4512 4704
	7552 4704
	7552 4736
	4512 4736
4
	7872 4704
	9184 4704
	9184 4736
	7872 4736
4
	10048 4704
	16384 4704
	16384 4736
	10048 4736
4
	0 4736
	576 4736
	576 4768
	0 4768
4
	4512 4736
	7552 4736
	7552 4768
	4512 4768
4
	7872 4736
	9184 4736
	9184 4768
	7872 4768
4
	10048 4736
	16384 4736
	16384 4768
	10048 4768
4
	0 4768
	576 4768
	576 4800
	0 4800
4
	4512 4768
	7552 4768
	7552 4800
	4512 4800
4
	7872 4768
	9088 4768
	9088 4800
	7872 4800
4
	9888 4768
	16384 4768
	16384 4800
	9888 4800
4
	0 4800
	576 4800
	576 4832
	0 4832
4
	4512 4800
	7552 4800
	7552 4832
	4512 4832
4
	7872 4800
	9088 4800
	9088 4832
	7872 4832
4
	9888 4800
	16384 4800
	16384 4832
	9888 4832
4
	0 4832
	512 4832
	512 4864
	0 4864
4
	4512 4832
	7552 4832
	7552 4864
	4512 4864
4
	7872 4832
	9024 4832
	9024 4864
	7872 4864
4
	9344 4832
	9408 4832
	9408 4864
	9344 4864
4
	9824 4832
	16384 4832
	16384 4864
	9824 4864
4
	0 4864
	512 4864
	512 4896
	0 4896
4
	4512 4864
	7552 4864
	7552 4896
	4512 4896
4
	7872 4864
	9024 4864
	9024 4896
	7872 4896
4
	9344 4864
	9408 4864
	9408 4896
	9344 4896
4
	9824 4864
	16384 4864
	16384 4896
	9824 4896
4
	0 4896
	512 4896
	512 4928
	0 4928
4
	4512 4896
	7488 4896
	7488 4928
	4512 4928
4
	7872 4896
	8928 4896
	8928 4928
	7872 4928
4
	9248 4896
	9568 4896
	9568 4928
	9248 4928
4
	9664 4896
	16384 4896
	16384 4928
	9664 4928
4
	0 4928
	512 4928
	512 4960
	0 4960
4
	4512 4928
	7488 4928
	7488 4960
	4512 4960
4
	7872 4928
	8928 4928
	8928 4960
	7872 4960
4
	9248 4928
	9568 4928
	9568 4960
	9248 4960
4
	9664 4928
	16384 4928
	16384 4960
	9664 4960
4
	0 4960
	512 4960
	512 4992
	0 4992
4
	4512 4960
	7488 4960
	7488 4992
	4512 4992
4
	7872 4960
	8928 4960
	8928 4992
	7872 4992
4
	9248 4960
	9568 4960
	9568 4992
	9248 4992
4
	9664 4960
	16384 4960
	16384 4992
	9664 4992
4
	0 4992
	512 4992
	512 5024
	0 5024
4
	4512 4992
	7488 4992
	7488 5024
	4512 5024
4
	8032 4992
	8768 4992
	8768 5024
	8032 5024
4
	9248 4992
	16384 4992
	16384 5024
	9248 5024
4
	0 5024
	512 5024
	512 5056
	0 5056
4
	4512 5024
	7488 5024
	7488 5056
	4512 5056
4
	8032 5024
	8768 5024
	8768 5056
	8032 5056
4
	9248 5024
	16384 5024
	16384 5056
	9248 5056
4
	0 5056
	512 5056
	512 5088
	0 5088
4
	4512 5056
	7488 5056
	7488 5088
	4512 5088
4
	8032 5056
	8704 5056
	8704 5088
	8032 5088
4
	9184 5056
	16384 5056
	16384 5088
	9184 5088
4
	0 5088
	512 5088
	512 5120
	0 5120
4
	4512 5088
	7488 5088
	7488 5120
	4512 5120
4
	8032 5088
	8704 5088
	8704 5120
	8032 5120
4
	9184 5088
	16384 5088
	16384 5120
	9184 5120
4
	0 5120
	512 5120
	512 5152
	0 5152
4
	4512 5120
	7552 5120
	7552 5152
	4512 5152
4
	8128 5120
	8448 5120
	8448 5152
	8128 5152
4
	9248 5120
	16384 5120
	16384 5152
	9248 5152
4
	0 5152
	512 5152
	512 5184
	0 5184
4
	4512 5152
	7552 5152
	7552 5184
	4512 5184
4
	8128 5152
	8448 5152
	8448 5184
	8128 5184
4
	9248 5152
	16384 5152
	16384 5184
	9248 5184
4
	0 5184
	512 5184
	512 5216
	0 5216
4
	4608 5184
	7552 5184
	7552 5216
	4608 5216
4
	8288 5184
	8448 5184
	8448 5216
	8288 5216
4
	9504 5184
	16384 5184
	16384 5216
	9504 5216
4
	0 5216
	512 5216
	512 5248
	0 5248
4
	4608 5216
	7552 5216
	7552 5248
	4608 5248
4
	8288 5216
	8448 5216
	8448 5248
	8288 5248
4
	9504 5216
	16384 5216
	16384 5248
	9504 5248
4
	0 5248
	512 5248
	512 5280
	0 5280
4
	4608 5248
	7552 5248
	7552 5280
	4608 5280
4
	9504 5248
	16384 5248
	16384 5280
	9504 5280
4
	0 5280
	512 5280
	512 5312
	0 5312
4
	4608 5280
	7552 5280
	7552 5312
	4608 5312
4
	9504 5280
	16384 5280
	16384 5312
	9504 5312
4
	0 5312
	512 5312
	512 5344
	0 5344
4
	4608 5312
	7552 5312
	7552 5344
	4608 5344
4
	9504 5312
	16384 5312
	16384 5344
	9504 5344
4
	0 5344
	512 5344
	512 5376
	0 5376
4
	4608 5344
	7552 5344
	7552 5376
	4608 5376
4
	9504 5344
	16384 5344
	16384 5376
	9504 5376
4
	0 5376
	512 5376
	512 5408
	0 5408
4
	4608 5376
	7712 5376
	7712 5408
	4608 5408
4
	9504 5376
	16384 5376
	16384 5408
	9504 5408
4
	0 5408
	512 5408
	512 5440
	0 5440
4
	4608 5408
	7712 5408
	7712 5440
	4608 5440
4
	9504 5408
	16384 5408
	16384 5440
	9504 5440
4
	0 5440
	512 5440
	512 5472
	0 5472
4
	4608 5440
	7712 5440
	7712 5472
	4608 5472
4
	9504 5440
	16384 5440
	16384 5472
	9504 5472
4
	0 5472
	512 5472
	512 5504
	0 5504
4
	4608 5472
	7712 5472
	7712 5504
	4608 5504
4
	9504 5472
	16384 5472
	16384 5504
	9504 5504
4
	0 5504
	512 5504
	512 5536
	0 5536
4
	4672 5504
	7712 5504
	7712 5536
	4672 5536
4
	9504 5504
	16384 5504
	16384 5536
	9504 5536
4
	0 5536
	512 5536
	512 5568
	0 5568
4
	4672 5536
	7712 5536
	7712 5568
	4672 5568
4
	9504 5536
	16384 5536
	16384 5568
	9504 5568
4
	0 5568
	512 5568
	512 5600
	0 5600
4
	4672 5568
	7648 5568
	7648 5600
	4672 5600
4
	9504 5568
	16384 5568
	16384 5600
	9504 5600
4
	0 5600
	512 5600
	512 5632
	0 5632
4
	4672 5600
	7648 5600
	7648 5632
	4672 5632
4
	9504 5600
	16384 5600
	16384 5632
	9504 5632
4
	0 5632
	512 5632
	512 5664
	0 5664
4
	4672 5632
	7808 5632
	7808 5664
	4672 5664
4
	9504 5632
	16384 5632
	16384 5664
	9504 5664
4
	0 5664
	512 5664
	512 5696
	0 5696
4
	4672 5664
	7808 5664
	7808 5696
	4672 5696
4
	9504 5664
	16384 5664
	16384 5696
	9504 5696
4
	0 5696
	512 5696
	512 5728
	0 5728
4
	4672 5696
	7872 5696
	7872 5728
	4672 5728
4
	9504 5696
	16384 5696
	16384 5728
	9504 5728
4
	0 5728
	512 5728
	512 5760
	0 5760
4
	4672 5728
	7872 5728
	7872 5760
	4672 5760
4
	9504 5728
	16384 5728
	16384 5760
	9504 5760
4
	0 5760
	512 5760
	512 5792
	0 5792
4
	4608 5760
	7552 5760
	7552 5792
	4608 5792
4
	9408 5760
	16384 5760
	16384 5792
	9408 5792
4
	0 5792
	512 5792
	512 5824
	0 5824
4
	4608 5792
	7552 5792
	7552 5824
	4608 5824
4
	9408 5792
	16384 5792
	16384 5824
	9408 5824
4
	0 5824
	512 5824
	512 5856
	0 5856
4
	4608 5824
	7168 5824
	7168 5856
	4608 5856
4
	8384 5824
	8544 5824
	8544 5856
	8384 5856
4
	8608 5824
	8768 5824
	8768 5856
	8608 5856
4
	9408 5824
	16384 5824
	16384 5856
	9408 5856
4
	0 5856
	512 5856
	512 5888
	0 5888
4
	4608 5856
	7168 5856
	7168 5888
	4608 5888
4
	8384 5856
	8544 5856
	8544 5888
	8384 5888
4
	8608 5856
	8768 5856
	8768 5888
	8608 5888
4
	9408 5856
	16384 5856
	16384 5888
	9408 5888
4
	0 5888
	576 5888
	576 5920
	0 5920
4
	1152 5888
	1472 5888
	1472 5920
	1152 5920
4
	3616 5888
	3872 5888
	3872 5920
	3616 5920
4
	4608 5888
	7168 5888
	7168 5920
	4608 5920
4
	8384 5888
	8544 5888
	8544 5920
	8384 5920
4
	8608 5888
	8864 5888
	8864 5920
	8608 5920
4
	9344 5888
	16384 5888
	16384 5920
	9344 5920
4
	0 5920
	576 5920
	576 5952
	0 5952
4
	1152 5920
	1472 5920
	1472 5952
	1152 5952
4
	3616 5920
	3872 5920
	3872 5952
	3616 5952
4
	4608 5920
	7168 5920
	7168 5952
	4608 5952
4
	8384 5920
	8544 5920
	8544 5952
	8384 5952
4
	8608 5920
	8864 5920
	8864 5952
	8608 5952
4
	9344 5920
	16384 5920
	16384 5952
	9344 5952
4
	0 5952
	672 5952
	672 5984
	0 5984
4
	1152 5952
	1536 5952
	1536 5984
	1152 5984
4
	3456 5952
	3936 5952
	3936 5984
	3456 5984
4
	4512 5952
	7072 5952
	7072 5984
	4512 5984
4
	9248 5952
	16384 5952
	16384 5984
	9248 5984
4
	0 5984
	672 5984
	672 6016
	0 6016
4
	1152 5984
	1536 5984
	1536 6016
	1152 6016
4
	3456 5984
	3936 5984
	3936 6016
	3456 6016
4
	4512 5984
	7072 5984
	7072 6016
	4512 6016
4
	9248 5984
	16384 5984
	16384 6016
	9248 6016
4
	0 6016
	736 6016
	736 6048
	0 6048
4
	1152 6016
	1632 6016
	1632 6048
	1152 6048
4
	3456 6016
	3936 6016
	3936 6048
	3456 6048
4
	4512 6016
	7168 6016
	7168 6048
	4512 6048
4
	8544 6016
	8704 6016
	8704 6048
	8544 6048
4
	9248 6016
	12864 6016
	12864 6048
	9248 6048
4
	12960 6016
	16384 6016
	16384 6048
	12960 6048
4
	0 6048
	736 6048
	736 6080
	0 6080
4
	1152 6048
	1632 6048
	1632 6080
	1152 6080
4
	3456 6048
	3936 6048
	3936 6080
	3456 6080
4
	4512 6048
	7168 6048
	7168 6080
	4512 6080
4
	8544 6048
	8704 6048
	8704 6080
	8544 6080
4
	9248 6048
	12864 6048
	12864 6080
	9248 6080
4
	12960 6048
	16384 6048
	16384 6080
	12960 6080
4
	0 6080
	832 6080
	832 6112
	0 6112
4
	1152 6080
	1632 6080
	1632 6112
	1152 6112
4
	3456 6080
	3936 6080
	3936 6112
	3456 6112
4
	4448 6080
	7168 6080
	7168 6112
	4448 6112
4
	9184 6080
	12800 6080
	12800 6112
	9184 6112
4
	13024 6080
	16384 6080
	16384 6112
	13024 6112
4
	0 6112
	832 6112
	832 6144
	0 6144
4
	1152 6112
	1632 6112
	1632 6144
	1152 6144
4
	3456 6112
	3936 6112
	3936 6144
	3456 6144
4
	4448 6112
	7168 6112
	7168 6144
	4448 6144
4
	9184 6112
	12800 6112
	12800 6144
	9184 6144
4
	13024 6112
	16384 6112
	16384 6144
	13024 6144
4
	0 6144
	896 6144
	896 6176
	0 6176
4
	3552 6144
	3872 6144
	3872 6176
	3552 6176
4
	4352 6144
	7168 6144
	7168 6176
	4352 6176
4
	9088 6144
	12704 6144
	12704 6176
	9088 6176
4
	13120 6144
	16384 6144
	16384 6176
	13120 6176
4
	0 6176
	896 6176
	896 6208
	0 6208
4
	3552 6176
	3872 6176
	3872 6208
	3552 6208
4
	4352 6176
	7168 6176
	7168 6208
	4352 6208
4
	9088 6176
	12704 6176
	12704 6208
	9088 6208
4
	13120 6176
	16384 6176
	16384 6208
	13120 6208
4
	0 6208
	896 6208
	896 6240
	0 6240
4
	4192 6208
	7072 6208
	7072 6240
	4192 6240
4
	9024 6208
	12640 6208
	12640 6240
	9024 6240
4
	13184 6208
	16384 6208
	16384 6240
	13184 6240
4
	0 6240
	896 6240
	896 6272
	0 6272
4
	4192 6240
	7072 6240
	7072 6272
	4192 6272
4
	9024 6240
	12640 6240
	12640 6272
	9024 6272
4
	13184 6240
	16384 6240
	16384 6272
	13184 6272
4
	0 6272
	1056 6272
	1056 6304
	0 6304
4
	4096 6272
	7008 6272
	7008 6304
	4096 6304
4
	8864 6272
	12544 6272
	12544 6304
	8864 6304
4
	13184 6272
	16384 6272
	16384 6304
	13184 6304
4
	0 6304
	1056 6304
	1056 6336
	0 6336
4
	4096 6304
	7008 6304
	7008 6336
	4096 6336
4
	8864 6304
	12544 6304
	12544 6336
	8864 6336
4
	13184 6304
	16384 6304
	16384 6336
	13184 6336
4
	0 6336
	1216 6336
	1216 6368
	0 6368
4
	4032 6336
	7008 6336
	7008 6368
	4032 6368
4
	8768 6336
	12480 6336
	12480 6368
	8768 6368
4
	13120 6336
	16384 6336
	16384 6368
	13120 6368
4
	0 6368
	1216 6368
	1216 6400
	0 6400
4
	4032 6368
	7008 6368
	7008 6400
	4032 6400
4
	8768 6368
	12480 6368
	12480 6400
	8768 6400
4
	13120 6368
	16384 6368
	16384 6400
	13120 6400
4
	0 6400
	1312 6400
	1312 6432
	0 6432
4
	3936 6400
	6528 6400
	6528 6432
	3936 6432
4
	6592 6400
	6912 6400
	6912 6432
	6592 6432
4
	8704 6400
	12384 6400
	12384 6432
	8704 6432
4
	13024 6400
	16384 6400
	16384 6432
	13024 6432
4
	0 6432
	1312 6432
	1312 6464
	0 6464
4
	3936 6432
	6528 6432
	6528 6464
	3936 6464
4
	6592 6432
	6912 6432
	6912 6464
	6592 6464
4
	8704 6432
	12384 6432
	12384 6464
	8704 6464
4
	13024 6432
	16384 6432
	16384 6464
	13024 6464
4
	0 6464
	1472 6464
	1472 6496
	0 6496
4
	3776 6464
	6432 6464
	6432 6496
	3776 6496
4
	8608 6464
	12288 6464
	12288 6496
	8608 6496
4
	12960 6464
	13440 6464
	13440 6496
	12960 6496
4
	13600 6464
	16384 6464
	16384 6496
	13600 6496
4
	0 6496
	1472 6496
	1472 6528
	0 6528
4
	3776 6496
	6432 6496
	6432 6528
	3776 6528
4
	8608 6496
	12288 6496
	12288 6528
	8608 6528
4
	12960 6496
	13440 6496
	13440 6528
	12960 6528
4
	13600 6496
	16384 6496
	16384 6528
	13600 6528
4
	0 6528
	1536 6528
	1536 6560
	0 6560
4
	3456 6528
	6368 6528
	6368 6560
	3456 6560
4
	8448 6528
	12224 6528
	12224 6560
	8448 6560
4
	12864 6528
	13344 6528
	13344 6560
	12864 6560
4
	13664 6528
	16384 6528
	16384 6560
	13664 6560
4
	0 6560
	1536 6560
	1536 6592
	0 6592
4
	3456 6560
	6368 6560
	6368 6592
	3456 6592
4
	8448 6560
	12224 6560
	12224 6592
	8448 6592
4
	12864 6560
	13344 6560
	13344 6592
	12864 6592
4
	13664 6560
	16384 6560
	16384 6592
	13664 6592
4
	0 6592
	1536 6592
	1536 6624
	0 6624
4
	3456 6592
	6368 6592
	6368 6624
	3456 6624
4
	8448 6592
	12224 6592
	12224 6624
	8448 6624
4
	12864 6592
	13344 6592
	13344 6624
	12864 6624
4
	13664 6592
	16384 6592
	16384 6624
	13664 6624
4
	0 6624
	1792 6624
	1792 6656
	0 6656
4
	3296 6624
	6368 6624
	6368 6656
	3296 6656
4
	8384 6624
	12128 6624
	12128 6656
	8384 6656
4
	12800 6624
	13280 6624
	13280 6656
	12800 6656
4
	13664 6624
	16384 6624
	16384 6656
	13664 6656
4
	0 6656
	1792 6656
	1792 6688
	0 6688
4
	3296 6656
	6368 6656
	6368 6688
	3296 6688
4
	8384 6656
	12128 6656
	12128 6688
	8384 6688
4
	12800 6656
	13280 6656
	13280 6688
	12800 6688
4
	13664 6656
	16384 6656
	16384 6688
	13664 6688
4
	0 6688
	6272 6688
	6272 6720
	0 6720
4
	8192 6688
	12064 6688
	12064 6720
	8192 6720
4
	12704 6688
	13184 6688
	13184 6720
	12704 6720
4
	13664 6688
	16384 6688
	16384 6720
	13664 6720
4
	0 6720
	6272 6720
	6272 6752
	0 6752
4
	8192 6720
	12064 6720
	12064 6752
	8192 6752
4
	12704 6720
	13184 6720
	13184 6752
	12704 6752
4
	13664 6720
	16384 6720
	16384 6752
	13664 6752
4
	0 6752
	6208 6752
	6208 6784
	0 6784
4
	8032 6752
	11968 6752
	11968 6784
	8032 6784
4
	12640 6752
	13120 6752
	13120 6784
	12640 6784
4
	13664 6752
	16384 6752
	16384 6784
	13664 6784
4
	0 6784
	6208 6784
	6208 6816
	0 6816
4
	8032 6784
	11968 6784
	11968 6816
	8032 6816
4
	12640 6784
	13120 6784
	13120 6816
	12640 6816
4
	13664 6784
	16384 6784
	16384 6816
	13664 6816
4
	0 6816
	6208 6816
	6208 6848
	0 6848
4
	7872 6816
	11904 6816
	11904 6848
	7872 6848
4
	12544 6816
	13024 6816
	13024 6848
	12544 6848
4
	13664 6816
	16384 6816
	16384 6848
	13664 6848
4
	0 6848
	6208 6848
	6208 6880
	0 6880
4
	7872 6848
	11904 6848
	11904 6880
	7872 6880
4
	12544 6848
	13024 6848
	13024 6880
	12544 6880
4
	13664 6848
	16384 6848
	16384 6880
	13664 6880
4
	0 6880
	5952 6880
	5952 6912
	0 6912
4
	7648 6880
	11808 6880
	11808 6912
	7648 6912
4
	12480 6880
	12960 6880
	12960 6912
	12480 6912
4
	13664 6880
	16384 6880
	16384 6912
	13664 6912
4
	0 6912
	5952 6912
	5952 6944
	0 6944
4
	7648 6912
	11808 6912
	11808 6944
	7648 6944
4
	12480 6912
	12960 6912
	12960 6944
	12480 6944
4
	13664 6912
	16384 6912
	16384 6944
	13664 6944
4
	0 6944
	5888 6944
	5888 6976
	0 6976
4
	7552 6944
	11744 6944
	11744 6976
	7552 6976
4
	12384 6944
	12864 6944
	12864 6976
	12384 6976
4
	13664 6944
	16384 6944
	16384 6976
	13664 6976
4
	0 6976
	5888 6976
	5888 7008
	0 7008
4
	7552 6976
	11744 6976
	11744 7008
	7552 7008
4
	12384 6976
	12864 6976
	12864 7008
	12384 7008
4
	13664 6976
	16384 6976
	16384 7008
	13664 7008
4
	0 7008
	5792 7008
	5792 7040
	0 7040
4
	7488 7008
	11648 7008
	11648 7040
	7488 7040
4
	12288 7008
	12800 7008
	12800 7040
	12288 7040
4
	13664 7008
	16384 7008
	16384 7040
	13664 7040
4
	0 7040
	5792 7040
	5792 7072
	0 7072
4
	7488 7040
	11648 7040
	11648 7072
	7488 7072
4
	12288 7040
	12800 7040
	12800 7072
	12288 7072
4
	13664 7040
	16384 7040
	16384 7072
	13664 7072
4
	0 7072
	5728 7072
	5728 7104
	0 7104
4
	7328 7072
	11584 7072
	11584 7104
	7328 7104
4
	12224 7072
	12704 7072
	12704 7104
	12224 7104
4
	13664 7072
	16384 7072
	16384 7104
	13664 7104
4
	0 7104
	5728 7104
	5728 7136
	0 7136
4
	7328 7104
	11584 7104
	11584 7136
	7328 7136
4
	12224 7104
	12704 7104
	12704 7136
	12224 7136
4
	13664 7104
	16384 7104
	16384 7136
	13664 7136
4
	0 7136
	5632 7136
	5632 7168
	0 7168
4
	7232 7136
	11488 7136
	11488 7168
	7232 7168
4
	12128 7136
	12640 7136
	12640 7168
	12128 7168
4
	13664 7136
	16384 7136
	16384 7168
	13664 7168
4
	0 7168
	5632 7168
	5632 7200
	0 7200
4
	7232 7168
	11488 7168
	11488 7200
	7232 7200
4
	12128 7168
	12640 7168
	12640 7200
	12128 7200
4
	13664 7168
	16384 7168
	16384 7200
	13664 7200
4
	0 7200
	5568 7200
	5568 7232
	0 7232
4
	7168 7200
	11328 7200
	11328 7232
	7168 7232
4
	12064 7200
	12544 7200
	12544 7232
	12064 7232
4
	13664 7200
	16384 7200
	16384 7232
	13664 7232
4
	0 7232
	5568 7232
	5568 7264
	0 7264
4
	7168 7232
	11328 7232
	11328 7264
	7168 7264
4
	12064 7232
	12544 7232
	12544 7264
	12064 7264
4
	13664 7232
	16384 7232
	16384 7264
	13664 7264
4
	0 7264
	5472 7264
	5472 7296
	0 7296
4
	7072 7264
	11264 7264
	11264 7296
	7072 7296
4
	11968 7264
	12480 7264
	12480 7296
	11968 7296
4
	13600 7264
	16384 7264
	16384 7296
	13600 7296
4
	0 7296
	5472 7296
	5472 7328
	0 7328
4
	7072 7296
	11264 7296
	11264 7328
	7072 7328
4
	11968 7296
	12480 7296
	12480 7328
	11968 7328
4
	13600 7296
	16384 7296
	16384 7328
	13600 7328
4
	0 7328
	5408 7328
	5408 7360
	0 7360
4
	7008 7328
	11168 7328
	11168 7360
	7008 7360
4
	11904 7328
	12384 7328
	12384 7360
	11904 7360
4
	13504 7328
	16384 7328
	16384 7360
	13504 7360
4
	0 7360
	5408 7360
	5408 7392
	0 7392
4
	7008 7360
	11168 7360
	11168 7392
	7008 7392
4
	11904 7360
	12384 7360
	12384 7392
	11904 7392
4
	13504 7360
	16384 7360
	16384 7392
	13504 7392
4
	0 7392
	5312 7392
	5312 7424
	0 7424
4
	6912 7392
	11104 7392
	11104 7424
	6912 7424
4
	11808 7392
	12288 7392
	12288 7424
	11808 7424
4
	13440 7392
	16384 7392
	16384 7424
	13440 7424
4
	0 7424
	5312 7424
	5312 7456
	0 7456
4
	6912 7424
	11104 7424
	11104 7456
	6912 7456
4
	11808 7424
	12288 7424
	12288 7456
	11808 7456
4
	13440 7424
	16384 7424
	16384 7456
	13440 7456
4
	0 7456
	5248 7456
	5248 7488
	0 7488
4
	6848 7456
	11008 7456
	11008 7488
	6848 7488
4
	11744 7456
	12224 7456
	12224 7488
	11744 7488
4
	13344 7456
	16384 7456
	16384 7488
	13344 7488
4
	0 7488
	5248 7488
	5248 7520
	0 7520
4
	6848 7488
	11008 7488
	11008 7520
	6848 7520
4
	11744 7488
	12224 7488
	12224 7520
	11744 7520
4
	13344 7488
	16384 7488
	16384 7520
	13344 7520
4
	0 7520
	5248 7520
	5248 7552
	0 7552
4
	6752 7520
	10944 7520
	10944 7552
	6752 7552
4
	11648 7520
	12128 7520
	12128 7552
	11648 7552
4
	13280 7520
	16384 7520
	16384 7552
	13280 7552
4
	0 7552
	5248 7552
	5248 7584
	0 7584
4
	6752 7552
	10944 7552
	10944 7584
	6752 7584
4
	11648 7552
	12128 7552
	12128 7584
	11648 7584
4
	13280 7552
	16384 7552
	16384 7584
	13280 7584
4
	0 7584
	5152 7584
	5152 7616
	0 7616
4
	6688 7584
	10848 7584
	10848 7616
	6688 7616
4
	11584 7584
	12064 7584
	12064 7616
	11584 7616
4
	13184 7584
	16384 7584
	16384 7616
	13184 7616
4
	0 7616
	5152 7616
	5152 7648
	0 7648
4
	6688 7616
	10848 7616
	10848 7648
	6688 7648
4
	11584 7616
	12064 7616
	12064 7648
	11584 7648
4
	13184 7616
	16384 7616
	16384 7648
	13184 7648
4
	0 7648
	4928 7648
	4928 7680
	0 7680
4
	6592 7648
	10784 7648
	10784 7680
	6592 7680
4
	11488 7648
	11968 7648
	11968 7680
	11488 7680
4
	13120 7648
	16384 7648
	16384 7680
	13120 7680
4
	0 7680
	4928 7680
	4928 7712
	0 7712
4
	6592 7680
	10784 7680
	10784 7712
	6592 7712
4
	11488 7680
	11968 7680
	11968 7712
	11488 7712
4
	13120 7680
	16384 7680
	16384 7712
	13120 7712
4
	0 7712
	4832 7712
	4832 7744
	0 7744
4
	6528 7712
	10688 7712
	10688 7744
	6528 7744
4
	11328 7712
	11904 7712
	11904 7744
	11328 7744
4
	13024 7712
	16384 7712
	16384 7744
	13024 7744
4
	0 7744
	4832 7744
	4832 7776
	0 7776
4
	6528 7744
	10688 7744
	10688 7776
	6528 7776
4
	11328 7744
	11904 7744
	11904 7776
	11328 7776
4
	13024 7744
	16384 7744
	16384 7776
	13024 7776
4
	0 7776
	4768 7776
	4768 7808
	0 7808
4
	6368 7776
	10624 7776
	10624 7808
	6368 7808
4
	11264 7776
	11808 7776
	11808 7808
	11264 7808
4
	12960 7776
	16384 7776
	16384 7808
	12960 7808
4
	0 7808
	4768 7808
	4768 7840
	0 7840
4
	6368 7808
	10624 7808
	10624 7840
	6368 7840
4
	11264 7808
	11808 7808
	11808 7840
	11264 7840
4
	12960 7808
	16384 7808
	16384 7840
	12960 7840
4
	0 7840
	4672 7840
	4672 7872
	0 7872
4
	6272 7840
	10528 7840
	10528 7872
	6272 7872
4
	11168 7840
	11744 7840
	11744 7872
	11168 7872
4
	12800 7840
	16384 7840
	16384 7872
	12800 7872
4
	0 7872
	4672 7872
	4672 7904
	0 7904
4
	6272 7872
	10528 7872
	10528 7904
	6272 7904
4
	11168 7872
	11744 7872
	11744 7904
	11168 7904
4
	12800 7872
	16384 7872
	16384 7904
	12800 7904
4
	0 7904
	4768 7904
	4768 7936
	0 7936
4
	6112 7904
	10464 7904
	10464 7936
	6112 7936
4
	11104 7904
	11584 7904
	11584 7936
	11104 7936
4
	12704 7904
	16384 7904
	16384 7936
	12704 7936
4
	0 7936
	4768 7936
	4768 7968
	0 7968
4
	6112 7936
	10464 7936
	10464 7968
	6112 7968
4
	11104 7936
	11584 7936
	11584 7968
	11104 7968
4
	12704 7936
	16384 7936
	16384 7968
	12704 7968
4
	0 7968
	4832 7968
	4832 8000
	0 8000
4
	6048 7968
	10368 7968
	10368 8000
	6048 8000
4
	11008 7968
	11488 7968
	11488 8000
	11008 8000
4
	12640 7968
	16384 7968
	16384 8000
	12640 8000
4
	0 8000
	4832 8000
	4832 8032
	0 8032
4
	6048 8000
	10368 8000
	10368 8032
	6048 8032
4
	11008 8000
	11488 8000
	11488 8032
	11008 8032
4
	12640 8000
	16384 8000
	16384 8032
	12640 8032
4
	0 8032
	4928 8032
	4928 8064
	0 8064
4
	6048 8032
	10368 8032
	10368 8064
	6048 8064
4
	10944 8032
	11424 8032
	11424 8064
	10944 8064
4
	12544 8032
	16384 8032
	16384 8064
	12544 8064
4
	0 8064
	4928 8064
	4928 8096
	0 8096
4
	6048 8064
	10368 8064
	10368 8096
	6048 8096
4
	10944 8064
	11424 8064
	11424 8096
	10944 8096
4
	12544 8064
	16384 8064
	16384 8096
	12544 8096
4
	0 8096
	4992 8096
	4992 8128
	0 8128
4
	6048 8096
	10144 8096
	10144 8128
	6048 8128
4
	10304 8096
	10368 8096
	10368 8128
	10304 8128
4
	10848 8096
	11328 8096
	11328 8128
	10848 8128
4
	12480 8096
	16384 8096
	16384 8128
	12480 8128
4
	0 8128
	4992 8128
	4992 8160
	0 8160
4
	6048 8128
	10144 8128
	10144 8160
	6048 8160
4
	10304 8128
	10368 8128
	10368 8160
	10304 8160
4
	10848 8128
	11328 8128
	11328 8160
	10848 8160
4
	12480 8128
	16384 8128
	16384 8160
	12480 8160
4
	0 8160
	5088 8160
	5088 8192
	0 8192
4
	6112 8160
	10048 8160
	10048 8192
	6112 8192
4
	10784 8160
	11264 8160
	11264 8192
	10784 8192
4
	12384 8160
	16384 8160
	16384 8192
	12384 8192
4
	0 8192
	5088 8192
	5088 8224
	0 8224
4
	6112 8192
	10048 8192
	10048 8224
	6112 8224
4
	10784 8192
	11264 8192
	11264 8224
	10784 8224
4
	12384 8192
	16384 8192
	16384 8224
	12384 8224
4
	0 8224
	5088 8224
	5088 8256
	0 8256
4
	6112 8224
	10048 8224
	10048 8256
	6112 8256
4
	10784 8224
	11264 8224
	11264 8256
	10784 8256
4
	12384 8224
	16384 8224
	16384 8256
	12384 8256
4
	0 8256
	5152 8256
	5152 8288
	0 8288
4
	6272 8256
	9984 8256
	9984 8288
	6272 8288
4
	10688 8256
	11168 8256
	11168 8288
	10688 8288
4
	12288 8256
	16384 8256
	16384 8288
	12288 8288
4
	0 8288
	5152 8288
	5152 8320
	0 8320
4
	6272 8288
	9984 8288
	9984 8320
	6272 8320
4
	10688 8288
	11168 8288
	11168 8320
	10688 8320
4
	12288 8288
	16384 8288
	16384 8320
	12288 8320
4
	0 8320
	5248 8320
	5248 8352
	0 8352
4
	6368 8320
	9888 8320
	9888 8352
	6368 8352
4
	10624 8320
	11104 8320
	11104 8352
	10624 8352
4
	12224 8320
	16384 8320
	16384 8352
	12224 8352
4
	0 8352
	5248 8352
	5248 8384
	0 8384
4
	6368 8352
	9888 8352
	9888 8384
	6368 8384
4
	10624 8352
	11104 8352
	11104 8384
	10624 8384
4
	12224 8352
	16384 8352
	16384 8384
	12224 8384
4
	0 8384
	5312 8384
	5312 8416
	0 8416
4
	6432 8384
	9824 8384
	9824 8416
	6432 8416
4
	10528 8384
	11008 8384
	11008 8416
	10528 8416
4
	12128 8384
	16384 8384
	16384 8416
	12128 8416
4
	0 8416
	5312 8416
	5312 8448
	0 8448
4
	6432 8416
	9824 8416
	9824 8448
	6432 8448
4
	10528 8416
	11008 8416
	11008 8448
	10528 8448
4
	12128 8416
	16384 8416
	16384 8448
	12128 8448
4
	0 8448
	5408 8448
	5408 8480
	0 8480
4
	6528 8448
	9728 8448
	9728 8480
	6528 8480
4
	10464 8448
	10944 8448
	10944 8480
	10464 8480
4
	12064 8448
	16384 8448
	16384 8480
	12064 8480
4
	0 8480
	5408 8480
	5408 8512
	0 8512
4
	6528 8480
	9728 8480
	9728 8512
	6528 8512
4
	10464 8480
	10944 8480
	10944 8512
	10464 8512
4
	12064 8480
	16384 8480
	16384 8512
	12064 8512
4
	0 8512
	5472 8512
	5472 8544
	0 8544
4
	6592 8512
	9664 8512
	9664 8544
	6592 8544
4
	10368 8512
	10848 8512
	10848 8544
	10368 8544
4
	11968 8512
	16384 8512
	16384 8544
	11968 8544
4
	0 8544
	5472 8544
	5472 8576
	0 8576
4
	6592 8544
	9664 8544
	9664 8576
	6592 8576
4
	10368 8544
	10848 8544
	10848 8576
	10368 8576
4
	11968 8544
	16384 8544
	16384 8576
	11968 8576
4
	0 8576
	5568 8576
	5568 8608
	0 8608
4
	6688 8576
	9568 8576
	9568 8608
	6688 8608
4
	10304 8576
	10784 8576
	10784 8608
	10304 8608
4
	11904 8576
	16384 8576
	16384 8608
	11904 8608
4
	0 8608
	5568 8608
	5568 8640
	0 8640
4
	6688 8608
	9568 8608
	9568 8640
	6688 8640
4
	10304 8608
	10784 8608
	10784 8640
	10304 8640
4
	11904 8608
	16384 8608
	16384 8640
	11904 8640
4
	0 8640
	5632 8640
	5632 8672
	0 8672
4
	6752 8640
	9504 8640
	9504 8672
	6752 8672
4
	10208 8640
	10688 8640
	10688 8672
	10208 8672
4
	11808 8640
	16384 8640
	16384 8672
	11808 8672
4
	0 8672
	5632 8672
	5632 8704
	0 8704
4
	6752 8672
	9504 8672
	9504 8704
	6752 8704
4
	10208 8672
	10688 8672
	10688 8704
	10208 8704
4
	11808 8672
	16384 8672
	16384 8704
	11808 8704
4
	0 8704
	5728 8704
	5728 8736
	0 8736
4
	6848 8704
	9408 8704
	9408 8736
	6848 8736
4
	10144 8704
	10624 8704
	10624 8736
	10144 8736
4
	11744 8704
	16384 8704
	16384 8736
	11744 8736
4
	0 8736
	5728 8736
	5728 8768
	0 8768
4
	6848 8736
	9408 8736
	9408 8768
	6848 8768
4
	10144 8736
	10624 8736
	10624 8768
	10144 8768
4
	11744 8736
	16384 8736
	16384 8768
	11744 8768
4
	0 8768
	5792 8768
	5792 8800
	0 8800
4
	6912 8768
	9344 8768
	9344 8800
	6912 8800
4
	10048 8768
	10528 8768
	10528 8800
	10048 8800
4
	11648 8768
	16384 8768
	16384 8800
	11648 8800
4
	0 8800
	5792 8800
	5792 8832
	0 8832
4
	6912 8800
	9344 8800
	9344 8832
	6912 8832
4
	10048 8800
	10528 8800
	10528 8832
	10048 8832
4
	11648 8800
	16384 8800
	16384 8832
	11648 8832
4
	0 8832
	5888 8832
	5888 8864
	0 8864
4
	7008 8832
	9248 8832
	9248 8864
	7008 8864
4
	9984 8832
	10464 8832
	10464 8864
	9984 8864
4
	11584 8832
	16384 8832
	16384 8864
	11584 8864
4
	0 8864
	5888 8864
	5888 8896
	0 8896
4
	7008 8864
	9248 8864
	9248 8896
	7008 8896
4
	9984 8864
	10464 8864
	10464 8896
	9984 8896
4
	11584 8864
	16384 8864
	16384 8896
	11584 8896
4
	0 8896
	5952 8896
	5952 8928
	0 8928
4
	7008 8896
	9184 8896
	9184 8928
	7008 8928
4
	9888 8896
	10368 8896
	10368 8928
	9888 8928
4
	11488 8896
	16384 8896
	16384 8928
	11488 8928
4
	0 8928
	5952 8928
	5952 8960
	0 8960
4
	7008 8928
	9184 8928
	9184 8960
	7008 8960
4
	9888 8928
	10368 8928
	10368 8960
	9888 8960
4
	11488 8928
	16384 8928
	16384 8960
	11488 8960
4
	0 8960
	6048 8960
	6048 8992
	0 8992
4
	7072 8960
	9088 8960
	9088 8992
	7072 8992
4
	9824 8960
	10304 8960
	10304 8992
	9824 8992
4
	11424 8960
	12864 8960
	12864 8992
	11424 8992
4
	13120 8960
	16384 8960
	16384 8992
	13120 8992
4
	0 8992
	6048 8992
	6048 9024
	0 9024
4
	7072 8992
	9088 8992
	9088 9024
	7072 9024
4
	9824 8992
	10304 8992
	10304 9024
	9824 9024
4
	11424 8992
	12864 8992
	12864 9024
	11424 9024
4
	13120 8992
	16384 8992
	16384 9024
	13120 9024
4
	0 9024
	6112 9024
	6112 9056
	0 9056
4
	7168 9024
	9024 9024
	9024 9056
	7168 9056
4
	9664 9024
	10144 9024
	10144 9056
	9664 9056
4
	11328 9024
	12800 9024
	12800 9056
	11328 9056
4
	13184 9024
	16384 9024
	16384 9056
	13184 9056
4
	0 9056
	6112 9056
	6112 9088
	0 9088
4
	7168 9056
	9024 9056
	9024 9088
	7168 9088
4
	9664 9056
	10144 9056
	10144 9088
	9664 9088
4
	11328 9056
	12800 9056
	12800 9088
	11328 9088
4
	13184 9056
	16384 9056
	16384 9088
	13184 9088
4
	0 9088
	6208 9088
	6208 9120
	0 9120
4
	7328 9088
	9024 9088
	9024 9120
	7328 9120
4
	9568 9088
	10048 9088
	10048 9120
	9568 9120
4
	10208 9088
	10304 9088
	10304 9120
	10208 9120
4
	11264 9088
	12800 9088
	12800 9120
	11264 9120
4
	13280 9088
	16384 9088
	16384 9120
	13280 9120
4
	0 9120
	6208 9120
	6208 9152
	0 9152
4
	7328 9120
	9024 9120
	9024 9152
	7328 9152
4
	9568 9120
	10048 9120
	10048 9152
	9568 9152
4
	10208 9120
	10304 9120
	10304 9152
	10208 9152
4
	11264 9120
	12800 9120
	12800 9152
	11264 9152
4
	13280 9120
	16384 9120
	16384 9152
	13280 9152
4
	0 9152
	6272 9152
	6272 9184
	0 9184
4
	7392 9152
	9024 9152
	9024 9184
	7392 9184
4
	9504 9152
	9984 9152
	9984 9184
	9504 9184
4
	10144 9152
	10304 9152
	10304 9184
	10144 9184
4
	11168 9152
	12704 9152
	12704 9184
	11168 9184
4
	13344 9152
	16384 9152
	16384 9184
	13344 9184
4
	0 9184
	6272 9184
	6272 9216
	0 9216
4
	7392 9184
	9024 9184
	9024 9216
	7392 9216
4
	9504 9184
	9984 9184
	9984 9216
	9504 9216
4
	10144 9184
	10304 9184
	10304 9216
	10144 9216
4
	11168 9184
	12704 9184
	12704 9216
	11168 9216
4
	13344 9184
	16384 9184
	16384 9216
	13344 9216
4
	0 9216
	6368 9216
	6368 9248
	0 9248
4
	7488 9216
	8864 9216
	8864 9248
	7488 9248
4
	9408 9216
	9888 9216
	9888 9248
	9408 9248
4
	10208 9216
	10304 9216
	10304 9248
	10208 9248
4
	11104 9216
	12640 9216
	12640 9248
	11104 9248
4
	13440 9216
	16384 9216
	16384 9248
	13440 9248
4
	0 9248
	6368 9248
	6368 9280
	0 9280
4
	7488 9248
	8864 9248
	8864 9280
	7488 9280
4
	9408 9248
	9888 9248
	9888 9280
	9408 9280
4
	10208 9248
	10304 9248
	10304 9280
	10208 9280
4
	11104 9248
	12640 9248
	12640 9280
	11104 9280
4
	13440 9248
	16384 9248
	16384 9280
	13440 9280
4
	0 9280
	6432 9280
	6432 9312
	0 9312
4
	7552 9280
	8704 9280
	8704 9312
	7552 9312
4
	9344 9280
	9824 9280
	9824 9312
	9344 9312
4
	11008 9280
	12480 9280
	12480 9312
	11008 9312
4
	13504 9280
	16384 9280
	16384 9312
	13504 9312
4
	0 9312
	6432 9312
	6432 9344
	0 9344
4
	7552 9312
	8704 9312
	8704 9344
	7552 9344
4
	9344 9312
	9824 9312
	9824 9344
	9344 9344
4
	11008 9312
	12480 9312
	12480 9344
	11008 9344
4
	13504 9312
	16384 9312
	16384 9344
	13504 9344
4
	0 9344
	6528 9344
	6528 9376
	0 9376
4
	7712 9344
	8704 9344
	8704 9376
	7712 9376
4
	9248 9344
	9728 9344
	9728 9376
	9248 9376
4
	10944 9344
	12384 9344
	12384 9376
	10944 9376
4
	13600 9344
	16384 9344
	16384 9376
	13600 9376
4
	0 9376
	6528 9376
	6528 9408
	0 9408
4
	7712 9376
	8704 9376
	8704 9408
	7712 9408
4
	9248 9376
	9728 9376
	9728 9408
	9248 9408
4
	10944 9376
	12384 9376
	12384 9408
	10944 9408
4
	13600 9376
	16384 9376
	16384 9408
	13600 9408
4
	0 9408
	6688 9408
	6688 9440
	0 9440
4
	7648 9408
	8448 9408
	8448 9440
	7648 9440
4
	9184 9408
	9664 9408
	9664 9440
	9184 9440
4
	10848 9408
	12384 9408
	12384 9440
	10848 9440
4
	13664 9408
	16384 9408
	16384 9440
	13664 9440
4
	0 9440
	6688 9440
	6688 9472
	0 9472
4
	7648 9440
	8448 9440
	8448 9472
	7648 9472
4
	9184 9440
	9664 9440
	9664 9472
	9184 9472
4
	10848 9440
	12384 9440
	12384 9472
	10848 9472
4
	13664 9440
	16384 9440
	16384 9472
	13664 9472
4
	0 9472
	6688 9472
	6688 9504
	0 9504
4
	7552 9472
	8384 9472
	8384 9504
	7552 9504
4
	9088 9472
	9568 9472
	9568 9504
	9088 9504
4
	10784 9472
	12480 9472
	12480 9504
	10784 9504
4
	13760 9472
	16384 9472
	16384 9504
	13760 9504
4
	0 9504
	6688 9504
	6688 9536
	0 9536
4
	7552 9504
	8384 9504
	8384 9536
	7552 9536
4
	9088 9504
	9568 9504
	9568 9536
	9088 9536
4
	10784 9504
	12480 9504
	12480 9536
	10784 9536
4
	13760 9504
	16384 9504
	16384 9536
	13760 9536
4
	0 9536
	6752 9536
	6752 9568
	0 9568
4
	7552 9536
	8288 9536
	8288 9568
	7552 9568
4
	9024 9536
	9504 9536
	9504 9568
	9024 9568
4
	10624 9536
	12544 9536
	12544 9568
	10624 9568
4
	13824 9536
	16384 9536
	16384 9568
	13824 9568
4
	0 9568
	6752 9568
	6752 9600
	0 9600
4
	7552 9568
	8288 9568
	8288 9600
	7552 9600
4
	9024 9568
	9504 9568
	9504 9600
	9024 9600
4
	10624 9568
	12544 9568
	12544 9600
	10624 9600
4
	13824 9568
	16384 9568
	16384 9600
	13824 9600
4
	0 9600
	6848 9600
	6848 9632
	0 9632
4
	7648 9600
	8192 9600
	8192 9632
	7648 9632
4
	8928 9600
	9344 9600
	9344 9632
	8928 9632
4
	10528 9600
	12640 9600
	12640 9632
	10528 9632
4
	13920 9600
	16384 9600
	16384 9632
	13920 9632
4
	0 9632
	6848 9632
	6848 9664
	0 9664
4
	7648 9632
	8192 9632
	8192 9664
	7648 9664
4
	8928 9632
	9344 9632
	9344 9664
	8928 9664
4
	10528 9632
	12640 9632
	12640 9664
	10528 9664
4
	13920 9632
	16384 9632
	16384 9664
	13920 9664
4
	0 9664
	6912 9664
	6912 9696
	0 9696
4
	7712 9664
	7872 9664
	7872 9696
	7712 9696
4
	8864 9664
	9248 9664
	9248 9696
	8864 9696
4
	10464 9664
	12704 9664
	12704 9696
	10464 9696
4
	13984 9664
	16384 9664
	16384 9696
	13984 9696
4
	0 9696
	6912 9696
	6912 9728
	0 9728
4
	7712 9696
	7872 9696
	7872 9728
	7712 9728
4
	8864 9696
	9248 9696
	9248 9728
	8864 9728
4
	10464 9696
	12704 9696
	12704 9728
	10464 9728
4
	13984 9696
	16384 9696
	16384 9728
	13984 9728
4
	0 9728
	7072 9728
	7072 9760
	0 9760
4
	7328 9728
	7488 9728
	7488 9760
	7328 9760
4
	8768 9728
	9184 9728
	9184 9760
	8768 9760
4
	10368 9728
	12800 9728
	12800 9760
	10368 9760
4
	14080 9728
	16384 9728
	16384 9760
	14080 9760
4
	0 9760
	7072 9760
	7072 9792
	0 9792
4
	7328 9760
	7488 9760
	7488 9792
	7328 9792
4
	8768 9760
	9184 9760
	9184 9792
	8768 9792
4
	10368 9760
	12800 9760
	12800 9792
	10368 9792
4
	14080 9760
	16384 9760
	16384 9792
	14080 9792
4
	0 9792
	7552 9792
	7552 9824
	0 9824
4
	8704 9792
	9184 9792
	9184 9824
	8704 9824
4
	10304 9792
	12864 9792
	12864 9824
	10304 9824
4
	14144 9792
	16384 9792
	16384 9824
	14144 9824
4
	0 9824
	7552 9824
	7552 9856
	0 9856
4
	8704 9824
	9184 9824
	9184 9856
	8704 9856
4
	10304 9824
	12864 9824
	12864 9856
	10304 9856
4
	14144 9824
	16384 9824
	16384 9856
	14144 9856
4
	0 9856
	7552 9856
	7552 9888
	0 9888
4
	8704 9856
	9184 9856
	9184 9888
	8704 9888
4
	10304 9856
	12864 9856
	12864 9888
	10304 9888
4
	14144 9856
	16384 9856
	16384 9888
	14144 9888
4
	0 9888
	7552 9888
	7552 9920
	0 9920
4
	8448 9888
	9024 9888
	9024 9920
	8448 9920
4
	10208 9888
	12960 9888
	12960 9920
	10208 9920
4
	14240 9888
	16384 9888
	16384 9920
	14240 9920
4
	0 9920
	7552 9920
	7552 9952
	0 9952
4
	8448 9920
	9024 9920
	9024 9952
	8448 9952
4
	10208 9920
	12960 9920
	12960 9952
	10208 9952
4
	14240 9920
	16384 9920
	16384 9952
	14240 9952
4
	0 9952
	7488 9952
	7488 9984
	0 9984
4
	8448 9952
	8928 9952
	8928 9984
	8448 9984
4
	10144 9952
	13024 9952
	13024 9984
	10144 9984
4
	14304 9952
	16384 9952
	16384 9984
	14304 9984
4
	0 9984
	7488 9984
	7488 10016
	0 10016
4
	8448 9984
	8928 9984
	8928 10016
	8448 10016
4
	10144 9984
	13024 9984
	13024 10016
	10144 10016
4
	14304 9984
	16384 9984
	16384 10016
	14304 10016
4
	0 10016
	7392 10016
	7392 10048
	0 10048
4
	8608 10016
	8864 10016
	8864 10048
	8608 10048
4
	10048 10016
	13120 10016
	13120 10048
	10048 10048
4
	14400 10016
	16384 10016
	16384 10048
	14400 10048
4
	0 10048
	7392 10048
	7392 10080
	0 10080
4
	8608 10048
	8864 10048
	8864 10080
	8608 10080
4
	10048 10048
	13120 10048
	13120 10080
	10048 10080
4
	14400 10048
	16384 10048
	16384 10080
	14400 10080
4
	0 10080
	7392 10080
	7392 10112
	0 10112
4
	8704 10080
	8864 10080
	8864 10112
	8704 10112
4
	9984 10080
	13184 10080
	13184 10112
	9984 10112
4
	14464 10080
	16384 10080
	16384 10112
	14464 10112
4
	0 10112
	7392 10112
	7392 10144
	0 10144
4
	8704 10112
	8864 10112
	8864 10144
	8704 10144
4
	9984 10112
	13184 10112
	13184 10144
	9984 10144
4
	14464 10112
	16384 10112
	16384 10144
	14464 10144
4
	0 10144
	7392 10144
	7392 10176
	0 10176
4
	8032 10144
	8128 10144
	8128 10176
	8032 10176
4
	9888 10144
	13280 10144
	13280 10176
	9888 10176
4
	14560 10144
	16384 10144
	16384 10176
	14560 10176
4
	0 10176
	7392 10176
	7392 10208
	0 10208
4
	8032 10176
	8128 10176
	8128 10208
	8032 10208
4
	9888 10176
	13280 10176
	13280 10208
	9888 10208
4
	14560 10176
	16384 10176
	16384 10208
	14560 10208
4
	0 10208
	7392 10208
	7392 10240
	0 10240
4
	8032 10208
	8192 10208
	8192 10240
	8032 10240
4
	8384 10208
	8448 10208
	8448 10240
	8384 10240
4
	9728 10208
	13344 10208
	13344 10240
	9728 10240
4
	14720 10208
	16384 10208
	16384 10240
	14720 10240
4
	0 10240
	7392 10240
	7392 10272
	0 10272
4
	8032 10240
	8192 10240
	8192 10272
	8032 10272
4
	8384 10240
	8448 10240
	8448 10272
	8384 10272
4
	9728 10240
	13344 10240
	13344 10272
	9728 10272
4
	14720 10240
	16384 10240
	16384 10272
	14720 10272
4
	0 10272
	7328 10272
	7328 10304
	0 10304
4
	8032 10272
	8288 10272
	8288 10304
	8032 10304
4
	8384 10272
	8544 10272
	8544 10304
	8384 10304
4
	9664 10272
	13440 10272
	13440 10304
	9664 10304
4
	14784 10272
	16384 10272
	16384 10304
	14784 10304
4
	0 10304
	7328 10304
	7328 10336
	0 10336
4
	8032 10304
	8288 10304
	8288 10336
	8032 10336
4
	8384 10304
	8544 10304
	8544 10336
	8384 10336
4
	9664 10304
	13440 10304
	13440 10336
	9664 10336
4
	14784 10304
	16384 10304
	16384 10336
	14784 10336
4
	0 10336
	7232 10336
	7232 10368
	0 10368
4
	7968 10336
	8288 10336
	8288 10368
	7968 10368
4
	8448 10336
	8544 10336
	8544 10368
	8448 10368
4
	9568 10336
	13344 10336
	13344 10368
	9568 10368
4
	14880 10336
	16384 10336
	16384 10368
	14880 10368
4
	0 10368
	7232 10368
	7232 10400
	0 10400
4
	7968 10368
	8288 10368
	8288 10400
	7968 10400
4
	8448 10368
	8544 10368
	8544 10400
	8448 10400
4
	9568 10368
	13344 10368
	13344 10400
	9568 10400
4
	14880 10368
	16384 10368
	16384 10400
	14880 10400
4
	0 10400
	7168 10400
	7168 10432
	0 10432
4
	7872 10400
	8384 10400
	8384 10432
	7872 10432
4
	9408 10400
	12960 10400
	12960 10432
	9408 10432
4
	13184 10400
	13344 10400
	13344 10432
	13184 10432
4
	13600 10400
	13664 10400
	13664 10432
	13600 10432
4
	14880 10400
	16384 10400
	16384 10432
	14880 10432
4
	0 10432
	7168 10432
	7168 10464
	0 10464
4
	7872 10432
	8384 10432
	8384 10464
	7872 10464
4
	9408 10432
	12960 10432
	12960 10464
	9408 10464
4
	13184 10432
	13344 10432
	13344 10464
	13184 10464
4
	13600 10432
	13664 10432
	13664 10464
	13600 10464
4
	14880 10432
	16384 10432
	16384 10464
	14880 10464
4
	0 10464
	7072 10464
	7072 10496
	0 10496
4
	7808 10464
	8384 10464
	8384 10496
	7808 10496
4
	9248 10464
	12864 10464
	12864 10496
	9248 10496
4
	13504 10464
	13824 10464
	13824 10496
	13504 10496
4
	14784 10464
	16384 10464
	16384 10496
	14784 10496
4
	0 10496
	7072 10496
	7072 10528
	0 10528
4
	7808 10496
	8384 10496
	8384 10528
	7808 10528
4
	9248 10496
	12864 10496
	12864 10528
	9248 10528
4
	13504 10496
	13824 10496
	13824 10528
	13504 10528
4
	14784 10496
	16384 10496
	16384 10528
	14784 10528
4
	0 10528
	7008 10528
	7008 10560
	0 10560
4
	7712 10528
	8192 10528
	8192 10560
	7712 10560
4
	9184 10528
	12800 10528
	12800 10560
	9184 10560
4
	13600 10528
	13920 10528
	13920 10560
	13600 10560
4
	14624 10528
	16384 10528
	16384 10560
	14624 10560
4
	0 10560
	7008 10560
	7008 10592
	0 10592
4
	7712 10560
	8192 10560
	8192 10592
	7712 10592
4
	9184 10560
	12800 10560
	12800 10592
	9184 10592
4
	13600 10560
	13920 10560
	13920 10592
	13600 10592
4
	14624 10560
	16384 10560
	16384 10592
	14624 10592
4
	0 10592
	7008 10592
	7008 10624
	0 10624
4
	7648 10592
	8128 10592
	8128 10624
	7648 10624
4
	9088 10592
	12704 10592
	12704 10624
	9088 10624
4
	13664 10592
	13984 10592
	13984 10624
	13664 10624
4
	14560 10592
	16384 10592
	16384 10624
	14560 10624
4
	0 10624
	7008 10624
	7008 10656
	0 10656
4
	7648 10624
	8128 10624
	8128 10656
	7648 10656
4
	9088 10624
	12704 10624
	12704 10656
	9088 10656
4
	13664 10624
	13984 10624
	13984 10656
	13664 10656
4
	14560 10624
	16384 10624
	16384 10656
	14560 10656
4
	0 10656
	7008 10656
	7008 10688
	0 10688
4
	7552 10656
	8032 10656
	8032 10688
	7552 10688
4
	9024 10656
	12640 10656
	12640 10688
	9024 10688
4
	13600 10656
	14144 10656
	14144 10688
	13600 10688
4
	14464 10656
	16384 10656
	16384 10688
	14464 10688
4
	0 10688
	7008 10688
	7008 10720
	0 10720
4
	7552 10688
	8032 10688
	8032 10720
	7552 10720
4
	9024 10688
	12640 10688
	12640 10720
	9024 10720
4
	13600 10688
	14144 10688
	14144 10720
	13600 10720
4
	14464 10688
	16384 10688
	16384 10720
	14464 10720
4
	0 10720
	6912 10720
	6912 10752
	0 10752
4
	7488 10720
	7968 10720
	7968 10752
	7488 10752
4
	9088 10720
	12544 10720
	12544 10752
	9088 10752
4
	13504 10720
	14240 10720
	14240 10752
	13504 10752
4
	14400 10720
	16384 10720
	16384 10752
	14400 10752
4
	0 10752
	6912 10752
	6912 10784
	0 10784
4
	7488 10752
	7968 10752
	7968 10784
	7488 10784
4
	9088 10752
	12544 10752
	12544 10784
	9088 10784
4
	13504 10752
	14240 10752
	14240 10784
	13504 10784
4
	14400 10752
	16384 10752
	16384 10784
	14400 10784
4
	0 10784
	6688 10784
	6688 10816
	0 10816
4
	7392 10784
	7872 10784
	7872 10816
	7392 10816
4
	8864 10784
	8928 10784
	8928 10816
	8864 10816
4
	9184 10784
	9248 10784
	9248 10816
	9184 10816
4
	9408 10784
	12480 10784
	12480 10816
	9408 10816
4
	13280 10784
	16384 10784
	16384 10816
	13280 10816
4
	0 10816
	6688 10816
	6688 10848
	0 10848
4
	7392 10816
	7872 10816
	7872 10848
	7392 10848
4
	8864 10816
	8928 10816
	8928 10848
	8864 10848
4
	9184 10816
	9248 10816
	9248 10848
	9184 10848
4
	9408 10816
	12480 10816
	12480 10848
	9408 10848
4
	13280 10816
	16384 10816
	16384 10848
	13280 10848
4
	0 10848
	6592 10848
	6592 10880
	0 10880
4
	7328 10848
	7808 10848
	7808 10880
	7328 10880
4
	8768 10848
	9024 10848
	9024 10880
	8768 10880
4
	9504 10848
	12384 10848
	12384 10880
	9504 10880
4
	13184 10848
	16384 10848
	16384 10880
	13184 10880
4
	0 10880
	6592 10880
	6592 10912
	0 10912
4
	7328 10880
	7808 10880
	7808 10912
	7328 10912
4
	8768 10880
	9024 10880
	9024 10912
	8768 10912
4
	9504 10880
	12384 10880
	12384 10912
	9504 10912
4
	13184 10880
	16384 10880
	16384 10912
	13184 10912
4
	0 10912
	6528 10912
	6528 10944
	0 10944
4
	7232 10912
	7712 10912
	7712 10944
	7232 10944
4
	8704 10912
	9024 10912
	9024 10944
	8704 10944
4
	9568 10912
	12288 10912
	12288 10944
	9568 10944
4
	13184 10912
	16384 10912
	16384 10944
	13184 10944
4
	0 10944
	6528 10944
	6528 10976
	0 10976
4
	7232 10944
	7712 10944
	7712 10976
	7232 10976
4
	8704 10944
	9024 10944
	9024 10976
	8704 10976
4
	9568 10944
	12288 10944
	12288 10976
	9568 10976
4
	13184 10944
	16384 10944
	16384 10976
	13184 10976
4
	0 10976
	6432 10976
	6432 11008
	0 11008
4
	7168 10976
	7648 10976
	7648 11008
	7168 11008
4
	8608 10976
	8928 10976
	8928 11008
	8608 11008
4
	9568 10976
	12224 10976
	12224 11008
	9568 11008
4
	13184 10976
	16384 10976
	16384 11008
	13184 11008
4
	0 11008
	6432 11008
	6432 11040
	0 11040
4
	7168 11008
	7648 11008
	7648 11040
	7168 11040
4
	8608 11008
	8928 11008
	8928 11040
	8608 11040
4
	9568 11008
	12224 11008
	12224 11040
	9568 11040
4
	13184 11008
	16384 11008
	16384 11040
	13184 11040
4
	0 11040
	6368 11040
	6368 11072
	0 11072
4
	7072 11040
	7552 11040
	7552 11072
	7072 11072
4
	8544 11040
	8928 11040
	8928 11072
	8544 11072
4
	9568 11040
	9664 11040
	9664 11072
	9568 11072
4
	9824 11040
	12064 11040
	12064 11072
	9824 11072
4
	13184 11040
	16384 11040
	16384 11072
	13184 11072
4
	0 11072
	6368 11072
	6368 11104
	0 11104
4
	7072 11072
	7552 11072
	7552 11104
	7072 11104
4
	8544 11072
	8928 11072
	8928 11104
	8544 11104
4
	9568 11072
	9664 11072
	9664 11104
	9568 11104
4
	9824 11072
	12064 11072
	12064 11104
	9824 11104
4
	13184 11072
	16384 11072
	16384 11104
	13184 11104
4
	0 11104
	6272 11104
	6272 11136
	0 11136
4
	7008 11104
	7392 11104
	7392 11136
	7008 11136
4
	8448 11104
	8928 11104
	8928 11136
	8448 11136
4
	9888 11104
	11968 11104
	11968 11136
	9888 11136
4
	13280 11104
	16384 11104
	16384 11136
	13280 11136
4
	0 11136
	6272 11136
	6272 11168
	0 11168
4
	7008 11136
	7392 11136
	7392 11168
	7008 11168
4
	8448 11136
	8928 11136
	8928 11168
	8448 11168
4
	9888 11136
	11968 11136
	11968 11168
	9888 11168
4
	13280 11136
	16384 11136
	16384 11168
	13280 11168
4
	0 11168
	6208 11168
	6208 11200
	0 11200
4
	6912 11168
	7328 11168
	7328 11200
	6912 11200
4
	8384 11168
	9024 11168
	9024 11200
	8384 11200
4
	9984 11168
	11904 11168
	11904 11200
	9984 11200
4
	13344 11168
	16384 11168
	16384 11200
	13344 11200
4
	0 11200
	6208 11200
	6208 11232
	0 11232
4
	6912 11200
	7328 11200
	7328 11232
	6912 11232
4
	8384 11200
	9024 11200
	9024 11232
	8384 11232
4
	9984 11200
	11904 11200
	11904 11232
	9984 11232
4
	13344 11200
	16384 11200
	16384 11232
	13344 11232
4
	0 11232
	6112 11232
	6112 11264
	0 11264
4
	6848 11232
	7232 11232
	7232 11264
	6848 11264
4
	8288 11232
	9088 11232
	9088 11264
	8288 11264
4
	10048 11232
	11808 11232
	11808 11264
	10048 11264
4
	13440 11232
	16384 11232
	16384 11264
	13440 11264
4
	0 11264
	6112 11264
	6112 11296
	0 11296
4
	6848 11264
	7232 11264
	7232 11296
	6848 11296
4
	8288 11264
	9088 11264
	9088 11296
	8288 11296
4
	10048 11264
	11808 11264
	11808 11296
	10048 11296
4
	13440 11264
	16384 11264
	16384 11296
	13440 11296
4
	0 11296
	6112 11296
	6112 11328
	0 11328
4
	6752 11296
	7168 11296
	7168 11328
	6752 11328
4
	8192 11296
	9184 11296
	9184 11328
	8192 11328
4
	10144 11296
	11744 11296
	11744 11328
	10144 11328
4
	13504 11296
	16384 11296
	16384 11328
	13504 11328
4
	0 11328
	6112 11328
	6112 11360
	0 11360
4
	6752 11328
	7168 11328
	7168 11360
	6752 11360
4
	8192 11328
	9184 11328
	9184 11360
	8192 11360
4
	10144 11328
	11744 11328
	11744 11360
	10144 11360
4
	13504 11328
	16384 11328
	16384 11360
	13504 11360
4
	0 11360
	5888 11360
	5888 11392
	0 11392
4
	6688 11360
	7072 11360
	7072 11392
	6688 11392
4
	8128 11360
	9248 11360
	9248 11392
	8128 11392
4
	10208 11360
	11648 11360
	11648 11392
	10208 11392
4
	12640 11360
	12800 11360
	12800 11392
	12640 11392
4
	13664 11360
	16384 11360
	16384 11392
	13664 11392
4
	0 11392
	5888 11392
	5888 11424
	0 11424
4
	6688 11392
	7072 11392
	7072 11424
	6688 11424
4
	8128 11392
	9248 11392
	9248 11424
	8128 11424
4
	10208 11392
	11648 11392
	11648 11424
	10208 11424
4
	12640 11392
	12800 11392
	12800 11424
	12640 11424
4
	13664 11392
	16384 11392
	16384 11424
	13664 11424
4
	0 11424
	5792 11424
	5792 11456
	0 11456
4
	6592 11424
	7008 11424
	7008 11456
	6592 11456
4
	8032 11424
	9344 11424
	9344 11456
	8032 11456
4
	10304 11424
	11584 11424
	11584 11456
	10304 11456
4
	12544 11424
	12800 11424
	12800 11456
	12544 11456
4
	13760 11424
	16384 11424
	16384 11456
	13760 11456
4
	0 11456
	5792 11456
	5792 11488
	0 11488
4
	6592 11456
	7008 11456
	7008 11488
	6592 11488
4
	8032 11456
	9344 11456
	9344 11488
	8032 11488
4
	10304 11456
	11584 11456
	11584 11488
	10304 11488
4
	12544 11456
	12800 11456
	12800 11488
	12544 11488
4
	13760 11456
	16384 11456
	16384 11488
	13760 11488
4
	0 11488
	5792 11488
	5792 11520
	0 11520
4
	6592 11488
	7008 11488
	7008 11520
	6592 11520
4
	8032 11488
	9344 11488
	9344 11520
	8032 11520
4
	10304 11488
	11584 11488
	11584 11520
	10304 11520
4
	12544 11488
	12800 11488
	12800 11520
	12544 11520
4
	13760 11488
	16384 11488
	16384 11520
	13760 11520
4
	0 11520
	5728 11520
	5728 11552
	0 11552
4
	6528 11520
	6912 11520
	6912 11552
	6528 11552
4
	7968 11520
	9408 11520
	9408 11552
	7968 11552
4
	10368 11520
	11648 11520
	11648 11552
	10368 11552
4
	12384 11520
	12960 11520
	12960 11552
	12384 11552
4
	13824 11520
	16384 11520
	16384 11552
	13824 11552
4
	0 11552
	5728 11552
	5728 11584
	0 11584
4
	6528 11552
	6912 11552
	6912 11584
	6528 11584
4
	7968 11552
	9408 11552
	9408 11584
	7968 11584
4
	10368 11552
	11648 11552
	11648 11584
	10368 11584
4
	12384 11552
	12960 11552
	12960 11584
	12384 11584
4
	13824 11552
	16384 11552
	16384 11584
	13824 11584
4
	0 11584
	5632 11584
	5632 11616
	0 11616
4
	6432 11584
	6848 11584
	6848 11616
	6432 11616
4
	7872 11584
	9504 11584
	9504 11616
	7872 11616
4
	10464 11584
	11744 11584
	11744 11616
	10464 11616
4
	12288 11584
	13024 11584
	13024 11616
	12288 11616
4
	13920 11584
	16384 11584
	16384 11616
	13920 11616
4
	0 11616
	5632 11616
	5632 11648
	0 11648
4
	6432 11616
	6848 11616
	6848 11648
	6432 11648
4
	7872 11616
	9504 11616
	9504 11648
	7872 11648
4
	10464 11616
	11744 11616
	11744 11648
	10464 11648
4
	12288 11616
	13024 11616
	13024 11648
	12288 11648
4
	13920 11616
	16384 11616
	16384 11648
	13920 11648
4
	0 11648
	5568 11648
	5568 11680
	0 11680
4
	6368 11648
	6752 11648
	6752 11680
	6368 11680
4
	7808 11648
	9568 11648
	9568 11680
	7808 11680
4
	10528 11648
	11328 11648
	11328 11680
	10528 11680
4
	11488 11648
	11648 11648
	11648 11680
	11488 11680
4
	12224 11648
	13024 11648
	13024 11680
	12224 11680
4
	13984 11648
	16384 11648
	16384 11680
	13984 11680
4
	0 11680
	5568 11680
	5568 11712
	0 11712
4
	6368 11680
	6752 11680
	6752 11712
	6368 11712
4
	7808 11680
	9568 11680
	9568 11712
	7808 11712
4
	10528 11680
	11328 11680
	11328 11712
	10528 11712
4
	11488 11680
	11648 11680
	11648 11712
	11488 11712
4
	12224 11680
	13024 11680
	13024 11712
	12224 11712
4
	13984 11680
	16384 11680
	16384 11712
	13984 11712
4
	0 11712
	5472 11712
	5472 11744
	0 11744
4
	6272 11712
	6688 11712
	6688 11744
	6272 11744
4
	7712 11712
	9664 11712
	9664 11744
	7712 11744
4
	10624 11712
	11264 11712
	11264 11744
	10624 11744
4
	12224 11712
	13184 11712
	13184 11744
	12224 11744
4
	14080 11712
	16384 11712
	16384 11744
	14080 11744
4
	0 11744
	5472 11744
	5472 11776
	0 11776
4
	6272 11744
	6688 11744
	6688 11776
	6272 11776
4
	7712 11744
	9664 11744
	9664 11776
	7712 11776
4
	10624 11744
	11264 11744
	11264 11776
	10624 11776
4
	12224 11744
	13184 11744
	13184 11776
	12224 11776
4
	14080 11744
	16384 11744
	16384 11776
	14080 11776
4
	0 11776
	5408 11776
	5408 11808
	0 11808
4
	5888 11776
	5952 11776
	5952 11808
	5888 11808
4
	6208 11776
	6592 11776
	6592 11808
	6208 11808
4
	7648 11776
	9728 11776
	9728 11808
	7648 11808
4
	10688 11776
	11168 11776
	11168 11808
	10688 11808
4
	12064 11776
	13184 11776
	13184 11808
	12064 11808
4
	14144 11776
	16384 11776
	16384 11808
	14144 11808
4
	0 11808
	5408 11808
	5408 11840
	0 11840
4
	5888 11808
	5952 11808
	5952 11840
	5888 11840
4
	6208 11808
	6592 11808
	6592 11840
	6208 11840
4
	7648 11808
	9728 11808
	9728 11840
	7648 11840
4
	10688 11808
	11168 11808
	11168 11840
	10688 11840
4
	12064 11808
	13184 11808
	13184 11840
	12064 11840
4
	14144 11808
	16384 11808
	16384 11840
	14144 11840
4
	0 11840
	5312 11840
	5312 11872
	0 11872
4
	5888 11840
	6048 11840
	6048 11872
	5888 11872
4
	6112 11840
	6528 11840
	6528 11872
	6112 11872
4
	7552 11840
	9824 11840
	9824 11872
	7552 11872
4
	10784 11840
	11104 11840
	11104 11872
	10784 11872
4
	11968 11840
	13280 11840
	13280 11872
	11968 11872
4
	14304 11840
	16384 11840
	16384 11872
	14304 11872
4
	0 11872
	5312 11872
	5312 11904
	0 11904
4
	5888 11872
	6048 11872
	6048 11904
	5888 11904
4
	6112 11872
	6528 11872
	6528 11904
	6112 11904
4
	7552 11872
	9824 11872
	9824 11904
	7552 11904
4
	10784 11872
	11104 11872
	11104 11904
	10784 11904
4
	11968 11872
	13280 11872
	13280 11904
	11968 11904
4
	14304 11872
	16384 11872
	16384 11904
	14304 11904
4
	0 11904
	5312 11904
	5312 11936
	0 11936
4
	5728 11904
	5792 11904
	5792 11936
	5728 11936
4
	5952 11904
	6432 11904
	6432 11936
	5952 11936
4
	7488 11904
	9888 11904
	9888 11936
	7488 11936
4
	10848 11904
	11008 11904
	11008 11936
	10848 11936
4
	11904 11904
	13280 11904
	13280 11936
	11904 11936
4
	14304 11904
	16384 11904
	16384 11936
	14304 11936
4
	0 11936
	5312 11936
	5312 11968
	0 11968
4
	5728 11936
	5792 11936
	5792 11968
	5728 11968
4
	5952 11936
	6432 11936
	6432 11968
	5952 11968
4
	7488 11936
	9888 11936
	9888 11968
	7488 11968
4
	10848 11936
	11008 11936
	11008 11968
	10848 11968
4
	11904 11936
	13280 11936
	13280 11968
	11904 11968
4
	14304 11936
	16384 11936
	16384 11968
	14304 11968
4
	0 11968
	5312 11968
	5312 12000
	0 12000
4
	5728 11968
	5888 11968
	5888 12000
	5728 12000
4
	5952 11968
	6368 11968
	6368 12000
	5952 12000
4
	7392 11968
	9984 11968
	9984 12000
	7392 12000
4
	11808 11968
	13184 11968
	13184 12000
	11808 12000
4
	14240 11968
	16384 11968
	16384 12000
	14240 12000
4
	0 12000
	5312 12000
	5312 12032
	0 12032
4
	5728 12000
	5888 12000
	5888 12032
	5728 12032
4
	5952 12000
	6368 12000
	6368 12032
	5952 12032
4
	7392 12000
	9984 12000
	9984 12032
	7392 12032
4
	11808 12000
	13184 12000
	13184 12032
	11808 12032
4
	14240 12000
	16384 12000
	16384 12032
	14240 12032
4
	0 12032
	5152 12032
	5152 12064
	0 12064
4
	5728 12032
	5888 12032
	5888 12064
	5728 12064
4
	6048 12032
	6272 12032
	6272 12064
	6048 12064
4
	7328 12032
	10048 12032
	10048 12064
	7328 12064
4
	11744 12032
	13120 12032
	13120 12064
	11744 12064
4
	14144 12032
	16384 12032
	16384 12064
	14144 12064
4
	0 12064
	5152 12064
	5152 12096
	0 12096
4
	5728 12064
	5888 12064
	5888 12096
	5728 12096
4
	6048 12064
	6272 12064
	6272 12096
	6048 12096
4
	7328 12064
	10048 12064
	10048 12096
	7328 12096
4
	11744 12064
	13120 12064
	13120 12096
	11744 12096
4
	14144 12064
	16384 12064
	16384 12096
	14144 12096
4
	0 12096
	4992 12096
	4992 12128
	0 12128
4
	5632 12096
	5952 12096
	5952 12128
	5632 12128
4
	6048 12096
	6208 12096
	6208 12128
	6048 12128
4
	7232 12096
	10144 12096
	10144 12128
	7232 12128
4
	11648 12096
	13024 12096
	13024 12128
	11648 12128
4
	14080 12096
	16384 12096
	16384 12128
	14080 12128
4
	0 12128
	4992 12128
	4992 12160
	0 12160
4
	5632 12128
	5952 12128
	5952 12160
	5632 12160
4
	6048 12128
	6208 12128
	6208 12160
	6048 12160
4
	7232 12128
	10144 12128
	10144 12160
	7232 12160
4
	11648 12128
	13024 12128
	13024 12160
	11648 12160
4
	14080 12128
	16384 12128
	16384 12160
	14080 12160
4
	0 12160
	4992 12160
	4992 12192
	0 12192
4
	5568 12160
	5952 12160
	5952 12192
	5568 12192
4
	7168 12160
	10208 12160
	10208 12192
	7168 12192
4
	11584 12160
	12960 12160
	12960 12192
	11584 12192
4
	13984 12160
	16384 12160
	16384 12192
	13984 12192
4
	0 12192
	4992 12192
	4992 12224
	0 12224
4
	5568 12192
	5952 12192
	5952 12224
	5568 12224
4
	7168 12192
	10208 12192
	10208 12224
	7168 12224
4
	11584 12192
	12960 12192
	12960 12224
	11584 12224
4
	13984 12192
	16384 12192
	16384 12224
	13984 12224
4
	0 12224
	4992 12224
	4992 12256
	0 12256
4
	5472 12224
	5952 12224
	5952 12256
	5472 12256
4
	7072 12224
	10304 12224
	10304 12256
	7072 12256
4
	11488 12224
	12864 12224
	12864 12256
	11488 12256
4
	13920 12224
	16384 12224
	16384 12256
	13920 12256
4
	0 12256
	4992 12256
	4992 12288
	0 12288
4
	5472 12256
	5952 12256
	5952 12288
	5472 12288
4
	7072 12256
	10304 12256
	10304 12288
	7072 12288
4
	11488 12256
	12864 12256
	12864 12288
	11488 12288
4
	13920 12256
	16384 12256
	16384 12288
	13920 12288
4
	0 12288
	4832 12288
	4832 12320
	0 12320
4
	5408 12288
	5888 12288
	5888 12320
	5408 12320
4
	7008 12288
	10368 12288
	10368 12320
	7008 12320
4
	11424 12288
	12800 12288
	12800 12320
	11424 12320
4
	13824 12288
	16384 12288
	16384 12320
	13824 12320
4
	0 12320
	4832 12320
	4832 12352
	0 12352
4
	5408 12320
	5888 12320
	5888 12352
	5408 12352
4
	7008 12320
	10368 12320
	10368 12352
	7008 12352
4
	11424 12320
	12800 12320
	12800 12352
	11424 12352
4
	13824 12320
	16384 12320
	16384 12352
	13824 12352
4
	0 12352
	4608 12352
	4608 12384
	0 12384
4
	4992 12352
	5152 12352
	5152 12384
	4992 12384
4
	5312 12352
	5792 12352
	5792 12384
	5312 12384
4
	6912 12352
	10464 12352
	10464 12384
	6912 12384
4
	11328 12352
	12704 12352
	12704 12384
	11328 12384
4
	13760 12352
	16384 12352
	16384 12384
	13760 12384
4
	0 12384
	4608 12384
	4608 12416
	0 12416
4
	4992 12384
	5152 12384
	5152 12416
	4992 12416
4
	5312 12384
	5792 12384
	5792 12416
	5312 12416
4
	6912 12384
	10464 12384
	10464 12416
	6912 12416
4
	11328 12384
	12704 12384
	12704 12416
	11328 12416
4
	13760 12384
	16384 12384
	16384 12416
	13760 12416
4
	0 12416
	4672 12416
	4672 12448
	0 12448
4
	4768 12416
	4832 12416
	4832 12448
	4768 12448
4
	5248 12416
	5728 12416
	5728 12448
	5248 12448
4
	6848 12416
	10368 12416
	10368 12448
	6848 12448
4
	11264 12416
	12640 12416
	12640 12448
	11264 12448
4
	13600 12416
	16384 12416
	16384 12448
	13600 12448
4
	0 12448
	4672 12448
	4672 12480
	0 12480
4
	4768 12448
	4832 12448
	4832 12480
	4768 12480
4
	5248 12448
	5728 12448
	5728 12480
	5248 12480
4
	6848 12448
	10368 12448
	10368 12480
	6848 12480
4
	11264 12448
	12640 12448
	12640 12480
	11264 12480
4
	13600 12448
	16384 12448
	16384 12480
	13600 12480
4
	0 12480
	4672 12480
	4672 12512
	0 12512
4
	4768 12480
	4928 12480
	4928 12512
	4768 12512
4
	5152 12480
	5632 12480
	5632 12512
	5152 12512
4
	6752 12480
	10208 12480
	10208 12512
	6752 12512
4
	11168 12480
	12544 12480
	12544 12512
	11168 12512
4
	13440 12480
	16384 12480
	16384 12512
	13440 12512
4
	0 12512
	4672 12512
	4672 12544
	0 12544
4
	4768 12512
	4928 12512
	4928 12544
	4768 12544
4
	5152 12512
	5632 12512
	5632 12544
	5152 12544
4
	6752 12512
	10208 12512
	10208 12544
	6752 12544
4
	11168 12512
	12544 12512
	12544 12544
	11168 12544
4
	13440 12512
	16384 12512
	16384 12544
	13440 12544
4
	0 12544
	4352 12544
	4352 12576
	0 12576
4
	5088 12544
	5568 12544
	5568 12576
	5088 12576
4
	6688 12544
	10144 12544
	10144 12576
	6688 12576
4
	11104 12544
	12480 12544
	12480 12576
	11104 12576
4
	13344 12544
	16384 12544
	16384 12576
	13344 12576
4
	0 12576
	4352 12576
	4352 12608
	0 12608
4
	5088 12576
	5568 12576
	5568 12608
	5088 12608
4
	6688 12576
	10144 12576
	10144 12608
	6688 12608
4
	11104 12576
	12480 12576
	12480 12608
	11104 12608
4
	13344 12576
	16384 12576
	16384 12608
	13344 12608
4
	0 12608
	4288 12608
	4288 12640
	0 12640
4
	4992 12608
	5472 12608
	5472 12640
	4992 12640
4
	6592 12608
	10048 12608
	10048 12640
	6592 12640
4
	10944 12608
	12384 12608
	12384 12640
	10944 12640
4
	13344 12608
	16384 12608
	16384 12640
	13344 12640
4
	0 12640
	4288 12640
	4288 12672
	0 12672
4
	4992 12640
	5472 12640
	5472 12672
	4992 12672
4
	6592 12640
	10048 12640
	10048 12672
	6592 12672
4
	10944 12640
	12384 12640
	12384 12672
	10944 12672
4
	13344 12640
	16384 12640
	16384 12672
	13344 12672
4
	0 12672
	4192 12672
	4192 12704
	0 12704
4
	4928 12672
	5408 12672
	5408 12704
	4928 12704
4
	6528 12672
	9984 12672
	9984 12704
	6528 12704
4
	10848 12672
	12288 12672
	12288 12704
	10848 12704
4
	13344 12672
	16384 12672
	16384 12704
	13344 12704
4
	0 12704
	4192 12704
	4192 12736
	0 12736
4
	4928 12704
	5408 12704
	5408 12736
	4928 12736
4
	6528 12704
	9984 12704
	9984 12736
	6528 12736
4
	10848 12704
	12288 12704
	12288 12736
	10848 12736
4
	13344 12704
	16384 12704
	16384 12736
	13344 12736
4
	0 12736
	4288 12736
	4288 12768
	0 12768
4
	4832 12736
	5568 12736
	5568 12768
	4832 12768
4
	6432 12736
	9888 12736
	9888 12768
	6432 12768
4
	10784 12736
	12224 12736
	12224 12768
	10784 12768
4
	13440 12736
	16384 12736
	16384 12768
	13440 12768
4
	0 12768
	4288 12768
	4288 12800
	0 12800
4
	4832 12768
	5568 12768
	5568 12800
	4832 12800
4
	6432 12768
	9888 12768
	9888 12800
	6432 12800
4
	10784 12768
	12224 12768
	12224 12800
	10784 12800
4
	13440 12768
	16384 12768
	16384 12800
	13440 12800
4
	0 12800
	4672 12800
	4672 12832
	0 12832
4
	4768 12800
	5248 12800
	5248 12832
	4768 12832
4
	6368 12800
	9824 12800
	9824 12832
	6368 12832
4
	10688 12800
	12128 12800
	12128 12832
	10688 12832
4
	13504 12800
	16384 12800
	16384 12832
	13504 12832
4
	0 12832
	4672 12832
	4672 12864
	0 12864
4
	4768 12832
	5248 12832
	5248 12864
	4768 12864
4
	6368 12832
	9824 12832
	9824 12864
	6368 12864
4
	10688 12832
	12128 12832
	12128 12864
	10688 12864
4
	13504 12832
	16384 12832
	16384 12864
	13504 12864
4
	0 12864
	5152 12864
	5152 12896
	0 12896
4
	6272 12864
	9728 12864
	9728 12896
	6272 12896
4
	10624 12864
	12064 12864
	12064 12896
	10624 12896
4
	13600 12864
	16384 12864
	16384 12896
	13600 12896
4
	0 12896
	5152 12896
	5152 12928
	0 12928
4
	6272 12896
	9728 12896
	9728 12928
	6272 12928
4
	10624 12896
	12064 12896
	12064 12928
	10624 12928
4
	13600 12896
	16384 12896
	16384 12928
	13600 12928
4
	0 12928
	5248 12928
	5248 12960
	0 12960
4
	6208 12928
	9664 12928
	9664 12960
	6208 12960
4
	10528 12928
	12128 12928
	12128 12960
	10528 12960
4
	13664 12928
	16384 12928
	16384 12960
	13664 12960
4
	0 12960
	5248 12960
	5248 12992
	0 12992
4
	6208 12960
	9664 12960
	9664 12992
	6208 12992
4
	10528 12960
	12128 12960
	12128 12992
	10528 12992
4
	13664 12960
	16384 12960
	16384 12992
	13664 12992
4
	0 12992
	5248 12992
	5248 13024
	0 13024
4
	6112 12992
	9568 12992
	9568 13024
	6112 13024
4
	10464 12992
	12128 12992
	12128 13024
	10464 13024
4
	13760 12992
	16384 12992
	16384 13024
	13760 13024
4
	0 13024
	5248 13024
	5248 13056
	0 13056
4
	6112 13024
	9568 13024
	9568 13056
	6112 13056
4
	10464 13024
	12128 13024
	12128 13056
	10464 13056
4
	13760 13024
	16384 13024
	16384 13056
	13760 13056
4
	0 13056
	5248 13056
	5248 13088
	0 13088
4
	6048 13056
	9504 13056
	9504 13088
	6048 13088
4
	10368 13056
	11744 13056
	11744 13088
	10368 13088
4
	11904 13056
	12128 13056
	12128 13088
	11904 13088
4
	12800 13056
	12864 13056
	12864 13088
	12800 13088
4
	13824 13056
	16384 13056
	16384 13088
	13824 13088
4
	0 13088
	5248 13088
	5248 13120
	0 13120
4
	6048 13088
	9504 13088
	9504 13120
	6048 13120
4
	10368 13088
	11744 13088
	11744 13120
	10368 13120
4
	11904 13088
	12128 13088
	12128 13120
	11904 13120
4
	12800 13088
	12864 13088
	12864 13120
	12800 13120
4
	13824 13088
	16384 13088
	16384 13120
	13824 13120
4
	0 13120
	5248 13120
	5248 13152
	0 13152
4
	6048 13120
	9504 13120
	9504 13152
	6048 13152
4
	10368 13120
	11744 13120
	11744 13152
	10368 13152
4
	11904 13120
	12128 13120
	12128 13152
	11904 13152
4
	12800 13120
	12864 13120
	12864 13152
	12800 13152
4
	13824 13120
	16384 13120
	16384 13152
	13824 13152
4
	0 13152
	5248 13152
	5248 13184
	0 13184
4
	5952 13152
	9408 13152
	9408 13184
	5952 13184
4
	10304 13152
	11648 13152
	11648 13184
	10304 13184
4
	12704 13152
	12960 13152
	12960 13184
	12704 13184
4
	13920 13152
	16384 13152
	16384 13184
	13920 13184
4
	0 13184
	5248 13184
	5248 13216
	0 13216
4
	5952 13184
	9408 13184
	9408 13216
	5952 13216
4
	10304 13184
	11648 13184
	11648 13216
	10304 13216
4
	12704 13184
	12960 13184
	12960 13216
	12704 13216
4
	13920 13184
	16384 13184
	16384 13216
	13920 13216
4
	0 13216
	5248 13216
	5248 13248
	0 13248
4
	5792 13216
	9344 13216
	9344 13248
	5792 13248
4
	10208 13216
	11584 13216
	11584 13248
	10208 13248
4
	12640 13216
	13024 13216
	13024 13248
	12640 13248
4
	13984 13216
	16384 13216
	16384 13248
	13984 13248
4
	0 13248
	5248 13248
	5248 13280
	0 13280
4
	5792 13248
	9344 13248
	9344 13280
	5792 13280
4
	10208 13248
	11584 13248
	11584 13280
	10208 13280
4
	12640 13248
	13024 13248
	13024 13280
	12640 13280
4
	13984 13248
	16384 13248
	16384 13280
	13984 13280
4
	0 13280
	5248 13280
	5248 13312
	0 13312
4
	5728 13280
	9248 13280
	9248 13312
	5728 13312
4
	9984 13280
	11488 13280
	11488 13312
	9984 13312
4
	12544 13280
	13120 13280
	13120 13312
	12544 13312
4
	14080 13280
	16384 13280
	16384 13312
	14080 13312
4
	0 13312
	5248 13312
	5248 13344
	0 13344
4
	5728 13312
	9248 13312
	9248 13344
	5728 13344
4
	9984 13312
	11488 13312
	11488 13344
	9984 13344
4
	12544 13312
	13120 13312
	13120 13344
	12544 13344
4
	14080 13312
	16384 13312
	16384 13344
	14080 13344
4
	0 13344
	5248 13344
	5248 13376
	0 13376
4
	5632 13344
	9184 13344
	9184 13376
	5632 13376
4
	9984 13344
	11424 13344
	11424 13376
	9984 13376
4
	12384 13344
	13184 13344
	13184 13376
	12384 13376
4
	14240 13344
	16384 13344
	16384 13376
	14240 13376
4
	0 13376
	5248 13376
	5248 13408
	0 13408
4
	5632 13376
	9184 13376
	9184 13408
	5632 13408
4
	9984 13376
	11424 13376
	11424 13408
	9984 13408
4
	12384 13376
	13184 13376
	13184 13408
	12384 13408
4
	14240 13376
	16384 13376
	16384 13408
	14240 13408
4
	0 13408
	5248 13408
	5248 13440
	0 13440
4
	5568 13408
	9248 13408
	9248 13440
	5568 13440
4
	9984 13408
	11328 13408
	11328 13440
	9984 13440
4
	12288 13408
	13280 13408
	13280 13440
	12288 13440
4
	14304 13408
	16384 13408
	16384 13440
	14304 13440
4
	0 13440
	5248 13440
	5248 13472
	0 13472
4
	5568 13440
	9248 13440
	9248 13472
	5568 13472
4
	9984 13440
	11328 13440
	11328 13472
	9984 13472
4
	12288 13440
	13280 13440
	13280 13472
	12288 13472
4
	14304 13440
	16384 13440
	16384 13472
	14304 13472
4
	0 13472
	5248 13472
	5248 13504
	0 13504
4
	5472 13472
	9248 13472
	9248 13504
	5472 13504
4
	9888 13472
	11264 13472
	11264 13504
	9888 13504
4
	12224 13472
	13344 13472
	13344 13504
	12224 13504
4
	14400 13472
	14720 13472
	14720 13504
	14400 13504
4
	14784 13472
	16384 13472
	16384 13504
	14784 13504
4
	0 13504
	5248 13504
	5248 13536
	0 13536
4
	5472 13504
	9248 13504
	9248 13536
	5472 13536
4
	9888 13504
	11264 13504
	11264 13536
	9888 13536
4
	12224 13504
	13344 13504
	13344 13536
	12224 13536
4
	14400 13504
	14720 13504
	14720 13536
	14400 13536
4
	14784 13504
	16384 13504
	16384 13536
	14784 13536
4
	0 13536
	5248 13536
	5248 13568
	0 13568
4
	5408 13536
	8928 13536
	8928 13568
	5408 13568
4
	9888 13536
	11168 13536
	11168 13568
	9888 13568
4
	12128 13536
	13440 13536
	13440 13568
	12128 13568
4
	14464 13536
	14624 13536
	14624 13568
	14464 13568
4
	14784 13536
	16384 13536
	16384 13568
	14784 13568
4
	0 13568
	5248 13568
	5248 13600
	0 13600
4
	5408 13568
	8928 13568
	8928 13600
	5408 13600
4
	9888 13568
	11168 13568
	11168 13600
	9888 13600
4
	12128 13568
	13440 13568
	13440 13600
	12128 13600
4
	14464 13568
	14624 13568
	14624 13600
	14464 13600
4
	14784 13568
	16384 13568
	16384 13600
	14784 13600
4
	0 13600
	8864 13600
	8864 13632
	0 13632
4
	9888 13600
	11104 13600
	11104 13632
	9888 13632
4
	12064 13600
	13504 13600
	13504 13632
	12064 13632
4
	14784 13600
	16384 13600
	16384 13632
	14784 13632
4
	0 13632
	8864 13632
	8864 13664
	0 13664
4
	9888 13632
	11104 13632
	11104 13664
	9888 13664
4
	12064 13632
	13504 13632
	13504 13664
	12064 13664
4
	14784 13632
	16384 13632
	16384 13664
	14784 13664
4
	0 13664
	8768 13664
	8768 13696
	0 13696
4
	9984 13664
	11008 13664
	11008 13696
	9984 13696
4
	11968 13664
	13600 13664
	13600 13696
	11968 13696
4
	14784 13664
	16384 13664
	16384 13696
	14784 13696
4
	0 13696
	8768 13696
	8768 13728
	0 13728
4
	9984 13696
	11008 13696
	11008 13728
	9984 13728
4
	11968 13696
	13600 13696
	13600 13728
	11968 13728
4
	14784 13696
	16384 13696
	16384 13728
	14784 13728
4
	0 13728
	8704 13728
	8704 13760
	0 13760
4
	10144 13728
	10944 13728
	10944 13760
	10144 13760
4
	11904 13728
	13664 13728
	13664 13760
	11904 13760
4
	14784 13728
	16384 13728
	16384 13760
	14784 13760
4
	0 13760
	8704 13760
	8704 13792
	0 13792
4
	10144 13760
	10944 13760
	10944 13792
	10144 13792
4
	11904 13760
	13664 13760
	13664 13792
	11904 13792
4
	14784 13760
	16384 13760
	16384 13792
	14784 13792
4
	0 13792
	8608 13792
	8608 13824
	0 13824
4
	10208 13792
	10848 13792
	10848 13824
	10208 13824
4
	11808 13792
	13760 13792
	13760 13824
	11808 13824
4
	14784 13792
	16384 13792
	16384 13824
	14784 13824
4
	0 13824
	8608 13824
	8608 13856
	0 13856
4
	10208 13824
	10848 13824
	10848 13856
	10208 13856
4
	11808 13824
	13760 13824
	13760 13856
	11808 13856
4
	14784 13824
	16384 13824
	16384 13856
	14784 13856
4
	0 13856
	8544 13856
	8544 13888
	0 13888
4
	9344 13856
	9408 13856
	9408 13888
	9344 13888
4
	10304 13856
	10784 13856
	10784 13888
	10304 13888
4
	11744 13856
	13920 13856
	13920 13888
	11744 13888
4
	14720 13856
	16384 13856
	16384 13888
	14720 13888
4
	0 13888
	8544 13888
	8544 13920
	0 13920
4
	9344 13888
	9408 13888
	9408 13920
	9344 13920
4
	10304 13888
	10784 13888
	10784 13920
	10304 13920
4
	11744 13888
	13920 13888
	13920 13920
	11744 13920
4
	14720 13888
	16384 13888
	16384 13920
	14720 13920
4
	0 13920
	8448 13920
	8448 13952
	0 13952
4
	9344 13920
	9408 13920
	9408 13952
	9344 13952
4
	10304 13920
	10848 13920
	10848 13952
	10304 13952
4
	11584 13920
	13984 13920
	13984 13952
	11584 13952
4
	14624 13920
	16384 13920
	16384 13952
	14624 13952
4
	0 13952
	8448 13952
	8448 13984
	0 13984
4
	9344 13952
	9408 13952
	9408 13984
	9344 13984
4
	10304 13952
	10848 13952
	10848 13984
	10304 13984
4
	11584 13952
	13984 13952
	13984 13984
	11584 13984
4
	14624 13952
	16384 13952
	16384 13984
	14624 13984
4
	0 13984
	8384 13984
	8384 14016
	0 14016
4
	9248 13984
	9504 13984
	9504 14016
	9248 14016
4
	10304 13984
	10848 13984
	10848 14016
	10304 14016
4
	11104 13984
	11328 13984
	11328 14016
	11104 14016
4
	11488 13984
	14080 13984
	14080 14016
	11488 14016
4
	14560 13984
	16384 13984
	16384 14016
	14560 14016
4
	0 14016
	8384 14016
	8384 14048
	0 14048
4
	9248 14016
	9504 14016
	9504 14048
	9248 14048
4
	10304 14016
	10848 14016
	10848 14048
	10304 14048
4
	11104 14016
	11328 14016
	11328 14048
	11104 14048
4
	11488 14016
	14080 14016
	14080 14048
	11488 14048
4
	14560 14016
	16384 14016
	16384 14048
	14560 14048
4
	0 14048
	8288 14048
	8288 14080
	0 14080
4
	9184 14048
	9568 14048
	9568 14080
	9184 14080
4
	10528 14048
	10784 14048
	10784 14080
	10528 14080
4
	11264 14048
	14144 14048
	14144 14080
	11264 14080
4
	14464 14048
	16384 14048
	16384 14080
	14464 14080
4
	0 14080
	8288 14080
	8288 14112
	0 14112
4
	9184 14080
	9568 14080
	9568 14112
	9184 14112
4
	10528 14080
	10784 14080
	10784 14112
	10528 14112
4
	11264 14080
	14144 14080
	14144 14112
	11264 14112
4
	14464 14080
	16384 14080
	16384 14112
	14464 14112
4
	0 14112
	8192 14112
	8192 14144
	0 14144
4
	9088 14112
	9664 14112
	9664 14144
	9088 14144
4
	11328 14112
	14304 14112
	14304 14144
	11328 14144
4
	14400 14112
	16384 14112
	16384 14144
	14400 14144
4
	0 14144
	8192 14144
	8192 14176
	0 14176
4
	9088 14144
	9664 14144
	9664 14176
	9088 14176
4
	11328 14144
	14304 14144
	14304 14176
	11328 14176
4
	14400 14144
	16384 14144
	16384 14176
	14400 14176
4
	0 14176
	8128 14176
	8128 14208
	0 14208
4
	9024 14176
	9728 14176
	9728 14208
	9024 14208
4
	11424 14176
	16384 14176
	16384 14208
	11424 14208
4
	0 14208
	8128 14208
	8128 14240
	0 14240
4
	9024 14208
	9728 14208
	9728 14240
	9024 14240
4
	11424 14208
	16384 14208
	16384 14240
	11424 14240
4
	0 14240
	8032 14240
	8032 14272
	0 14272
4
	8928 14240
	9888 14240
	9888 14272
	8928 14272
4
	11168 14240
	11264 14240
	11264 14272
	11168 14272
4
	11488 14240
	16384 14240
	16384 14272
	11488 14272
4
	0 14272
	8032 14272
	8032 14304
	0 14304
4
	8928 14272
	9888 14272
	9888 14304
	8928 14304
4
	11168 14272
	11264 14272
	11264 14304
	11168 14304
4
	11488 14272
	16384 14272
	16384 14304
	11488 14304
4
	0 14304
	7968 14304
	7968 14336
	0 14336
4
	8864 14304
	9984 14304
	9984 14336
	8864 14336
4
	11168 14304
	11264 14304
	11264 14336
	11168 14336
4
	11488 14304
	16384 14304
	16384 14336
	11488 14336
4
	0 14336
	7968 14336
	7968 14368
	0 14368
4
	8864 14336
	9984 14336
	9984 14368
	8864 14368
4
	11168 14336
	11264 14336
	11264 14368
	11168 14368
4
	11488 14336
	16384 14336
	16384 14368
	11488 14368
4
	0 14368
	7872 14368
	7872 14400
	0 14400
4
	8768 14368
	10048 14368
	10048 14400
	8768 14400
4
	11488 14368
	16384 14368
	16384 14400
	11488 14400
4
	0 14400
	7872 14400
	7872 14432
	0 14432
4
	8768 14400
	10048 14400
	10048 14432
	8768 14432
4
	11488 14400
	16384 14400
	16384 14432
	11488 14432
4
	0 14432
	7808 14432
	7808 14464
	0 14464
4
	8704 14432
	10208 14432
	10208 14464
	8704 14464
4
	11584 14432
	16384 14432
	16384 14464
	11584 14464
4
	0 14464
	7808 14464
	7808 14496
	0 14496
4
	8704 14464
	10208 14464
	10208 14496
	8704 14496
4
	11584 14464
	16384 14464
	16384 14496
	11584 14496
4
	0 14496
	7712 14496
	7712 14528
	0 14528
4
	8608 14496
	10208 14496
	10208 14528
	8608 14528
4
	11488 14496
	11808 14496
	11808 14528
	11488 14528
4
	11968 14496
	16384 14496
	16384 14528
	11968 14528
4
	0 14528
	7712 14528
	7712 14560
	0 14560
4
	8608 14528
	10208 14528
	10208 14560
	8608 14560
4
	11488 14528
	11808 14528
	11808 14560
	11488 14560
4
	11968 14528
	16384 14528
	16384 14560
	11968 14560
4
	0 14560
	7648 14560
	7648 14592
	0 14592
4
	8544 14560
	10208 14560
	10208 14592
	8544 14592
4
	11488 14560
	11744 14560
	11744 14592
	11488 14592
4
	11904 14560
	16384 14560
	16384 14592
	11904 14592
4
	0 14592
	7648 14592
	7648 14624
	0 14624
4
	8544 14592
	10208 14592
	10208 14624
	8544 14624
4
	11488 14592
	11744 14592
	11744 14624
	11488 14624
4
	11904 14592
	16384 14592
	16384 14624
	11904 14624
4
	0 14624
	7552 14624
	7552 14656
	0 14656
4
	8448 14624
	10144 14624
	10144 14656
	8448 14656
4
	11904 14624
	16384 14624
	16384 14656
	11904 14656
4
	0 14656
	7552 14656
	7552 14688
	0 14688
4
	8448 14656
	10144 14656
	10144 14688
	8448 14688
4
	11904 14656
	16384 14656
	16384 14688
	11904 14688
4
	0 14688
	7488 14688
	7488 14720
	0 14720
4
	8384 14688
	10144 14688
	10144 14720
	8384 14720
4
	11904 14688
	16384 14688
	16384 14720
	11904 14720
4
	0 14720
	7488 14720
	7488 14752
	0 14752
4
	8384 14720
	10144 14720
	10144 14752
	8384 14752
4
	11904 14720
	16384 14720
	16384 14752
	11904 14752
4
	0 14752
	7488 14752
	7488 14784
	0 14784
4
	8384 14752
	10144 14752
	10144 14784
	8384 14784
4
	11904 14752
	16384 14752
	16384 14784
	11904 14784
4
	0 14784
	7552 14784
	7552 14816
	0 14816
4
	8288 14784
	10144 14784
	10144 14816
	8288 14816
4
	11968 14784
	16384 14784
	16384 14816
	11968 14816
4
	0 14816
	7552 14816
	7552 14848
	0 14848
4
	8288 14816
	10144 14816
	10144 14848
	8288 14848
4
	11968 14816
	16384 14816
	16384 14848
	11968 14848
4
	0 14848
	7648 14848
	7648 14880
	0 14880
4
	8192 14848
	10048 14848
	10048 14880
	8192 14880
4
	12224 14848
	16384 14848
	16384 14880
	12224 14880
4
	0 14880
	7648 14880
	7648 14912
	0 14912
4
	8192 14880
	10048 14880
	10048 14912
	8192 14912
4
	12224 14880
	16384 14880
	16384 14912
	12224 14912
4
	0 14912
	7712 14912
	7712 14944
	0 14944
4
	8128 14912
	9984 14912
	9984 14944
	8128 14944
4
	12288 14912
	16384 14912
	16384 14944
	12288 14944
4
	0 14944
	7712 14944
	7712 14976
	0 14976
4
	8128 14944
	9984 14944
	9984 14976
	8128 14976
4
	12288 14944
	16384 14944
	16384 14976
	12288 14976
4
	0 14976
	7808 14976
	7808 15008
	0 15008
4
	7968 14976
	9888 14976
	9888 15008
	7968 15008
4
	10624 14976
	10784 14976
	10784 15008
	10624 15008
4
	10944 14976
	11008 14976
	11008 15008
	10944 15008
4
	12224 14976
	16384 14976
	16384 15008
	12224 15008
4
	0 15008
	7808 15008
	7808 15040
	0 15040
4
	7968 15008
	9888 15008
	9888 15040
	7968 15040
4
	10624 15008
	10784 15008
	10784 15040
	10624 15040
4
	10944 15008
	11008 15008
	11008 15040
	10944 15040
4
	12224 15008
	16384 15008
	16384 15040
	12224 15040
4
	0 15040
	9984 15040
	9984 15072
	0 15072
4
	10624 15040
	11104 15040
	11104 15072
	10624 15072
4
	12128 15040
	16384 15040
	16384 15072
	12128 15072
4
	0 15072
	9984 15072
	9984 15104
	0 15104
4
	10624 15072
	11104 15072
	11104 15104
	10624 15104
4
	12128 15072
	16384 15072
	16384 15104
	12128 15104
4
	0 15104
	10048 15104
	10048 15136
	0 15136
4
	10624 15104
	11008 15104
	11008 15136
	10624 15136
4
	12064 15104
	16384 15104
	16384 15136
	12064 15136
4
	0 15136
	10048 15136
	10048 15168
	0 15168
4
	10624 15136
	11008 15136
	11008 15168
	10624 15168
4
	12064 15136
	16384 15136
	16384 15168
	12064 15168
4
	0 15168
	10144 15168
	10144 15200
	0 15200
4
	10688 15168
	11008 15168
	11008 15200
	10688 15200
4
	11968 15168
	16384 15168
	16384 15200
	11968 15200
4
	0 15200
	10144 15200
	10144 15232
	0 15232
4
	10688 15200
	11008 15200
	11008 15232
	10688 15232
4
	11968 15200
	16384 15200
	16384 15232
	11968 15232
4
	0 15232
	10208 15232
	10208 15264
	0 15264
4
	10688 15232
	11104 15232
	11104 15264
	10688 15264
4
	11904 15232
	16384 15232
	16384 15264
	11904 15264
4
	0 15264
	10208 15264
	10208 15296
	0 15296
4
	10688 15264
	11104 15264
	11104 15296
	10688 15296
4
	11904 15264
	16384 15264
	16384 15296
	11904 15296
4
	0 15296
	10304 15296
	10304 15328
	0 15328
4
	10624 15296
	11104 15296
	11104 15328
	10624 15328
4
	11808 15296
	16384 15296
	16384 15328
	11808 15328
4
	0 15328
	10304 15328
	10304 15360
	0 15360
4
	10624 15328
	11104 15328
	11104 15360
	10624 15360
4
	11808 15328
	16384 15328
	16384 15360
	11808 15360
4
	0 15360
	10368 15360
	10368 15392
	0 15392
4
	11744 15360
	16384 15360
	16384 15392
	11744 15392
4
	0 15392
	10368 15392
	10368 15424
	0 15424
4
	11744 15392
	16384 15392
	16384 15424
	11744 15424
4
	0 15424
	10464 15424
	10464 15456
	0 15456
4
	11648 15424
	16384 15424
	16384 15456
	11648 15456
4
	0 15456
	10464 15456
	10464 15488
	0 15488
4
	11648 15456
	16384 15456
	16384 15488
	11648 15488
4
	0 15488
	10624 15488
	10624 15520
	0 15520
4
	11584 15488
	16384 15488
	16384 15520
	11584 15520
4
	0 15520
	10624 15520
	10624 15552
	0 15552
4
	11584 15520
	16384 15520
	16384 15552
	11584 15552
4
	0 15552
	10688 15552
	10688 15584
	0 15584
4
	11488 15552
	16384 15552
	16384 15584
	11488 15584
4
	0 15584
	10688 15584
	10688 15616
	0 15616
4
	11488 15584
	16384 15584
	16384 15616
	11488 15616
4
	0 15616
	10784 15616
	10784 15648
	0 15648
4
	11424 15616
	16384 15616
	16384 15648
	11424 15648
4
	0 15648
	10784 15648
	10784 15680
	0 15680
4
	11424 15648
	16384 15648
	16384 15680
	11424 15680
4
	0 15680
	10848 15680
	10848 15712
	0 15712
4
	11328 15680
	16384 15680
	16384 15712
	11328 15712
4
	0 15712
	10848 15712
	10848 15744
	0 15744
4
	11328 15712
	16384 15712
	16384 15744
	11328 15744
4
	0 15744
	10944 15744
	10944 15776
	0 15776
4
	11264 15744
	16384 15744
	16384 15776
	11264 15776
4
	0 15776
	10944 15776
	10944 15808
	0 15808
4
	11264 15776
	16384 15776
	16384 15808
	11264 15808
4
	0 15808
	11008 15808
	11008 15840
	0 15840
4
	11168 15808
	16384 15808
	16384 15840
	11168 15840
4
	0 15840
	11008 15840
	11008 15872
	0 15872
4
	11168 15840
	16384 15840
	16384 15872
	11168 15872
4
	0 15872
	16384 15872
	16384 15904
	0 15904
4
	0 15904
	16384 15904
	16384 15936
	0 15936
4
	0 15936
	16384 15936
	16384 15968
	0 15968
4
	0 15968
	16384 15968
	16384 16000
	0 16000
4
	0 16000
	16384 16000
	16384 16032
	0 16032
4
	0 16032
	16384 16032
	16384 16064
	0 16064
4
	0 16064
	16384 16064
	16384 16096
	0 16096
4
	0 16096
	16384 16096
	16384 16128
	0 16128
4
	0 16128
	16384 16128
	16384 16160
	0 16160
4
	0 16160
	16384 16160
	16384 16192
	0 16192
4
	0 16192
	16384 16192
	16384 16224
	0 16224
4
	0 16224
	16384 16224
	16384 16256
	0 16256
4
	0 16256
	16384 16256
	16384 16288
	0 16288
4
	0 16288
	16384 16288
	16384 16320
	0 16320
4
	0 16320
	16384 16320
	16384 16352
	0 16352
4
	0 16352
	16384 16352
	16384 16384
	0 16384
4
	-32 -32
	16416 -32
	16416 0
	-32 0
4
	-32 16384
	16416 16384
	16416 16416
	-32 16416
4
	-32 0
	0 0
	0 16384
	-32 16384
4
	16384 0
	16416 0
	16416 16384
	16384 16384
