836
4
	0 0
	16384 0
	16384 32
	0 32
4
	0 32
	16384 32
	16384 64
	0 64
4
	0 64
	16384 64
	16384 96
	0 96
4
	0 96
	16384 96
	16384 128
	0 128
4
	0 128
	16384 128
	16384 160
	0 160
4
	0 160
	16384 160
	16384 192
	0 192
4
	0 192
	16384 192
	16384 224
	0 224
4
	0 224
	16384 224
	16384 256
	0 256
4
	0 256
	16384 256
	16384 288
	0 288
4
	0 288
	16384 288
	16384 320
	0 320
4
	0 320
	16384 320
	16384 352
	0 352
4
	0 352
	16384 352
	16384 384
	0 384
4
	0 384
	16384 384
	16384 416
	0 416
4
	0 416
	16384 416
	16384 448
	0 448
4
	0 448
	16384 448
	16384 480
	0 480
4
	0 480
	16384 480
	16384 512
	0 512
4
	0 512
	16384 512
	16384 544
	0 544
4
	0 544
	16384 544
	16384 576
	0 576
4
	0 576
	16384 576
	16384 608
	0 608
4
	0 608
	16384 608
	16384 640
	0 640
4
	0 640
	16384 640
	16384 672
	0 672
4
	0 672
	16384 672
	16384 704
	0 704
4
	0 704
	16384 704
	16384 736
	0 736
4
	0 736
	16384 736
	16384 768
	0 768
4
	0 768
	16384 768
	16384 800
	0 800
4
	0 800
	16384 800
	16384 832
	0 832
4
	0 832
	16384 832
	16384 864
	0 864
4
	0 864
	16384 864
	16384 896
	0 896
4
	0 896
	16384 896
	16384 928
	0 928
4
	0 928
	16384 928
	16384 960
	0 960
4
	0 960
	16384 960
	16384 992
	0 992
4
	0 992
	16384 992
	16384 1024
	0 1024
4
	0 1024
	16384 1024
	16384 1056
	0 1056
4
	0 1056
	16384 1056
	16384 1088
	0 1088
4
	0 1088
	16384 1088
	16384 1120
	0 1120
4
	0 1120
	16384 1120
	16384 1152
	0 1152
4
	0 1152
	16384 1152
	16384 1184
	0 1184
4
	0 1184
	16384 1184
	16384 1216
	0 1216
4
	0 1216
	16384 1216
	16384 1248
	0 1248
4
	0 1248
	16384 1248
	16384 1280
	0 1280
4
	0 1280
	16384 1280
	16384 1312
	0 1312
4
	0 1312
	16384 1312
	16384 1344
	0 1344
4
	0 1344
	16384 1344
	16384 1376
	0 1376
4
	0 1376
	16384 1376
	16384 1408
	0 1408
4
	0 1408
	16384 1408
	16384 1440
	0 1440
4
	0 1440
	16384 1440
	16384 1472
	0 1472
4
	0 1472
	16384 1472
	16384 1504
	0 1504
4
	0 1504
	16384 1504
	16384 1536
	0 1536
4
	0 1536
	16384 1536
	16384 1568
	0 1568
4
	0 1568
	16384 1568
	16384 1600
	0 1600
4
	0 1600
	16384 1600
	16384 1632
	0 1632
4
	0 1632
	16384 1632
	16384 1664
	0 1664
4
	0 1664
	16384 1664
	16384 1696
	0 1696
4
	0 1696
	16384 1696
	16384 1728
	0 1728
4
	0 1728
	16384 1728
	16384 1760
	0 1760
4
	0 1760
	16384 1760
	16384 1792
	0 1792
4
	0 1792
	16384 1792
	16384 1824
	0 1824
4
	0 1824
	16384 1824
	16384 1856
	0 1856
4
	0 1856
	16384 1856
	16384 1888
	0 1888
4
	0 1888
	16384 1888
	16384 1920
	0 1920
4
	0 1920
	16384 1920
	16384 1952
	0 1952
4
	0 1952
	16384 1952
	16384 1984
	0 1984
4
	0 1984
	16384 1984
	16384 2016
	0 2016
4
	0 2016
	16384 2016
	16384 2048
	0 2048
4
	0 2048
	16384 2048
	16384 2080
	0 2080
4
	0 2080
	16384 2080
	16384 2112
	0 2112
4
	0 2112
	16384 2112
	16384 2144
	0 2144
4
	0 2144
	16384 2144
	16384 2176
	0 2176
4
	0 2176
	16384 2176
	16384 2208
	0 2208
4
	0 2208
	16384 2208
	16384 2240
	0 2240
4
	0 2240
	16384 2240
	16384 2272
	0 2272
4
	0 2272
	16384 2272
	16384 2304
	0 2304
4
	0 2304
	16384 2304
	16384 2336
	0 2336
4
	0 2336
	16384 2336
	16384 2368
	0 2368
4
	0 2368
	16384 2368
	16384 2400
	0 2400
4
	0 2400
	16384 2400
	16384 2432
	0 2432
4
	0 2432
	16384 2432
	16384 2464
	0 2464
4
	0 2464
	16384 2464
	16384 2496
	0 2496
4
	0 2496
	16384 2496
	16384 2528
	0 2528
4
	0 2528
	16384 2528
	16384 2560
	0 2560
4
	0 2560
	16384 2560
	16384 2592
	0 2592
4
	0 2592
	16384 2592
	16384 2624
	0 2624
4
	0 2624
	16384 2624
	16384 2656
	0 2656
4
	0 2656
	16384 2656
	16384 2688
	0 2688
4
	0 2688
	16384 2688
	16384 2720
	0 2720
4
	0 2720
	16384 2720
	16384 2752
	0 2752
4
	0 2752
	16384 2752
	16384 2784
	0 2784
4
	0 2784
	16384 2784
	16384 2816
	0 2816
4
	0 2816
	16384 2816
	16384 2848
	0 2848
4
	0 2848
	16384 2848
	16384 2880
	0 2880
4
	0 2880
	16384 2880
	16384 2912
	0 2912
4
	0 2912
	16384 2912
	16384 2944
	0 2944
4
	0 2944
	16384 2944
	16384 2976
	0 2976
4
	0 2976
	16384 2976
	16384 3008
	0 3008
4
	0 3008
	16384 3008
	16384 3040
	0 3040
4
	0 3040
	16384 3040
	16384 3072
	0 3072
4
	0 3072
	16384 3072
	16384 3104
	0 3104
4
	0 3104
	16384 3104
	16384 3136
	0 3136
4
	0 3136
	16384 3136
	16384 3168
	0 3168
4
	0 3168
	16384 3168
	16384 3200
	0 3200
4
	0 3200
	16384 3200
	16384 3232
	0 3232
4
	0 3232
	16384 3232
	16384 3264
	0 3264
4
	0 3264
	16384 3264
	16384 3296
	0 3296
4
	0 3296
	16384 3296
	16384 3328
	0 3328
4
	0 3328
	16384 3328
	16384 3360
	0 3360
4
	0 3360
	16384 3360
	16384 3392
	0 3392
4
	0 3392
	16384 3392
	16384 3424
	0 3424
4
	0 3424
	16384 3424
	16384 3456
	0 3456
4
	0 3456
	16384 3456
	16384 3488
	0 3488
4
	0 3488
	16384 3488
	16384 3520
	0 3520
4
	0 3520
	16384 3520
	16384 3552
	0 3552
4
	0 3552
	16384 3552
	16384 3584
	0 3584
4
	0 3584
	16384 3584
	16384 3616
	0 3616
4
	0 3616
	16384 3616
	16384 3648
	0 3648
4
	0 3648
	16384 3648
	16384 3680
	0 3680
4
	0 3680
	16384 3680
	16384 3712
	0 3712
4
	0 3712
	16384 3712
	16384 3744
	0 3744
4
	0 3744
	16384 3744
	16384 3776
	0 3776
4
	0 3776
	16384 3776
	16384 3808
	0 3808
4
	0 3808
	16384 3808
	16384 3840
	0 3840
4
	0 3840
	16384 3840
	16384 3872
	0 3872
4
	0 3872
	16384 3872
	16384 3904
	0 3904
4
	0 3904
	16384 3904
	16384 3936
	0 3936
4
	0 3936
	16384 3936
	16384 3968
	0 3968
4
	0 3968
	16384 3968
	16384 4000
	0 4000
4
	0 4000
	16384 4000
	16384 4032
	0 4032
4
	0 4032
	16384 4032
	16384 4064
	0 4064
4
	0 4064
	16384 4064
	16384 4096
	0 4096
4
	0 4096
	16384 4096
	16384 4128
	0 4128
4
	0 4128
	16384 4128
	16384 4160
	0 4160
4
	0 4160
	16384 4160
	16384 4192
	0 4192
4
	0 4192
	16384 4192
	16384 4224
	0 4224
4
	0 4224
	16384 4224
	16384 4256
	0 4256
4
	0 4256
	16384 4256
	16384 4288
	0 4288
4
	0 4288
	16384 4288
	16384 4320
	0 4320
4
	0 4320
	16384 4320
	16384 4352
	0 4352
4
	0 4352
	16384 4352
	16384 4384
	0 4384
4
	0 4384
	16384 4384
	16384 4416
	0 4416
4
	0 4416
	16384 4416
	16384 4448
	0 4448
4
	0 4448
	16384 4448
	16384 4480
	0 4480
4
	0 4480
	16384 4480
	16384 4512
	0 4512
4
	0 4512
	16384 4512
	16384 4544
	0 4544
4
	0 4544
	16384 4544
	16384 4576
	0 4576
4
	0 4576
	16384 4576
	16384 4608
	0 4608
4
	0 4608
	16384 4608
	16384 4640
	0 4640
4
	0 4640
	16384 4640
	16384 4672
	0 4672
4
	0 4672
	16384 4672
	16384 4704
	0 4704
4
	0 4704
	16384 4704
	16384 4736
	0 4736
4
	0 4736
	16384 4736
	16384 4768
	0 4768
4
	0 4768
	16384 4768
	16384 4800
	0 4800
4
	0 4800
	16384 4800
	16384 4832
	0 4832
4
	0 4832
	16384 4832
	16384 4864
	0 4864
4
	0 4864
	16384 4864
	16384 4896
	0 4896
4
	0 4896
	16384 4896
	16384 4928
	0 4928
4
	0 4928
	16384 4928
	16384 4960
	0 4960
4
	0 4960
	16384 4960
	16384 4992
	0 4992
4
	0 4992
	16384 4992
	16384 5024
	0 5024
4
	0 5024
	16384 5024
	16384 5056
	0 5056
4
	0 5056
	16384 5056
	16384 5088
	0 5088
4
	0 5088
	16384 5088
	16384 5120
	0 5120
4
	0 5120
	16384 5120
	16384 5152
	0 5152
4
	0 5152
	16384 5152
	16384 5184
	0 5184
4
	0 5184
	16384 5184
	16384 5216
	0 5216
4
	0 5216
	16384 5216
	16384 5248
	0 5248
4
	0 5248
	16384 5248
	16384 5280
	0 5280
4
	0 5280
	16384 5280
	16384 5312
	0 5312
4
	0 5312
	16384 5312
	16384 5344
	0 5344
4
	0 5344
	16384 5344
	16384 5376
	0 5376
4
	0 5376
	16384 5376
	16384 5408
	0 5408
4
	0 5408
	16384 5408
	16384 5440
	0 5440
4
	0 5440
	16384 5440
	16384 5472
	0 5472
4
	0 5472
	16384 5472
	16384 5504
	0 5504
4
	0 5504
	16384 5504
	16384 5536
	0 5536
4
	0 5536
	16384 5536
	16384 5568
	0 5568
4
	0 5568
	16384 5568
	16384 5600
	0 5600
4
	0 5600
	16384 5600
	16384 5632
	0 5632
4
	0 5632
	16384 5632
	16384 5664
	0 5664
4
	0 5664
	16384 5664
	16384 5696
	0 5696
4
	0 5696
	16384 5696
	16384 5728
	0 5728
4
	0 5728
	16384 5728
	16384 5760
	0 5760
4
	0 5760
	16384 5760
	16384 5792
	0 5792
4
	0 5792
	16384 5792
	16384 5824
	0 5824
4
	0 5824
	16384 5824
	16384 5856
	0 5856
4
	0 5856
	16384 5856
	16384 5888
	0 5888
4
	0 5888
	16384 5888
	16384 5920
	0 5920
4
	0 5920
	16384 5920
	16384 5952
	0 5952
4
	0 5952
	16384 5952
	16384 5984
	0 5984
4
	0 5984
	16384 5984
	16384 6016
	0 6016
4
	0 6016
	16384 6016
	16384 6048
	0 6048
4
	0 6048
	16384 6048
	16384 6080
	0 6080
4
	0 6080
	16384 6080
	16384 6112
	0 6112
4
	0 6112
	16384 6112
	16384 6144
	0 6144
4
	0 6144
	6848 6144
	6848 6176
	0 6176
4
	8000 6144
	16384 6144
	16384 6176
	8000 6176
4
	0 6176
	6848 6176
	6848 6208
	0 6208
4
	8000 6176
	16384 6176
	16384 6208
	8000 6208
4
	0 6208
	6848 6208
	6848 6240
	0 6240
4
	8000 6208
	16384 6208
	16384 6240
	8000 6240
4
	0 6240
	6848 6240
	6848 6272
	0 6272
4
	8000 6240
	16384 6240
	16384 6272
	8000 6272
4
	0 6272
	6848 6272
	6848 6304
	0 6304
4
	8000 6272
	16384 6272
	16384 6304
	8000 6304
4
	0 6304
	6848 6304
	6848 6336
	0 6336
4
	8000 6304
	16384 6304
	16384 6336
	8000 6336
4
	0 6336
	6848 6336
	6848 6368
	0 6368
4
	9568 6336
	16384 6336
	16384 6368
	9568 6368
4
	0 6368
	6848 6368
	6848 6400
	0 6400
4
	9568 6368
	16384 6368
	16384 6400
	9568 6400
4
	0 6400
	6848 6400
	6848 6432
	0 6432
4
	9568 6400
	16384 6400
	16384 6432
	9568 6432
4
	0 6432
	6848 6432
	6848 6464
	0 6464
4
	9568 6432
	16384 6432
	16384 6464
	9568 6464
4
	0 6464
	6848 6464
	6848 6496
	0 6496
4
	9568 6464
	16384 6464
	16384 6496
	9568 6496
4
	0 6496
	6848 6496
	6848 6528
	0 6528
4
	9568 6496
	16384 6496
	16384 6528
	9568 6528
4
	0 6528
	6848 6528
	6848 6560
	0 6560
4
	9568 6528
	16384 6528
	16384 6560
	9568 6560
4
	0 6560
	6848 6560
	6848 6592
	0 6592
4
	9952 6560
	16384 6560
	16384 6592
	9952 6592
4
	0 6592
	6848 6592
	6848 6624
	0 6624
4
	9952 6592
	16384 6592
	16384 6624
	9952 6624
4
	0 6624
	6848 6624
	6848 6656
	0 6656
4
	9952 6624
	16384 6624
	16384 6656
	9952 6656
4
	0 6656
	6848 6656
	6848 6688
	0 6688
4
	9952 6656
	16384 6656
	16384 6688
	9952 6688
4
	0 6688
	6848 6688
	6848 6720
	0 6720
4
	9952 6688
	16384 6688
	16384 6720
	9952 6720
4
	0 6720
	6848 6720
	6848 6752
	0 6752
4
	9952 6720
	16384 6720
	16384 6752
	9952 6752
4
	0 6752
	6848 6752
	6848 6784
	0 6784
4
	9952 6752
	16384 6752
	16384 6784
	9952 6784
4
	0 6784
	6464 6784
	6464 6816
	0 6816
4
	6656 6784
	6848 6784
	6848 6816
	6656 6816
4
	9952 6784
	16384 6784
	16384 6816
	9952 6816
4
	0 6816
	6464 6816
	6464 6848
	0 6848
4
	6656 6816
	6848 6816
	6848 6848
	6656 6848
4
	9952 6816
	16384 6816
	16384 6848
	9952 6848
4
	0 6848
	6464 6848
	6464 6880
	0 6880
4
	6656 6848
	6848 6848
	6848 6880
	6656 6880
4
	9952 6848
	16384 6848
	16384 6880
	9952 6880
4
	0 6880
	6464 6880
	6464 6912
	0 6912
4
	6656 6880
	6848 6880
	6848 6912
	6656 6912
4
	9952 6880
	16384 6880
	16384 6912
	9952 6912
4
	0 6912
	6464 6912
	6464 6944
	0 6944
4
	6656 6912
	6848 6912
	6848 6944
	6656 6944
4
	9952 6912
	16384 6912
	16384 6944
	9952 6944
4
	0 6944
	6464 6944
	6464 6976
	0 6976
4
	6656 6944
	6848 6944
	6848 6976
	6656 6976
4
	9952 6944
	16384 6944
	16384 6976
	9952 6976
4
	0 6976
	6464 6976
	6464 7008
	0 7008
4
	6656 6976
	6848 6976
	6848 7008
	6656 7008
4
	9952 6976
	16384 6976
	16384 7008
	9952 7008
4
	0 7008
	6464 7008
	6464 7040
	0 7040
4
	10144 7008
	16384 7008
	16384 7040
	10144 7040
4
	0 7040
	6464 7040
	6464 7072
	0 7072
4
	10144 7040
	16384 7040
	16384 7072
	10144 7072
4
	0 7072
	6464 7072
	6464 7104
	0 7104
4
	10144 7072
	16384 7072
	16384 7104
	10144 7104
4
	0 7104
	6464 7104
	6464 7136
	0 7136
4
	10144 7104
	16384 7104
	16384 7136
	10144 7136
4
	0 7136
	6464 7136
	6464 7168
	0 7168
4
	10144 7136
	16384 7136
	16384 7168
	10144 7168
4
	0 7168
	6464 7168
	6464 7200
	0 7200
4
	10144 7168
	16384 7168
	16384 7200
	10144 7200
4
	0 7200
	6464 7200
	6464 7232
	0 7232
4
	10144 7200
	16384 7200
	16384 7232
	10144 7232
4
	0 7232
	6464 7232
	6464 7264
	0 7264
4
	9952 7232
	16384 7232
	16384 7264
	9952 7264
4
	0 7264
	6464 7264
	6464 7296
	0 7296
4
	9952 7264
	16384 7264
	16384 7296
	9952 7296
4
	0 7296
	6464 7296
	6464 7328
	0 7328
4
	9952 7296
	16384 7296
	16384 7328
	9952 7328
4
	0 7328
	6464 7328
	6464 7360
	0 7360
4
	9952 7328
	16384 7328
	16384 7360
	9952 7360
4
	0 7360
	6464 7360
	6464 7392
	0 7392
4
	9952 7360
	16384 7360
	16384 7392
	9952 7392
4
	0 7392
	6464 7392
	6464 7424
	0 7424
4
	9952 7392
	16384 7392
	16384 7424
	9952 7424
4
	0 7424
	6464 7424
	6464 7456
	0 7456
4
	9952 7424
	16384 7424
	16384 7456
	9952 7456
4
	0 7456
	5664 7456
	5664 7488
	0 7488
4
	5856 7456
	6464 7456
	6464 7488
	5856 7488
4
	9952 7456
	16384 7456
	16384 7488
	9952 7488
4
	0 7488
	5664 7488
	5664 7520
	0 7520
4
	5856 7488
	6464 7488
	6464 7520
	5856 7520
4
	9952 7488
	16384 7488
	16384 7520
	9952 7520
4
	0 7520
	5664 7520
	5664 7552
	0 7552
4
	5856 7520
	6464 7520
	6464 7552
	5856 7552
4
	9952 7520
	16384 7520
	16384 7552
	9952 7552
4
	0 7552
	5664 7552
	5664 7584
	0 7584
4
	5856 7552
	6464 7552
	6464 7584
	5856 7584
4
	9952 7552
	16384 7552
	16384 7584
	9952 7584
4
	0 7584
	5664 7584
	5664 7616
	0 7616
4
	5856 7584
	6464 7584
	6464 7616
	5856 7616
4
	9952 7584
	16384 7584
	16384 7616
	9952 7616
4
	0 7616
	5664 7616
	5664 7648
	0 7648
4
	5856 7616
	6464 7616
	6464 7648
	5856 7648
4
	9952 7616
	16384 7616
	16384 7648
	9952 7648
4
	0 7648
	5664 7648
	5664 7680
	0 7680
4
	5856 7648
	6464 7648
	6464 7680
	5856 7680
4
	9952 7648
	16384 7648
	16384 7680
	9952 7680
4
	0 7680
	5664 7680
	5664 7712
	0 7712
4
	5856 7680
	6464 7680
	6464 7712
	5856 7712
4
	9952 7680
	16384 7680
	16384 7712
	9952 7712
4
	0 7712
	5664 7712
	5664 7744
	0 7744
4
	5856 7712
	6464 7712
	6464 7744
	5856 7744
4
	9952 7712
	16384 7712
	16384 7744
	9952 7744
4
	0 7744
	5664 7744
	5664 7776
	0 7776
4
	5856 7744
	6464 7744
	6464 7776
	5856 7776
4
	9952 7744
	16384 7744
	16384 7776
	9952 7776
4
	0 7776
	5664 7776
	5664 7808
	0 7808
4
	5856 7776
	6464 7776
	6464 7808
	5856 7808
4
	9952 7776
	16384 7776
	16384 7808
	9952 7808
4
	0 7808
	5664 7808
	5664 7840
	0 7840
4
	5856 7808
	6464 7808
	6464 7840
	5856 7840
4
	9952 7808
	16384 7808
	16384 7840
	9952 7840
4
	0 7840
	5664 7840
	5664 7872
	0 7872
4
	5856 7840
	6464 7840
	6464 7872
	5856 7872
4
	9952 7840
	16384 7840
	16384 7872
	9952 7872
4
	0 7872
	5472 7872
	5472 7904
	0 7904
4
	6048 7872
	6464 7872
	6464 7904
	6048 7904
4
	10752 7872
	16384 7872
	16384 7904
	10752 7904
4
	0 7904
	5472 7904
	5472 7936
	0 7936
4
	6048 7904
	6464 7904
	6464 7936
	6048 7936
4
	10752 7904
	16384 7904
	16384 7936
	10752 7936
4
	0 7936
	5472 7936
	5472 7968
	0 7968
4
	6048 7936
	6464 7936
	6464 7968
	6048 7968
4
	10752 7936
	16384 7936
	16384 7968
	10752 7968
4
	0 7968
	5472 7968
	5472 8000
	0 8000
4
	6048 7968
	6464 7968
	6464 8000
	6048 8000
4
	10752 7968
	16384 7968
	16384 8000
	10752 8000
4
	0 8000
	5472 8000
	5472 8032
	0 8032
4
	6048 8000
	6464 8000
	6464 8032
	6048 8032
4
	10752 8000
	16384 8000
	16384 8032
	10752 8032
4
	0 8032
	5472 8032
	5472 8064
	0 8064
4
	6048 8032
	6464 8032
	6464 8064
	6048 8064
4
	10752 8032
	16384 8032
	16384 8064
	10752 8064
4
	0 8064
	5472 8064
	5472 8096
	0 8096
4
	6048 8064
	6464 8064
	6464 8096
	6048 8096
4
	10752 8064
	16384 8064
	16384 8096
	10752 8096
4
	0 8096
	4896 8096
	4896 8128
	0 8128
4
	10560 8096
	16384 8096
	16384 8128
	10560 8128
4
	0 8128
	4896 8128
	4896 8160
	0 8160
4
	10560 8128
	16384 8128
	16384 8160
	10560 8160
4
	0 8160
	4896 8160
	4896 8192
	0 8192
4
	10560 8160
	16384 8160
	16384 8192
	10560 8192
4
	0 8192
	4896 8192
	4896 8224
	0 8224
4
	10560 8192
	16384 8192
	16384 8224
	10560 8224
4
	0 8224
	4896 8224
	4896 8256
	0 8256
4
	10560 8224
	16384 8224
	16384 8256
	10560 8256
4
	0 8256
	4896 8256
	4896 8288
	0 8288
4
	10560 8256
	16384 8256
	16384 8288
	10560 8288
4
	0 8288
	4896 8288
	4896 8320
	0 8320
4
	10560 8288
	16384 8288
	16384 8320
	10560 8320
4
	0 8320
	4704 8320
	4704 8352
	0 8352
4
	10368 8320
	16384 8320
	16384 8352
	10368 8352
4
	0 8352
	4704 8352
	4704 8384
	0 8384
4
	10368 8352
	16384 8352
	16384 8384
	10368 8384
4
	0 8384
	4704 8384
	4704 8416
	0 8416
4
	10368 8384
	16384 8384
	16384 8416
	10368 8416
4
	0 8416
	4704 8416
	4704 8448
	0 8448
4
	10368 8416
	16384 8416
	16384 8448
	10368 8448
4
	0 8448
	4704 8448
	4704 8480
	0 8480
4
	10368 8448
	16384 8448
	16384 8480
	10368 8480
4
	0 8480
	4704 8480
	4704 8512
	0 8512
4
	10368 8480
	16384 8480
	16384 8512
	10368 8512
4
	0 8512
	4704 8512
	4704 8544
	0 8544
4
	10368 8512
	16384 8512
	16384 8544
	10368 8544
4
	0 8544
	4512 8544
	4512 8576
	0 8576
4
	10560 8544
	16384 8544
	16384 8576
	10560 8576
4
	0 8576
	4512 8576
	4512 8608
	0 8608
4
	10560 8576
	16384 8576
	16384 8608
	10560 8608
4
	0 8608
	4512 8608
	4512 8640
	0 8640
4
	10560 8608
	16384 8608
	16384 8640
	10560 8640
4
	0 8640
	4512 8640
	4512 8672
	0 8672
4
	10560 8640
	16384 8640
	16384 8672
	10560 8672
4
	0 8672
	4512 8672
	4512 8704
	0 8704
4
	10560 8672
	16384 8672
	16384 8704
	10560 8704
4
	0 8704
	4512 8704
	4512 8736
	0 8736
4
	10560 8704
	16384 8704
	16384 8736
	10560 8736
4
	0 8736
	4512 8736
	4512 8768
	0 8768
4
	10560 8736
	16384 8736
	16384 8768
	10560 8768
4
	0 8768
	4320 8768
	4320 8800
	0 8800
4
	10560 8768
	16384 8768
	16384 8800
	10560 8800
4
	0 8800
	4320 8800
	4320 8832
	0 8832
4
	10560 8800
	16384 8800
	16384 8832
	10560 8832
4
	0 8832
	4320 8832
	4320 8864
	0 8864
4
	10560 8832
	16384 8832
	16384 8864
	10560 8864
4
	0 8864
	4320 8864
	4320 8896
	0 8896
4
	10560 8864
	16384 8864
	16384 8896
	10560 8896
4
	0 8896
	4320 8896
	4320 8928
	0 8928
4
	10560 8896
	16384 8896
	16384 8928
	10560 8928
4
	0 8928
	4320 8928
	4320 8960
	0 8960
4
	10560 8928
	16384 8928
	16384 8960
	10560 8960
4
	0 8960
	3712 8960
	3712 8992
	0 8992
4
	10560 8960
	16384 8960
	16384 8992
	10560 8992
4
	0 8992
	3712 8992
	3712 9024
	0 9024
4
	10560 8992
	16384 8992
	16384 9024
	10560 9024
4
	0 9024
	3712 9024
	3712 9056
	0 9056
4
	10560 9024
	16384 9024
	16384 9056
	10560 9056
4
	0 9056
	3712 9056
	3712 9088
	0 9088
4
	10560 9056
	16384 9056
	16384 9088
	10560 9088
4
	0 9088
	3712 9088
	3712 9120
	0 9120
4
	10560 9088
	16384 9088
	16384 9120
	10560 9120
4
	0 9120
	3712 9120
	3712 9152
	0 9152
4
	10560 9120
	16384 9120
	16384 9152
	10560 9152
4
	0 9152
	3712 9152
	3712 9184
	0 9184
4
	10560 9152
	16384 9152
	16384 9184
	10560 9184
4
	0 9184
	3520 9184
	3520 9216
	0 9216
4
	10560 9184
	16384 9184
	16384 9216
	10560 9216
4
	0 9216
	3520 9216
	3520 9248
	0 9248
4
	10560 9216
	16384 9216
	16384 9248
	10560 9248
4
	0 9248
	3520 9248
	3520 9280
	0 9280
4
	10560 9248
	16384 9248
	16384 9280
	10560 9280
4
	0 9280
	3520 9280
	3520 9312
	0 9312
4
	10560 9280
	16384 9280
	16384 9312
	10560 9312
4
	0 9312
	3520 9312
	3520 9344
	0 9344
4
	10560 9312
	16384 9312
	16384 9344
	10560 9344
4
	0 9344
	3520 9344
	3520 9376
	0 9376
4
	10560 9344
	16384 9344
	16384 9376
	10560 9376
4
	0 9376
	3520 9376
	3520 9408
	0 9408
4
	10560 9376
	16384 9376
	16384 9408
	10560 9408
4
	0 9408
	3520 9408
	3520 9440
	0 9440
4
	11520 9408
	11904 9408
	11904 9440
	11520 9440
4
	12512 9408
	16384 9408
	16384 9440
	12512 9440
4
	0 9440
	3520 9440
	3520 9472
	0 9472
4
	11520 9440
	11904 9440
	11904 9472
	11520 9472
4
	12512 9440
	16384 9440
	16384 9472
	12512 9472
4
	0 9472
	3520 9472
	3520 9504
	0 9504
4
	11520 9472
	11904 9472
	11904 9504
	11520 9504
4
	12512 9472
	16384 9472
	16384 9504
	12512 9504
4
	0 9504
	3520 9504
	3520 9536
	0 9536
4
	11520 9504
	11904 9504
	11904 9536
	11520 9536
4
	12512 9504
	16384 9504
	16384 9536
	12512 9536
4
	0 9536
	3520 9536
	3520 9568
	0 9568
4
	11520 9536
	11904 9536
	11904 9568
	11520 9568
4
	12512 9536
	16384 9536
	16384 9568
	12512 9568
4
	0 9568
	3520 9568
	3520 9600
	0 9600
4
	11520 9568
	11904 9568
	11904 9600
	11520 9600
4
	12512 9568
	16384 9568
	16384 9600
	12512 9600
4
	0 9600
	3520 9600
	3520 9632
	0 9632
4
	11520 9600
	11904 9600
	11904 9632
	11520 9632
4
	12512 9600
	16384 9600
	16384 9632
	12512 9632
4
	0 9632
	3520 9632
	3520 9664
	0 9664
4
	13280 9632
	16384 9632
	16384 9664
	13280 9664
4
	0 9664
	3520 9664
	3520 9696
	0 9696
4
	13280 9664
	16384 9664
	16384 9696
	13280 9696
4
	0 9696
	3520 9696
	3520 9728
	0 9728
4
	13280 9696
	16384 9696
	16384 9728
	13280 9728
4
	0 9728
	3520 9728
	3520 9760
	0 9760
4
	13280 9728
	16384 9728
	16384 9760
	13280 9760
4
	0 9760
	3520 9760
	3520 9792
	0 9792
4
	13280 9760
	16384 9760
	16384 9792
	13280 9792
4
	0 9792
	3520 9792
	3520 9824
	0 9824
4
	13280 9792
	16384 9792
	16384 9824
	13280 9824
4
	0 9824
	3520 9824
	3520 9856
	0 9856
4
	13280 9824
	16384 9824
	16384 9856
	13280 9856
4
	0 9856
	3520 9856
	3520 9888
	0 9888
4
	14048 9856
	16384 9856
	16384 9888
	14048 9888
4
	0 9888
	3520 9888
	3520 9920
	0 9920
4
	14048 9888
	16384 9888
	16384 9920
	14048 9920
4
	0 9920
	3520 9920
	3520 9952
	0 9952
4
	14048 9920
	16384 9920
	16384 9952
	14048 9952
4
	0 9952
	3520 9952
	3520 9984
	0 9984
4
	14048 9952
	16384 9952
	16384 9984
	14048 9984
4
	0 9984
	3520 9984
	3520 10016
	0 10016
4
	14048 9984
	16384 9984
	16384 10016
	14048 10016
4
	0 10016
	3520 10016
	3520 10048
	0 10048
4
	14048 10016
	16384 10016
	16384 10048
	14048 10048
4
	0 10048
	3520 10048
	3520 10080
	0 10080
4
	14048 10048
	16384 10048
	16384 10080
	14048 10080
4
	0 10080
	3520 10080
	3520 10112
	0 10112
4
	14048 10080
	16384 10080
	16384 10112
	14048 10112
4
	0 10112
	3520 10112
	3520 10144
	0 10144
4
	14048 10112
	16384 10112
	16384 10144
	14048 10144
4
	0 10144
	3520 10144
	3520 10176
	0 10176
4
	14048 10144
	16384 10144
	16384 10176
	14048 10176
4
	0 10176
	3520 10176
	3520 10208
	0 10208
4
	14048 10176
	16384 10176
	16384 10208
	14048 10208
4
	0 10208
	3520 10208
	3520 10240
	0 10240
4
	14048 10208
	16384 10208
	16384 10240
	14048 10240
4
	0 10240
	3520 10240
	3520 10272
	0 10272
4
	14048 10240
	16384 10240
	16384 10272
	14048 10272
4
	0 10272
	3904 10272
	3904 10304
	0 10304
4
	14048 10272
	16384 10272
	16384 10304
	14048 10304
4
	0 10304
	3904 10304
	3904 10336
	0 10336
4
	14048 10304
	16384 10304
	16384 10336
	14048 10336
4
	0 10336
	3904 10336
	3904 10368
	0 10368
4
	14048 10336
	16384 10336
	16384 10368
	14048 10368
4
	0 10368
	3904 10368
	3904 10400
	0 10400
4
	14048 10368
	16384 10368
	16384 10400
	14048 10400
4
	0 10400
	3904 10400
	3904 10432
	0 10432
4
	14048 10400
	16384 10400
	16384 10432
	14048 10432
4
	0 10432
	3904 10432
	3904 10464
	0 10464
4
	14048 10432
	16384 10432
	16384 10464
	14048 10464
4
	0 10464
	3904 10464
	3904 10496
	0 10496
4
	14048 10464
	16384 10464
	16384 10496
	14048 10496
4
	0 10496
	3712 10496
	3712 10528
	0 10528
4
	14048 10496
	16384 10496
	16384 10528
	14048 10528
4
	0 10528
	3712 10528
	3712 10560
	0 10560
4
	14048 10528
	16384 10528
	16384 10560
	14048 10560
4
	0 10560
	3712 10560
	3712 10592
	0 10592
4
	14048 10560
	16384 10560
	16384 10592
	14048 10592
4
	0 10592
	3712 10592
	3712 10624
	0 10624
4
	14048 10592
	16384 10592
	16384 10624
	14048 10624
4
	0 10624
	3712 10624
	3712 10656
	0 10656
4
	14048 10624
	16384 10624
	16384 10656
	14048 10656
4
	0 10656
	3712 10656
	3712 10688
	0 10688
4
	14048 10656
	16384 10656
	16384 10688
	14048 10688
4
	0 10688
	3712 10688
	3712 10720
	0 10720
4
	14048 10688
	16384 10688
	16384 10720
	14048 10720
4
	0 10720
	3520 10720
	3520 10752
	0 10752
4
	14048 10720
	16384 10720
	16384 10752
	14048 10752
4
	0 10752
	3520 10752
	3520 10784
	0 10784
4
	14048 10752
	16384 10752
	16384 10784
	14048 10784
4
	0 10784
	3520 10784
	3520 10816
	0 10816
4
	14048 10784
	16384 10784
	16384 10816
	14048 10816
4
	0 10816
	3520 10816
	3520 10848
	0 10848
4
	14048 10816
	16384 10816
	16384 10848
	14048 10848
4
	0 10848
	3520 10848
	3520 10880
	0 10880
4
	14048 10848
	16384 10848
	16384 10880
	14048 10880
4
	0 10880
	3520 10880
	3520 10912
	0 10912
4
	14048 10880
	16384 10880
	16384 10912
	14048 10912
4
	0 10912
	3520 10912
	3520 10944
	0 10944
4
	14048 10912
	16384 10912
	16384 10944
	14048 10944
4
	0 10944
	3328 10944
	3328 10976
	0 10976
4
	13856 10944
	16384 10944
	16384 10976
	13856 10976
4
	0 10976
	3328 10976
	3328 11008
	0 11008
4
	13856 10976
	16384 10976
	16384 11008
	13856 11008
4
	0 11008
	3328 11008
	3328 11040
	0 11040
4
	13856 11008
	16384 11008
	16384 11040
	13856 11040
4
	0 11040
	3328 11040
	3328 11072
	0 11072
4
	13856 11040
	16384 11040
	16384 11072
	13856 11072
4
	0 11072
	3328 11072
	3328 11104
	0 11104
4
	13856 11072
	16384 11072
	16384 11104
	13856 11104
4
	0 11104
	3328 11104
	3328 11136
	0 11136
4
	13856 11104
	16384 11104
	16384 11136
	13856 11136
4
	0 11136
	3328 11136
	3328 11168
	0 11168
4
	13856 11136
	16384 11136
	16384 11168
	13856 11168
4
	0 11168
	3136 11168
	3136 11200
	0 11200
4
	13664 11168
	16384 11168
	16384 11200
	13664 11200
4
	0 11200
	3136 11200
	3136 11232
	0 11232
4
	13664 11200
	16384 11200
	16384 11232
	13664 11232
4
	0 11232
	3136 11232
	3136 11264
	0 11264
4
	13664 11232
	16384 11232
	16384 11264
	13664 11264
4
	0 11264
	3136 11264
	3136 11296
	0 11296
4
	13664 11264
	16384 11264
	16384 11296
	13664 11296
4
	0 11296
	3136 11296
	3136 11328
	0 11328
4
	13664 11296
	16384 11296
	16384 11328
	13664 11328
4
	0 11328
	3136 11328
	3136 11360
	0 11360
4
	13664 11328
	16384 11328
	16384 11360
	13664 11360
4
	0 11360
	2944 11360
	2944 11392
	0 11392
4
	13472 11360
	16384 11360
	16384 11392
	13472 11392
4
	0 11392
	2944 11392
	2944 11424
	0 11424
4
	13472 11392
	16384 11392
	16384 11424
	13472 11424
4
	0 11424
	2944 11424
	2944 11456
	0 11456
4
	13472 11424
	16384 11424
	16384 11456
	13472 11456
4
	0 11456
	2944 11456
	2944 11488
	0 11488
4
	13472 11456
	16384 11456
	16384 11488
	13472 11488
4
	0 11488
	2944 11488
	2944 11520
	0 11520
4
	13472 11488
	16384 11488
	16384 11520
	13472 11520
4
	0 11520
	2944 11520
	2944 11552
	0 11552
4
	13472 11520
	16384 11520
	16384 11552
	13472 11552
4
	0 11552
	2944 11552
	2944 11584
	0 11584
4
	13472 11552
	16384 11552
	16384 11584
	13472 11584
4
	0 11584
	2944 11584
	2944 11616
	0 11616
4
	13280 11584
	16384 11584
	16384 11616
	13280 11616
4
	0 11616
	2944 11616
	2944 11648
	0 11648
4
	13280 11616
	16384 11616
	16384 11648
	13280 11648
4
	0 11648
	2944 11648
	2944 11680
	0 11680
4
	13280 11648
	16384 11648
	16384 11680
	13280 11680
4
	0 11680
	2944 11680
	2944 11712
	0 11712
4
	13280 11680
	16384 11680
	16384 11712
	13280 11712
4
	0 11712
	2944 11712
	2944 11744
	0 11744
4
	13280 11712
	16384 11712
	16384 11744
	13280 11744
4
	0 11744
	2944 11744
	2944 11776
	0 11776
4
	13280 11744
	16384 11744
	16384 11776
	13280 11776
4
	0 11776
	2944 11776
	2944 11808
	0 11808
4
	13280 11776
	16384 11776
	16384 11808
	13280 11808
4
	0 11808
	2944 11808
	2944 11840
	0 11840
4
	13088 11808
	16384 11808
	16384 11840
	13088 11840
4
	0 11840
	2944 11840
	2944 11872
	0 11872
4
	13088 11840
	16384 11840
	16384 11872
	13088 11872
4
	0 11872
	2944 11872
	2944 11904
	0 11904
4
	13088 11872
	16384 11872
	16384 11904
	13088 11904
4
	0 11904
	2944 11904
	2944 11936
	0 11936
4
	13088 11904
	16384 11904
	16384 11936
	13088 11936
4
	0 11936
	2944 11936
	2944 11968
	0 11968
4
	13088 11936
	16384 11936
	16384 11968
	13088 11968
4
	0 11968
	2944 11968
	2944 12000
	0 12000
4
	13088 11968
	16384 11968
	16384 12000
	13088 12000
4
	0 12000
	2944 12000
	2944 12032
	0 12032
4
	13088 12000
	16384 12000
	16384 12032
	13088 12032
4
	0 12032
	2944 12032
	2944 12064
	0 12064
4
	13088 12032
	16384 12032
	16384 12064
	13088 12064
4
	0 12064
	2944 12064
	2944 12096
	0 12096
4
	13088 12064
	16384 12064
	16384 12096
	13088 12096
4
	0 12096
	2944 12096
	2944 12128
	0 12128
4
	13088 12096
	16384 12096
	16384 12128
	13088 12128
4
	0 12128
	2944 12128
	2944 12160
	0 12160
4
	13088 12128
	16384 12128
	16384 12160
	13088 12160
4
	0 12160
	2944 12160
	2944 12192
	0 12192
4
	13088 12160
	16384 12160
	16384 12192
	13088 12192
4
	0 12192
	2944 12192
	2944 12224
	0 12224
4
	13088 12192
	16384 12192
	16384 12224
	13088 12224
4
	0 12224
	2944 12224
	2944 12256
	0 12256
4
	13088 12224
	16384 12224
	16384 12256
	13088 12256
4
	0 12256
	3136 12256
	3136 12288
	0 12288
4
	13088 12256
	16384 12256
	16384 12288
	13088 12288
4
	0 12288
	3136 12288
	3136 12320
	0 12320
4
	13088 12288
	16384 12288
	16384 12320
	13088 12320
4
	0 12320
	3136 12320
	3136 12352
	0 12352
4
	13088 12320
	16384 12320
	16384 12352
	13088 12352
4
	0 12352
	3136 12352
	3136 12384
	0 12384
4
	13088 12352
	16384 12352
	16384 12384
	13088 12384
4
	0 12384
	3136 12384
	3136 12416
	0 12416
4
	13088 12384
	16384 12384
	16384 12416
	13088 12416
4
	0 12416
	3136 12416
	3136 12448
	0 12448
4
	13088 12416
	16384 12416
	16384 12448
	13088 12448
4
	0 12448
	3136 12448
	3136 12480
	0 12480
4
	13088 12448
	16384 12448
	16384 12480
	13088 12480
4
	0 12480
	3520 12480
	3520 12512
	0 12512
4
	13088 12480
	16384 12480
	16384 12512
	13088 12512
4
	0 12512
	3520 12512
	3520 12544
	0 12544
4
	13088 12512
	16384 12512
	16384 12544
	13088 12544
4
	0 12544
	3520 12544
	3520 12576
	0 12576
4
	13088 12544
	16384 12544
	16384 12576
	13088 12576
4
	0 12576
	3520 12576
	3520 12608
	0 12608
4
	13088 12576
	16384 12576
	16384 12608
	13088 12608
4
	0 12608
	3520 12608
	3520 12640
	0 12640
4
	13088 12608
	16384 12608
	16384 12640
	13088 12640
4
	0 12640
	3520 12640
	3520 12672
	0 12672
4
	13088 12640
	16384 12640
	16384 12672
	13088 12672
4
	0 12672
	3904 12672
	3904 12704
	0 12704
4
	13088 12672
	16384 12672
	16384 12704
	13088 12704
4
	0 12704
	3904 12704
	3904 12736
	0 12736
4
	13088 12704
	16384 12704
	16384 12736
	13088 12736
4
	0 12736
	3904 12736
	3904 12768
	0 12768
4
	13088 12736
	16384 12736
	16384 12768
	13088 12768
4
	0 12768
	3904 12768
	3904 12800
	0 12800
4
	13088 12768
	16384 12768
	16384 12800
	13088 12800
4
	0 12800
	3904 12800
	3904 12832
	0 12832
4
	13088 12800
	16384 12800
	16384 12832
	13088 12832
4
	0 12832
	3904 12832
	3904 12864
	0 12864
4
	13088 12832
	16384 12832
	16384 12864
	13088 12864
4
	0 12864
	3904 12864
	3904 12896
	0 12896
4
	13088 12864
	16384 12864
	16384 12896
	13088 12896
4
	0 12896
	4096 12896
	4096 12928
	0 12928
4
	12896 12896
	16384 12896
	16384 12928
	12896 12928
4
	0 12928
	4096 12928
	4096 12960
	0 12960
4
	12896 12928
	16384 12928
	16384 12960
	12896 12960
4
	0 12960
	4096 12960
	4096 12992
	0 12992
4
	12896 12960
	16384 12960
	16384 12992
	12896 12992
4
	0 12992
	4096 12992
	4096 13024
	0 13024
4
	12896 12992
	16384 12992
	16384 13024
	12896 13024
4
	0 13024
	4096 13024
	4096 13056
	0 13056
4
	12896 13024
	16384 13024
	16384 13056
	12896 13056
4
	0 13056
	4096 13056
	4096 13088
	0 13088
4
	12896 13056
	16384 13056
	16384 13088
	12896 13088
4
	0 13088
	4096 13088
	4096 13120
	0 13120
4
	12896 13088
	16384 13088
	16384 13120
	12896 13120
4
	0 13120
	4320 13120
	4320 13152
	0 13152
4
	12704 13120
	16384 13120
	16384 13152
	12704 13152
4
	0 13152
	4320 13152
	4320 13184
	0 13184
4
	12704 13152
	16384 13152
	16384 13184
	12704 13184
4
	0 13184
	4320 13184
	4320 13216
	0 13216
4
	12704 13184
	16384 13184
	16384 13216
	12704 13216
4
	0 13216
	4320 13216
	4320 13248
	0 13248
4
	12704 13216
	16384 13216
	16384 13248
	12704 13248
4
	0 13248
	4320 13248
	4320 13280
	0 13280
4
	12704 13248
	16384 13248
	16384 13280
	12704 13280
4
	0 13280
	4320 13280
	4320 13312
	0 13312
4
	12704 13280
	16384 13280
	16384 13312
	12704 13312
4
	0 13312
	4320 13312
	4320 13344
	0 13344
4
	12704 13312
	16384 13312
	16384 13344
	12704 13344
4
	0 13344
	4704 13344
	4704 13376
	0 13376
4
	11712 13344
	11904 13344
	11904 13376
	11712 13376
4
	12512 13344
	16384 13344
	16384 13376
	12512 13376
4
	0 13376
	4704 13376
	4704 13408
	0 13408
4
	11712 13376
	11904 13376
	11904 13408
	11712 13408
4
	12512 13376
	16384 13376
	16384 13408
	12512 13408
4
	0 13408
	4704 13408
	4704 13440
	0 13440
4
	11712 13408
	11904 13408
	11904 13440
	11712 13440
4
	12512 13408
	16384 13408
	16384 13440
	12512 13440
4
	0 13440
	4704 13440
	4704 13472
	0 13472
4
	11712 13440
	11904 13440
	11904 13472
	11712 13472
4
	12512 13440
	16384 13440
	16384 13472
	12512 13472
4
	0 13472
	4704 13472
	4704 13504
	0 13504
4
	11712 13472
	11904 13472
	11904 13504
	11712 13504
4
	12512 13472
	16384 13472
	16384 13504
	12512 13504
4
	0 13504
	4704 13504
	4704 13536
	0 13536
4
	11712 13504
	11904 13504
	11904 13536
	11712 13536
4
	12512 13504
	16384 13504
	16384 13536
	12512 13536
4
	0 13536
	4704 13536
	4704 13568
	0 13568
4
	11712 13536
	11904 13536
	11904 13568
	11712 13568
4
	12512 13536
	16384 13536
	16384 13568
	12512 13568
4
	0 13568
	4896 13568
	4896 13600
	0 13600
4
	11520 13568
	11904 13568
	11904 13600
	11520 13600
4
	12288 13568
	16384 13568
	16384 13600
	12288 13600
4
	0 13600
	4896 13600
	4896 13632
	0 13632
4
	11520 13600
	11904 13600
	11904 13632
	11520 13632
4
	12288 13600
	16384 13600
	16384 13632
	12288 13632
4
	0 13632
	4896 13632
	4896 13664
	0 13664
4
	11520 13632
	11904 13632
	11904 13664
	11520 13664
4
	12288 13632
	16384 13632
	16384 13664
	12288 13664
4
	0 13664
	4896 13664
	4896 13696
	0 13696
4
	11520 13664
	11904 13664
	11904 13696
	11520 13696
4
	12288 13664
	16384 13664
	16384 13696
	12288 13696
4
	0 13696
	4896 13696
	4896 13728
	0 13728
4
	11520 13696
	11904 13696
	11904 13728
	11520 13728
4
	12288 13696
	16384 13696
	16384 13728
	12288 13728
4
	0 13728
	4896 13728
	4896 13760
	0 13760
4
	11520 13728
	11904 13728
	11904 13760
	11520 13760
4
	12288 13728
	16384 13728
	16384 13760
	12288 13760
4
	0 13760
	4896 13760
	4896 13792
	0 13792
4
	11520 13760
	11904 13760
	11904 13792
	11520 13792
4
	12288 13760
	16384 13760
	16384 13792
	12288 13792
4
	0 13792
	5280 13792
	5280 13824
	0 13824
4
	11328 13792
	11904 13792
	11904 13824
	11328 13824
4
	12096 13792
	16384 13792
	16384 13824
	12096 13824
4
	0 13824
	5280 13824
	5280 13856
	0 13856
4
	11328 13824
	11904 13824
	11904 13856
	11328 13856
4
	12096 13824
	16384 13824
	16384 13856
	12096 13856
4
	0 13856
	5280 13856
	5280 13888
	0 13888
4
	11328 13856
	11904 13856
	11904 13888
	11328 13888
4
	12096 13856
	16384 13856
	16384 13888
	12096 13888
4
	0 13888
	5280 13888
	5280 13920
	0 13920
4
	11328 13888
	11904 13888
	11904 13920
	11328 13920
4
	12096 13888
	16384 13888
	16384 13920
	12096 13920
4
	0 13920
	5280 13920
	5280 13952
	0 13952
4
	11328 13920
	11904 13920
	11904 13952
	11328 13952
4
	12096 13920
	16384 13920
	16384 13952
	12096 13952
4
	0 13952
	5280 13952
	5280 13984
	0 13984
4
	11328 13952
	11904 13952
	11904 13984
	11328 13984
4
	12096 13952
	16384 13952
	16384 13984
	12096 13984
4
	0 13984
	5664 13984
	5664 14016
	0 14016
4
	11136 13984
	16384 13984
	16384 14016
	11136 14016
4
	0 14016
	5664 14016
	5664 14048
	0 14048
4
	11136 14016
	16384 14016
	16384 14048
	11136 14048
4
	0 14048
	5664 14048
	5664 14080
	0 14080
4
	11136 14048
	16384 14048
	16384 14080
	11136 14080
4
	0 14080
	5664 14080
	5664 14112
	0 14112
4
	11136 14080
	16384 14080
	16384 14112
	11136 14112
4
	0 14112
	5664 14112
	5664 14144
	0 14144
4
	11136 14112
	16384 14112
	16384 14144
	11136 14144
4
	0 14144
	5664 14144
	5664 14176
	0 14176
4
	11136 14144
	16384 14144
	16384 14176
	11136 14176
4
	0 14176
	5664 14176
	5664 14208
	0 14208
4
	11136 14176
	16384 14176
	16384 14208
	11136 14208
4
	0 14208
	6656 14208
	6656 14240
	0 14240
4
	10944 14208
	16384 14208
	16384 14240
	10944 14240
4
	0 14240
	6656 14240
	6656 14272
	0 14272
4
	10944 14240
	16384 14240
	16384 14272
	10944 14272
4
	0 14272
	6656 14272
	6656 14304
	0 14304
4
	10944 14272
	16384 14272
	16384 14304
	10944 14304
4
	0 14304
	6656 14304
	6656 14336
	0 14336
4
	10944 14304
	16384 14304
	16384 14336
	10944 14336
4
	0 14336
	6656 14336
	6656 14368
	0 14368
4
	10944 14336
	16384 14336
	16384 14368
	10944 14368
4
	0 14368
	6656 14368
	6656 14400
	0 14400
4
	10944 14368
	16384 14368
	16384 14400
	10944 14400
4
	0 14400
	6656 14400
	6656 14432
	0 14432
4
	10944 14400
	16384 14400
	16384 14432
	10944 14432
4
	0 14432
	8416 14432
	8416 14464
	0 14464
4
	10560 14432
	16384 14432
	16384 14464
	10560 14464
4
	0 14464
	8416 14464
	8416 14496
	0 14496
4
	10560 14464
	16384 14464
	16384 14496
	10560 14496
4
	0 14496
	8416 14496
	8416 14528
	0 14528
4
	10560 14496
	16384 14496
	16384 14528
	10560 14528
4
	0 14528
	8416 14528
	8416 14560
	0 14560
4
	10560 14528
	16384 14528
	16384 14560
	10560 14560
4
	0 14560
	8416 14560
	8416 14592
	0 14592
4
	10560 14560
	16384 14560
	16384 14592
	10560 14592
4
	0 14592
	8416 14592
	8416 14624
	0 14624
4
	10560 14592
	16384 14592
	16384 14624
	10560 14624
4
	0 14624
	8416 14624
	8416 14656
	0 14656
4
	10560 14624
	16384 14624
	16384 14656
	10560 14656
4
	0 14656
	16384 14656
	16384 14688
	0 14688
4
	0 14688
	16384 14688
	16384 14720
	0 14720
4
	0 14720
	16384 14720
	16384 14752
	0 14752
4
	0 14752
	16384 14752
	16384 14784
	0 14784
4
	0 14784
	16384 14784
	16384 14816
	0 14816
4
	0 14816
	16384 14816
	16384 14848
	0 14848
4
	0 14848
	16384 14848
	16384 14880
	0 14880
4
	0 14880
	16384 14880
	16384 14912
	0 14912
4
	0 14912
	16384 14912
	16384 14944
	0 14944
4
	0 14944
	16384 14944
	16384 14976
	0 14976
4
	0 14976
	16384 14976
	16384 15008
	0 15008
4
	0 15008
	16384 15008
	16384 15040
	0 15040
4
	0 15040
	16384 15040
	16384 15072
	0 15072
4
	0 15072
	16384 15072
	16384 15104
	0 15104
4
	0 15104
	16384 15104
	16384 15136
	0 15136
4
	0 15136
	16384 15136
	16384 15168
	0 15168
4
	0 15168
	16384 15168
	16384 15200
	0 15200
4
	0 15200
	16384 15200
	16384 15232
	0 15232
4
	0 15232
	16384 15232
	16384 15264
	0 15264
4
	0 15264
	16384 15264
	16384 15296
	0 15296
4
	0 15296
	16384 15296
	16384 15328
	0 15328
4
	0 15328
	16384 15328
	16384 15360
	0 15360
4
	0 15360
	16384 15360
	16384 15392
	0 15392
4
	0 15392
	16384 15392
	16384 15424
	0 15424
4
	0 15424
	16384 15424
	16384 15456
	0 15456
4
	0 15456
	16384 15456
	16384 15488
	0 15488
4
	0 15488
	16384 15488
	16384 15520
	0 15520
4
	0 15520
	16384 15520
	16384 15552
	0 15552
4
	0 15552
	16384 15552
	16384 15584
	0 15584
4
	0 15584
	16384 15584
	16384 15616
	0 15616
4
	0 15616
	16384 15616
	16384 15648
	0 15648
4
	0 15648
	16384 15648
	16384 15680
	0 15680
4
	0 15680
	16384 15680
	16384 15712
	0 15712
4
	0 15712
	16384 15712
	16384 15744
	0 15744
4
	0 15744
	16384 15744
	16384 15776
	0 15776
4
	0 15776
	16384 15776
	16384 15808
	0 15808
4
	0 15808
	16384 15808
	16384 15840
	0 15840
4
	0 15840
	16384 15840
	16384 15872
	0 15872
4
	0 15872
	16384 15872
	16384 15904
	0 15904
4
	0 15904
	16384 15904
	16384 15936
	0 15936
4
	0 15936
	16384 15936
	16384 15968
	0 15968
4
	0 15968
	16384 15968
	16384 16000
	0 16000
4
	0 16000
	16384 16000
	16384 16032
	0 16032
4
	0 16032
	16384 16032
	16384 16064
	0 16064
4
	0 16064
	16384 16064
	16384 16096
	0 16096
4
	0 16096
	16384 16096
	16384 16128
	0 16128
4
	0 16128
	16384 16128
	16384 16160
	0 16160
4
	0 16160
	16384 16160
	16384 16192
	0 16192
4
	0 16192
	16384 16192
	16384 16224
	0 16224
4
	0 16224
	16384 16224
	16384 16256
	0 16256
4
	0 16256
	16384 16256
	16384 16288
	0 16288
4
	0 16288
	16384 16288
	16384 16320
	0 16320
4
	0 16320
	16384 16320
	16384 16352
	0 16352
4
	0 16352
	16384 16352
	16384 16384
	0 16384
4
	-32 -32
	16416 -32
	16416 0
	-32 0
4
	-32 16384
	16416 16384
	16416 16416
	-32 16416
4
	-32 0
	0 0
	0 16384
	-32 16384
4
	16384 0
	16416 0
	16416 16384
	16384 16384
