1675
4
	0 0
	16384 0
	16384 32
	0 32
4
	0 32
	16384 32
	16384 64
	0 64
4
	0 64
	16384 64
	16384 96
	0 96
4
	0 96
	16384 96
	16384 128
	0 128
4
	0 128
	16384 128
	16384 160
	0 160
4
	0 160
	16384 160
	16384 192
	0 192
4
	0 192
	16384 192
	16384 224
	0 224
4
	0 224
	16384 224
	16384 256
	0 256
4
	0 256
	16384 256
	16384 288
	0 288
4
	0 288
	16384 288
	16384 320
	0 320
4
	0 320
	16384 320
	16384 352
	0 352
4
	0 352
	16384 352
	16384 384
	0 384
4
	0 384
	16384 384
	16384 416
	0 416
4
	0 416
	16384 416
	16384 448
	0 448
4
	0 448
	16384 448
	16384 480
	0 480
4
	0 480
	16384 480
	16384 512
	0 512
4
	0 512
	16384 512
	16384 544
	0 544
4
	0 544
	16384 544
	16384 576
	0 576
4
	0 576
	16384 576
	16384 608
	0 608
4
	0 608
	16384 608
	16384 640
	0 640
4
	0 640
	16384 640
	16384 672
	0 672
4
	0 672
	16384 672
	16384 704
	0 704
4
	0 704
	16384 704
	16384 736
	0 736
4
	0 736
	16384 736
	16384 768
	0 768
4
	0 768
	16384 768
	16384 800
	0 800
4
	0 800
	16384 800
	16384 832
	0 832
4
	0 832
	16384 832
	16384 864
	0 864
4
	0 864
	16384 864
	16384 896
	0 896
4
	0 896
	16384 896
	16384 928
	0 928
4
	0 928
	16384 928
	16384 960
	0 960
4
	0 960
	16384 960
	16384 992
	0 992
4
	0 992
	16384 992
	16384 1024
	0 1024
4
	0 1024
	16384 1024
	16384 1056
	0 1056
4
	0 1056
	16384 1056
	16384 1088
	0 1088
4
	0 1088
	16384 1088
	16384 1120
	0 1120
4
	0 1120
	16384 1120
	16384 1152
	0 1152
4
	0 1152
	16384 1152
	16384 1184
	0 1184
4
	0 1184
	16384 1184
	16384 1216
	0 1216
4
	0 1216
	16384 1216
	16384 1248
	0 1248
4
	0 1248
	16384 1248
	16384 1280
	0 1280
4
	0 1280
	16384 1280
	16384 1312
	0 1312
4
	0 1312
	16384 1312
	16384 1344
	0 1344
4
	0 1344
	16384 1344
	16384 1376
	0 1376
4
	0 1376
	16384 1376
	16384 1408
	0 1408
4
	0 1408
	16384 1408
	16384 1440
	0 1440
4
	0 1440
	16384 1440
	16384 1472
	0 1472
4
	0 1472
	16384 1472
	16384 1504
	0 1504
4
	0 1504
	16384 1504
	16384 1536
	0 1536
4
	0 1536
	16384 1536
	16384 1568
	0 1568
4
	0 1568
	16384 1568
	16384 1600
	0 1600
4
	0 1600
	16384 1600
	16384 1632
	0 1632
4
	0 1632
	16384 1632
	16384 1664
	0 1664
4
	0 1664
	16384 1664
	16384 1696
	0 1696
4
	0 1696
	16384 1696
	16384 1728
	0 1728
4
	0 1728
	16384 1728
	16384 1760
	0 1760
4
	0 1760
	16384 1760
	16384 1792
	0 1792
4
	0 1792
	16384 1792
	16384 1824
	0 1824
4
	0 1824
	16384 1824
	16384 1856
	0 1856
4
	0 1856
	16384 1856
	16384 1888
	0 1888
4
	0 1888
	16384 1888
	16384 1920
	0 1920
4
	0 1920
	16384 1920
	16384 1952
	0 1952
4
	0 1952
	16384 1952
	16384 1984
	0 1984
4
	0 1984
	16384 1984
	16384 2016
	0 2016
4
	0 2016
	16384 2016
	16384 2048
	0 2048
4
	0 2048
	16384 2048
	16384 2080
	0 2080
4
	0 2080
	16384 2080
	16384 2112
	0 2112
4
	0 2112
	16384 2112
	16384 2144
	0 2144
4
	0 2144
	16384 2144
	16384 2176
	0 2176
4
	0 2176
	16384 2176
	16384 2208
	0 2208
4
	0 2208
	16384 2208
	16384 2240
	0 2240
4
	0 2240
	16384 2240
	16384 2272
	0 2272
4
	0 2272
	16384 2272
	16384 2304
	0 2304
4
	0 2304
	16384 2304
	16384 2336
	0 2336
4
	0 2336
	16384 2336
	16384 2368
	0 2368
4
	0 2368
	16384 2368
	16384 2400
	0 2400
4
	0 2400
	16384 2400
	16384 2432
	0 2432
4
	0 2432
	16384 2432
	16384 2464
	0 2464
4
	0 2464
	16384 2464
	16384 2496
	0 2496
4
	0 2496
	16384 2496
	16384 2528
	0 2528
4
	0 2528
	16384 2528
	16384 2560
	0 2560
4
	0 2560
	16384 2560
	16384 2592
	0 2592
4
	0 2592
	16384 2592
	16384 2624
	0 2624
4
	0 2624
	16384 2624
	16384 2656
	0 2656
4
	0 2656
	16384 2656
	16384 2688
	0 2688
4
	0 2688
	16384 2688
	16384 2720
	0 2720
4
	0 2720
	16384 2720
	16384 2752
	0 2752
4
	0 2752
	16384 2752
	16384 2784
	0 2784
4
	0 2784
	16384 2784
	16384 2816
	0 2816
4
	0 2816
	16384 2816
	16384 2848
	0 2848
4
	0 2848
	16384 2848
	16384 2880
	0 2880
4
	0 2880
	16384 2880
	16384 2912
	0 2912
4
	0 2912
	16384 2912
	16384 2944
	0 2944
4
	0 2944
	16384 2944
	16384 2976
	0 2976
4
	0 2976
	16384 2976
	16384 3008
	0 3008
4
	0 3008
	16384 3008
	16384 3040
	0 3040
4
	0 3040
	16384 3040
	16384 3072
	0 3072
4
	0 3072
	6784 3072
	6784 3104
	0 3104
4
	10176 3072
	16384 3072
	16384 3104
	10176 3104
4
	0 3104
	6784 3104
	6784 3136
	0 3136
4
	10176 3104
	16384 3104
	16384 3136
	10176 3136
4
	0 3136
	6784 3136
	6784 3168
	0 3168
4
	10176 3136
	16384 3136
	16384 3168
	10176 3168
4
	0 3168
	6784 3168
	6784 3200
	0 3200
4
	10176 3168
	16384 3168
	16384 3200
	10176 3200
4
	0 3200
	6784 3200
	6784 3232
	0 3232
4
	10176 3200
	16384 3200
	16384 3232
	10176 3232
4
	0 3232
	5888 3232
	5888 3264
	0 3264
4
	10528 3232
	16384 3232
	16384 3264
	10528 3264
4
	0 3264
	5888 3264
	5888 3296
	0 3296
4
	10528 3264
	16384 3264
	16384 3296
	10528 3296
4
	0 3296
	5888 3296
	5888 3328
	0 3328
4
	10528 3296
	16384 3296
	16384 3328
	10528 3328
4
	0 3328
	5888 3328
	5888 3360
	0 3360
4
	10528 3328
	16384 3328
	16384 3360
	10528 3360
4
	0 3360
	5888 3360
	5888 3392
	0 3392
4
	10528 3360
	16384 3360
	16384 3392
	10528 3392
4
	0 3392
	5184 3392
	5184 3424
	0 3424
4
	10528 3392
	16384 3392
	16384 3424
	10528 3424
4
	0 3424
	5184 3424
	5184 3456
	0 3456
4
	10528 3424
	16384 3424
	16384 3456
	10528 3456
4
	0 3456
	5184 3456
	5184 3488
	0 3488
4
	10528 3456
	16384 3456
	16384 3488
	10528 3488
4
	0 3488
	5184 3488
	5184 3520
	0 3520
4
	10528 3488
	16384 3488
	16384 3520
	10528 3520
4
	0 3520
	5184 3520
	5184 3552
	0 3552
4
	10528 3520
	16384 3520
	16384 3552
	10528 3552
4
	0 3552
	4832 3552
	4832 3584
	0 3584
4
	10528 3552
	16384 3552
	16384 3584
	10528 3584
4
	0 3584
	4832 3584
	4832 3616
	0 3616
4
	10528 3584
	16384 3584
	16384 3616
	10528 3616
4
	0 3616
	4832 3616
	4832 3648
	0 3648
4
	10528 3616
	16384 3616
	16384 3648
	10528 3648
4
	0 3648
	4832 3648
	4832 3680
	0 3680
4
	10528 3648
	16384 3648
	16384 3680
	10528 3680
4
	0 3680
	4832 3680
	4832 3712
	0 3712
4
	10528 3680
	16384 3680
	16384 3712
	10528 3712
4
	0 3712
	4480 3712
	4480 3744
	0 3744
4
	10528 3712
	16384 3712
	16384 3744
	10528 3744
4
	0 3744
	4480 3744
	4480 3776
	0 3776
4
	10528 3744
	16384 3744
	16384 3776
	10528 3776
4
	0 3776
	4480 3776
	4480 3808
	0 3808
4
	10528 3776
	16384 3776
	16384 3808
	10528 3808
4
	0 3808
	4480 3808
	4480 3840
	0 3840
4
	10528 3808
	16384 3808
	16384 3840
	10528 3840
4
	0 3840
	4480 3840
	4480 3872
	0 3872
4
	10528 3840
	16384 3840
	16384 3872
	10528 3872
4
	0 3872
	4096 3872
	4096 3904
	0 3904
4
	10528 3872
	16384 3872
	16384 3904
	10528 3904
4
	0 3904
	4096 3904
	4096 3936
	0 3936
4
	10528 3904
	16384 3904
	16384 3936
	10528 3936
4
	0 3936
	4096 3936
	4096 3968
	0 3968
4
	10528 3936
	16384 3936
	16384 3968
	10528 3968
4
	0 3968
	4096 3968
	4096 4000
	0 4000
4
	10528 3968
	16384 3968
	16384 4000
	10528 4000
4
	0 4000
	4096 4000
	4096 4032
	0 4032
4
	10528 4000
	16384 4000
	16384 4032
	10528 4032
4
	0 4032
	3744 4032
	3744 4064
	0 4064
4
	10528 4032
	16384 4032
	16384 4064
	10528 4064
4
	0 4064
	3744 4064
	3744 4096
	0 4096
4
	10528 4064
	16384 4064
	16384 4096
	10528 4096
4
	0 4096
	3744 4096
	3744 4128
	0 4128
4
	10528 4096
	16384 4096
	16384 4128
	10528 4128
4
	0 4128
	3744 4128
	3744 4160
	0 4160
4
	10528 4128
	16384 4128
	16384 4160
	10528 4160
4
	0 4160
	3744 4160
	3744 4192
	0 4192
4
	10528 4160
	16384 4160
	16384 4192
	10528 4192
4
	0 4192
	3584 4192
	3584 4224
	0 4224
4
	10528 4192
	16384 4192
	16384 4224
	10528 4224
4
	0 4224
	3584 4224
	3584 4256
	0 4256
4
	10528 4224
	16384 4224
	16384 4256
	10528 4256
4
	0 4256
	3584 4256
	3584 4288
	0 4288
4
	10528 4256
	16384 4256
	16384 4288
	10528 4288
4
	0 4288
	3584 4288
	3584 4320
	0 4320
4
	10528 4288
	16384 4288
	16384 4320
	10528 4320
4
	0 4320
	3584 4320
	3584 4352
	0 4352
4
	10528 4320
	16384 4320
	16384 4352
	10528 4352
4
	0 4352
	3392 4352
	3392 4384
	0 4384
4
	10528 4352
	16384 4352
	16384 4384
	10528 4384
4
	0 4384
	3392 4384
	3392 4416
	0 4416
4
	10528 4384
	16384 4384
	16384 4416
	10528 4416
4
	0 4416
	3392 4416
	3392 4448
	0 4448
4
	10528 4416
	16384 4416
	16384 4448
	10528 4448
4
	0 4448
	3392 4448
	3392 4480
	0 4480
4
	10528 4448
	16384 4448
	16384 4480
	10528 4480
4
	0 4480
	3392 4480
	3392 4512
	0 4512
4
	10528 4480
	16384 4480
	16384 4512
	10528 4512
4
	0 4512
	1440 4512
	1440 4544
	0 4544
4
	1792 4512
	3040 4512
	3040 4544
	1792 4544
4
	7328 4512
	7680 4512
	7680 4544
	7328 4544
4
	8928 4512
	9280 4512
	9280 4544
	8928 4544
4
	10528 4512
	16384 4512
	16384 4544
	10528 4544
4
	0 4544
	1440 4544
	1440 4576
	0 4576
4
	1792 4544
	3040 4544
	3040 4576
	1792 4576
4
	7328 4544
	7680 4544
	7680 4576
	7328 4576
4
	8928 4544
	9280 4544
	9280 4576
	8928 4576
4
	10528 4544
	16384 4544
	16384 4576
	10528 4576
4
	0 4576
	1440 4576
	1440 4608
	0 4608
4
	1792 4576
	3040 4576
	3040 4608
	1792 4608
4
	7328 4576
	7680 4576
	7680 4608
	7328 4608
4
	8928 4576
	9280 4576
	9280 4608
	8928 4608
4
	10528 4576
	16384 4576
	16384 4608
	10528 4608
4
	0 4608
	1440 4608
	1440 4640
	0 4640
4
	1792 4608
	3040 4608
	3040 4640
	1792 4640
4
	7328 4608
	7680 4608
	7680 4640
	7328 4640
4
	8928 4608
	9280 4608
	9280 4640
	8928 4640
4
	10528 4608
	16384 4608
	16384 4640
	10528 4640
4
	0 4640
	1440 4640
	1440 4672
	0 4672
4
	1792 4640
	3040 4640
	3040 4672
	1792 4672
4
	7328 4640
	7680 4640
	7680 4672
	7328 4672
4
	8928 4640
	9280 4640
	9280 4672
	8928 4672
4
	10528 4640
	16384 4640
	16384 4672
	10528 4672
4
	0 4672
	1440 4672
	1440 4704
	0 4704
4
	1984 4672
	2880 4672
	2880 4704
	1984 4704
4
	7136 4672
	7840 4672
	7840 4704
	7136 4704
4
	8736 4672
	9440 4672
	9440 4704
	8736 4704
4
	10528 4672
	16384 4672
	16384 4704
	10528 4704
4
	0 4704
	1440 4704
	1440 4736
	0 4736
4
	1984 4704
	2880 4704
	2880 4736
	1984 4736
4
	7136 4704
	7840 4704
	7840 4736
	7136 4736
4
	8736 4704
	9440 4704
	9440 4736
	8736 4736
4
	10528 4704
	16384 4704
	16384 4736
	10528 4736
4
	0 4736
	1440 4736
	1440 4768
	0 4768
4
	1984 4736
	2880 4736
	2880 4768
	1984 4768
4
	7136 4736
	7840 4736
	7840 4768
	7136 4768
4
	8736 4736
	9440 4736
	9440 4768
	8736 4768
4
	10528 4736
	16384 4736
	16384 4768
	10528 4768
4
	0 4768
	1440 4768
	1440 4800
	0 4800
4
	1984 4768
	2880 4768
	2880 4800
	1984 4800
4
	7136 4768
	7840 4768
	7840 4800
	7136 4800
4
	8736 4768
	9440 4768
	9440 4800
	8736 4800
4
	10528 4768
	16384 4768
	16384 4800
	10528 4800
4
	0 4800
	1440 4800
	1440 4832
	0 4832
4
	1984 4800
	2880 4800
	2880 4832
	1984 4832
4
	7136 4800
	7840 4800
	7840 4832
	7136 4832
4
	8736 4800
	9440 4800
	9440 4832
	8736 4832
4
	10528 4800
	16384 4800
	16384 4832
	10528 4832
4
	0 4832
	1248 4832
	1248 4864
	0 4864
4
	1984 4832
	2688 4832
	2688 4864
	1984 4864
4
	5728 4832
	6080 4832
	6080 4864
	5728 4864
4
	10528 4832
	11424 4832
	11424 4864
	10528 4864
4
	11776 4832
	14784 4832
	14784 4864
	11776 4864
4
	15328 4832
	16384 4832
	16384 4864
	15328 4864
4
	0 4864
	1248 4864
	1248 4896
	0 4896
4
	1984 4864
	2688 4864
	2688 4896
	1984 4896
4
	5728 4864
	6080 4864
	6080 4896
	5728 4896
4
	10528 4864
	11424 4864
	11424 4896
	10528 4896
4
	11776 4864
	14784 4864
	14784 4896
	11776 4896
4
	15328 4864
	16384 4864
	16384 4896
	15328 4896
4
	0 4896
	1248 4896
	1248 4928
	0 4928
4
	1984 4896
	2688 4896
	2688 4928
	1984 4928
4
	5728 4896
	6080 4896
	6080 4928
	5728 4928
4
	10528 4896
	11424 4896
	11424 4928
	10528 4928
4
	11776 4896
	14784 4896
	14784 4928
	11776 4928
4
	15328 4896
	16384 4896
	16384 4928
	15328 4928
4
	0 4928
	1248 4928
	1248 4960
	0 4960
4
	1984 4928
	2688 4928
	2688 4960
	1984 4960
4
	5728 4928
	6080 4928
	6080 4960
	5728 4960
4
	10528 4928
	11424 4928
	11424 4960
	10528 4960
4
	11776 4928
	14784 4928
	14784 4960
	11776 4960
4
	15328 4928
	16384 4928
	16384 4960
	15328 4960
4
	0 4960
	1248 4960
	1248 4992
	0 4992
4
	1984 4960
	2688 4960
	2688 4992
	1984 4992
4
	5728 4960
	6080 4960
	6080 4992
	5728 4992
4
	10528 4960
	11424 4960
	11424 4992
	10528 4992
4
	11776 4960
	14784 4960
	14784 4992
	11776 4992
4
	15328 4960
	16384 4960
	16384 4992
	15328 4992
4
	0 4992
	1248 4992
	1248 5024
	0 5024
4
	2144 4992
	2496 4992
	2496 5024
	2144 5024
4
	5536 4992
	6240 4992
	6240 5024
	5536 5024
4
	6976 4992
	9440 4992
	9440 5024
	6976 5024
4
	10528 4992
	11424 4992
	11424 5024
	10528 5024
4
	11936 4992
	14624 4992
	14624 5024
	11936 5024
4
	15520 4992
	16384 4992
	16384 5024
	15520 5024
4
	0 5024
	1248 5024
	1248 5056
	0 5056
4
	2144 5024
	2496 5024
	2496 5056
	2144 5056
4
	5536 5024
	6240 5024
	6240 5056
	5536 5056
4
	6976 5024
	9440 5024
	9440 5056
	6976 5056
4
	10528 5024
	11424 5024
	11424 5056
	10528 5056
4
	11936 5024
	14624 5024
	14624 5056
	11936 5056
4
	15520 5024
	16384 5024
	16384 5056
	15520 5056
4
	0 5056
	1248 5056
	1248 5088
	0 5088
4
	2144 5056
	2496 5056
	2496 5088
	2144 5088
4
	5536 5056
	6240 5056
	6240 5088
	5536 5088
4
	6976 5056
	9440 5056
	9440 5088
	6976 5088
4
	10528 5056
	11424 5056
	11424 5088
	10528 5088
4
	11936 5056
	14624 5056
	14624 5088
	11936 5088
4
	15520 5056
	16384 5056
	16384 5088
	15520 5088
4
	0 5088
	1248 5088
	1248 5120
	0 5120
4
	2144 5088
	2496 5088
	2496 5120
	2144 5120
4
	5536 5088
	6240 5088
	6240 5120
	5536 5120
4
	6976 5088
	9440 5088
	9440 5120
	6976 5120
4
	10528 5088
	11424 5088
	11424 5120
	10528 5120
4
	11936 5088
	14624 5088
	14624 5120
	11936 5120
4
	15520 5088
	16384 5088
	16384 5120
	15520 5120
4
	0 5120
	1248 5120
	1248 5152
	0 5152
4
	2144 5120
	2496 5120
	2496 5152
	2144 5152
4
	5536 5120
	6240 5120
	6240 5152
	5536 5152
4
	6976 5120
	9440 5120
	9440 5152
	6976 5152
4
	10528 5120
	11424 5120
	11424 5152
	10528 5152
4
	11936 5120
	14624 5120
	14624 5152
	11936 5152
4
	15520 5120
	16384 5120
	16384 5152
	15520 5152
4
	0 5152
	1088 5152
	1088 5184
	0 5184
4
	5728 5152
	10176 5152
	10176 5184
	5728 5184
4
	10528 5152
	11424 5152
	11424 5184
	10528 5184
4
	11936 5152
	14432 5152
	14432 5184
	11936 5184
4
	15520 5152
	16384 5152
	16384 5184
	15520 5184
4
	0 5184
	1088 5184
	1088 5216
	0 5216
4
	5728 5184
	10176 5184
	10176 5216
	5728 5216
4
	10528 5184
	11424 5184
	11424 5216
	10528 5216
4
	11936 5184
	14432 5184
	14432 5216
	11936 5216
4
	15520 5184
	16384 5184
	16384 5216
	15520 5216
4
	0 5216
	1088 5216
	1088 5248
	0 5248
4
	5728 5216
	10176 5216
	10176 5248
	5728 5248
4
	10528 5216
	11424 5216
	11424 5248
	10528 5248
4
	11936 5216
	14432 5216
	14432 5248
	11936 5248
4
	15520 5216
	16384 5216
	16384 5248
	15520 5248
4
	0 5248
	1088 5248
	1088 5280
	0 5280
4
	5728 5248
	10176 5248
	10176 5280
	5728 5280
4
	10528 5248
	11424 5248
	11424 5280
	10528 5280
4
	11936 5248
	14432 5248
	14432 5280
	11936 5280
4
	15520 5248
	16384 5248
	16384 5280
	15520 5280
4
	0 5280
	1088 5280
	1088 5312
	0 5312
4
	5728 5280
	10176 5280
	10176 5312
	5728 5312
4
	10528 5280
	11424 5280
	11424 5312
	10528 5312
4
	11936 5280
	14432 5280
	14432 5312
	11936 5312
4
	15520 5280
	16384 5280
	16384 5312
	15520 5312
4
	0 5312
	1088 5312
	1088 5344
	0 5344
4
	4288 5312
	4640 5312
	4640 5344
	4288 5344
4
	5728 5312
	11424 5312
	11424 5344
	5728 5344
4
	12128 5312
	14272 5312
	14272 5344
	12128 5344
4
	15520 5312
	16384 5312
	16384 5344
	15520 5344
4
	0 5344
	1088 5344
	1088 5376
	0 5376
4
	4288 5344
	4640 5344
	4640 5376
	4288 5376
4
	5728 5344
	11424 5344
	11424 5376
	5728 5376
4
	12128 5344
	14272 5344
	14272 5376
	12128 5376
4
	15520 5344
	16384 5344
	16384 5376
	15520 5376
4
	0 5376
	1088 5376
	1088 5408
	0 5408
4
	4288 5376
	4640 5376
	4640 5408
	4288 5408
4
	5728 5376
	11424 5376
	11424 5408
	5728 5408
4
	12128 5376
	14272 5376
	14272 5408
	12128 5408
4
	15520 5376
	16384 5376
	16384 5408
	15520 5408
4
	0 5408
	1088 5408
	1088 5440
	0 5440
4
	4288 5408
	4640 5408
	4640 5440
	4288 5440
4
	5728 5408
	11424 5408
	11424 5440
	5728 5440
4
	12128 5408
	14272 5408
	14272 5440
	12128 5440
4
	15520 5408
	16384 5408
	16384 5440
	15520 5440
4
	0 5440
	1088 5440
	1088 5472
	0 5472
4
	4288 5440
	4640 5440
	4640 5472
	4288 5472
4
	5728 5440
	11424 5440
	11424 5472
	5728 5472
4
	12128 5440
	14272 5440
	14272 5472
	12128 5472
4
	15520 5440
	16384 5440
	16384 5472
	15520 5472
4
	0 5472
	1088 5472
	1088 5504
	0 5504
4
	4288 5472
	4832 5472
	4832 5504
	4288 5504
4
	5184 5472
	11424 5472
	11424 5504
	5184 5504
4
	12128 5472
	14080 5472
	14080 5504
	12128 5504
4
	15520 5472
	16384 5472
	16384 5504
	15520 5504
4
	0 5504
	1088 5504
	1088 5536
	0 5536
4
	4288 5504
	4832 5504
	4832 5536
	4288 5536
4
	5184 5504
	11424 5504
	11424 5536
	5184 5536
4
	12128 5504
	14080 5504
	14080 5536
	12128 5536
4
	15520 5504
	16384 5504
	16384 5536
	15520 5536
4
	0 5536
	1088 5536
	1088 5568
	0 5568
4
	4288 5536
	4832 5536
	4832 5568
	4288 5568
4
	5184 5536
	11424 5536
	11424 5568
	5184 5568
4
	12128 5536
	14080 5536
	14080 5568
	12128 5568
4
	15520 5536
	16384 5536
	16384 5568
	15520 5568
4
	0 5568
	1088 5568
	1088 5600
	0 5600
4
	4288 5568
	4832 5568
	4832 5600
	4288 5600
4
	5184 5568
	11424 5568
	11424 5600
	5184 5600
4
	12128 5568
	14080 5568
	14080 5600
	12128 5600
4
	15520 5568
	16384 5568
	16384 5600
	15520 5600
4
	0 5600
	1088 5600
	1088 5632
	0 5632
4
	4288 5600
	4832 5600
	4832 5632
	4288 5632
4
	5184 5600
	11424 5600
	11424 5632
	5184 5632
4
	12128 5600
	14080 5600
	14080 5632
	12128 5632
4
	15520 5600
	16384 5600
	16384 5632
	15520 5632
4
	0 5632
	896 5632
	896 5664
	0 5664
4
	4096 5632
	11424 5632
	11424 5664
	4096 5664
4
	12128 5632
	13920 5632
	13920 5664
	12128 5664
4
	15520 5632
	16384 5632
	16384 5664
	15520 5664
4
	0 5664
	896 5664
	896 5696
	0 5696
4
	4096 5664
	11424 5664
	11424 5696
	4096 5696
4
	12128 5664
	13920 5664
	13920 5696
	12128 5696
4
	15520 5664
	16384 5664
	16384 5696
	15520 5696
4
	0 5696
	896 5696
	896 5728
	0 5728
4
	4096 5696
	11424 5696
	11424 5728
	4096 5728
4
	12128 5696
	13920 5696
	13920 5728
	12128 5728
4
	15520 5696
	16384 5696
	16384 5728
	15520 5728
4
	0 5728
	896 5728
	896 5760
	0 5760
4
	4096 5728
	11424 5728
	11424 5760
	4096 5760
4
	12128 5728
	13920 5728
	13920 5760
	12128 5760
4
	15520 5728
	16384 5728
	16384 5760
	15520 5760
4
	0 5760
	896 5760
	896 5792
	0 5792
4
	4096 5760
	11424 5760
	11424 5792
	4096 5792
4
	12128 5760
	13920 5760
	13920 5792
	12128 5792
4
	15520 5760
	16384 5760
	16384 5792
	15520 5792
4
	0 5792
	896 5792
	896 5824
	0 5824
4
	4480 5792
	11232 5792
	11232 5824
	4480 5824
4
	12128 5792
	13728 5792
	13728 5824
	12128 5824
4
	15680 5792
	16384 5792
	16384 5824
	15680 5824
4
	0 5824
	896 5824
	896 5856
	0 5856
4
	4480 5824
	11232 5824
	11232 5856
	4480 5856
4
	12128 5824
	13728 5824
	13728 5856
	12128 5856
4
	15680 5824
	16384 5824
	16384 5856
	15680 5856
4
	0 5856
	896 5856
	896 5888
	0 5888
4
	4480 5856
	11232 5856
	11232 5888
	4480 5888
4
	12128 5856
	13728 5856
	13728 5888
	12128 5888
4
	15680 5856
	16384 5856
	16384 5888
	15680 5888
4
	0 5888
	896 5888
	896 5920
	0 5920
4
	4480 5888
	11232 5888
	11232 5920
	4480 5920
4
	12128 5888
	13728 5888
	13728 5920
	12128 5920
4
	15680 5888
	16384 5888
	16384 5920
	15680 5920
4
	0 5920
	896 5920
	896 5952
	0 5952
4
	4480 5920
	11232 5920
	11232 5952
	4480 5952
4
	12128 5920
	13728 5920
	13728 5952
	12128 5952
4
	15680 5920
	16384 5920
	16384 5952
	15680 5952
4
	0 5952
	736 5952
	736 5984
	0 5984
4
	4096 5952
	11072 5952
	11072 5984
	4096 5984
4
	12128 5952
	13536 5952
	13536 5984
	12128 5984
4
	15680 5952
	16384 5952
	16384 5984
	15680 5984
4
	0 5984
	736 5984
	736 6016
	0 6016
4
	4096 5984
	11072 5984
	11072 6016
	4096 6016
4
	12128 5984
	13536 5984
	13536 6016
	12128 6016
4
	15680 5984
	16384 5984
	16384 6016
	15680 6016
4
	0 6016
	736 6016
	736 6048
	0 6048
4
	4096 6016
	11072 6016
	11072 6048
	4096 6048
4
	12128 6016
	13536 6016
	13536 6048
	12128 6048
4
	15680 6016
	16384 6016
	16384 6048
	15680 6048
4
	0 6048
	736 6048
	736 6080
	0 6080
4
	4096 6048
	11072 6048
	11072 6080
	4096 6080
4
	12128 6048
	13536 6048
	13536 6080
	12128 6080
4
	15680 6048
	16384 6048
	16384 6080
	15680 6080
4
	0 6080
	736 6080
	736 6112
	0 6112
4
	4096 6080
	11072 6080
	11072 6112
	4096 6112
4
	12128 6080
	13536 6080
	13536 6112
	12128 6112
4
	15680 6080
	16384 6080
	16384 6112
	15680 6112
4
	0 6112
	736 6112
	736 6144
	0 6144
4
	3936 6112
	10880 6112
	10880 6144
	3936 6144
4
	12128 6112
	13536 6112
	13536 6144
	12128 6144
4
	15680 6112
	16384 6112
	16384 6144
	15680 6144
4
	0 6144
	736 6144
	736 6176
	0 6176
4
	3936 6144
	10880 6144
	10880 6176
	3936 6176
4
	12128 6144
	13536 6144
	13536 6176
	12128 6176
4
	15680 6144
	16384 6144
	16384 6176
	15680 6176
4
	0 6176
	736 6176
	736 6208
	0 6208
4
	3936 6176
	10880 6176
	10880 6208
	3936 6208
4
	12128 6176
	13536 6176
	13536 6208
	12128 6208
4
	15680 6176
	16384 6176
	16384 6208
	15680 6208
4
	0 6208
	736 6208
	736 6240
	0 6240
4
	3936 6208
	10880 6208
	10880 6240
	3936 6240
4
	12128 6208
	13536 6208
	13536 6240
	12128 6240
4
	15680 6208
	16384 6208
	16384 6240
	15680 6240
4
	0 6240
	736 6240
	736 6272
	0 6272
4
	3936 6240
	10880 6240
	10880 6272
	3936 6272
4
	12128 6240
	13536 6240
	13536 6272
	12128 6272
4
	15680 6240
	16384 6240
	16384 6272
	15680 6272
4
	0 6272
	736 6272
	736 6304
	0 6304
4
	3040 6272
	10688 6272
	10688 6304
	3040 6304
4
	12128 6272
	13536 6272
	13536 6304
	12128 6304
4
	15872 6272
	16384 6272
	16384 6304
	15872 6304
4
	0 6304
	736 6304
	736 6336
	0 6336
4
	3040 6304
	10688 6304
	10688 6336
	3040 6336
4
	12128 6304
	13536 6304
	13536 6336
	12128 6336
4
	15872 6304
	16384 6304
	16384 6336
	15872 6336
4
	0 6336
	736 6336
	736 6368
	0 6368
4
	3040 6336
	10688 6336
	10688 6368
	3040 6368
4
	12128 6336
	13536 6336
	13536 6368
	12128 6368
4
	15872 6336
	16384 6336
	16384 6368
	15872 6368
4
	0 6368
	736 6368
	736 6400
	0 6400
4
	3040 6368
	10688 6368
	10688 6400
	3040 6400
4
	12128 6368
	13536 6368
	13536 6400
	12128 6400
4
	15872 6368
	16384 6368
	16384 6400
	15872 6400
4
	0 6400
	736 6400
	736 6432
	0 6432
4
	3040 6400
	10688 6400
	10688 6432
	3040 6432
4
	12128 6400
	13536 6400
	13536 6432
	12128 6432
4
	15872 6400
	16384 6400
	16384 6432
	15872 6432
4
	0 6432
	736 6432
	736 6464
	0 6464
4
	3040 6432
	10528 6432
	10528 6464
	3040 6464
4
	11936 6432
	13536 6432
	13536 6464
	11936 6464
4
	15872 6432
	16384 6432
	16384 6464
	15872 6464
4
	0 6464
	736 6464
	736 6496
	0 6496
4
	3040 6464
	10528 6464
	10528 6496
	3040 6496
4
	11936 6464
	13536 6464
	13536 6496
	11936 6496
4
	15872 6464
	16384 6464
	16384 6496
	15872 6496
4
	0 6496
	736 6496
	736 6528
	0 6528
4
	3040 6496
	10528 6496
	10528 6528
	3040 6528
4
	11936 6496
	13536 6496
	13536 6528
	11936 6528
4
	15872 6496
	16384 6496
	16384 6528
	15872 6528
4
	0 6528
	736 6528
	736 6560
	0 6560
4
	3040 6528
	10528 6528
	10528 6560
	3040 6560
4
	11936 6528
	13536 6528
	13536 6560
	11936 6560
4
	15872 6528
	16384 6528
	16384 6560
	15872 6560
4
	0 6560
	736 6560
	736 6592
	0 6592
4
	3040 6560
	10528 6560
	10528 6592
	3040 6592
4
	11936 6560
	13536 6560
	13536 6592
	11936 6592
4
	15872 6560
	16384 6560
	16384 6592
	15872 6592
4
	0 6592
	544 6592
	544 6624
	0 6624
4
	3040 6592
	10336 6592
	10336 6624
	3040 6624
4
	11936 6592
	13536 6592
	13536 6624
	11936 6624
4
	15872 6592
	16384 6592
	16384 6624
	15872 6624
4
	0 6624
	544 6624
	544 6656
	0 6656
4
	3040 6624
	10336 6624
	10336 6656
	3040 6656
4
	11936 6624
	13536 6624
	13536 6656
	11936 6656
4
	15872 6624
	16384 6624
	16384 6656
	15872 6656
4
	0 6656
	544 6656
	544 6688
	0 6688
4
	3040 6656
	10336 6656
	10336 6688
	3040 6688
4
	11936 6656
	13536 6656
	13536 6688
	11936 6688
4
	15872 6656
	16384 6656
	16384 6688
	15872 6688
4
	0 6688
	544 6688
	544 6720
	0 6720
4
	3040 6688
	10336 6688
	10336 6720
	3040 6720
4
	11936 6688
	13536 6688
	13536 6720
	11936 6720
4
	15872 6688
	16384 6688
	16384 6720
	15872 6720
4
	0 6720
	544 6720
	544 6752
	0 6752
4
	3040 6720
	10336 6720
	10336 6752
	3040 6752
4
	11936 6720
	13536 6720
	13536 6752
	11936 6752
4
	15872 6720
	16384 6720
	16384 6752
	15872 6752
4
	0 6752
	544 6752
	544 6784
	0 6784
4
	3584 6752
	10336 6752
	10336 6784
	3584 6784
4
	11776 6752
	13536 6752
	13536 6784
	11776 6784
4
	15872 6752
	16384 6752
	16384 6784
	15872 6784
4
	0 6784
	544 6784
	544 6816
	0 6816
4
	3584 6784
	10336 6784
	10336 6816
	3584 6816
4
	11776 6784
	13536 6784
	13536 6816
	11776 6816
4
	15872 6784
	16384 6784
	16384 6816
	15872 6816
4
	0 6816
	544 6816
	544 6848
	0 6848
4
	3584 6816
	10336 6816
	10336 6848
	3584 6848
4
	11776 6816
	13536 6816
	13536 6848
	11776 6848
4
	15872 6816
	16384 6816
	16384 6848
	15872 6848
4
	0 6848
	544 6848
	544 6880
	0 6880
4
	3584 6848
	10336 6848
	10336 6880
	3584 6880
4
	11776 6848
	13536 6848
	13536 6880
	11776 6880
4
	15872 6848
	16384 6848
	16384 6880
	15872 6880
4
	0 6880
	544 6880
	544 6912
	0 6912
4
	3584 6880
	10336 6880
	10336 6912
	3584 6912
4
	11776 6880
	13536 6880
	13536 6912
	11776 6912
4
	15872 6880
	16384 6880
	16384 6912
	15872 6912
4
	0 6912
	544 6912
	544 6944
	0 6944
4
	3744 6912
	10176 6912
	10176 6944
	3744 6944
4
	11584 6912
	13184 6912
	13184 6944
	11584 6944
4
	15872 6912
	16384 6912
	16384 6944
	15872 6944
4
	0 6944
	544 6944
	544 6976
	0 6976
4
	3744 6944
	10176 6944
	10176 6976
	3744 6976
4
	11584 6944
	13184 6944
	13184 6976
	11584 6976
4
	15872 6944
	16384 6944
	16384 6976
	15872 6976
4
	0 6976
	544 6976
	544 7008
	0 7008
4
	3744 6976
	10176 6976
	10176 7008
	3744 7008
4
	11584 6976
	13184 6976
	13184 7008
	11584 7008
4
	15872 6976
	16384 6976
	16384 7008
	15872 7008
4
	0 7008
	544 7008
	544 7040
	0 7040
4
	3744 7008
	10176 7008
	10176 7040
	3744 7040
4
	11584 7008
	13184 7008
	13184 7040
	11584 7040
4
	15872 7008
	16384 7008
	16384 7040
	15872 7040
4
	0 7040
	544 7040
	544 7072
	0 7072
4
	3744 7040
	10176 7040
	10176 7072
	3744 7072
4
	11584 7040
	13184 7040
	13184 7072
	11584 7072
4
	15872 7040
	16384 7040
	16384 7072
	15872 7072
4
	0 7072
	544 7072
	544 7104
	0 7104
4
	4096 7072
	9984 7072
	9984 7104
	4096 7104
4
	11424 7072
	13376 7072
	13376 7104
	11424 7104
4
	15872 7072
	16384 7072
	16384 7104
	15872 7104
4
	0 7104
	544 7104
	544 7136
	0 7136
4
	4096 7104
	9984 7104
	9984 7136
	4096 7136
4
	11424 7104
	13376 7104
	13376 7136
	11424 7136
4
	15872 7104
	16384 7104
	16384 7136
	15872 7136
4
	0 7136
	544 7136
	544 7168
	0 7168
4
	4096 7136
	9984 7136
	9984 7168
	4096 7168
4
	11424 7136
	13376 7136
	13376 7168
	11424 7168
4
	15872 7136
	16384 7136
	16384 7168
	15872 7168
4
	0 7168
	544 7168
	544 7200
	0 7200
4
	4096 7168
	9984 7168
	9984 7200
	4096 7200
4
	11424 7168
	13376 7168
	13376 7200
	11424 7200
4
	15872 7168
	16384 7168
	16384 7200
	15872 7200
4
	0 7200
	544 7200
	544 7232
	0 7232
4
	4096 7200
	9984 7200
	9984 7232
	4096 7232
4
	11424 7200
	13376 7200
	13376 7232
	11424 7232
4
	15872 7200
	16384 7200
	16384 7232
	15872 7232
4
	0 7232
	544 7232
	544 7264
	0 7264
4
	4480 7232
	9824 7232
	9824 7264
	4480 7264
4
	11424 7232
	13536 7232
	13536 7264
	11424 7264
4
	15872 7232
	16384 7232
	16384 7264
	15872 7264
4
	0 7264
	544 7264
	544 7296
	0 7296
4
	4480 7264
	9824 7264
	9824 7296
	4480 7296
4
	11424 7264
	13536 7264
	13536 7296
	11424 7296
4
	15872 7264
	16384 7264
	16384 7296
	15872 7296
4
	0 7296
	544 7296
	544 7328
	0 7328
4
	4480 7296
	9824 7296
	9824 7328
	4480 7328
4
	11424 7296
	13536 7296
	13536 7328
	11424 7328
4
	15872 7296
	16384 7296
	16384 7328
	15872 7328
4
	0 7328
	544 7328
	544 7360
	0 7360
4
	4480 7328
	9824 7328
	9824 7360
	4480 7360
4
	11424 7328
	13536 7328
	13536 7360
	11424 7360
4
	15872 7328
	16384 7328
	16384 7360
	15872 7360
4
	0 7360
	544 7360
	544 7392
	0 7392
4
	4480 7360
	9824 7360
	9824 7392
	4480 7392
4
	11424 7360
	13536 7360
	13536 7392
	11424 7392
4
	15872 7360
	16384 7360
	16384 7392
	15872 7392
4
	0 7392
	544 7392
	544 7424
	0 7424
4
	4832 7392
	9632 7392
	9632 7424
	4832 7424
4
	11232 7392
	13728 7392
	13728 7424
	11232 7424
4
	13920 7392
	14272 7392
	14272 7424
	13920 7424
4
	15872 7392
	16384 7392
	16384 7424
	15872 7424
4
	0 7424
	544 7424
	544 7456
	0 7456
4
	4832 7424
	9632 7424
	9632 7456
	4832 7456
4
	11232 7424
	13728 7424
	13728 7456
	11232 7456
4
	13920 7424
	14272 7424
	14272 7456
	13920 7456
4
	15872 7424
	16384 7424
	16384 7456
	15872 7456
4
	0 7456
	544 7456
	544 7488
	0 7488
4
	4832 7456
	9632 7456
	9632 7488
	4832 7488
4
	11232 7456
	13728 7456
	13728 7488
	11232 7488
4
	13920 7456
	14272 7456
	14272 7488
	13920 7488
4
	15872 7456
	16384 7456
	16384 7488
	15872 7488
4
	0 7488
	544 7488
	544 7520
	0 7520
4
	4832 7488
	9632 7488
	9632 7520
	4832 7520
4
	11232 7488
	13728 7488
	13728 7520
	11232 7520
4
	13920 7488
	14272 7488
	14272 7520
	13920 7520
4
	15872 7488
	16384 7488
	16384 7520
	15872 7520
4
	0 7520
	544 7520
	544 7552
	0 7552
4
	4832 7520
	9632 7520
	9632 7552
	4832 7552
4
	11232 7520
	13728 7520
	13728 7552
	11232 7552
4
	13920 7520
	14272 7520
	14272 7552
	13920 7552
4
	15872 7520
	16384 7520
	16384 7552
	15872 7552
4
	0 7552
	544 7552
	544 7584
	0 7584
4
	2144 7552
	2880 7552
	2880 7584
	2144 7584
4
	4992 7552
	9440 7552
	9440 7584
	4992 7584
4
	11072 7552
	14272 7552
	14272 7584
	11072 7584
4
	15872 7552
	16384 7552
	16384 7584
	15872 7584
4
	0 7584
	544 7584
	544 7616
	0 7616
4
	2144 7584
	2880 7584
	2880 7616
	2144 7616
4
	4992 7584
	9440 7584
	9440 7616
	4992 7616
4
	11072 7584
	14272 7584
	14272 7616
	11072 7616
4
	15872 7584
	16384 7584
	16384 7616
	15872 7616
4
	0 7616
	544 7616
	544 7648
	0 7648
4
	2144 7616
	2880 7616
	2880 7648
	2144 7648
4
	4992 7616
	9440 7616
	9440 7648
	4992 7648
4
	11072 7616
	14272 7616
	14272 7648
	11072 7648
4
	15872 7616
	16384 7616
	16384 7648
	15872 7648
4
	0 7648
	544 7648
	544 7680
	0 7680
4
	2144 7648
	2880 7648
	2880 7680
	2144 7680
4
	4992 7648
	9440 7648
	9440 7680
	4992 7680
4
	11072 7648
	14272 7648
	14272 7680
	11072 7680
4
	15872 7648
	16384 7648
	16384 7680
	15872 7680
4
	0 7680
	544 7680
	544 7712
	0 7712
4
	2144 7680
	2880 7680
	2880 7712
	2144 7712
4
	4992 7680
	9440 7680
	9440 7712
	4992 7712
4
	11072 7680
	14272 7680
	14272 7712
	11072 7712
4
	15872 7680
	16384 7680
	16384 7712
	15872 7712
4
	0 7712
	544 7712
	544 7744
	0 7744
4
	1984 7712
	3040 7712
	3040 7744
	1984 7744
4
	5344 7712
	9440 7712
	9440 7744
	5344 7744
4
	10880 7712
	14432 7712
	14432 7744
	10880 7744
4
	15872 7712
	16384 7712
	16384 7744
	15872 7744
4
	0 7744
	544 7744
	544 7776
	0 7776
4
	1984 7744
	3040 7744
	3040 7776
	1984 7776
4
	5344 7744
	9440 7744
	9440 7776
	5344 7776
4
	10880 7744
	14432 7744
	14432 7776
	10880 7776
4
	15872 7744
	16384 7744
	16384 7776
	15872 7776
4
	0 7776
	544 7776
	544 7808
	0 7808
4
	1984 7776
	3040 7776
	3040 7808
	1984 7808
4
	5344 7776
	9440 7776
	9440 7808
	5344 7808
4
	10880 7776
	14432 7776
	14432 7808
	10880 7808
4
	15872 7776
	16384 7776
	16384 7808
	15872 7808
4
	0 7808
	544 7808
	544 7840
	0 7840
4
	1984 7808
	3040 7808
	3040 7840
	1984 7840
4
	5344 7808
	9440 7808
	9440 7840
	5344 7840
4
	10880 7808
	14432 7808
	14432 7840
	10880 7840
4
	15872 7808
	16384 7808
	16384 7840
	15872 7840
4
	0 7840
	544 7840
	544 7872
	0 7872
4
	1984 7840
	3040 7840
	3040 7872
	1984 7872
4
	5344 7840
	9440 7840
	9440 7872
	5344 7872
4
	10880 7840
	14432 7840
	14432 7872
	10880 7872
4
	15872 7840
	16384 7840
	16384 7872
	15872 7872
4
	0 7872
	544 7872
	544 7904
	0 7904
4
	2336 7872
	3392 7872
	3392 7904
	2336 7904
4
	5728 7872
	9280 7872
	9280 7904
	5728 7904
4
	10880 7872
	14432 7872
	14432 7904
	10880 7904
4
	15872 7872
	16384 7872
	16384 7904
	15872 7904
4
	0 7904
	544 7904
	544 7936
	0 7936
4
	2336 7904
	3392 7904
	3392 7936
	2336 7936
4
	5728 7904
	9280 7904
	9280 7936
	5728 7936
4
	10880 7904
	14432 7904
	14432 7936
	10880 7936
4
	15872 7904
	16384 7904
	16384 7936
	15872 7936
4
	0 7936
	544 7936
	544 7968
	0 7968
4
	2336 7936
	3392 7936
	3392 7968
	2336 7968
4
	5728 7936
	9280 7936
	9280 7968
	5728 7968
4
	10880 7936
	14432 7936
	14432 7968
	10880 7968
4
	15872 7936
	16384 7936
	16384 7968
	15872 7968
4
	0 7968
	544 7968
	544 8000
	0 8000
4
	2336 7968
	3392 7968
	3392 8000
	2336 8000
4
	5728 7968
	9280 7968
	9280 8000
	5728 8000
4
	10880 7968
	14432 7968
	14432 8000
	10880 8000
4
	15872 7968
	16384 7968
	16384 8000
	15872 8000
4
	0 8000
	544 8000
	544 8032
	0 8032
4
	2336 8000
	3392 8000
	3392 8032
	2336 8032
4
	5728 8000
	9280 8000
	9280 8032
	5728 8032
4
	10880 8000
	14432 8000
	14432 8032
	10880 8032
4
	15872 8000
	16384 8000
	16384 8032
	15872 8032
4
	0 8032
	544 8032
	544 8064
	0 8064
4
	2336 8032
	3584 8032
	3584 8064
	2336 8064
4
	5888 8032
	9088 8032
	9088 8064
	5888 8064
4
	10688 8032
	14080 8032
	14080 8064
	10688 8064
4
	15872 8032
	16384 8032
	16384 8064
	15872 8064
4
	0 8064
	544 8064
	544 8096
	0 8096
4
	2336 8064
	3584 8064
	3584 8096
	2336 8096
4
	5888 8064
	9088 8064
	9088 8096
	5888 8096
4
	10688 8064
	14080 8064
	14080 8096
	10688 8096
4
	15872 8064
	16384 8064
	16384 8096
	15872 8096
4
	0 8096
	544 8096
	544 8128
	0 8128
4
	2336 8096
	3584 8096
	3584 8128
	2336 8128
4
	5888 8096
	9088 8096
	9088 8128
	5888 8128
4
	10688 8096
	14080 8096
	14080 8128
	10688 8128
4
	15872 8096
	16384 8096
	16384 8128
	15872 8128
4
	0 8128
	544 8128
	544 8160
	0 8160
4
	2336 8128
	3584 8128
	3584 8160
	2336 8160
4
	5888 8128
	9088 8128
	9088 8160
	5888 8160
4
	10688 8128
	14080 8128
	14080 8160
	10688 8160
4
	15872 8128
	16384 8128
	16384 8160
	15872 8160
4
	0 8160
	544 8160
	544 8192
	0 8192
4
	2336 8160
	3584 8160
	3584 8192
	2336 8192
4
	5888 8160
	9088 8160
	9088 8192
	5888 8192
4
	10688 8160
	14080 8160
	14080 8192
	10688 8192
4
	15872 8160
	16384 8160
	16384 8192
	15872 8192
4
	0 8192
	544 8192
	544 8224
	0 8224
4
	2336 8192
	3936 8192
	3936 8224
	2336 8224
4
	6080 8192
	8928 8192
	8928 8224
	6080 8224
4
	10528 8192
	14080 8192
	14080 8224
	10528 8224
4
	15872 8192
	16384 8192
	16384 8224
	15872 8224
4
	0 8224
	544 8224
	544 8256
	0 8256
4
	2336 8224
	3936 8224
	3936 8256
	2336 8256
4
	6080 8224
	8928 8224
	8928 8256
	6080 8256
4
	10528 8224
	14080 8224
	14080 8256
	10528 8256
4
	15872 8224
	16384 8224
	16384 8256
	15872 8256
4
	0 8256
	544 8256
	544 8288
	0 8288
4
	2336 8256
	3936 8256
	3936 8288
	2336 8288
4
	6080 8256
	8928 8256
	8928 8288
	6080 8288
4
	10528 8256
	14080 8256
	14080 8288
	10528 8288
4
	15872 8256
	16384 8256
	16384 8288
	15872 8288
4
	0 8288
	544 8288
	544 8320
	0 8320
4
	2336 8288
	3936 8288
	3936 8320
	2336 8320
4
	6080 8288
	8928 8288
	8928 8320
	6080 8320
4
	10528 8288
	14080 8288
	14080 8320
	10528 8320
4
	15872 8288
	16384 8288
	16384 8320
	15872 8320
4
	0 8320
	544 8320
	544 8352
	0 8352
4
	2336 8320
	3936 8320
	3936 8352
	2336 8352
4
	6080 8320
	8928 8320
	8928 8352
	6080 8352
4
	10528 8320
	14080 8320
	14080 8352
	10528 8352
4
	15872 8320
	16384 8320
	16384 8352
	15872 8352
4
	0 8352
	544 8352
	544 8384
	0 8384
4
	2336 8352
	3936 8352
	3936 8384
	2336 8384
4
	6080 8352
	8928 8352
	8928 8384
	6080 8384
4
	10528 8352
	14080 8352
	14080 8384
	10528 8384
4
	15872 8352
	16384 8352
	16384 8384
	15872 8384
4
	0 8384
	544 8384
	544 8416
	0 8416
4
	2144 8384
	4096 8384
	4096 8416
	2144 8416
4
	6432 8384
	7488 8384
	7488 8416
	6432 8416
4
	10336 8384
	14272 8384
	14272 8416
	10336 8416
4
	15872 8384
	16384 8384
	16384 8416
	15872 8416
4
	0 8416
	544 8416
	544 8448
	0 8448
4
	2144 8416
	4096 8416
	4096 8448
	2144 8448
4
	6432 8416
	7488 8416
	7488 8448
	6432 8448
4
	10336 8416
	14272 8416
	14272 8448
	10336 8448
4
	15872 8416
	16384 8416
	16384 8448
	15872 8448
4
	0 8448
	544 8448
	544 8480
	0 8480
4
	2144 8448
	4096 8448
	4096 8480
	2144 8480
4
	6432 8448
	7488 8448
	7488 8480
	6432 8480
4
	10336 8448
	14272 8448
	14272 8480
	10336 8480
4
	15872 8448
	16384 8448
	16384 8480
	15872 8480
4
	0 8480
	544 8480
	544 8512
	0 8512
4
	2144 8480
	4096 8480
	4096 8512
	2144 8512
4
	6432 8480
	7488 8480
	7488 8512
	6432 8512
4
	10336 8480
	14272 8480
	14272 8512
	10336 8512
4
	15872 8480
	16384 8480
	16384 8512
	15872 8512
4
	0 8512
	544 8512
	544 8544
	0 8544
4
	2144 8512
	4096 8512
	4096 8544
	2144 8544
4
	6432 8512
	7488 8512
	7488 8544
	6432 8544
4
	10336 8512
	14272 8512
	14272 8544
	10336 8544
4
	15872 8512
	16384 8512
	16384 8544
	15872 8544
4
	0 8544
	544 8544
	544 8576
	0 8576
4
	2144 8544
	4480 8544
	4480 8576
	2144 8576
4
	6592 8544
	6976 8544
	6976 8576
	6592 8576
4
	10336 8544
	14272 8544
	14272 8576
	10336 8576
4
	15872 8544
	16384 8544
	16384 8576
	15872 8576
4
	0 8576
	544 8576
	544 8608
	0 8608
4
	2144 8576
	4480 8576
	4480 8608
	2144 8608
4
	6592 8576
	6976 8576
	6976 8608
	6592 8608
4
	10336 8576
	14272 8576
	14272 8608
	10336 8608
4
	15872 8576
	16384 8576
	16384 8608
	15872 8608
4
	0 8608
	544 8608
	544 8640
	0 8640
4
	2144 8608
	4480 8608
	4480 8640
	2144 8640
4
	6592 8608
	6976 8608
	6976 8640
	6592 8640
4
	10336 8608
	14272 8608
	14272 8640
	10336 8640
4
	15872 8608
	16384 8608
	16384 8640
	15872 8640
4
	0 8640
	544 8640
	544 8672
	0 8672
4
	2144 8640
	4480 8640
	4480 8672
	2144 8672
4
	6592 8640
	6976 8640
	6976 8672
	6592 8672
4
	10336 8640
	14272 8640
	14272 8672
	10336 8672
4
	15872 8640
	16384 8640
	16384 8672
	15872 8672
4
	0 8672
	544 8672
	544 8704
	0 8704
4
	2144 8672
	4480 8672
	4480 8704
	2144 8704
4
	6592 8672
	6976 8672
	6976 8704
	6592 8704
4
	10336 8672
	14272 8672
	14272 8704
	10336 8704
4
	15872 8672
	16384 8672
	16384 8704
	15872 8704
4
	0 8704
	544 8704
	544 8736
	0 8736
4
	2144 8704
	4640 8704
	4640 8736
	2144 8736
4
	10176 8704
	14432 8704
	14432 8736
	10176 8736
4
	15872 8704
	16384 8704
	16384 8736
	15872 8736
4
	0 8736
	544 8736
	544 8768
	0 8768
4
	2144 8736
	4640 8736
	4640 8768
	2144 8768
4
	10176 8736
	14432 8736
	14432 8768
	10176 8768
4
	15872 8736
	16384 8736
	16384 8768
	15872 8768
4
	0 8768
	544 8768
	544 8800
	0 8800
4
	2144 8768
	4640 8768
	4640 8800
	2144 8800
4
	10176 8768
	14432 8768
	14432 8800
	10176 8800
4
	15872 8768
	16384 8768
	16384 8800
	15872 8800
4
	0 8800
	544 8800
	544 8832
	0 8832
4
	2144 8800
	4640 8800
	4640 8832
	2144 8832
4
	10176 8800
	14432 8800
	14432 8832
	10176 8832
4
	15872 8800
	16384 8800
	16384 8832
	15872 8832
4
	0 8832
	544 8832
	544 8864
	0 8864
4
	2144 8832
	4640 8832
	4640 8864
	2144 8864
4
	10176 8832
	14432 8832
	14432 8864
	10176 8864
4
	15872 8832
	16384 8832
	16384 8864
	15872 8864
4
	0 8864
	544 8864
	544 8896
	0 8896
4
	1984 8864
	4992 8864
	4992 8896
	1984 8896
4
	10176 8864
	14432 8864
	14432 8896
	10176 8896
4
	15872 8864
	16384 8864
	16384 8896
	15872 8896
4
	0 8896
	544 8896
	544 8928
	0 8928
4
	1984 8896
	4992 8896
	4992 8928
	1984 8928
4
	10176 8896
	14432 8896
	14432 8928
	10176 8928
4
	15872 8896
	16384 8896
	16384 8928
	15872 8928
4
	0 8928
	544 8928
	544 8960
	0 8960
4
	1984 8928
	4992 8928
	4992 8960
	1984 8960
4
	10176 8928
	14432 8928
	14432 8960
	10176 8960
4
	15872 8928
	16384 8928
	16384 8960
	15872 8960
4
	0 8960
	544 8960
	544 8992
	0 8992
4
	1984 8960
	4992 8960
	4992 8992
	1984 8992
4
	10176 8960
	14432 8960
	14432 8992
	10176 8992
4
	15872 8960
	16384 8960
	16384 8992
	15872 8992
4
	0 8992
	544 8992
	544 9024
	0 9024
4
	1984 8992
	4992 8992
	4992 9024
	1984 9024
4
	10176 8992
	14432 8992
	14432 9024
	10176 9024
4
	15872 8992
	16384 8992
	16384 9024
	15872 9024
4
	0 9024
	544 9024
	544 9056
	0 9056
4
	1984 9024
	5184 9024
	5184 9056
	1984 9056
4
	10176 9024
	14624 9024
	14624 9056
	10176 9056
4
	15872 9024
	16384 9024
	16384 9056
	15872 9056
4
	0 9056
	544 9056
	544 9088
	0 9088
4
	1984 9056
	5184 9056
	5184 9088
	1984 9088
4
	10176 9056
	14624 9056
	14624 9088
	10176 9088
4
	15872 9056
	16384 9056
	16384 9088
	15872 9088
4
	0 9088
	544 9088
	544 9120
	0 9120
4
	1984 9088
	5184 9088
	5184 9120
	1984 9120
4
	10176 9088
	14624 9088
	14624 9120
	10176 9120
4
	15872 9088
	16384 9088
	16384 9120
	15872 9120
4
	0 9120
	544 9120
	544 9152
	0 9152
4
	1984 9120
	5184 9120
	5184 9152
	1984 9152
4
	10176 9120
	14624 9120
	14624 9152
	10176 9152
4
	15872 9120
	16384 9120
	16384 9152
	15872 9152
4
	0 9152
	544 9152
	544 9184
	0 9184
4
	1984 9152
	5184 9152
	5184 9184
	1984 9184
4
	10176 9152
	14624 9152
	14624 9184
	10176 9184
4
	15872 9152
	16384 9152
	16384 9184
	15872 9184
4
	0 9184
	544 9184
	544 9216
	0 9216
4
	1984 9184
	5536 9184
	5536 9216
	1984 9216
4
	10336 9184
	14624 9184
	14624 9216
	10336 9216
4
	15872 9184
	16384 9184
	16384 9216
	15872 9216
4
	0 9216
	544 9216
	544 9248
	0 9248
4
	1984 9216
	5536 9216
	5536 9248
	1984 9248
4
	10336 9216
	14624 9216
	14624 9248
	10336 9248
4
	15872 9216
	16384 9216
	16384 9248
	15872 9248
4
	0 9248
	544 9248
	544 9280
	0 9280
4
	1984 9248
	5536 9248
	5536 9280
	1984 9280
4
	10336 9248
	14624 9248
	14624 9280
	10336 9280
4
	15872 9248
	16384 9248
	16384 9280
	15872 9280
4
	0 9280
	544 9280
	544 9312
	0 9312
4
	1984 9280
	5536 9280
	5536 9312
	1984 9312
4
	10336 9280
	14624 9280
	14624 9312
	10336 9312
4
	15872 9280
	16384 9280
	16384 9312
	15872 9312
4
	0 9312
	544 9312
	544 9344
	0 9344
4
	1984 9312
	5536 9312
	5536 9344
	1984 9344
4
	10336 9312
	14624 9312
	14624 9344
	10336 9344
4
	15872 9312
	16384 9312
	16384 9344
	15872 9344
4
	0 9344
	544 9344
	544 9376
	0 9376
4
	1984 9344
	5728 9344
	5728 9376
	1984 9376
4
	10336 9344
	14624 9344
	14624 9376
	10336 9376
4
	15872 9344
	16384 9344
	16384 9376
	15872 9376
4
	0 9376
	544 9376
	544 9408
	0 9408
4
	1984 9376
	5728 9376
	5728 9408
	1984 9408
4
	10336 9376
	14624 9376
	14624 9408
	10336 9408
4
	15872 9376
	16384 9376
	16384 9408
	15872 9408
4
	0 9408
	544 9408
	544 9440
	0 9440
4
	1984 9408
	5728 9408
	5728 9440
	1984 9440
4
	10336 9408
	14624 9408
	14624 9440
	10336 9440
4
	15872 9408
	16384 9408
	16384 9440
	15872 9440
4
	0 9440
	544 9440
	544 9472
	0 9472
4
	1984 9440
	5728 9440
	5728 9472
	1984 9472
4
	10336 9440
	14624 9440
	14624 9472
	10336 9472
4
	15872 9440
	16384 9440
	16384 9472
	15872 9472
4
	0 9472
	544 9472
	544 9504
	0 9504
4
	1984 9472
	5728 9472
	5728 9504
	1984 9504
4
	10336 9472
	14624 9472
	14624 9504
	10336 9504
4
	15872 9472
	16384 9472
	16384 9504
	15872 9504
4
	0 9504
	544 9504
	544 9536
	0 9536
4
	1984 9504
	5888 9504
	5888 9536
	1984 9536
4
	7840 9504
	8576 9504
	8576 9536
	7840 9536
4
	10528 9504
	14624 9504
	14624 9536
	10528 9536
4
	15872 9504
	16384 9504
	16384 9536
	15872 9536
4
	0 9536
	544 9536
	544 9568
	0 9568
4
	1984 9536
	5888 9536
	5888 9568
	1984 9568
4
	7840 9536
	8576 9536
	8576 9568
	7840 9568
4
	10528 9536
	14624 9536
	14624 9568
	10528 9568
4
	15872 9536
	16384 9536
	16384 9568
	15872 9568
4
	0 9568
	544 9568
	544 9600
	0 9600
4
	1984 9568
	5888 9568
	5888 9600
	1984 9600
4
	7840 9568
	8576 9568
	8576 9600
	7840 9600
4
	10528 9568
	14624 9568
	14624 9600
	10528 9600
4
	15872 9568
	16384 9568
	16384 9600
	15872 9600
4
	0 9600
	544 9600
	544 9632
	0 9632
4
	1984 9600
	5888 9600
	5888 9632
	1984 9632
4
	7840 9600
	8576 9600
	8576 9632
	7840 9632
4
	10528 9600
	14624 9600
	14624 9632
	10528 9632
4
	15872 9600
	16384 9600
	16384 9632
	15872 9632
4
	0 9632
	544 9632
	544 9664
	0 9664
4
	1984 9632
	5888 9632
	5888 9664
	1984 9664
4
	7840 9632
	8576 9632
	8576 9664
	7840 9664
4
	10528 9632
	14624 9632
	14624 9664
	10528 9664
4
	15872 9632
	16384 9632
	16384 9664
	15872 9664
4
	0 9664
	544 9664
	544 9696
	0 9696
4
	2144 9664
	5888 9664
	5888 9696
	2144 9696
4
	7488 9664
	8928 9664
	8928 9696
	7488 9696
4
	10528 9664
	14624 9664
	14624 9696
	10528 9696
4
	15872 9664
	16384 9664
	16384 9696
	15872 9696
4
	0 9696
	544 9696
	544 9728
	0 9728
4
	2144 9696
	5888 9696
	5888 9728
	2144 9728
4
	7488 9696
	8928 9696
	8928 9728
	7488 9728
4
	10528 9696
	14624 9696
	14624 9728
	10528 9728
4
	15872 9696
	16384 9696
	16384 9728
	15872 9728
4
	0 9728
	544 9728
	544 9760
	0 9760
4
	2144 9728
	5888 9728
	5888 9760
	2144 9760
4
	7488 9728
	8928 9728
	8928 9760
	7488 9760
4
	10528 9728
	14624 9728
	14624 9760
	10528 9760
4
	15872 9728
	16384 9728
	16384 9760
	15872 9760
4
	0 9760
	544 9760
	544 9792
	0 9792
4
	2144 9760
	5888 9760
	5888 9792
	2144 9792
4
	7488 9760
	8928 9760
	8928 9792
	7488 9792
4
	10528 9760
	14624 9760
	14624 9792
	10528 9792
4
	15872 9760
	16384 9760
	16384 9792
	15872 9792
4
	0 9792
	544 9792
	544 9824
	0 9824
4
	2144 9792
	5888 9792
	5888 9824
	2144 9824
4
	7488 9792
	8928 9792
	8928 9824
	7488 9824
4
	10528 9792
	14624 9792
	14624 9824
	10528 9824
4
	15872 9792
	16384 9792
	16384 9824
	15872 9824
4
	0 9824
	544 9824
	544 9856
	0 9856
4
	2144 9824
	5888 9824
	5888 9856
	2144 9856
4
	7328 9824
	9088 9824
	9088 9856
	7328 9856
4
	10528 9824
	14624 9824
	14624 9856
	10528 9856
4
	15872 9824
	16384 9824
	16384 9856
	15872 9856
4
	0 9856
	544 9856
	544 9888
	0 9888
4
	2144 9856
	5888 9856
	5888 9888
	2144 9888
4
	7328 9856
	9088 9856
	9088 9888
	7328 9888
4
	10528 9856
	14624 9856
	14624 9888
	10528 9888
4
	15872 9856
	16384 9856
	16384 9888
	15872 9888
4
	0 9888
	544 9888
	544 9920
	0 9920
4
	2144 9888
	5888 9888
	5888 9920
	2144 9920
4
	7328 9888
	9088 9888
	9088 9920
	7328 9920
4
	10528 9888
	14624 9888
	14624 9920
	10528 9920
4
	15872 9888
	16384 9888
	16384 9920
	15872 9920
4
	0 9920
	544 9920
	544 9952
	0 9952
4
	2144 9920
	5888 9920
	5888 9952
	2144 9952
4
	7328 9920
	9088 9920
	9088 9952
	7328 9952
4
	10528 9920
	14624 9920
	14624 9952
	10528 9952
4
	15872 9920
	16384 9920
	16384 9952
	15872 9952
4
	0 9952
	544 9952
	544 9984
	0 9984
4
	2144 9952
	5888 9952
	5888 9984
	2144 9984
4
	7328 9952
	9088 9952
	9088 9984
	7328 9984
4
	10528 9952
	14624 9952
	14624 9984
	10528 9984
4
	15872 9952
	16384 9952
	16384 9984
	15872 9984
4
	0 9984
	544 9984
	544 10016
	0 10016
4
	2144 9984
	5888 9984
	5888 10016
	2144 10016
4
	7136 9984
	9088 9984
	9088 10016
	7136 10016
4
	10528 9984
	14624 9984
	14624 10016
	10528 10016
4
	15872 9984
	16384 9984
	16384 10016
	15872 10016
4
	0 10016
	544 10016
	544 10048
	0 10048
4
	2144 10016
	5888 10016
	5888 10048
	2144 10048
4
	7136 10016
	9088 10016
	9088 10048
	7136 10048
4
	10528 10016
	14624 10016
	14624 10048
	10528 10048
4
	15872 10016
	16384 10016
	16384 10048
	15872 10048
4
	0 10048
	544 10048
	544 10080
	0 10080
4
	2144 10048
	5888 10048
	5888 10080
	2144 10080
4
	7136 10048
	9088 10048
	9088 10080
	7136 10080
4
	10528 10048
	14624 10048
	14624 10080
	10528 10080
4
	15872 10048
	16384 10048
	16384 10080
	15872 10080
4
	0 10080
	544 10080
	544 10112
	0 10112
4
	2144 10080
	5888 10080
	5888 10112
	2144 10112
4
	7136 10080
	9088 10080
	9088 10112
	7136 10112
4
	10528 10080
	14624 10080
	14624 10112
	10528 10112
4
	15872 10080
	16384 10080
	16384 10112
	15872 10112
4
	0 10112
	544 10112
	544 10144
	0 10144
4
	2144 10112
	5888 10112
	5888 10144
	2144 10144
4
	7136 10112
	9088 10112
	9088 10144
	7136 10144
4
	10528 10112
	14624 10112
	14624 10144
	10528 10144
4
	15872 10112
	16384 10112
	16384 10144
	15872 10144
4
	0 10144
	544 10144
	544 10176
	0 10176
4
	2144 10144
	5888 10144
	5888 10176
	2144 10176
4
	7136 10144
	9088 10144
	9088 10176
	7136 10176
4
	10528 10144
	14624 10144
	14624 10176
	10528 10176
4
	15872 10144
	16384 10144
	16384 10176
	15872 10176
4
	0 10176
	544 10176
	544 10208
	0 10208
4
	2144 10176
	5888 10176
	5888 10208
	2144 10208
4
	7136 10176
	9088 10176
	9088 10208
	7136 10208
4
	10528 10176
	14624 10176
	14624 10208
	10528 10208
4
	15872 10176
	16384 10176
	16384 10208
	15872 10208
4
	0 10208
	544 10208
	544 10240
	0 10240
4
	2144 10208
	5888 10208
	5888 10240
	2144 10240
4
	7136 10208
	9088 10208
	9088 10240
	7136 10240
4
	10528 10208
	14624 10208
	14624 10240
	10528 10240
4
	15872 10208
	16384 10208
	16384 10240
	15872 10240
4
	0 10240
	544 10240
	544 10272
	0 10272
4
	2144 10240
	5888 10240
	5888 10272
	2144 10272
4
	7136 10240
	9088 10240
	9088 10272
	7136 10272
4
	10528 10240
	14624 10240
	14624 10272
	10528 10272
4
	15872 10240
	16384 10240
	16384 10272
	15872 10272
4
	0 10272
	544 10272
	544 10304
	0 10304
4
	2144 10272
	5888 10272
	5888 10304
	2144 10304
4
	7136 10272
	9088 10272
	9088 10304
	7136 10304
4
	10528 10272
	14624 10272
	14624 10304
	10528 10304
4
	15872 10272
	16384 10272
	16384 10304
	15872 10304
4
	0 10304
	544 10304
	544 10336
	0 10336
4
	2144 10304
	5888 10304
	5888 10336
	2144 10336
4
	7136 10304
	9088 10304
	9088 10336
	7136 10336
4
	10528 10304
	14624 10304
	14624 10336
	10528 10336
4
	15872 10304
	16384 10304
	16384 10336
	15872 10336
4
	0 10336
	544 10336
	544 10368
	0 10368
4
	2144 10336
	5888 10336
	5888 10368
	2144 10368
4
	7136 10336
	9088 10336
	9088 10368
	7136 10368
4
	10528 10336
	14624 10336
	14624 10368
	10528 10368
4
	15872 10336
	16384 10336
	16384 10368
	15872 10368
4
	0 10368
	544 10368
	544 10400
	0 10400
4
	2144 10368
	5888 10368
	5888 10400
	2144 10400
4
	7136 10368
	9088 10368
	9088 10400
	7136 10400
4
	10528 10368
	14624 10368
	14624 10400
	10528 10400
4
	15872 10368
	16384 10368
	16384 10400
	15872 10400
4
	0 10400
	544 10400
	544 10432
	0 10432
4
	2144 10400
	5888 10400
	5888 10432
	2144 10432
4
	7136 10400
	9088 10400
	9088 10432
	7136 10432
4
	10528 10400
	14624 10400
	14624 10432
	10528 10432
4
	15872 10400
	16384 10400
	16384 10432
	15872 10432
4
	0 10432
	544 10432
	544 10464
	0 10464
4
	2144 10432
	5888 10432
	5888 10464
	2144 10464
4
	7136 10432
	9088 10432
	9088 10464
	7136 10464
4
	10528 10432
	14624 10432
	14624 10464
	10528 10464
4
	15872 10432
	16384 10432
	16384 10464
	15872 10464
4
	0 10464
	544 10464
	544 10496
	0 10496
4
	2336 10464
	5888 10464
	5888 10496
	2336 10496
4
	7136 10464
	9088 10464
	9088 10496
	7136 10496
4
	10528 10464
	14624 10464
	14624 10496
	10528 10496
4
	15872 10464
	16384 10464
	16384 10496
	15872 10496
4
	0 10496
	544 10496
	544 10528
	0 10528
4
	2336 10496
	5888 10496
	5888 10528
	2336 10528
4
	7136 10496
	9088 10496
	9088 10528
	7136 10528
4
	10528 10496
	14624 10496
	14624 10528
	10528 10528
4
	15872 10496
	16384 10496
	16384 10528
	15872 10528
4
	0 10528
	544 10528
	544 10560
	0 10560
4
	2336 10528
	5888 10528
	5888 10560
	2336 10560
4
	7136 10528
	9088 10528
	9088 10560
	7136 10560
4
	10528 10528
	14624 10528
	14624 10560
	10528 10560
4
	15872 10528
	16384 10528
	16384 10560
	15872 10560
4
	0 10560
	544 10560
	544 10592
	0 10592
4
	2336 10560
	5888 10560
	5888 10592
	2336 10592
4
	7136 10560
	9088 10560
	9088 10592
	7136 10592
4
	10528 10560
	14624 10560
	14624 10592
	10528 10592
4
	15872 10560
	16384 10560
	16384 10592
	15872 10592
4
	0 10592
	544 10592
	544 10624
	0 10624
4
	2336 10592
	5888 10592
	5888 10624
	2336 10624
4
	7136 10592
	9088 10592
	9088 10624
	7136 10624
4
	10528 10592
	14624 10592
	14624 10624
	10528 10624
4
	15872 10592
	16384 10592
	16384 10624
	15872 10624
4
	0 10624
	544 10624
	544 10656
	0 10656
4
	2336 10624
	5888 10624
	5888 10656
	2336 10656
4
	7328 10624
	9088 10624
	9088 10656
	7328 10656
4
	10528 10624
	14624 10624
	14624 10656
	10528 10656
4
	15872 10624
	16384 10624
	16384 10656
	15872 10656
4
	0 10656
	544 10656
	544 10688
	0 10688
4
	2336 10656
	5888 10656
	5888 10688
	2336 10688
4
	7328 10656
	9088 10656
	9088 10688
	7328 10688
4
	10528 10656
	14624 10656
	14624 10688
	10528 10688
4
	15872 10656
	16384 10656
	16384 10688
	15872 10688
4
	0 10688
	544 10688
	544 10720
	0 10720
4
	2336 10688
	5888 10688
	5888 10720
	2336 10720
4
	7328 10688
	9088 10688
	9088 10720
	7328 10720
4
	10528 10688
	14624 10688
	14624 10720
	10528 10720
4
	15872 10688
	16384 10688
	16384 10720
	15872 10720
4
	0 10720
	544 10720
	544 10752
	0 10752
4
	2336 10720
	5888 10720
	5888 10752
	2336 10752
4
	7328 10720
	9088 10720
	9088 10752
	7328 10752
4
	10528 10720
	14624 10720
	14624 10752
	10528 10752
4
	15872 10720
	16384 10720
	16384 10752
	15872 10752
4
	0 10752
	544 10752
	544 10784
	0 10784
4
	2336 10752
	5888 10752
	5888 10784
	2336 10784
4
	7328 10752
	9088 10752
	9088 10784
	7328 10784
4
	10528 10752
	14624 10752
	14624 10784
	10528 10784
4
	15872 10752
	16384 10752
	16384 10784
	15872 10784
4
	0 10784
	544 10784
	544 10816
	0 10816
4
	2336 10784
	5888 10784
	5888 10816
	2336 10816
4
	7328 10784
	8928 10784
	8928 10816
	7328 10816
4
	10528 10784
	14432 10784
	14432 10816
	10528 10816
4
	15872 10784
	16384 10784
	16384 10816
	15872 10816
4
	0 10816
	544 10816
	544 10848
	0 10848
4
	2336 10816
	5888 10816
	5888 10848
	2336 10848
4
	7328 10816
	8928 10816
	8928 10848
	7328 10848
4
	10528 10816
	14432 10816
	14432 10848
	10528 10848
4
	15872 10816
	16384 10816
	16384 10848
	15872 10848
4
	0 10848
	544 10848
	544 10880
	0 10880
4
	2336 10848
	5888 10848
	5888 10880
	2336 10880
4
	7328 10848
	8928 10848
	8928 10880
	7328 10880
4
	10528 10848
	14432 10848
	14432 10880
	10528 10880
4
	15872 10848
	16384 10848
	16384 10880
	15872 10880
4
	0 10880
	544 10880
	544 10912
	0 10912
4
	2336 10880
	5888 10880
	5888 10912
	2336 10912
4
	7328 10880
	8928 10880
	8928 10912
	7328 10912
4
	10528 10880
	14432 10880
	14432 10912
	10528 10912
4
	15872 10880
	16384 10880
	16384 10912
	15872 10912
4
	0 10912
	544 10912
	544 10944
	0 10944
4
	2336 10912
	5888 10912
	5888 10944
	2336 10944
4
	7328 10912
	8928 10912
	8928 10944
	7328 10944
4
	10528 10912
	14432 10912
	14432 10944
	10528 10944
4
	15872 10912
	16384 10912
	16384 10944
	15872 10944
4
	0 10944
	544 10944
	544 10976
	0 10976
4
	2496 10944
	6080 10944
	6080 10976
	2496 10976
4
	7488 10944
	8736 10944
	8736 10976
	7488 10976
4
	10528 10944
	14432 10944
	14432 10976
	10528 10976
4
	15872 10944
	16384 10944
	16384 10976
	15872 10976
4
	0 10976
	544 10976
	544 11008
	0 11008
4
	2496 10976
	6080 10976
	6080 11008
	2496 11008
4
	7488 10976
	8736 10976
	8736 11008
	7488 11008
4
	10528 10976
	14432 10976
	14432 11008
	10528 11008
4
	15872 10976
	16384 10976
	16384 11008
	15872 11008
4
	0 11008
	544 11008
	544 11040
	0 11040
4
	2496 11008
	6080 11008
	6080 11040
	2496 11040
4
	7488 11008
	8736 11008
	8736 11040
	7488 11040
4
	10528 11008
	14432 11008
	14432 11040
	10528 11040
4
	15872 11008
	16384 11008
	16384 11040
	15872 11040
4
	0 11040
	544 11040
	544 11072
	0 11072
4
	2496 11040
	6080 11040
	6080 11072
	2496 11072
4
	7488 11040
	8736 11040
	8736 11072
	7488 11072
4
	10528 11040
	14432 11040
	14432 11072
	10528 11072
4
	15872 11040
	16384 11040
	16384 11072
	15872 11072
4
	0 11072
	544 11072
	544 11104
	0 11104
4
	2496 11072
	6080 11072
	6080 11104
	2496 11104
4
	7488 11072
	8736 11072
	8736 11104
	7488 11104
4
	10528 11072
	14432 11072
	14432 11104
	10528 11104
4
	15872 11072
	16384 11072
	16384 11104
	15872 11104
4
	0 11104
	544 11104
	544 11136
	0 11136
4
	2688 11104
	6080 11104
	6080 11136
	2688 11136
4
	7680 11104
	8576 11104
	8576 11136
	7680 11136
4
	10880 11104
	14432 11104
	14432 11136
	10880 11136
4
	15872 11104
	16384 11104
	16384 11136
	15872 11136
4
	0 11136
	544 11136
	544 11168
	0 11168
4
	2688 11136
	6080 11136
	6080 11168
	2688 11168
4
	7680 11136
	8576 11136
	8576 11168
	7680 11168
4
	10880 11136
	14432 11136
	14432 11168
	10880 11168
4
	15872 11136
	16384 11136
	16384 11168
	15872 11168
4
	0 11168
	544 11168
	544 11200
	0 11200
4
	2688 11168
	6080 11168
	6080 11200
	2688 11200
4
	7680 11168
	8576 11168
	8576 11200
	7680 11200
4
	10880 11168
	14432 11168
	14432 11200
	10880 11200
4
	15872 11168
	16384 11168
	16384 11200
	15872 11200
4
	0 11200
	544 11200
	544 11232
	0 11232
4
	2688 11200
	6080 11200
	6080 11232
	2688 11232
4
	7680 11200
	8576 11200
	8576 11232
	7680 11232
4
	10880 11200
	14432 11200
	14432 11232
	10880 11232
4
	15872 11200
	16384 11200
	16384 11232
	15872 11232
4
	0 11232
	544 11232
	544 11264
	0 11264
4
	2688 11232
	6080 11232
	6080 11264
	2688 11264
4
	7680 11232
	8576 11232
	8576 11264
	7680 11264
4
	10880 11232
	14432 11232
	14432 11264
	10880 11264
4
	15872 11232
	16384 11232
	16384 11264
	15872 11264
4
	0 11264
	544 11264
	544 11296
	0 11296
4
	2688 11264
	6240 11264
	6240 11296
	2688 11296
4
	11072 11264
	14432 11264
	14432 11296
	11072 11296
4
	15872 11264
	16384 11264
	16384 11296
	15872 11296
4
	0 11296
	544 11296
	544 11328
	0 11328
4
	2688 11296
	6240 11296
	6240 11328
	2688 11328
4
	11072 11296
	14432 11296
	14432 11328
	11072 11328
4
	15872 11296
	16384 11296
	16384 11328
	15872 11328
4
	0 11328
	544 11328
	544 11360
	0 11360
4
	2688 11328
	6240 11328
	6240 11360
	2688 11360
4
	11072 11328
	14432 11328
	14432 11360
	11072 11360
4
	15872 11328
	16384 11328
	16384 11360
	15872 11360
4
	0 11360
	544 11360
	544 11392
	0 11392
4
	2688 11360
	6240 11360
	6240 11392
	2688 11392
4
	11072 11360
	14432 11360
	14432 11392
	11072 11392
4
	15872 11360
	16384 11360
	16384 11392
	15872 11392
4
	0 11392
	544 11392
	544 11424
	0 11424
4
	2688 11392
	6240 11392
	6240 11424
	2688 11424
4
	11072 11392
	14432 11392
	14432 11424
	11072 11424
4
	15872 11392
	16384 11392
	16384 11424
	15872 11424
4
	0 11424
	544 11424
	544 11456
	0 11456
4
	2880 11424
	6240 11424
	6240 11456
	2880 11456
4
	11424 11424
	14272 11424
	14272 11456
	11424 11456
4
	15872 11424
	16384 11424
	16384 11456
	15872 11456
4
	0 11456
	544 11456
	544 11488
	0 11488
4
	2880 11456
	6240 11456
	6240 11488
	2880 11488
4
	11424 11456
	14272 11456
	14272 11488
	11424 11488
4
	15872 11456
	16384 11456
	16384 11488
	15872 11488
4
	0 11488
	544 11488
	544 11520
	0 11520
4
	2880 11488
	6240 11488
	6240 11520
	2880 11520
4
	11424 11488
	14272 11488
	14272 11520
	11424 11520
4
	15872 11488
	16384 11488
	16384 11520
	15872 11520
4
	0 11520
	544 11520
	544 11552
	0 11552
4
	2880 11520
	6240 11520
	6240 11552
	2880 11552
4
	11424 11520
	14272 11520
	14272 11552
	11424 11552
4
	15872 11520
	16384 11520
	16384 11552
	15872 11552
4
	0 11552
	544 11552
	544 11584
	0 11584
4
	2880 11552
	6240 11552
	6240 11584
	2880 11584
4
	11424 11552
	14272 11552
	14272 11584
	11424 11584
4
	15872 11552
	16384 11552
	16384 11584
	15872 11584
4
	0 11584
	544 11584
	544 11616
	0 11616
4
	2880 11584
	6080 11584
	6080 11616
	2880 11616
4
	11776 11584
	14080 11584
	14080 11616
	11776 11616
4
	15872 11584
	16384 11584
	16384 11616
	15872 11616
4
	0 11616
	544 11616
	544 11648
	0 11648
4
	2880 11616
	6080 11616
	6080 11648
	2880 11648
4
	11776 11616
	14080 11616
	14080 11648
	11776 11648
4
	15872 11616
	16384 11616
	16384 11648
	15872 11648
4
	0 11648
	544 11648
	544 11680
	0 11680
4
	2880 11648
	6080 11648
	6080 11680
	2880 11680
4
	11776 11648
	14080 11648
	14080 11680
	11776 11680
4
	15872 11648
	16384 11648
	16384 11680
	15872 11680
4
	0 11680
	544 11680
	544 11712
	0 11712
4
	2880 11680
	6080 11680
	6080 11712
	2880 11712
4
	11776 11680
	14080 11680
	14080 11712
	11776 11712
4
	15872 11680
	16384 11680
	16384 11712
	15872 11712
4
	0 11712
	544 11712
	544 11744
	0 11744
4
	2880 11712
	6080 11712
	6080 11744
	2880 11744
4
	11776 11712
	14080 11712
	14080 11744
	11776 11744
4
	15872 11712
	16384 11712
	16384 11744
	15872 11744
4
	0 11744
	544 11744
	544 11776
	0 11776
4
	3040 11744
	6080 11744
	6080 11776
	3040 11776
4
	9440 11744
	9824 11744
	9824 11776
	9440 11776
4
	12128 11744
	13920 11744
	13920 11776
	12128 11776
4
	15872 11744
	16384 11744
	16384 11776
	15872 11776
4
	0 11776
	544 11776
	544 11808
	0 11808
4
	3040 11776
	6080 11776
	6080 11808
	3040 11808
4
	9440 11776
	9824 11776
	9824 11808
	9440 11808
4
	12128 11776
	13920 11776
	13920 11808
	12128 11808
4
	15872 11776
	16384 11776
	16384 11808
	15872 11808
4
	0 11808
	544 11808
	544 11840
	0 11840
4
	3040 11808
	6080 11808
	6080 11840
	3040 11840
4
	9440 11808
	9824 11808
	9824 11840
	9440 11840
4
	12128 11808
	13920 11808
	13920 11840
	12128 11840
4
	15872 11808
	16384 11808
	16384 11840
	15872 11840
4
	0 11840
	544 11840
	544 11872
	0 11872
4
	3040 11840
	6080 11840
	6080 11872
	3040 11872
4
	9440 11840
	9824 11840
	9824 11872
	9440 11872
4
	12128 11840
	13920 11840
	13920 11872
	12128 11872
4
	15872 11840
	16384 11840
	16384 11872
	15872 11872
4
	0 11872
	544 11872
	544 11904
	0 11904
4
	3040 11872
	6080 11872
	6080 11904
	3040 11904
4
	9440 11872
	9824 11872
	9824 11904
	9440 11904
4
	12128 11872
	13920 11872
	13920 11904
	12128 11904
4
	15872 11872
	16384 11872
	16384 11904
	15872 11904
4
	0 11904
	544 11904
	544 11936
	0 11936
4
	3232 11904
	6080 11904
	6080 11936
	3232 11936
4
	9088 11904
	9984 11904
	9984 11936
	9088 11936
4
	12288 11904
	13920 11904
	13920 11936
	12288 11936
4
	15872 11904
	16384 11904
	16384 11936
	15872 11936
4
	0 11936
	544 11936
	544 11968
	0 11968
4
	3232 11936
	6080 11936
	6080 11968
	3232 11968
4
	9088 11936
	9984 11936
	9984 11968
	9088 11968
4
	12288 11936
	13920 11936
	13920 11968
	12288 11968
4
	15872 11936
	16384 11936
	16384 11968
	15872 11968
4
	0 11968
	544 11968
	544 12000
	0 12000
4
	3232 11968
	6080 11968
	6080 12000
	3232 12000
4
	9088 11968
	9984 11968
	9984 12000
	9088 12000
4
	12288 11968
	13920 11968
	13920 12000
	12288 12000
4
	15872 11968
	16384 11968
	16384 12000
	15872 12000
4
	0 12000
	544 12000
	544 12032
	0 12032
4
	3232 12000
	6080 12000
	6080 12032
	3232 12032
4
	9088 12000
	9984 12000
	9984 12032
	9088 12032
4
	12288 12000
	13920 12000
	13920 12032
	12288 12032
4
	15872 12000
	16384 12000
	16384 12032
	15872 12032
4
	0 12032
	544 12032
	544 12064
	0 12064
4
	3232 12032
	6080 12032
	6080 12064
	3232 12064
4
	9088 12032
	9984 12032
	9984 12064
	9088 12064
4
	12288 12032
	13920 12032
	13920 12064
	12288 12064
4
	15872 12032
	16384 12032
	16384 12064
	15872 12064
4
	0 12064
	544 12064
	544 12096
	0 12096
4
	3232 12064
	5888 12064
	5888 12096
	3232 12096
4
	7488 12064
	7840 12064
	7840 12096
	7488 12096
4
	8576 12064
	10336 12064
	10336 12096
	8576 12096
4
	12672 12064
	13728 12064
	13728 12096
	12672 12096
4
	15872 12064
	16384 12064
	16384 12096
	15872 12096
4
	0 12096
	544 12096
	544 12128
	0 12128
4
	3232 12096
	5888 12096
	5888 12128
	3232 12128
4
	7488 12096
	7840 12096
	7840 12128
	7488 12128
4
	8576 12096
	10336 12096
	10336 12128
	8576 12128
4
	12672 12096
	13728 12096
	13728 12128
	12672 12128
4
	15872 12096
	16384 12096
	16384 12128
	15872 12128
4
	0 12128
	544 12128
	544 12160
	0 12160
4
	3232 12128
	5888 12128
	5888 12160
	3232 12160
4
	7488 12128
	7840 12128
	7840 12160
	7488 12160
4
	8576 12128
	10336 12128
	10336 12160
	8576 12160
4
	12672 12128
	13728 12128
	13728 12160
	12672 12160
4
	15872 12128
	16384 12128
	16384 12160
	15872 12160
4
	0 12160
	544 12160
	544 12192
	0 12192
4
	3232 12160
	5888 12160
	5888 12192
	3232 12192
4
	7488 12160
	7840 12160
	7840 12192
	7488 12192
4
	8576 12160
	10336 12160
	10336 12192
	8576 12192
4
	12672 12160
	13728 12160
	13728 12192
	12672 12192
4
	15872 12160
	16384 12160
	16384 12192
	15872 12192
4
	0 12192
	544 12192
	544 12224
	0 12224
4
	3232 12192
	5888 12192
	5888 12224
	3232 12224
4
	7488 12192
	7840 12192
	7840 12224
	7488 12224
4
	8576 12192
	10336 12192
	10336 12224
	8576 12224
4
	12672 12192
	13728 12192
	13728 12224
	12672 12224
4
	15872 12192
	16384 12192
	16384 12224
	15872 12224
4
	0 12224
	544 12224
	544 12256
	0 12256
4
	3392 12224
	5728 12224
	5728 12256
	3392 12256
4
	7328 12224
	10528 12224
	10528 12256
	7328 12256
4
	13024 12224
	13536 12224
	13536 12256
	13024 12256
4
	15872 12224
	16384 12224
	16384 12256
	15872 12256
4
	0 12256
	544 12256
	544 12288
	0 12288
4
	3392 12256
	5728 12256
	5728 12288
	3392 12288
4
	7328 12256
	10528 12256
	10528 12288
	7328 12288
4
	13024 12256
	13536 12256
	13536 12288
	13024 12288
4
	15872 12256
	16384 12256
	16384 12288
	15872 12288
4
	0 12288
	544 12288
	544 12320
	0 12320
4
	3392 12288
	5728 12288
	5728 12320
	3392 12320
4
	7328 12288
	10528 12288
	10528 12320
	7328 12320
4
	13024 12288
	13536 12288
	13536 12320
	13024 12320
4
	15872 12288
	16384 12288
	16384 12320
	15872 12320
4
	0 12320
	544 12320
	544 12352
	0 12352
4
	3392 12320
	5728 12320
	5728 12352
	3392 12352
4
	7328 12320
	10528 12320
	10528 12352
	7328 12352
4
	13024 12320
	13536 12320
	13536 12352
	13024 12352
4
	15872 12320
	16384 12320
	16384 12352
	15872 12352
4
	0 12352
	544 12352
	544 12384
	0 12384
4
	3392 12352
	5728 12352
	5728 12384
	3392 12384
4
	7328 12352
	10528 12352
	10528 12384
	7328 12384
4
	13024 12352
	13536 12352
	13536 12384
	13024 12384
4
	15872 12352
	16384 12352
	16384 12384
	15872 12384
4
	0 12384
	544 12384
	544 12416
	0 12416
4
	3584 12384
	5728 12384
	5728 12416
	3584 12416
4
	7136 12384
	10880 12384
	10880 12416
	7136 12416
4
	15872 12384
	16384 12384
	16384 12416
	15872 12416
4
	0 12416
	544 12416
	544 12448
	0 12448
4
	3584 12416
	5728 12416
	5728 12448
	3584 12448
4
	7136 12416
	10880 12416
	10880 12448
	7136 12448
4
	15872 12416
	16384 12416
	16384 12448
	15872 12448
4
	0 12448
	544 12448
	544 12480
	0 12480
4
	3584 12448
	5728 12448
	5728 12480
	3584 12480
4
	7136 12448
	10880 12448
	10880 12480
	7136 12480
4
	15872 12448
	16384 12448
	16384 12480
	15872 12480
4
	0 12480
	544 12480
	544 12512
	0 12512
4
	3584 12480
	5728 12480
	5728 12512
	3584 12512
4
	7136 12480
	10880 12480
	10880 12512
	7136 12512
4
	15872 12480
	16384 12480
	16384 12512
	15872 12512
4
	0 12512
	544 12512
	544 12544
	0 12544
4
	3584 12512
	5728 12512
	5728 12544
	3584 12544
4
	7136 12512
	10880 12512
	10880 12544
	7136 12544
4
	15872 12512
	16384 12512
	16384 12544
	15872 12544
4
	0 12544
	544 12544
	544 12576
	0 12576
4
	3584 12544
	5536 12544
	5536 12576
	3584 12576
4
	6976 12544
	11072 12544
	11072 12576
	6976 12576
4
	15872 12544
	16384 12544
	16384 12576
	15872 12576
4
	0 12576
	544 12576
	544 12608
	0 12608
4
	3584 12576
	5536 12576
	5536 12608
	3584 12608
4
	6976 12576
	11072 12576
	11072 12608
	6976 12608
4
	15872 12576
	16384 12576
	16384 12608
	15872 12608
4
	0 12608
	544 12608
	544 12640
	0 12640
4
	3584 12608
	5536 12608
	5536 12640
	3584 12640
4
	6976 12608
	11072 12608
	11072 12640
	6976 12640
4
	15872 12608
	16384 12608
	16384 12640
	15872 12640
4
	0 12640
	544 12640
	544 12672
	0 12672
4
	3584 12640
	5536 12640
	5536 12672
	3584 12672
4
	6976 12640
	11072 12640
	11072 12672
	6976 12672
4
	15872 12640
	16384 12640
	16384 12672
	15872 12672
4
	0 12672
	544 12672
	544 12704
	0 12704
4
	3584 12672
	5536 12672
	5536 12704
	3584 12704
4
	6976 12672
	11072 12672
	11072 12704
	6976 12704
4
	15872 12672
	16384 12672
	16384 12704
	15872 12704
4
	0 12704
	544 12704
	544 12736
	0 12736
4
	3744 12704
	5344 12704
	5344 12736
	3744 12736
4
	6976 12704
	11232 12704
	11232 12736
	6976 12736
4
	15872 12704
	16384 12704
	16384 12736
	15872 12736
4
	0 12736
	544 12736
	544 12768
	0 12768
4
	3744 12736
	5344 12736
	5344 12768
	3744 12768
4
	6976 12736
	11232 12736
	11232 12768
	6976 12768
4
	15872 12736
	16384 12736
	16384 12768
	15872 12768
4
	0 12768
	544 12768
	544 12800
	0 12800
4
	3744 12768
	5344 12768
	5344 12800
	3744 12800
4
	6976 12768
	11232 12768
	11232 12800
	6976 12800
4
	15872 12768
	16384 12768
	16384 12800
	15872 12800
4
	0 12800
	544 12800
	544 12832
	0 12832
4
	3744 12800
	5344 12800
	5344 12832
	3744 12832
4
	6976 12800
	11232 12800
	11232 12832
	6976 12832
4
	15872 12800
	16384 12800
	16384 12832
	15872 12832
4
	0 12832
	544 12832
	544 12864
	0 12864
4
	3744 12832
	5344 12832
	5344 12864
	3744 12864
4
	6976 12832
	11232 12832
	11232 12864
	6976 12864
4
	15872 12832
	16384 12832
	16384 12864
	15872 12864
4
	0 12864
	544 12864
	544 12896
	0 12896
4
	3936 12864
	5344 12864
	5344 12896
	3936 12896
4
	6784 12864
	11424 12864
	11424 12896
	6784 12896
4
	15872 12864
	16384 12864
	16384 12896
	15872 12896
4
	0 12896
	544 12896
	544 12928
	0 12928
4
	3936 12896
	5344 12896
	5344 12928
	3936 12928
4
	6784 12896
	11424 12896
	11424 12928
	6784 12928
4
	15872 12896
	16384 12896
	16384 12928
	15872 12928
4
	0 12928
	544 12928
	544 12960
	0 12960
4
	3936 12928
	5344 12928
	5344 12960
	3936 12960
4
	6784 12928
	11424 12928
	11424 12960
	6784 12960
4
	15872 12928
	16384 12928
	16384 12960
	15872 12960
4
	0 12960
	544 12960
	544 12992
	0 12992
4
	3936 12960
	5344 12960
	5344 12992
	3936 12992
4
	6784 12960
	11424 12960
	11424 12992
	6784 12992
4
	15872 12960
	16384 12960
	16384 12992
	15872 12992
4
	0 12992
	544 12992
	544 13024
	0 13024
4
	3936 12992
	5344 12992
	5344 13024
	3936 13024
4
	6784 12992
	11424 12992
	11424 13024
	6784 13024
4
	15872 12992
	16384 12992
	16384 13024
	15872 13024
4
	0 13024
	736 13024
	736 13056
	0 13056
4
	3936 13024
	4992 13024
	4992 13056
	3936 13056
4
	6592 13024
	11584 13024
	11584 13056
	6592 13056
4
	15872 13024
	16384 13024
	16384 13056
	15872 13056
4
	0 13056
	736 13056
	736 13088
	0 13088
4
	3936 13056
	4992 13056
	4992 13088
	3936 13088
4
	6592 13056
	11584 13056
	11584 13088
	6592 13088
4
	15872 13056
	16384 13056
	16384 13088
	15872 13088
4
	0 13088
	736 13088
	736 13120
	0 13120
4
	3936 13088
	4992 13088
	4992 13120
	3936 13120
4
	6592 13088
	11584 13088
	11584 13120
	6592 13120
4
	15872 13088
	16384 13088
	16384 13120
	15872 13120
4
	0 13120
	736 13120
	736 13152
	0 13152
4
	3936 13120
	4992 13120
	4992 13152
	3936 13152
4
	6592 13120
	11584 13120
	11584 13152
	6592 13152
4
	15872 13120
	16384 13120
	16384 13152
	15872 13152
4
	0 13152
	736 13152
	736 13184
	0 13184
4
	3936 13152
	4992 13152
	4992 13184
	3936 13184
4
	6592 13152
	11584 13152
	11584 13184
	6592 13184
4
	15872 13152
	16384 13152
	16384 13184
	15872 13184
4
	0 13184
	1088 13184
	1088 13216
	0 13216
4
	4288 13184
	4640 13184
	4640 13216
	4288 13216
4
	6432 13184
	11776 13184
	11776 13216
	6432 13216
4
	15680 13184
	16384 13184
	16384 13216
	15680 13216
4
	0 13216
	1088 13216
	1088 13248
	0 13248
4
	4288 13216
	4640 13216
	4640 13248
	4288 13248
4
	6432 13216
	11776 13216
	11776 13248
	6432 13248
4
	15680 13216
	16384 13216
	16384 13248
	15680 13248
4
	0 13248
	1088 13248
	1088 13280
	0 13280
4
	4288 13248
	4640 13248
	4640 13280
	4288 13280
4
	6432 13248
	11776 13248
	11776 13280
	6432 13280
4
	15680 13248
	16384 13248
	16384 13280
	15680 13280
4
	0 13280
	1088 13280
	1088 13312
	0 13312
4
	4288 13280
	4640 13280
	4640 13312
	4288 13312
4
	6432 13280
	11776 13280
	11776 13312
	6432 13312
4
	15680 13280
	16384 13280
	16384 13312
	15680 13312
4
	0 13312
	1088 13312
	1088 13344
	0 13344
4
	4288 13312
	4640 13312
	4640 13344
	4288 13344
4
	6432 13312
	11776 13312
	11776 13344
	6432 13344
4
	15680 13312
	16384 13312
	16384 13344
	15680 13344
4
	0 13344
	1088 13344
	1088 13376
	0 13376
4
	6240 13344
	11776 13344
	11776 13376
	6240 13376
4
	15520 13344
	16384 13344
	16384 13376
	15520 13376
4
	0 13376
	1088 13376
	1088 13408
	0 13408
4
	6240 13376
	11776 13376
	11776 13408
	6240 13408
4
	15520 13376
	16384 13376
	16384 13408
	15520 13408
4
	0 13408
	1088 13408
	1088 13440
	0 13440
4
	6240 13408
	11776 13408
	11776 13440
	6240 13440
4
	15520 13408
	16384 13408
	16384 13440
	15520 13440
4
	0 13440
	1088 13440
	1088 13472
	0 13472
4
	6240 13440
	11776 13440
	11776 13472
	6240 13472
4
	15520 13440
	16384 13440
	16384 13472
	15520 13472
4
	0 13472
	1088 13472
	1088 13504
	0 13504
4
	6240 13472
	11776 13472
	11776 13504
	6240 13504
4
	15520 13472
	16384 13472
	16384 13504
	15520 13504
4
	0 13504
	1248 13504
	1248 13536
	0 13536
4
	6080 13504
	11584 13504
	11584 13536
	6080 13536
4
	15328 13504
	16384 13504
	16384 13536
	15328 13536
4
	0 13536
	1248 13536
	1248 13568
	0 13568
4
	6080 13536
	11584 13536
	11584 13568
	6080 13568
4
	15328 13536
	16384 13536
	16384 13568
	15328 13568
4
	0 13568
	1248 13568
	1248 13600
	0 13600
4
	6080 13568
	11584 13568
	11584 13600
	6080 13600
4
	15328 13568
	16384 13568
	16384 13600
	15328 13600
4
	0 13600
	1248 13600
	1248 13632
	0 13632
4
	6080 13600
	11584 13600
	11584 13632
	6080 13632
4
	15328 13600
	16384 13600
	16384 13632
	15328 13632
4
	0 13632
	1248 13632
	1248 13664
	0 13664
4
	6080 13632
	11584 13632
	11584 13664
	6080 13664
4
	15328 13632
	16384 13632
	16384 13664
	15328 13664
4
	0 13664
	1632 13664
	1632 13696
	0 13696
4
	5888 13664
	11584 13664
	11584 13696
	5888 13696
4
	15168 13664
	16384 13664
	16384 13696
	15168 13696
4
	0 13696
	1632 13696
	1632 13728
	0 13728
4
	5888 13696
	11584 13696
	11584 13728
	5888 13728
4
	15168 13696
	16384 13696
	16384 13728
	15168 13728
4
	0 13728
	1632 13728
	1632 13760
	0 13760
4
	5888 13728
	11584 13728
	11584 13760
	5888 13760
4
	15168 13728
	16384 13728
	16384 13760
	15168 13760
4
	0 13760
	1632 13760
	1632 13792
	0 13792
4
	5888 13760
	11584 13760
	11584 13792
	5888 13792
4
	15168 13760
	16384 13760
	16384 13792
	15168 13792
4
	0 13792
	1632 13792
	1632 13824
	0 13824
4
	5888 13792
	11584 13792
	11584 13824
	5888 13824
4
	15168 13792
	16384 13792
	16384 13824
	15168 13824
4
	0 13824
	1792 13824
	1792 13856
	0 13856
4
	5728 13824
	11424 13824
	11424 13856
	5728 13856
4
	14976 13824
	16384 13824
	16384 13856
	14976 13856
4
	0 13856
	1792 13856
	1792 13888
	0 13888
4
	5728 13856
	11424 13856
	11424 13888
	5728 13888
4
	14976 13856
	16384 13856
	16384 13888
	14976 13888
4
	0 13888
	1792 13888
	1792 13920
	0 13920
4
	5728 13888
	11424 13888
	11424 13920
	5728 13920
4
	14976 13888
	16384 13888
	16384 13920
	14976 13920
4
	0 13920
	1792 13920
	1792 13952
	0 13952
4
	5728 13920
	11424 13920
	11424 13952
	5728 13952
4
	14976 13920
	16384 13920
	16384 13952
	14976 13952
4
	0 13952
	1792 13952
	1792 13984
	0 13984
4
	5728 13952
	11424 13952
	11424 13984
	5728 13984
4
	14976 13952
	16384 13952
	16384 13984
	14976 13984
4
	0 13984
	2144 13984
	2144 14016
	0 14016
4
	6080 13984
	11232 13984
	11232 14016
	6080 14016
4
	14624 13984
	16384 13984
	16384 14016
	14624 14016
4
	0 14016
	2144 14016
	2144 14048
	0 14048
4
	6080 14016
	11232 14016
	11232 14048
	6080 14048
4
	14624 14016
	16384 14016
	16384 14048
	14624 14048
4
	0 14048
	2144 14048
	2144 14080
	0 14080
4
	6080 14048
	11232 14048
	11232 14080
	6080 14080
4
	14624 14048
	16384 14048
	16384 14080
	14624 14080
4
	0 14080
	2144 14080
	2144 14112
	0 14112
4
	6080 14080
	11232 14080
	11232 14112
	6080 14112
4
	14624 14080
	16384 14080
	16384 14112
	14624 14112
4
	0 14112
	2144 14112
	2144 14144
	0 14144
4
	6080 14112
	11232 14112
	11232 14144
	6080 14144
4
	14624 14112
	16384 14112
	16384 14144
	14624 14144
4
	0 14144
	2496 14144
	2496 14176
	0 14176
4
	6240 14144
	10528 14144
	10528 14176
	6240 14176
4
	14432 14144
	16384 14144
	16384 14176
	14432 14176
4
	0 14176
	2496 14176
	2496 14208
	0 14208
4
	6240 14176
	10528 14176
	10528 14208
	6240 14208
4
	14432 14176
	16384 14176
	16384 14208
	14432 14208
4
	0 14208
	2496 14208
	2496 14240
	0 14240
4
	6240 14208
	10528 14208
	10528 14240
	6240 14240
4
	14432 14208
	16384 14208
	16384 14240
	14432 14240
4
	0 14240
	2496 14240
	2496 14272
	0 14272
4
	6240 14240
	10528 14240
	10528 14272
	6240 14272
4
	14432 14240
	16384 14240
	16384 14272
	14432 14272
4
	0 14272
	2496 14272
	2496 14304
	0 14304
4
	6240 14272
	10528 14272
	10528 14304
	6240 14304
4
	14432 14272
	16384 14272
	16384 14304
	14432 14304
4
	0 14304
	2688 14304
	2688 14336
	0 14336
4
	7488 14304
	10176 14304
	10176 14336
	7488 14336
4
	14080 14304
	16384 14304
	16384 14336
	14080 14336
4
	0 14336
	2688 14336
	2688 14368
	0 14368
4
	7488 14336
	10176 14336
	10176 14368
	7488 14368
4
	14080 14336
	16384 14336
	16384 14368
	14080 14368
4
	0 14368
	2688 14368
	2688 14400
	0 14400
4
	7488 14368
	10176 14368
	10176 14400
	7488 14400
4
	14080 14368
	16384 14368
	16384 14400
	14080 14400
4
	0 14400
	2688 14400
	2688 14432
	0 14432
4
	7488 14400
	10176 14400
	10176 14432
	7488 14432
4
	14080 14400
	16384 14400
	16384 14432
	14080 14432
4
	0 14432
	2688 14432
	2688 14464
	0 14464
4
	7488 14432
	10176 14432
	10176 14464
	7488 14464
4
	14080 14432
	16384 14432
	16384 14464
	14080 14464
4
	0 14464
	3232 14464
	3232 14496
	0 14496
4
	13920 14464
	16384 14464
	16384 14496
	13920 14496
4
	0 14496
	3232 14496
	3232 14528
	0 14528
4
	13920 14496
	16384 14496
	16384 14528
	13920 14528
4
	0 14528
	3232 14528
	3232 14560
	0 14560
4
	13920 14528
	16384 14528
	16384 14560
	13920 14560
4
	0 14560
	3232 14560
	3232 14592
	0 14592
4
	13920 14560
	16384 14560
	16384 14592
	13920 14592
4
	0 14592
	3232 14592
	3232 14624
	0 14624
4
	13920 14592
	16384 14592
	16384 14624
	13920 14624
4
	0 14624
	3392 14624
	3392 14656
	0 14656
4
	13376 14624
	16384 14624
	16384 14656
	13376 14656
4
	0 14656
	3392 14656
	3392 14688
	0 14688
4
	13376 14656
	16384 14656
	16384 14688
	13376 14688
4
	0 14688
	3392 14688
	3392 14720
	0 14720
4
	13376 14688
	16384 14688
	16384 14720
	13376 14720
4
	0 14720
	3392 14720
	3392 14752
	0 14752
4
	13376 14720
	16384 14720
	16384 14752
	13376 14752
4
	0 14752
	3392 14752
	3392 14784
	0 14784
4
	13376 14752
	16384 14752
	16384 14784
	13376 14784
4
	0 14784
	3584 14784
	3584 14816
	0 14816
4
	12672 14784
	16384 14784
	16384 14816
	12672 14816
4
	0 14816
	3584 14816
	3584 14848
	0 14848
4
	12672 14816
	16384 14816
	16384 14848
	12672 14848
4
	0 14848
	3584 14848
	3584 14880
	0 14880
4
	12672 14848
	16384 14848
	16384 14880
	12672 14880
4
	0 14880
	3584 14880
	3584 14912
	0 14912
4
	12672 14880
	16384 14880
	16384 14912
	12672 14912
4
	0 14912
	3584 14912
	3584 14944
	0 14944
4
	12672 14912
	16384 14912
	16384 14944
	12672 14944
4
	0 14944
	3936 14944
	3936 14976
	0 14976
4
	12128 14944
	16384 14944
	16384 14976
	12128 14976
4
	0 14976
	3936 14976
	3936 15008
	0 15008
4
	12128 14976
	16384 14976
	16384 15008
	12128 15008
4
	0 15008
	3936 15008
	3936 15040
	0 15040
4
	12128 15008
	16384 15008
	16384 15040
	12128 15040
4
	0 15040
	3936 15040
	3936 15072
	0 15072
4
	12128 15040
	16384 15040
	16384 15072
	12128 15072
4
	0 15072
	3936 15072
	3936 15104
	0 15104
4
	12128 15072
	16384 15072
	16384 15104
	12128 15104
4
	0 15104
	4096 15104
	4096 15136
	0 15136
4
	11936 15104
	16384 15104
	16384 15136
	11936 15136
4
	0 15136
	4096 15136
	4096 15168
	0 15168
4
	11936 15136
	16384 15136
	16384 15168
	11936 15168
4
	0 15168
	4096 15168
	4096 15200
	0 15200
4
	11936 15168
	16384 15168
	16384 15200
	11936 15200
4
	0 15200
	4096 15200
	4096 15232
	0 15232
4
	11936 15200
	16384 15200
	16384 15232
	11936 15232
4
	0 15232
	4096 15232
	4096 15264
	0 15264
4
	11936 15232
	16384 15232
	16384 15264
	11936 15264
4
	0 15264
	4832 15264
	4832 15296
	0 15296
4
	11232 15264
	16384 15264
	16384 15296
	11232 15296
4
	0 15296
	4832 15296
	4832 15328
	0 15328
4
	11232 15296
	16384 15296
	16384 15328
	11232 15328
4
	0 15328
	4832 15328
	4832 15360
	0 15360
4
	11232 15328
	16384 15328
	16384 15360
	11232 15360
4
	0 15360
	4832 15360
	4832 15392
	0 15392
4
	11232 15360
	16384 15360
	16384 15392
	11232 15392
4
	0 15392
	4832 15392
	4832 15424
	0 15424
4
	11232 15392
	16384 15392
	16384 15424
	11232 15424
4
	0 15424
	5344 15424
	5344 15456
	0 15456
4
	10688 15424
	16384 15424
	16384 15456
	10688 15456
4
	0 15456
	5344 15456
	5344 15488
	0 15488
4
	10688 15456
	16384 15456
	16384 15488
	10688 15488
4
	0 15488
	5344 15488
	5344 15520
	0 15520
4
	10688 15488
	16384 15488
	16384 15520
	10688 15520
4
	0 15520
	5344 15520
	5344 15552
	0 15552
4
	10688 15520
	16384 15520
	16384 15552
	10688 15552
4
	0 15552
	5344 15552
	5344 15584
	0 15584
4
	10688 15552
	16384 15552
	16384 15584
	10688 15584
4
	0 15584
	5728 15584
	5728 15616
	0 15616
4
	10336 15584
	16384 15584
	16384 15616
	10336 15616
4
	0 15616
	5728 15616
	5728 15648
	0 15648
4
	10336 15616
	16384 15616
	16384 15648
	10336 15648
4
	0 15648
	5728 15648
	5728 15680
	0 15680
4
	10336 15648
	16384 15648
	16384 15680
	10336 15680
4
	0 15680
	5728 15680
	5728 15712
	0 15712
4
	10336 15680
	16384 15680
	16384 15712
	10336 15712
4
	0 15712
	5728 15712
	5728 15744
	0 15744
4
	10336 15712
	16384 15712
	16384 15744
	10336 15744
4
	0 15744
	6432 15744
	6432 15776
	0 15776
4
	9984 15744
	16384 15744
	16384 15776
	9984 15776
4
	0 15776
	6432 15776
	6432 15808
	0 15808
4
	9984 15776
	16384 15776
	16384 15808
	9984 15808
4
	0 15808
	6432 15808
	6432 15840
	0 15840
4
	9984 15808
	16384 15808
	16384 15840
	9984 15840
4
	0 15840
	6432 15840
	6432 15872
	0 15872
4
	9984 15840
	16384 15840
	16384 15872
	9984 15872
4
	0 15872
	6432 15872
	6432 15904
	0 15904
4
	9984 15872
	16384 15872
	16384 15904
	9984 15904
4
	0 15904
	16384 15904
	16384 15936
	0 15936
4
	0 15936
	16384 15936
	16384 15968
	0 15968
4
	0 15968
	16384 15968
	16384 16000
	0 16000
4
	0 16000
	16384 16000
	16384 16032
	0 16032
4
	0 16032
	16384 16032
	16384 16064
	0 16064
4
	0 16064
	16384 16064
	16384 16096
	0 16096
4
	0 16096
	16384 16096
	16384 16128
	0 16128
4
	0 16128
	16384 16128
	16384 16160
	0 16160
4
	0 16160
	16384 16160
	16384 16192
	0 16192
4
	0 16192
	16384 16192
	16384 16224
	0 16224
4
	0 16224
	16384 16224
	16384 16256
	0 16256
4
	0 16256
	16384 16256
	16384 16288
	0 16288
4
	0 16288
	16384 16288
	16384 16320
	0 16320
4
	0 16320
	16384 16320
	16384 16352
	0 16352
4
	0 16352
	16384 16352
	16384 16384
	0 16384
4
	-32 -32
	16416 -32
	16416 0
	-32 0
4
	-32 16384
	16416 16384
	16416 16416
	-32 16416
4
	-32 0
	0 0
	0 16384
	-32 16384
4
	16384 0
	16416 0
	16416 16384
	16384 16384
