1143
4
	0 0
	16384 0
	16384 32
	0 32
4
	0 32
	16384 32
	16384 64
	0 64
4
	0 64
	16384 64
	16384 96
	0 96
4
	0 96
	16384 96
	16384 128
	0 128
4
	0 128
	16384 128
	16384 160
	0 160
4
	0 160
	16384 160
	16384 192
	0 192
4
	0 192
	16384 192
	16384 224
	0 224
4
	0 224
	16384 224
	16384 256
	0 256
4
	0 256
	16384 256
	16384 288
	0 288
4
	0 288
	16384 288
	16384 320
	0 320
4
	0 320
	16384 320
	16384 352
	0 352
4
	0 352
	16384 352
	16384 384
	0 384
4
	0 384
	16384 384
	16384 416
	0 416
4
	0 416
	16384 416
	16384 448
	0 448
4
	0 448
	16384 448
	16384 480
	0 480
4
	0 480
	16384 480
	16384 512
	0 512
4
	0 512
	16384 512
	16384 544
	0 544
4
	0 544
	16384 544
	16384 576
	0 576
4
	0 576
	16384 576
	16384 608
	0 608
4
	0 608
	16384 608
	16384 640
	0 640
4
	0 640
	16384 640
	16384 672
	0 672
4
	0 672
	16384 672
	16384 704
	0 704
4
	0 704
	16384 704
	16384 736
	0 736
4
	0 736
	16384 736
	16384 768
	0 768
4
	0 768
	16384 768
	16384 800
	0 800
4
	0 800
	16384 800
	16384 832
	0 832
4
	0 832
	16384 832
	16384 864
	0 864
4
	0 864
	16384 864
	16384 896
	0 896
4
	0 896
	16384 896
	16384 928
	0 928
4
	0 928
	16384 928
	16384 960
	0 960
4
	0 960
	16384 960
	16384 992
	0 992
4
	0 992
	16384 992
	16384 1024
	0 1024
4
	0 1024
	16384 1024
	16384 1056
	0 1056
4
	0 1056
	16384 1056
	16384 1088
	0 1088
4
	0 1088
	16384 1088
	16384 1120
	0 1120
4
	0 1120
	16384 1120
	16384 1152
	0 1152
4
	0 1152
	16384 1152
	16384 1184
	0 1184
4
	0 1184
	16384 1184
	16384 1216
	0 1216
4
	0 1216
	16384 1216
	16384 1248
	0 1248
4
	0 1248
	16384 1248
	16384 1280
	0 1280
4
	0 1280
	16384 1280
	16384 1312
	0 1312
4
	0 1312
	16384 1312
	16384 1344
	0 1344
4
	0 1344
	16384 1344
	16384 1376
	0 1376
4
	0 1376
	16384 1376
	16384 1408
	0 1408
4
	0 1408
	16384 1408
	16384 1440
	0 1440
4
	0 1440
	16384 1440
	16384 1472
	0 1472
4
	0 1472
	16384 1472
	16384 1504
	0 1504
4
	0 1504
	16384 1504
	16384 1536
	0 1536
4
	0 1536
	16384 1536
	16384 1568
	0 1568
4
	0 1568
	16384 1568
	16384 1600
	0 1600
4
	0 1600
	16384 1600
	16384 1632
	0 1632
4
	0 1632
	16384 1632
	16384 1664
	0 1664
4
	0 1664
	16384 1664
	16384 1696
	0 1696
4
	0 1696
	16384 1696
	16384 1728
	0 1728
4
	0 1728
	16384 1728
	16384 1760
	0 1760
4
	0 1760
	16384 1760
	16384 1792
	0 1792
4
	0 1792
	16384 1792
	16384 1824
	0 1824
4
	0 1824
	16384 1824
	16384 1856
	0 1856
4
	0 1856
	16384 1856
	16384 1888
	0 1888
4
	0 1888
	16384 1888
	16384 1920
	0 1920
4
	0 1920
	16384 1920
	16384 1952
	0 1952
4
	0 1952
	16384 1952
	16384 1984
	0 1984
4
	0 1984
	16384 1984
	16384 2016
	0 2016
4
	0 2016
	16384 2016
	16384 2048
	0 2048
4
	0 2048
	16384 2048
	16384 2080
	0 2080
4
	0 2080
	16384 2080
	16384 2112
	0 2112
4
	0 2112
	16384 2112
	16384 2144
	0 2144
4
	0 2144
	16384 2144
	16384 2176
	0 2176
4
	0 2176
	16384 2176
	16384 2208
	0 2208
4
	0 2208
	16384 2208
	16384 2240
	0 2240
4
	0 2240
	16384 2240
	16384 2272
	0 2272
4
	0 2272
	16384 2272
	16384 2304
	0 2304
4
	0 2304
	16384 2304
	16384 2336
	0 2336
4
	0 2336
	16384 2336
	16384 2368
	0 2368
4
	0 2368
	16384 2368
	16384 2400
	0 2400
4
	0 2400
	16384 2400
	16384 2432
	0 2432
4
	0 2432
	16384 2432
	16384 2464
	0 2464
4
	0 2464
	16384 2464
	16384 2496
	0 2496
4
	0 2496
	16384 2496
	16384 2528
	0 2528
4
	0 2528
	16384 2528
	16384 2560
	0 2560
4
	0 2560
	16384 2560
	16384 2592
	0 2592
4
	0 2592
	16384 2592
	16384 2624
	0 2624
4
	0 2624
	16384 2624
	16384 2656
	0 2656
4
	0 2656
	16384 2656
	16384 2688
	0 2688
4
	0 2688
	16384 2688
	16384 2720
	0 2720
4
	0 2720
	16384 2720
	16384 2752
	0 2752
4
	0 2752
	16384 2752
	16384 2784
	0 2784
4
	0 2784
	16384 2784
	16384 2816
	0 2816
4
	0 2816
	16384 2816
	16384 2848
	0 2848
4
	0 2848
	16384 2848
	16384 2880
	0 2880
4
	0 2880
	16384 2880
	16384 2912
	0 2912
4
	0 2912
	16384 2912
	16384 2944
	0 2944
4
	0 2944
	16384 2944
	16384 2976
	0 2976
4
	0 2976
	16384 2976
	16384 3008
	0 3008
4
	0 3008
	16384 3008
	16384 3040
	0 3040
4
	0 3040
	16384 3040
	16384 3072
	0 3072
4
	0 3072
	16384 3072
	16384 3104
	0 3104
4
	0 3104
	16384 3104
	16384 3136
	0 3136
4
	0 3136
	16384 3136
	16384 3168
	0 3168
4
	0 3168
	16384 3168
	16384 3200
	0 3200
4
	0 3200
	16384 3200
	16384 3232
	0 3232
4
	0 3232
	16384 3232
	16384 3264
	0 3264
4
	0 3264
	16384 3264
	16384 3296
	0 3296
4
	0 3296
	16384 3296
	16384 3328
	0 3328
4
	0 3328
	16384 3328
	16384 3360
	0 3360
4
	0 3360
	16384 3360
	16384 3392
	0 3392
4
	0 3392
	16384 3392
	16384 3424
	0 3424
4
	0 3424
	16384 3424
	16384 3456
	0 3456
4
	0 3456
	9216 3456
	9216 3488
	0 3488
4
	10592 3456
	16384 3456
	16384 3488
	10592 3488
4
	0 3488
	9216 3488
	9216 3520
	0 3520
4
	10592 3488
	16384 3488
	16384 3520
	10592 3520
4
	0 3520
	9216 3520
	9216 3552
	0 3552
4
	10592 3520
	16384 3520
	16384 3552
	10592 3552
4
	0 3552
	8800 3552
	8800 3584
	0 3584
4
	10848 3552
	16384 3552
	16384 3584
	10848 3584
4
	0 3584
	8800 3584
	8800 3616
	0 3616
4
	10848 3584
	16384 3584
	16384 3616
	10848 3616
4
	0 3616
	8640 3616
	8640 3648
	0 3648
4
	11008 3616
	16384 3616
	16384 3648
	11008 3648
4
	0 3648
	8640 3648
	8640 3680
	0 3680
4
	11008 3648
	16384 3648
	16384 3680
	11008 3680
4
	0 3680
	8448 3680
	8448 3712
	0 3712
4
	11200 3680
	16384 3680
	16384 3712
	11200 3712
4
	0 3712
	8448 3712
	8448 3744
	0 3744
4
	11200 3712
	16384 3712
	16384 3744
	11200 3744
4
	0 3744
	8448 3744
	8448 3776
	0 3776
4
	11200 3744
	16384 3744
	16384 3776
	11200 3776
4
	0 3776
	8192 3776
	8192 3808
	0 3808
4
	11360 3776
	16384 3776
	16384 3808
	11360 3808
4
	0 3808
	8192 3808
	8192 3840
	0 3840
4
	11360 3808
	16384 3808
	16384 3840
	11360 3840
4
	0 3840
	7936 3840
	7936 3872
	0 3872
4
	11520 3840
	16384 3840
	16384 3872
	11520 3872
4
	0 3872
	7936 3872
	7936 3904
	0 3904
4
	11520 3872
	16384 3872
	16384 3904
	11520 3904
4
	0 3904
	7936 3904
	7936 3936
	0 3936
4
	11520 3904
	16384 3904
	16384 3936
	11520 3936
4
	0 3936
	7776 3936
	7776 3968
	0 3968
4
	9312 3936
	10080 3936
	10080 3968
	9312 3968
4
	11872 3936
	16384 3936
	16384 3968
	11872 3968
4
	0 3968
	7776 3968
	7776 4000
	0 4000
4
	9312 3968
	10080 3968
	10080 4000
	9312 4000
4
	11872 3968
	16384 3968
	16384 4000
	11872 4000
4
	0 4000
	7520 4000
	7520 4032
	0 4032
4
	8960 4000
	10592 4000
	10592 4032
	8960 4032
4
	12128 4000
	16384 4000
	16384 4032
	12128 4032
4
	0 4032
	7520 4032
	7520 4064
	0 4064
4
	8960 4032
	10592 4032
	10592 4064
	8960 4064
4
	12128 4032
	16384 4032
	16384 4064
	12128 4064
4
	0 4064
	7424 4064
	7424 4096
	0 4096
4
	8544 4064
	10848 4064
	10848 4096
	8544 4096
4
	12288 4064
	16384 4064
	16384 4096
	12288 4096
4
	0 4096
	7424 4096
	7424 4128
	0 4128
4
	8544 4096
	10848 4096
	10848 4128
	8544 4128
4
	12288 4096
	16384 4096
	16384 4128
	12288 4128
4
	0 4128
	7424 4128
	7424 4160
	0 4160
4
	8544 4128
	10848 4128
	10848 4160
	8544 4160
4
	12288 4128
	16384 4128
	16384 4160
	12288 4160
4
	0 4160
	7360 4160
	7360 4192
	0 4192
4
	8192 4160
	11008 4160
	11008 4192
	8192 4192
4
	12384 4160
	16384 4160
	16384 4192
	12384 4192
4
	0 4192
	7360 4192
	7360 4224
	0 4224
4
	8192 4192
	11008 4192
	11008 4224
	8192 4224
4
	12384 4192
	16384 4192
	16384 4224
	12384 4224
4
	0 4224
	7168 4224
	7168 4256
	0 4256
4
	8032 4224
	11200 4224
	11200 4256
	8032 4256
4
	12544 4224
	16384 4224
	16384 4256
	12544 4256
4
	0 4256
	7168 4256
	7168 4288
	0 4288
4
	8032 4256
	11200 4256
	11200 4288
	8032 4288
4
	12544 4256
	16384 4256
	16384 4288
	12544 4288
4
	0 4288
	7008 4288
	7008 4320
	0 4320
4
	7872 4288
	11456 4288
	11456 4320
	7872 4320
4
	12640 4288
	16384 4288
	16384 4320
	12640 4320
4
	0 4320
	7008 4320
	7008 4352
	0 4352
4
	7872 4320
	11456 4320
	11456 4352
	7872 4352
4
	12640 4320
	16384 4320
	16384 4352
	12640 4352
4
	0 4352
	7008 4352
	7008 4384
	0 4384
4
	7872 4352
	11456 4352
	11456 4384
	7872 4384
4
	12640 4352
	16384 4352
	16384 4384
	12640 4384
4
	0 4384
	6912 4384
	6912 4416
	0 4416
4
	7680 4384
	11616 4384
	11616 4416
	7680 4416
4
	12800 4384
	16384 4384
	16384 4416
	12800 4416
4
	0 4416
	6912 4416
	6912 4448
	0 4448
4
	7680 4416
	11616 4416
	11616 4448
	7680 4448
4
	12800 4416
	16384 4416
	16384 4448
	12800 4448
4
	0 4448
	6848 4448
	6848 4480
	0 4480
4
	7616 4448
	11776 4448
	11776 4480
	7616 4480
4
	12896 4448
	16384 4448
	16384 4480
	12896 4480
4
	0 4480
	6848 4480
	6848 4512
	0 4512
4
	7616 4480
	11776 4480
	11776 4512
	7616 4512
4
	12896 4480
	16384 4480
	16384 4512
	12896 4512
4
	0 4512
	6848 4512
	6848 4544
	0 4544
4
	7616 4512
	11776 4512
	11776 4544
	7616 4544
4
	12896 4512
	16384 4512
	16384 4544
	12896 4544
4
	0 4544
	6656 4544
	6656 4576
	0 4576
4
	7424 4544
	11872 4544
	11872 4576
	7424 4576
4
	12992 4544
	16384 4544
	16384 4576
	12992 4576
4
	0 4576
	6656 4576
	6656 4608
	0 4608
4
	7424 4576
	11872 4576
	11872 4608
	7424 4608
4
	12992 4576
	16384 4576
	16384 4608
	12992 4608
4
	0 4608
	6592 4608
	6592 4640
	0 4640
4
	7360 4608
	12032 4608
	12032 4640
	7360 4640
4
	13056 4608
	16384 4608
	16384 4640
	13056 4640
4
	0 4640
	6592 4640
	6592 4672
	0 4672
4
	7360 4640
	12032 4640
	12032 4672
	7360 4672
4
	13056 4640
	16384 4640
	16384 4672
	13056 4672
4
	0 4672
	6496 4672
	6496 4704
	0 4704
4
	7168 4672
	12288 4672
	12288 4704
	7168 4704
4
	13152 4672
	16384 4672
	16384 4704
	13152 4704
4
	0 4704
	6496 4704
	6496 4736
	0 4736
4
	7168 4704
	12288 4704
	12288 4736
	7168 4736
4
	13152 4704
	16384 4704
	16384 4736
	13152 4736
4
	0 4736
	6496 4736
	6496 4768
	0 4768
4
	7168 4736
	12288 4736
	12288 4768
	7168 4768
4
	13152 4736
	16384 4736
	16384 4768
	13152 4768
4
	0 4768
	6400 4768
	6400 4800
	0 4800
4
	7008 4768
	12384 4768
	12384 4800
	7008 4800
4
	13248 4768
	16384 4768
	16384 4800
	13248 4800
4
	0 4800
	6400 4800
	6400 4832
	0 4832
4
	7008 4800
	12384 4800
	12384 4832
	7008 4832
4
	13248 4800
	16384 4800
	16384 4832
	13248 4832
4
	0 4832
	6336 4832
	6336 4864
	0 4864
4
	6912 4832
	12544 4832
	12544 4864
	6912 4864
4
	13312 4832
	16384 4832
	16384 4864
	13312 4864
4
	0 4864
	6336 4864
	6336 4896
	0 4896
4
	6912 4864
	12544 4864
	12544 4896
	6912 4896
4
	13312 4864
	16384 4864
	16384 4896
	13312 4896
4
	0 4896
	6336 4896
	6336 4928
	0 4928
4
	6912 4896
	12544 4896
	12544 4928
	6912 4928
4
	13312 4896
	16384 4896
	16384 4928
	13312 4928
4
	0 4928
	6240 4928
	6240 4960
	0 4960
4
	6752 4928
	12640 4928
	12640 4960
	6752 4960
4
	13408 4928
	16384 4928
	16384 4960
	13408 4960
4
	0 4960
	6240 4960
	6240 4992
	0 4992
4
	6752 4960
	12640 4960
	12640 4992
	6752 4992
4
	13408 4960
	16384 4960
	16384 4992
	13408 4992
4
	0 4992
	6144 4992
	6144 5024
	0 5024
4
	6656 4992
	12800 4992
	12800 5024
	6656 5024
4
	13504 4992
	16384 4992
	16384 5024
	13504 5024
4
	0 5024
	6144 5024
	6144 5056
	0 5056
4
	6656 5024
	12800 5024
	12800 5056
	6656 5056
4
	13504 5024
	16384 5024
	16384 5056
	13504 5056
4
	0 5056
	6080 5056
	6080 5088
	0 5088
4
	6496 5056
	12896 5056
	12896 5088
	6496 5088
4
	13568 5056
	16384 5056
	16384 5088
	13568 5088
4
	0 5088
	6080 5088
	6080 5120
	0 5120
4
	6496 5088
	12896 5088
	12896 5120
	6496 5120
4
	13568 5088
	16384 5088
	16384 5120
	13568 5120
4
	0 5120
	6080 5120
	6080 5152
	0 5152
4
	6496 5120
	12896 5120
	12896 5152
	6496 5152
4
	13568 5120
	16384 5120
	16384 5152
	13568 5152
4
	0 5152
	5984 5152
	5984 5184
	0 5184
4
	6400 5152
	12992 5152
	12992 5184
	6400 5184
4
	13664 5152
	16384 5152
	16384 5184
	13664 5184
4
	0 5184
	5984 5184
	5984 5216
	0 5216
4
	6400 5184
	12992 5184
	12992 5216
	6400 5216
4
	13664 5184
	16384 5184
	16384 5216
	13664 5216
4
	0 5216
	5984 5216
	5984 5248
	0 5248
4
	6336 5216
	13152 5216
	13152 5248
	6336 5248
4
	13760 5216
	16384 5216
	16384 5248
	13760 5248
4
	0 5248
	5984 5248
	5984 5280
	0 5280
4
	6336 5248
	13152 5248
	13152 5280
	6336 5280
4
	13760 5248
	16384 5248
	16384 5280
	13760 5280
4
	0 5280
	5984 5280
	5984 5312
	0 5312
4
	6336 5280
	13152 5280
	13152 5312
	6336 5312
4
	13760 5280
	16384 5280
	16384 5312
	13760 5312
4
	0 5312
	5888 5312
	5888 5344
	0 5344
4
	6336 5312
	13248 5312
	13248 5344
	6336 5344
4
	13824 5312
	16384 5312
	16384 5344
	13824 5344
4
	0 5344
	5888 5344
	5888 5376
	0 5376
4
	6336 5344
	13248 5344
	13248 5376
	6336 5376
4
	13824 5344
	16384 5344
	16384 5376
	13824 5376
4
	0 5376
	5824 5376
	5824 5408
	0 5408
4
	6240 5376
	13312 5376
	13312 5408
	6240 5408
4
	13920 5376
	16384 5376
	16384 5408
	13920 5408
4
	0 5408
	5824 5408
	5824 5440
	0 5440
4
	6240 5408
	13312 5408
	13312 5440
	6240 5440
4
	13920 5408
	16384 5408
	16384 5440
	13920 5440
4
	0 5440
	5824 5440
	5824 5472
	0 5472
4
	6144 5440
	13312 5440
	13312 5472
	6144 5472
4
	13920 5440
	16384 5440
	16384 5472
	13920 5472
4
	0 5472
	5824 5472
	5824 5504
	0 5504
4
	6144 5472
	13312 5472
	13312 5504
	6144 5504
4
	13920 5472
	16384 5472
	16384 5504
	13920 5504
4
	0 5504
	5824 5504
	5824 5536
	0 5536
4
	6144 5504
	13312 5504
	13312 5536
	6144 5536
4
	13920 5504
	16384 5504
	16384 5536
	13920 5536
4
	0 5536
	5728 5536
	5728 5568
	0 5568
4
	6144 5536
	13408 5536
	13408 5568
	6144 5568
4
	14016 5536
	16384 5536
	16384 5568
	14016 5568
4
	0 5568
	5728 5568
	5728 5600
	0 5600
4
	6144 5568
	13408 5568
	13408 5600
	6144 5600
4
	14016 5568
	16384 5568
	16384 5600
	14016 5600
4
	0 5600
	5728 5600
	5728 5632
	0 5632
4
	6080 5600
	13504 5600
	13504 5632
	6080 5632
4
	14016 5600
	16384 5600
	16384 5632
	14016 5632
4
	0 5632
	5728 5632
	5728 5664
	0 5664
4
	6080 5632
	13504 5632
	13504 5664
	6080 5664
4
	14016 5632
	16384 5632
	16384 5664
	14016 5664
4
	0 5664
	5728 5664
	5728 5696
	0 5696
4
	6080 5664
	13504 5664
	13504 5696
	6080 5696
4
	14016 5664
	16384 5664
	16384 5696
	14016 5696
4
	0 5696
	5632 5696
	5632 5728
	0 5728
4
	6080 5696
	13568 5696
	13568 5728
	6080 5728
4
	14080 5696
	16384 5696
	16384 5728
	14080 5728
4
	0 5728
	5632 5728
	5632 5760
	0 5760
4
	6080 5728
	13568 5728
	13568 5760
	6080 5760
4
	14080 5728
	16384 5728
	16384 5760
	14080 5760
4
	0 5760
	5632 5760
	5632 5792
	0 5792
4
	5984 5760
	13664 5760
	13664 5792
	5984 5792
4
	14080 5760
	16384 5760
	16384 5792
	14080 5792
4
	0 5792
	5632 5792
	5632 5824
	0 5824
4
	5984 5792
	13664 5792
	13664 5824
	5984 5824
4
	14080 5792
	16384 5792
	16384 5824
	14080 5824
4
	0 5824
	5568 5824
	5568 5856
	0 5856
4
	5984 5824
	13664 5824
	13664 5856
	5984 5856
4
	14176 5824
	16384 5824
	16384 5856
	14176 5856
4
	0 5856
	5568 5856
	5568 5888
	0 5888
4
	5984 5856
	13664 5856
	13664 5888
	5984 5888
4
	14176 5856
	16384 5856
	16384 5888
	14176 5888
4
	0 5888
	5568 5888
	5568 5920
	0 5920
4
	5984 5888
	13664 5888
	13664 5920
	5984 5920
4
	14176 5888
	16384 5888
	16384 5920
	14176 5920
4
	0 5920
	5472 5920
	5472 5952
	0 5952
4
	5888 5920
	13760 5920
	13760 5952
	5888 5952
4
	14176 5920
	16384 5920
	16384 5952
	14176 5952
4
	0 5952
	5472 5952
	5472 5984
	0 5984
4
	5888 5952
	13760 5952
	13760 5984
	5888 5984
4
	14176 5952
	16384 5952
	16384 5984
	14176 5984
4
	0 5984
	5472 5984
	5472 6016
	0 6016
4
	5888 5984
	13760 5984
	13760 6016
	5888 6016
4
	14272 5984
	16384 5984
	16384 6016
	14272 6016
4
	0 6016
	5472 6016
	5472 6048
	0 6048
4
	5888 6016
	13760 6016
	13760 6048
	5888 6048
4
	14272 6016
	16384 6016
	16384 6048
	14272 6048
4
	0 6048
	5472 6048
	5472 6080
	0 6080
4
	5888 6048
	13760 6048
	13760 6080
	5888 6080
4
	14272 6048
	16384 6048
	16384 6080
	14272 6080
4
	0 6080
	5472 6080
	5472 6112
	0 6112
4
	5824 6080
	13824 6080
	13824 6112
	5824 6112
4
	14272 6080
	16384 6080
	16384 6112
	14272 6112
4
	0 6112
	5472 6112
	5472 6144
	0 6144
4
	5824 6112
	13824 6112
	13824 6144
	5824 6144
4
	14272 6112
	16384 6112
	16384 6144
	14272 6144
4
	0 6144
	5472 6144
	5472 6176
	0 6176
4
	5824 6144
	13920 6144
	13920 6176
	5824 6176
4
	14336 6144
	16384 6144
	16384 6176
	14336 6176
4
	0 6176
	5472 6176
	5472 6208
	0 6208
4
	5824 6176
	13920 6176
	13920 6208
	5824 6208
4
	14336 6176
	16384 6176
	16384 6208
	14336 6208
4
	0 6208
	5472 6208
	5472 6240
	0 6240
4
	5824 6208
	13920 6208
	13920 6240
	5824 6240
4
	14336 6208
	16384 6208
	16384 6240
	14336 6240
4
	0 6240
	5472 6240
	5472 6272
	0 6272
4
	5824 6240
	13920 6240
	13920 6272
	5824 6272
4
	14336 6240
	16384 6240
	16384 6272
	14336 6272
4
	0 6272
	5472 6272
	5472 6304
	0 6304
4
	5824 6272
	13920 6272
	13920 6304
	5824 6304
4
	14336 6272
	16384 6272
	16384 6304
	14336 6304
4
	0 6304
	5376 6304
	5376 6336
	0 6336
4
	5728 6304
	14016 6304
	14016 6336
	5728 6336
4
	14432 6304
	16384 6304
	16384 6336
	14432 6336
4
	0 6336
	5376 6336
	5376 6368
	0 6368
4
	5728 6336
	14016 6336
	14016 6368
	5728 6368
4
	14432 6336
	16384 6336
	16384 6368
	14432 6368
4
	0 6368
	5376 6368
	5376 6400
	0 6400
4
	5728 6368
	14016 6368
	14016 6400
	5728 6400
4
	14432 6368
	16384 6368
	16384 6400
	14432 6400
4
	0 6400
	5376 6400
	5376 6432
	0 6432
4
	5728 6400
	14016 6400
	14016 6432
	5728 6432
4
	14432 6400
	16384 6400
	16384 6432
	14432 6432
4
	0 6432
	5376 6432
	5376 6464
	0 6464
4
	5632 6432
	14016 6432
	14016 6464
	5632 6464
4
	14432 6432
	16384 6432
	16384 6464
	14432 6464
4
	0 6464
	5376 6464
	5376 6496
	0 6496
4
	5632 6464
	14016 6464
	14016 6496
	5632 6496
4
	14432 6464
	16384 6464
	16384 6496
	14432 6496
4
	0 6496
	5376 6496
	5376 6528
	0 6528
4
	5632 6496
	14016 6496
	14016 6528
	5632 6528
4
	14432 6496
	16384 6496
	16384 6528
	14432 6528
4
	0 6528
	5312 6528
	5312 6560
	0 6560
4
	5632 6528
	14080 6528
	14080 6560
	5632 6560
4
	14432 6528
	16384 6528
	16384 6560
	14432 6560
4
	0 6560
	5312 6560
	5312 6592
	0 6592
4
	5632 6560
	14080 6560
	14080 6592
	5632 6592
4
	14432 6560
	16384 6560
	16384 6592
	14432 6592
4
	0 6592
	5216 6592
	5216 6624
	0 6624
4
	5632 6592
	14080 6592
	14080 6624
	5632 6624
4
	14528 6592
	16384 6592
	16384 6624
	14528 6624
4
	0 6624
	5216 6624
	5216 6656
	0 6656
4
	5632 6624
	14080 6624
	14080 6656
	5632 6656
4
	14528 6624
	16384 6624
	16384 6656
	14528 6656
4
	0 6656
	5216 6656
	5216 6688
	0 6688
4
	5632 6656
	14080 6656
	14080 6688
	5632 6688
4
	14528 6656
	16384 6656
	16384 6688
	14528 6688
4
	0 6688
	5216 6688
	5216 6720
	0 6720
4
	5632 6688
	14080 6688
	14080 6720
	5632 6720
4
	14528 6688
	16384 6688
	16384 6720
	14528 6720
4
	0 6720
	5216 6720
	5216 6752
	0 6752
4
	5632 6720
	14080 6720
	14080 6752
	5632 6752
4
	14528 6720
	16384 6720
	16384 6752
	14528 6752
4
	0 6752
	5216 6752
	5216 6784
	0 6784
4
	5632 6752
	14080 6752
	14080 6784
	5632 6784
4
	14528 6752
	16384 6752
	16384 6784
	14528 6784
4
	0 6784
	5216 6784
	5216 6816
	0 6816
4
	5632 6784
	14080 6784
	14080 6816
	5632 6816
4
	14528 6784
	16384 6784
	16384 6816
	14528 6816
4
	0 6816
	5216 6816
	5216 6848
	0 6848
4
	5632 6816
	14176 6816
	14176 6848
	5632 6848
4
	14528 6816
	16384 6816
	16384 6848
	14528 6848
4
	0 6848
	5216 6848
	5216 6880
	0 6880
4
	5632 6848
	14176 6848
	14176 6880
	5632 6880
4
	14528 6848
	16384 6848
	16384 6880
	14528 6880
4
	0 6880
	5216 6880
	5216 6912
	0 6912
4
	5632 6880
	14176 6880
	14176 6912
	5632 6912
4
	14528 6880
	16384 6880
	16384 6912
	14528 6912
4
	0 6912
	5120 6912
	5120 6944
	0 6944
4
	5632 6912
	14176 6912
	14176 6944
	5632 6944
4
	14528 6912
	16384 6912
	16384 6944
	14528 6944
4
	0 6944
	5120 6944
	5120 6976
	0 6976
4
	5632 6944
	14176 6944
	14176 6976
	5632 6976
4
	14528 6944
	16384 6944
	16384 6976
	14528 6976
4
	0 6976
	5120 6976
	5120 7008
	0 7008
4
	5632 6976
	14176 6976
	14176 7008
	5632 7008
4
	14528 6976
	16384 6976
	16384 7008
	14528 7008
4
	0 7008
	5120 7008
	5120 7040
	0 7040
4
	5632 7008
	14176 7008
	14176 7040
	5632 7040
4
	14528 7008
	16384 7008
	16384 7040
	14528 7040
4
	0 7040
	5120 7040
	5120 7072
	0 7072
4
	5632 7040
	14176 7040
	14176 7072
	5632 7072
4
	14528 7040
	16384 7040
	16384 7072
	14528 7072
4
	0 7072
	5120 7072
	5120 7104
	0 7104
4
	5632 7072
	14176 7072
	14176 7104
	5632 7104
4
	14528 7072
	16384 7072
	16384 7104
	14528 7104
4
	0 7104
	5120 7104
	5120 7136
	0 7136
4
	5632 7104
	14176 7104
	14176 7136
	5632 7136
4
	14528 7104
	16384 7104
	16384 7136
	14528 7136
4
	0 7136
	5120 7136
	5120 7168
	0 7168
4
	5632 7136
	14176 7136
	14176 7168
	5632 7168
4
	14528 7136
	16384 7136
	16384 7168
	14528 7168
4
	0 7168
	5120 7168
	5120 7200
	0 7200
4
	5632 7168
	14176 7168
	14176 7200
	5632 7200
4
	14528 7168
	16384 7168
	16384 7200
	14528 7200
4
	0 7200
	5120 7200
	5120 7232
	0 7232
4
	5632 7200
	14176 7200
	14176 7232
	5632 7232
4
	14528 7200
	16384 7200
	16384 7232
	14528 7232
4
	0 7232
	5120 7232
	5120 7264
	0 7264
4
	5632 7232
	14176 7232
	14176 7264
	5632 7264
4
	14528 7232
	16384 7232
	16384 7264
	14528 7264
4
	0 7264
	5120 7264
	5120 7296
	0 7296
4
	5632 7264
	14176 7264
	14176 7296
	5632 7296
4
	14528 7264
	16384 7264
	16384 7296
	14528 7296
4
	0 7296
	5120 7296
	5120 7328
	0 7328
4
	5632 7296
	14272 7296
	14272 7328
	5632 7328
4
	14528 7296
	16384 7296
	16384 7328
	14528 7328
4
	0 7328
	5120 7328
	5120 7360
	0 7360
4
	5632 7328
	14272 7328
	14272 7360
	5632 7360
4
	14528 7328
	16384 7328
	16384 7360
	14528 7360
4
	0 7360
	5120 7360
	5120 7392
	0 7392
4
	5632 7360
	14272 7360
	14272 7392
	5632 7392
4
	14528 7360
	16384 7360
	16384 7392
	14528 7392
4
	0 7392
	5120 7392
	5120 7424
	0 7424
4
	5632 7392
	14272 7392
	14272 7424
	5632 7424
4
	14528 7392
	16384 7392
	16384 7424
	14528 7424
4
	0 7424
	5120 7424
	5120 7456
	0 7456
4
	5632 7424
	14272 7424
	14272 7456
	5632 7456
4
	14528 7424
	16384 7424
	16384 7456
	14528 7456
4
	0 7456
	5120 7456
	5120 7488
	0 7488
4
	5632 7456
	14272 7456
	14272 7488
	5632 7488
4
	14528 7456
	16384 7456
	16384 7488
	14528 7488
4
	0 7488
	5120 7488
	5120 7520
	0 7520
4
	5632 7488
	14272 7488
	14272 7520
	5632 7520
4
	14528 7488
	16384 7488
	16384 7520
	14528 7520
4
	0 7520
	5120 7520
	5120 7552
	0 7552
4
	5632 7520
	14272 7520
	14272 7552
	5632 7552
4
	14528 7520
	16384 7520
	16384 7552
	14528 7552
4
	0 7552
	5120 7552
	5120 7584
	0 7584
4
	5632 7552
	14272 7552
	14272 7584
	5632 7584
4
	14528 7552
	16384 7552
	16384 7584
	14528 7584
4
	0 7584
	5120 7584
	5120 7616
	0 7616
4
	5632 7584
	14272 7584
	14272 7616
	5632 7616
4
	14528 7584
	16384 7584
	16384 7616
	14528 7616
4
	0 7616
	5120 7616
	5120 7648
	0 7648
4
	5632 7616
	14272 7616
	14272 7648
	5632 7648
4
	14528 7616
	16384 7616
	16384 7648
	14528 7648
4
	0 7648
	5120 7648
	5120 7680
	0 7680
4
	5632 7648
	14272 7648
	14272 7680
	5632 7680
4
	14528 7648
	16384 7648
	16384 7680
	14528 7680
4
	0 7680
	5120 7680
	5120 7712
	0 7712
4
	5632 7680
	14272 7680
	14272 7712
	5632 7712
4
	14528 7680
	16384 7680
	16384 7712
	14528 7712
4
	0 7712
	5120 7712
	5120 7744
	0 7744
4
	5632 7712
	14272 7712
	14272 7744
	5632 7744
4
	14528 7712
	16384 7712
	16384 7744
	14528 7744
4
	0 7744
	5120 7744
	5120 7776
	0 7776
4
	5632 7744
	14272 7744
	14272 7776
	5632 7776
4
	14528 7744
	16384 7744
	16384 7776
	14528 7776
4
	0 7776
	5120 7776
	5120 7808
	0 7808
4
	5632 7776
	14272 7776
	14272 7808
	5632 7808
4
	14528 7776
	16384 7776
	16384 7808
	14528 7808
4
	0 7808
	5120 7808
	5120 7840
	0 7840
4
	5632 7808
	14272 7808
	14272 7840
	5632 7840
4
	14528 7808
	16384 7808
	16384 7840
	14528 7840
4
	0 7840
	5120 7840
	5120 7872
	0 7872
4
	5632 7840
	14176 7840
	14176 7872
	5632 7872
4
	14528 7840
	16384 7840
	16384 7872
	14528 7872
4
	0 7872
	5120 7872
	5120 7904
	0 7904
4
	5632 7872
	14176 7872
	14176 7904
	5632 7904
4
	14528 7872
	16384 7872
	16384 7904
	14528 7904
4
	0 7904
	5120 7904
	5120 7936
	0 7936
4
	5632 7904
	14176 7904
	14176 7936
	5632 7936
4
	14528 7904
	16384 7904
	16384 7936
	14528 7936
4
	0 7936
	5120 7936
	5120 7968
	0 7968
4
	5632 7936
	14176 7936
	14176 7968
	5632 7968
4
	14528 7936
	16384 7936
	16384 7968
	14528 7968
4
	0 7968
	5120 7968
	5120 8000
	0 8000
4
	5728 7968
	14176 7968
	14176 8000
	5728 8000
4
	14528 7968
	16384 7968
	16384 8000
	14528 8000
4
	0 8000
	5120 8000
	5120 8032
	0 8032
4
	5728 8000
	14176 8000
	14176 8032
	5728 8032
4
	14528 8000
	16384 8000
	16384 8032
	14528 8032
4
	0 8032
	5120 8032
	5120 8064
	0 8064
4
	5728 8032
	14176 8032
	14176 8064
	5728 8064
4
	14528 8032
	16384 8032
	16384 8064
	14528 8064
4
	0 8064
	5120 8064
	5120 8096
	0 8096
4
	5728 8064
	14176 8064
	14176 8096
	5728 8096
4
	14528 8064
	16384 8064
	16384 8096
	14528 8096
4
	0 8096
	5120 8096
	5120 8128
	0 8128
4
	5728 8096
	14176 8096
	14176 8128
	5728 8128
4
	14528 8096
	16384 8096
	16384 8128
	14528 8128
4
	0 8128
	5216 8128
	5216 8160
	0 8160
4
	5728 8128
	14176 8128
	14176 8160
	5728 8160
4
	14528 8128
	16384 8128
	16384 8160
	14528 8160
4
	0 8160
	5216 8160
	5216 8192
	0 8192
4
	5728 8160
	14176 8160
	14176 8192
	5728 8192
4
	14528 8160
	16384 8160
	16384 8192
	14528 8192
4
	0 8192
	5216 8192
	5216 8224
	0 8224
4
	5728 8192
	14080 8192
	14080 8224
	5728 8224
4
	14432 8192
	16384 8192
	16384 8224
	14432 8224
4
	0 8224
	5216 8224
	5216 8256
	0 8256
4
	5728 8224
	14080 8224
	14080 8256
	5728 8256
4
	14432 8224
	16384 8224
	16384 8256
	14432 8256
4
	0 8256
	5216 8256
	5216 8288
	0 8288
4
	5728 8256
	14080 8256
	14080 8288
	5728 8288
4
	14432 8256
	16384 8256
	16384 8288
	14432 8288
4
	0 8288
	5216 8288
	5216 8320
	0 8320
4
	5824 8288
	14080 8288
	14080 8320
	5824 8320
4
	14432 8288
	16384 8288
	16384 8320
	14432 8320
4
	0 8320
	5216 8320
	5216 8352
	0 8352
4
	5824 8320
	14080 8320
	14080 8352
	5824 8352
4
	14432 8320
	16384 8320
	16384 8352
	14432 8352
4
	0 8352
	5216 8352
	5216 8384
	0 8384
4
	5824 8352
	14080 8352
	14080 8384
	5824 8384
4
	14432 8352
	16384 8352
	16384 8384
	14432 8384
4
	0 8384
	5216 8384
	5216 8416
	0 8416
4
	5824 8384
	14080 8384
	14080 8416
	5824 8416
4
	14432 8384
	16384 8384
	16384 8416
	14432 8416
4
	0 8416
	5216 8416
	5216 8448
	0 8448
4
	5824 8416
	14080 8416
	14080 8448
	5824 8448
4
	14432 8416
	16384 8416
	16384 8448
	14432 8448
4
	0 8448
	5216 8448
	5216 8480
	0 8480
4
	5888 8448
	14080 8448
	14080 8480
	5888 8480
4
	14336 8448
	16384 8448
	16384 8480
	14336 8480
4
	0 8480
	5216 8480
	5216 8512
	0 8512
4
	5888 8480
	14080 8480
	14080 8512
	5888 8512
4
	14336 8480
	16384 8480
	16384 8512
	14336 8512
4
	0 8512
	5216 8512
	5216 8544
	0 8544
4
	5888 8512
	14080 8512
	14080 8544
	5888 8544
4
	14336 8512
	16384 8512
	16384 8544
	14336 8544
4
	0 8544
	5216 8544
	5216 8576
	0 8576
4
	5888 8544
	14080 8544
	14080 8576
	5888 8576
4
	14336 8544
	16384 8544
	16384 8576
	14336 8576
4
	0 8576
	5312 8576
	5312 8608
	0 8608
4
	5888 8576
	14016 8576
	14016 8608
	5888 8608
4
	14336 8576
	16384 8576
	16384 8608
	14336 8608
4
	0 8608
	5312 8608
	5312 8640
	0 8640
4
	5888 8608
	14016 8608
	14016 8640
	5888 8640
4
	14336 8608
	16384 8608
	16384 8640
	14336 8640
4
	0 8640
	5312 8640
	5312 8672
	0 8672
4
	5888 8640
	14016 8640
	14016 8672
	5888 8672
4
	14336 8640
	16384 8640
	16384 8672
	14336 8672
4
	0 8672
	5312 8672
	5312 8704
	0 8704
4
	5984 8672
	14016 8672
	14016 8704
	5984 8704
4
	14272 8672
	16384 8672
	16384 8704
	14272 8704
4
	0 8704
	5312 8704
	5312 8736
	0 8736
4
	5984 8704
	14016 8704
	14016 8736
	5984 8736
4
	14272 8704
	16384 8704
	16384 8736
	14272 8736
4
	0 8736
	5312 8736
	5312 8768
	0 8768
4
	5984 8736
	13920 8736
	13920 8768
	5984 8768
4
	14272 8736
	16384 8736
	16384 8768
	14272 8768
4
	0 8768
	5312 8768
	5312 8800
	0 8800
4
	5984 8768
	13920 8768
	13920 8800
	5984 8800
4
	14272 8768
	16384 8768
	16384 8800
	14272 8800
4
	0 8800
	5312 8800
	5312 8832
	0 8832
4
	5984 8800
	13920 8800
	13920 8832
	5984 8832
4
	14272 8800
	16384 8800
	16384 8832
	14272 8832
4
	0 8832
	5376 8832
	5376 8864
	0 8864
4
	6080 8832
	13920 8832
	13920 8864
	6080 8864
4
	14272 8832
	16384 8832
	16384 8864
	14272 8864
4
	0 8864
	5376 8864
	5376 8896
	0 8896
4
	6080 8864
	13920 8864
	13920 8896
	6080 8896
4
	14272 8864
	16384 8864
	16384 8896
	14272 8896
4
	0 8896
	5376 8896
	5376 8928
	0 8928
4
	6144 8896
	13920 8896
	13920 8928
	6144 8928
4
	14176 8896
	16384 8896
	16384 8928
	14176 8928
4
	0 8928
	5376 8928
	5376 8960
	0 8960
4
	6144 8928
	13920 8928
	13920 8960
	6144 8960
4
	14176 8928
	16384 8928
	16384 8960
	14176 8960
4
	0 8960
	5376 8960
	5376 8992
	0 8992
4
	6144 8960
	13920 8960
	13920 8992
	6144 8992
4
	14176 8960
	16384 8960
	16384 8992
	14176 8992
4
	0 8992
	5376 8992
	5376 9024
	0 9024
4
	6144 8992
	13920 8992
	13920 9024
	6144 9024
4
	14176 8992
	16384 8992
	16384 9024
	14176 9024
4
	0 9024
	5376 9024
	5376 9056
	0 9056
4
	6144 9024
	13920 9024
	13920 9056
	6144 9056
4
	14176 9024
	16384 9024
	16384 9056
	14176 9056
4
	0 9056
	5472 9056
	5472 9088
	0 9088
4
	6240 9056
	13824 9056
	13824 9088
	6240 9088
4
	14080 9056
	16384 9056
	16384 9088
	14080 9088
4
	0 9088
	5472 9088
	5472 9120
	0 9120
4
	6240 9088
	13824 9088
	13824 9120
	6240 9120
4
	14080 9088
	16384 9088
	16384 9120
	14080 9120
4
	0 9120
	5472 9120
	5472 9152
	0 9152
4
	6240 9120
	7424 9120
	7424 9152
	6240 9152
4
	7616 9120
	13824 9120
	13824 9152
	7616 9152
4
	14080 9120
	16384 9120
	16384 9152
	14080 9152
4
	0 9152
	5472 9152
	5472 9184
	0 9184
4
	6240 9152
	7424 9152
	7424 9184
	6240 9184
4
	7616 9152
	13824 9152
	13824 9184
	7616 9184
4
	14080 9152
	16384 9152
	16384 9184
	14080 9184
4
	0 9184
	5472 9184
	5472 9216
	0 9216
4
	6240 9184
	7424 9184
	7424 9216
	6240 9216
4
	7616 9184
	13824 9184
	13824 9216
	7616 9216
4
	14080 9184
	16384 9184
	16384 9216
	14080 9216
4
	0 9216
	5568 9216
	5568 9248
	0 9248
4
	6336 9216
	7360 9216
	7360 9248
	6336 9248
4
	7680 9216
	13760 9216
	13760 9248
	7680 9248
4
	14016 9216
	16384 9216
	16384 9248
	14016 9248
4
	0 9248
	5568 9248
	5568 9280
	0 9280
4
	6336 9248
	7360 9248
	7360 9280
	6336 9280
4
	7680 9248
	13760 9248
	13760 9280
	7680 9280
4
	14016 9248
	16384 9248
	16384 9280
	14016 9280
4
	0 9280
	5568 9280
	5568 9312
	0 9312
4
	6336 9280
	7264 9280
	7264 9312
	6336 9312
4
	7776 9280
	13664 9280
	13664 9312
	7776 9312
4
	14016 9280
	16384 9280
	16384 9312
	14016 9312
4
	0 9312
	5568 9312
	5568 9344
	0 9344
4
	6336 9312
	7264 9312
	7264 9344
	6336 9344
4
	7776 9312
	13664 9312
	13664 9344
	7776 9344
4
	14016 9312
	16384 9312
	16384 9344
	14016 9344
4
	0 9344
	5632 9344
	5632 9376
	0 9376
4
	6400 9344
	7168 9344
	7168 9376
	6400 9376
4
	7872 9344
	13664 9344
	13664 9376
	7872 9376
4
	13920 9344
	16384 9344
	16384 9376
	13920 9376
4
	0 9376
	5632 9376
	5632 9408
	0 9408
4
	6400 9376
	7168 9376
	7168 9408
	6400 9408
4
	7872 9376
	13664 9376
	13664 9408
	7872 9408
4
	13920 9376
	16384 9376
	16384 9408
	13920 9408
4
	0 9408
	5632 9408
	5632 9440
	0 9440
4
	6400 9408
	7168 9408
	7168 9440
	6400 9440
4
	7872 9408
	13664 9408
	13664 9440
	7872 9440
4
	13920 9408
	16384 9408
	16384 9440
	13920 9440
4
	0 9440
	5728 9440
	5728 9472
	0 9472
4
	6400 9440
	7104 9440
	7104 9472
	6400 9472
4
	7936 9440
	13568 9440
	13568 9472
	7936 9472
4
	13920 9440
	16384 9440
	16384 9472
	13920 9472
4
	0 9472
	5728 9472
	5728 9504
	0 9504
4
	6400 9472
	7104 9472
	7104 9504
	6400 9504
4
	7936 9472
	13568 9472
	13568 9504
	7936 9504
4
	13920 9472
	16384 9472
	16384 9504
	13920 9504
4
	0 9504
	5728 9504
	5728 9536
	0 9536
4
	6496 9504
	7008 9504
	7008 9536
	6496 9536
4
	7872 9504
	13568 9504
	13568 9536
	7872 9536
4
	13824 9504
	16384 9504
	16384 9536
	13824 9536
4
	0 9536
	5728 9536
	5728 9568
	0 9568
4
	6496 9536
	7008 9536
	7008 9568
	6496 9568
4
	7872 9536
	13568 9536
	13568 9568
	7872 9568
4
	13824 9536
	16384 9536
	16384 9568
	13824 9568
4
	0 9568
	5728 9568
	5728 9600
	0 9600
4
	6496 9568
	7008 9568
	7008 9600
	6496 9600
4
	7872 9568
	13568 9568
	13568 9600
	7872 9600
4
	13824 9568
	16384 9568
	16384 9600
	13824 9600
4
	0 9600
	5824 9600
	5824 9632
	0 9632
4
	6592 9600
	6912 9600
	6912 9632
	6592 9632
4
	7776 9600
	13504 9600
	13504 9632
	7776 9632
4
	13760 9600
	16384 9600
	16384 9632
	13760 9632
4
	0 9632
	5824 9632
	5824 9664
	0 9664
4
	6592 9632
	6912 9632
	6912 9664
	6592 9664
4
	7776 9632
	13504 9632
	13504 9664
	7776 9664
4
	13760 9632
	16384 9632
	16384 9664
	13760 9664
4
	0 9664
	5888 9664
	5888 9696
	0 9696
4
	6656 9664
	6848 9664
	6848 9696
	6656 9696
4
	7680 9664
	13408 9664
	13408 9696
	7680 9696
4
	13664 9664
	16384 9664
	16384 9696
	13664 9696
4
	0 9696
	5888 9696
	5888 9728
	0 9728
4
	6656 9696
	6848 9696
	6848 9728
	6656 9728
4
	7680 9696
	13408 9696
	13408 9728
	7680 9728
4
	13664 9696
	16384 9696
	16384 9728
	13664 9728
4
	0 9728
	5984 9728
	5984 9760
	0 9760
4
	7616 9728
	13312 9728
	13312 9760
	7616 9760
4
	13664 9728
	16384 9728
	16384 9760
	13664 9760
4
	0 9760
	5984 9760
	5984 9792
	0 9792
4
	7616 9760
	13312 9760
	13312 9792
	7616 9792
4
	13664 9760
	16384 9760
	16384 9792
	13664 9792
4
	0 9792
	5984 9792
	5984 9824
	0 9824
4
	7616 9792
	13312 9792
	13312 9824
	7616 9824
4
	13664 9792
	16384 9792
	16384 9824
	13664 9824
4
	0 9824
	6080 9824
	6080 9856
	0 9856
4
	7520 9824
	13248 9824
	13248 9856
	7520 9856
4
	13568 9824
	16384 9824
	16384 9856
	13568 9856
4
	0 9856
	6080 9856
	6080 9888
	0 9888
4
	7520 9856
	13248 9856
	13248 9888
	7520 9888
4
	13568 9856
	16384 9856
	16384 9888
	13568 9888
4
	0 9888
	6144 9888
	6144 9920
	0 9920
4
	7424 9888
	13152 9888
	13152 9920
	7424 9920
4
	13504 9888
	16384 9888
	16384 9920
	13504 9920
4
	0 9920
	6144 9920
	6144 9952
	0 9952
4
	7424 9920
	13152 9920
	13152 9952
	7424 9952
4
	13504 9920
	16384 9920
	16384 9952
	13504 9952
4
	0 9952
	6144 9952
	6144 9984
	0 9984
4
	7424 9952
	13152 9952
	13152 9984
	7424 9984
4
	13504 9952
	16384 9952
	16384 9984
	13504 9984
4
	0 9984
	6144 9984
	6144 10016
	0 10016
4
	7360 9984
	13056 9984
	13056 10016
	7360 10016
4
	13408 9984
	16384 9984
	16384 10016
	13408 10016
4
	0 10016
	6144 10016
	6144 10048
	0 10048
4
	7360 10016
	13056 10016
	13056 10048
	7360 10048
4
	13408 10016
	16384 10016
	16384 10048
	13408 10048
4
	0 10048
	6144 10048
	6144 10080
	0 10080
4
	7264 10048
	13056 10048
	13056 10080
	7264 10080
4
	13312 10048
	16384 10048
	16384 10080
	13312 10080
4
	0 10080
	6144 10080
	6144 10112
	0 10112
4
	7264 10080
	13056 10080
	13056 10112
	7264 10112
4
	13312 10080
	16384 10080
	16384 10112
	13312 10112
4
	0 10112
	5824 10112
	5824 10144
	0 10144
4
	5888 10112
	6080 10112
	6080 10144
	5888 10144
4
	7264 10112
	12896 10112
	12896 10144
	7264 10144
4
	13248 10112
	16384 10112
	16384 10144
	13248 10144
4
	0 10144
	5824 10144
	5824 10176
	0 10176
4
	5888 10144
	6080 10144
	6080 10176
	5888 10176
4
	7264 10144
	12896 10144
	12896 10176
	7264 10176
4
	13248 10144
	16384 10144
	16384 10176
	13248 10176
4
	0 10176
	5824 10176
	5824 10208
	0 10208
4
	5888 10176
	6080 10176
	6080 10208
	5888 10208
4
	7264 10176
	12896 10176
	12896 10208
	7264 10208
4
	13248 10176
	16384 10176
	16384 10208
	13248 10208
4
	0 10208
	5728 10208
	5728 10240
	0 10240
4
	7264 10208
	12800 10208
	12800 10240
	7264 10240
4
	13152 10208
	16384 10208
	16384 10240
	13152 10240
4
	0 10240
	5728 10240
	5728 10272
	0 10272
4
	7264 10240
	12800 10240
	12800 10272
	7264 10272
4
	13152 10240
	16384 10240
	16384 10272
	13152 10272
4
	0 10272
	5728 10272
	5728 10304
	0 10304
4
	7424 10272
	12736 10272
	12736 10304
	7424 10304
4
	13056 10272
	16384 10272
	16384 10304
	13056 10304
4
	0 10304
	5728 10304
	5728 10336
	0 10336
4
	7424 10304
	12736 10304
	12736 10336
	7424 10336
4
	13056 10304
	16384 10304
	16384 10336
	13056 10336
4
	0 10336
	5632 10336
	5632 10368
	0 10368
4
	7520 10336
	12640 10336
	12640 10368
	7520 10368
4
	12992 10336
	16384 10336
	16384 10368
	12992 10368
4
	0 10368
	5632 10368
	5632 10400
	0 10400
4
	7520 10368
	12640 10368
	12640 10400
	7520 10400
4
	12992 10368
	16384 10368
	16384 10400
	12992 10400
4
	0 10400
	5632 10400
	5632 10432
	0 10432
4
	7520 10400
	12640 10400
	12640 10432
	7520 10432
4
	12992 10400
	16384 10400
	16384 10432
	12992 10432
4
	0 10432
	5376 10432
	5376 10464
	0 10464
4
	7616 10432
	12480 10432
	12480 10464
	7616 10464
4
	12896 10432
	16384 10432
	16384 10464
	12896 10464
4
	0 10464
	5376 10464
	5376 10496
	0 10496
4
	7616 10464
	12480 10464
	12480 10496
	7616 10496
4
	12896 10464
	16384 10464
	16384 10496
	12896 10496
4
	0 10496
	5376 10496
	5376 10528
	0 10528
4
	7776 10496
	12288 10496
	12288 10528
	7776 10528
4
	12800 10496
	16384 10496
	16384 10528
	12800 10528
4
	0 10528
	5376 10528
	5376 10560
	0 10560
4
	7776 10528
	12288 10528
	12288 10560
	7776 10560
4
	12800 10528
	16384 10528
	16384 10560
	12800 10560
4
	0 10560
	5376 10560
	5376 10592
	0 10592
4
	7776 10560
	12288 10560
	12288 10592
	7776 10592
4
	12800 10560
	16384 10560
	16384 10592
	12800 10592
4
	0 10592
	5312 10592
	5312 10624
	0 10624
4
	7936 10592
	12224 10592
	12224 10624
	7936 10624
4
	12736 10592
	16384 10592
	16384 10624
	12736 10624
4
	0 10624
	5312 10624
	5312 10656
	0 10656
4
	7936 10624
	12224 10624
	12224 10656
	7936 10656
4
	12736 10624
	16384 10624
	16384 10656
	12736 10656
4
	0 10656
	5216 10656
	5216 10688
	0 10688
4
	8128 10656
	12032 10656
	12032 10688
	8128 10688
4
	12544 10656
	16384 10656
	16384 10688
	12544 10688
4
	0 10688
	5216 10688
	5216 10720
	0 10720
4
	8128 10688
	12032 10688
	12032 10720
	8128 10720
4
	12544 10688
	16384 10688
	16384 10720
	12544 10720
4
	0 10720
	4960 10720
	4960 10752
	0 10752
4
	6848 10720
	7104 10720
	7104 10752
	6848 10752
4
	8288 10720
	11968 10720
	11968 10752
	8288 10752
4
	12480 10720
	16384 10720
	16384 10752
	12480 10752
4
	0 10752
	4960 10752
	4960 10784
	0 10784
4
	6848 10752
	7104 10752
	7104 10784
	6848 10784
4
	8288 10752
	11968 10752
	11968 10784
	8288 10784
4
	12480 10752
	16384 10752
	16384 10784
	12480 10784
4
	0 10784
	4960 10784
	4960 10816
	0 10816
4
	6848 10784
	7104 10784
	7104 10816
	6848 10816
4
	8288 10784
	11968 10784
	11968 10816
	8288 10816
4
	12480 10784
	16384 10784
	16384 10816
	12480 10816
4
	0 10816
	4800 10816
	4800 10848
	0 10848
4
	6752 10816
	7264 10816
	7264 10848
	6752 10848
4
	8448 10816
	11712 10816
	11712 10848
	8448 10848
4
	12288 10816
	16384 10816
	16384 10848
	12288 10848
4
	0 10848
	4800 10848
	4800 10880
	0 10880
4
	6752 10848
	7264 10848
	7264 10880
	6752 10880
4
	8448 10848
	11712 10848
	11712 10880
	8448 10880
4
	12288 10848
	16384 10848
	16384 10880
	12288 10880
4
	0 10880
	4704 10880
	4704 10912
	0 10912
4
	6656 10880
	7520 10880
	7520 10912
	6656 10912
4
	8800 10880
	11456 10880
	11456 10912
	8800 10912
4
	12128 10880
	16384 10880
	16384 10912
	12128 10912
4
	0 10912
	4704 10912
	4704 10944
	0 10944
4
	6656 10912
	7520 10912
	7520 10944
	6656 10944
4
	8800 10912
	11456 10912
	11456 10944
	8800 10944
4
	12128 10912
	16384 10912
	16384 10944
	12128 10944
4
	0 10944
	4704 10944
	4704 10976
	0 10976
4
	6656 10944
	7520 10944
	7520 10976
	6656 10976
4
	8800 10944
	11456 10944
	11456 10976
	8800 10976
4
	12128 10944
	16384 10944
	16384 10976
	12128 10976
4
	0 10976
	4544 10976
	4544 11008
	0 11008
4
	6592 10976
	7616 10976
	7616 11008
	6592 11008
4
	8960 10976
	11104 10976
	11104 11008
	8960 11008
4
	11872 10976
	16384 10976
	16384 11008
	11872 11008
4
	0 11008
	4544 11008
	4544 11040
	0 11040
4
	6592 11008
	7616 11008
	7616 11040
	6592 11040
4
	8960 11008
	11104 11008
	11104 11040
	8960 11040
4
	11872 11008
	16384 11008
	16384 11040
	11872 11040
4
	0 11040
	4448 11040
	4448 11072
	0 11072
4
	6496 11040
	7776 11040
	7776 11072
	6496 11072
4
	9568 11040
	10752 11040
	10752 11072
	9568 11072
4
	11712 11040
	16384 11040
	16384 11072
	11712 11072
4
	0 11072
	4448 11072
	4448 11104
	0 11104
4
	6496 11072
	7776 11072
	7776 11104
	6496 11104
4
	9568 11072
	10752 11072
	10752 11104
	9568 11104
4
	11712 11072
	16384 11072
	16384 11104
	11712 11104
4
	0 11104
	4352 11104
	4352 11136
	0 11136
4
	6400 11104
	8032 11104
	8032 11136
	6400 11136
4
	11360 11104
	16384 11104
	16384 11136
	11360 11136
4
	0 11136
	4352 11136
	4352 11168
	0 11168
4
	6400 11136
	8032 11136
	8032 11168
	6400 11168
4
	11360 11136
	16384 11136
	16384 11168
	11360 11168
4
	0 11168
	4352 11168
	4352 11200
	0 11200
4
	6400 11168
	8032 11168
	8032 11200
	6400 11200
4
	11360 11168
	16384 11168
	16384 11200
	11360 11200
4
	0 11200
	4288 11200
	4288 11232
	0 11232
4
	6336 11200
	8192 11200
	8192 11232
	6336 11232
4
	11200 11200
	16384 11200
	16384 11232
	11200 11232
4
	0 11232
	4288 11232
	4288 11264
	0 11264
4
	6336 11232
	8192 11232
	8192 11264
	6336 11264
4
	11200 11232
	16384 11232
	16384 11264
	11200 11264
4
	0 11264
	4192 11264
	4192 11296
	0 11296
4
	6144 11264
	8544 11264
	8544 11296
	6144 11296
4
	10752 11264
	16384 11264
	16384 11296
	10752 11296
4
	0 11296
	4192 11296
	4192 11328
	0 11328
4
	6144 11296
	8544 11296
	8544 11328
	6144 11328
4
	10752 11296
	16384 11296
	16384 11328
	10752 11328
4
	0 11328
	4192 11328
	4192 11360
	0 11360
4
	6144 11328
	8544 11328
	8544 11360
	6144 11360
4
	10752 11328
	16384 11328
	16384 11360
	10752 11360
4
	0 11360
	4032 11360
	4032 11392
	0 11392
4
	5984 11360
	9216 11360
	9216 11392
	5984 11392
4
	10432 11360
	16384 11360
	16384 11392
	10432 11392
4
	0 11392
	4032 11392
	4032 11424
	0 11424
4
	5984 11392
	9216 11392
	9216 11424
	5984 11424
4
	10432 11392
	16384 11392
	16384 11424
	10432 11424
4
	0 11424
	3936 11424
	3936 11456
	0 11456
4
	5888 11424
	16384 11424
	16384 11456
	5888 11456
4
	0 11456
	3936 11456
	3936 11488
	0 11488
4
	5888 11456
	16384 11456
	16384 11488
	5888 11488
4
	0 11488
	3840 11488
	3840 11520
	0 11520
4
	5728 11488
	16384 11488
	16384 11520
	5728 11520
4
	0 11520
	3840 11520
	3840 11552
	0 11552
4
	5728 11520
	16384 11520
	16384 11552
	5728 11552
4
	0 11552
	3840 11552
	3840 11584
	0 11584
4
	5728 11552
	16384 11552
	16384 11584
	5728 11584
4
	0 11584
	3776 11584
	3776 11616
	0 11616
4
	5632 11584
	16384 11584
	16384 11616
	5632 11616
4
	0 11616
	3776 11616
	3776 11648
	0 11648
4
	5632 11616
	16384 11616
	16384 11648
	5632 11648
4
	0 11648
	3680 11648
	3680 11680
	0 11680
4
	5472 11648
	16384 11648
	16384 11680
	5472 11680
4
	0 11680
	3680 11680
	3680 11712
	0 11712
4
	5472 11680
	16384 11680
	16384 11712
	5472 11712
4
	0 11712
	3680 11712
	3680 11744
	0 11744
4
	5472 11712
	16384 11712
	16384 11744
	5472 11744
4
	0 11744
	3680 11744
	3680 11776
	0 11776
4
	5376 11744
	16384 11744
	16384 11776
	5376 11776
4
	0 11776
	3680 11776
	3680 11808
	0 11808
4
	5376 11776
	16384 11776
	16384 11808
	5376 11808
4
	0 11808
	3584 11808
	3584 11840
	0 11840
4
	5312 11808
	16384 11808
	16384 11840
	5312 11840
4
	0 11840
	3584 11840
	3584 11872
	0 11872
4
	5312 11840
	16384 11840
	16384 11872
	5312 11872
4
	0 11872
	3520 11872
	3520 11904
	0 11904
4
	5120 11872
	16384 11872
	16384 11904
	5120 11904
4
	0 11904
	3520 11904
	3520 11936
	0 11936
4
	5120 11904
	16384 11904
	16384 11936
	5120 11936
4
	0 11936
	3520 11936
	3520 11968
	0 11968
4
	5120 11936
	16384 11936
	16384 11968
	5120 11968
4
	0 11968
	3424 11968
	3424 12000
	0 12000
4
	5056 11968
	16384 11968
	16384 12000
	5056 12000
4
	0 12000
	3424 12000
	3424 12032
	0 12032
4
	5056 12000
	16384 12000
	16384 12032
	5056 12032
4
	0 12032
	3424 12032
	3424 12064
	0 12064
4
	4960 12032
	16384 12032
	16384 12064
	4960 12064
4
	0 12064
	3424 12064
	3424 12096
	0 12096
4
	4960 12064
	16384 12064
	16384 12096
	4960 12096
4
	0 12096
	3424 12096
	3424 12128
	0 12128
4
	4960 12096
	16384 12096
	16384 12128
	4960 12128
4
	0 12128
	3328 12128
	3328 12160
	0 12160
4
	4864 12128
	16384 12128
	16384 12160
	4864 12160
4
	0 12160
	3328 12160
	3328 12192
	0 12192
4
	4864 12160
	16384 12160
	16384 12192
	4864 12192
4
	0 12192
	3264 12192
	3264 12224
	0 12224
4
	4800 12192
	16384 12192
	16384 12224
	4800 12224
4
	0 12224
	3264 12224
	3264 12256
	0 12256
4
	4800 12224
	16384 12224
	16384 12256
	4800 12256
4
	0 12256
	3168 12256
	3168 12288
	0 12288
4
	4704 12256
	16384 12256
	16384 12288
	4704 12288
4
	0 12288
	3168 12288
	3168 12320
	0 12320
4
	4704 12288
	16384 12288
	16384 12320
	4704 12320
4
	0 12320
	3168 12320
	3168 12352
	0 12352
4
	4704 12320
	16384 12320
	16384 12352
	4704 12352
4
	0 12352
	3072 12352
	3072 12384
	0 12384
4
	4608 12352
	16384 12352
	16384 12384
	4608 12384
4
	0 12384
	3072 12384
	3072 12416
	0 12416
4
	4608 12384
	16384 12384
	16384 12416
	4608 12416
4
	0 12416
	3008 12416
	3008 12448
	0 12448
4
	4544 12416
	16384 12416
	16384 12448
	4544 12448
4
	0 12448
	3008 12448
	3008 12480
	0 12480
4
	4544 12448
	16384 12448
	16384 12480
	4544 12480
4
	0 12480
	3008 12480
	3008 12512
	0 12512
4
	4448 12480
	16384 12480
	16384 12512
	4448 12512
4
	0 12512
	3008 12512
	3008 12544
	0 12544
4
	4448 12512
	16384 12512
	16384 12544
	4448 12544
4
	0 12544
	3008 12544
	3008 12576
	0 12576
4
	4448 12544
	16384 12544
	16384 12576
	4448 12576
4
	0 12576
	3008 12576
	3008 12608
	0 12608
4
	4448 12576
	16384 12576
	16384 12608
	4448 12608
4
	0 12608
	3008 12608
	3008 12640
	0 12640
4
	4448 12608
	16384 12608
	16384 12640
	4448 12640
4
	0 12640
	2912 12640
	2912 12672
	0 12672
4
	4352 12640
	16384 12640
	16384 12672
	4352 12672
4
	0 12672
	2912 12672
	2912 12704
	0 12704
4
	4352 12672
	16384 12672
	16384 12704
	4352 12704
4
	0 12704
	2912 12704
	2912 12736
	0 12736
4
	4352 12704
	16384 12704
	16384 12736
	4352 12736
4
	0 12736
	2816 12736
	2816 12768
	0 12768
4
	4288 12736
	16384 12736
	16384 12768
	4288 12768
4
	0 12768
	2816 12768
	2816 12800
	0 12800
4
	4288 12768
	16384 12768
	16384 12800
	4288 12800
4
	0 12800
	2816 12800
	2816 12832
	0 12832
4
	4192 12800
	16384 12800
	16384 12832
	4192 12832
4
	0 12832
	2816 12832
	2816 12864
	0 12864
4
	4192 12832
	16384 12832
	16384 12864
	4192 12864
4
	0 12864
	2752 12864
	2752 12896
	0 12896
4
	4192 12864
	16384 12864
	16384 12896
	4192 12896
4
	0 12896
	2752 12896
	2752 12928
	0 12928
4
	4192 12896
	16384 12896
	16384 12928
	4192 12928
4
	0 12928
	2752 12928
	2752 12960
	0 12960
4
	4192 12928
	16384 12928
	16384 12960
	4192 12960
4
	0 12960
	2560 12960
	2560 12992
	0 12992
4
	4096 12960
	16384 12960
	16384 12992
	4096 12992
4
	0 12992
	2560 12992
	2560 13024
	0 13024
4
	4096 12992
	16384 12992
	16384 13024
	4096 13024
4
	0 13024
	2496 13024
	2496 13056
	0 13056
4
	4032 13024
	16384 13024
	16384 13056
	4032 13056
4
	0 13056
	2496 13056
	2496 13088
	0 13088
4
	4032 13056
	16384 13056
	16384 13088
	4032 13088
4
	0 13088
	2496 13088
	2496 13120
	0 13120
4
	4032 13088
	16384 13088
	16384 13120
	4032 13120
4
	0 13120
	2400 13120
	2400 13152
	0 13152
4
	3936 13120
	16384 13120
	16384 13152
	3936 13152
4
	0 13152
	2400 13152
	2400 13184
	0 13184
4
	3936 13152
	16384 13152
	16384 13184
	3936 13184
4
	0 13184
	2304 13184
	2304 13216
	0 13216
4
	3840 13184
	16384 13184
	16384 13216
	3840 13216
4
	0 13216
	2304 13216
	2304 13248
	0 13248
4
	3840 13216
	16384 13216
	16384 13248
	3840 13248
4
	0 13248
	2240 13248
	2240 13280
	0 13280
4
	3776 13248
	16384 13248
	16384 13280
	3776 13280
4
	0 13280
	2240 13280
	2240 13312
	0 13312
4
	3776 13280
	16384 13280
	16384 13312
	3776 13312
4
	0 13312
	2240 13312
	2240 13344
	0 13344
4
	3776 13312
	16384 13312
	16384 13344
	3776 13344
4
	0 13344
	2144 13344
	2144 13376
	0 13376
4
	3776 13344
	16384 13344
	16384 13376
	3776 13376
4
	0 13376
	2144 13376
	2144 13408
	0 13408
4
	3776 13376
	16384 13376
	16384 13408
	3776 13408
4
	0 13408
	2048 13408
	2048 13440
	0 13440
4
	3680 13408
	16384 13408
	16384 13440
	3680 13440
4
	0 13440
	2048 13440
	2048 13472
	0 13472
4
	3680 13440
	16384 13440
	16384 13472
	3680 13472
4
	0 13472
	2048 13472
	2048 13504
	0 13504
4
	3680 13472
	16384 13472
	16384 13504
	3680 13504
4
	0 13504
	1984 13504
	1984 13536
	0 13536
4
	3584 13504
	16384 13504
	16384 13536
	3584 13536
4
	0 13536
	1984 13536
	1984 13568
	0 13568
4
	3584 13536
	16384 13536
	16384 13568
	3584 13568
4
	0 13568
	1888 13568
	1888 13600
	0 13600
4
	3520 13568
	16384 13568
	16384 13600
	3520 13600
4
	0 13600
	1888 13600
	1888 13632
	0 13632
4
	3520 13600
	16384 13600
	16384 13632
	3520 13632
4
	0 13632
	1792 13632
	1792 13664
	0 13664
4
	3424 13632
	16384 13632
	16384 13664
	3424 13664
4
	0 13664
	1792 13664
	1792 13696
	0 13696
4
	3424 13664
	16384 13664
	16384 13696
	3424 13696
4
	0 13696
	1792 13696
	1792 13728
	0 13728
4
	3424 13696
	16384 13696
	16384 13728
	3424 13728
4
	0 13728
	1632 13728
	1632 13760
	0 13760
4
	3328 13728
	16384 13728
	16384 13760
	3328 13760
4
	0 13760
	1632 13760
	1632 13792
	0 13792
4
	3328 13760
	16384 13760
	16384 13792
	3328 13792
4
	0 13792
	1536 13792
	1536 13824
	0 13824
4
	3264 13792
	16384 13792
	16384 13824
	3264 13824
4
	0 13824
	1536 13824
	1536 13856
	0 13856
4
	3264 13824
	16384 13824
	16384 13856
	3264 13856
4
	0 13856
	1536 13856
	1536 13888
	0 13888
4
	3264 13856
	16384 13856
	16384 13888
	3264 13888
4
	0 13888
	1472 13888
	1472 13920
	0 13920
4
	3168 13888
	16384 13888
	16384 13920
	3168 13920
4
	0 13920
	1472 13920
	1472 13952
	0 13952
4
	3168 13920
	16384 13920
	16384 13952
	3168 13952
4
	0 13952
	1376 13952
	1376 13984
	0 13984
4
	3072 13952
	16384 13952
	16384 13984
	3072 13984
4
	0 13984
	1376 13984
	1376 14016
	0 14016
4
	3072 13984
	16384 13984
	16384 14016
	3072 14016
4
	0 14016
	1280 14016
	1280 14048
	0 14048
4
	3008 14016
	16384 14016
	16384 14048
	3008 14048
4
	0 14048
	1280 14048
	1280 14080
	0 14080
4
	3008 14048
	16384 14048
	16384 14080
	3008 14080
4
	0 14080
	1280 14080
	1280 14112
	0 14112
4
	3008 14080
	16384 14080
	16384 14112
	3008 14112
4
	0 14112
	1376 14112
	1376 14144
	0 14144
4
	2912 14112
	16384 14112
	16384 14144
	2912 14144
4
	0 14144
	1376 14144
	1376 14176
	0 14176
4
	2912 14144
	16384 14144
	16384 14176
	2912 14176
4
	0 14176
	1472 14176
	1472 14208
	0 14208
4
	2816 14176
	16384 14176
	16384 14208
	2816 14208
4
	0 14208
	1472 14208
	1472 14240
	0 14240
4
	2816 14208
	16384 14208
	16384 14240
	2816 14240
4
	0 14240
	1472 14240
	1472 14272
	0 14272
4
	2816 14240
	16384 14240
	16384 14272
	2816 14272
4
	0 14272
	1536 14272
	1536 14304
	0 14304
4
	2752 14272
	16384 14272
	16384 14304
	2752 14304
4
	0 14304
	1536 14304
	1536 14336
	0 14336
4
	2752 14304
	16384 14304
	16384 14336
	2752 14336
4
	0 14336
	1632 14336
	1632 14368
	0 14368
4
	2656 14336
	16384 14336
	16384 14368
	2656 14368
4
	0 14368
	1632 14368
	1632 14400
	0 14400
4
	2656 14368
	16384 14368
	16384 14400
	2656 14400
4
	0 14400
	1728 14400
	1728 14432
	0 14432
4
	2656 14400
	16384 14400
	16384 14432
	2656 14432
4
	0 14432
	1728 14432
	1728 14464
	0 14464
4
	2656 14432
	16384 14432
	16384 14464
	2656 14464
4
	0 14464
	1728 14464
	1728 14496
	0 14496
4
	2656 14464
	16384 14464
	16384 14496
	2656 14496
4
	0 14496
	1792 14496
	1792 14528
	0 14528
4
	2560 14496
	16384 14496
	16384 14528
	2560 14528
4
	0 14528
	1792 14528
	1792 14560
	0 14560
4
	2560 14528
	16384 14528
	16384 14560
	2560 14560
4
	0 14560
	1888 14560
	1888 14592
	0 14592
4
	2496 14560
	16384 14560
	16384 14592
	2496 14592
4
	0 14592
	1888 14592
	1888 14624
	0 14624
4
	2496 14592
	16384 14592
	16384 14624
	2496 14624
4
	0 14624
	1984 14624
	1984 14656
	0 14656
4
	2400 14624
	16384 14624
	16384 14656
	2400 14656
4
	0 14656
	1984 14656
	1984 14688
	0 14688
4
	2400 14656
	16384 14656
	16384 14688
	2400 14688
4
	0 14688
	1984 14688
	1984 14720
	0 14720
4
	2400 14688
	16384 14688
	16384 14720
	2400 14720
4
	0 14720
	2048 14720
	2048 14752
	0 14752
4
	2400 14720
	16384 14720
	16384 14752
	2400 14752
4
	0 14752
	2048 14752
	2048 14784
	0 14784
4
	2400 14752
	16384 14752
	16384 14784
	2400 14784
4
	0 14784
	2144 14784
	2144 14816
	0 14816
4
	2304 14784
	16384 14784
	16384 14816
	2304 14816
4
	0 14816
	2144 14816
	2144 14848
	0 14848
4
	2304 14816
	16384 14816
	16384 14848
	2304 14848
4
	0 14848
	2144 14848
	2144 14880
	0 14880
4
	2304 14848
	16384 14848
	16384 14880
	2304 14880
4
	0 14880
	2240 14880
	2240 14912
	0 14912
4
	2304 14880
	16384 14880
	16384 14912
	2304 14912
4
	0 14912
	2240 14912
	2240 14944
	0 14944
4
	2304 14912
	16384 14912
	16384 14944
	2304 14944
4
	0 14944
	16384 14944
	16384 14976
	0 14976
4
	0 14976
	16384 14976
	16384 15008
	0 15008
4
	0 15008
	16384 15008
	16384 15040
	0 15040
4
	0 15040
	16384 15040
	16384 15072
	0 15072
4
	0 15072
	16384 15072
	16384 15104
	0 15104
4
	0 15104
	16384 15104
	16384 15136
	0 15136
4
	0 15136
	16384 15136
	16384 15168
	0 15168
4
	0 15168
	16384 15168
	16384 15200
	0 15200
4
	0 15200
	16384 15200
	16384 15232
	0 15232
4
	0 15232
	16384 15232
	16384 15264
	0 15264
4
	0 15264
	16384 15264
	16384 15296
	0 15296
4
	0 15296
	16384 15296
	16384 15328
	0 15328
4
	0 15328
	16384 15328
	16384 15360
	0 15360
4
	0 15360
	16384 15360
	16384 15392
	0 15392
4
	0 15392
	16384 15392
	16384 15424
	0 15424
4
	0 15424
	16384 15424
	16384 15456
	0 15456
4
	0 15456
	16384 15456
	16384 15488
	0 15488
4
	0 15488
	16384 15488
	16384 15520
	0 15520
4
	0 15520
	16384 15520
	16384 15552
	0 15552
4
	0 15552
	16384 15552
	16384 15584
	0 15584
4
	0 15584
	16384 15584
	16384 15616
	0 15616
4
	0 15616
	16384 15616
	16384 15648
	0 15648
4
	0 15648
	16384 15648
	16384 15680
	0 15680
4
	0 15680
	16384 15680
	16384 15712
	0 15712
4
	0 15712
	16384 15712
	16384 15744
	0 15744
4
	0 15744
	16384 15744
	16384 15776
	0 15776
4
	0 15776
	16384 15776
	16384 15808
	0 15808
4
	0 15808
	16384 15808
	16384 15840
	0 15840
4
	0 15840
	16384 15840
	16384 15872
	0 15872
4
	0 15872
	16384 15872
	16384 15904
	0 15904
4
	0 15904
	16384 15904
	16384 15936
	0 15936
4
	0 15936
	16384 15936
	16384 15968
	0 15968
4
	0 15968
	16384 15968
	16384 16000
	0 16000
4
	0 16000
	16384 16000
	16384 16032
	0 16032
4
	0 16032
	16384 16032
	16384 16064
	0 16064
4
	0 16064
	16384 16064
	16384 16096
	0 16096
4
	0 16096
	16384 16096
	16384 16128
	0 16128
4
	0 16128
	16384 16128
	16384 16160
	0 16160
4
	0 16160
	16384 16160
	16384 16192
	0 16192
4
	0 16192
	16384 16192
	16384 16224
	0 16224
4
	0 16224
	16384 16224
	16384 16256
	0 16256
4
	0 16256
	16384 16256
	16384 16288
	0 16288
4
	0 16288
	16384 16288
	16384 16320
	0 16320
4
	0 16320
	16384 16320
	16384 16352
	0 16352
4
	0 16352
	16384 16352
	16384 16384
	0 16384
4
	-32 -32
	16416 -32
	16416 0
	-32 0
4
	-32 16384
	16416 16384
	16416 16416
	-32 16416
4
	-32 0
	0 0
	0 16384
	-32 16384
4
	16384 0
	16416 0
	16416 16384
	16384 16384
