1421
4
	0 0
	16384 0
	16384 32
	0 32
4
	0 32
	16384 32
	16384 64
	0 64
4
	0 64
	16384 64
	16384 96
	0 96
4
	0 96
	16384 96
	16384 128
	0 128
4
	0 128
	16384 128
	16384 160
	0 160
4
	0 160
	16384 160
	16384 192
	0 192
4
	0 192
	16384 192
	16384 224
	0 224
4
	0 224
	16384 224
	16384 256
	0 256
4
	0 256
	16384 256
	16384 288
	0 288
4
	0 288
	16384 288
	16384 320
	0 320
4
	0 320
	16384 320
	16384 352
	0 352
4
	0 352
	16384 352
	16384 384
	0 384
4
	0 384
	16384 384
	16384 416
	0 416
4
	0 416
	16384 416
	16384 448
	0 448
4
	0 448
	16384 448
	16384 480
	0 480
4
	0 480
	16384 480
	16384 512
	0 512
4
	0 512
	16384 512
	16384 544
	0 544
4
	0 544
	16384 544
	16384 576
	0 576
4
	0 576
	16384 576
	16384 608
	0 608
4
	0 608
	16384 608
	16384 640
	0 640
4
	0 640
	16384 640
	16384 672
	0 672
4
	0 672
	16384 672
	16384 704
	0 704
4
	0 704
	16384 704
	16384 736
	0 736
4
	0 736
	16384 736
	16384 768
	0 768
4
	0 768
	16384 768
	16384 800
	0 800
4
	0 800
	16384 800
	16384 832
	0 832
4
	0 832
	16384 832
	16384 864
	0 864
4
	0 864
	16384 864
	16384 896
	0 896
4
	0 896
	16384 896
	16384 928
	0 928
4
	0 928
	16384 928
	16384 960
	0 960
4
	0 960
	16384 960
	16384 992
	0 992
4
	0 992
	16384 992
	16384 1024
	0 1024
4
	0 1024
	16384 1024
	16384 1056
	0 1056
4
	0 1056
	16384 1056
	16384 1088
	0 1088
4
	0 1088
	16384 1088
	16384 1120
	0 1120
4
	0 1120
	16384 1120
	16384 1152
	0 1152
4
	0 1152
	16384 1152
	16384 1184
	0 1184
4
	0 1184
	16384 1184
	16384 1216
	0 1216
4
	0 1216
	16384 1216
	16384 1248
	0 1248
4
	0 1248
	16384 1248
	16384 1280
	0 1280
4
	0 1280
	16384 1280
	16384 1312
	0 1312
4
	0 1312
	16384 1312
	16384 1344
	0 1344
4
	0 1344
	16384 1344
	16384 1376
	0 1376
4
	0 1376
	16384 1376
	16384 1408
	0 1408
4
	0 1408
	16384 1408
	16384 1440
	0 1440
4
	0 1440
	16384 1440
	16384 1472
	0 1472
4
	0 1472
	16384 1472
	16384 1504
	0 1504
4
	0 1504
	16384 1504
	16384 1536
	0 1536
4
	0 1536
	16384 1536
	16384 1568
	0 1568
4
	0 1568
	16384 1568
	16384 1600
	0 1600
4
	0 1600
	16384 1600
	16384 1632
	0 1632
4
	0 1632
	16384 1632
	16384 1664
	0 1664
4
	0 1664
	16384 1664
	16384 1696
	0 1696
4
	0 1696
	16384 1696
	16384 1728
	0 1728
4
	0 1728
	16384 1728
	16384 1760
	0 1760
4
	0 1760
	16384 1760
	16384 1792
	0 1792
4
	0 1792
	16384 1792
	16384 1824
	0 1824
4
	0 1824
	16384 1824
	16384 1856
	0 1856
4
	0 1856
	16384 1856
	16384 1888
	0 1888
4
	0 1888
	16384 1888
	16384 1920
	0 1920
4
	0 1920
	16384 1920
	16384 1952
	0 1952
4
	0 1952
	16384 1952
	16384 1984
	0 1984
4
	0 1984
	16384 1984
	16384 2016
	0 2016
4
	0 2016
	16384 2016
	16384 2048
	0 2048
4
	0 2048
	16384 2048
	16384 2080
	0 2080
4
	0 2080
	16384 2080
	16384 2112
	0 2112
4
	0 2112
	16384 2112
	16384 2144
	0 2144
4
	0 2144
	16384 2144
	16384 2176
	0 2176
4
	0 2176
	16384 2176
	16384 2208
	0 2208
4
	0 2208
	16384 2208
	16384 2240
	0 2240
4
	0 2240
	16384 2240
	16384 2272
	0 2272
4
	0 2272
	16384 2272
	16384 2304
	0 2304
4
	0 2304
	16384 2304
	16384 2336
	0 2336
4
	0 2336
	16384 2336
	16384 2368
	0 2368
4
	0 2368
	16384 2368
	16384 2400
	0 2400
4
	0 2400
	16384 2400
	16384 2432
	0 2432
4
	0 2432
	16384 2432
	16384 2464
	0 2464
4
	0 2464
	16384 2464
	16384 2496
	0 2496
4
	0 2496
	16384 2496
	16384 2528
	0 2528
4
	0 2528
	1568 2528
	1568 2560
	0 2560
4
	1728 2528
	2400 2528
	2400 2560
	1728 2560
4
	2816 2528
	16384 2528
	16384 2560
	2816 2560
4
	0 2560
	1568 2560
	1568 2592
	0 2592
4
	1728 2560
	2400 2560
	2400 2592
	1728 2592
4
	2816 2560
	16384 2560
	16384 2592
	2816 2592
4
	0 2592
	1568 2592
	1568 2624
	0 2624
4
	1728 2592
	2400 2592
	2400 2624
	1728 2624
4
	2816 2592
	16384 2592
	16384 2624
	2816 2624
4
	0 2624
	1568 2624
	1568 2656
	0 2656
4
	1728 2624
	2400 2624
	2400 2656
	1728 2656
4
	2816 2624
	16384 2624
	16384 2656
	2816 2656
4
	0 2656
	1408 2656
	1408 2688
	0 2688
4
	1824 2656
	2400 2656
	2400 2688
	1824 2688
4
	2816 2656
	16384 2656
	16384 2688
	2816 2688
4
	0 2688
	1408 2688
	1408 2720
	0 2720
4
	1824 2688
	2400 2688
	2400 2720
	1824 2720
4
	2816 2688
	16384 2688
	16384 2720
	2816 2720
4
	0 2720
	1408 2720
	1408 2752
	0 2752
4
	1824 2720
	2400 2720
	2400 2752
	1824 2752
4
	2816 2720
	16384 2720
	16384 2752
	2816 2752
4
	0 2752
	1408 2752
	1408 2784
	0 2784
4
	1824 2752
	2400 2752
	2400 2784
	1824 2784
4
	2816 2752
	16384 2752
	16384 2784
	2816 2784
4
	0 2784
	1408 2784
	1408 2816
	0 2816
4
	1888 2784
	2304 2784
	2304 2816
	1888 2816
4
	2816 2784
	16384 2784
	16384 2816
	2816 2816
4
	0 2816
	1408 2816
	1408 2848
	0 2848
4
	1888 2816
	2304 2816
	2304 2848
	1888 2848
4
	2816 2816
	16384 2816
	16384 2848
	2816 2848
4
	0 2848
	1408 2848
	1408 2880
	0 2880
4
	1888 2848
	2304 2848
	2304 2880
	1888 2880
4
	2816 2848
	16384 2848
	16384 2880
	2816 2880
4
	0 2880
	1408 2880
	1408 2912
	0 2912
4
	1888 2880
	2304 2880
	2304 2912
	1888 2912
4
	2816 2880
	16384 2880
	16384 2912
	2816 2912
4
	0 2912
	1408 2912
	1408 2944
	0 2944
4
	1888 2912
	2304 2912
	2304 2944
	1888 2944
4
	2816 2912
	16384 2912
	16384 2944
	2816 2944
4
	0 2944
	1408 2944
	1408 2976
	0 2976
4
	2816 2944
	16384 2944
	16384 2976
	2816 2976
4
	0 2976
	1408 2976
	1408 3008
	0 3008
4
	2816 2976
	16384 2976
	16384 3008
	2816 3008
4
	0 3008
	1408 3008
	1408 3040
	0 3040
4
	2816 3008
	16384 3008
	16384 3040
	2816 3040
4
	0 3040
	1408 3040
	1408 3072
	0 3072
4
	2816 3040
	16384 3040
	16384 3072
	2816 3072
4
	0 3072
	1408 3072
	1408 3104
	0 3104
4
	2816 3072
	16384 3072
	16384 3104
	2816 3104
4
	0 3104
	1408 3104
	1408 3136
	0 3136
4
	2816 3104
	16384 3104
	16384 3136
	2816 3136
4
	0 3136
	1408 3136
	1408 3168
	0 3168
4
	2816 3136
	16384 3136
	16384 3168
	2816 3168
4
	0 3168
	1408 3168
	1408 3200
	0 3200
4
	2816 3168
	16384 3168
	16384 3200
	2816 3200
4
	0 3200
	1408 3200
	1408 3232
	0 3232
4
	2816 3200
	16384 3200
	16384 3232
	2816 3232
4
	0 3232
	1408 3232
	1408 3264
	0 3264
4
	2816 3232
	16384 3232
	16384 3264
	2816 3264
4
	0 3264
	1408 3264
	1408 3296
	0 3296
4
	2816 3264
	16384 3264
	16384 3296
	2816 3296
4
	0 3296
	1408 3296
	1408 3328
	0 3328
4
	2816 3296
	16384 3296
	16384 3328
	2816 3328
4
	0 3328
	1408 3328
	1408 3360
	0 3360
4
	2816 3328
	16384 3328
	16384 3360
	2816 3360
4
	0 3360
	1408 3360
	1408 3392
	0 3392
4
	2880 3360
	16384 3360
	16384 3392
	2880 3392
4
	0 3392
	1408 3392
	1408 3424
	0 3424
4
	2880 3392
	16384 3392
	16384 3424
	2880 3424
4
	0 3424
	1408 3424
	1408 3456
	0 3456
4
	2880 3424
	16384 3424
	16384 3456
	2880 3456
4
	0 3456
	1408 3456
	1408 3488
	0 3488
4
	2880 3456
	16384 3456
	16384 3488
	2880 3488
4
	0 3488
	1312 3488
	1312 3520
	0 3520
4
	1824 3488
	2464 3488
	2464 3520
	1824 3520
4
	2976 3488
	3296 3488
	3296 3520
	2976 3520
4
	3360 3488
	16384 3488
	16384 3520
	3360 3520
4
	0 3520
	1312 3520
	1312 3552
	0 3552
4
	1824 3520
	2464 3520
	2464 3552
	1824 3552
4
	2976 3520
	3296 3520
	3296 3552
	2976 3552
4
	3360 3520
	16384 3520
	16384 3552
	3360 3552
4
	0 3552
	1312 3552
	1312 3584
	0 3584
4
	1824 3552
	2464 3552
	2464 3584
	1824 3584
4
	2976 3552
	3296 3552
	3296 3584
	2976 3584
4
	3360 3552
	16384 3552
	16384 3584
	3360 3584
4
	0 3584
	1312 3584
	1312 3616
	0 3616
4
	1824 3584
	2464 3584
	2464 3616
	1824 3616
4
	2976 3584
	3296 3584
	3296 3616
	2976 3616
4
	3360 3584
	16384 3584
	16384 3616
	3360 3616
4
	0 3616
	832 3616
	832 3648
	0 3648
4
	1664 3616
	2560 3616
	2560 3648
	1664 3648
4
	3360 3616
	16384 3616
	16384 3648
	3360 3648
4
	0 3648
	832 3648
	832 3680
	0 3680
4
	1664 3648
	2560 3648
	2560 3680
	1664 3680
4
	3360 3648
	16384 3648
	16384 3680
	3360 3680
4
	0 3680
	832 3680
	832 3712
	0 3712
4
	1664 3680
	2560 3680
	2560 3712
	1664 3712
4
	3360 3680
	16384 3680
	16384 3712
	3360 3712
4
	0 3712
	832 3712
	832 3744
	0 3744
4
	1664 3712
	2560 3712
	2560 3744
	1664 3744
4
	3360 3712
	16384 3712
	16384 3744
	3360 3744
4
	0 3744
	832 3744
	832 3776
	0 3776
4
	1664 3744
	2560 3744
	2560 3776
	1664 3776
4
	3360 3744
	16384 3744
	16384 3776
	3360 3776
4
	0 3776
	832 3776
	832 3808
	0 3808
4
	1568 3776
	2720 3776
	2720 3808
	1568 3808
4
	3456 3776
	16384 3776
	16384 3808
	3456 3808
4
	0 3808
	832 3808
	832 3840
	0 3840
4
	1568 3808
	2720 3808
	2720 3840
	1568 3840
4
	3456 3808
	16384 3808
	16384 3840
	3456 3840
4
	0 3840
	832 3840
	832 3872
	0 3872
4
	1568 3840
	2720 3840
	2720 3872
	1568 3872
4
	3456 3840
	16384 3840
	16384 3872
	3456 3872
4
	0 3872
	832 3872
	832 3904
	0 3904
4
	1568 3872
	2720 3872
	2720 3904
	1568 3904
4
	3456 3872
	16384 3872
	16384 3904
	3456 3904
4
	0 3904
	768 3904
	768 3936
	0 3936
4
	1504 3904
	2816 3904
	2816 3936
	1504 3936
4
	3456 3904
	16384 3904
	16384 3936
	3456 3936
4
	0 3936
	768 3936
	768 3968
	0 3968
4
	1504 3936
	2816 3936
	2816 3968
	1504 3968
4
	3456 3936
	16384 3936
	16384 3968
	3456 3968
4
	0 3968
	768 3968
	768 4000
	0 4000
4
	1504 3968
	2816 3968
	2816 4000
	1504 4000
4
	3456 3968
	16384 3968
	16384 4000
	3456 4000
4
	0 4000
	768 4000
	768 4032
	0 4032
4
	1504 4000
	2816 4000
	2816 4032
	1504 4032
4
	3456 4000
	16384 4000
	16384 4032
	3456 4032
4
	0 4032
	832 4032
	832 4064
	0 4064
4
	1408 4032
	2816 4032
	2816 4064
	1408 4064
4
	3360 4032
	16384 4032
	16384 4064
	3360 4064
4
	0 4064
	832 4064
	832 4096
	0 4096
4
	1408 4064
	2816 4064
	2816 4096
	1408 4096
4
	3360 4064
	16384 4064
	16384 4096
	3360 4096
4
	0 4096
	832 4096
	832 4128
	0 4128
4
	1408 4096
	2816 4096
	2816 4128
	1408 4128
4
	3360 4096
	16384 4096
	16384 4128
	3360 4128
4
	0 4128
	832 4128
	832 4160
	0 4160
4
	1408 4128
	2816 4128
	2816 4160
	1408 4160
4
	3360 4128
	16384 4128
	16384 4160
	3360 4160
4
	0 4160
	832 4160
	832 4192
	0 4192
4
	1408 4160
	2816 4160
	2816 4192
	1408 4192
4
	3360 4160
	16384 4160
	16384 4192
	3360 4192
4
	0 4192
	928 4192
	928 4224
	0 4224
4
	1408 4192
	2816 4192
	2816 4224
	1408 4224
4
	3360 4192
	16384 4192
	16384 4224
	3360 4224
4
	0 4224
	928 4224
	928 4256
	0 4256
4
	1408 4224
	2816 4224
	2816 4256
	1408 4256
4
	3360 4224
	16384 4224
	16384 4256
	3360 4256
4
	0 4256
	928 4256
	928 4288
	0 4288
4
	1408 4256
	2816 4256
	2816 4288
	1408 4288
4
	3360 4256
	16384 4256
	16384 4288
	3360 4288
4
	0 4288
	928 4288
	928 4320
	0 4320
4
	1408 4288
	2816 4288
	2816 4320
	1408 4320
4
	3360 4288
	16384 4288
	16384 4320
	3360 4320
4
	0 4320
	992 4320
	992 4352
	0 4352
4
	1408 4320
	2816 4320
	2816 4352
	1408 4352
4
	3296 4320
	16384 4320
	16384 4352
	3296 4352
4
	0 4352
	992 4352
	992 4384
	0 4384
4
	1408 4352
	2816 4352
	2816 4384
	1408 4384
4
	3296 4352
	16384 4352
	16384 4384
	3296 4384
4
	0 4384
	992 4384
	992 4416
	0 4416
4
	1408 4384
	2816 4384
	2816 4416
	1408 4416
4
	3296 4384
	16384 4384
	16384 4416
	3296 4416
4
	0 4416
	992 4416
	992 4448
	0 4448
4
	1408 4416
	2816 4416
	2816 4448
	1408 4448
4
	3296 4416
	16384 4416
	16384 4448
	3296 4448
4
	0 4448
	992 4448
	992 4480
	0 4480
4
	1408 4448
	2880 4448
	2880 4480
	1408 4480
4
	3200 4448
	16384 4448
	16384 4480
	3200 4480
4
	0 4480
	992 4480
	992 4512
	0 4512
4
	1408 4480
	2880 4480
	2880 4512
	1408 4512
4
	3200 4480
	16384 4480
	16384 4512
	3200 4512
4
	0 4512
	992 4512
	992 4544
	0 4544
4
	1408 4512
	2880 4512
	2880 4544
	1408 4544
4
	3200 4512
	16384 4512
	16384 4544
	3200 4544
4
	0 4544
	992 4544
	992 4576
	0 4576
4
	1408 4544
	2880 4544
	2880 4576
	1408 4576
4
	3200 4544
	16384 4544
	16384 4576
	3200 4576
4
	0 4576
	992 4576
	992 4608
	0 4608
4
	1408 4576
	2880 4576
	2880 4608
	1408 4608
4
	3200 4576
	16384 4576
	16384 4608
	3200 4608
4
	0 4608
	1088 4608
	1088 4640
	0 4640
4
	1408 4608
	2880 4608
	2880 4640
	1408 4640
4
	3200 4608
	16384 4608
	16384 4640
	3200 4640
4
	0 4640
	1088 4640
	1088 4672
	0 4672
4
	1408 4640
	2880 4640
	2880 4672
	1408 4672
4
	3200 4640
	16384 4640
	16384 4672
	3200 4672
4
	0 4672
	1088 4672
	1088 4704
	0 4704
4
	1408 4672
	2880 4672
	2880 4704
	1408 4704
4
	3200 4672
	16384 4672
	16384 4704
	3200 4704
4
	0 4704
	1088 4704
	1088 4736
	0 4736
4
	1408 4704
	2880 4704
	2880 4736
	1408 4736
4
	3200 4704
	16384 4704
	16384 4736
	3200 4736
4
	0 4736
	1088 4736
	1088 4768
	0 4768
4
	1408 4736
	2880 4736
	2880 4768
	1408 4768
4
	3200 4736
	16384 4736
	16384 4768
	3200 4768
4
	0 4768
	1088 4768
	1088 4800
	0 4800
4
	1408 4768
	2880 4768
	2880 4800
	1408 4800
4
	3200 4768
	16384 4768
	16384 4800
	3200 4800
4
	0 4800
	1088 4800
	1088 4832
	0 4832
4
	1408 4800
	2880 4800
	2880 4832
	1408 4832
4
	3200 4800
	16384 4800
	16384 4832
	3200 4832
4
	0 4832
	1088 4832
	1088 4864
	0 4864
4
	1408 4832
	2880 4832
	2880 4864
	1408 4864
4
	3200 4832
	16384 4832
	16384 4864
	3200 4864
4
	0 4864
	1088 4864
	1088 4896
	0 4896
4
	1408 4864
	2816 4864
	2816 4896
	1408 4896
4
	3296 4864
	16384 4864
	16384 4896
	3296 4896
4
	0 4896
	1088 4896
	1088 4928
	0 4928
4
	1408 4896
	2816 4896
	2816 4928
	1408 4928
4
	3296 4896
	16384 4896
	16384 4928
	3296 4928
4
	0 4928
	1088 4928
	1088 4960
	0 4960
4
	1408 4928
	2816 4928
	2816 4960
	1408 4960
4
	3296 4928
	16384 4928
	16384 4960
	3296 4960
4
	0 4960
	1088 4960
	1088 4992
	0 4992
4
	1408 4960
	2816 4960
	2816 4992
	1408 4992
4
	3296 4960
	16384 4960
	16384 4992
	3296 4992
4
	0 4992
	1088 4992
	1088 5024
	0 5024
4
	1408 4992
	2816 4992
	2816 5024
	1408 5024
4
	3296 4992
	16384 4992
	16384 5024
	3296 5024
4
	0 5024
	992 5024
	992 5056
	0 5056
4
	1408 5024
	2816 5024
	2816 5056
	1408 5056
4
	3360 5024
	16384 5024
	16384 5056
	3360 5056
4
	0 5056
	992 5056
	992 5088
	0 5088
4
	1408 5056
	2816 5056
	2816 5088
	1408 5088
4
	3360 5056
	16384 5056
	16384 5088
	3360 5088
4
	0 5088
	992 5088
	992 5120
	0 5120
4
	1408 5088
	2816 5088
	2816 5120
	1408 5120
4
	3360 5088
	16384 5088
	16384 5120
	3360 5120
4
	0 5120
	992 5120
	992 5152
	0 5152
4
	1408 5120
	2816 5120
	2816 5152
	1408 5152
4
	3360 5120
	16384 5120
	16384 5152
	3360 5152
4
	0 5152
	928 5152
	928 5184
	0 5184
4
	1504 5152
	2816 5152
	2816 5184
	1504 5184
4
	3456 5152
	16384 5152
	16384 5184
	3456 5184
4
	0 5184
	928 5184
	928 5216
	0 5216
4
	1504 5184
	2816 5184
	2816 5216
	1504 5216
4
	3456 5184
	16384 5184
	16384 5216
	3456 5216
4
	0 5216
	928 5216
	928 5248
	0 5248
4
	1504 5216
	2816 5216
	2816 5248
	1504 5248
4
	3456 5216
	16384 5216
	16384 5248
	3456 5248
4
	0 5248
	928 5248
	928 5280
	0 5280
4
	1504 5248
	2816 5248
	2816 5280
	1504 5280
4
	3456 5248
	16384 5248
	16384 5280
	3456 5280
4
	0 5280
	832 5280
	832 5312
	0 5312
4
	1504 5280
	2720 5280
	2720 5312
	1504 5312
4
	3552 5280
	16384 5280
	16384 5312
	3552 5312
4
	0 5312
	832 5312
	832 5344
	0 5344
4
	1504 5312
	2720 5312
	2720 5344
	1504 5344
4
	3552 5312
	16384 5312
	16384 5344
	3552 5344
4
	0 5344
	832 5344
	832 5376
	0 5376
4
	1504 5344
	2720 5344
	2720 5376
	1504 5376
4
	3552 5344
	16384 5344
	16384 5376
	3552 5376
4
	0 5376
	832 5376
	832 5408
	0 5408
4
	1504 5376
	2720 5376
	2720 5408
	1504 5408
4
	3552 5376
	16384 5376
	16384 5408
	3552 5408
4
	0 5408
	832 5408
	832 5440
	0 5440
4
	1504 5408
	2720 5408
	2720 5440
	1504 5440
4
	3552 5408
	16384 5408
	16384 5440
	3552 5440
4
	0 5440
	768 5440
	768 5472
	0 5472
4
	1568 5440
	2624 5440
	2624 5472
	1568 5472
4
	3552 5440
	16384 5440
	16384 5472
	3552 5472
4
	0 5472
	768 5472
	768 5504
	0 5504
4
	1568 5472
	2624 5472
	2624 5504
	1568 5504
4
	3552 5472
	16384 5472
	16384 5504
	3552 5504
4
	0 5504
	768 5504
	768 5536
	0 5536
4
	1568 5504
	2624 5504
	2624 5536
	1568 5536
4
	3552 5504
	16384 5504
	16384 5536
	3552 5536
4
	0 5536
	768 5536
	768 5568
	0 5568
4
	1568 5536
	2624 5536
	2624 5568
	1568 5568
4
	3552 5536
	16384 5536
	16384 5568
	3552 5568
4
	0 5568
	768 5568
	768 5600
	0 5600
4
	1728 5568
	2560 5568
	2560 5600
	1728 5600
4
	3040 5568
	3296 5568
	3296 5600
	3040 5600
4
	3552 5568
	16384 5568
	16384 5600
	3552 5600
4
	0 5600
	768 5600
	768 5632
	0 5632
4
	1728 5600
	2560 5600
	2560 5632
	1728 5632
4
	3040 5600
	3296 5600
	3296 5632
	3040 5632
4
	3552 5600
	16384 5600
	16384 5632
	3552 5632
4
	0 5632
	768 5632
	768 5664
	0 5664
4
	1728 5632
	2560 5632
	2560 5664
	1728 5664
4
	3040 5632
	3296 5632
	3296 5664
	3040 5664
4
	3552 5632
	16384 5632
	16384 5664
	3552 5664
4
	0 5664
	768 5664
	768 5696
	0 5696
4
	1728 5664
	2560 5664
	2560 5696
	1728 5696
4
	3040 5664
	3296 5664
	3296 5696
	3040 5696
4
	3552 5664
	16384 5664
	16384 5696
	3552 5696
4
	0 5696
	832 5696
	832 5728
	0 5728
4
	1888 5696
	2464 5696
	2464 5728
	1888 5728
4
	2976 5696
	16384 5696
	16384 5728
	2976 5728
4
	0 5728
	832 5728
	832 5760
	0 5760
4
	1888 5728
	2464 5728
	2464 5760
	1888 5760
4
	2976 5728
	16384 5728
	16384 5760
	2976 5760
4
	0 5760
	832 5760
	832 5792
	0 5792
4
	1888 5760
	2464 5760
	2464 5792
	1888 5792
4
	2976 5760
	16384 5760
	16384 5792
	2976 5792
4
	0 5792
	832 5792
	832 5824
	0 5824
4
	1888 5792
	2464 5792
	2464 5824
	1888 5824
4
	2976 5792
	16384 5792
	16384 5824
	2976 5824
4
	0 5824
	832 5824
	832 5856
	0 5856
4
	1888 5824
	2464 5824
	2464 5856
	1888 5856
4
	2976 5824
	16384 5824
	16384 5856
	2976 5856
4
	0 5856
	1312 5856
	1312 5888
	0 5888
4
	2880 5856
	16384 5856
	16384 5888
	2880 5888
4
	0 5888
	1312 5888
	1312 5920
	0 5920
4
	2880 5888
	16384 5888
	16384 5920
	2880 5920
4
	0 5920
	1312 5920
	1312 5952
	0 5952
4
	2880 5920
	16384 5920
	16384 5952
	2880 5952
4
	0 5952
	1312 5952
	1312 5984
	0 5984
4
	2880 5952
	16384 5952
	16384 5984
	2880 5984
4
	0 5984
	1408 5984
	1408 6016
	0 6016
4
	2816 5984
	16384 5984
	16384 6016
	2816 6016
4
	0 6016
	1408 6016
	1408 6048
	0 6048
4
	2816 6016
	16384 6016
	16384 6048
	2816 6048
4
	0 6048
	1408 6048
	1408 6080
	0 6080
4
	2816 6048
	16384 6048
	16384 6080
	2816 6080
4
	0 6080
	1408 6080
	1408 6112
	0 6112
4
	2816 6080
	16384 6080
	16384 6112
	2816 6112
4
	0 6112
	1504 6112
	1504 6144
	0 6144
4
	2816 6112
	16384 6112
	16384 6144
	2816 6144
4
	0 6144
	1504 6144
	1504 6176
	0 6176
4
	2816 6144
	16384 6144
	16384 6176
	2816 6176
4
	0 6176
	1504 6176
	1504 6208
	0 6208
4
	2816 6176
	16384 6176
	16384 6208
	2816 6208
4
	0 6208
	1504 6208
	1504 6240
	0 6240
4
	2816 6208
	16384 6208
	16384 6240
	2816 6240
4
	0 6240
	1504 6240
	1504 6272
	0 6272
4
	2816 6240
	16384 6240
	16384 6272
	2816 6272
4
	0 6272
	1504 6272
	1504 6304
	0 6304
4
	2816 6272
	16384 6272
	16384 6304
	2816 6304
4
	0 6304
	1504 6304
	1504 6336
	0 6336
4
	2816 6304
	16384 6304
	16384 6336
	2816 6336
4
	0 6336
	1504 6336
	1504 6368
	0 6368
4
	2816 6336
	16384 6336
	16384 6368
	2816 6368
4
	0 6368
	1504 6368
	1504 6400
	0 6400
4
	2816 6368
	16384 6368
	16384 6400
	2816 6400
4
	0 6400
	1504 6400
	1504 6432
	0 6432
4
	2880 6400
	16384 6400
	16384 6432
	2880 6432
4
	0 6432
	1504 6432
	1504 6464
	0 6464
4
	2880 6432
	16384 6432
	16384 6464
	2880 6464
4
	0 6464
	1504 6464
	1504 6496
	0 6496
4
	2880 6464
	16384 6464
	16384 6496
	2880 6496
4
	0 6496
	1504 6496
	1504 6528
	0 6528
4
	2880 6496
	16384 6496
	16384 6528
	2880 6528
4
	0 6528
	1504 6528
	1504 6560
	0 6560
4
	2880 6528
	16384 6528
	16384 6560
	2880 6560
4
	0 6560
	1504 6560
	1504 6592
	0 6592
4
	2880 6560
	16384 6560
	16384 6592
	2880 6592
4
	0 6592
	1504 6592
	1504 6624
	0 6624
4
	2880 6592
	16384 6592
	16384 6624
	2880 6624
4
	0 6624
	1504 6624
	1504 6656
	0 6656
4
	2880 6624
	16384 6624
	16384 6656
	2880 6656
4
	0 6656
	1504 6656
	1504 6688
	0 6688
4
	2880 6656
	16384 6656
	16384 6688
	2880 6688
4
	0 6688
	1568 6688
	1568 6720
	0 6720
4
	2880 6688
	16384 6688
	16384 6720
	2880 6720
4
	0 6720
	1568 6720
	1568 6752
	0 6752
4
	2880 6720
	16384 6720
	16384 6752
	2880 6752
4
	0 6752
	1568 6752
	1568 6784
	0 6784
4
	2880 6752
	16384 6752
	16384 6784
	2880 6784
4
	0 6784
	1568 6784
	1568 6816
	0 6816
4
	2880 6784
	16384 6784
	16384 6816
	2880 6816
4
	0 6816
	1824 6816
	1824 6848
	0 6848
4
	2816 6816
	16384 6816
	16384 6848
	2816 6848
4
	0 6848
	1824 6848
	1824 6880
	0 6880
4
	2816 6848
	16384 6848
	16384 6880
	2816 6880
4
	0 6880
	1824 6880
	1824 6912
	0 6912
4
	2816 6880
	16384 6880
	16384 6912
	2816 6912
4
	0 6912
	1824 6912
	1824 6944
	0 6944
4
	2816 6912
	16384 6912
	16384 6944
	2816 6944
4
	0 6944
	1888 6944
	1888 6976
	0 6976
4
	2720 6944
	16384 6944
	16384 6976
	2720 6976
4
	0 6976
	1888 6976
	1888 7008
	0 7008
4
	2720 6976
	16384 6976
	16384 7008
	2720 7008
4
	0 7008
	1888 7008
	1888 7040
	0 7040
4
	2720 7008
	16384 7008
	16384 7040
	2720 7040
4
	0 7040
	1888 7040
	1888 7072
	0 7072
4
	2720 7040
	16384 7040
	16384 7072
	2720 7072
4
	0 7072
	1888 7072
	1888 7104
	0 7104
4
	2720 7072
	16384 7072
	16384 7104
	2720 7104
4
	0 7104
	1984 7104
	1984 7136
	0 7136
4
	2624 7104
	16384 7104
	16384 7136
	2624 7136
4
	0 7136
	1984 7136
	1984 7168
	0 7168
4
	2624 7136
	16384 7136
	16384 7168
	2624 7168
4
	0 7168
	1984 7168
	1984 7200
	0 7200
4
	2624 7168
	16384 7168
	16384 7200
	2624 7200
4
	0 7200
	1984 7200
	1984 7232
	0 7232
4
	2624 7200
	16384 7200
	16384 7232
	2624 7232
4
	0 7232
	2048 7232
	2048 7264
	0 7264
4
	2560 7232
	16384 7232
	16384 7264
	2560 7264
4
	0 7264
	2048 7264
	2048 7296
	0 7296
4
	2560 7264
	16384 7264
	16384 7296
	2560 7296
4
	0 7296
	2048 7296
	2048 7328
	0 7328
4
	2560 7296
	16384 7296
	16384 7328
	2560 7328
4
	0 7328
	2048 7328
	2048 7360
	0 7360
4
	2560 7328
	16384 7328
	16384 7360
	2560 7360
4
	0 7360
	2240 7360
	2240 7392
	0 7392
4
	2400 7360
	16384 7360
	16384 7392
	2400 7392
4
	0 7392
	2240 7392
	2240 7424
	0 7424
4
	2400 7392
	16384 7392
	16384 7424
	2400 7424
4
	0 7424
	2240 7424
	2240 7456
	0 7456
4
	2400 7424
	16384 7424
	16384 7456
	2400 7456
4
	0 7456
	2240 7456
	2240 7488
	0 7488
4
	2400 7456
	16384 7456
	16384 7488
	2400 7488
4
	0 7488
	2240 7488
	2240 7520
	0 7520
4
	2400 7488
	16384 7488
	16384 7520
	2400 7520
4
	0 7520
	2240 7520
	2240 7552
	0 7552
4
	2400 7520
	16384 7520
	16384 7552
	2400 7552
4
	0 7552
	2240 7552
	2240 7584
	0 7584
4
	2400 7552
	16384 7552
	16384 7584
	2400 7584
4
	0 7584
	2240 7584
	2240 7616
	0 7616
4
	2400 7584
	16384 7584
	16384 7616
	2400 7616
4
	0 7616
	2240 7616
	2240 7648
	0 7648
4
	2400 7616
	16384 7616
	16384 7648
	2400 7648
4
	0 7648
	2240 7648
	2240 7680
	0 7680
4
	2400 7648
	16384 7648
	16384 7680
	2400 7680
4
	0 7680
	2240 7680
	2240 7712
	0 7712
4
	2400 7680
	16384 7680
	16384 7712
	2400 7712
4
	0 7712
	2240 7712
	2240 7744
	0 7744
4
	2400 7712
	16384 7712
	16384 7744
	2400 7744
4
	0 7744
	2240 7744
	2240 7776
	0 7776
4
	2400 7744
	16384 7744
	16384 7776
	2400 7776
4
	0 7776
	2240 7776
	2240 7808
	0 7808
4
	2400 7776
	16384 7776
	16384 7808
	2400 7808
4
	0 7808
	2240 7808
	2240 7840
	0 7840
4
	2400 7808
	16384 7808
	16384 7840
	2400 7840
4
	0 7840
	2240 7840
	2240 7872
	0 7872
4
	2400 7840
	16384 7840
	16384 7872
	2400 7872
4
	0 7872
	2240 7872
	2240 7904
	0 7904
4
	2400 7872
	16384 7872
	16384 7904
	2400 7904
4
	0 7904
	2240 7904
	2240 7936
	0 7936
4
	2400 7904
	16384 7904
	16384 7936
	2400 7936
4
	0 7936
	2144 7936
	2144 7968
	0 7968
4
	2400 7936
	16384 7936
	16384 7968
	2400 7968
4
	0 7968
	2144 7968
	2144 8000
	0 8000
4
	2400 7968
	16384 7968
	16384 8000
	2400 8000
4
	0 8000
	2144 8000
	2144 8032
	0 8032
4
	2400 8000
	16384 8000
	16384 8032
	2400 8032
4
	0 8032
	2144 8032
	2144 8064
	0 8064
4
	2400 8032
	16384 8032
	16384 8064
	2400 8064
4
	0 8064
	2144 8064
	2144 8096
	0 8096
4
	2464 8064
	16384 8064
	16384 8096
	2464 8096
4
	0 8096
	2144 8096
	2144 8128
	0 8128
4
	2464 8096
	16384 8096
	16384 8128
	2464 8128
4
	0 8128
	2144 8128
	2144 8160
	0 8160
4
	2464 8128
	16384 8128
	16384 8160
	2464 8160
4
	0 8160
	2144 8160
	2144 8192
	0 8192
4
	2464 8160
	16384 8160
	16384 8192
	2464 8192
4
	0 8192
	1984 8192
	1984 8224
	0 8224
4
	2560 8192
	16384 8192
	16384 8224
	2560 8224
4
	0 8224
	1984 8224
	1984 8256
	0 8256
4
	2560 8224
	16384 8224
	16384 8256
	2560 8256
4
	0 8256
	1984 8256
	1984 8288
	0 8288
4
	2560 8256
	16384 8256
	16384 8288
	2560 8288
4
	0 8288
	1984 8288
	1984 8320
	0 8320
4
	2560 8288
	16384 8288
	16384 8320
	2560 8320
4
	0 8320
	1984 8320
	1984 8352
	0 8352
4
	2560 8320
	16384 8320
	16384 8352
	2560 8352
4
	0 8352
	1984 8352
	1984 8384
	0 8384
4
	2560 8352
	16384 8352
	16384 8384
	2560 8384
4
	0 8384
	1984 8384
	1984 8416
	0 8416
4
	2560 8384
	16384 8384
	16384 8416
	2560 8416
4
	0 8416
	1984 8416
	1984 8448
	0 8448
4
	2560 8416
	16384 8416
	16384 8448
	2560 8448
4
	0 8448
	1984 8448
	1984 8480
	0 8480
4
	2560 8448
	16384 8448
	16384 8480
	2560 8480
4
	0 8480
	1984 8480
	1984 8512
	0 8512
4
	2560 8480
	16384 8480
	16384 8512
	2560 8512
4
	0 8512
	1984 8512
	1984 8544
	0 8544
4
	2560 8512
	16384 8512
	16384 8544
	2560 8544
4
	0 8544
	1984 8544
	1984 8576
	0 8576
4
	2560 8544
	16384 8544
	16384 8576
	2560 8576
4
	0 8576
	1984 8576
	1984 8608
	0 8608
4
	2560 8576
	16384 8576
	16384 8608
	2560 8608
4
	0 8608
	1984 8608
	1984 8640
	0 8640
4
	2560 8608
	16384 8608
	16384 8640
	2560 8640
4
	0 8640
	2048 8640
	2048 8672
	0 8672
4
	2560 8640
	16384 8640
	16384 8672
	2560 8672
4
	0 8672
	2048 8672
	2048 8704
	0 8704
4
	2560 8672
	16384 8672
	16384 8704
	2560 8704
4
	0 8704
	2048 8704
	2048 8736
	0 8736
4
	2560 8704
	16384 8704
	16384 8736
	2560 8736
4
	0 8736
	2048 8736
	2048 8768
	0 8768
4
	2560 8736
	16384 8736
	16384 8768
	2560 8768
4
	0 8768
	2048 8768
	2048 8800
	0 8800
4
	2624 8768
	16384 8768
	16384 8800
	2624 8800
4
	0 8800
	2048 8800
	2048 8832
	0 8832
4
	2624 8800
	16384 8800
	16384 8832
	2624 8832
4
	0 8832
	2048 8832
	2048 8864
	0 8864
4
	2624 8832
	16384 8832
	16384 8864
	2624 8864
4
	0 8864
	2048 8864
	2048 8896
	0 8896
4
	2624 8864
	16384 8864
	16384 8896
	2624 8896
4
	0 8896
	2048 8896
	2048 8928
	0 8928
4
	2624 8896
	16384 8896
	16384 8928
	2624 8928
4
	0 8928
	2048 8928
	2048 8960
	0 8960
4
	2624 8928
	16384 8928
	16384 8960
	2624 8960
4
	0 8960
	2048 8960
	2048 8992
	0 8992
4
	2624 8960
	16384 8960
	16384 8992
	2624 8992
4
	0 8992
	2048 8992
	2048 9024
	0 9024
4
	2624 8992
	16384 8992
	16384 9024
	2624 9024
4
	0 9024
	2048 9024
	2048 9056
	0 9056
4
	2624 9024
	16384 9024
	16384 9056
	2624 9056
4
	0 9056
	2048 9056
	2048 9088
	0 9088
4
	2624 9056
	16384 9056
	16384 9088
	2624 9088
4
	0 9088
	2048 9088
	2048 9120
	0 9120
4
	2624 9088
	16384 9088
	16384 9120
	2624 9120
4
	0 9120
	2048 9120
	2048 9152
	0 9152
4
	2624 9120
	16384 9120
	16384 9152
	2624 9152
4
	0 9152
	2048 9152
	2048 9184
	0 9184
4
	2624 9152
	16384 9152
	16384 9184
	2624 9184
4
	0 9184
	2144 9184
	2144 9216
	0 9216
4
	2624 9184
	16384 9184
	16384 9216
	2624 9216
4
	0 9216
	2144 9216
	2144 9248
	0 9248
4
	2624 9216
	16384 9216
	16384 9248
	2624 9248
4
	0 9248
	2144 9248
	2144 9280
	0 9280
4
	2624 9248
	16384 9248
	16384 9280
	2624 9280
4
	0 9280
	2144 9280
	2144 9312
	0 9312
4
	2624 9280
	16384 9280
	16384 9312
	2624 9312
4
	0 9312
	2144 9312
	2144 9344
	0 9344
4
	2720 9312
	14016 9312
	14016 9344
	2720 9344
4
	14176 9312
	16384 9312
	16384 9344
	14176 9344
4
	0 9344
	2144 9344
	2144 9376
	0 9376
4
	2720 9344
	14016 9344
	14016 9376
	2720 9376
4
	14176 9344
	16384 9344
	16384 9376
	14176 9376
4
	0 9376
	2144 9376
	2144 9408
	0 9408
4
	2720 9376
	14016 9376
	14016 9408
	2720 9408
4
	14176 9376
	16384 9376
	16384 9408
	14176 9408
4
	0 9408
	2144 9408
	2144 9440
	0 9440
4
	2720 9408
	14016 9408
	14016 9440
	2720 9440
4
	14176 9408
	16384 9408
	16384 9440
	14176 9440
4
	0 9440
	2144 9440
	2144 9472
	0 9472
4
	2720 9440
	14016 9440
	14016 9472
	2720 9472
4
	14176 9440
	16384 9440
	16384 9472
	14176 9472
4
	0 9472
	2144 9472
	2144 9504
	0 9504
4
	2720 9472
	14016 9472
	14016 9504
	2720 9504
4
	14272 9472
	16384 9472
	16384 9504
	14272 9504
4
	0 9504
	2144 9504
	2144 9536
	0 9536
4
	2720 9504
	14016 9504
	14016 9536
	2720 9536
4
	14272 9504
	16384 9504
	16384 9536
	14272 9536
4
	0 9536
	2144 9536
	2144 9568
	0 9568
4
	2720 9536
	14016 9536
	14016 9568
	2720 9568
4
	14272 9536
	16384 9536
	16384 9568
	14272 9568
4
	0 9568
	2144 9568
	2144 9600
	0 9600
4
	2720 9568
	14016 9568
	14016 9600
	2720 9600
4
	14272 9568
	16384 9568
	16384 9600
	14272 9600
4
	0 9600
	2240 9600
	2240 9632
	0 9632
4
	2720 9600
	14016 9600
	14016 9632
	2720 9632
4
	14272 9600
	16384 9600
	16384 9632
	14272 9632
4
	0 9632
	2240 9632
	2240 9664
	0 9664
4
	2720 9632
	14016 9632
	14016 9664
	2720 9664
4
	14272 9632
	16384 9632
	16384 9664
	14272 9664
4
	0 9664
	2240 9664
	2240 9696
	0 9696
4
	2720 9664
	14016 9664
	14016 9696
	2720 9696
4
	14272 9664
	16384 9664
	16384 9696
	14272 9696
4
	0 9696
	2240 9696
	2240 9728
	0 9728
4
	2720 9696
	14016 9696
	14016 9728
	2720 9728
4
	14272 9696
	16384 9696
	16384 9728
	14272 9728
4
	0 9728
	2240 9728
	2240 9760
	0 9760
4
	2816 9728
	14016 9728
	14016 9760
	2816 9760
4
	14272 9728
	16384 9728
	16384 9760
	14272 9760
4
	0 9760
	2240 9760
	2240 9792
	0 9792
4
	2816 9760
	14016 9760
	14016 9792
	2816 9792
4
	14272 9760
	16384 9760
	16384 9792
	14272 9792
4
	0 9792
	2240 9792
	2240 9824
	0 9824
4
	2816 9792
	14016 9792
	14016 9824
	2816 9824
4
	14272 9792
	16384 9792
	16384 9824
	14272 9824
4
	0 9824
	2240 9824
	2240 9856
	0 9856
4
	2816 9824
	14016 9824
	14016 9856
	2816 9856
4
	14272 9824
	16384 9824
	16384 9856
	14272 9856
4
	0 9856
	2240 9856
	2240 9888
	0 9888
4
	2816 9856
	14016 9856
	14016 9888
	2816 9888
4
	14272 9856
	16384 9856
	16384 9888
	14272 9888
4
	0 9888
	2304 9888
	2304 9920
	0 9920
4
	2816 9888
	14016 9888
	14016 9920
	2816 9920
4
	14272 9888
	16384 9888
	16384 9920
	14272 9920
4
	0 9920
	2304 9920
	2304 9952
	0 9952
4
	2816 9920
	14016 9920
	14016 9952
	2816 9952
4
	14272 9920
	16384 9920
	16384 9952
	14272 9952
4
	0 9952
	2304 9952
	2304 9984
	0 9984
4
	2816 9952
	14016 9952
	14016 9984
	2816 9984
4
	14272 9952
	16384 9952
	16384 9984
	14272 9984
4
	0 9984
	2304 9984
	2304 10016
	0 10016
4
	2816 9984
	14016 9984
	14016 10016
	2816 10016
4
	14272 9984
	16384 9984
	16384 10016
	14272 10016
4
	0 10016
	2304 10016
	2304 10048
	0 10048
4
	2880 10016
	14016 10016
	14016 10048
	2880 10048
4
	14272 10016
	16384 10016
	16384 10048
	14272 10048
4
	0 10048
	2304 10048
	2304 10080
	0 10080
4
	2880 10048
	14016 10048
	14016 10080
	2880 10080
4
	14272 10048
	16384 10048
	16384 10080
	14272 10080
4
	0 10080
	2304 10080
	2304 10112
	0 10112
4
	2880 10080
	14016 10080
	14016 10112
	2880 10112
4
	14272 10080
	16384 10080
	16384 10112
	14272 10112
4
	0 10112
	2304 10112
	2304 10144
	0 10144
4
	2880 10112
	14016 10112
	14016 10144
	2880 10144
4
	14272 10112
	16384 10112
	16384 10144
	14272 10144
4
	0 10144
	2400 10144
	2400 10176
	0 10176
4
	2880 10144
	13952 10144
	13952 10176
	2880 10176
4
	14272 10144
	16384 10144
	16384 10176
	14272 10176
4
	0 10176
	2400 10176
	2400 10208
	0 10208
4
	2880 10176
	13952 10176
	13952 10208
	2880 10208
4
	14272 10176
	16384 10176
	16384 10208
	14272 10208
4
	0 10208
	2400 10208
	2400 10240
	0 10240
4
	2880 10208
	13952 10208
	13952 10240
	2880 10240
4
	14272 10208
	16384 10208
	16384 10240
	14272 10240
4
	0 10240
	2400 10240
	2400 10272
	0 10272
4
	2880 10240
	13952 10240
	13952 10272
	2880 10272
4
	14272 10240
	16384 10240
	16384 10272
	14272 10272
4
	0 10272
	2400 10272
	2400 10304
	0 10304
4
	2880 10272
	13952 10272
	13952 10304
	2880 10304
4
	14272 10272
	16384 10272
	16384 10304
	14272 10304
4
	0 10304
	2400 10304
	2400 10336
	0 10336
4
	2976 10304
	13952 10304
	13952 10336
	2976 10336
4
	14592 10304
	16384 10304
	16384 10336
	14592 10336
4
	0 10336
	2400 10336
	2400 10368
	0 10368
4
	2976 10336
	13952 10336
	13952 10368
	2976 10368
4
	14592 10336
	16384 10336
	16384 10368
	14592 10368
4
	0 10368
	2400 10368
	2400 10400
	0 10400
4
	2976 10368
	13952 10368
	13952 10400
	2976 10400
4
	14592 10368
	16384 10368
	16384 10400
	14592 10400
4
	0 10400
	2400 10400
	2400 10432
	0 10432
4
	2976 10400
	13952 10400
	13952 10432
	2976 10432
4
	14592 10400
	16384 10400
	16384 10432
	14592 10432
4
	0 10432
	2464 10432
	2464 10464
	0 10464
4
	3040 10432
	13952 10432
	13952 10464
	3040 10464
4
	14528 10432
	16384 10432
	16384 10464
	14528 10464
4
	0 10464
	2464 10464
	2464 10496
	0 10496
4
	3040 10464
	13952 10464
	13952 10496
	3040 10496
4
	14528 10464
	16384 10464
	16384 10496
	14528 10496
4
	0 10496
	2464 10496
	2464 10528
	0 10528
4
	3040 10496
	13952 10496
	13952 10528
	3040 10528
4
	14528 10496
	16384 10496
	16384 10528
	14528 10528
4
	0 10528
	2464 10528
	2464 10560
	0 10560
4
	3040 10528
	13952 10528
	13952 10560
	3040 10560
4
	14528 10528
	16384 10528
	16384 10560
	14528 10560
4
	0 10560
	2560 10560
	2560 10592
	0 10592
4
	3040 10560
	6240 10560
	6240 10592
	3040 10592
4
	7648 10560
	13952 10560
	13952 10592
	7648 10592
4
	14432 10560
	16384 10560
	16384 10592
	14432 10592
4
	0 10592
	2560 10592
	2560 10624
	0 10624
4
	3040 10592
	6240 10592
	6240 10624
	3040 10624
4
	7648 10592
	13952 10592
	13952 10624
	7648 10624
4
	14432 10592
	16384 10592
	16384 10624
	14432 10624
4
	0 10624
	2560 10624
	2560 10656
	0 10656
4
	3040 10624
	6240 10624
	6240 10656
	3040 10656
4
	7648 10624
	13952 10624
	13952 10656
	7648 10656
4
	14432 10624
	16384 10624
	16384 10656
	14432 10656
4
	0 10656
	2560 10656
	2560 10688
	0 10688
4
	3040 10656
	6240 10656
	6240 10688
	3040 10688
4
	7648 10656
	13952 10656
	13952 10688
	7648 10688
4
	14432 10656
	16384 10656
	16384 10688
	14432 10688
4
	0 10688
	2560 10688
	2560 10720
	0 10720
4
	3040 10688
	6240 10688
	6240 10720
	3040 10720
4
	7648 10688
	13952 10688
	13952 10720
	7648 10720
4
	14432 10688
	16384 10688
	16384 10720
	14432 10720
4
	0 10720
	2560 10720
	2560 10752
	0 10752
4
	3040 10720
	5824 10720
	5824 10752
	3040 10752
4
	7808 10720
	13952 10720
	13952 10752
	7808 10752
4
	14336 10720
	16384 10720
	16384 10752
	14336 10752
4
	0 10752
	2560 10752
	2560 10784
	0 10784
4
	3040 10752
	5824 10752
	5824 10784
	3040 10784
4
	7808 10752
	13952 10752
	13952 10784
	7808 10784
4
	14336 10752
	16384 10752
	16384 10784
	14336 10784
4
	0 10784
	2560 10784
	2560 10816
	0 10816
4
	3040 10784
	5824 10784
	5824 10816
	3040 10816
4
	7808 10784
	13952 10784
	13952 10816
	7808 10816
4
	14336 10784
	16384 10784
	16384 10816
	14336 10816
4
	0 10816
	2560 10816
	2560 10848
	0 10848
4
	3040 10816
	5824 10816
	5824 10848
	3040 10848
4
	7808 10816
	13952 10816
	13952 10848
	7808 10848
4
	14336 10816
	16384 10816
	16384 10848
	14336 10848
4
	0 10848
	2624 10848
	2624 10880
	0 10880
4
	3136 10848
	5600 10848
	5600 10880
	3136 10880
4
	7968 10848
	14016 10848
	14016 10880
	7968 10880
4
	14336 10848
	16384 10848
	16384 10880
	14336 10880
4
	0 10880
	2624 10880
	2624 10912
	0 10912
4
	3136 10880
	5600 10880
	5600 10912
	3136 10912
4
	7968 10880
	14016 10880
	14016 10912
	7968 10912
4
	14336 10880
	16384 10880
	16384 10912
	14336 10912
4
	0 10912
	2624 10912
	2624 10944
	0 10944
4
	3136 10912
	5600 10912
	5600 10944
	3136 10944
4
	7968 10912
	14016 10912
	14016 10944
	7968 10944
4
	14336 10912
	16384 10912
	16384 10944
	14336 10944
4
	0 10944
	2624 10944
	2624 10976
	0 10976
4
	3136 10944
	5600 10944
	5600 10976
	3136 10976
4
	7968 10944
	14016 10944
	14016 10976
	7968 10976
4
	14336 10944
	16384 10944
	16384 10976
	14336 10976
4
	0 10976
	2624 10976
	2624 11008
	0 11008
4
	3136 10976
	5344 10976
	5344 11008
	3136 11008
4
	8288 10976
	14016 10976
	14016 11008
	8288 11008
4
	14336 10976
	16384 10976
	16384 11008
	14336 11008
4
	0 11008
	2624 11008
	2624 11040
	0 11040
4
	3136 11008
	5344 11008
	5344 11040
	3136 11040
4
	8288 11008
	14016 11008
	14016 11040
	8288 11040
4
	14336 11008
	16384 11008
	16384 11040
	14336 11040
4
	0 11040
	2624 11040
	2624 11072
	0 11072
4
	3136 11040
	5344 11040
	5344 11072
	3136 11072
4
	8288 11040
	14016 11040
	14016 11072
	8288 11072
4
	14336 11040
	16384 11040
	16384 11072
	14336 11072
4
	0 11072
	2624 11072
	2624 11104
	0 11104
4
	3136 11072
	5344 11072
	5344 11104
	3136 11104
4
	8288 11072
	14016 11072
	14016 11104
	8288 11104
4
	14336 11072
	16384 11072
	16384 11104
	14336 11104
4
	0 11104
	2624 11104
	2624 11136
	0 11136
4
	3136 11104
	5344 11104
	5344 11136
	3136 11136
4
	8288 11104
	14016 11104
	14016 11136
	8288 11136
4
	14336 11104
	16384 11104
	16384 11136
	14336 11136
4
	0 11136
	2624 11136
	2624 11168
	0 11168
4
	3136 11136
	5248 11136
	5248 11168
	3136 11168
4
	6496 11136
	7712 11136
	7712 11168
	6496 11168
4
	8544 11136
	14016 11136
	14016 11168
	8544 11168
4
	14336 11136
	16384 11136
	16384 11168
	14336 11168
4
	0 11168
	2624 11168
	2624 11200
	0 11200
4
	3136 11168
	5248 11168
	5248 11200
	3136 11200
4
	6496 11168
	7712 11168
	7712 11200
	6496 11200
4
	8544 11168
	14016 11168
	14016 11200
	8544 11200
4
	14336 11168
	16384 11168
	16384 11200
	14336 11200
4
	0 11200
	2624 11200
	2624 11232
	0 11232
4
	3136 11200
	5248 11200
	5248 11232
	3136 11232
4
	6496 11200
	7712 11200
	7712 11232
	6496 11232
4
	8544 11200
	14016 11200
	14016 11232
	8544 11232
4
	14336 11200
	16384 11200
	16384 11232
	14336 11232
4
	0 11232
	2624 11232
	2624 11264
	0 11264
4
	3136 11232
	5248 11232
	5248 11264
	3136 11264
4
	6496 11232
	7712 11232
	7712 11264
	6496 11264
4
	8544 11232
	14016 11232
	14016 11264
	8544 11264
4
	14336 11232
	16384 11232
	16384 11264
	14336 11264
4
	0 11264
	2624 11264
	2624 11296
	0 11296
4
	3040 11264
	3712 11264
	3712 11296
	3040 11296
4
	3936 11264
	5184 11264
	5184 11296
	3936 11296
4
	6080 11264
	7872 11264
	7872 11296
	6080 11296
4
	8704 11264
	9344 11264
	9344 11296
	8704 11296
4
	10016 11264
	14112 11264
	14112 11296
	10016 11296
4
	14432 11264
	16384 11264
	16384 11296
	14432 11296
4
	0 11296
	2624 11296
	2624 11328
	0 11328
4
	3040 11296
	3712 11296
	3712 11328
	3040 11328
4
	3936 11296
	5184 11296
	5184 11328
	3936 11328
4
	6080 11296
	7872 11296
	7872 11328
	6080 11328
4
	8704 11296
	9344 11296
	9344 11328
	8704 11328
4
	10016 11296
	14112 11296
	14112 11328
	10016 11328
4
	14432 11296
	16384 11296
	16384 11328
	14432 11328
4
	0 11328
	2624 11328
	2624 11360
	0 11360
4
	3040 11328
	3712 11328
	3712 11360
	3040 11360
4
	3936 11328
	5184 11328
	5184 11360
	3936 11360
4
	6080 11328
	7872 11328
	7872 11360
	6080 11360
4
	8704 11328
	9344 11328
	9344 11360
	8704 11360
4
	10016 11328
	14112 11328
	14112 11360
	10016 11360
4
	14432 11328
	16384 11328
	16384 11360
	14432 11360
4
	0 11360
	2624 11360
	2624 11392
	0 11392
4
	3040 11360
	3712 11360
	3712 11392
	3040 11392
4
	3936 11360
	5184 11360
	5184 11392
	3936 11392
4
	6080 11360
	7872 11360
	7872 11392
	6080 11392
4
	8704 11360
	9344 11360
	9344 11392
	8704 11392
4
	10016 11360
	14112 11360
	14112 11392
	10016 11392
4
	14432 11360
	16384 11360
	16384 11392
	14432 11392
4
	0 11392
	2720 11392
	2720 11424
	0 11424
4
	3040 11392
	3456 11392
	3456 11424
	3040 11424
4
	4448 11392
	5024 11392
	5024 11424
	4448 11424
4
	5824 11392
	8192 11392
	8192 11424
	5824 11424
4
	8768 11392
	9280 11392
	9280 11424
	8768 11424
4
	10080 11392
	14112 11392
	14112 11424
	10080 11424
4
	14528 11392
	16384 11392
	16384 11424
	14528 11424
4
	0 11424
	2720 11424
	2720 11456
	0 11456
4
	3040 11424
	3456 11424
	3456 11456
	3040 11456
4
	4448 11424
	5024 11424
	5024 11456
	4448 11456
4
	5824 11424
	8192 11424
	8192 11456
	5824 11456
4
	8768 11424
	9280 11424
	9280 11456
	8768 11456
4
	10080 11424
	14112 11424
	14112 11456
	10080 11456
4
	14528 11424
	16384 11424
	16384 11456
	14528 11456
4
	0 11456
	2720 11456
	2720 11488
	0 11488
4
	3040 11456
	3456 11456
	3456 11488
	3040 11488
4
	4448 11456
	5024 11456
	5024 11488
	4448 11488
4
	5824 11456
	8192 11456
	8192 11488
	5824 11488
4
	8768 11456
	9280 11456
	9280 11488
	8768 11488
4
	10080 11456
	14112 11456
	14112 11488
	10080 11488
4
	14528 11456
	16384 11456
	16384 11488
	14528 11488
4
	0 11488
	2720 11488
	2720 11520
	0 11520
4
	3040 11488
	3456 11488
	3456 11520
	3040 11520
4
	4448 11488
	5024 11488
	5024 11520
	4448 11520
4
	5824 11488
	8192 11488
	8192 11520
	5824 11520
4
	8768 11488
	9280 11488
	9280 11520
	8768 11520
4
	10080 11488
	14112 11488
	14112 11520
	10080 11520
4
	14528 11488
	16384 11488
	16384 11520
	14528 11520
4
	0 11520
	2720 11520
	2720 11552
	0 11552
4
	3040 11520
	3456 11520
	3456 11552
	3040 11552
4
	4448 11520
	5024 11520
	5024 11552
	4448 11552
4
	5824 11520
	8192 11520
	8192 11552
	5824 11552
4
	8768 11520
	9280 11520
	9280 11552
	8768 11552
4
	10080 11520
	14112 11520
	14112 11552
	10080 11552
4
	14528 11520
	16384 11520
	16384 11552
	14528 11552
4
	0 11552
	2816 11552
	2816 11584
	0 11584
4
	3136 11552
	3296 11552
	3296 11584
	3136 11584
4
	3936 11552
	4032 11552
	4032 11584
	3936 11584
4
	4608 11552
	5024 11552
	5024 11584
	4608 11584
4
	5664 11552
	8448 11552
	8448 11584
	5664 11584
4
	10176 11552
	10336 11552
	10336 11584
	10176 11584
4
	10432 11552
	13856 11552
	13856 11584
	10432 11584
4
	14528 11552
	16384 11552
	16384 11584
	14528 11584
4
	0 11584
	2816 11584
	2816 11616
	0 11616
4
	3136 11584
	3296 11584
	3296 11616
	3136 11616
4
	3936 11584
	4032 11584
	4032 11616
	3936 11616
4
	4608 11584
	5024 11584
	5024 11616
	4608 11616
4
	5664 11584
	8448 11584
	8448 11616
	5664 11616
4
	10176 11584
	10336 11584
	10336 11616
	10176 11616
4
	10432 11584
	13856 11584
	13856 11616
	10432 11616
4
	14528 11584
	16384 11584
	16384 11616
	14528 11616
4
	0 11616
	2816 11616
	2816 11648
	0 11648
4
	3136 11616
	3296 11616
	3296 11648
	3136 11648
4
	3936 11616
	4032 11616
	4032 11648
	3936 11648
4
	4608 11616
	5024 11616
	5024 11648
	4608 11648
4
	5664 11616
	8448 11616
	8448 11648
	5664 11648
4
	10176 11616
	10336 11616
	10336 11648
	10176 11648
4
	10432 11616
	13856 11616
	13856 11648
	10432 11648
4
	14528 11616
	16384 11616
	16384 11648
	14528 11648
4
	0 11648
	2816 11648
	2816 11680
	0 11680
4
	3136 11648
	3296 11648
	3296 11680
	3136 11680
4
	3936 11648
	4032 11648
	4032 11680
	3936 11680
4
	4608 11648
	5024 11648
	5024 11680
	4608 11680
4
	5664 11648
	8448 11648
	8448 11680
	5664 11680
4
	10176 11648
	10336 11648
	10336 11680
	10176 11680
4
	10432 11648
	13856 11648
	13856 11680
	10432 11680
4
	14528 11648
	16384 11648
	16384 11680
	14528 11680
4
	0 11680
	2880 11680
	2880 11712
	0 11712
4
	3872 11680
	4096 11680
	4096 11712
	3872 11712
4
	4672 11680
	4928 11680
	4928 11712
	4672 11712
4
	5504 11680
	8704 11680
	8704 11712
	5504 11712
4
	10496 11680
	13696 11680
	13696 11712
	10496 11712
4
	14688 11680
	16384 11680
	16384 11712
	14688 11712
4
	0 11712
	2880 11712
	2880 11744
	0 11744
4
	3872 11712
	4096 11712
	4096 11744
	3872 11744
4
	4672 11712
	4928 11712
	4928 11744
	4672 11744
4
	5504 11712
	8704 11712
	8704 11744
	5504 11744
4
	10496 11712
	13696 11712
	13696 11744
	10496 11744
4
	14688 11712
	16384 11712
	16384 11744
	14688 11744
4
	0 11744
	2880 11744
	2880 11776
	0 11776
4
	3872 11744
	4096 11744
	4096 11776
	3872 11776
4
	4672 11744
	4928 11744
	4928 11776
	4672 11776
4
	5504 11744
	8704 11744
	8704 11776
	5504 11776
4
	10496 11744
	13696 11744
	13696 11776
	10496 11776
4
	14688 11744
	16384 11744
	16384 11776
	14688 11776
4
	0 11776
	2880 11776
	2880 11808
	0 11808
4
	3872 11776
	4096 11776
	4096 11808
	3872 11808
4
	4672 11776
	4928 11776
	4928 11808
	4672 11808
4
	5504 11776
	8704 11776
	8704 11808
	5504 11808
4
	10496 11776
	13696 11776
	13696 11808
	10496 11808
4
	14688 11776
	16384 11776
	16384 11808
	14688 11808
4
	0 11808
	2976 11808
	2976 11840
	0 11840
4
	3872 11808
	4096 11808
	4096 11840
	3872 11840
4
	5344 11808
	8704 11808
	8704 11840
	5344 11840
4
	10592 11808
	13536 11808
	13536 11840
	10592 11840
4
	14848 11808
	16384 11808
	16384 11840
	14848 11840
4
	0 11840
	2976 11840
	2976 11872
	0 11872
4
	3872 11840
	4096 11840
	4096 11872
	3872 11872
4
	5344 11840
	8704 11840
	8704 11872
	5344 11872
4
	10592 11840
	13536 11840
	13536 11872
	10592 11872
4
	14848 11840
	16384 11840
	16384 11872
	14848 11872
4
	0 11872
	2976 11872
	2976 11904
	0 11904
4
	3872 11872
	4096 11872
	4096 11904
	3872 11904
4
	5344 11872
	8704 11872
	8704 11904
	5344 11904
4
	10592 11872
	13536 11872
	13536 11904
	10592 11904
4
	14848 11872
	16384 11872
	16384 11904
	14848 11904
4
	0 11904
	2976 11904
	2976 11936
	0 11936
4
	3872 11904
	4096 11904
	4096 11936
	3872 11936
4
	5344 11904
	8704 11904
	8704 11936
	5344 11936
4
	10592 11904
	13536 11904
	13536 11936
	10592 11936
4
	14848 11904
	16384 11904
	16384 11936
	14848 11936
4
	0 11936
	2976 11936
	2976 11968
	0 11968
4
	3872 11936
	4096 11936
	4096 11968
	3872 11968
4
	5344 11936
	8704 11936
	8704 11968
	5344 11968
4
	10592 11936
	13536 11936
	13536 11968
	10592 11968
4
	14848 11936
	16384 11936
	16384 11968
	14848 11968
4
	0 11968
	2976 11968
	2976 12000
	0 12000
4
	5088 11968
	8608 11968
	8608 12000
	5088 12000
4
	10656 11968
	13440 11968
	13440 12000
	10656 12000
4
	14912 11968
	16384 11968
	16384 12000
	14912 12000
4
	0 12000
	2976 12000
	2976 12032
	0 12032
4
	5088 12000
	8608 12000
	8608 12032
	5088 12032
4
	10656 12000
	13440 12000
	13440 12032
	10656 12032
4
	14912 12000
	16384 12000
	16384 12032
	14912 12032
4
	0 12032
	2976 12032
	2976 12064
	0 12064
4
	5088 12032
	8608 12032
	8608 12064
	5088 12064
4
	10656 12032
	13440 12032
	13440 12064
	10656 12064
4
	14912 12032
	16384 12032
	16384 12064
	14912 12064
4
	0 12064
	2976 12064
	2976 12096
	0 12096
4
	5088 12064
	8608 12064
	8608 12096
	5088 12096
4
	10656 12064
	13440 12064
	13440 12096
	10656 12096
4
	14912 12064
	16384 12064
	16384 12096
	14912 12096
4
	0 12096
	2880 12096
	2880 12128
	0 12128
4
	5024 12096
	8608 12096
	8608 12128
	5024 12128
4
	10752 12096
	13376 12096
	13376 12128
	10752 12128
4
	15008 12096
	16384 12096
	16384 12128
	15008 12128
4
	0 12128
	2880 12128
	2880 12160
	0 12160
4
	5024 12128
	8608 12128
	8608 12160
	5024 12160
4
	10752 12128
	13376 12128
	13376 12160
	10752 12160
4
	15008 12128
	16384 12128
	16384 12160
	15008 12160
4
	0 12160
	2880 12160
	2880 12192
	0 12192
4
	5024 12160
	8608 12160
	8608 12192
	5024 12192
4
	10752 12160
	13376 12160
	13376 12192
	10752 12192
4
	15008 12160
	16384 12160
	16384 12192
	15008 12192
4
	0 12192
	2880 12192
	2880 12224
	0 12224
4
	5024 12192
	8608 12192
	8608 12224
	5024 12224
4
	10752 12192
	13376 12192
	13376 12224
	10752 12224
4
	15008 12192
	16384 12192
	16384 12224
	15008 12224
4
	0 12224
	2880 12224
	2880 12256
	0 12256
4
	5024 12224
	8608 12224
	8608 12256
	5024 12256
4
	10752 12224
	13280 12224
	13280 12256
	10752 12256
4
	15008 12224
	16384 12224
	16384 12256
	15008 12256
4
	0 12256
	2880 12256
	2880 12288
	0 12288
4
	5024 12256
	8608 12256
	8608 12288
	5024 12288
4
	10752 12256
	13280 12256
	13280 12288
	10752 12288
4
	15008 12256
	16384 12256
	16384 12288
	15008 12288
4
	0 12288
	2880 12288
	2880 12320
	0 12320
4
	5024 12288
	8608 12288
	8608 12320
	5024 12320
4
	10752 12288
	13280 12288
	13280 12320
	10752 12320
4
	15008 12288
	16384 12288
	16384 12320
	15008 12320
4
	0 12320
	2880 12320
	2880 12352
	0 12352
4
	5024 12320
	8608 12320
	8608 12352
	5024 12352
4
	10752 12320
	13280 12320
	13280 12352
	10752 12352
4
	15008 12320
	16384 12320
	16384 12352
	15008 12352
4
	0 12352
	2880 12352
	2880 12384
	0 12384
4
	5024 12352
	8608 12352
	8608 12384
	5024 12384
4
	10752 12352
	13280 12352
	13280 12384
	10752 12384
4
	15008 12352
	16384 12352
	16384 12384
	15008 12384
4
	0 12384
	2816 12384
	2816 12416
	0 12416
4
	5088 12384
	8544 12384
	8544 12416
	5088 12416
4
	10816 12384
	13280 12384
	13280 12416
	10816 12416
4
	15104 12384
	16384 12384
	16384 12416
	15104 12416
4
	0 12416
	2816 12416
	2816 12448
	0 12448
4
	5088 12416
	8544 12416
	8544 12448
	5088 12448
4
	10816 12416
	13280 12416
	13280 12448
	10816 12448
4
	15104 12416
	16384 12416
	16384 12448
	15104 12448
4
	0 12448
	2816 12448
	2816 12480
	0 12480
4
	5088 12448
	8544 12448
	8544 12480
	5088 12480
4
	10816 12448
	13280 12448
	13280 12480
	10816 12480
4
	15104 12448
	16384 12448
	16384 12480
	15104 12480
4
	0 12480
	2816 12480
	2816 12512
	0 12512
4
	5088 12480
	8544 12480
	8544 12512
	5088 12512
4
	10816 12480
	13280 12480
	13280 12512
	10816 12512
4
	15104 12480
	16384 12480
	16384 12512
	15104 12512
4
	0 12512
	2816 12512
	2816 12544
	0 12544
4
	5088 12512
	8544 12512
	8544 12544
	5088 12544
4
	10816 12512
	13216 12512
	13216 12544
	10816 12544
4
	15104 12512
	16384 12512
	16384 12544
	15104 12544
4
	0 12544
	2816 12544
	2816 12576
	0 12576
4
	5088 12544
	8544 12544
	8544 12576
	5088 12576
4
	10816 12544
	13216 12544
	13216 12576
	10816 12576
4
	15104 12544
	16384 12544
	16384 12576
	15104 12576
4
	0 12576
	2816 12576
	2816 12608
	0 12608
4
	5088 12576
	8544 12576
	8544 12608
	5088 12608
4
	10816 12576
	13216 12576
	13216 12608
	10816 12608
4
	15104 12576
	16384 12576
	16384 12608
	15104 12608
4
	0 12608
	2816 12608
	2816 12640
	0 12640
4
	5088 12608
	8544 12608
	8544 12640
	5088 12640
4
	10816 12608
	13216 12608
	13216 12640
	10816 12640
4
	15104 12608
	16384 12608
	16384 12640
	15104 12640
4
	0 12640
	2720 12640
	2720 12672
	0 12672
4
	5088 12640
	8544 12640
	8544 12672
	5088 12672
4
	12224 12640
	13056 12640
	13056 12672
	12224 12672
4
	15168 12640
	16384 12640
	16384 12672
	15168 12672
4
	0 12672
	2720 12672
	2720 12704
	0 12704
4
	5088 12672
	8544 12672
	8544 12704
	5088 12704
4
	12224 12672
	13056 12672
	13056 12704
	12224 12704
4
	15168 12672
	16384 12672
	16384 12704
	15168 12704
4
	0 12704
	2720 12704
	2720 12736
	0 12736
4
	5088 12704
	8544 12704
	8544 12736
	5088 12736
4
	12224 12704
	13056 12704
	13056 12736
	12224 12736
4
	15168 12704
	16384 12704
	16384 12736
	15168 12736
4
	0 12736
	2720 12736
	2720 12768
	0 12768
4
	5088 12736
	8544 12736
	8544 12768
	5088 12768
4
	12224 12736
	13056 12736
	13056 12768
	12224 12768
4
	15168 12736
	16384 12736
	16384 12768
	15168 12768
4
	0 12768
	2720 12768
	2720 12800
	0 12800
4
	5088 12768
	8544 12768
	8544 12800
	5088 12800
4
	12224 12768
	13056 12768
	13056 12800
	12224 12800
4
	15168 12768
	16384 12768
	16384 12800
	15168 12800
4
	0 12800
	2720 12800
	2720 12832
	0 12832
4
	5088 12800
	8544 12800
	8544 12832
	5088 12832
4
	12224 12800
	12864 12800
	12864 12832
	12224 12832
4
	15168 12800
	16384 12800
	16384 12832
	15168 12832
4
	0 12832
	2720 12832
	2720 12864
	0 12864
4
	5088 12832
	8544 12832
	8544 12864
	5088 12864
4
	12224 12832
	12864 12832
	12864 12864
	12224 12864
4
	15168 12832
	16384 12832
	16384 12864
	15168 12864
4
	0 12864
	2720 12864
	2720 12896
	0 12896
4
	5088 12864
	8544 12864
	8544 12896
	5088 12896
4
	12224 12864
	12864 12864
	12864 12896
	12224 12896
4
	15168 12864
	16384 12864
	16384 12896
	15168 12896
4
	0 12896
	2720 12896
	2720 12928
	0 12928
4
	5088 12896
	8544 12896
	8544 12928
	5088 12928
4
	12224 12896
	12864 12896
	12864 12928
	12224 12928
4
	15168 12896
	16384 12896
	16384 12928
	15168 12928
4
	0 12928
	2720 12928
	2720 12960
	0 12960
4
	5088 12928
	8544 12928
	8544 12960
	5088 12960
4
	15168 12928
	16384 12928
	16384 12960
	15168 12960
4
	0 12960
	2720 12960
	2720 12992
	0 12992
4
	5088 12960
	8544 12960
	8544 12992
	5088 12992
4
	15168 12960
	16384 12960
	16384 12992
	15168 12992
4
	0 12992
	2720 12992
	2720 13024
	0 13024
4
	5088 12992
	8544 12992
	8544 13024
	5088 13024
4
	15168 12992
	16384 12992
	16384 13024
	15168 13024
4
	0 13024
	2720 13024
	2720 13056
	0 13056
4
	5088 13024
	8544 13024
	8544 13056
	5088 13056
4
	15168 13024
	16384 13024
	16384 13056
	15168 13056
4
	0 13056
	2624 13056
	2624 13088
	0 13088
4
	2816 13056
	3040 13056
	3040 13088
	2816 13088
4
	3776 13056
	4032 13056
	4032 13088
	3776 13088
4
	4928 13056
	5024 13056
	5024 13088
	4928 13088
4
	5184 13056
	8544 13056
	8544 13088
	5184 13088
4
	10816 13056
	10912 13056
	10912 13088
	10816 13088
4
	15168 13056
	16384 13056
	16384 13088
	15168 13088
4
	0 13088
	2624 13088
	2624 13120
	0 13120
4
	2816 13088
	3040 13088
	3040 13120
	2816 13120
4
	3776 13088
	4032 13088
	4032 13120
	3776 13120
4
	4928 13088
	5024 13088
	5024 13120
	4928 13120
4
	5184 13088
	8544 13088
	8544 13120
	5184 13120
4
	10816 13088
	10912 13088
	10912 13120
	10816 13120
4
	15168 13088
	16384 13088
	16384 13120
	15168 13120
4
	0 13120
	2624 13120
	2624 13152
	0 13152
4
	2816 13120
	3040 13120
	3040 13152
	2816 13152
4
	3776 13120
	4032 13120
	4032 13152
	3776 13152
4
	4928 13120
	5024 13120
	5024 13152
	4928 13152
4
	5184 13120
	8544 13120
	8544 13152
	5184 13152
4
	10816 13120
	10912 13120
	10912 13152
	10816 13152
4
	15168 13120
	16384 13120
	16384 13152
	15168 13152
4
	0 13152
	2624 13152
	2624 13184
	0 13184
4
	2816 13152
	3040 13152
	3040 13184
	2816 13184
4
	3776 13152
	4032 13152
	4032 13184
	3776 13184
4
	4928 13152
	5024 13152
	5024 13184
	4928 13184
4
	5184 13152
	8544 13152
	8544 13184
	5184 13184
4
	10816 13152
	10912 13152
	10912 13184
	10816 13184
4
	15168 13152
	16384 13152
	16384 13184
	15168 13184
4
	0 13184
	2624 13184
	2624 13216
	0 13216
4
	2816 13184
	3040 13184
	3040 13216
	2816 13216
4
	3776 13184
	4032 13184
	4032 13216
	3776 13216
4
	4928 13184
	5024 13184
	5024 13216
	4928 13216
4
	5184 13184
	8544 13184
	8544 13216
	5184 13216
4
	10816 13184
	10912 13184
	10912 13216
	10816 13216
4
	15168 13184
	16384 13184
	16384 13216
	15168 13216
4
	0 13216
	2624 13216
	2624 13248
	0 13248
4
	2816 13216
	3040 13216
	3040 13248
	2816 13248
4
	3712 13216
	4096 13216
	4096 13248
	3712 13248
4
	4864 13216
	8544 13216
	8544 13248
	4864 13248
4
	10752 13216
	11072 13216
	11072 13248
	10752 13248
4
	12128 13216
	12288 13216
	12288 13248
	12128 13248
4
	15168 13216
	16384 13216
	16384 13248
	15168 13248
4
	0 13248
	2624 13248
	2624 13280
	0 13280
4
	2816 13248
	3040 13248
	3040 13280
	2816 13280
4
	3712 13248
	4096 13248
	4096 13280
	3712 13280
4
	4864 13248
	8544 13248
	8544 13280
	4864 13280
4
	10752 13248
	11072 13248
	11072 13280
	10752 13280
4
	12128 13248
	12288 13248
	12288 13280
	12128 13280
4
	15168 13248
	16384 13248
	16384 13280
	15168 13280
4
	0 13280
	2624 13280
	2624 13312
	0 13312
4
	2816 13280
	3040 13280
	3040 13312
	2816 13312
4
	3712 13280
	4096 13280
	4096 13312
	3712 13312
4
	4864 13280
	8544 13280
	8544 13312
	4864 13312
4
	10752 13280
	11072 13280
	11072 13312
	10752 13312
4
	12128 13280
	12288 13280
	12288 13312
	12128 13312
4
	15168 13280
	16384 13280
	16384 13312
	15168 13312
4
	0 13312
	2624 13312
	2624 13344
	0 13344
4
	2816 13312
	3040 13312
	3040 13344
	2816 13344
4
	3712 13312
	4096 13312
	4096 13344
	3712 13344
4
	4864 13312
	8544 13312
	8544 13344
	4864 13344
4
	10752 13312
	11072 13312
	11072 13344
	10752 13344
4
	12128 13312
	12288 13312
	12288 13344
	12128 13344
4
	15168 13312
	16384 13312
	16384 13344
	15168 13344
4
	0 13344
	2624 13344
	2624 13376
	0 13376
4
	2720 13344
	3040 13344
	3040 13376
	2720 13376
4
	3712 13344
	4096 13344
	4096 13376
	3712 13376
4
	4768 13344
	8608 13344
	8608 13376
	4768 13376
4
	10752 13344
	11072 13344
	11072 13376
	10752 13376
4
	12128 13344
	12384 13344
	12384 13376
	12128 13376
4
	12864 13344
	13120 13344
	13120 13376
	12864 13376
4
	15168 13344
	16384 13344
	16384 13376
	15168 13376
4
	0 13376
	2624 13376
	2624 13408
	0 13408
4
	2720 13376
	3040 13376
	3040 13408
	2720 13408
4
	3712 13376
	4096 13376
	4096 13408
	3712 13408
4
	4768 13376
	8608 13376
	8608 13408
	4768 13408
4
	10752 13376
	11072 13376
	11072 13408
	10752 13408
4
	12128 13376
	12384 13376
	12384 13408
	12128 13408
4
	12864 13376
	13120 13376
	13120 13408
	12864 13408
4
	15168 13376
	16384 13376
	16384 13408
	15168 13408
4
	0 13408
	2624 13408
	2624 13440
	0 13440
4
	2720 13408
	3040 13408
	3040 13440
	2720 13440
4
	3712 13408
	4096 13408
	4096 13440
	3712 13440
4
	4768 13408
	8608 13408
	8608 13440
	4768 13440
4
	10752 13408
	11072 13408
	11072 13440
	10752 13440
4
	12128 13408
	12384 13408
	12384 13440
	12128 13440
4
	12864 13408
	13120 13408
	13120 13440
	12864 13440
4
	15168 13408
	16384 13408
	16384 13440
	15168 13440
4
	0 13440
	2624 13440
	2624 13472
	0 13472
4
	2720 13440
	3040 13440
	3040 13472
	2720 13472
4
	3712 13440
	4096 13440
	4096 13472
	3712 13472
4
	4768 13440
	8608 13440
	8608 13472
	4768 13472
4
	10752 13440
	11072 13440
	11072 13472
	10752 13472
4
	12128 13440
	12384 13440
	12384 13472
	12128 13472
4
	12864 13440
	13120 13440
	13120 13472
	12864 13472
4
	15168 13440
	16384 13440
	16384 13472
	15168 13472
4
	0 13472
	2624 13472
	2624 13504
	0 13504
4
	2816 13472
	3040 13472
	3040 13504
	2816 13504
4
	3712 13472
	4096 13472
	4096 13504
	3712 13504
4
	4768 13472
	8608 13472
	8608 13504
	4768 13504
4
	10656 13472
	13120 13472
	13120 13504
	10656 13504
4
	15168 13472
	16384 13472
	16384 13504
	15168 13504
4
	0 13504
	2624 13504
	2624 13536
	0 13536
4
	2816 13504
	3040 13504
	3040 13536
	2816 13536
4
	3712 13504
	4096 13504
	4096 13536
	3712 13536
4
	4768 13504
	8608 13504
	8608 13536
	4768 13536
4
	10656 13504
	13120 13504
	13120 13536
	10656 13536
4
	15168 13504
	16384 13504
	16384 13536
	15168 13536
4
	0 13536
	2624 13536
	2624 13568
	0 13568
4
	2816 13536
	3040 13536
	3040 13568
	2816 13568
4
	3712 13536
	4096 13536
	4096 13568
	3712 13568
4
	4768 13536
	8608 13536
	8608 13568
	4768 13568
4
	10656 13536
	13120 13536
	13120 13568
	10656 13568
4
	15168 13536
	16384 13536
	16384 13568
	15168 13568
4
	0 13568
	2624 13568
	2624 13600
	0 13600
4
	2816 13568
	3040 13568
	3040 13600
	2816 13600
4
	3712 13568
	4096 13568
	4096 13600
	3712 13600
4
	4768 13568
	8608 13568
	8608 13600
	4768 13600
4
	10656 13568
	13120 13568
	13120 13600
	10656 13600
4
	15168 13568
	16384 13568
	16384 13600
	15168 13600
4
	0 13600
	2624 13600
	2624 13632
	0 13632
4
	2816 13600
	3040 13600
	3040 13632
	2816 13632
4
	3712 13600
	4096 13600
	4096 13632
	3712 13632
4
	4768 13600
	8608 13600
	8608 13632
	4768 13632
4
	10656 13600
	13120 13600
	13120 13632
	10656 13632
4
	15168 13600
	16384 13600
	16384 13632
	15168 13632
4
	0 13632
	2720 13632
	2720 13664
	0 13664
4
	3776 13632
	4096 13632
	4096 13664
	3776 13664
4
	4864 13632
	8608 13632
	8608 13664
	4864 13664
4
	10656 13632
	13216 13632
	13216 13664
	10656 13664
4
	15168 13632
	16384 13632
	16384 13664
	15168 13664
4
	0 13664
	2720 13664
	2720 13696
	0 13696
4
	3776 13664
	4096 13664
	4096 13696
	3776 13696
4
	4864 13664
	8608 13664
	8608 13696
	4864 13696
4
	10656 13664
	13216 13664
	13216 13696
	10656 13696
4
	15168 13664
	16384 13664
	16384 13696
	15168 13696
4
	0 13696
	2720 13696
	2720 13728
	0 13728
4
	3776 13696
	4096 13696
	4096 13728
	3776 13728
4
	4864 13696
	8608 13696
	8608 13728
	4864 13728
4
	10656 13696
	13216 13696
	13216 13728
	10656 13728
4
	15168 13696
	16384 13696
	16384 13728
	15168 13728
4
	0 13728
	2720 13728
	2720 13760
	0 13760
4
	3776 13728
	4096 13728
	4096 13760
	3776 13760
4
	4864 13728
	8608 13728
	8608 13760
	4864 13760
4
	10656 13728
	13216 13728
	13216 13760
	10656 13760
4
	15168 13728
	16384 13728
	16384 13760
	15168 13760
4
	0 13760
	2720 13760
	2720 13792
	0 13792
4
	5024 13760
	8608 13760
	8608 13792
	5024 13792
4
	10592 13760
	13216 13760
	13216 13792
	10592 13792
4
	15168 13760
	16384 13760
	16384 13792
	15168 13792
4
	0 13792
	2720 13792
	2720 13824
	0 13824
4
	5024 13792
	8608 13792
	8608 13824
	5024 13824
4
	10592 13792
	13216 13792
	13216 13824
	10592 13824
4
	15168 13792
	16384 13792
	16384 13824
	15168 13824
4
	0 13824
	2720 13824
	2720 13856
	0 13856
4
	5024 13824
	8608 13824
	8608 13856
	5024 13856
4
	10592 13824
	13216 13824
	13216 13856
	10592 13856
4
	15168 13824
	16384 13824
	16384 13856
	15168 13856
4
	0 13856
	2720 13856
	2720 13888
	0 13888
4
	5024 13856
	8608 13856
	8608 13888
	5024 13888
4
	10592 13856
	13216 13856
	13216 13888
	10592 13888
4
	15168 13856
	16384 13856
	16384 13888
	15168 13888
4
	0 13888
	2720 13888
	2720 13920
	0 13920
4
	5024 13888
	8704 13888
	8704 13920
	5024 13920
4
	10496 13888
	13280 13888
	13280 13920
	10496 13920
4
	15104 13888
	16384 13888
	16384 13920
	15104 13920
4
	0 13920
	2720 13920
	2720 13952
	0 13952
4
	5024 13920
	8704 13920
	8704 13952
	5024 13952
4
	10496 13920
	13280 13920
	13280 13952
	10496 13952
4
	15104 13920
	16384 13920
	16384 13952
	15104 13952
4
	0 13952
	2720 13952
	2720 13984
	0 13984
4
	5024 13952
	8704 13952
	8704 13984
	5024 13984
4
	10496 13952
	13280 13952
	13280 13984
	10496 13984
4
	15104 13952
	16384 13952
	16384 13984
	15104 13984
4
	0 13984
	2720 13984
	2720 14016
	0 14016
4
	5024 13984
	8704 13984
	8704 14016
	5024 14016
4
	10496 13984
	13280 13984
	13280 14016
	10496 14016
4
	15104 13984
	16384 13984
	16384 14016
	15104 14016
4
	0 14016
	2720 14016
	2720 14048
	0 14048
4
	5024 14016
	8704 14016
	8704 14048
	5024 14048
4
	10496 14016
	13280 14016
	13280 14048
	10496 14048
4
	15104 14016
	16384 14016
	16384 14048
	15104 14048
4
	0 14048
	2816 14048
	2816 14080
	0 14080
4
	4928 14048
	8768 14048
	8768 14080
	4928 14080
4
	10432 14048
	13376 14048
	13376 14080
	10432 14080
4
	15008 14048
	16384 14048
	16384 14080
	15008 14080
4
	0 14080
	2816 14080
	2816 14112
	0 14112
4
	4928 14080
	8768 14080
	8768 14112
	4928 14112
4
	10432 14080
	13376 14080
	13376 14112
	10432 14112
4
	15008 14080
	16384 14080
	16384 14112
	15008 14112
4
	0 14112
	2816 14112
	2816 14144
	0 14144
4
	4928 14112
	8768 14112
	8768 14144
	4928 14144
4
	10432 14112
	13376 14112
	13376 14144
	10432 14144
4
	15008 14112
	16384 14112
	16384 14144
	15008 14144
4
	0 14144
	2816 14144
	2816 14176
	0 14176
4
	4928 14144
	8768 14144
	8768 14176
	4928 14176
4
	10432 14144
	13376 14144
	13376 14176
	10432 14176
4
	15008 14144
	16384 14144
	16384 14176
	15008 14176
4
	0 14176
	2816 14176
	2816 14208
	0 14208
4
	4864 14176
	8864 14176
	8864 14208
	4864 14208
4
	10336 14176
	13440 14176
	13440 14208
	10336 14208
4
	14912 14176
	16384 14176
	16384 14208
	14912 14208
4
	0 14208
	2816 14208
	2816 14240
	0 14240
4
	4864 14208
	8864 14208
	8864 14240
	4864 14240
4
	10336 14208
	13440 14208
	13440 14240
	10336 14240
4
	14912 14208
	16384 14208
	16384 14240
	14912 14240
4
	0 14240
	2816 14240
	2816 14272
	0 14272
4
	4864 14240
	8864 14240
	8864 14272
	4864 14272
4
	10336 14240
	13440 14240
	13440 14272
	10336 14272
4
	14912 14240
	16384 14240
	16384 14272
	14912 14272
4
	0 14272
	2816 14272
	2816 14304
	0 14304
4
	4864 14272
	8864 14272
	8864 14304
	4864 14304
4
	10336 14272
	13440 14272
	13440 14304
	10336 14304
4
	14912 14272
	16384 14272
	16384 14304
	14912 14304
4
	0 14304
	2880 14304
	2880 14336
	0 14336
4
	4672 14304
	9120 14304
	9120 14336
	4672 14336
4
	10240 14304
	13536 14304
	13536 14336
	10240 14336
4
	14848 14304
	16384 14304
	16384 14336
	14848 14336
4
	0 14336
	2880 14336
	2880 14368
	0 14368
4
	4672 14336
	9120 14336
	9120 14368
	4672 14368
4
	10240 14336
	13536 14336
	13536 14368
	10240 14368
4
	14848 14336
	16384 14336
	16384 14368
	14848 14368
4
	0 14368
	2880 14368
	2880 14400
	0 14400
4
	4672 14368
	9120 14368
	9120 14400
	4672 14400
4
	10240 14368
	13536 14368
	13536 14400
	10240 14400
4
	14848 14368
	16384 14368
	16384 14400
	14848 14400
4
	0 14400
	2880 14400
	2880 14432
	0 14432
4
	4672 14400
	9120 14400
	9120 14432
	4672 14432
4
	10240 14400
	13536 14400
	13536 14432
	10240 14432
4
	14848 14400
	16384 14400
	16384 14432
	14848 14432
4
	0 14432
	2880 14432
	2880 14464
	0 14464
4
	4672 14432
	9120 14432
	9120 14464
	4672 14464
4
	10240 14432
	13536 14432
	13536 14464
	10240 14464
4
	14848 14432
	16384 14432
	16384 14464
	14848 14464
4
	0 14464
	2976 14464
	2976 14496
	0 14496
4
	4608 14464
	9280 14464
	9280 14496
	4608 14496
4
	10016 14464
	13600 14464
	13600 14496
	10016 14496
4
	14752 14464
	16384 14464
	16384 14496
	14752 14496
4
	0 14496
	2976 14496
	2976 14528
	0 14528
4
	4608 14496
	9280 14496
	9280 14528
	4608 14528
4
	10016 14496
	13600 14496
	13600 14528
	10016 14528
4
	14752 14496
	16384 14496
	16384 14528
	14752 14528
4
	0 14528
	2976 14528
	2976 14560
	0 14560
4
	4608 14528
	9280 14528
	9280 14560
	4608 14560
4
	10016 14528
	13600 14528
	13600 14560
	10016 14560
4
	14752 14528
	16384 14528
	16384 14560
	14752 14560
4
	0 14560
	2976 14560
	2976 14592
	0 14592
4
	4608 14560
	9280 14560
	9280 14592
	4608 14592
4
	10016 14560
	13600 14560
	13600 14592
	10016 14592
4
	14752 14560
	16384 14560
	16384 14592
	14752 14592
4
	0 14592
	3200 14592
	3200 14624
	0 14624
4
	3712 14592
	4032 14592
	4032 14624
	3712 14624
4
	4352 14592
	9504 14592
	9504 14624
	4352 14624
4
	9856 14592
	13696 14592
	13696 14624
	9856 14624
4
	14592 14592
	16384 14592
	16384 14624
	14592 14624
4
	0 14624
	3200 14624
	3200 14656
	0 14656
4
	3712 14624
	4032 14624
	4032 14656
	3712 14656
4
	4352 14624
	9504 14624
	9504 14656
	4352 14656
4
	9856 14624
	13696 14624
	13696 14656
	9856 14656
4
	14592 14624
	16384 14624
	16384 14656
	14592 14656
4
	0 14656
	3200 14656
	3200 14688
	0 14688
4
	3712 14656
	4032 14656
	4032 14688
	3712 14688
4
	4352 14656
	9504 14656
	9504 14688
	4352 14688
4
	9856 14656
	13696 14656
	13696 14688
	9856 14688
4
	14592 14656
	16384 14656
	16384 14688
	14592 14688
4
	0 14688
	3200 14688
	3200 14720
	0 14720
4
	3712 14688
	4032 14688
	4032 14720
	3712 14720
4
	4352 14688
	9504 14688
	9504 14720
	4352 14720
4
	9856 14688
	13696 14688
	13696 14720
	9856 14720
4
	14592 14688
	16384 14688
	16384 14720
	14592 14720
4
	0 14720
	13952 14720
	13952 14752
	0 14752
4
	14528 14720
	16384 14720
	16384 14752
	14528 14752
4
	0 14752
	13952 14752
	13952 14784
	0 14784
4
	14528 14752
	16384 14752
	16384 14784
	14528 14784
4
	0 14784
	13952 14784
	13952 14816
	0 14816
4
	14528 14784
	16384 14784
	16384 14816
	14528 14816
4
	0 14816
	13952 14816
	13952 14848
	0 14848
4
	14528 14816
	16384 14816
	16384 14848
	14528 14848
4
	0 14848
	13952 14848
	13952 14880
	0 14880
4
	14528 14848
	16384 14848
	16384 14880
	14528 14880
4
	0 14880
	14016 14880
	14016 14912
	0 14912
4
	14432 14880
	16384 14880
	16384 14912
	14432 14912
4
	0 14912
	14016 14912
	14016 14944
	0 14944
4
	14432 14912
	16384 14912
	16384 14944
	14432 14944
4
	0 14944
	14016 14944
	14016 14976
	0 14976
4
	14432 14944
	16384 14944
	16384 14976
	14432 14976
4
	0 14976
	14016 14976
	14016 15008
	0 15008
4
	14432 14976
	16384 14976
	16384 15008
	14432 15008
4
	0 15008
	14016 15008
	14016 15040
	0 15040
4
	14432 15008
	16384 15008
	16384 15040
	14432 15040
4
	0 15040
	14016 15040
	14016 15072
	0 15072
4
	14432 15040
	16384 15040
	16384 15072
	14432 15072
4
	0 15072
	14016 15072
	14016 15104
	0 15104
4
	14432 15072
	16384 15072
	16384 15104
	14432 15104
4
	0 15104
	14016 15104
	14016 15136
	0 15136
4
	14432 15104
	16384 15104
	16384 15136
	14432 15136
4
	0 15136
	16384 15136
	16384 15168
	0 15168
4
	0 15168
	16384 15168
	16384 15200
	0 15200
4
	0 15200
	16384 15200
	16384 15232
	0 15232
4
	0 15232
	16384 15232
	16384 15264
	0 15264
4
	0 15264
	16384 15264
	16384 15296
	0 15296
4
	0 15296
	16384 15296
	16384 15328
	0 15328
4
	0 15328
	16384 15328
	16384 15360
	0 15360
4
	0 15360
	16384 15360
	16384 15392
	0 15392
4
	0 15392
	16384 15392
	16384 15424
	0 15424
4
	0 15424
	16384 15424
	16384 15456
	0 15456
4
	0 15456
	16384 15456
	16384 15488
	0 15488
4
	0 15488
	16384 15488
	16384 15520
	0 15520
4
	0 15520
	16384 15520
	16384 15552
	0 15552
4
	0 15552
	16384 15552
	16384 15584
	0 15584
4
	0 15584
	16384 15584
	16384 15616
	0 15616
4
	0 15616
	16384 15616
	16384 15648
	0 15648
4
	0 15648
	16384 15648
	16384 15680
	0 15680
4
	0 15680
	16384 15680
	16384 15712
	0 15712
4
	0 15712
	16384 15712
	16384 15744
	0 15744
4
	0 15744
	16384 15744
	16384 15776
	0 15776
4
	0 15776
	16384 15776
	16384 15808
	0 15808
4
	0 15808
	16384 15808
	16384 15840
	0 15840
4
	0 15840
	16384 15840
	16384 15872
	0 15872
4
	0 15872
	16384 15872
	16384 15904
	0 15904
4
	0 15904
	16384 15904
	16384 15936
	0 15936
4
	0 15936
	16384 15936
	16384 15968
	0 15968
4
	0 15968
	16384 15968
	16384 16000
	0 16000
4
	0 16000
	16384 16000
	16384 16032
	0 16032
4
	0 16032
	16384 16032
	16384 16064
	0 16064
4
	0 16064
	16384 16064
	16384 16096
	0 16096
4
	0 16096
	16384 16096
	16384 16128
	0 16128
4
	0 16128
	16384 16128
	16384 16160
	0 16160
4
	0 16160
	16384 16160
	16384 16192
	0 16192
4
	0 16192
	16384 16192
	16384 16224
	0 16224
4
	0 16224
	16384 16224
	16384 16256
	0 16256
4
	0 16256
	16384 16256
	16384 16288
	0 16288
4
	0 16288
	16384 16288
	16384 16320
	0 16320
4
	0 16320
	16384 16320
	16384 16352
	0 16352
4
	0 16352
	16384 16352
	16384 16384
	0 16384
4
	-32 -32
	16416 -32
	16416 0
	-32 0
4
	-32 16384
	16416 16384
	16416 16416
	-32 16416
4
	-32 0
	0 0
	0 16384
	-32 16384
4
	16384 0
	16416 0
	16416 16384
	16384 16384
