677
4
	0 0
	5856 0
	5856 32
	0 32
4
	0 32
	5856 32
	5856 64
	0 64
4
	0 64
	5856 64
	5856 96
	0 96
4
	0 96
	5856 96
	5856 128
	0 128
4
	0 128
	5856 128
	5856 160
	0 160
4
	0 160
	5856 160
	5856 192
	0 192
4
	0 192
	5856 192
	5856 224
	0 224
4
	0 224
	5856 224
	5856 256
	0 256
4
	0 256
	5856 256
	5856 288
	0 288
4
	0 288
	5856 288
	5856 320
	0 320
4
	0 320
	5856 320
	5856 352
	0 352
4
	0 352
	5856 352
	5856 384
	0 384
4
	0 384
	5856 384
	5856 416
	0 416
4
	0 416
	5856 416
	5856 448
	0 448
4
	0 448
	5856 448
	5856 480
	0 480
4
	0 480
	5856 480
	5856 512
	0 512
4
	0 512
	5856 512
	5856 544
	0 544
4
	0 544
	5856 544
	5856 576
	0 576
4
	0 576
	5856 576
	5856 608
	0 608
4
	0 608
	5856 608
	5856 640
	0 640
4
	0 640
	5856 640
	5856 672
	0 672
4
	0 672
	5856 672
	5856 704
	0 704
4
	0 704
	5856 704
	5856 736
	0 736
4
	0 736
	5856 736
	5856 768
	0 768
4
	0 768
	5856 768
	5856 800
	0 800
4
	0 800
	5856 800
	5856 832
	0 832
4
	0 832
	5856 832
	5856 864
	0 864
4
	0 864
	5856 864
	5856 896
	0 896
4
	0 896
	5856 896
	5856 928
	0 928
4
	0 928
	5856 928
	5856 960
	0 960
4
	0 960
	5856 960
	5856 992
	0 992
4
	0 992
	5856 992
	5856 1024
	0 1024
4
	0 1024
	5856 1024
	5856 1056
	0 1056
4
	0 1056
	5856 1056
	5856 1088
	0 1088
4
	0 1088
	2400 1088
	2400 1120
	0 1120
4
	2752 1088
	5856 1088
	5856 1120
	2752 1120
4
	0 1120
	2400 1120
	2400 1152
	0 1152
4
	2752 1120
	5856 1120
	5856 1152
	2752 1152
4
	0 1152
	2400 1152
	2400 1184
	0 1184
4
	2784 1152
	5856 1152
	5856 1184
	2784 1184
4
	0 1184
	2400 1184
	2400 1216
	0 1216
4
	2784 1184
	5856 1184
	5856 1216
	2784 1216
4
	0 1216
	2464 1216
	2464 1248
	0 1248
4
	2752 1216
	5856 1216
	5856 1248
	2752 1248
4
	0 1248
	2464 1248
	2464 1280
	0 1280
4
	2720 1248
	5856 1248
	5856 1280
	2720 1280
4
	0 1280
	2464 1280
	2464 1312
	0 1312
4
	2720 1280
	5856 1280
	5856 1312
	2720 1312
4
	0 1312
	2464 1312
	2464 1344
	0 1344
4
	2720 1312
	5856 1312
	5856 1344
	2720 1344
4
	0 1344
	2400 1344
	2400 1376
	0 1376
4
	2816 1344
	5856 1344
	5856 1376
	2816 1376
4
	0 1376
	2368 1376
	2368 1408
	0 1408
4
	2816 1376
	5856 1376
	5856 1408
	2816 1408
4
	0 1408
	2336 1408
	2336 1440
	0 1440
4
	2816 1408
	5856 1408
	5856 1440
	2816 1440
4
	0 1440
	2336 1440
	2336 1472
	0 1472
4
	2816 1440
	3616 1440
	3616 1472
	2816 1472
4
	3776 1440
	5856 1440
	5856 1472
	3776 1472
4
	0 1472
	2304 1472
	2304 1504
	0 1504
4
	2816 1472
	3488 1472
	3488 1504
	2816 1504
4
	3808 1472
	5856 1472
	5856 1504
	3808 1504
4
	0 1504
	2272 1504
	2272 1536
	0 1536
4
	2816 1504
	3488 1504
	3488 1536
	2816 1536
4
	3808 1504
	5856 1504
	5856 1536
	3808 1536
4
	0 1536
	1984 1536
	1984 1568
	0 1568
4
	2016 1536
	2272 1536
	2272 1568
	2016 1568
4
	2816 1536
	3456 1536
	3456 1568
	2816 1568
4
	3808 1536
	5184 1536
	5184 1568
	3808 1568
4
	5408 1536
	5856 1536
	5856 1568
	5408 1568
4
	0 1568
	1920 1568
	1920 1600
	0 1600
4
	2016 1568
	2144 1568
	2144 1600
	2016 1600
4
	2816 1568
	3488 1568
	3488 1600
	2816 1600
4
	3808 1568
	5120 1568
	5120 1600
	3808 1600
4
	5472 1568
	5856 1568
	5856 1600
	5472 1600
4
	0 1600
	1888 1600
	1888 1632
	0 1632
4
	2048 1600
	2144 1600
	2144 1632
	2048 1632
4
	2816 1600
	3488 1600
	3488 1632
	2816 1632
4
	3712 1600
	5056 1600
	5056 1632
	3712 1632
4
	5472 1600
	5856 1600
	5856 1632
	5472 1632
4
	0 1632
	1888 1632
	1888 1664
	0 1664
4
	2816 1632
	3488 1632
	3488 1664
	2816 1664
4
	3680 1632
	4992 1632
	4992 1664
	3680 1664
4
	5472 1632
	5856 1632
	5856 1664
	5472 1664
4
	0 1664
	1888 1664
	1888 1696
	0 1696
4
	2816 1664
	3488 1664
	3488 1696
	2816 1696
4
	3680 1664
	4960 1664
	4960 1696
	3680 1696
4
	5344 1664
	5408 1664
	5408 1696
	5344 1696
4
	5472 1664
	5856 1664
	5856 1696
	5472 1696
4
	0 1696
	1888 1696
	1888 1728
	0 1728
4
	2816 1696
	3488 1696
	3488 1728
	2816 1728
4
	3680 1696
	4960 1696
	4960 1728
	3680 1728
4
	5312 1696
	5856 1696
	5856 1728
	5312 1728
4
	0 1728
	1888 1728
	1888 1760
	0 1760
4
	2816 1728
	3488 1728
	3488 1760
	2816 1760
4
	3712 1728
	3808 1728
	3808 1760
	3712 1760
4
	3840 1728
	4960 1728
	4960 1760
	3840 1760
4
	5280 1728
	5856 1728
	5856 1760
	5280 1760
4
	0 1760
	1888 1760
	1888 1792
	0 1792
4
	2816 1760
	3488 1760
	3488 1792
	2816 1792
4
	3904 1760
	4960 1760
	4960 1792
	3904 1792
4
	5280 1760
	5856 1760
	5856 1792
	5280 1792
4
	0 1792
	1888 1792
	1888 1824
	0 1824
4
	2816 1792
	3488 1792
	3488 1824
	2816 1824
4
	3936 1792
	4928 1792
	4928 1824
	3936 1824
4
	5248 1792
	5856 1792
	5856 1824
	5248 1824
4
	0 1824
	1888 1824
	1888 1856
	0 1856
4
	2816 1824
	3520 1824
	3520 1856
	2816 1856
4
	3968 1824
	4928 1824
	4928 1856
	3968 1856
4
	5216 1824
	5856 1824
	5856 1856
	5216 1856
4
	0 1856
	1888 1856
	1888 1888
	0 1888
4
	2816 1856
	3488 1856
	3488 1888
	2816 1888
4
	4000 1856
	4928 1856
	4928 1888
	4000 1888
4
	5216 1856
	5856 1856
	5856 1888
	5216 1888
4
	0 1888
	1888 1888
	1888 1920
	0 1920
4
	2656 1888
	2752 1888
	2752 1920
	2656 1920
4
	2816 1888
	3488 1888
	3488 1920
	2816 1920
4
	4000 1888
	4928 1888
	4928 1920
	4000 1920
4
	5216 1888
	5856 1888
	5856 1920
	5216 1920
4
	0 1920
	1888 1920
	1888 1952
	0 1952
4
	2624 1920
	2784 1920
	2784 1952
	2624 1952
4
	2816 1920
	3488 1920
	3488 1952
	2816 1952
4
	4000 1920
	4928 1920
	4928 1952
	4000 1952
4
	5216 1920
	5856 1920
	5856 1952
	5216 1952
4
	0 1952
	1888 1952
	1888 1984
	0 1984
4
	2624 1952
	2784 1952
	2784 1984
	2624 1984
4
	2816 1952
	3488 1952
	3488 1984
	2816 1984
4
	4064 1952
	4928 1952
	4928 1984
	4064 1984
4
	5216 1952
	5856 1952
	5856 1984
	5216 1984
4
	0 1984
	1088 1984
	1088 2016
	0 2016
4
	1504 1984
	1888 1984
	1888 2016
	1504 2016
4
	2624 1984
	2784 1984
	2784 2016
	2624 2016
4
	2816 1984
	3488 1984
	3488 2016
	2816 2016
4
	4096 1984
	4928 1984
	4928 2016
	4096 2016
4
	5216 1984
	5856 1984
	5856 2016
	5216 2016
4
	0 2016
	1024 2016
	1024 2048
	0 2048
4
	1504 2016
	1632 2016
	1632 2048
	1504 2048
4
	1696 2016
	1824 2016
	1824 2048
	1696 2048
4
	2624 2016
	3488 2016
	3488 2048
	2624 2048
4
	4128 2016
	4960 2016
	4960 2048
	4128 2048
4
	5248 2016
	5856 2016
	5856 2048
	5248 2048
4
	0 2048
	960 2048
	960 2080
	0 2080
4
	1568 2048
	1632 2048
	1632 2080
	1568 2080
4
	2656 2048
	3520 2048
	3520 2080
	2656 2080
4
	4160 2048
	4960 2048
	4960 2080
	4160 2080
4
	5248 2048
	5856 2048
	5856 2080
	5248 2080
4
	0 2080
	896 2080
	896 2112
	0 2112
4
	2816 2080
	3520 2080
	3520 2112
	2816 2112
4
	4224 2080
	4960 2080
	4960 2112
	4224 2112
4
	5248 2080
	5856 2080
	5856 2112
	5248 2112
4
	0 2112
	864 2112
	864 2144
	0 2144
4
	2816 2112
	3488 2112
	3488 2144
	2816 2144
4
	4224 2112
	4960 2112
	4960 2144
	4224 2144
4
	5248 2112
	5856 2112
	5856 2144
	5248 2144
4
	0 2144
	864 2144
	864 2176
	0 2176
4
	2816 2144
	3488 2144
	3488 2176
	2816 2176
4
	4224 2144
	4960 2144
	4960 2176
	4224 2176
4
	5216 2144
	5856 2144
	5856 2176
	5216 2176
4
	0 2176
	864 2176
	864 2208
	0 2208
4
	2816 2176
	3488 2176
	3488 2208
	2816 2208
4
	4192 2176
	4960 2176
	4960 2208
	4192 2208
4
	5184 2176
	5856 2176
	5856 2208
	5184 2208
4
	0 2208
	864 2208
	864 2240
	0 2240
4
	2816 2208
	3488 2208
	3488 2240
	2816 2240
4
	4256 2208
	4928 2208
	4928 2240
	4256 2240
4
	5152 2208
	5856 2208
	5856 2240
	5152 2240
4
	0 2240
	832 2240
	832 2272
	0 2272
4
	2816 2240
	3584 2240
	3584 2272
	2816 2272
4
	4256 2240
	4896 2240
	4896 2272
	4256 2272
4
	5120 2240
	5856 2240
	5856 2272
	5120 2272
4
	0 2272
	832 2272
	832 2304
	0 2304
4
	2816 2272
	3584 2272
	3584 2304
	2816 2304
4
	4320 2272
	4896 2272
	4896 2304
	4320 2304
4
	5088 2272
	5856 2272
	5856 2304
	5088 2304
4
	0 2304
	832 2304
	832 2336
	0 2336
4
	2816 2304
	3584 2304
	3584 2336
	2816 2336
4
	4352 2304
	4416 2304
	4416 2336
	4352 2336
4
	4448 2304
	4864 2304
	4864 2336
	4448 2336
4
	5024 2304
	5856 2304
	5856 2336
	5024 2336
4
	0 2336
	832 2336
	832 2368
	0 2368
4
	1472 2336
	1696 2336
	1696 2368
	1472 2368
4
	2816 2336
	3584 2336
	3584 2368
	2816 2368
4
	4480 2336
	4576 2336
	4576 2368
	4480 2368
4
	4768 2336
	4832 2336
	4832 2368
	4768 2368
4
	4992 2336
	5856 2336
	5856 2368
	4992 2368
4
	0 2368
	832 2368
	832 2400
	0 2400
4
	1376 2368
	1440 2368
	1440 2400
	1376 2400
4
	1472 2368
	1760 2368
	1760 2400
	1472 2400
4
	2816 2368
	3552 2368
	3552 2400
	2816 2400
4
	4960 2368
	5856 2368
	5856 2400
	4960 2400
4
	0 2400
	832 2400
	832 2432
	0 2432
4
	1344 2400
	1824 2400
	1824 2432
	1344 2432
4
	2720 2400
	3488 2400
	3488 2432
	2720 2432
4
	3616 2400
	3744 2400
	3744 2432
	3616 2432
4
	4928 2400
	5856 2400
	5856 2432
	4928 2432
4
	0 2432
	832 2432
	832 2464
	0 2464
4
	1312 2432
	1856 2432
	1856 2464
	1312 2464
4
	2720 2432
	3520 2432
	3520 2464
	2720 2464
4
	3616 2432
	3744 2432
	3744 2464
	3616 2464
4
	4448 2432
	4512 2432
	4512 2464
	4448 2464
4
	4832 2432
	5856 2432
	5856 2464
	4832 2464
4
	0 2464
	928 2464
	928 2496
	0 2496
4
	1312 2464
	1920 2464
	1920 2496
	1312 2496
4
	2720 2464
	3808 2464
	3808 2496
	2720 2496
4
	4416 2464
	4672 2464
	4672 2496
	4416 2496
4
	4800 2464
	5856 2464
	5856 2496
	4800 2496
4
	0 2496
	928 2496
	928 2528
	0 2528
4
	1216 2496
	1920 2496
	1920 2528
	1216 2528
4
	2720 2496
	4000 2496
	4000 2528
	2720 2528
4
	4384 2496
	5856 2496
	5856 2528
	4384 2528
4
	0 2528
	928 2528
	928 2560
	0 2560
4
	1216 2528
	1952 2528
	1952 2560
	1216 2560
4
	2816 2528
	4000 2528
	4000 2560
	2816 2560
4
	4256 2528
	4320 2528
	4320 2560
	4256 2560
4
	4384 2528
	5856 2528
	5856 2560
	4384 2560
4
	0 2560
	928 2560
	928 2592
	0 2592
4
	1184 2560
	1952 2560
	1952 2592
	1184 2592
4
	2112 2560
	2144 2560
	2144 2592
	2112 2592
4
	2816 2560
	4000 2560
	4000 2592
	2816 2592
4
	4224 2560
	5856 2560
	5856 2592
	4224 2592
4
	0 2592
	864 2592
	864 2624
	0 2624
4
	1184 2592
	1952 2592
	1952 2624
	1184 2624
4
	2080 2592
	2176 2592
	2176 2624
	2080 2624
4
	2240 2592
	2272 2592
	2272 2624
	2240 2624
4
	2335 2623
	2337 2623
	2337 2625
	2335 2625
4
	2336 2592
	2368 2592
	2368 2624
	2336 2624
4
	2752 2592
	4000 2592
	4000 2624
	2752 2624
4
	4224 2592
	5856 2592
	5856 2624
	4224 2624
4
	0 2624
	864 2624
	864 2656
	0 2656
4
	1248 2624
	1952 2624
	1952 2656
	1248 2656
4
	2016 2624
	2208 2624
	2208 2656
	2016 2656
4
	2240 2624
	2336 2624
	2336 2656
	2240 2656
4
	2752 2624
	3968 2624
	3968 2656
	2752 2656
4
	4224 2624
	5856 2624
	5856 2656
	4224 2656
4
	0 2656
	832 2656
	832 2688
	0 2688
4
	1248 2656
	2336 2656
	2336 2688
	1248 2688
4
	2720 2656
	3936 2656
	3936 2688
	2720 2688
4
	4256 2656
	5856 2656
	5856 2688
	4256 2688
4
	0 2688
	800 2688
	800 2720
	0 2720
4
	1248 2688
	2368 2688
	2368 2720
	1248 2720
4
	2720 2688
	3936 2688
	3936 2720
	2720 2720
4
	4320 2688
	5856 2688
	5856 2720
	4320 2720
4
	0 2720
	800 2720
	800 2752
	0 2752
4
	1248 2720
	2400 2720
	2400 2752
	1248 2752
4
	2720 2720
	3936 2720
	3936 2752
	2720 2752
4
	4320 2720
	5856 2720
	5856 2752
	4320 2752
4
	0 2752
	768 2752
	768 2784
	0 2784
4
	1248 2752
	2464 2752
	2464 2784
	1248 2784
4
	2720 2752
	3936 2752
	3936 2784
	2720 2784
4
	4320 2752
	5856 2752
	5856 2784
	4320 2784
4
	0 2784
	576 2784
	576 2816
	0 2816
4
	672 2784
	736 2784
	736 2816
	672 2816
4
	1248 2784
	2464 2784
	2464 2816
	1248 2816
4
	2720 2784
	3936 2784
	3936 2816
	2720 2816
4
	4352 2784
	5856 2784
	5856 2816
	4352 2816
4
	0 2816
	576 2816
	576 2848
	0 2848
4
	1216 2816
	2496 2816
	2496 2848
	1216 2848
4
	2720 2816
	3904 2816
	3904 2848
	2720 2848
4
	4352 2816
	5856 2816
	5856 2848
	4352 2848
4
	0 2848
	576 2848
	576 2880
	0 2880
4
	1152 2848
	2496 2848
	2496 2880
	1152 2880
4
	2720 2848
	3904 2848
	3904 2880
	2720 2880
4
	4352 2848
	5856 2848
	5856 2880
	4352 2880
4
	0 2880
	576 2880
	576 2912
	0 2912
4
	1088 2880
	2496 2880
	2496 2912
	1088 2912
4
	2720 2880
	3904 2880
	3904 2912
	2720 2912
4
	4288 2880
	5856 2880
	5856 2912
	4288 2912
4
	0 2912
	672 2912
	672 2944
	0 2944
4
	1024 2912
	2528 2912
	2528 2944
	1024 2944
4
	2624 2912
	3968 2912
	3968 2944
	2624 2944
4
	4192 2912
	5856 2912
	5856 2944
	4192 2944
4
	0 2944
	2528 2944
	2528 2976
	0 2976
4
	2624 2944
	2656 2944
	2656 2976
	2624 2976
4
	2688 2944
	3968 2944
	3968 2976
	2688 2976
4
	4192 2944
	5856 2944
	5856 2976
	4192 2976
4
	0 2976
	2528 2976
	2528 3008
	0 3008
4
	2688 2976
	3968 2976
	3968 3008
	2688 3008
4
	4128 2976
	5856 2976
	5856 3008
	4128 3008
4
	0 3008
	2528 3008
	2528 3040
	0 3040
4
	2688 3008
	3968 3008
	3968 3040
	2688 3040
4
	4096 3008
	5856 3008
	5856 3040
	4096 3040
4
	0 3040
	2528 3040
	2528 3072
	0 3072
4
	2592 3040
	3968 3040
	3968 3072
	2592 3072
4
	4096 3040
	5856 3040
	5856 3072
	4096 3072
4
	0 3072
	3936 3072
	3936 3104
	0 3104
4
	4064 3072
	5856 3072
	5856 3104
	4064 3104
4
	0 3104
	3936 3104
	3936 3136
	0 3136
4
	4064 3104
	5856 3104
	5856 3136
	4064 3136
4
	0 3136
	3936 3136
	3936 3168
	0 3168
4
	4064 3136
	5856 3136
	5856 3168
	4064 3168
4
	0 3168
	3936 3168
	3936 3200
	0 3200
4
	4064 3168
	5856 3168
	5856 3200
	4064 3200
4
	0 3200
	3936 3200
	3936 3232
	0 3232
4
	4064 3200
	5856 3200
	5856 3232
	4064 3232
4
	0 3232
	3904 3232
	3904 3264
	0 3264
4
	4064 3232
	5856 3232
	5856 3264
	4064 3264
4
	0 3264
	3872 3264
	3872 3296
	0 3296
4
	4064 3264
	5856 3264
	5856 3296
	4064 3296
4
	0 3296
	3872 3296
	3872 3328
	0 3328
4
	4096 3296
	5856 3296
	5856 3328
	4096 3328
4
	0 3328
	3840 3328
	3840 3360
	0 3360
4
	4096 3328
	5856 3328
	5856 3360
	4096 3360
4
	0 3360
	3488 3360
	3488 3392
	0 3392
4
	3744 3360
	3808 3360
	3808 3392
	3744 3392
4
	4096 3360
	5856 3360
	5856 3392
	4096 3392
4
	0 3392
	3488 3392
	3488 3424
	0 3424
4
	4096 3392
	5856 3392
	5856 3424
	4096 3424
4
	0 3424
	3488 3424
	3488 3456
	0 3456
4
	4096 3424
	5856 3424
	5856 3456
	4096 3456
4
	0 3456
	3488 3456
	3488 3488
	0 3488
4
	3680 3456
	3744 3456
	3744 3488
	3680 3488
4
	4096 3456
	5856 3456
	5856 3488
	4096 3488
4
	0 3488
	3488 3488
	3488 3520
	0 3520
4
	3648 3488
	3904 3488
	3904 3520
	3648 3520
4
	4096 3488
	5856 3488
	5856 3520
	4096 3520
4
	0 3520
	3488 3520
	3488 3552
	0 3552
4
	3616 3520
	5856 3520
	5856 3552
	3616 3552
4
	0 3552
	3488 3552
	3488 3584
	0 3584
4
	3616 3552
	5856 3552
	5856 3584
	3616 3584
4
	0 3584
	3488 3584
	3488 3616
	0 3616
4
	3584 3584
	5856 3584
	5856 3616
	3584 3616
4
	0 3616
	3488 3616
	3488 3648
	0 3648
4
	3552 3616
	5856 3616
	5856 3648
	3552 3648
4
	0 3648
	3488 3648
	3488 3680
	0 3680
4
	3552 3648
	5856 3648
	5856 3680
	3552 3680
4
	0 3680
	3488 3680
	3488 3712
	0 3712
4
	3552 3680
	5856 3680
	5856 3712
	3552 3712
4
	0 3712
	3488 3712
	3488 3744
	0 3744
4
	3552 3712
	5856 3712
	5856 3744
	3552 3744
4
	0 3744
	3424 3744
	3424 3776
	0 3776
4
	3552 3744
	5856 3744
	5856 3776
	3552 3776
4
	0 3776
	3424 3776
	3424 3808
	0 3808
4
	3552 3776
	5856 3776
	5856 3808
	3552 3808
4
	0 3808
	3424 3808
	3424 3840
	0 3840
4
	3552 3808
	5856 3808
	5856 3840
	3552 3840
4
	0 3840
	3424 3840
	3424 3872
	0 3872
4
	3584 3840
	5856 3840
	5856 3872
	3584 3872
4
	0 3872
	3392 3872
	3392 3904
	0 3904
4
	3584 3872
	5856 3872
	5856 3904
	3584 3904
4
	0 3904
	3392 3904
	3392 3936
	0 3936
4
	3584 3904
	5856 3904
	5856 3936
	3584 3936
4
	0 3936
	3424 3936
	3424 3968
	0 3968
4
	3552 3936
	5856 3936
	5856 3968
	3552 3968
4
	0 3968
	3424 3968
	3424 4000
	0 4000
4
	3552 3968
	5856 3968
	5856 4000
	3552 4000
4
	0 4000
	3424 4000
	3424 4032
	0 4032
4
	3552 4000
	5856 4000
	5856 4032
	3552 4032
4
	0 4032
	3424 4032
	3424 4064
	0 4064
4
	3552 4032
	5856 4032
	5856 4064
	3552 4064
4
	0 4064
	3424 4064
	3424 4096
	0 4096
4
	3584 4064
	5856 4064
	5856 4096
	3584 4096
4
	0 4096
	3424 4096
	3424 4128
	0 4128
4
	3584 4096
	5856 4096
	5856 4128
	3584 4128
4
	0 4128
	3424 4128
	3424 4160
	0 4160
4
	3584 4128
	5856 4128
	5856 4160
	3584 4160
4
	0 4160
	3424 4160
	3424 4192
	0 4192
4
	3584 4160
	5856 4160
	5856 4192
	3584 4192
4
	0 4192
	3424 4192
	3424 4224
	0 4224
4
	3584 4192
	5856 4192
	5856 4224
	3584 4224
4
	0 4224
	3424 4224
	3424 4256
	0 4256
4
	3552 4224
	5856 4224
	5856 4256
	3552 4256
4
	0 4256
	3392 4256
	3392 4288
	0 4288
4
	3552 4256
	5856 4256
	5856 4288
	3552 4288
4
	0 4288
	3392 4288
	3392 4320
	0 4320
4
	3552 4288
	5856 4288
	5856 4320
	3552 4320
4
	0 4320
	3360 4320
	3360 4352
	0 4352
4
	3552 4320
	5856 4320
	5856 4352
	3552 4352
4
	0 4352
	3328 4352
	3328 4384
	0 4384
4
	3552 4352
	5856 4352
	5856 4384
	3552 4384
4
	0 4384
	3008 4384
	3008 4416
	0 4416
4
	3072 4384
	3296 4384
	3296 4416
	3072 4416
4
	3552 4384
	5856 4384
	5856 4416
	3552 4416
4
	0 4416
	3008 4416
	3008 4448
	0 4448
4
	3200 4416
	3296 4416
	3296 4448
	3200 4448
4
	3552 4416
	5856 4416
	5856 4448
	3552 4448
4
	0 4448
	3008 4448
	3008 4480
	0 4480
4
	3232 4448
	3328 4448
	3328 4480
	3232 4480
4
	3520 4448
	5856 4448
	5856 4480
	3520 4480
4
	0 4480
	3008 4480
	3008 4512
	0 4512
4
	3232 4480
	3328 4480
	3328 4512
	3232 4512
4
	3520 4480
	5856 4480
	5856 4512
	3520 4512
4
	0 4512
	3008 4512
	3008 4544
	0 4544
4
	3264 4512
	3328 4512
	3328 4544
	3264 4544
4
	3552 4512
	5856 4512
	5856 4544
	3552 4544
4
	0 4544
	3008 4544
	3008 4576
	0 4576
4
	3584 4544
	5856 4544
	5856 4576
	3584 4576
4
	0 4576
	3040 4576
	3040 4608
	0 4608
4
	3648 4576
	5856 4576
	5856 4608
	3648 4608
4
	0 4608
	3040 4608
	3040 4640
	0 4640
4
	3680 4608
	5856 4608
	5856 4640
	3680 4640
4
	0 4640
	3040 4640
	3040 4672
	0 4672
4
	3680 4640
	5856 4640
	5856 4672
	3680 4672
4
	0 4672
	3040 4672
	3040 4704
	0 4704
4
	3680 4672
	5856 4672
	5856 4704
	3680 4704
4
	0 4704
	3040 4704
	3040 4736
	0 4736
4
	3648 4704
	5856 4704
	5856 4736
	3648 4736
4
	0 4736
	3040 4736
	3040 4768
	0 4768
4
	3648 4736
	5856 4736
	5856 4768
	3648 4768
4
	0 4768
	3040 4768
	3040 4800
	0 4800
4
	3680 4768
	5856 4768
	5856 4800
	3680 4800
4
	0 4800
	3008 4800
	3008 4832
	0 4832
4
	3712 4800
	5856 4800
	5856 4832
	3712 4832
4
	0 4832
	3008 4832
	3008 4864
	0 4864
4
	3776 4832
	5856 4832
	5856 4864
	3776 4864
4
	0 4864
	2560 4864
	2560 4896
	0 4896
4
	2656 4864
	2976 4864
	2976 4896
	2656 4896
4
	3808 4864
	5856 4864
	5856 4896
	3808 4896
4
	0 4896
	2560 4896
	2560 4928
	0 4928
4
	2656 4896
	2944 4896
	2944 4928
	2656 4928
4
	3840 4896
	4256 4896
	4256 4928
	3840 4928
4
	4352 4896
	5856 4896
	5856 4928
	4352 4928
4
	0 4928
	2560 4928
	2560 4960
	0 4960
4
	2688 4928
	2944 4928
	2944 4960
	2688 4960
4
	3872 4928
	4224 4928
	4224 4960
	3872 4960
4
	4384 4928
	5856 4928
	5856 4960
	4384 4960
4
	0 4960
	2528 4960
	2528 4992
	0 4992
4
	2816 4960
	2880 4960
	2880 4992
	2816 4992
4
	3904 4960
	4192 4960
	4192 4992
	3904 4992
4
	4384 4960
	5856 4960
	5856 4992
	4384 4992
4
	0 4992
	2336 4992
	2336 5024
	0 5024
4
	2816 4992
	2880 4992
	2880 5024
	2816 5024
4
	3904 4992
	4064 4992
	4064 5024
	3904 5024
4
	4416 4992
	5856 4992
	5856 5024
	4416 5024
4
	0 5024
	2336 5024
	2336 5056
	0 5056
4
	4416 5024
	5856 5024
	5856 5056
	4416 5056
4
	0 5056
	2304 5056
	2304 5088
	0 5088
4
	4448 5056
	5856 5056
	5856 5088
	4448 5088
4
	0 5088
	2304 5088
	2304 5120
	0 5120
4
	4448 5088
	5856 5088
	5856 5120
	4448 5120
4
	0 5120
	2304 5120
	2304 5152
	0 5152
4
	4480 5120
	5856 5120
	5856 5152
	4480 5152
4
	0 5152
	2304 5152
	2304 5184
	0 5184
4
	4480 5152
	5856 5152
	5856 5184
	4480 5184
4
	0 5184
	2304 5184
	2304 5216
	0 5216
4
	4480 5184
	5856 5184
	5856 5216
	4480 5216
4
	0 5216
	2304 5216
	2304 5248
	0 5248
4
	4480 5216
	5856 5216
	5856 5248
	4480 5248
4
	0 5248
	2240 5248
	2240 5280
	0 5280
4
	3680 5248
	3712 5248
	3712 5280
	3680 5280
4
	4480 5248
	5856 5248
	5856 5280
	4480 5280
4
	0 5280
	2240 5280
	2240 5312
	0 5312
4
	3648 5280
	3744 5280
	3744 5312
	3648 5312
4
	4480 5280
	5856 5280
	5856 5312
	4480 5312
4
	0 5312
	2240 5312
	2240 5344
	0 5344
4
	3296 5312
	3520 5312
	3520 5344
	3296 5344
4
	3648 5312
	3744 5312
	3744 5344
	3648 5344
4
	4480 5312
	5856 5312
	5856 5344
	4480 5344
4
	0 5344
	2240 5344
	2240 5376
	0 5376
4
	2784 5344
	2976 5344
	2976 5376
	2784 5376
4
	3296 5344
	3520 5344
	3520 5376
	3296 5376
4
	3616 5344
	3744 5344
	3744 5376
	3616 5376
4
	3808 5344
	3936 5344
	3936 5376
	3808 5376
4
	4480 5344
	5856 5344
	5856 5376
	4480 5376
4
	0 5376
	2240 5376
	2240 5408
	0 5408
4
	2784 5376
	2976 5376
	2976 5408
	2784 5408
4
	3136 5376
	3936 5376
	3936 5408
	3136 5408
4
	4480 5376
	5856 5376
	5856 5408
	4480 5408
4
	0 5408
	2240 5408
	2240 5440
	0 5440
4
	2688 5408
	4192 5408
	4192 5440
	2688 5440
4
	4480 5408
	5856 5408
	5856 5440
	4480 5440
4
	0 5440
	2272 5440
	2272 5472
	0 5472
4
	2528 5440
	4192 5440
	4192 5472
	2528 5472
4
	4448 5440
	5856 5440
	5856 5472
	4448 5472
4
	0 5472
	2272 5472
	2272 5504
	0 5504
4
	2528 5472
	4192 5472
	4192 5504
	2528 5504
4
	4448 5472
	5856 5472
	5856 5504
	4448 5504
4
	0 5504
	2272 5504
	2272 5536
	0 5536
4
	2528 5504
	4192 5504
	4192 5536
	2528 5536
4
	4448 5504
	5856 5504
	5856 5536
	4448 5536
4
	0 5536
	2272 5536
	2272 5568
	0 5568
4
	2528 5536
	4192 5536
	4192 5568
	2528 5568
4
	4448 5536
	5856 5536
	5856 5568
	4448 5568
4
	0 5568
	2240 5568
	2240 5600
	0 5600
4
	2560 5568
	4192 5568
	4192 5600
	2560 5600
4
	4480 5568
	5856 5568
	5856 5600
	4480 5600
4
	0 5600
	2240 5600
	2240 5632
	0 5632
4
	2592 5600
	4128 5600
	4128 5632
	2592 5632
4
	4480 5600
	5856 5600
	5856 5632
	4480 5632
4
	0 5632
	2240 5632
	2240 5664
	0 5664
4
	2592 5632
	4096 5632
	4096 5664
	2592 5664
4
	4480 5632
	5856 5632
	5856 5664
	4480 5664
4
	0 5664
	2240 5664
	2240 5696
	0 5696
4
	2624 5664
	4064 5664
	4064 5696
	2624 5696
4
	4480 5664
	5856 5664
	5856 5696
	4480 5696
4
	0 5696
	2240 5696
	2240 5728
	0 5728
4
	2912 5696
	3776 5696
	3776 5728
	2912 5728
4
	4480 5696
	5856 5696
	5856 5728
	4480 5728
4
	0 5728
	2240 5728
	2240 5760
	0 5760
4
	2976 5728
	3680 5728
	3680 5760
	2976 5760
4
	4480 5728
	5856 5728
	5856 5760
	4480 5760
4
	0 5760
	2240 5760
	2240 5792
	0 5792
4
	3008 5760
	3040 5760
	3040 5792
	3008 5792
4
	3103 5791
	3105 5791
	3105 5793
	3103 5793
4
	3072 5760
	3104 5760
	3104 5792
	3072 5792
4
	3296 5760
	3520 5760
	3520 5792
	3296 5792
4
	3615 5791
	3617 5791
	3617 5793
	3615 5793
4
	3616 5760
	3648 5760
	3648 5792
	3616 5792
4
	4480 5760
	5856 5760
	5856 5792
	4480 5792
4
	0 5792
	2240 5792
	2240 5824
	0 5824
4
	3104 5792
	3168 5792
	3168 5824
	3104 5824
4
	3360 5792
	3520 5792
	3520 5824
	3360 5824
4
	3584 5792
	3616 5792
	3616 5824
	3584 5824
4
	4480 5792
	5856 5792
	5856 5824
	4480 5824
4
	0 5824
	2272 5824
	2272 5856
	0 5856
4
	2624 5824
	2656 5824
	2656 5856
	2624 5856
4
	3392 5824
	3488 5824
	3488 5856
	3392 5856
4
	3968 5824
	4160 5824
	4160 5856
	3968 5856
4
	4448 5824
	5856 5824
	5856 5856
	4448 5856
4
	0 5856
	2272 5856
	2272 5888
	0 5888
4
	2624 5856
	2784 5856
	2784 5888
	2624 5888
4
	3840 5856
	4160 5856
	4160 5888
	3840 5888
4
	4448 5856
	5856 5856
	5856 5888
	4448 5888
4
	0 5888
	2304 5888
	2304 5920
	0 5920
4
	2528 5888
	2560 5888
	2560 5920
	2528 5920
4
	2592 5888
	2944 5888
	2944 5920
	2592 5920
4
	3776 5888
	4160 5888
	4160 5920
	3776 5920
4
	4448 5888
	5856 5888
	5856 5920
	4448 5920
4
	0 5920
	2304 5920
	2304 5952
	0 5952
4
	2464 5920
	2944 5920
	2944 5952
	2464 5952
4
	3776 5920
	4224 5920
	4224 5952
	3776 5952
4
	4448 5920
	5856 5920
	5856 5952
	4448 5952
4
	0 5952
	2336 5952
	2336 5984
	0 5984
4
	2464 5952
	2944 5952
	2944 5984
	2464 5984
4
	3776 5952
	4256 5952
	4256 5984
	3776 5984
4
	4416 5952
	5856 5952
	5856 5984
	4416 5984
4
	0 5984
	2784 5984
	2784 6016
	0 6016
4
	2848 5984
	2944 5984
	2944 6016
	2848 6016
4
	3936 5984
	5856 5984
	5856 6016
	3936 6016
4
	0 6016
	2752 6016
	2752 6048
	0 6048
4
	3968 6016
	5856 6016
	5856 6048
	3968 6048
4
	0 6048
	2656 6048
	2656 6080
	0 6080
4
	4064 6048
	5856 6048
	5856 6080
	4064 6080
4
	0 6080
	2624 6080
	2624 6112
	0 6112
4
	4064 6080
	5856 6080
	5856 6112
	4064 6112
4
	0 6112
	2560 6112
	2560 6144
	0 6144
4
	4096 6112
	5856 6112
	5856 6144
	4096 6144
4
	0 6144
	2560 6144
	2560 6176
	0 6176
4
	4192 6144
	5856 6144
	5856 6176
	4192 6176
4
	0 6176
	2592 6176
	2592 6208
	0 6208
4
	4192 6176
	5856 6176
	5856 6208
	4192 6208
4
	0 6208
	2592 6208
	2592 6240
	0 6240
4
	4192 6208
	5856 6208
	5856 6240
	4192 6240
4
	0 6240
	2624 6240
	2624 6272
	0 6272
4
	4192 6240
	5856 6240
	5856 6272
	4192 6272
4
	0 6272
	2624 6272
	2624 6304
	0 6304
4
	4192 6272
	5856 6272
	5856 6304
	4192 6304
4
	0 6304
	2624 6304
	2624 6336
	0 6336
4
	4160 6304
	5856 6304
	5856 6336
	4160 6336
4
	0 6336
	2624 6336
	2624 6368
	0 6368
4
	4160 6336
	5856 6336
	5856 6368
	4160 6368
4
	0 6368
	2624 6368
	2624 6400
	0 6400
4
	4160 6368
	5856 6368
	5856 6400
	4160 6400
4
	0 6400
	2624 6400
	2624 6432
	0 6432
4
	4160 6400
	5856 6400
	5856 6432
	4160 6432
4
	0 6432
	2624 6432
	2624 6464
	0 6464
4
	4192 6432
	5856 6432
	5856 6464
	4192 6464
4
	0 6464
	2624 6464
	2624 6496
	0 6496
4
	4128 6464
	5856 6464
	5856 6496
	4128 6496
4
	0 6496
	2592 6496
	2592 6528
	0 6528
4
	4096 6496
	5856 6496
	5856 6528
	4096 6528
4
	0 6528
	2592 6528
	2592 6560
	0 6560
4
	4096 6528
	5856 6528
	5856 6560
	4096 6560
4
	0 6560
	2592 6560
	2592 6592
	0 6592
4
	4096 6560
	5856 6560
	5856 6592
	4096 6592
4
	0 6592
	2592 6592
	2592 6624
	0 6624
4
	4096 6592
	5856 6592
	5856 6624
	4096 6624
4
	0 6624
	2624 6624
	2624 6656
	0 6656
4
	4096 6624
	5856 6624
	5856 6656
	4096 6656
4
	0 6656
	2592 6656
	2592 6688
	0 6688
4
	4096 6656
	5856 6656
	5856 6688
	4096 6688
4
	0 6688
	2592 6688
	2592 6720
	0 6720
4
	4096 6688
	5856 6688
	5856 6720
	4096 6720
4
	0 6720
	2592 6720
	2592 6752
	0 6752
4
	4160 6720
	5856 6720
	5856 6752
	4160 6752
4
	0 6752
	2624 6752
	2624 6784
	0 6784
4
	4224 6752
	5856 6752
	5856 6784
	4224 6784
4
	0 6784
	2624 6784
	2624 6816
	0 6816
4
	4224 6784
	5856 6784
	5856 6816
	4224 6816
4
	0 6816
	2656 6816
	2656 6848
	0 6848
4
	4160 6816
	5856 6816
	5856 6848
	4160 6848
4
	0 6848
	2656 6848
	2656 6880
	0 6880
4
	4160 6848
	5856 6848
	5856 6880
	4160 6880
4
	0 6880
	2656 6880
	2656 6912
	0 6912
4
	4160 6880
	5856 6880
	5856 6912
	4160 6912
4
	0 6912
	2656 6912
	2656 6944
	0 6944
4
	4160 6912
	5856 6912
	5856 6944
	4160 6944
4
	0 6944
	2624 6944
	2624 6976
	0 6976
4
	4224 6944
	5856 6944
	5856 6976
	4224 6976
4
	0 6976
	2624 6976
	2624 7008
	0 7008
4
	4160 6976
	5856 6976
	5856 7008
	4160 7008
4
	0 7008
	2592 7008
	2592 7040
	0 7040
4
	4160 7008
	5856 7008
	5856 7040
	4160 7040
4
	0 7040
	2592 7040
	2592 7072
	0 7072
4
	4160 7040
	5856 7040
	5856 7072
	4160 7072
4
	0 7072
	2592 7072
	2592 7104
	0 7104
4
	4160 7072
	5856 7072
	5856 7104
	4160 7104
4
	0 7104
	2624 7104
	2624 7136
	0 7136
4
	4128 7104
	5856 7104
	5856 7136
	4128 7136
4
	0 7136
	2624 7136
	2624 7168
	0 7168
4
	4128 7136
	5856 7136
	5856 7168
	4128 7168
4
	0 7168
	2592 7168
	2592 7200
	0 7200
4
	4160 7168
	5856 7168
	5856 7200
	4160 7200
4
	0 7200
	2592 7200
	2592 7232
	0 7232
4
	4160 7200
	5856 7200
	5856 7232
	4160 7232
4
	0 7232
	2592 7232
	2592 7264
	0 7264
4
	4160 7232
	5856 7232
	5856 7264
	4160 7264
4
	0 7264
	2624 7264
	2624 7296
	0 7296
4
	4224 7264
	5856 7264
	5856 7296
	4224 7296
4
	0 7296
	2624 7296
	2624 7328
	0 7328
4
	4224 7296
	5856 7296
	5856 7328
	4224 7328
4
	0 7328
	2624 7328
	2624 7360
	0 7360
4
	3264 7328
	3488 7328
	3488 7360
	3264 7360
4
	4160 7328
	5856 7328
	5856 7360
	4160 7360
4
	0 7360
	2624 7360
	2624 7392
	0 7392
4
	3264 7360
	3488 7360
	3488 7392
	3264 7392
4
	4160 7360
	5856 7360
	5856 7392
	4160 7392
4
	0 7392
	2624 7392
	2624 7424
	0 7424
4
	3072 7392
	3648 7392
	3648 7424
	3072 7424
4
	4160 7392
	5856 7392
	5856 7424
	4160 7424
4
	0 7424
	2624 7424
	2624 7456
	0 7456
4
	3072 7424
	3648 7424
	3648 7456
	3072 7456
4
	4160 7424
	5856 7424
	5856 7456
	4160 7456
4
	0 7456
	2624 7456
	2624 7488
	0 7488
4
	3072 7456
	3648 7456
	3648 7488
	3072 7488
4
	4224 7456
	5856 7456
	5856 7488
	4224 7488
4
	0 7488
	2624 7488
	2624 7520
	0 7520
4
	3072 7488
	3680 7488
	3680 7520
	3072 7520
4
	4096 7488
	4192 7488
	4192 7520
	4096 7520
4
	4224 7488
	5856 7488
	5856 7520
	4224 7520
4
	0 7520
	2880 7520
	2880 7552
	0 7552
4
	3072 7520
	3968 7520
	3968 7552
	3072 7552
4
	4032 7520
	5856 7520
	5856 7552
	4032 7552
4
	0 7552
	5856 7552
	5856 7584
	0 7584
4
	0 7584
	5856 7584
	5856 7616
	0 7616
4
	0 7616
	5856 7616
	5856 7648
	0 7648
4
	0 7648
	5856 7648
	5856 7680
	0 7680
4
	0 7680
	5856 7680
	5856 7712
	0 7712
4
	0 7712
	5856 7712
	5856 7744
	0 7744
4
	0 7744
	5856 7744
	5856 7776
	0 7776
4
	0 7776
	5856 7776
	5856 7808
	0 7808
4
	0 7808
	5856 7808
	5856 7840
	0 7840
4
	0 7840
	5856 7840
	5856 7872
	0 7872
4
	0 7872
	5856 7872
	5856 7904
	0 7904
4
	0 7904
	5856 7904
	5856 7936
	0 7936
4
	0 7936
	5856 7936
	5856 7968
	0 7968
4
	0 7968
	5856 7968
	5856 8000
	0 8000
4
	0 8000
	5856 8000
	5856 8032
	0 8032
4
	0 8032
	5856 8032
	5856 8064
	0 8064
4
	0 8064
	5856 8064
	5856 8096
	0 8096
4
	0 8096
	5856 8096
	5856 8128
	0 8128
4
	0 8128
	5856 8128
	5856 8160
	0 8160
4
	0 8160
	5856 8160
	5856 8192
	0 8192
4
	0 8192
	5856 8192
	5856 8224
	0 8224
4
	0 8224
	5856 8224
	5856 8256
	0 8256
4
	0 8256
	5856 8256
	5856 8288
	0 8288
4
	0 8288
	5856 8288
	5856 8320
	0 8320
4
	0 8320
	5856 8320
	5856 8352
	0 8352
4
	0 8352
	5856 8352
	5856 8384
	0 8384
4
	0 8384
	5856 8384
	5856 8416
	0 8416
4
	0 8416
	5856 8416
	5856 8448
	0 8448
4
	0 8448
	5856 8448
	5856 8480
	0 8480
4
	0 8480
	5856 8480
	5856 8512
	0 8512
4
	0 8512
	5856 8512
	5856 8544
	0 8544
4
	0 8544
	5856 8544
	5856 8576
	0 8576
4
	0 8576
	5856 8576
	5856 8608
	0 8608
4
	0 8608
	5856 8608
	5856 8640
	0 8640
4
	0 8640
	5856 8640
	5856 8672
	0 8672
4
	0 8672
	5856 8672
	5856 8704
	0 8704
4
	0 8704
	5856 8704
	5856 8736
	0 8736
4
	0 8736
	5856 8736
	5856 8768
	0 8768
4
	0 8768
	5856 8768
	5856 8800
	0 8800
4
	0 8800
	5856 8800
	5856 8832
	0 8832
4
	0 8832
	5856 8832
	5856 8864
	0 8864
4
	-32 -32
	5888 -32
	5888 0
	-32 0
4
	-32 8864
	5888 8864
	5888 8896
	-32 8896
4
	-32 0
	0 0
	0 8864
	-32 8864
4
	5856 0
	5888 0
	5888 8864
	5856 8864
