1104
4
	0 0
	10048 0
	10048 32
	0 32
4
	0 32
	10048 32
	10048 64
	0 64
4
	0 64
	10048 64
	10048 96
	0 96
4
	0 96
	768 96
	768 128
	0 128
4
	1120 96
	10048 96
	10048 128
	1120 128
4
	0 128
	768 128
	768 160
	0 160
4
	1120 128
	10048 128
	10048 160
	1120 160
4
	0 160
	672 160
	672 192
	0 192
4
	1120 160
	10048 160
	10048 192
	1120 192
4
	0 192
	672 192
	672 224
	0 224
4
	1120 192
	10048 192
	10048 224
	1120 224
4
	0 224
	672 224
	672 256
	0 256
4
	1120 224
	10048 224
	10048 256
	1120 256
4
	0 256
	672 256
	672 288
	0 288
4
	1120 256
	10048 256
	10048 288
	1120 288
4
	0 288
	672 288
	672 320
	0 320
4
	1120 288
	10048 288
	10048 320
	1120 320
4
	0 320
	672 320
	672 352
	0 352
4
	1120 320
	10048 320
	10048 352
	1120 352
4
	0 352
	672 352
	672 384
	0 384
4
	1120 352
	10048 352
	10048 384
	1120 384
4
	0 384
	672 384
	672 416
	0 416
4
	1120 384
	10048 384
	10048 416
	1120 416
4
	0 416
	672 416
	672 448
	0 448
4
	1120 416
	10048 416
	10048 448
	1120 448
4
	0 448
	672 448
	672 480
	0 480
4
	1120 448
	10048 448
	10048 480
	1120 480
4
	0 480
	672 480
	672 512
	0 512
4
	1120 480
	10048 480
	10048 512
	1120 512
4
	0 512
	672 512
	672 544
	0 544
4
	1120 512
	10048 512
	10048 544
	1120 544
4
	0 544
	768 544
	768 576
	0 576
4
	1024 544
	10048 544
	10048 576
	1024 576
4
	0 576
	768 576
	768 608
	0 608
4
	1024 576
	3840 576
	3840 608
	1024 608
4
	4640 576
	10048 576
	10048 608
	4640 608
4
	0 608
	768 608
	768 640
	0 640
4
	1024 608
	3840 608
	3840 640
	1024 640
4
	4640 608
	10048 608
	10048 640
	4640 640
4
	0 640
	768 640
	768 672
	0 672
4
	1024 640
	3840 640
	3840 672
	1024 672
4
	4640 640
	10048 640
	10048 672
	4640 672
4
	0 672
	672 672
	672 704
	0 704
4
	1120 672
	3744 672
	3744 704
	1120 704
4
	4512 672
	10048 672
	10048 704
	4512 704
4
	0 704
	672 704
	672 736
	0 736
4
	1120 704
	3744 704
	3744 736
	1120 736
4
	4512 704
	10048 704
	10048 736
	4512 736
4
	0 736
	672 736
	672 768
	0 768
4
	1120 736
	3744 736
	3744 768
	1120 768
4
	4512 736
	10048 736
	10048 768
	4512 768
4
	0 768
	672 768
	672 800
	0 800
4
	1120 768
	3744 768
	3744 800
	1120 800
4
	4512 768
	10048 768
	10048 800
	4512 800
4
	0 800
	672 800
	672 832
	0 832
4
	1120 800
	3744 800
	3744 832
	1120 832
4
	4512 800
	10048 800
	10048 832
	4512 832
4
	0 832
	672 832
	672 864
	0 864
4
	1120 832
	3744 832
	3744 864
	1120 864
4
	4512 832
	10048 832
	10048 864
	4512 864
4
	0 864
	672 864
	672 896
	0 896
4
	1120 864
	3744 864
	3744 896
	1120 896
4
	4512 864
	10048 864
	10048 896
	4512 896
4
	0 896
	672 896
	672 928
	0 928
4
	1120 896
	3744 896
	3744 928
	1120 928
4
	4512 896
	10048 896
	10048 928
	4512 928
4
	0 928
	672 928
	672 960
	0 960
4
	1120 928
	3744 928
	3744 960
	1120 960
4
	4512 928
	10048 928
	10048 960
	4512 960
4
	0 960
	672 960
	672 992
	0 992
4
	1120 960
	3744 960
	3744 992
	1120 992
4
	4512 960
	10048 960
	10048 992
	4512 992
4
	0 992
	672 992
	672 1024
	0 1024
4
	1120 992
	3744 992
	3744 1024
	1120 1024
4
	4512 992
	10048 992
	10048 1024
	4512 1024
4
	0 1024
	672 1024
	672 1056
	0 1056
4
	1120 1024
	3744 1024
	3744 1056
	1120 1056
4
	4512 1024
	10048 1024
	10048 1056
	4512 1056
4
	0 1056
	768 1056
	768 1088
	0 1088
4
	1120 1056
	3840 1056
	3840 1088
	1120 1088
4
	4160 1056
	4288 1056
	4288 1088
	4160 1088
4
	4608 1056
	10048 1056
	10048 1088
	4608 1088
4
	0 1088
	768 1088
	768 1120
	0 1120
4
	1024 1088
	3840 1088
	3840 1120
	1024 1120
4
	4160 1088
	4288 1088
	4288 1120
	4160 1120
4
	4608 1088
	10048 1088
	10048 1120
	4608 1120
4
	0 1120
	768 1120
	768 1152
	0 1152
4
	1024 1120
	1152 1120
	1152 1152
	1024 1152
4
	1600 1120
	1728 1120
	1728 1152
	1600 1152
4
	3552 1120
	3840 1120
	3840 1152
	3552 1152
4
	4160 1120
	4288 1120
	4288 1152
	4160 1152
4
	4608 1120
	10048 1120
	10048 1152
	4608 1152
4
	0 1152
	768 1152
	768 1184
	0 1184
4
	1024 1152
	1152 1152
	1152 1184
	1024 1184
4
	1600 1152
	1728 1152
	1728 1184
	1600 1184
4
	3552 1152
	3840 1152
	3840 1184
	3552 1184
4
	4160 1152
	4288 1152
	4288 1184
	4160 1184
4
	4608 1152
	10048 1152
	10048 1184
	4608 1184
4
	0 1184
	672 1184
	672 1216
	0 1216
4
	1024 1184
	1152 1184
	1152 1216
	1024 1216
4
	1600 1184
	1728 1184
	1728 1216
	1600 1216
4
	3552 1184
	3744 1184
	3744 1216
	3552 1216
4
	4704 1184
	10048 1184
	10048 1216
	4704 1216
4
	0 1216
	672 1216
	672 1248
	0 1248
4
	3584 1216
	3744 1216
	3744 1248
	3584 1248
4
	4512 1216
	10048 1216
	10048 1248
	4512 1248
4
	0 1248
	672 1248
	672 1280
	0 1280
4
	3584 1248
	3808 1248
	3808 1280
	3584 1280
4
	4512 1248
	10048 1248
	10048 1280
	4512 1280
4
	0 1280
	672 1280
	672 1312
	0 1312
4
	3584 1280
	3808 1280
	3808 1312
	3584 1312
4
	4512 1280
	10048 1280
	10048 1312
	4512 1312
4
	0 1312
	672 1312
	672 1344
	0 1344
4
	3616 1312
	3808 1312
	3808 1344
	3616 1344
4
	4512 1312
	10048 1312
	10048 1344
	4512 1344
4
	0 1344
	672 1344
	672 1376
	0 1376
4
	4512 1344
	10048 1344
	10048 1376
	4512 1376
4
	0 1376
	672 1376
	672 1408
	0 1408
4
	4512 1376
	10048 1376
	10048 1408
	4512 1408
4
	0 1408
	672 1408
	672 1440
	0 1440
4
	3616 1408
	3808 1408
	3808 1440
	3616 1440
4
	4512 1408
	10048 1408
	10048 1440
	4512 1440
4
	0 1440
	672 1440
	672 1472
	0 1472
4
	3584 1440
	3808 1440
	3808 1472
	3584 1472
4
	4512 1440
	10048 1440
	10048 1472
	4512 1472
4
	0 1472
	672 1472
	672 1504
	0 1504
4
	3584 1472
	3808 1472
	3808 1504
	3584 1504
4
	4512 1472
	10048 1472
	10048 1504
	4512 1504
4
	0 1504
	768 1504
	768 1536
	0 1536
4
	1088 1504
	1216 1504
	1216 1536
	1088 1536
4
	1600 1504
	1728 1504
	1728 1536
	1600 1536
4
	2176 1504
	2304 1504
	2304 1536
	2176 1536
4
	2560 1504
	2688 1504
	2688 1536
	2560 1536
4
	3136 1504
	3264 1504
	3264 1536
	3136 1536
4
	3584 1504
	3744 1504
	3744 1536
	3584 1536
4
	4512 1504
	10048 1504
	10048 1536
	4512 1536
4
	0 1536
	768 1536
	768 1568
	0 1568
4
	1088 1536
	1216 1536
	1216 1568
	1088 1568
4
	1600 1536
	1728 1536
	1728 1568
	1600 1568
4
	2176 1536
	2304 1536
	2304 1568
	2176 1568
4
	2560 1536
	2688 1536
	2688 1568
	2560 1568
4
	3136 1536
	3264 1536
	3264 1568
	3136 1568
4
	3680 1536
	3744 1536
	3744 1568
	3680 1568
4
	4512 1536
	10048 1536
	10048 1568
	4512 1568
4
	0 1568
	768 1568
	768 1600
	0 1600
4
	1088 1568
	1216 1568
	1216 1600
	1088 1600
4
	1344 1568
	1472 1568
	1472 1600
	1344 1600
4
	1600 1568
	1728 1568
	1728 1600
	1600 1600
4
	1856 1568
	1984 1568
	1984 1600
	1856 1600
4
	2176 1568
	2304 1568
	2304 1600
	2176 1600
4
	2560 1568
	2688 1568
	2688 1600
	2560 1600
4
	2880 1568
	3008 1568
	3008 1600
	2880 1600
4
	3136 1568
	3264 1568
	3264 1600
	3136 1600
4
	3392 1568
	3520 1568
	3520 1600
	3392 1600
4
	3584 1568
	3840 1568
	3840 1600
	3584 1600
4
	4160 1568
	4288 1568
	4288 1600
	4160 1600
4
	4512 1568
	10048 1568
	10048 1600
	4512 1600
4
	0 1600
	2304 1600
	2304 1632
	0 1632
4
	2560 1600
	3840 1600
	3840 1632
	2560 1632
4
	4160 1600
	4288 1600
	4288 1632
	4160 1632
4
	4704 1600
	10048 1600
	10048 1632
	4704 1632
4
	0 1632
	2336 1632
	2336 1664
	0 1664
4
	2528 1632
	3840 1632
	3840 1664
	2528 1664
4
	4160 1632
	4288 1632
	4288 1664
	4160 1664
4
	4608 1632
	6400 1632
	6400 1664
	4608 1664
4
	8768 1632
	10048 1632
	10048 1664
	8768 1664
4
	0 1664
	2336 1664
	2336 1696
	0 1696
4
	2528 1664
	3840 1664
	3840 1696
	2528 1696
4
	4160 1664
	4288 1664
	4288 1696
	4160 1696
4
	4608 1664
	4736 1664
	4736 1696
	4608 1696
4
	5184 1664
	5312 1664
	5312 1696
	5184 1696
4
	5696 1664
	5984 1664
	5984 1696
	5696 1696
4
	6048 1664
	6144 1664
	6144 1696
	6048 1696
4
	6208 1664
	6400 1664
	6400 1696
	6208 1696
4
	8768 1664
	8896 1664
	8896 1696
	8768 1696
4
	9216 1664
	10048 1664
	10048 1696
	9216 1696
4
	0 1696
	2336 1696
	2336 1728
	0 1728
4
	2528 1696
	3744 1696
	3744 1728
	2528 1728
4
	4608 1696
	4736 1696
	4736 1728
	4608 1728
4
	5184 1696
	5312 1696
	5312 1728
	5184 1728
4
	5696 1696
	5824 1696
	5824 1728
	5696 1728
4
	5888 1696
	5984 1696
	5984 1728
	5888 1728
4
	6048 1696
	6144 1696
	6144 1728
	6048 1728
4
	6208 1696
	6336 1696
	6336 1728
	6208 1728
4
	8768 1696
	8896 1696
	8896 1728
	8768 1728
4
	9216 1696
	10048 1696
	10048 1728
	9216 1728
4
	0 1728
	2336 1728
	2336 1760
	0 1760
4
	2528 1728
	3744 1728
	3744 1760
	2528 1760
4
	4608 1728
	4736 1728
	4736 1760
	4608 1760
4
	5184 1728
	5312 1728
	5312 1760
	5184 1760
4
	5696 1728
	5824 1728
	5824 1760
	5696 1760
4
	6208 1728
	6336 1728
	6336 1760
	6208 1760
4
	9216 1728
	10048 1728
	10048 1760
	9216 1760
4
	0 1760
	2336 1760
	2336 1792
	0 1792
4
	2528 1760
	3744 1760
	3744 1792
	2528 1792
4
	5664 1760
	5856 1760
	5856 1792
	5664 1792
4
	6176 1760
	6368 1760
	6368 1792
	6176 1792
4
	9312 1760
	10048 1760
	10048 1792
	9312 1792
4
	0 1792
	2336 1792
	2336 1824
	0 1824
4
	2528 1792
	3744 1792
	3744 1824
	2528 1824
4
	5664 1792
	5856 1792
	5856 1824
	5664 1824
4
	6176 1792
	6368 1792
	6368 1824
	6176 1824
4
	9312 1792
	10048 1792
	10048 1824
	9312 1824
4
	0 1824
	2336 1824
	2336 1856
	0 1856
4
	2528 1824
	3744 1824
	3744 1856
	2528 1856
4
	5664 1824
	5856 1824
	5856 1856
	5664 1856
4
	6176 1824
	6368 1824
	6368 1856
	6176 1856
4
	9312 1824
	10048 1824
	10048 1856
	9312 1856
4
	0 1856
	2368 1856
	2368 1888
	0 1888
4
	2528 1856
	3744 1856
	3744 1888
	2528 1888
4
	9312 1856
	10048 1856
	10048 1888
	9312 1888
4
	0 1888
	2368 1888
	2368 1920
	0 1920
4
	2528 1888
	3744 1888
	3744 1920
	2528 1920
4
	9312 1888
	10048 1888
	10048 1920
	9312 1920
4
	0 1920
	2368 1920
	2368 1952
	0 1952
4
	2528 1920
	3744 1920
	3744 1952
	2528 1952
4
	5664 1920
	5856 1920
	5856 1952
	5664 1952
4
	6176 1920
	6368 1920
	6368 1952
	6176 1952
4
	9312 1920
	10048 1920
	10048 1952
	9312 1952
4
	0 1952
	2368 1952
	2368 1984
	0 1984
4
	2528 1952
	3744 1952
	3744 1984
	2528 1984
4
	5664 1952
	5856 1952
	5856 1984
	5664 1984
4
	6176 1952
	6368 1952
	6368 1984
	6176 1984
4
	9312 1952
	10048 1952
	10048 1984
	9312 1984
4
	0 1984
	2368 1984
	2368 2016
	0 2016
4
	2496 1984
	3744 1984
	3744 2016
	2496 2016
4
	5664 1984
	5856 1984
	5856 2016
	5664 2016
4
	6176 1984
	6368 1984
	6368 2016
	6176 2016
4
	9312 1984
	10048 1984
	10048 2016
	9312 2016
4
	0 2016
	2368 2016
	2368 2048
	0 2048
4
	2496 2016
	3744 2016
	3744 2048
	2496 2048
4
	5696 2016
	5824 2016
	5824 2048
	5696 2048
4
	6208 2016
	6336 2016
	6336 2048
	6208 2048
4
	8768 2016
	8896 2016
	8896 2048
	8768 2048
4
	9312 2016
	10048 2016
	10048 2048
	9312 2048
4
	0 2048
	2208 2048
	2208 2080
	0 2080
4
	2656 2048
	3744 2048
	3744 2080
	2656 2080
4
	5696 2048
	5824 2048
	5824 2080
	5696 2080
4
	5888 2048
	5984 2048
	5984 2080
	5888 2080
4
	6048 2048
	6144 2048
	6144 2080
	6048 2080
4
	6208 2048
	6336 2048
	6336 2080
	6208 2080
4
	8768 2048
	8896 2048
	8896 2080
	8768 2080
4
	9312 2048
	10048 2048
	10048 2080
	9312 2080
4
	0 2080
	2304 2080
	2304 2112
	0 2112
4
	2560 2080
	3808 2080
	3808 2112
	2560 2112
4
	5632 2080
	5984 2080
	5984 2112
	5632 2112
4
	6048 2080
	6336 2080
	6336 2112
	6048 2112
4
	8768 2080
	8960 2080
	8960 2112
	8768 2112
4
	9216 2080
	10048 2080
	10048 2112
	9216 2112
4
	0 2112
	2304 2112
	2304 2144
	0 2144
4
	2560 2112
	3808 2112
	3808 2144
	2560 2144
4
	5632 2112
	5984 2112
	5984 2144
	5632 2144
4
	6048 2112
	6336 2112
	6336 2144
	6048 2144
4
	8768 2112
	8960 2112
	8960 2144
	8768 2144
4
	9216 2112
	10048 2112
	10048 2144
	9216 2144
4
	0 2144
	2304 2144
	2304 2176
	0 2176
4
	2560 2144
	3808 2144
	3808 2176
	2560 2176
4
	5632 2144
	5984 2144
	5984 2176
	5632 2176
4
	6048 2144
	8960 2144
	8960 2176
	6048 2176
4
	9216 2144
	10048 2144
	10048 2176
	9216 2176
4
	0 2176
	2336 2176
	2336 2208
	0 2208
4
	2528 2176
	5984 2176
	5984 2208
	2528 2208
4
	6048 2176
	8960 2176
	8960 2208
	6048 2208
4
	9216 2176
	10048 2176
	10048 2208
	9216 2208
4
	0 2208
	2336 2208
	2336 2240
	0 2240
4
	2528 2208
	5792 2208
	5792 2240
	2528 2240
4
	5888 2208
	5984 2208
	5984 2240
	5888 2240
4
	6048 2208
	6144 2208
	6144 2240
	6048 2240
4
	6208 2208
	8864 2208
	8864 2240
	6208 2240
4
	9312 2208
	10048 2208
	10048 2240
	9312 2240
4
	0 2240
	2336 2240
	2336 2272
	0 2272
4
	2528 2240
	5792 2240
	5792 2272
	2528 2272
4
	6208 2240
	8864 2240
	8864 2272
	6208 2272
4
	9312 2240
	10048 2240
	10048 2272
	9312 2272
4
	0 2272
	2336 2272
	2336 2304
	0 2304
4
	2528 2272
	5792 2272
	5792 2304
	2528 2304
4
	6240 2272
	8864 2272
	8864 2304
	6240 2304
4
	9312 2272
	10048 2272
	10048 2304
	9312 2304
4
	0 2304
	2336 2304
	2336 2336
	0 2336
4
	2528 2304
	5792 2304
	5792 2336
	2528 2336
4
	5856 2304
	5920 2304
	5920 2336
	5856 2336
4
	6112 2304
	6176 2304
	6176 2336
	6112 2336
4
	6240 2304
	8864 2304
	8864 2336
	6240 2336
4
	9312 2304
	10048 2304
	10048 2336
	9312 2336
4
	0 2336
	2336 2336
	2336 2368
	0 2368
4
	2528 2336
	5792 2336
	5792 2368
	2528 2368
4
	5856 2336
	5920 2336
	5920 2368
	5856 2368
4
	6112 2336
	6176 2336
	6176 2368
	6112 2368
4
	6240 2336
	8864 2336
	8864 2368
	6240 2368
4
	9312 2336
	10048 2336
	10048 2368
	9312 2368
4
	0 2368
	2336 2368
	2336 2400
	0 2400
4
	2528 2368
	5792 2368
	5792 2400
	2528 2400
4
	5856 2368
	5920 2368
	5920 2400
	5856 2400
4
	6112 2368
	6176 2368
	6176 2400
	6112 2400
4
	6240 2368
	8864 2368
	8864 2400
	6240 2400
4
	9312 2368
	10048 2368
	10048 2400
	9312 2400
4
	0 2400
	2336 2400
	2336 2432
	0 2432
4
	2528 2400
	5792 2400
	5792 2432
	2528 2432
4
	5856 2400
	5920 2400
	5920 2432
	5856 2432
4
	6112 2400
	6176 2400
	6176 2432
	6112 2432
4
	6240 2400
	8864 2400
	8864 2432
	6240 2432
4
	9312 2400
	10048 2400
	10048 2432
	9312 2432
4
	0 2432
	2336 2432
	2336 2464
	0 2464
4
	2528 2432
	5792 2432
	5792 2464
	2528 2464
4
	5856 2432
	5920 2432
	5920 2464
	5856 2464
4
	6112 2432
	6176 2432
	6176 2464
	6112 2464
4
	6240 2432
	8864 2432
	8864 2464
	6240 2464
4
	9312 2432
	10048 2432
	10048 2464
	9312 2464
4
	0 2464
	2368 2464
	2368 2496
	0 2496
4
	2528 2464
	5792 2464
	5792 2496
	2528 2496
4
	5856 2464
	5920 2464
	5920 2496
	5856 2496
4
	6112 2464
	6176 2464
	6176 2496
	6112 2496
4
	6240 2464
	8864 2464
	8864 2496
	6240 2496
4
	9312 2464
	10048 2464
	10048 2496
	9312 2496
4
	0 2496
	2368 2496
	2368 2528
	0 2528
4
	2528 2496
	5792 2496
	5792 2528
	2528 2528
4
	5856 2496
	5920 2496
	5920 2528
	5856 2528
4
	6112 2496
	6176 2496
	6176 2528
	6112 2528
4
	6240 2496
	8864 2496
	8864 2528
	6240 2528
4
	9312 2496
	10048 2496
	10048 2528
	9312 2528
4
	0 2528
	2368 2528
	2368 2560
	0 2560
4
	2528 2528
	5792 2528
	5792 2560
	2528 2560
4
	5856 2528
	5920 2528
	5920 2560
	5856 2560
4
	6112 2528
	6176 2528
	6176 2560
	6112 2560
4
	6240 2528
	8864 2528
	8864 2560
	6240 2560
4
	9312 2528
	10048 2528
	10048 2560
	9312 2560
4
	0 2560
	2368 2560
	2368 2592
	0 2592
4
	2496 2560
	5792 2560
	5792 2592
	2496 2592
4
	5856 2560
	5920 2560
	5920 2592
	5856 2592
4
	6112 2560
	6176 2560
	6176 2592
	6112 2592
4
	6240 2560
	8864 2560
	8864 2592
	6240 2592
4
	9312 2560
	10048 2560
	10048 2592
	9312 2592
4
	0 2592
	2368 2592
	2368 2624
	0 2624
4
	2496 2592
	5920 2592
	5920 2624
	2496 2624
4
	6112 2592
	8960 2592
	8960 2624
	6112 2624
4
	9216 2592
	10048 2592
	10048 2624
	9216 2624
4
	0 2624
	2304 2624
	2304 2656
	0 2656
4
	2560 2624
	5920 2624
	5920 2656
	2560 2656
4
	6112 2624
	8960 2624
	8960 2656
	6112 2656
4
	9216 2624
	10048 2624
	10048 2656
	9216 2656
4
	0 2656
	2304 2656
	2304 2688
	0 2688
4
	2560 2656
	5920 2656
	5920 2688
	2560 2688
4
	6112 2656
	8960 2656
	8960 2688
	6112 2688
4
	9216 2656
	10048 2656
	10048 2688
	9216 2688
4
	0 2688
	2336 2688
	2336 2720
	0 2720
4
	2528 2688
	5920 2688
	5920 2720
	2528 2720
4
	6112 2688
	8960 2688
	8960 2720
	6112 2720
4
	9216 2688
	10048 2688
	10048 2720
	9216 2720
4
	0 2720
	2336 2720
	2336 2752
	0 2752
4
	2528 2720
	5920 2720
	5920 2752
	2528 2752
4
	6112 2720
	8864 2720
	8864 2752
	6112 2752
4
	9280 2720
	10048 2720
	10048 2752
	9280 2752
4
	0 2752
	2336 2752
	2336 2784
	0 2784
4
	2528 2752
	5920 2752
	5920 2784
	2528 2784
4
	6112 2752
	8864 2752
	8864 2784
	6112 2784
4
	9280 2752
	10048 2752
	10048 2784
	9280 2784
4
	0 2784
	2336 2784
	2336 2816
	0 2816
4
	2528 2784
	5920 2784
	5920 2816
	2528 2816
4
	6112 2784
	8864 2784
	8864 2816
	6112 2816
4
	9280 2784
	10048 2784
	10048 2816
	9280 2816
4
	0 2816
	2336 2816
	2336 2848
	0 2848
4
	2528 2816
	5920 2816
	5920 2848
	2528 2848
4
	6112 2816
	8864 2816
	8864 2848
	6112 2848
4
	9280 2816
	10048 2816
	10048 2848
	9280 2848
4
	0 2848
	2336 2848
	2336 2880
	0 2880
4
	2528 2848
	5920 2848
	5920 2880
	2528 2880
4
	6112 2848
	8864 2848
	8864 2880
	6112 2880
4
	9280 2848
	10048 2848
	10048 2880
	9280 2880
4
	0 2880
	2336 2880
	2336 2912
	0 2912
4
	2528 2880
	5920 2880
	5920 2912
	2528 2912
4
	6112 2880
	8864 2880
	8864 2912
	6112 2912
4
	9280 2880
	10048 2880
	10048 2912
	9280 2912
4
	0 2912
	2368 2912
	2368 2944
	0 2944
4
	2528 2912
	5920 2912
	5920 2944
	2528 2944
4
	6112 2912
	8864 2912
	8864 2944
	6112 2944
4
	9280 2912
	10048 2912
	10048 2944
	9280 2944
4
	0 2944
	2368 2944
	2368 2976
	0 2976
4
	2528 2944
	5920 2944
	5920 2976
	2528 2976
4
	6112 2944
	8864 2944
	8864 2976
	6112 2976
4
	9280 2944
	10048 2944
	10048 2976
	9280 2976
4
	0 2976
	2368 2976
	2368 3008
	0 3008
4
	2528 2976
	5920 2976
	5920 3008
	2528 3008
4
	6112 2976
	8864 2976
	8864 3008
	6112 3008
4
	9280 2976
	10048 2976
	10048 3008
	9280 3008
4
	0 3008
	2368 3008
	2368 3040
	0 3040
4
	2528 3008
	5920 3008
	5920 3040
	2528 3040
4
	6112 3008
	8864 3008
	8864 3040
	6112 3040
4
	9280 3008
	10048 3008
	10048 3040
	9280 3040
4
	0 3040
	2368 3040
	2368 3072
	0 3072
4
	2496 3040
	5952 3040
	5952 3072
	2496 3072
4
	6080 3040
	8864 3040
	8864 3072
	6080 3072
4
	9280 3040
	10048 3040
	10048 3072
	9280 3072
4
	0 3072
	2400 3072
	2400 3104
	0 3104
4
	2464 3072
	5984 3072
	5984 3104
	2464 3104
4
	6048 3072
	8864 3072
	8864 3104
	6048 3104
4
	9280 3072
	10048 3072
	10048 3104
	9280 3104
4
	0 3104
	2400 3104
	2400 3136
	0 3136
4
	2464 3104
	5984 3104
	5984 3136
	2464 3136
4
	6048 3104
	8960 3104
	8960 3136
	6048 3136
4
	9216 3104
	10048 3104
	10048 3136
	9216 3136
4
	0 3136
	2400 3136
	2400 3168
	0 3168
4
	2464 3136
	5984 3136
	5984 3168
	2464 3168
4
	6048 3136
	8960 3136
	8960 3168
	6048 3168
4
	9216 3136
	10048 3136
	10048 3168
	9216 3168
4
	0 3168
	2400 3168
	2400 3200
	0 3200
4
	2464 3168
	5984 3168
	5984 3200
	2464 3200
4
	6048 3168
	8960 3168
	8960 3200
	6048 3200
4
	9216 3168
	10048 3168
	10048 3200
	9216 3200
4
	0 3200
	1728 3200
	1728 3232
	0 3232
4
	2112 3200
	2240 3200
	2240 3232
	2112 3232
4
	2304 3200
	2400 3200
	2400 3232
	2304 3232
4
	2464 3200
	2752 3200
	2752 3232
	2464 3232
4
	3072 3200
	5312 3200
	5312 3232
	3072 3232
4
	5696 3200
	5824 3200
	5824 3232
	5696 3232
4
	5888 3200
	5984 3200
	5984 3232
	5888 3232
4
	6048 3200
	6144 3200
	6144 3232
	6048 3232
4
	6208 3200
	8960 3200
	8960 3232
	6208 3232
4
	9216 3200
	10048 3200
	10048 3232
	9216 3232
4
	0 3232
	1728 3232
	1728 3264
	0 3264
4
	2112 3232
	2240 3232
	2240 3264
	2112 3264
4
	2304 3232
	2400 3232
	2400 3264
	2304 3264
4
	2464 3232
	2560 3232
	2560 3264
	2464 3264
4
	2624 3232
	2752 3232
	2752 3264
	2624 3264
4
	2976 3232
	5312 3232
	5312 3264
	2976 3264
4
	5696 3232
	5824 3232
	5824 3264
	5696 3264
4
	5888 3232
	5984 3232
	5984 3264
	5888 3264
4
	6048 3232
	6144 3232
	6144 3264
	6048 3264
4
	6208 3232
	8864 3232
	8864 3264
	6208 3264
4
	9312 3232
	10048 3232
	10048 3264
	9312 3264
4
	0 3264
	1728 3264
	1728 3296
	0 3296
4
	2112 3264
	2240 3264
	2240 3296
	2112 3296
4
	2624 3264
	2752 3264
	2752 3296
	2624 3296
4
	2976 3264
	5312 3264
	5312 3296
	2976 3296
4
	5696 3264
	5824 3264
	5824 3296
	5696 3296
4
	6208 3264
	8864 3264
	8864 3296
	6208 3296
4
	9312 3264
	10048 3264
	10048 3296
	9312 3296
4
	0 3296
	1696 3296
	1696 3328
	0 3328
4
	2976 3296
	5184 3296
	5184 3328
	2976 3328
4
	6336 3296
	8864 3296
	8864 3328
	6336 3328
4
	9312 3296
	10048 3296
	10048 3328
	9312 3328
4
	0 3328
	1696 3328
	1696 3360
	0 3360
4
	2976 3328
	5216 3328
	5216 3360
	2976 3360
4
	6336 3328
	8864 3328
	8864 3360
	6336 3360
4
	9312 3328
	10048 3328
	10048 3360
	9312 3360
4
	0 3360
	1696 3360
	1696 3392
	0 3392
4
	2976 3360
	5184 3360
	5184 3392
	2976 3392
4
	6368 3360
	8864 3360
	8864 3392
	6368 3392
4
	9312 3360
	10048 3360
	10048 3392
	9312 3392
4
	0 3392
	1696 3392
	1696 3424
	0 3424
4
	2976 3392
	5152 3392
	5152 3424
	2976 3424
4
	6400 3392
	8864 3392
	8864 3424
	6400 3424
4
	9312 3392
	10048 3392
	10048 3424
	9312 3424
4
	0 3424
	1696 3424
	1696 3456
	0 3456
4
	2976 3424
	5120 3424
	5120 3456
	2976 3456
4
	6432 3424
	8864 3424
	8864 3456
	6432 3456
4
	9312 3424
	10048 3424
	10048 3456
	9312 3456
4
	0 3456
	1696 3456
	1696 3488
	0 3488
4
	2976 3456
	5088 3456
	5088 3488
	2976 3488
4
	6464 3456
	8864 3456
	8864 3488
	6464 3488
4
	9312 3456
	10048 3456
	10048 3488
	9312 3488
4
	0 3488
	1696 3488
	1696 3520
	0 3520
4
	2976 3488
	4768 3488
	4768 3520
	2976 3520
4
	4800 3488
	5056 3488
	5056 3520
	4800 3520
4
	6496 3488
	8864 3488
	8864 3520
	6496 3520
4
	9312 3488
	10048 3488
	10048 3520
	9312 3520
4
	0 3520
	1696 3520
	1696 3552
	0 3552
4
	2976 3520
	4768 3520
	4768 3552
	2976 3552
4
	4832 3520
	5024 3520
	5024 3552
	4832 3552
4
	6528 3520
	8864 3520
	8864 3552
	6528 3552
4
	9312 3520
	10048 3520
	10048 3552
	9312 3552
4
	0 3552
	1696 3552
	1696 3584
	0 3584
4
	2976 3552
	4768 3552
	4768 3584
	2976 3584
4
	4864 3552
	4992 3552
	4992 3584
	4864 3584
4
	6560 3552
	8896 3552
	8896 3584
	6560 3584
4
	9312 3552
	10048 3552
	10048 3584
	9312 3584
4
	0 3584
	1696 3584
	1696 3616
	0 3616
4
	2976 3584
	4768 3584
	4768 3616
	2976 3616
4
	4896 3584
	4960 3584
	4960 3616
	4896 3616
4
	6592 3584
	8896 3584
	8896 3616
	6592 3616
4
	8960 3584
	9056 3584
	9056 3616
	8960 3616
4
	9120 3584
	9216 3584
	9216 3616
	9120 3616
4
	9312 3584
	10048 3584
	10048 3616
	9312 3616
4
	0 3616
	1696 3616
	1696 3648
	0 3648
4
	2112 3616
	2240 3616
	2240 3648
	2112 3648
4
	2624 3616
	2752 3616
	2752 3648
	2624 3648
4
	2976 3616
	4864 3616
	4864 3648
	2976 3648
4
	6656 3616
	8896 3616
	8896 3648
	6656 3648
4
	8960 3616
	9056 3616
	9056 3648
	8960 3648
4
	9120 3616
	10048 3616
	10048 3648
	9120 3648
4
	0 3648
	1696 3648
	1696 3680
	0 3680
4
	2112 3648
	2240 3648
	2240 3680
	2112 3680
4
	2624 3648
	2752 3648
	2752 3680
	2624 3680
4
	3072 3648
	4864 3648
	4864 3680
	3072 3680
4
	6656 3648
	9056 3648
	9056 3680
	6656 3680
4
	9120 3648
	10048 3648
	10048 3680
	9120 3680
4
	0 3680
	1696 3680
	1696 3712
	0 3712
4
	2112 3680
	2240 3680
	2240 3712
	2112 3712
4
	2624 3680
	2752 3680
	2752 3712
	2624 3712
4
	3072 3680
	4864 3680
	4864 3712
	3072 3712
4
	6656 3680
	9056 3680
	9056 3712
	6656 3712
4
	9120 3680
	10048 3680
	10048 3712
	9120 3712
4
	0 3712
	1696 3712
	1696 3744
	0 3744
4
	2112 3712
	2240 3712
	2240 3744
	2112 3744
4
	2624 3712
	2752 3712
	2752 3744
	2624 3744
4
	3072 3712
	3328 3712
	3328 3744
	3072 3744
4
	3360 3712
	3456 3712
	3456 3744
	3360 3744
4
	3648 3712
	3776 3712
	3776 3744
	3648 3744
4
	3968 3712
	4864 3712
	4864 3744
	3968 3744
4
	6656 3712
	8896 3712
	8896 3744
	6656 3744
4
	8960 3712
	9056 3712
	9056 3744
	8960 3744
4
	9120 3712
	10048 3712
	10048 3744
	9120 3744
4
	0 3744
	1696 3744
	1696 3776
	0 3776
4
	3168 3744
	3232 3744
	3232 3776
	3168 3776
4
	3360 3744
	3456 3744
	3456 3776
	3360 3776
4
	3648 3744
	3776 3744
	3776 3776
	3648 3776
4
	3968 3744
	4800 3744
	4800 3776
	3968 3776
4
	6752 3744
	8896 3744
	8896 3776
	6752 3776
4
	8960 3744
	9056 3744
	9056 3776
	8960 3776
4
	9120 3744
	9216 3744
	9216 3776
	9120 3776
4
	9280 3744
	10048 3744
	10048 3776
	9280 3776
4
	0 3776
	1696 3776
	1696 3808
	0 3808
4
	3168 3776
	3232 3776
	3232 3808
	3168 3808
4
	3360 3776
	3456 3776
	3456 3808
	3360 3808
4
	3648 3776
	3776 3776
	3776 3808
	3648 3808
4
	3872 3776
	4800 3776
	4800 3808
	3872 3808
4
	6752 3776
	8896 3776
	8896 3808
	6752 3808
4
	9280 3776
	10048 3776
	10048 3808
	9280 3808
4
	0 3808
	1696 3808
	1696 3840
	0 3840
4
	3104 3808
	3296 3808
	3296 3840
	3104 3840
4
	3872 3808
	4832 3808
	4832 3840
	3872 3840
4
	6752 3808
	8352 3808
	8352 3840
	6752 3840
4
	8384 3808
	8832 3808
	8832 3840
	8384 3840
4
	9344 3808
	9792 3808
	9792 3840
	9344 3840
4
	9824 3808
	10048 3808
	10048 3840
	9824 3840
4
	0 3840
	1696 3840
	1696 3872
	0 3872
4
	3104 3840
	3296 3840
	3296 3872
	3104 3872
4
	4608 3840
	4832 3840
	4832 3872
	4608 3872
4
	6752 3840
	8352 3840
	8352 3872
	6752 3872
4
	8384 3840
	8832 3840
	8832 3872
	8384 3872
4
	9344 3840
	9792 3840
	9792 3872
	9344 3872
4
	9824 3840
	10048 3840
	10048 3872
	9824 3872
4
	0 3872
	1696 3872
	1696 3904
	0 3904
4
	3104 3872
	3296 3872
	3296 3904
	3104 3904
4
	4640 3872
	4832 3872
	4832 3904
	4640 3904
4
	6752 3872
	8352 3872
	8352 3904
	6752 3904
4
	9824 3872
	10048 3872
	10048 3904
	9824 3904
4
	0 3904
	1696 3904
	1696 3936
	0 3936
4
	6752 3904
	8352 3904
	8352 3936
	6752 3936
4
	9824 3904
	10048 3904
	10048 3936
	9824 3936
4
	0 3936
	1696 3936
	1696 3968
	0 3968
4
	6752 3936
	8352 3936
	8352 3968
	6752 3968
4
	9824 3936
	10048 3936
	10048 3968
	9824 3968
4
	0 3968
	1696 3968
	1696 4000
	0 4000
4
	3104 3968
	3296 3968
	3296 4000
	3104 4000
4
	4640 3968
	4832 3968
	4832 4000
	4640 4000
4
	6752 3968
	8352 3968
	8352 4000
	6752 4000
4
	9824 3968
	10048 3968
	10048 4000
	9824 4000
4
	0 4000
	1696 4000
	1696 4032
	0 4032
4
	3104 4000
	3296 4000
	3296 4032
	3104 4032
4
	4608 4000
	4832 4000
	4832 4032
	4608 4032
4
	6752 4000
	8352 4000
	8352 4032
	6752 4032
4
	9824 4000
	10048 4000
	10048 4032
	9824 4032
4
	0 4032
	1696 4032
	1696 4064
	0 4064
4
	3104 4032
	3296 4032
	3296 4064
	3104 4064
4
	3872 4032
	4832 4032
	4832 4064
	3872 4064
4
	6752 4032
	8352 4032
	8352 4064
	6752 4064
4
	9824 4032
	10048 4032
	10048 4064
	9824 4064
4
	0 4064
	1696 4064
	1696 4096
	0 4096
4
	3136 4064
	3264 4064
	3264 4096
	3136 4096
4
	3360 4064
	3456 4064
	3456 4096
	3360 4096
4
	3648 4064
	3776 4064
	3776 4096
	3648 4096
4
	3872 4064
	4768 4064
	4768 4096
	3872 4096
4
	6752 4064
	8352 4064
	8352 4096
	6752 4096
4
	9824 4064
	10048 4064
	10048 4096
	9824 4096
4
	0 4096
	1696 4096
	1696 4128
	0 4128
4
	3136 4096
	3264 4096
	3264 4128
	3136 4128
4
	3360 4096
	3456 4096
	3456 4128
	3360 4128
4
	3648 4096
	3776 4096
	3776 4128
	3648 4128
4
	3968 4096
	4768 4096
	4768 4128
	3968 4128
4
	6752 4096
	8352 4096
	8352 4128
	6752 4128
4
	9824 4096
	10048 4096
	10048 4128
	9824 4128
4
	0 4128
	1696 4128
	1696 4160
	0 4160
4
	2112 4128
	2240 4128
	2240 4160
	2112 4160
4
	2624 4128
	2752 4128
	2752 4160
	2624 4160
4
	3072 4128
	3264 4128
	3264 4160
	3072 4160
4
	3360 4128
	3456 4128
	3456 4160
	3360 4160
4
	3648 4128
	3776 4128
	3776 4160
	3648 4160
4
	3968 4128
	4864 4128
	4864 4160
	3968 4160
4
	5728 4128
	5824 4128
	5824 4160
	5728 4160
4
	6656 4128
	8448 4128
	8448 4160
	6656 4160
4
	8768 4128
	8896 4128
	8896 4160
	8768 4160
4
	9280 4128
	9408 4128
	9408 4160
	9280 4160
4
	9728 4128
	10048 4128
	10048 4160
	9728 4160
4
	0 4160
	1696 4160
	1696 4192
	0 4192
4
	2112 4160
	2240 4160
	2240 4192
	2112 4192
4
	2624 4160
	2752 4160
	2752 4192
	2624 4192
4
	3072 4160
	4864 4160
	4864 4192
	3072 4192
4
	5728 4160
	5856 4160
	5856 4192
	5728 4192
4
	6656 4160
	8448 4160
	8448 4192
	6656 4192
4
	8768 4160
	8896 4160
	8896 4192
	8768 4192
4
	9280 4160
	9408 4160
	9408 4192
	9280 4192
4
	9728 4160
	10048 4160
	10048 4192
	9728 4192
4
	0 4192
	1696 4192
	1696 4224
	0 4224
4
	2112 4192
	2240 4192
	2240 4224
	2112 4224
4
	2624 4192
	2752 4192
	2752 4224
	2624 4224
4
	3072 4192
	4864 4192
	4864 4224
	3072 4224
4
	5696 4192
	5920 4192
	5920 4224
	5696 4224
4
	6656 4192
	8448 4192
	8448 4224
	6656 4224
4
	8768 4192
	8896 4192
	8896 4224
	8768 4224
4
	9280 4192
	9408 4192
	9408 4224
	9280 4224
4
	9728 4192
	10048 4192
	10048 4224
	9728 4224
4
	0 4224
	1696 4224
	1696 4256
	0 4256
4
	2112 4224
	2240 4224
	2240 4256
	2112 4256
4
	2624 4224
	2752 4224
	2752 4256
	2624 4256
4
	2976 4224
	4864 4224
	4864 4256
	2976 4256
4
	5696 4224
	5920 4224
	5920 4256
	5696 4256
4
	6656 4224
	7648 4224
	7648 4256
	6656 4256
4
	7744 4224
	7872 4224
	7872 4256
	7744 4256
4
	8192 4224
	8448 4224
	8448 4256
	8192 4256
4
	8768 4224
	8896 4224
	8896 4256
	8768 4256
4
	9280 4224
	9408 4224
	9408 4256
	9280 4256
4
	9728 4224
	10048 4224
	10048 4256
	9728 4256
4
	0 4256
	1696 4256
	1696 4288
	0 4288
4
	2976 4256
	4768 4256
	4768 4288
	2976 4288
4
	5696 4256
	5920 4256
	5920 4288
	5696 4288
4
	6752 4256
	7648 4256
	7648 4288
	6752 4288
4
	7744 4256
	7872 4256
	7872 4288
	7744 4288
4
	8192 4256
	8384 4256
	8384 4288
	8192 4288
4
	9824 4256
	10048 4256
	10048 4288
	9824 4288
4
	0 4288
	1696 4288
	1696 4320
	0 4320
4
	2976 4288
	4768 4288
	4768 4320
	2976 4320
4
	5696 4288
	5920 4288
	5920 4320
	5696 4320
4
	6752 4288
	7648 4288
	7648 4320
	6752 4320
4
	7744 4288
	7872 4288
	7872 4320
	7744 4320
4
	8192 4288
	8384 4288
	8384 4320
	8192 4320
4
	9824 4288
	10048 4288
	10048 4320
	9824 4320
4
	0 4320
	1696 4320
	1696 4352
	0 4352
4
	2976 4320
	4768 4320
	4768 4352
	2976 4352
4
	5696 4320
	5920 4320
	5920 4352
	5696 4352
4
	6688 4320
	7648 4320
	7648 4352
	6688 4352
4
	8224 4320
	8416 4320
	8416 4352
	8224 4352
4
	9760 4320
	10048 4320
	10048 4352
	9760 4352
4
	0 4352
	1696 4352
	1696 4384
	0 4384
4
	2976 4352
	4768 4352
	4768 4384
	2976 4384
4
	5696 4352
	5920 4352
	5920 4384
	5696 4384
4
	6688 4352
	6912 4352
	6912 4384
	6688 4384
4
	8224 4352
	8416 4352
	8416 4384
	8224 4384
4
	9760 4352
	10048 4352
	10048 4384
	9760 4384
4
	0 4384
	1696 4384
	1696 4416
	0 4416
4
	2976 4384
	4768 4384
	4768 4416
	2976 4416
4
	6688 4384
	6880 4384
	6880 4416
	6688 4416
4
	8224 4384
	8416 4384
	8416 4416
	8224 4416
4
	9760 4384
	10048 4384
	10048 4416
	9760 4416
4
	0 4416
	1696 4416
	1696 4448
	0 4448
4
	2976 4416
	4768 4416
	4768 4448
	2976 4448
4
	9824 4416
	10048 4416
	10048 4448
	9824 4448
4
	0 4448
	1696 4448
	1696 4480
	0 4480
4
	2976 4448
	4768 4448
	4768 4480
	2976 4480
4
	9824 4448
	10048 4448
	10048 4480
	9824 4480
4
	0 4480
	1696 4480
	1696 4512
	0 4512
4
	2976 4480
	4768 4480
	4768 4512
	2976 4512
4
	6688 4480
	6880 4480
	6880 4512
	6688 4512
4
	8224 4480
	8416 4480
	8416 4512
	8224 4512
4
	9760 4480
	10048 4480
	10048 4512
	9760 4512
4
	0 4512
	1696 4512
	1696 4544
	0 4544
4
	2976 4512
	4768 4512
	4768 4544
	2976 4544
4
	6688 4512
	6912 4512
	6912 4544
	6688 4544
4
	8224 4512
	8416 4512
	8416 4544
	8224 4544
4
	9760 4512
	10048 4512
	10048 4544
	9760 4544
4
	0 4544
	1696 4544
	1696 4576
	0 4576
4
	2976 4544
	4768 4544
	4768 4576
	2976 4576
4
	6688 4544
	7648 4544
	7648 4576
	6688 4576
4
	8224 4544
	8416 4544
	8416 4576
	8224 4576
4
	9760 4544
	10048 4544
	10048 4576
	9760 4576
4
	0 4576
	1728 4576
	1728 4608
	0 4608
4
	2112 4576
	2240 4576
	2240 4608
	2112 4608
4
	2624 4576
	2752 4576
	2752 4608
	2624 4608
4
	2976 4576
	4768 4576
	4768 4608
	2976 4608
4
	6720 4576
	7648 4576
	7648 4608
	6720 4608
4
	7744 4576
	7872 4576
	7872 4608
	7744 4608
4
	8192 4576
	8352 4576
	8352 4608
	8192 4608
4
	9824 4576
	10048 4576
	10048 4608
	9824 4608
4
	0 4608
	1728 4608
	1728 4640
	0 4640
4
	2112 4608
	2240 4608
	2240 4640
	2112 4640
4
	2304 4608
	2400 4608
	2400 4640
	2304 4640
4
	2464 4608
	2560 4608
	2560 4640
	2464 4640
4
	2624 4608
	2752 4608
	2752 4640
	2624 4640
4
	2976 4608
	4768 4608
	4768 4640
	2976 4640
4
	6720 4608
	7648 4608
	7648 4640
	6720 4640
4
	7744 4608
	7872 4608
	7872 4640
	7744 4640
4
	8192 4608
	8352 4608
	8352 4640
	8192 4640
4
	9824 4608
	10048 4608
	10048 4640
	9824 4640
4
	0 4640
	1728 4640
	1728 4672
	0 4672
4
	2080 4640
	2400 4640
	2400 4672
	2080 4672
4
	2464 4640
	2560 4640
	2560 4672
	2464 4672
4
	2624 4640
	2752 4640
	2752 4672
	2624 4672
4
	3072 4640
	4864 4640
	4864 4672
	3072 4672
4
	6656 4640
	7648 4640
	7648 4672
	6656 4672
4
	7744 4640
	7872 4640
	7872 4672
	7744 4672
4
	8192 4640
	8448 4640
	8448 4672
	8192 4672
4
	8768 4640
	8896 4640
	8896 4672
	8768 4672
4
	9280 4640
	9408 4640
	9408 4672
	9280 4672
4
	9728 4640
	10048 4640
	10048 4672
	9728 4672
4
	0 4672
	2400 4672
	2400 4704
	0 4704
4
	2464 4672
	4864 4672
	4864 4704
	2464 4704
4
	6656 4672
	8448 4672
	8448 4704
	6656 4704
4
	8768 4672
	8896 4672
	8896 4704
	8768 4704
4
	9280 4672
	9408 4672
	9408 4704
	9280 4704
4
	9728 4672
	10048 4672
	10048 4704
	9728 4704
4
	0 4704
	2400 4704
	2400 4736
	0 4736
4
	2464 4704
	4864 4704
	4864 4736
	2464 4736
4
	6656 4704
	8448 4704
	8448 4736
	6656 4736
4
	8768 4704
	8896 4704
	8896 4736
	8768 4736
4
	9280 4704
	9408 4704
	9408 4736
	9280 4736
4
	9728 4704
	10048 4704
	10048 4736
	9728 4736
4
	0 4736
	2400 4736
	2400 4768
	0 4768
4
	2464 4736
	2560 4736
	2560 4768
	2464 4768
4
	2624 4736
	4864 4736
	4864 4768
	2624 4768
4
	6656 4736
	8448 4736
	8448 4768
	6656 4768
4
	8768 4736
	8896 4736
	8896 4768
	8768 4768
4
	9280 4736
	9408 4736
	9408 4768
	9280 4768
4
	9728 4736
	10048 4736
	10048 4768
	9728 4768
4
	0 4768
	2208 4768
	2208 4800
	0 4800
4
	2304 4768
	2400 4768
	2400 4800
	2304 4800
4
	2464 4768
	2560 4768
	2560 4800
	2464 4800
4
	2624 4768
	4768 4768
	4768 4800
	2624 4800
4
	6592 4768
	8352 4768
	8352 4800
	6592 4800
4
	9824 4768
	10048 4768
	10048 4800
	9824 4800
4
	0 4800
	2208 4800
	2208 4832
	0 4832
4
	2624 4800
	4768 4800
	4768 4832
	2624 4832
4
	4896 4800
	4960 4800
	4960 4832
	4896 4832
4
	6560 4800
	8352 4800
	8352 4832
	6560 4832
4
	9824 4800
	10048 4800
	10048 4832
	9824 4832
4
	0 4832
	2208 4832
	2208 4864
	0 4864
4
	2656 4832
	4768 4832
	4768 4864
	2656 4864
4
	4864 4832
	4992 4832
	4992 4864
	4864 4864
4
	6528 4832
	8352 4832
	8352 4864
	6528 4864
4
	9824 4832
	10048 4832
	10048 4864
	9824 4864
4
	0 4864
	2208 4864
	2208 4896
	0 4896
4
	2656 4864
	4768 4864
	4768 4896
	2656 4896
4
	4832 4864
	5024 4864
	5024 4896
	4832 4896
4
	6496 4864
	8352 4864
	8352 4896
	6496 4896
4
	9824 4864
	10048 4864
	10048 4896
	9824 4896
4
	0 4896
	2208 4896
	2208 4928
	0 4928
4
	2656 4896
	4768 4896
	4768 4928
	2656 4928
4
	4800 4896
	5056 4896
	5056 4928
	4800 4928
4
	6464 4896
	8352 4896
	8352 4928
	6464 4928
4
	9824 4896
	10048 4896
	10048 4928
	9824 4928
4
	0 4928
	2208 4928
	2208 4960
	0 4960
4
	2656 4928
	5088 4928
	5088 4960
	2656 4960
4
	6432 4928
	8352 4928
	8352 4960
	6432 4960
4
	9824 4928
	10048 4928
	10048 4960
	9824 4960
4
	0 4960
	2208 4960
	2208 4992
	0 4992
4
	2656 4960
	5120 4960
	5120 4992
	2656 4992
4
	6400 4960
	8352 4960
	8352 4992
	6400 4992
4
	9824 4960
	10048 4960
	10048 4992
	9824 4992
4
	0 4992
	2208 4992
	2208 5024
	0 5024
4
	2656 4992
	5152 4992
	5152 5024
	2656 5024
4
	6368 4992
	8352 4992
	8352 5024
	6368 5024
4
	9824 4992
	10048 4992
	10048 5024
	9824 5024
4
	0 5024
	2208 5024
	2208 5056
	0 5056
4
	2656 5024
	5184 5024
	5184 5056
	2656 5056
4
	6336 5024
	8352 5024
	8352 5056
	6336 5056
4
	9824 5024
	10048 5024
	10048 5056
	9824 5056
4
	0 5056
	2208 5056
	2208 5088
	0 5088
4
	2656 5056
	5216 5056
	5216 5088
	2656 5088
4
	6336 5056
	8352 5056
	8352 5088
	6336 5088
4
	9824 5056
	10048 5056
	10048 5088
	9824 5088
4
	0 5088
	2208 5088
	2208 5120
	0 5120
4
	2656 5088
	5312 5088
	5312 5120
	2656 5120
4
	5696 5088
	5824 5088
	5824 5120
	5696 5120
4
	6208 5088
	8352 5088
	8352 5120
	6208 5120
4
	9824 5088
	10048 5088
	10048 5120
	9824 5120
4
	0 5120
	2208 5120
	2208 5152
	0 5152
4
	2656 5120
	5312 5120
	5312 5152
	2656 5152
4
	5376 5120
	5472 5120
	5472 5152
	5376 5152
4
	5536 5120
	5632 5120
	5632 5152
	5536 5152
4
	5696 5120
	5824 5120
	5824 5152
	5696 5152
4
	6208 5120
	8352 5120
	8352 5152
	6208 5152
4
	9824 5120
	10048 5120
	10048 5152
	9824 5152
4
	0 5152
	2304 5152
	2304 5184
	0 5184
4
	2560 5152
	5312 5152
	5312 5184
	2560 5184
4
	5376 5152
	5472 5152
	5472 5184
	5376 5184
4
	5536 5152
	5632 5152
	5632 5184
	5536 5184
4
	5696 5152
	5824 5152
	5824 5184
	5696 5184
4
	6208 5152
	8448 5152
	8448 5184
	6208 5184
4
	9728 5152
	10048 5152
	10048 5184
	9728 5184
4
	0 5184
	2304 5184
	2304 5216
	0 5216
4
	2560 5184
	5472 5184
	5472 5216
	2560 5216
4
	5536 5184
	10048 5184
	10048 5216
	5536 5216
4
	0 5216
	2304 5216
	2304 5248
	0 5248
4
	2560 5216
	5472 5216
	5472 5248
	2560 5248
4
	5536 5216
	10048 5216
	10048 5248
	5536 5248
4
	0 5248
	2304 5248
	2304 5280
	0 5280
4
	2560 5248
	5472 5248
	5472 5280
	2560 5280
4
	5536 5248
	10048 5248
	10048 5280
	5536 5280
4
	0 5280
	2240 5280
	2240 5312
	0 5312
4
	2656 5280
	5472 5280
	5472 5312
	2656 5312
4
	5536 5280
	10048 5280
	10048 5312
	5536 5312
4
	0 5312
	2240 5312
	2240 5344
	0 5344
4
	2656 5312
	5440 5312
	5440 5344
	2656 5344
4
	5568 5312
	10048 5312
	10048 5344
	5568 5344
4
	0 5344
	2240 5344
	2240 5376
	0 5376
4
	2656 5344
	5408 5344
	5408 5376
	2656 5376
4
	5600 5344
	10048 5344
	10048 5376
	5600 5376
4
	0 5376
	2240 5376
	2240 5408
	0 5408
4
	2656 5376
	5408 5376
	5408 5408
	2656 5408
4
	5600 5376
	10048 5376
	10048 5408
	5600 5408
4
	0 5408
	2240 5408
	2240 5440
	0 5440
4
	2656 5408
	5408 5408
	5408 5440
	2656 5440
4
	5600 5408
	10048 5408
	10048 5440
	5600 5440
4
	0 5440
	2240 5440
	2240 5472
	0 5472
4
	2656 5440
	5408 5440
	5408 5472
	2656 5472
4
	5600 5440
	10048 5440
	10048 5472
	5600 5472
4
	0 5472
	2240 5472
	2240 5504
	0 5504
4
	2656 5472
	5408 5472
	5408 5504
	2656 5504
4
	5600 5472
	10048 5472
	10048 5504
	5600 5504
4
	0 5504
	2240 5504
	2240 5536
	0 5536
4
	2656 5504
	5408 5504
	5408 5536
	2656 5536
4
	5600 5504
	10048 5504
	10048 5536
	5600 5536
4
	0 5536
	2240 5536
	2240 5568
	0 5568
4
	2656 5536
	5408 5536
	5408 5568
	2656 5568
4
	5600 5536
	10048 5536
	10048 5568
	5600 5568
4
	0 5568
	2240 5568
	2240 5600
	0 5600
4
	2656 5568
	5408 5568
	5408 5600
	2656 5600
4
	5600 5568
	10048 5568
	10048 5600
	5600 5600
4
	0 5600
	2240 5600
	2240 5632
	0 5632
4
	2656 5600
	5408 5600
	5408 5632
	2656 5632
4
	5600 5600
	10048 5600
	10048 5632
	5600 5632
4
	0 5632
	2240 5632
	2240 5664
	0 5664
4
	2656 5632
	5408 5632
	5408 5664
	2656 5664
4
	5600 5632
	10048 5632
	10048 5664
	5600 5664
4
	0 5664
	2272 5664
	2272 5696
	0 5696
4
	2560 5664
	5408 5664
	5408 5696
	2560 5696
4
	5600 5664
	10048 5664
	10048 5696
	5600 5696
4
	0 5696
	2272 5696
	2272 5728
	0 5728
4
	2560 5696
	5408 5696
	5408 5728
	2560 5728
4
	5600 5696
	10048 5696
	10048 5728
	5600 5728
4
	0 5728
	2272 5728
	2272 5760
	0 5760
4
	2560 5728
	5408 5728
	5408 5760
	2560 5760
4
	5600 5728
	10048 5728
	10048 5760
	5600 5760
4
	0 5760
	2272 5760
	2272 5792
	0 5792
4
	2560 5760
	5408 5760
	5408 5792
	2560 5792
4
	5600 5760
	10048 5760
	10048 5792
	5600 5792
4
	0 5792
	2176 5792
	2176 5824
	0 5824
4
	2656 5792
	5280 5792
	5280 5824
	2656 5824
4
	5344 5792
	5408 5792
	5408 5824
	5344 5824
4
	5600 5792
	5664 5792
	5664 5824
	5600 5824
4
	5728 5792
	10048 5792
	10048 5824
	5728 5824
4
	0 5824
	2176 5824
	2176 5856
	0 5856
4
	2656 5824
	5280 5824
	5280 5856
	2656 5856
4
	5344 5824
	5408 5824
	5408 5856
	5344 5856
4
	5600 5824
	5664 5824
	5664 5856
	5600 5856
4
	5728 5824
	10048 5824
	10048 5856
	5728 5856
4
	0 5856
	2176 5856
	2176 5888
	0 5888
4
	2656 5856
	5280 5856
	5280 5888
	2656 5888
4
	5344 5856
	5408 5856
	5408 5888
	5344 5888
4
	5600 5856
	5664 5856
	5664 5888
	5600 5888
4
	5728 5856
	10048 5856
	10048 5888
	5728 5888
4
	0 5888
	2176 5888
	2176 5920
	0 5920
4
	2656 5888
	5280 5888
	5280 5920
	2656 5920
4
	5344 5888
	5408 5888
	5408 5920
	5344 5920
4
	5600 5888
	5664 5888
	5664 5920
	5600 5920
4
	5728 5888
	10048 5888
	10048 5920
	5728 5920
4
	0 5920
	2176 5920
	2176 5952
	0 5952
4
	2656 5920
	5280 5920
	5280 5952
	2656 5952
4
	5344 5920
	5408 5920
	5408 5952
	5344 5952
4
	5600 5920
	5664 5920
	5664 5952
	5600 5952
4
	5728 5920
	10048 5920
	10048 5952
	5728 5952
4
	0 5952
	2176 5952
	2176 5984
	0 5984
4
	2656 5952
	5280 5952
	5280 5984
	2656 5984
4
	5344 5952
	5408 5952
	5408 5984
	5344 5984
4
	5600 5952
	5664 5952
	5664 5984
	5600 5984
4
	5728 5952
	10048 5952
	10048 5984
	5728 5984
4
	0 5984
	2176 5984
	2176 6016
	0 6016
4
	2656 5984
	5280 5984
	5280 6016
	2656 6016
4
	5344 5984
	5408 5984
	5408 6016
	5344 6016
4
	5600 5984
	5664 5984
	5664 6016
	5600 6016
4
	5728 5984
	10048 5984
	10048 6016
	5728 6016
4
	0 6016
	2176 6016
	2176 6048
	0 6048
4
	2656 6016
	5280 6016
	5280 6048
	2656 6048
4
	5344 6016
	5408 6016
	5408 6048
	5344 6048
4
	5600 6016
	5664 6016
	5664 6048
	5600 6048
4
	5728 6016
	10048 6016
	10048 6048
	5728 6048
4
	0 6048
	2176 6048
	2176 6080
	0 6080
4
	2656 6048
	5280 6048
	5280 6080
	2656 6080
4
	5344 6048
	5408 6048
	5408 6080
	5344 6080
4
	5600 6048
	5664 6048
	5664 6080
	5600 6080
4
	5728 6048
	10048 6048
	10048 6080
	5728 6080
4
	0 6080
	2176 6080
	2176 6112
	0 6112
4
	2656 6080
	5280 6080
	5280 6112
	2656 6112
4
	5728 6080
	10048 6080
	10048 6112
	5728 6112
4
	0 6112
	2176 6112
	2176 6144
	0 6144
4
	2656 6112
	5312 6112
	5312 6144
	2656 6144
4
	5728 6112
	10048 6112
	10048 6144
	5728 6144
4
	0 6144
	2176 6144
	2176 6176
	0 6176
4
	2656 6144
	5312 6144
	5312 6176
	2656 6176
4
	5376 6144
	5472 6144
	5472 6176
	5376 6176
4
	5536 6144
	5632 6144
	5632 6176
	5536 6176
4
	5728 6144
	10048 6144
	10048 6176
	5728 6176
4
	0 6176
	2176 6176
	2176 6208
	0 6208
4
	2656 6176
	5472 6176
	5472 6208
	2656 6208
4
	5536 6176
	10048 6176
	10048 6208
	5536 6208
4
	0 6208
	2176 6208
	2176 6240
	0 6240
4
	2656 6208
	5472 6208
	5472 6240
	2656 6240
4
	5536 6208
	10048 6208
	10048 6240
	5536 6240
4
	0 6240
	2176 6240
	2176 6272
	0 6272
4
	2560 6240
	3264 6240
	3264 6272
	2560 6272
4
	3360 6240
	3488 6240
	3488 6272
	3360 6272
4
	3840 6240
	3968 6240
	3968 6272
	3840 6272
4
	4384 6240
	4512 6240
	4512 6272
	4384 6272
4
	4928 6240
	5056 6240
	5056 6272
	4928 6272
4
	5184 6240
	5472 6240
	5472 6272
	5184 6272
4
	5536 6240
	10048 6240
	10048 6272
	5536 6272
4
	0 6272
	2176 6272
	2176 6304
	0 6304
4
	2560 6272
	2688 6272
	2688 6304
	2560 6304
4
	3136 6272
	3264 6272
	3264 6304
	3136 6304
4
	3360 6272
	3488 6272
	3488 6304
	3360 6304
4
	3840 6272
	3968 6272
	3968 6304
	3840 6304
4
	4384 6272
	4512 6272
	4512 6304
	4384 6304
4
	4928 6272
	5056 6272
	5056 6304
	4928 6304
4
	5184 6272
	5472 6272
	5472 6304
	5184 6304
4
	5536 6272
	5888 6272
	5888 6304
	5536 6304
4
	6208 6272
	6336 6272
	6336 6304
	6208 6304
4
	6720 6272
	10048 6272
	10048 6304
	6720 6304
4
	0 6304
	2176 6304
	2176 6336
	0 6336
4
	2560 6304
	2688 6304
	2688 6336
	2560 6336
4
	3136 6304
	3264 6304
	3264 6336
	3136 6336
4
	3360 6304
	3488 6304
	3488 6336
	3360 6336
4
	3840 6304
	3968 6304
	3968 6336
	3840 6336
4
	4384 6304
	4512 6304
	4512 6336
	4384 6336
4
	4928 6304
	5056 6304
	5056 6336
	4928 6336
4
	5184 6304
	5312 6304
	5312 6336
	5184 6336
4
	5376 6304
	5472 6304
	5472 6336
	5376 6336
4
	5536 6304
	5632 6304
	5632 6336
	5536 6336
4
	5696 6304
	5824 6304
	5824 6336
	5696 6336
4
	6208 6304
	6336 6304
	6336 6336
	6208 6336
4
	6720 6304
	10048 6304
	10048 6336
	6720 6336
4
	0 6336
	2176 6336
	2176 6368
	0 6368
4
	2560 6336
	2688 6336
	2688 6368
	2560 6368
4
	3136 6336
	3264 6336
	3264 6368
	3136 6368
4
	3360 6336
	3488 6336
	3488 6368
	3360 6368
4
	3840 6336
	3968 6336
	3968 6368
	3840 6368
4
	4384 6336
	4512 6336
	4512 6368
	4384 6368
4
	4928 6336
	5056 6336
	5056 6368
	4928 6368
4
	5216 6336
	5280 6336
	5280 6368
	5216 6368
4
	5696 6336
	5824 6336
	5824 6368
	5696 6368
4
	6208 6336
	6336 6336
	6336 6368
	6208 6368
4
	6720 6336
	10048 6336
	10048 6368
	6720 6368
4
	0 6368
	2176 6368
	2176 6400
	0 6400
4
	5152 6368
	5344 6368
	5344 6400
	5152 6400
4
	5664 6368
	5856 6368
	5856 6400
	5664 6400
4
	6816 6368
	7264 6368
	7264 6400
	6816 6400
4
	7328 6368
	10048 6368
	10048 6400
	7328 6400
4
	0 6400
	2176 6400
	2176 6432
	0 6432
4
	5152 6400
	5344 6400
	5344 6432
	5152 6432
4
	5664 6400
	5856 6400
	5856 6432
	5664 6432
4
	7776 6400
	10048 6400
	10048 6432
	7776 6432
4
	0 6432
	2176 6432
	2176 6464
	0 6464
4
	5152 6432
	5344 6432
	5344 6464
	5152 6464
4
	5664 6432
	5856 6432
	5856 6464
	5664 6464
4
	7776 6432
	10048 6432
	10048 6464
	7776 6464
4
	0 6464
	2176 6464
	2176 6496
	0 6496
4
	7776 6464
	10048 6464
	10048 6496
	7776 6496
4
	0 6496
	2176 6496
	2176 6528
	0 6528
4
	7776 6496
	10048 6496
	10048 6528
	7776 6528
4
	0 6528
	2176 6528
	2176 6560
	0 6560
4
	5152 6528
	5344 6528
	5344 6560
	5152 6560
4
	5664 6528
	5856 6528
	5856 6560
	5664 6560
4
	7776 6528
	10048 6528
	10048 6560
	7776 6560
4
	0 6560
	2176 6560
	2176 6592
	0 6592
4
	5152 6560
	5344 6560
	5344 6592
	5152 6592
4
	5664 6560
	5856 6560
	5856 6592
	5664 6592
4
	7776 6560
	10048 6560
	10048 6592
	7776 6592
4
	0 6592
	2176 6592
	2176 6624
	0 6624
4
	5152 6592
	5344 6592
	5344 6624
	5152 6624
4
	5664 6592
	5856 6592
	5856 6624
	5664 6624
4
	7776 6592
	10048 6592
	10048 6624
	7776 6624
4
	0 6624
	2176 6624
	2176 6656
	0 6656
4
	3360 6624
	3488 6624
	3488 6656
	3360 6656
4
	3840 6624
	3968 6624
	3968 6656
	3840 6656
4
	4384 6624
	4512 6624
	4512 6656
	4384 6656
4
	4928 6624
	5056 6624
	5056 6656
	4928 6656
4
	5184 6624
	5312 6624
	5312 6656
	5184 6656
4
	5696 6624
	5824 6624
	5824 6656
	5696 6656
4
	6208 6624
	6336 6624
	6336 6656
	6208 6656
4
	6784 6624
	6912 6624
	6912 6656
	6784 6656
4
	7776 6624
	10048 6624
	10048 6656
	7776 6656
4
	0 6656
	2176 6656
	2176 6688
	0 6688
4
	3360 6656
	3488 6656
	3488 6688
	3360 6688
4
	3840 6656
	3968 6656
	3968 6688
	3840 6688
4
	4384 6656
	4512 6656
	4512 6688
	4384 6688
4
	4928 6656
	5056 6656
	5056 6688
	4928 6688
4
	5184 6656
	5312 6656
	5312 6688
	5184 6688
4
	5376 6656
	5472 6656
	5472 6688
	5376 6688
4
	5536 6656
	5632 6656
	5632 6688
	5536 6688
4
	5696 6656
	5824 6656
	5824 6688
	5696 6688
4
	6208 6656
	6336 6656
	6336 6688
	6208 6688
4
	6784 6656
	6912 6656
	6912 6688
	6784 6688
4
	7776 6656
	10048 6656
	10048 6688
	7776 6688
4
	0 6688
	2176 6688
	2176 6720
	0 6720
4
	3360 6688
	3488 6688
	3488 6720
	3360 6720
4
	3840 6688
	3968 6688
	3968 6720
	3840 6720
4
	4384 6688
	4512 6688
	4512 6720
	4384 6720
4
	4928 6688
	5056 6688
	5056 6720
	4928 6720
4
	5120 6688
	5312 6688
	5312 6720
	5120 6720
4
	5376 6688
	5472 6688
	5472 6720
	5376 6720
4
	5536 6688
	5824 6688
	5824 6720
	5536 6720
4
	6208 6688
	6336 6688
	6336 6720
	6208 6720
4
	6784 6688
	6912 6688
	6912 6720
	6784 6720
4
	7680 6688
	10048 6688
	10048 6720
	7680 6720
4
	0 6720
	2176 6720
	2176 6752
	0 6752
4
	2688 6720
	3200 6720
	3200 6752
	2688 6752
4
	3360 6720
	3488 6720
	3488 6752
	3360 6752
4
	3840 6720
	3968 6720
	3968 6752
	3840 6752
4
	4384 6720
	4512 6720
	4512 6752
	4384 6752
4
	4928 6720
	5056 6720
	5056 6752
	4928 6752
4
	5120 6720
	6912 6720
	6912 6752
	5120 6752
4
	7680 6720
	10048 6720
	10048 6752
	7680 6752
4
	0 6752
	6816 6752
	6816 6784
	0 6784
4
	7680 6752
	10048 6752
	10048 6784
	7680 6784
4
	0 6784
	6816 6784
	6816 6816
	0 6816
4
	7680 6784
	10048 6784
	10048 6816
	7680 6816
4
	0 6816
	6816 6816
	6816 6848
	0 6848
4
	7776 6816
	10048 6816
	10048 6848
	7776 6848
4
	0 6848
	6816 6848
	6816 6880
	0 6880
4
	7776 6848
	10048 6848
	10048 6880
	7776 6880
4
	0 6880
	6816 6880
	6816 6912
	0 6912
4
	7712 6880
	10048 6880
	10048 6912
	7712 6912
4
	0 6912
	6816 6912
	6816 6944
	0 6944
4
	7712 6912
	10048 6912
	10048 6944
	7712 6944
4
	0 6944
	6816 6944
	6816 6976
	0 6976
4
	7712 6944
	10048 6944
	10048 6976
	7712 6976
4
	0 6976
	6816 6976
	6816 7008
	0 7008
4
	7776 6976
	10048 6976
	10048 7008
	7776 7008
4
	0 7008
	6816 7008
	6816 7040
	0 7040
4
	7776 7008
	10048 7008
	10048 7040
	7776 7040
4
	0 7040
	6816 7040
	6816 7072
	0 7072
4
	7712 7040
	10048 7040
	10048 7072
	7712 7072
4
	0 7072
	6816 7072
	6816 7104
	0 7104
4
	7712 7072
	10048 7072
	10048 7104
	7712 7104
4
	0 7104
	6816 7104
	6816 7136
	0 7136
4
	7712 7104
	10048 7104
	10048 7136
	7712 7136
4
	0 7136
	6816 7136
	6816 7168
	0 7168
4
	7776 7136
	10048 7136
	10048 7168
	7776 7168
4
	0 7168
	6816 7168
	6816 7200
	0 7200
4
	7776 7168
	10048 7168
	10048 7200
	7776 7200
4
	0 7200
	6912 7200
	6912 7232
	0 7232
4
	7680 7200
	10048 7200
	10048 7232
	7680 7232
4
	0 7232
	6912 7232
	6912 7264
	0 7264
4
	7680 7232
	10048 7232
	10048 7264
	7680 7264
4
	0 7264
	6912 7264
	6912 7296
	0 7296
4
	7680 7264
	10048 7264
	10048 7296
	7680 7296
4
	0 7296
	6912 7296
	6912 7328
	0 7328
4
	7680 7296
	10048 7296
	10048 7328
	7680 7328
4
	0 7328
	6848 7328
	6848 7360
	0 7360
4
	7776 7328
	10048 7328
	10048 7360
	7776 7360
4
	0 7360
	6848 7360
	6848 7392
	0 7392
4
	7776 7360
	10048 7360
	10048 7392
	7776 7392
4
	0 7392
	6848 7392
	6848 7424
	0 7424
4
	7776 7392
	10048 7392
	10048 7424
	7776 7424
4
	0 7424
	6848 7424
	6848 7456
	0 7456
4
	7776 7424
	10048 7424
	10048 7456
	7776 7456
4
	0 7456
	6848 7456
	6848 7488
	0 7488
4
	7776 7456
	10048 7456
	10048 7488
	7776 7488
4
	0 7488
	6848 7488
	6848 7520
	0 7520
4
	7776 7488
	10048 7488
	10048 7520
	7776 7520
4
	0 7520
	6848 7520
	6848 7552
	0 7552
4
	7776 7520
	10048 7520
	10048 7552
	7776 7552
4
	0 7552
	6848 7552
	6848 7584
	0 7584
4
	7776 7552
	10048 7552
	10048 7584
	7776 7584
4
	0 7584
	6848 7584
	6848 7616
	0 7616
4
	7776 7584
	10048 7584
	10048 7616
	7776 7616
4
	0 7616
	6848 7616
	6848 7648
	0 7648
4
	7776 7616
	10048 7616
	10048 7648
	7776 7648
4
	0 7648
	6848 7648
	6848 7680
	0 7680
4
	7744 7648
	10048 7648
	10048 7680
	7744 7680
4
	0 7680
	6848 7680
	6848 7712
	0 7712
4
	7744 7680
	10048 7680
	10048 7712
	7744 7712
4
	0 7712
	6912 7712
	6912 7744
	0 7744
4
	7680 7712
	10048 7712
	10048 7744
	7680 7744
4
	0 7744
	10048 7744
	10048 7776
	0 7776
4
	0 7776
	10048 7776
	10048 7808
	0 7808
4
	0 7808
	10048 7808
	10048 7840
	0 7840
4
	0 7840
	10048 7840
	10048 7872
	0 7872
4
	0 7872
	10048 7872
	10048 7904
	0 7904
4
	0 7904
	10048 7904
	10048 7936
	0 7936
4
	0 7936
	10048 7936
	10048 7968
	0 7968
4
	0 7968
	10048 7968
	10048 8000
	0 8000
4
	0 8000
	10048 8000
	10048 8032
	0 8032
4
	0 8032
	10048 8032
	10048 8064
	0 8064
4
	0 8064
	10048 8064
	10048 8096
	0 8096
4
	0 8096
	10048 8096
	10048 8128
	0 8128
4
	0 8128
	10048 8128
	10048 8160
	0 8160
4
	0 8160
	10048 8160
	10048 8192
	0 8192
4
	0 8192
	10048 8192
	10048 8224
	0 8224
4
	0 8224
	10048 8224
	10048 8256
	0 8256
4
	0 8256
	10048 8256
	10048 8288
	0 8288
4
	0 8288
	10048 8288
	10048 8320
	0 8320
4
	0 8320
	10048 8320
	10048 8352
	0 8352
4
	-32 -32
	10080 -32
	10080 0
	-32 0
4
	-32 8352
	10080 8352
	10080 8384
	-32 8384
4
	-32 0
	0 0
	0 8352
	-32 8352
4
	10048 0
	10080 0
	10080 8352
	10048 8352
