796
4
	0 0
	4256 0
	4256 32
	0 32
4
	0 32
	4256 32
	4256 64
	0 64
4
	0 64
	4256 64
	4256 96
	0 96
4
	0 96
	4256 96
	4256 128
	0 128
4
	0 128
	4256 128
	4256 160
	0 160
4
	0 160
	4256 160
	4256 192
	0 192
4
	0 192
	4256 192
	4256 224
	0 224
4
	0 224
	4256 224
	4256 256
	0 256
4
	0 256
	4256 256
	4256 288
	0 288
4
	0 288
	4256 288
	4256 320
	0 320
4
	0 320
	4256 320
	4256 352
	0 352
4
	0 352
	4256 352
	4256 384
	0 384
4
	0 384
	4256 384
	4256 416
	0 416
4
	0 416
	4256 416
	4256 448
	0 448
4
	0 448
	4256 448
	4256 480
	0 480
4
	0 480
	4256 480
	4256 512
	0 512
4
	0 512
	4256 512
	4256 544
	0 544
4
	0 544
	4256 544
	4256 576
	0 576
4
	0 576
	4256 576
	4256 608
	0 608
4
	0 608
	4256 608
	4256 640
	0 640
4
	0 640
	4256 640
	4256 672
	0 672
4
	0 672
	4256 672
	4256 704
	0 704
4
	0 704
	4256 704
	4256 736
	0 736
4
	0 736
	4256 736
	4256 768
	0 768
4
	0 768
	4256 768
	4256 800
	0 800
4
	0 800
	4256 800
	4256 832
	0 832
4
	0 832
	4256 832
	4256 864
	0 864
4
	0 864
	4256 864
	4256 896
	0 896
4
	0 896
	4256 896
	4256 928
	0 928
4
	0 928
	4256 928
	4256 960
	0 960
4
	0 960
	4256 960
	4256 992
	0 992
4
	0 992
	4256 992
	4256 1024
	0 1024
4
	0 1024
	4256 1024
	4256 1056
	0 1056
4
	0 1056
	4256 1056
	4256 1088
	0 1088
4
	0 1088
	1440 1088
	1440 1120
	0 1120
4
	1504 1088
	4256 1088
	4256 1120
	1504 1120
4
	0 1120
	576 1120
	576 1152
	0 1152
4
	608 1120
	800 1120
	800 1152
	608 1152
4
	864 1120
	1376 1120
	1376 1152
	864 1152
4
	1600 1120
	2304 1120
	2304 1152
	1600 1152
4
	2432 1120
	2560 1120
	2560 1152
	2432 1152
4
	2848 1120
	2912 1120
	2912 1152
	2848 1152
4
	3456 1120
	3584 1120
	3584 1152
	3456 1152
4
	3616 1120
	3808 1120
	3808 1152
	3616 1152
4
	3840 1120
	4256 1120
	4256 1152
	3840 1152
4
	0 1152
	576 1152
	576 1184
	0 1184
4
	608 1152
	800 1152
	800 1184
	608 1184
4
	864 1152
	1376 1152
	1376 1184
	864 1184
4
	1600 1152
	2080 1152
	2080 1184
	1600 1184
4
	2112 1152
	2176 1152
	2176 1184
	2112 1184
4
	2848 1152
	2912 1152
	2912 1184
	2848 1184
4
	3648 1152
	3744 1152
	3744 1184
	3648 1184
4
	3840 1152
	4256 1152
	4256 1184
	3840 1184
4
	0 1184
	288 1184
	288 1216
	0 1216
4
	608 1184
	800 1184
	800 1216
	608 1216
4
	864 1184
	1376 1184
	1376 1216
	864 1216
4
	1632 1184
	2048 1184
	2048 1216
	1632 1216
4
	3680 1184
	3712 1184
	3712 1216
	3680 1216
4
	3872 1184
	4000 1184
	4000 1216
	3872 1216
4
	4032 1184
	4256 1184
	4256 1216
	4032 1216
4
	0 1216
	128 1216
	128 1248
	0 1248
4
	1056 1216
	1376 1216
	1376 1248
	1056 1248
4
	1632 1216
	2048 1216
	2048 1248
	1632 1248
4
	3872 1216
	4000 1216
	4000 1248
	3872 1248
4
	4032 1216
	4256 1216
	4256 1248
	4032 1248
4
	0 1248
	128 1248
	128 1280
	0 1280
4
	1056 1248
	1376 1248
	1376 1280
	1056 1280
4
	1632 1248
	2016 1248
	2016 1280
	1632 1280
4
	2848 1248
	2912 1248
	2912 1280
	2848 1280
4
	3872 1248
	3936 1248
	3936 1280
	3872 1280
4
	4096 1248
	4256 1248
	4256 1280
	4096 1280
4
	0 1280
	128 1280
	128 1312
	0 1312
4
	1056 1280
	1216 1280
	1216 1312
	1056 1312
4
	1632 1280
	1952 1280
	1952 1312
	1632 1312
4
	2784 1280
	3008 1280
	3008 1312
	2784 1312
4
	4064 1280
	4256 1280
	4256 1312
	4064 1312
4
	0 1312
	128 1312
	128 1344
	0 1344
4
	1056 1312
	1216 1312
	1216 1344
	1056 1344
4
	1632 1312
	1888 1312
	1888 1344
	1632 1344
4
	2784 1312
	3008 1312
	3008 1344
	2784 1344
4
	4064 1312
	4256 1312
	4256 1344
	4064 1344
4
	0 1344
	224 1344
	224 1376
	0 1376
4
	1056 1344
	1216 1344
	1216 1376
	1056 1376
4
	1632 1344
	1888 1344
	1888 1376
	1632 1376
4
	2816 1344
	3008 1344
	3008 1376
	2816 1376
4
	4096 1344
	4256 1344
	4256 1376
	4096 1376
4
	0 1376
	224 1376
	224 1408
	0 1408
4
	1056 1376
	1216 1376
	1216 1408
	1056 1408
4
	1824 1376
	1888 1376
	1888 1408
	1824 1408
4
	2560 1376
	2624 1376
	2624 1408
	2560 1408
4
	2816 1376
	3008 1376
	3008 1408
	2816 1408
4
	4064 1376
	4256 1376
	4256 1408
	4064 1408
4
	0 1408
	224 1408
	224 1440
	0 1440
4
	1056 1408
	1120 1408
	1120 1440
	1056 1440
4
	1824 1408
	1888 1408
	1888 1440
	1824 1440
4
	2528 1408
	2656 1408
	2656 1440
	2528 1440
4
	2816 1408
	3072 1408
	3072 1440
	2816 1440
4
	4032 1408
	4256 1408
	4256 1440
	4032 1440
4
	0 1440
	288 1440
	288 1472
	0 1472
4
	2528 1440
	2688 1440
	2688 1472
	2528 1472
4
	2816 1440
	3072 1440
	3072 1472
	2816 1472
4
	3360 1440
	3392 1440
	3392 1472
	3360 1472
4
	4032 1440
	4256 1440
	4256 1472
	4032 1472
4
	0 1472
	288 1472
	288 1504
	0 1504
4
	2528 1472
	3136 1472
	3136 1504
	2528 1504
4
	3328 1472
	3456 1472
	3456 1504
	3328 1504
4
	4032 1472
	4256 1472
	4256 1504
	4032 1504
4
	0 1504
	288 1504
	288 1536
	0 1536
4
	1056 1504
	1120 1504
	1120 1536
	1056 1536
4
	1344 1504
	1440 1504
	1440 1536
	1344 1536
4
	1760 1504
	1888 1504
	1888 1536
	1760 1536
4
	2528 1504
	3136 1504
	3136 1536
	2528 1536
4
	3168 1504
	3488 1504
	3488 1536
	3168 1536
4
	4032 1504
	4256 1504
	4256 1536
	4032 1536
4
	0 1536
	128 1536
	128 1568
	0 1568
4
	1056 1536
	1440 1536
	1440 1568
	1056 1568
4
	1760 1536
	1888 1536
	1888 1568
	1760 1568
4
	2560 1536
	3488 1536
	3488 1568
	2560 1568
4
	4064 1536
	4256 1536
	4256 1568
	4064 1568
4
	0 1568
	128 1568
	128 1600
	0 1600
4
	1024 1568
	1440 1568
	1440 1600
	1024 1600
4
	1760 1568
	1920 1568
	1920 1600
	1760 1600
4
	2336 1568
	3488 1568
	3488 1600
	2336 1600
4
	4096 1568
	4256 1568
	4256 1600
	4096 1600
4
	0 1600
	128 1600
	128 1632
	0 1632
4
	896 1600
	1408 1600
	1408 1632
	896 1632
4
	1792 1600
	2144 1600
	2144 1632
	1792 1632
4
	2336 1600
	3520 1600
	3520 1632
	2336 1632
4
	4096 1600
	4256 1600
	4256 1632
	4096 1632
4
	0 1632
	128 1632
	128 1664
	0 1664
4
	928 1632
	1408 1632
	1408 1664
	928 1664
4
	1760 1632
	2144 1632
	2144 1664
	1760 1664
4
	2336 1632
	2720 1632
	2720 1664
	2336 1664
4
	2880 1632
	2944 1632
	2944 1664
	2880 1664
4
	3072 1632
	3520 1632
	3520 1664
	3072 1664
4
	4128 1632
	4256 1632
	4256 1664
	4128 1664
4
	0 1664
	128 1664
	128 1696
	0 1696
4
	928 1664
	1408 1664
	1408 1696
	928 1696
4
	1760 1664
	2144 1664
	2144 1696
	1760 1696
4
	2336 1664
	2688 1664
	2688 1696
	2336 1696
4
	3136 1664
	3552 1664
	3552 1696
	3136 1696
4
	4128 1664
	4256 1664
	4256 1696
	4128 1696
4
	0 1696
	288 1696
	288 1728
	0 1728
4
	416 1696
	608 1696
	608 1728
	416 1728
4
	928 1696
	1408 1696
	1408 1728
	928 1728
4
	1760 1696
	1920 1696
	1920 1728
	1760 1728
4
	2560 1696
	2688 1696
	2688 1728
	2560 1728
4
	3232 1696
	3552 1696
	3552 1728
	3232 1728
4
	4128 1696
	4256 1696
	4256 1728
	4128 1728
4
	0 1728
	288 1728
	288 1760
	0 1760
4
	416 1728
	608 1728
	608 1760
	416 1760
4
	928 1728
	1408 1728
	1408 1760
	928 1760
4
	1760 1728
	1920 1728
	1920 1760
	1760 1760
4
	2560 1728
	2688 1728
	2688 1760
	2560 1760
4
	3232 1728
	3552 1728
	3552 1760
	3232 1760
4
	4128 1728
	4256 1728
	4256 1760
	4128 1760
4
	0 1760
	288 1760
	288 1792
	0 1792
4
	416 1760
	608 1760
	608 1792
	416 1792
4
	896 1760
	960 1760
	960 1792
	896 1792
4
	1024 1760
	1408 1760
	1408 1792
	1024 1792
4
	1760 1760
	1920 1760
	1920 1792
	1760 1792
4
	2560 1760
	2688 1760
	2688 1792
	2560 1792
4
	3296 1760
	3520 1760
	3520 1792
	3296 1792
4
	4128 1760
	4256 1760
	4256 1792
	4128 1792
4
	0 1792
	640 1792
	640 1824
	0 1824
4
	1024 1792
	1408 1792
	1408 1824
	1024 1824
4
	1792 1792
	1920 1792
	1920 1824
	1792 1824
4
	2560 1792
	2688 1792
	2688 1824
	2560 1824
4
	3296 1792
	3616 1792
	3616 1824
	3296 1824
4
	3936 1792
	4256 1792
	4256 1824
	3936 1824
4
	0 1824
	640 1824
	640 1856
	0 1856
4
	1024 1824
	1408 1824
	1408 1856
	1024 1856
4
	1632 1824
	1920 1824
	1920 1856
	1632 1856
4
	2560 1824
	2720 1824
	2720 1856
	2560 1856
4
	3296 1824
	3616 1824
	3616 1856
	3296 1856
4
	3936 1824
	4256 1824
	4256 1856
	3936 1856
4
	0 1856
	640 1856
	640 1888
	0 1888
4
	1024 1856
	1408 1856
	1408 1888
	1024 1888
4
	1632 1856
	2144 1856
	2144 1888
	1632 1888
4
	2560 1856
	2688 1856
	2688 1888
	2560 1888
4
	3328 1856
	3616 1856
	3616 1888
	3328 1888
4
	3904 1856
	4256 1856
	4256 1888
	3904 1888
4
	0 1888
	640 1888
	640 1920
	0 1920
4
	992 1888
	1408 1888
	1408 1920
	992 1920
4
	1632 1888
	2144 1888
	2144 1920
	1632 1920
4
	2304 1888
	2336 1888
	2336 1920
	2304 1920
4
	2528 1888
	2688 1888
	2688 1920
	2528 1920
4
	3328 1888
	3616 1888
	3616 1920
	3328 1920
4
	3872 1888
	4256 1888
	4256 1920
	3872 1920
4
	0 1920
	640 1920
	640 1952
	0 1952
4
	928 1920
	1408 1920
	1408 1952
	928 1952
4
	1632 1920
	2208 1920
	2208 1952
	1632 1952
4
	2528 1920
	2688 1920
	2688 1952
	2528 1952
4
	3328 1920
	3648 1920
	3648 1952
	3328 1952
4
	3680 1920
	3712 1920
	3712 1952
	3680 1952
4
	3840 1920
	4256 1920
	4256 1952
	3840 1952
4
	0 1952
	640 1952
	640 1984
	0 1984
4
	928 1952
	1408 1952
	1408 1984
	928 1984
4
	1632 1952
	2208 1952
	2208 1984
	1632 1984
4
	2272 1952
	2336 1952
	2336 1984
	2272 1984
4
	2464 1952
	2688 1952
	2688 1984
	2464 1984
4
	3328 1952
	3744 1952
	3744 1984
	3328 1984
4
	3776 1952
	4256 1952
	4256 1984
	3776 1984
4
	0 1984
	640 1984
	640 2016
	0 2016
4
	896 1984
	1408 1984
	1408 2016
	896 2016
4
	1632 1984
	2368 1984
	2368 2016
	1632 2016
4
	2432 1984
	2688 1984
	2688 2016
	2432 2016
4
	3328 1984
	4256 1984
	4256 2016
	3328 2016
4
	0 2016
	640 2016
	640 2048
	0 2048
4
	896 2016
	1408 2016
	1408 2048
	896 2048
4
	1632 2016
	2368 2016
	2368 2048
	1632 2048
4
	2432 2016
	2688 2016
	2688 2048
	2432 2048
4
	2848 2016
	2944 2016
	2944 2048
	2848 2048
4
	3328 2016
	4256 2016
	4256 2048
	3328 2048
4
	0 2048
	672 2048
	672 2080
	0 2080
4
	736 2048
	1440 2048
	1440 2080
	736 2080
4
	1504 2048
	2720 2048
	2720 2080
	1504 2080
4
	2784 2048
	2944 2048
	2944 2080
	2784 2080
4
	3328 2048
	4256 2048
	4256 2080
	3328 2080
4
	0 2080
	672 2080
	672 2112
	0 2112
4
	736 2080
	1440 2080
	1440 2112
	736 2112
4
	1504 2080
	2720 2080
	2720 2112
	1504 2112
4
	2784 2080
	2944 2080
	2944 2112
	2784 2112
4
	3328 2080
	4256 2080
	4256 2112
	3328 2112
4
	0 2112
	672 2112
	672 2144
	0 2144
4
	736 2112
	1440 2112
	1440 2144
	736 2144
4
	1504 2112
	2720 2112
	2720 2144
	1504 2144
4
	2784 2112
	2944 2112
	2944 2144
	2784 2144
4
	3328 2112
	4256 2112
	4256 2144
	3328 2144
4
	0 2144
	448 2144
	448 2176
	0 2176
4
	960 2144
	1344 2144
	1344 2176
	960 2176
4
	1504 2144
	1600 2144
	1600 2176
	1504 2176
4
	1856 2144
	2656 2144
	2656 2176
	1856 2176
4
	2816 2144
	2912 2144
	2912 2176
	2816 2176
4
	2976 2144
	3136 2144
	3136 2176
	2976 2176
4
	3328 2144
	4256 2144
	4256 2176
	3328 2176
4
	0 2176
	448 2176
	448 2208
	0 2208
4
	960 2176
	1344 2176
	1344 2208
	960 2208
4
	2080 2176
	2432 2176
	2432 2208
	2080 2208
4
	2592 2176
	2656 2176
	2656 2208
	2592 2208
4
	2816 2176
	2912 2176
	2912 2208
	2816 2208
4
	2976 2176
	3136 2176
	3136 2208
	2976 2208
4
	3328 2176
	4256 2176
	4256 2208
	3328 2208
4
	0 2208
	416 2208
	416 2240
	0 2240
4
	960 2208
	1280 2208
	1280 2240
	960 2240
4
	2080 2208
	2400 2208
	2400 2240
	2080 2240
4
	2816 2208
	2912 2208
	2912 2240
	2816 2240
4
	2976 2208
	3136 2208
	3136 2240
	2976 2240
4
	3328 2208
	4256 2208
	4256 2240
	3328 2240
4
	0 2240
	416 2240
	416 2272
	0 2272
4
	1056 2240
	1280 2240
	1280 2272
	1056 2272
4
	1504 2240
	1600 2240
	1600 2272
	1504 2272
4
	1856 2240
	1952 2240
	1952 2272
	1856 2272
4
	2080 2240
	2400 2240
	2400 2272
	2080 2272
4
	2816 2240
	2912 2240
	2912 2272
	2816 2272
4
	2976 2240
	3136 2240
	3136 2272
	2976 2272
4
	3328 2240
	4256 2240
	4256 2272
	3328 2272
4
	0 2272
	384 2272
	384 2304
	0 2304
4
	1056 2272
	1184 2272
	1184 2304
	1056 2304
4
	1504 2272
	1600 2272
	1600 2304
	1504 2304
4
	1856 2272
	1952 2272
	1952 2304
	1856 2304
4
	2080 2272
	2432 2272
	2432 2304
	2080 2304
4
	2496 2272
	2528 2272
	2528 2304
	2496 2304
4
	2816 2272
	3264 2272
	3264 2304
	2816 2304
4
	3296 2272
	4256 2272
	4256 2304
	3296 2304
4
	0 2304
	384 2304
	384 2336
	0 2336
4
	1056 2304
	1152 2304
	1152 2336
	1056 2336
4
	1504 2304
	1952 2304
	1952 2336
	1504 2336
4
	2304 2304
	2592 2304
	2592 2336
	2304 2336
4
	2816 2304
	4256 2304
	4256 2336
	2816 2336
4
	0 2336
	384 2336
	384 2368
	0 2368
4
	1024 2336
	1152 2336
	1152 2368
	1024 2368
4
	1504 2336
	1952 2336
	1952 2368
	1504 2368
4
	2304 2336
	2592 2336
	2592 2368
	2304 2368
4
	2816 2336
	4256 2336
	4256 2368
	2816 2368
4
	0 2368
	384 2368
	384 2400
	0 2400
4
	992 2368
	1152 2368
	1152 2400
	992 2400
4
	1248 2368
	1280 2368
	1280 2400
	1248 2400
4
	1504 2368
	1952 2368
	1952 2400
	1504 2400
4
	2144 2368
	2592 2368
	2592 2400
	2144 2400
4
	2816 2368
	4256 2368
	4256 2400
	2816 2400
4
	0 2400
	416 2400
	416 2432
	0 2432
4
	992 2400
	1184 2400
	1184 2432
	992 2432
4
	1216 2400
	1280 2400
	1280 2432
	1216 2432
4
	1312 2400
	1408 2400
	1408 2432
	1312 2432
4
	2144 2400
	2400 2400
	2400 2432
	2144 2432
4
	2432 2400
	2496 2400
	2496 2432
	2432 2432
4
	2816 2400
	2912 2400
	2912 2432
	2816 2432
4
	3072 2400
	3392 2400
	3392 2432
	3072 2432
4
	3456 2400
	3616 2400
	3616 2432
	3456 2432
4
	3648 2400
	4256 2400
	4256 2432
	3648 2432
4
	0 2432
	448 2432
	448 2464
	0 2464
4
	928 2432
	1408 2432
	1408 2464
	928 2464
4
	2112 2432
	2400 2432
	2400 2464
	2112 2464
4
	3008 2432
	3392 2432
	3392 2464
	3008 2464
4
	3552 2432
	3616 2432
	3616 2464
	3552 2464
4
	3648 2432
	4256 2432
	4256 2464
	3648 2464
4
	0 2464
	448 2464
	448 2496
	0 2496
4
	928 2464
	1408 2464
	1408 2496
	928 2496
4
	2112 2464
	2400 2464
	2400 2496
	2112 2496
4
	3008 2464
	3232 2464
	3232 2496
	3008 2496
4
	4000 2464
	4256 2464
	4256 2496
	4000 2496
4
	0 2496
	448 2496
	448 2528
	0 2528
4
	928 2496
	1408 2496
	1408 2528
	928 2528
4
	2112 2496
	2400 2496
	2400 2528
	2112 2528
4
	3008 2496
	3232 2496
	3232 2528
	3008 2528
4
	4064 2496
	4256 2496
	4256 2528
	4064 2528
4
	0 2528
	448 2528
	448 2560
	0 2560
4
	992 2528
	1184 2528
	1184 2560
	992 2560
4
	1280 2528
	1344 2528
	1344 2560
	1280 2560
4
	2240 2528
	2432 2528
	2432 2560
	2240 2560
4
	3072 2528
	3232 2528
	3232 2560
	3072 2560
4
	4064 2528
	4256 2528
	4256 2560
	4064 2560
4
	0 2560
	384 2560
	384 2592
	0 2592
4
	992 2560
	1152 2560
	1152 2592
	992 2592
4
	1280 2560
	1344 2560
	1344 2592
	1280 2592
4
	1696 2560
	1792 2560
	1792 2592
	1696 2592
4
	2240 2560
	2496 2560
	2496 2592
	2240 2592
4
	3072 2560
	3232 2560
	3232 2592
	3072 2592
4
	4064 2560
	4256 2560
	4256 2592
	4064 2592
4
	0 2592
	384 2592
	384 2624
	0 2624
4
	992 2592
	1152 2592
	1152 2624
	992 2624
4
	1696 2592
	1792 2592
	1792 2624
	1696 2624
4
	2304 2592
	2496 2592
	2496 2624
	2304 2624
4
	3072 2592
	3232 2592
	3232 2624
	3072 2624
4
	4064 2592
	4256 2592
	4256 2624
	4064 2624
4
	0 2624
	352 2624
	352 2656
	0 2656
4
	1024 2624
	1120 2624
	1120 2656
	1024 2656
4
	1696 2624
	1920 2624
	1920 2656
	1696 2656
4
	2240 2624
	2496 2624
	2496 2656
	2240 2656
4
	3072 2624
	3168 2624
	3168 2656
	3072 2656
4
	4096 2624
	4256 2624
	4256 2656
	4096 2656
4
	0 2656
	352 2656
	352 2688
	0 2688
4
	1056 2656
	1120 2656
	1120 2688
	1056 2688
4
	1696 2656
	1920 2656
	1920 2688
	1696 2688
4
	2240 2656
	2432 2656
	2432 2688
	2240 2688
4
	3104 2656
	3168 2656
	3168 2688
	3104 2688
4
	4096 2656
	4256 2656
	4256 2688
	4096 2688
4
	0 2688
	352 2688
	352 2720
	0 2720
4
	1056 2688
	1120 2688
	1120 2720
	1056 2720
4
	1696 2688
	1792 2688
	1792 2720
	1696 2720
4
	1824 2688
	1920 2688
	1920 2720
	1824 2720
4
	2112 2688
	2400 2688
	2400 2720
	2112 2720
4
	3104 2688
	3168 2688
	3168 2720
	3104 2720
4
	4096 2688
	4256 2688
	4256 2720
	4096 2720
4
	0 2720
	352 2720
	352 2752
	0 2752
4
	1696 2720
	1792 2720
	1792 2752
	1696 2752
4
	1824 2720
	1920 2720
	1920 2752
	1824 2752
4
	2112 2720
	2400 2720
	2400 2752
	2112 2752
4
	4096 2720
	4256 2720
	4256 2752
	4096 2752
4
	0 2752
	352 2752
	352 2784
	0 2784
4
	2112 2752
	2400 2752
	2400 2784
	2112 2784
4
	4096 2752
	4256 2752
	4256 2784
	4096 2784
4
	0 2784
	352 2784
	352 2816
	0 2816
4
	1056 2784
	1120 2784
	1120 2816
	1056 2816
4
	2176 2784
	2400 2784
	2400 2816
	2176 2816
4
	3104 2784
	3168 2784
	3168 2816
	3104 2816
4
	4096 2784
	4256 2784
	4256 2816
	4096 2816
4
	0 2816
	352 2816
	352 2848
	0 2848
4
	1056 2816
	1120 2816
	1120 2848
	1056 2848
4
	2176 2816
	2240 2816
	2240 2848
	2176 2848
4
	2272 2816
	2400 2816
	2400 2848
	2272 2848
4
	3104 2816
	3168 2816
	3168 2848
	3104 2848
4
	4096 2816
	4256 2816
	4256 2848
	4096 2848
4
	0 2848
	384 2848
	384 2880
	0 2880
4
	1024 2848
	1152 2848
	1152 2880
	1024 2880
4
	2304 2848
	2400 2848
	2400 2880
	2304 2880
4
	2592 2848
	2656 2848
	2656 2880
	2592 2880
4
	3104 2848
	3168 2848
	3168 2880
	3104 2880
4
	3392 2848
	3456 2848
	3456 2880
	3392 2880
4
	3584 2848
	3648 2848
	3648 2880
	3584 2880
4
	4064 2848
	4256 2848
	4256 2880
	4064 2880
4
	0 2880
	384 2880
	384 2912
	0 2912
4
	992 2880
	1152 2880
	1152 2912
	992 2912
4
	1728 2880
	1792 2880
	1792 2912
	1728 2912
4
	2240 2880
	2400 2880
	2400 2912
	2240 2912
4
	2592 2880
	2656 2880
	2656 2912
	2592 2912
4
	3104 2880
	3200 2880
	3200 2912
	3104 2912
4
	4064 2880
	4256 2880
	4256 2912
	4064 2912
4
	0 2912
	416 2912
	416 2944
	0 2944
4
	992 2912
	1184 2912
	1184 2944
	992 2944
4
	1344 2912
	1376 2912
	1376 2944
	1344 2944
4
	1728 2912
	1888 2912
	1888 2944
	1728 2944
4
	2240 2912
	2400 2912
	2400 2944
	2240 2944
4
	2592 2912
	2656 2912
	2656 2944
	2592 2944
4
	3104 2912
	3200 2912
	3200 2944
	3104 2944
4
	3424 2912
	3648 2912
	3648 2944
	3424 2944
4
	4096 2912
	4256 2912
	4256 2944
	4096 2944
4
	0 2944
	448 2944
	448 2976
	0 2976
4
	960 2944
	1440 2944
	1440 2976
	960 2976
4
	1696 2944
	1920 2944
	1920 2976
	1696 2976
4
	2176 2944
	2400 2944
	2400 2976
	2176 2976
4
	2560 2944
	2656 2944
	2656 2976
	2560 2976
4
	3008 2944
	3200 2944
	3200 2976
	3008 2976
4
	3424 2944
	3648 2944
	3648 2976
	3424 2976
4
	4096 2944
	4256 2944
	4256 2976
	4096 2976
4
	0 2976
	448 2976
	448 3008
	0 3008
4
	928 2976
	1440 2976
	1440 3008
	928 3008
4
	1696 2976
	1920 2976
	1920 3008
	1696 3008
4
	2176 2976
	2400 2976
	2400 3008
	2176 3008
4
	2560 2976
	2656 2976
	2656 3008
	2560 3008
4
	3008 2976
	3168 2976
	3168 3008
	3008 3008
4
	3424 2976
	3648 2976
	3648 3008
	3424 3008
4
	4096 2976
	4256 2976
	4256 3008
	4096 3008
4
	0 3008
	448 3008
	448 3040
	0 3040
4
	928 3008
	1440 3008
	1440 3040
	928 3040
4
	1696 3008
	1920 3008
	1920 3040
	1696 3040
4
	2176 3008
	2400 3008
	2400 3040
	2176 3040
4
	2560 3008
	2656 3008
	2656 3040
	2560 3040
4
	3008 3008
	3072 3008
	3072 3040
	3008 3040
4
	3104 3008
	3232 3008
	3232 3040
	3104 3040
4
	4096 3008
	4256 3008
	4256 3040
	4096 3040
4
	0 3040
	448 3040
	448 3072
	0 3072
4
	992 3040
	1184 3040
	1184 3072
	992 3072
4
	1216 3040
	1376 3040
	1376 3072
	1216 3072
4
	1728 3040
	1888 3040
	1888 3072
	1728 3072
4
	2176 3040
	2400 3040
	2400 3072
	2176 3072
4
	2560 3040
	2656 3040
	2656 3072
	2560 3072
4
	2816 3040
	2912 3040
	2912 3072
	2816 3072
4
	3104 3040
	3392 3040
	3392 3072
	3104 3072
4
	3552 3040
	3584 3040
	3584 3072
	3552 3072
4
	4096 3040
	4256 3040
	4256 3072
	4096 3072
4
	0 3072
	384 3072
	384 3104
	0 3104
4
	992 3072
	1152 3072
	1152 3104
	992 3104
4
	1248 3072
	1408 3072
	1408 3104
	1248 3104
4
	1728 3072
	1792 3072
	1792 3104
	1728 3104
4
	2080 3072
	2400 3072
	2400 3104
	2080 3104
4
	2560 3072
	2656 3072
	2656 3104
	2560 3104
4
	2816 3072
	3712 3072
	3712 3104
	2816 3104
4
	4096 3072
	4256 3072
	4256 3104
	4096 3104
4
	0 3104
	384 3104
	384 3136
	0 3136
4
	1024 3104
	1152 3104
	1152 3136
	1024 3136
4
	2080 3104
	2400 3104
	2400 3136
	2080 3136
4
	2560 3104
	2656 3104
	2656 3136
	2560 3136
4
	2816 3104
	3712 3104
	3712 3136
	2816 3136
4
	4096 3104
	4256 3104
	4256 3136
	4096 3136
4
	0 3136
	384 3136
	384 3168
	0 3168
4
	1024 3136
	1120 3136
	1120 3168
	1024 3168
4
	2560 3136
	2656 3136
	2656 3168
	2560 3168
4
	2816 3136
	3712 3136
	3712 3168
	2816 3168
4
	3808 3136
	4000 3136
	4000 3168
	3808 3168
4
	4096 3136
	4256 3136
	4256 3168
	4096 3168
4
	0 3168
	384 3168
	384 3200
	0 3200
4
	1056 3168
	1216 3168
	1216 3200
	1056 3200
4
	2560 3168
	2656 3168
	2656 3200
	2560 3200
4
	2848 3168
	2912 3168
	2912 3200
	2848 3200
4
	3232 3168
	3712 3168
	3712 3200
	3232 3200
4
	3808 3168
	4000 3168
	4000 3200
	3808 3200
4
	4128 3168
	4256 3168
	4256 3200
	4128 3200
4
	0 3200
	384 3200
	384 3232
	0 3232
4
	1056 3200
	1248 3200
	1248 3232
	1056 3232
4
	2560 3200
	2656 3200
	2656 3232
	2560 3232
4
	2848 3200
	2912 3200
	2912 3232
	2848 3232
4
	3232 3200
	3712 3200
	3712 3232
	3232 3232
4
	3808 3200
	4000 3200
	4000 3232
	3808 3232
4
	4128 3200
	4256 3200
	4256 3232
	4128 3232
4
	0 3232
	416 3232
	416 3264
	0 3264
4
	1024 3232
	1280 3232
	1280 3264
	1024 3264
4
	2560 3232
	2656 3232
	2656 3264
	2560 3264
4
	3264 3232
	3712 3232
	3712 3264
	3264 3264
4
	3808 3232
	4000 3232
	4000 3264
	3808 3264
4
	4128 3232
	4256 3232
	4256 3264
	4128 3264
4
	0 3264
	480 3264
	480 3296
	0 3296
4
	992 3264
	1312 3264
	1312 3296
	992 3296
4
	2560 3264
	2656 3264
	2656 3296
	2560 3296
4
	3264 3264
	4096 3264
	4096 3296
	3264 3296
4
	4128 3264
	4256 3264
	4256 3296
	4128 3296
4
	0 3296
	480 3296
	480 3328
	0 3328
4
	992 3296
	1312 3296
	1312 3328
	992 3328
4
	1376 3296
	1568 3296
	1568 3328
	1376 3328
4
	1856 3296
	2112 3296
	2112 3328
	1856 3328
4
	2400 3296
	2656 3296
	2656 3328
	2400 3328
4
	2848 3296
	2912 3296
	2912 3328
	2848 3328
4
	3264 3296
	4096 3296
	4096 3328
	3264 3328
4
	4128 3296
	4256 3296
	4256 3328
	4128 3328
4
	0 3328
	672 3328
	672 3360
	0 3360
4
	736 3328
	1696 3328
	1696 3360
	736 3360
4
	1760 3328
	2912 3328
	2912 3360
	1760 3360
4
	3264 3328
	4256 3328
	4256 3360
	3264 3360
4
	0 3360
	672 3360
	672 3392
	0 3392
4
	736 3360
	1696 3360
	1696 3392
	736 3392
4
	1760 3360
	2944 3360
	2944 3392
	1760 3392
4
	3264 3360
	4256 3360
	4256 3392
	3264 3392
4
	0 3392
	672 3392
	672 3424
	0 3424
4
	736 3392
	1696 3392
	1696 3424
	736 3424
4
	1760 3392
	2944 3392
	2944 3424
	1760 3424
4
	3328 3392
	4256 3392
	4256 3424
	3328 3424
4
	0 3424
	640 3424
	640 3456
	0 3456
4
	864 3424
	1056 3424
	1056 3456
	864 3456
4
	1088 3424
	1376 3424
	1376 3456
	1088 3456
4
	1440 3424
	1504 3424
	1504 3456
	1440 3456
4
	1952 3424
	2016 3424
	2016 3456
	1952 3456
4
	2080 3424
	2944 3424
	2944 3456
	2080 3456
4
	3392 3424
	3520 3424
	3520 3456
	3392 3456
4
	3584 3424
	4256 3424
	4256 3456
	3584 3456
4
	0 3456
	640 3456
	640 3488
	0 3488
4
	864 3456
	1056 3456
	1056 3488
	864 3488
4
	1184 3456
	1376 3456
	1376 3488
	1184 3488
4
	2080 3456
	2944 3456
	2944 3488
	2080 3488
4
	3392 3456
	3520 3456
	3520 3488
	3392 3488
4
	3584 3456
	4256 3456
	4256 3488
	3584 3488
4
	0 3488
	640 3488
	640 3520
	0 3520
4
	1216 3488
	1376 3488
	1376 3520
	1216 3520
4
	2080 3488
	2944 3488
	2944 3520
	2080 3520
4
	3584 3488
	4256 3488
	4256 3520
	3584 3520
4
	0 3520
	640 3520
	640 3552
	0 3552
4
	1280 3520
	1440 3520
	1440 3552
	1280 3552
4
	2080 3520
	2944 3520
	2944 3552
	2080 3552
4
	3584 3520
	4256 3520
	4256 3552
	3584 3552
4
	0 3552
	640 3552
	640 3584
	0 3584
4
	1280 3552
	1440 3552
	1440 3584
	1280 3584
4
	2080 3552
	2944 3552
	2944 3584
	2080 3584
4
	3584 3552
	4256 3552
	4256 3584
	3584 3584
4
	0 3584
	640 3584
	640 3616
	0 3616
4
	1280 3584
	1408 3584
	1408 3616
	1280 3616
4
	2080 3584
	2944 3584
	2944 3616
	2080 3616
4
	3584 3584
	4256 3584
	4256 3616
	3584 3616
4
	0 3616
	640 3616
	640 3648
	0 3648
4
	1312 3616
	1408 3616
	1408 3648
	1312 3648
4
	2048 3616
	2944 3616
	2944 3648
	2048 3648
4
	3552 3616
	4256 3616
	4256 3648
	3552 3648
4
	0 3648
	640 3648
	640 3680
	0 3680
4
	1312 3648
	1376 3648
	1376 3680
	1312 3680
4
	2048 3648
	2912 3648
	2912 3680
	2048 3680
4
	3200 3648
	3424 3648
	3424 3680
	3200 3680
4
	3584 3648
	4256 3648
	4256 3680
	3584 3680
4
	0 3680
	640 3680
	640 3712
	0 3712
4
	1312 3680
	1376 3680
	1376 3712
	1312 3712
4
	2048 3680
	2912 3680
	2912 3712
	2048 3712
4
	3200 3680
	3424 3680
	3424 3712
	3200 3712
4
	3584 3680
	4256 3680
	4256 3712
	3584 3712
4
	0 3712
	640 3712
	640 3744
	0 3744
4
	1312 3712
	1376 3712
	1376 3744
	1312 3744
4
	2048 3712
	2912 3712
	2912 3744
	2048 3744
4
	2944 3712
	2976 3712
	2976 3744
	2944 3744
4
	3200 3712
	3424 3712
	3424 3744
	3200 3744
4
	3584 3712
	4256 3712
	4256 3744
	3584 3744
4
	0 3744
	672 3744
	672 3776
	0 3776
4
	2048 3744
	3008 3744
	3008 3776
	2048 3776
4
	3072 3744
	3168 3744
	3168 3776
	3072 3776
4
	3200 3744
	3424 3744
	3424 3776
	3200 3776
4
	3584 3744
	4256 3744
	4256 3776
	3584 3776
4
	0 3776
	672 3776
	672 3808
	0 3808
4
	896 3776
	1024 3776
	1024 3808
	896 3808
4
	2048 3776
	3040 3776
	3040 3808
	2048 3808
4
	3072 3776
	3168 3776
	3168 3808
	3072 3808
4
	3200 3776
	3424 3776
	3424 3808
	3200 3808
4
	3584 3776
	4256 3776
	4256 3808
	3584 3808
4
	0 3808
	672 3808
	672 3840
	0 3840
4
	864 3808
	1056 3808
	1056 3840
	864 3840
4
	1312 3808
	1376 3808
	1376 3840
	1312 3840
4
	2048 3808
	3040 3808
	3040 3840
	2048 3840
4
	3072 3808
	3168 3808
	3168 3840
	3072 3840
4
	3200 3808
	3424 3808
	3424 3840
	3200 3840
4
	3488 3808
	4256 3808
	4256 3840
	3488 3840
4
	0 3840
	1376 3840
	1376 3872
	0 3872
4
	2048 3840
	4256 3840
	4256 3872
	2048 3872
4
	0 3872
	1376 3872
	1376 3904
	0 3904
4
	2048 3872
	4256 3872
	4256 3904
	2048 3904
4
	0 3904
	1376 3904
	1376 3936
	0 3936
4
	2048 3904
	4256 3904
	4256 3936
	2048 3936
4
	0 3936
	1376 3936
	1376 3968
	0 3968
4
	2080 3936
	4256 3936
	4256 3968
	2080 3968
4
	0 3968
	1376 3968
	1376 4000
	0 4000
4
	2080 3968
	4256 3968
	4256 4000
	2080 4000
4
	0 4000
	1376 4000
	1376 4032
	0 4032
4
	2080 4000
	4256 4000
	4256 4032
	2080 4032
4
	0 4032
	1376 4032
	1376 4064
	0 4064
4
	1440 4032
	1504 4032
	1504 4064
	1440 4064
4
	1952 4032
	2016 4032
	2016 4064
	1952 4064
4
	2080 4032
	4256 4032
	4256 4064
	2080 4064
4
	0 4064
	1376 4064
	1376 4096
	0 4096
4
	1440 4064
	1504 4064
	1504 4096
	1440 4096
4
	1952 4064
	2016 4064
	2016 4096
	1952 4096
4
	2080 4064
	4256 4064
	4256 4096
	2080 4096
4
	0 4096
	1696 4096
	1696 4128
	0 4128
4
	1760 4096
	4256 4096
	4256 4128
	1760 4128
4
	0 4128
	1696 4128
	1696 4160
	0 4160
4
	1760 4128
	4256 4128
	4256 4160
	1760 4160
4
	0 4160
	1696 4160
	1696 4192
	0 4192
4
	1760 4160
	4256 4160
	4256 4192
	1760 4192
4
	0 4192
	640 4192
	640 4224
	0 4224
4
	832 4192
	1088 4192
	1088 4224
	832 4224
4
	1344 4192
	1600 4192
	1600 4224
	1344 4224
4
	2048 4192
	4256 4192
	4256 4224
	2048 4224
4
	0 4224
	640 4224
	640 4256
	0 4256
4
	2048 4224
	4256 4224
	4256 4256
	2048 4256
4
	0 4256
	640 4256
	640 4288
	0 4288
4
	2048 4256
	4256 4256
	4256 4288
	2048 4288
4
	0 4288
	672 4288
	672 4320
	0 4320
4
	2048 4288
	4256 4288
	4256 4320
	2048 4320
4
	0 4320
	672 4320
	672 4352
	0 4352
4
	2048 4320
	4256 4320
	4256 4352
	2048 4352
4
	0 4352
	672 4352
	672 4384
	0 4384
4
	1088 4352
	1152 4352
	1152 4384
	1088 4384
4
	1184 4352
	1248 4352
	1248 4384
	1184 4384
4
	1408 4352
	1568 4352
	1568 4384
	1408 4384
4
	2048 4352
	4256 4352
	4256 4384
	2048 4384
4
	0 4384
	640 4384
	640 4416
	0 4416
4
	1024 4384
	1280 4384
	1280 4416
	1024 4416
4
	1376 4384
	1632 4384
	1632 4416
	1376 4416
4
	2048 4384
	4256 4384
	4256 4416
	2048 4416
4
	0 4416
	640 4416
	640 4448
	0 4448
4
	1024 4416
	1280 4416
	1280 4448
	1024 4448
4
	1376 4416
	1632 4416
	1632 4448
	1376 4448
4
	2016 4416
	4256 4416
	4256 4448
	2016 4448
4
	0 4448
	640 4448
	640 4480
	0 4480
4
	832 4448
	928 4448
	928 4480
	832 4480
4
	1024 4448
	1280 4448
	1280 4480
	1024 4480
4
	1376 4448
	1632 4448
	1632 4480
	1376 4480
4
	2016 4448
	4256 4448
	4256 4480
	2016 4480
4
	0 4480
	640 4480
	640 4512
	0 4512
4
	832 4480
	928 4480
	928 4512
	832 4512
4
	1056 4480
	1152 4480
	1152 4512
	1056 4512
4
	1184 4480
	1248 4480
	1248 4512
	1184 4512
4
	1408 4480
	1504 4480
	1504 4512
	1408 4512
4
	2016 4480
	4256 4480
	4256 4512
	2016 4512
4
	0 4512
	640 4512
	640 4544
	0 4544
4
	800 4512
	928 4512
	928 4544
	800 4544
4
	1088 4512
	1152 4512
	1152 4544
	1088 4544
4
	1184 4512
	1248 4512
	1248 4544
	1184 4544
4
	1440 4512
	1504 4512
	1504 4544
	1440 4544
4
	2016 4512
	4256 4512
	4256 4544
	2016 4544
4
	0 4544
	640 4544
	640 4576
	0 4576
4
	800 4544
	928 4544
	928 4576
	800 4576
4
	1984 4544
	4256 4544
	4256 4576
	1984 4576
4
	0 4576
	640 4576
	640 4608
	0 4608
4
	800 4576
	928 4576
	928 4608
	800 4608
4
	1984 4576
	4256 4576
	4256 4608
	1984 4608
4
	0 4608
	640 4608
	640 4640
	0 4640
4
	832 4608
	928 4608
	928 4640
	832 4640
4
	1984 4608
	4256 4608
	4256 4640
	1984 4640
4
	0 4640
	640 4640
	640 4672
	0 4672
4
	768 4640
	928 4640
	928 4672
	768 4672
4
	1984 4640
	4256 4640
	4256 4672
	1984 4672
4
	0 4672
	640 4672
	640 4704
	0 4704
4
	768 4672
	928 4672
	928 4704
	768 4704
4
	1984 4672
	4256 4672
	4256 4704
	1984 4704
4
	0 4704
	640 4704
	640 4736
	0 4736
4
	832 4704
	928 4704
	928 4736
	832 4736
4
	1984 4704
	4256 4704
	4256 4736
	1984 4736
4
	0 4736
	640 4736
	640 4768
	0 4768
4
	832 4736
	928 4736
	928 4768
	832 4768
4
	1984 4736
	4256 4736
	4256 4768
	1984 4768
4
	0 4768
	640 4768
	640 4800
	0 4800
4
	768 4768
	928 4768
	928 4800
	768 4800
4
	1984 4768
	4256 4768
	4256 4800
	1984 4800
4
	0 4800
	640 4800
	640 4832
	0 4832
4
	768 4800
	928 4800
	928 4832
	768 4832
4
	2016 4800
	4256 4800
	4256 4832
	2016 4832
4
	0 4832
	640 4832
	640 4864
	0 4864
4
	832 4832
	928 4832
	928 4864
	832 4864
4
	1120 4832
	1216 4832
	1216 4864
	1120 4864
4
	2016 4832
	4256 4832
	4256 4864
	2016 4864
4
	0 4864
	640 4864
	640 4896
	0 4896
4
	832 4864
	928 4864
	928 4896
	832 4896
4
	1024 4864
	1280 4864
	1280 4896
	1024 4896
4
	1376 4864
	1632 4864
	1632 4896
	1376 4896
4
	2016 4864
	4256 4864
	4256 4896
	2016 4896
4
	0 4896
	640 4896
	640 4928
	0 4928
4
	1024 4896
	1280 4896
	1280 4928
	1024 4928
4
	1376 4896
	1632 4896
	1632 4928
	1376 4928
4
	2048 4896
	4256 4896
	4256 4928
	2048 4928
4
	0 4928
	672 4928
	672 4960
	0 4960
4
	1024 4928
	1280 4928
	1280 4960
	1024 4960
4
	1376 4928
	1632 4928
	1632 4960
	1376 4960
4
	2048 4928
	4256 4928
	4256 4960
	2048 4960
4
	0 4960
	672 4960
	672 4992
	0 4992
4
	1056 4960
	1120 4960
	1120 4992
	1056 4992
4
	1152 4960
	1248 4960
	1248 4992
	1152 4992
4
	1440 4960
	1536 4960
	1536 4992
	1440 4992
4
	2048 4960
	4256 4960
	4256 4992
	2048 4992
4
	0 4992
	672 4992
	672 5024
	0 5024
4
	2048 4992
	4256 4992
	4256 5024
	2048 5024
4
	0 5024
	672 5024
	672 5056
	0 5056
4
	2048 5024
	4256 5024
	4256 5056
	2048 5056
4
	0 5056
	672 5056
	672 5088
	0 5088
4
	2048 5056
	4256 5056
	4256 5088
	2048 5088
4
	0 5088
	800 5088
	800 5120
	0 5120
4
	832 5088
	1088 5088
	1088 5120
	832 5120
4
	1344 5088
	1600 5088
	1600 5120
	1344 5120
4
	2048 5088
	4256 5088
	4256 5120
	2048 5120
4
	0 5120
	4256 5120
	4256 5152
	0 5152
4
	0 5152
	4256 5152
	4256 5184
	0 5184
4
	0 5184
	4256 5184
	4256 5216
	0 5216
4
	0 5216
	4256 5216
	4256 5248
	0 5248
4
	0 5248
	4256 5248
	4256 5280
	0 5280
4
	0 5280
	4256 5280
	4256 5312
	0 5312
4
	0 5312
	4256 5312
	4256 5344
	0 5344
4
	0 5344
	4256 5344
	4256 5376
	0 5376
4
	0 5376
	4256 5376
	4256 5408
	0 5408
4
	0 5408
	4256 5408
	4256 5440
	0 5440
4
	0 5440
	4256 5440
	4256 5472
	0 5472
4
	0 5472
	4256 5472
	4256 5504
	0 5504
4
	0 5504
	4256 5504
	4256 5536
	0 5536
4
	0 5536
	4256 5536
	4256 5568
	0 5568
4
	0 5568
	4256 5568
	4256 5600
	0 5600
4
	0 5600
	4256 5600
	4256 5632
	0 5632
4
	0 5632
	4256 5632
	4256 5664
	0 5664
4
	0 5664
	4256 5664
	4256 5696
	0 5696
4
	0 5696
	4256 5696
	4256 5728
	0 5728
4
	0 5728
	4256 5728
	4256 5760
	0 5760
4
	0 5760
	4256 5760
	4256 5792
	0 5792
4
	0 5792
	4256 5792
	4256 5824
	0 5824
4
	0 5824
	4256 5824
	4256 5856
	0 5856
4
	0 5856
	4256 5856
	4256 5888
	0 5888
4
	0 5888
	4256 5888
	4256 5920
	0 5920
4
	0 5920
	4256 5920
	4256 5952
	0 5952
4
	0 5952
	4256 5952
	4256 5984
	0 5984
4
	0 5984
	4256 5984
	4256 6016
	0 6016
4
	0 6016
	4256 6016
	4256 6048
	0 6048
4
	0 6048
	4256 6048
	4256 6080
	0 6080
4
	0 6080
	4256 6080
	4256 6112
	0 6112
4
	0 6112
	4256 6112
	4256 6144
	0 6144
4
	0 6144
	4256 6144
	4256 6176
	0 6176
4
	0 6176
	4256 6176
	4256 6208
	0 6208
4
	0 6208
	4256 6208
	4256 6240
	0 6240
4
	0 6240
	4256 6240
	4256 6272
	0 6272
4
	0 6272
	4256 6272
	4256 6304
	0 6304
4
	0 6304
	4256 6304
	4256 6336
	0 6336
4
	0 6336
	4256 6336
	4256 6368
	0 6368
4
	0 6368
	4256 6368
	4256 6400
	0 6400
4
	0 6400
	4256 6400
	4256 6432
	0 6432
4
	0 6432
	4256 6432
	4256 6464
	0 6464
4
	0 6464
	4256 6464
	4256 6496
	0 6496
4
	0 6496
	4256 6496
	4256 6528
	0 6528
4
	0 6528
	4256 6528
	4256 6560
	0 6560
4
	0 6560
	4256 6560
	4256 6592
	0 6592
4
	0 6592
	4256 6592
	4256 6624
	0 6624
4
	0 6624
	4256 6624
	4256 6656
	0 6656
4
	0 6656
	4256 6656
	4256 6688
	0 6688
4
	0 6688
	4256 6688
	4256 6720
	0 6720
4
	0 6720
	4256 6720
	4256 6752
	0 6752
4
	0 6752
	4256 6752
	4256 6784
	0 6784
4
	0 6784
	4256 6784
	4256 6816
	0 6816
4
	0 6816
	4256 6816
	4256 6848
	0 6848
4
	0 6848
	4256 6848
	4256 6880
	0 6880
4
	0 6880
	4256 6880
	4256 6912
	0 6912
4
	0 6912
	4256 6912
	4256 6944
	0 6944
4
	0 6944
	4256 6944
	4256 6976
	0 6976
4
	0 6976
	4256 6976
	4256 7008
	0 7008
4
	0 7008
	4256 7008
	4256 7040
	0 7040
4
	0 7040
	4256 7040
	4256 7072
	0 7072
4
	0 7072
	4256 7072
	4256 7104
	0 7104
4
	0 7104
	4256 7104
	4256 7136
	0 7136
4
	0 7136
	4256 7136
	4256 7168
	0 7168
4
	0 7168
	4256 7168
	4256 7200
	0 7200
4
	0 7200
	4256 7200
	4256 7232
	0 7232
4
	0 7232
	4256 7232
	4256 7264
	0 7264
4
	0 7264
	4256 7264
	4256 7296
	0 7296
4
	0 7296
	4256 7296
	4256 7328
	0 7328
4
	0 7328
	4256 7328
	4256 7360
	0 7360
4
	0 7360
	4256 7360
	4256 7392
	0 7392
4
	0 7392
	4256 7392
	4256 7424
	0 7424
4
	0 7424
	4256 7424
	4256 7456
	0 7456
4
	0 7456
	4256 7456
	4256 7488
	0 7488
4
	0 7488
	4256 7488
	4256 7520
	0 7520
4
	0 7520
	4256 7520
	4256 7552
	0 7552
4
	0 7552
	4256 7552
	4256 7584
	0 7584
4
	0 7584
	4256 7584
	4256 7616
	0 7616
4
	0 7616
	4256 7616
	4256 7648
	0 7648
4
	0 7648
	4256 7648
	4256 7680
	0 7680
4
	0 7680
	4256 7680
	4256 7712
	0 7712
4
	0 7712
	4256 7712
	4256 7744
	0 7744
4
	0 7744
	4256 7744
	4256 7776
	0 7776
4
	0 7776
	4256 7776
	4256 7808
	0 7808
4
	0 7808
	4256 7808
	4256 7840
	0 7840
4
	0 7840
	4256 7840
	4256 7872
	0 7872
4
	0 7872
	4256 7872
	4256 7904
	0 7904
4
	0 7904
	4256 7904
	4256 7936
	0 7936
4
	0 7936
	4256 7936
	4256 7968
	0 7968
4
	0 7968
	4256 7968
	4256 8000
	0 8000
4
	0 8000
	4256 8000
	4256 8032
	0 8032
4
	0 8032
	4256 8032
	4256 8064
	0 8064
4
	0 8064
	4256 8064
	4256 8096
	0 8096
4
	0 8096
	4256 8096
	4256 8128
	0 8128
4
	0 8128
	4256 8128
	4256 8160
	0 8160
4
	0 8160
	4256 8160
	4256 8192
	0 8192
4
	0 8192
	4256 8192
	4256 8224
	0 8224
4
	0 8224
	4256 8224
	4256 8256
	0 8256
4
	0 8256
	4256 8256
	4256 8288
	0 8288
4
	0 8288
	4256 8288
	4256 8320
	0 8320
4
	0 8320
	4256 8320
	4256 8352
	0 8352
4
	0 8352
	4256 8352
	4256 8384
	0 8384
4
	0 8384
	4256 8384
	4256 8416
	0 8416
4
	0 8416
	4256 8416
	4256 8448
	0 8448
4
	0 8448
	4256 8448
	4256 8480
	0 8480
4
	0 8480
	4256 8480
	4256 8512
	0 8512
4
	0 8512
	4256 8512
	4256 8544
	0 8544
4
	0 8544
	4256 8544
	4256 8576
	0 8576
4
	0 8576
	4256 8576
	4256 8608
	0 8608
4
	0 8608
	4256 8608
	4256 8640
	0 8640
4
	-32 -32
	4288 -32
	4288 0
	-32 0
4
	-32 8640
	4288 8640
	4288 8672
	-32 8672
4
	-32 0
	0 0
	0 8640
	-32 8640
4
	4256 0
	4288 0
	4288 8640
	4256 8640
