1931
4
	0 0
	16448 0
	16448 32
	0 32
4
	0 32
	16448 32
	16448 64
	0 64
4
	0 64
	16448 64
	16448 96
	0 96
4
	0 96
	16448 96
	16448 128
	0 128
4
	0 128
	16448 128
	16448 160
	0 160
4
	0 160
	16448 160
	16448 192
	0 192
4
	0 192
	16448 192
	16448 224
	0 224
4
	0 224
	16448 224
	16448 256
	0 256
4
	0 256
	16448 256
	16448 288
	0 288
4
	0 288
	16448 288
	16448 320
	0 320
4
	0 320
	16448 320
	16448 352
	0 352
4
	0 352
	16448 352
	16448 384
	0 384
4
	0 384
	16448 384
	16448 416
	0 416
4
	0 416
	16448 416
	16448 448
	0 448
4
	0 448
	16448 448
	16448 480
	0 480
4
	0 480
	16448 480
	16448 512
	0 512
4
	0 512
	16448 512
	16448 544
	0 544
4
	0 544
	16448 544
	16448 576
	0 576
4
	0 576
	16448 576
	16448 608
	0 608
4
	0 608
	16448 608
	16448 640
	0 640
4
	0 640
	16448 640
	16448 672
	0 672
4
	0 672
	16448 672
	16448 704
	0 704
4
	0 704
	16448 704
	16448 736
	0 736
4
	0 736
	16448 736
	16448 768
	0 768
4
	0 768
	16448 768
	16448 800
	0 800
4
	0 800
	16448 800
	16448 832
	0 832
4
	0 832
	16448 832
	16448 864
	0 864
4
	0 864
	16448 864
	16448 896
	0 896
4
	0 896
	16448 896
	16448 928
	0 928
4
	0 928
	16448 928
	16448 960
	0 960
4
	0 960
	16448 960
	16448 992
	0 992
4
	0 992
	16448 992
	16448 1024
	0 1024
4
	0 1024
	16448 1024
	16448 1056
	0 1056
4
	0 1056
	16448 1056
	16448 1088
	0 1088
4
	0 1088
	16448 1088
	16448 1120
	0 1120
4
	0 1120
	16448 1120
	16448 1152
	0 1152
4
	0 1152
	16448 1152
	16448 1184
	0 1184
4
	0 1184
	16448 1184
	16448 1216
	0 1216
4
	0 1216
	16448 1216
	16448 1248
	0 1248
4
	0 1248
	16448 1248
	16448 1280
	0 1280
4
	0 1280
	16448 1280
	16448 1312
	0 1312
4
	0 1312
	16448 1312
	16448 1344
	0 1344
4
	0 1344
	16448 1344
	16448 1376
	0 1376
4
	0 1376
	16448 1376
	16448 1408
	0 1408
4
	0 1408
	16448 1408
	16448 1440
	0 1440
4
	0 1440
	16448 1440
	16448 1472
	0 1472
4
	0 1472
	16448 1472
	16448 1504
	0 1504
4
	0 1504
	16448 1504
	16448 1536
	0 1536
4
	0 1536
	16448 1536
	16448 1568
	0 1568
4
	0 1568
	16448 1568
	16448 1600
	0 1600
4
	0 1600
	16448 1600
	16448 1632
	0 1632
4
	0 1632
	16448 1632
	16448 1664
	0 1664
4
	0 1664
	16448 1664
	16448 1696
	0 1696
4
	0 1696
	16448 1696
	16448 1728
	0 1728
4
	0 1728
	16448 1728
	16448 1760
	0 1760
4
	0 1760
	16448 1760
	16448 1792
	0 1792
4
	0 1792
	16448 1792
	16448 1824
	0 1824
4
	0 1824
	16448 1824
	16448 1856
	0 1856
4
	0 1856
	16448 1856
	16448 1888
	0 1888
4
	0 1888
	16448 1888
	16448 1920
	0 1920
4
	0 1920
	16448 1920
	16448 1952
	0 1952
4
	0 1952
	16448 1952
	16448 1984
	0 1984
4
	0 1984
	16448 1984
	16448 2016
	0 2016
4
	0 2016
	16448 2016
	16448 2048
	0 2048
4
	0 2048
	16448 2048
	16448 2080
	0 2080
4
	0 2080
	16448 2080
	16448 2112
	0 2112
4
	0 2112
	16448 2112
	16448 2144
	0 2144
4
	0 2144
	16448 2144
	16448 2176
	0 2176
4
	0 2176
	16448 2176
	16448 2208
	0 2208
4
	0 2208
	16448 2208
	16448 2240
	0 2240
4
	0 2240
	16448 2240
	16448 2272
	0 2272
4
	0 2272
	16448 2272
	16448 2304
	0 2304
4
	0 2304
	16448 2304
	16448 2336
	0 2336
4
	0 2336
	16448 2336
	16448 2368
	0 2368
4
	0 2368
	16448 2368
	16448 2400
	0 2400
4
	0 2400
	16448 2400
	16448 2432
	0 2432
4
	0 2432
	16448 2432
	16448 2464
	0 2464
4
	0 2464
	16448 2464
	16448 2496
	0 2496
4
	0 2496
	16448 2496
	16448 2528
	0 2528
4
	0 2528
	16448 2528
	16448 2560
	0 2560
4
	0 2560
	16448 2560
	16448 2592
	0 2592
4
	0 2592
	16448 2592
	16448 2624
	0 2624
4
	0 2624
	16448 2624
	16448 2656
	0 2656
4
	0 2656
	16448 2656
	16448 2688
	0 2688
4
	0 2688
	16448 2688
	16448 2720
	0 2720
4
	0 2720
	16448 2720
	16448 2752
	0 2752
4
	0 2752
	16448 2752
	16448 2784
	0 2784
4
	0 2784
	16448 2784
	16448 2816
	0 2816
4
	0 2816
	16448 2816
	16448 2848
	0 2848
4
	0 2848
	16448 2848
	16448 2880
	0 2880
4
	0 2880
	16448 2880
	16448 2912
	0 2912
4
	0 2912
	16448 2912
	16448 2944
	0 2944
4
	0 2944
	16448 2944
	16448 2976
	0 2976
4
	0 2976
	16448 2976
	16448 3008
	0 3008
4
	0 3008
	16448 3008
	16448 3040
	0 3040
4
	0 3040
	16448 3040
	16448 3072
	0 3072
4
	0 3072
	16448 3072
	16448 3104
	0 3104
4
	0 3104
	8576 3104
	8576 3136
	0 3136
4
	8992 3104
	16448 3104
	16448 3136
	8992 3136
4
	0 3136
	8608 3136
	8608 3168
	0 3168
4
	8992 3136
	16448 3136
	16448 3168
	8992 3168
4
	0 3168
	8640 3168
	8640 3200
	0 3200
4
	8992 3168
	16448 3168
	16448 3200
	8992 3200
4
	0 3200
	8672 3200
	8672 3232
	0 3232
4
	8992 3200
	16448 3200
	16448 3232
	8992 3232
4
	0 3232
	8704 3232
	8704 3264
	0 3264
4
	8992 3232
	16448 3232
	16448 3264
	8992 3264
4
	0 3264
	8736 3264
	8736 3296
	0 3296
4
	8992 3264
	16448 3264
	16448 3296
	8992 3296
4
	0 3296
	8800 3296
	8800 3328
	0 3328
4
	8992 3296
	16448 3296
	16448 3328
	8992 3328
4
	0 3328
	8800 3328
	8800 3360
	0 3360
4
	8992 3328
	16448 3328
	16448 3360
	8992 3360
4
	0 3360
	8800 3360
	8800 3392
	0 3392
4
	8992 3360
	16448 3360
	16448 3392
	8992 3392
4
	0 3392
	8800 3392
	8800 3424
	0 3424
4
	8992 3392
	16448 3392
	16448 3424
	8992 3424
4
	0 3424
	8768 3424
	8768 3456
	0 3456
4
	8992 3424
	16448 3424
	16448 3456
	8992 3456
4
	0 3456
	8768 3456
	8768 3488
	0 3488
4
	8992 3456
	16448 3456
	16448 3488
	8992 3488
4
	0 3488
	8768 3488
	8768 3520
	0 3520
4
	8992 3488
	16448 3488
	16448 3520
	8992 3520
4
	0 3520
	8768 3520
	8768 3552
	0 3552
4
	8992 3520
	16448 3520
	16448 3552
	8992 3552
4
	0 3552
	8768 3552
	8768 3584
	0 3584
4
	8992 3552
	16448 3552
	16448 3584
	8992 3584
4
	0 3584
	8768 3584
	8768 3616
	0 3616
4
	8992 3584
	16448 3584
	16448 3616
	8992 3616
4
	0 3616
	8768 3616
	8768 3648
	0 3648
4
	8992 3616
	16448 3616
	16448 3648
	8992 3648
4
	0 3648
	8768 3648
	8768 3680
	0 3680
4
	8992 3648
	16448 3648
	16448 3680
	8992 3680
4
	0 3680
	8768 3680
	8768 3712
	0 3712
4
	8992 3680
	16448 3680
	16448 3712
	8992 3712
4
	0 3712
	8768 3712
	8768 3744
	0 3744
4
	8992 3712
	16448 3712
	16448 3744
	8992 3744
4
	0 3744
	8768 3744
	8768 3776
	0 3776
4
	8992 3744
	16448 3744
	16448 3776
	8992 3776
4
	0 3776
	8768 3776
	8768 3808
	0 3808
4
	8992 3776
	16448 3776
	16448 3808
	8992 3808
4
	0 3808
	8768 3808
	8768 3840
	0 3840
4
	8992 3808
	16448 3808
	16448 3840
	8992 3840
4
	0 3840
	8768 3840
	8768 3872
	0 3872
4
	8992 3840
	16448 3840
	16448 3872
	8992 3872
4
	0 3872
	8768 3872
	8768 3904
	0 3904
4
	8992 3872
	16448 3872
	16448 3904
	8992 3904
4
	0 3904
	8768 3904
	8768 3936
	0 3936
4
	8992 3904
	16448 3904
	16448 3936
	8992 3936
4
	0 3936
	8768 3936
	8768 3968
	0 3968
4
	8992 3936
	16448 3936
	16448 3968
	8992 3968
4
	0 3968
	8768 3968
	8768 4000
	0 4000
4
	8992 3968
	16448 3968
	16448 4000
	8992 4000
4
	0 4000
	8768 4000
	8768 4032
	0 4032
4
	8992 4000
	16448 4000
	16448 4032
	8992 4032
4
	0 4032
	8768 4032
	8768 4064
	0 4064
4
	8992 4032
	16448 4032
	16448 4064
	8992 4064
4
	0 4064
	8768 4064
	8768 4096
	0 4096
4
	8992 4064
	16448 4064
	16448 4096
	8992 4096
4
	0 4096
	8800 4096
	8800 4128
	0 4128
4
	8992 4096
	16448 4096
	16448 4128
	8992 4128
4
	0 4128
	8800 4128
	8800 4160
	0 4160
4
	12320 4128
	16448 4128
	16448 4160
	12320 4160
4
	0 4160
	8544 4160
	8544 4192
	0 4192
4
	12320 4160
	16448 4160
	16448 4192
	12320 4192
4
	0 4192
	8512 4192
	8512 4224
	0 4224
4
	12320 4192
	16448 4192
	16448 4224
	12320 4224
4
	0 4224
	8512 4224
	8512 4256
	0 4256
4
	12320 4224
	16448 4224
	16448 4256
	12320 4256
4
	0 4256
	8512 4256
	8512 4288
	0 4288
4
	12320 4256
	16448 4256
	16448 4288
	12320 4288
4
	0 4288
	8512 4288
	8512 4320
	0 4320
4
	12320 4288
	16448 4288
	16448 4320
	12320 4320
4
	0 4320
	8512 4320
	8512 4352
	0 4352
4
	12320 4320
	16448 4320
	16448 4352
	12320 4352
4
	0 4352
	8512 4352
	8512 4384
	0 4384
4
	12320 4352
	16448 4352
	16448 4384
	12320 4384
4
	0 4384
	8512 4384
	8512 4416
	0 4416
4
	12320 4384
	16448 4384
	16448 4416
	12320 4416
4
	0 4416
	8512 4416
	8512 4448
	0 4448
4
	12320 4416
	16448 4416
	16448 4448
	12320 4448
4
	0 4448
	8512 4448
	8512 4480
	0 4480
4
	12320 4448
	16448 4448
	16448 4480
	12320 4480
4
	0 4480
	8512 4480
	8512 4512
	0 4512
4
	12320 4480
	16448 4480
	16448 4512
	12320 4512
4
	0 4512
	8512 4512
	8512 4544
	0 4544
4
	12320 4512
	16448 4512
	16448 4544
	12320 4544
4
	0 4544
	8512 4544
	8512 4576
	0 4576
4
	12320 4544
	16448 4544
	16448 4576
	12320 4576
4
	0 4576
	8512 4576
	8512 4608
	0 4608
4
	12320 4576
	16448 4576
	16448 4608
	12320 4608
4
	0 4608
	8736 4608
	8736 4640
	0 4640
4
	12320 4608
	16448 4608
	16448 4640
	12320 4640
4
	0 4640
	8576 4640
	8576 4672
	0 4672
4
	8640 4640
	8736 4640
	8736 4672
	8640 4672
4
	12320 4640
	16448 4640
	16448 4672
	12320 4672
4
	0 4672
	8288 4672
	8288 4704
	0 4704
4
	8416 4672
	8544 4672
	8544 4704
	8416 4704
4
	8672 4672
	8736 4672
	8736 4704
	8672 4704
4
	12320 4672
	16448 4672
	16448 4704
	12320 4704
4
	0 4704
	8256 4704
	8256 4736
	0 4736
4
	8448 4704
	8512 4704
	8512 4736
	8448 4736
4
	8704 4704
	8736 4704
	8736 4736
	8704 4736
4
	12320 4704
	16448 4704
	16448 4736
	12320 4736
4
	0 4736
	8256 4736
	8256 4768
	0 4768
4
	8448 4736
	8512 4736
	8512 4768
	8448 4768
4
	8704 4736
	8736 4736
	8736 4768
	8704 4768
4
	12320 4736
	16448 4736
	16448 4768
	12320 4768
4
	0 4768
	8256 4768
	8256 4800
	0 4800
4
	8448 4768
	8512 4768
	8512 4800
	8448 4800
4
	8704 4768
	8736 4768
	8736 4800
	8704 4800
4
	12320 4768
	16448 4768
	16448 4800
	12320 4800
4
	0 4800
	8256 4800
	8256 4832
	0 4832
4
	8448 4800
	8512 4800
	8512 4832
	8448 4832
4
	8704 4800
	8736 4800
	8736 4832
	8704 4832
4
	12320 4800
	16448 4800
	16448 4832
	12320 4832
4
	0 4832
	8288 4832
	8288 4864
	0 4864
4
	8448 4832
	8544 4832
	8544 4864
	8448 4864
4
	8672 4832
	8736 4832
	8736 4864
	8672 4864
4
	12320 4832
	16448 4832
	16448 4864
	12320 4864
4
	0 4864
	8288 4864
	8288 4896
	0 4896
4
	8448 4864
	8544 4864
	8544 4896
	8448 4896
4
	8672 4864
	8736 4864
	8736 4896
	8672 4896
4
	12320 4864
	16448 4864
	16448 4896
	12320 4896
4
	0 4896
	8288 4896
	8288 4928
	0 4928
4
	8448 4896
	8544 4896
	8544 4928
	8448 4928
4
	8672 4896
	8736 4896
	8736 4928
	8672 4928
4
	12320 4896
	16448 4896
	16448 4928
	12320 4928
4
	0 4928
	8288 4928
	8288 4960
	0 4960
4
	8448 4928
	8544 4928
	8544 4960
	8448 4960
4
	8672 4928
	8736 4928
	8736 4960
	8672 4960
4
	12320 4928
	16448 4928
	16448 4960
	12320 4960
4
	0 4960
	8256 4960
	8256 4992
	0 4992
4
	8448 4960
	8512 4960
	8512 4992
	8448 4992
4
	8672 4960
	8704 4960
	8704 4992
	8672 4992
4
	12320 4960
	16448 4960
	16448 4992
	12320 4992
4
	0 4992
	8256 4992
	8256 5024
	0 5024
4
	8448 4992
	8512 4992
	8512 5024
	8448 5024
4
	8672 4992
	8704 4992
	8704 5024
	8672 5024
4
	12320 4992
	16448 4992
	16448 5024
	12320 5024
4
	0 5024
	8256 5024
	8256 5056
	0 5056
4
	8448 5024
	8512 5024
	8512 5056
	8448 5056
4
	8672 5024
	8736 5024
	8736 5056
	8672 5056
4
	12320 5024
	16448 5024
	16448 5056
	12320 5056
4
	0 5056
	8256 5056
	8256 5088
	0 5088
4
	8448 5056
	8512 5056
	8512 5088
	8448 5088
4
	8672 5056
	8736 5056
	8736 5088
	8672 5088
4
	12320 5056
	16448 5056
	16448 5088
	12320 5088
4
	0 5088
	8288 5088
	8288 5120
	0 5120
4
	8448 5088
	8512 5088
	8512 5120
	8448 5120
4
	8704 5088
	8736 5088
	8736 5120
	8704 5120
4
	8992 5088
	9056 5088
	9056 5120
	8992 5120
4
	9440 5088
	9568 5088
	9568 5120
	9440 5120
4
	12320 5088
	16448 5088
	16448 5120
	12320 5120
4
	0 5120
	8288 5120
	8288 5152
	0 5152
4
	8448 5120
	8512 5120
	8512 5152
	8448 5152
4
	8704 5120
	8736 5120
	8736 5152
	8704 5152
4
	8992 5120
	9920 5120
	9920 5152
	8992 5152
4
	9984 5120
	10016 5120
	10016 5152
	9984 5152
4
	12320 5120
	16448 5120
	16448 5152
	12320 5152
4
	0 5152
	8288 5152
	8288 5184
	0 5184
4
	8448 5152
	8512 5152
	8512 5184
	8448 5184
4
	8704 5152
	8736 5152
	8736 5184
	8704 5184
4
	9887 5183
	9889 5183
	9889 5185
	9887 5185
4
	8992 5152
	9888 5152
	9888 5184
	8992 5184
4
	9952 5152
	10272 5152
	10272 5184
	9952 5184
4
	11296 5152
	11552 5152
	11552 5184
	11296 5184
4
	12320 5152
	16448 5152
	16448 5184
	12320 5184
4
	0 5184
	8288 5184
	8288 5216
	0 5216
4
	8448 5184
	8512 5184
	8512 5216
	8448 5216
4
	8704 5184
	8736 5184
	8736 5216
	8704 5216
4
	8992 5184
	9568 5184
	9568 5216
	8992 5216
4
	9888 5184
	10272 5184
	10272 5216
	9888 5216
4
	11296 5184
	11552 5184
	11552 5216
	11296 5216
4
	12320 5184
	16448 5184
	16448 5216
	12320 5216
4
	0 5216
	8256 5216
	8256 5248
	0 5248
4
	8448 5216
	8512 5216
	8512 5248
	8448 5248
4
	8704 5216
	8736 5216
	8736 5248
	8704 5248
4
	8992 5216
	9408 5216
	9408 5248
	8992 5248
4
	9920 5216
	10272 5216
	10272 5248
	9920 5248
4
	11296 5216
	11552 5216
	11552 5248
	11296 5248
4
	12320 5216
	16448 5216
	16448 5248
	12320 5248
4
	0 5248
	8256 5248
	8256 5280
	0 5280
4
	8448 5248
	8512 5248
	8512 5280
	8448 5280
4
	8704 5248
	8736 5248
	8736 5280
	8704 5280
4
	8992 5248
	9376 5248
	9376 5280
	8992 5280
4
	9952 5248
	10272 5248
	10272 5280
	9952 5280
4
	11296 5248
	11552 5248
	11552 5280
	11296 5280
4
	12320 5248
	16448 5248
	16448 5280
	12320 5280
4
	0 5280
	8256 5280
	8256 5312
	0 5312
4
	8448 5280
	8512 5280
	8512 5312
	8448 5312
4
	8704 5280
	8736 5280
	8736 5312
	8704 5312
4
	8992 5280
	9344 5280
	9344 5312
	8992 5312
4
	9920 5280
	10272 5280
	10272 5312
	9920 5312
4
	11296 5280
	11552 5280
	11552 5312
	11296 5312
4
	12320 5280
	16448 5280
	16448 5312
	12320 5312
4
	0 5312
	8256 5312
	8256 5344
	0 5344
4
	8448 5312
	8512 5312
	8512 5344
	8448 5344
4
	8704 5312
	8736 5312
	8736 5344
	8704 5344
4
	8992 5312
	9312 5312
	9312 5344
	8992 5344
4
	9920 5312
	10272 5312
	10272 5344
	9920 5344
4
	11296 5312
	11552 5312
	11552 5344
	11296 5344
4
	12320 5312
	16448 5312
	16448 5344
	12320 5344
4
	0 5344
	8288 5344
	8288 5376
	0 5376
4
	8448 5344
	8512 5344
	8512 5376
	8448 5376
4
	8704 5344
	8736 5344
	8736 5376
	8704 5376
4
	8992 5344
	9312 5344
	9312 5376
	8992 5376
4
	10016 5344
	10272 5344
	10272 5376
	10016 5376
4
	11296 5344
	11552 5344
	11552 5376
	11296 5376
4
	12320 5344
	16448 5344
	16448 5376
	12320 5376
4
	0 5376
	7072 5376
	7072 5408
	0 5408
4
	7168 5376
	8288 5376
	8288 5408
	7168 5408
4
	8448 5376
	8512 5376
	8512 5408
	8448 5408
4
	8704 5376
	8736 5376
	8736 5408
	8704 5408
4
	8992 5376
	9312 5376
	9312 5408
	8992 5408
4
	10144 5376
	10272 5376
	10272 5408
	10144 5408
4
	11296 5376
	11552 5376
	11552 5408
	11296 5408
4
	12320 5376
	16448 5376
	16448 5408
	12320 5408
4
	0 5408
	6976 5408
	6976 5440
	0 5440
4
	7200 5408
	7360 5408
	7360 5440
	7200 5440
4
	7392 5408
	8288 5408
	8288 5440
	7392 5440
4
	8448 5408
	8512 5408
	8512 5440
	8448 5440
4
	8704 5408
	8736 5408
	8736 5440
	8704 5440
4
	8992 5408
	9280 5408
	9280 5440
	8992 5440
4
	10048 5408
	10080 5408
	10080 5440
	10048 5440
4
	10176 5408
	10272 5408
	10272 5440
	10176 5440
4
	10688 5408
	11552 5408
	11552 5440
	10688 5440
4
	12320 5408
	16448 5408
	16448 5440
	12320 5440
4
	0 5440
	6976 5440
	6976 5472
	0 5472
4
	7392 5440
	7520 5440
	7520 5472
	7392 5472
4
	7648 5440
	7776 5440
	7776 5472
	7648 5472
4
	7904 5440
	8032 5440
	8032 5472
	7904 5472
4
	8160 5440
	8288 5440
	8288 5472
	8160 5472
4
	8704 5440
	8736 5440
	8736 5472
	8704 5472
4
	8992 5440
	9024 5440
	9024 5472
	8992 5472
4
	10144 5440
	10272 5440
	10272 5472
	10144 5472
4
	10656 5440
	11552 5440
	11552 5472
	10656 5472
4
	12320 5440
	16448 5440
	16448 5472
	12320 5472
4
	0 5472
	6976 5472
	6976 5504
	0 5504
4
	8704 5472
	8736 5472
	8736 5504
	8704 5504
4
	8992 5472
	9024 5472
	9024 5504
	8992 5504
4
	10112 5472
	10272 5472
	10272 5504
	10112 5504
4
	10624 5472
	11552 5472
	11552 5504
	10624 5504
4
	12320 5472
	16448 5472
	16448 5504
	12320 5504
4
	0 5504
	6944 5504
	6944 5536
	0 5536
4
	8704 5504
	8736 5504
	8736 5536
	8704 5536
4
	8992 5504
	9024 5504
	9024 5536
	8992 5536
4
	10080 5504
	10240 5504
	10240 5536
	10080 5536
4
	10592 5504
	11552 5504
	11552 5536
	10592 5536
4
	12320 5504
	16448 5504
	16448 5536
	12320 5536
4
	0 5536
	6944 5536
	6944 5568
	0 5568
4
	8704 5536
	8736 5536
	8736 5568
	8704 5568
4
	8992 5536
	9024 5536
	9024 5568
	8992 5568
4
	10048 5536
	10208 5536
	10208 5568
	10048 5568
4
	10560 5536
	11552 5536
	11552 5568
	10560 5568
4
	12320 5536
	16448 5536
	16448 5568
	12320 5568
4
	0 5568
	6976 5568
	6976 5600
	0 5600
4
	8704 5568
	8736 5568
	8736 5600
	8704 5600
4
	8992 5568
	9024 5568
	9024 5600
	8992 5600
4
	10016 5568
	10176 5568
	10176 5600
	10016 5600
4
	10528 5568
	11552 5568
	11552 5600
	10528 5600
4
	12320 5568
	16448 5568
	16448 5600
	12320 5600
4
	0 5600
	6976 5600
	6976 5632
	0 5632
4
	8672 5600
	8736 5600
	8736 5632
	8672 5632
4
	8992 5600
	9056 5600
	9056 5632
	8992 5632
4
	9952 5600
	10144 5600
	10144 5632
	9952 5632
4
	10528 5600
	11552 5600
	11552 5632
	10528 5632
4
	12320 5600
	16448 5600
	16448 5632
	12320 5632
4
	0 5632
	6976 5632
	6976 5664
	0 5664
4
	8672 5632
	8736 5632
	8736 5664
	8672 5664
4
	8992 5632
	9056 5632
	9056 5664
	8992 5664
4
	9952 5632
	10112 5632
	10112 5664
	9952 5664
4
	10528 5632
	11552 5632
	11552 5664
	10528 5664
4
	12320 5632
	16448 5632
	16448 5664
	12320 5664
4
	0 5664
	7200 5664
	7200 5696
	0 5696
4
	8480 5664
	8800 5664
	8800 5696
	8480 5696
4
	8896 5664
	9056 5664
	9056 5696
	8896 5696
4
	9952 5664
	10016 5664
	10016 5696
	9952 5696
4
	10528 5664
	11552 5664
	11552 5696
	10528 5696
4
	12320 5664
	16448 5664
	16448 5696
	12320 5696
4
	0 5696
	7200 5696
	7200 5728
	0 5728
4
	8448 5696
	8800 5696
	8800 5728
	8448 5728
4
	8864 5696
	9056 5696
	9056 5728
	8864 5728
4
	9952 5696
	10016 5696
	10016 5728
	9952 5728
4
	10528 5696
	11552 5696
	11552 5728
	10528 5728
4
	12320 5696
	16448 5696
	16448 5728
	12320 5728
4
	0 5728
	7200 5728
	7200 5760
	0 5760
4
	8416 5728
	8736 5728
	8736 5760
	8416 5760
4
	8832 5728
	8992 5728
	8992 5760
	8832 5760
4
	9984 5728
	10016 5728
	10016 5760
	9984 5760
4
	10528 5728
	11552 5728
	11552 5760
	10528 5760
4
	12320 5728
	16448 5728
	16448 5760
	12320 5760
4
	0 5760
	7200 5760
	7200 5792
	0 5792
4
	8384 5760
	8704 5760
	8704 5792
	8384 5792
4
	8800 5760
	8960 5760
	8960 5792
	8800 5792
4
	9984 5760
	10016 5760
	10016 5792
	9984 5792
4
	10528 5760
	11552 5760
	11552 5792
	10528 5792
4
	12320 5760
	16448 5760
	16448 5792
	12320 5792
4
	0 5792
	7264 5792
	7264 5824
	0 5824
4
	8352 5792
	8672 5792
	8672 5824
	8352 5824
4
	8768 5792
	8928 5792
	8928 5824
	8768 5824
4
	9984 5792
	10016 5792
	10016 5824
	9984 5824
4
	10528 5792
	11552 5792
	11552 5824
	10528 5824
4
	12320 5792
	16448 5792
	16448 5824
	12320 5824
4
	0 5824
	7232 5824
	7232 5856
	0 5856
4
	8320 5824
	8640 5824
	8640 5856
	8320 5856
4
	8736 5824
	8896 5824
	8896 5856
	8736 5856
4
	9984 5824
	10016 5824
	10016 5856
	9984 5856
4
	10528 5824
	11552 5824
	11552 5856
	10528 5856
4
	12320 5824
	16448 5824
	16448 5856
	12320 5856
4
	0 5856
	7264 5856
	7264 5888
	0 5888
4
	8288 5856
	8608 5856
	8608 5888
	8288 5888
4
	8704 5856
	8864 5856
	8864 5888
	8704 5888
4
	9952 5856
	10016 5856
	10016 5888
	9952 5888
4
	10528 5856
	11552 5856
	11552 5888
	10528 5888
4
	12320 5856
	16448 5856
	16448 5888
	12320 5888
4
	0 5888
	7264 5888
	7264 5920
	0 5920
4
	8256 5888
	8576 5888
	8576 5920
	8256 5920
4
	8672 5888
	8832 5888
	8832 5920
	8672 5920
4
	9952 5888
	10016 5888
	10016 5920
	9952 5920
4
	10528 5888
	11552 5888
	11552 5920
	10528 5920
4
	12320 5888
	16448 5888
	16448 5920
	12320 5920
4
	0 5920
	7328 5920
	7328 5952
	0 5952
4
	8224 5920
	8544 5920
	8544 5952
	8224 5952
4
	8640 5920
	8800 5920
	8800 5952
	8640 5952
4
	9920 5920
	10016 5920
	10016 5952
	9920 5952
4
	10176 5920
	11136 5920
	11136 5952
	10176 5952
4
	11200 5920
	16448 5920
	16448 5952
	11200 5952
4
	0 5952
	7360 5952
	7360 5984
	0 5984
4
	8192 5952
	8512 5952
	8512 5984
	8192 5984
4
	8608 5952
	8768 5952
	8768 5984
	8608 5984
4
	9248 5952
	9280 5952
	9280 5984
	9248 5984
4
	9312 5952
	9344 5952
	9344 5984
	9312 5984
4
	9888 5952
	10016 5952
	10016 5984
	9888 5984
4
	10144 5952
	10432 5952
	10432 5984
	10144 5984
4
	10464 5952
	10720 5952
	10720 5984
	10464 5984
4
	11232 5952
	11360 5952
	11360 5984
	11232 5984
4
	11488 5952
	11616 5952
	11616 5984
	11488 5984
4
	11744 5952
	16448 5952
	16448 5984
	11744 5984
4
	0 5984
	7360 5984
	7360 6016
	0 6016
4
	8192 5984
	8480 5984
	8480 6016
	8192 6016
4
	8576 5984
	8768 5984
	8768 6016
	8576 6016
4
	9184 5984
	9664 5984
	9664 6016
	9184 6016
4
	9856 5984
	10016 5984
	10016 6016
	9856 6016
4
	10112 5984
	10400 5984
	10400 6016
	10112 6016
4
	11776 5984
	16448 5984
	16448 6016
	11776 6016
4
	0 6016
	7392 6016
	7392 6048
	0 6048
4
	8192 6016
	8448 6016
	8448 6048
	8192 6048
4
	8544 6016
	8736 6016
	8736 6048
	8544 6048
4
	9120 6016
	9696 6016
	9696 6048
	9120 6048
4
	9824 6016
	9984 6016
	9984 6048
	9824 6048
4
	10080 6016
	10336 6016
	10336 6048
	10080 6048
4
	11776 6016
	16448 6016
	16448 6048
	11776 6048
4
	0 6048
	7392 6048
	7392 6080
	0 6080
4
	8192 6048
	8416 6048
	8416 6080
	8192 6080
4
	8512 6048
	8736 6048
	8736 6080
	8512 6080
4
	9024 6048
	9696 6048
	9696 6080
	9024 6080
4
	9792 6048
	9952 6048
	9952 6080
	9792 6080
4
	10048 6048
	10304 6048
	10304 6080
	10048 6080
4
	11776 6048
	16448 6048
	16448 6080
	11776 6080
4
	0 6080
	7392 6080
	7392 6112
	0 6112
4
	8192 6080
	8384 6080
	8384 6112
	8192 6112
4
	8480 6080
	8704 6080
	8704 6112
	8480 6112
4
	9024 6080
	9696 6080
	9696 6112
	9024 6112
4
	9760 6080
	9920 6080
	9920 6112
	9760 6112
4
	10016 6080
	10272 6080
	10272 6112
	10016 6112
4
	11776 6080
	16448 6080
	16448 6112
	11776 6112
4
	0 6112
	7392 6112
	7392 6144
	0 6144
4
	8160 6112
	8352 6112
	8352 6144
	8160 6144
4
	8416 6112
	8672 6112
	8672 6144
	8416 6144
4
	8928 6112
	9888 6112
	9888 6144
	8928 6144
4
	9952 6112
	10176 6112
	10176 6144
	9952 6144
4
	10976 6112
	11104 6112
	11104 6144
	10976 6144
4
	11232 6112
	11360 6112
	11360 6144
	11232 6144
4
	11488 6112
	11616 6112
	11616 6144
	11488 6144
4
	11744 6112
	16448 6112
	16448 6144
	11744 6144
4
	0 6144
	7392 6144
	7392 6176
	0 6176
4
	7872 6144
	7968 6144
	7968 6176
	7872 6176
4
	8160 6144
	8320 6144
	8320 6176
	8160 6176
4
	8416 6144
	8640 6144
	8640 6176
	8416 6176
4
	8896 6144
	9856 6144
	9856 6176
	8896 6176
4
	9952 6144
	10240 6144
	10240 6176
	9952 6176
4
	10528 6144
	16448 6144
	16448 6176
	10528 6176
4
	0 6176
	7264 6176
	7264 6208
	0 6208
4
	7456 6176
	7552 6176
	7552 6208
	7456 6208
4
	7872 6176
	7968 6176
	7968 6208
	7872 6208
4
	8160 6176
	8288 6176
	8288 6208
	8160 6208
4
	8416 6176
	8608 6176
	8608 6208
	8416 6208
4
	8896 6176
	8992 6176
	8992 6208
	8896 6208
4
	10016 6176
	10080 6176
	10080 6208
	10016 6208
4
	10112 6176
	10176 6176
	10176 6208
	10112 6208
4
	10496 6176
	16448 6176
	16448 6208
	10496 6208
4
	0 6208
	7264 6208
	7264 6240
	0 6240
4
	7456 6208
	7552 6208
	7552 6240
	7456 6240
4
	7872 6208
	7968 6208
	7968 6240
	7872 6240
4
	8160 6208
	8288 6208
	8288 6240
	8160 6240
4
	8416 6208
	8608 6208
	8608 6240
	8416 6240
4
	8896 6208
	8992 6208
	8992 6240
	8896 6240
4
	10016 6208
	10080 6208
	10080 6240
	10016 6240
4
	10496 6208
	16448 6208
	16448 6240
	10496 6240
4
	0 6240
	7552 6240
	7552 6272
	0 6272
4
	7872 6240
	8256 6240
	8256 6272
	7872 6272
4
	8448 6240
	8512 6240
	8512 6272
	8448 6272
4
	8896 6240
	8992 6240
	8992 6272
	8896 6272
4
	10016 6240
	10048 6240
	10048 6272
	10016 6272
4
	10496 6240
	16448 6240
	16448 6272
	10496 6272
4
	0 6272
	7552 6272
	7552 6304
	0 6304
4
	7872 6272
	8256 6272
	8256 6304
	7872 6304
4
	8448 6272
	8512 6272
	8512 6304
	8448 6304
4
	8896 6272
	8992 6272
	8992 6304
	8896 6304
4
	10016 6272
	10048 6272
	10048 6304
	10016 6304
4
	10496 6272
	16448 6272
	16448 6304
	10496 6304
4
	0 6304
	7552 6304
	7552 6336
	0 6336
4
	7872 6304
	8256 6304
	8256 6336
	7872 6336
4
	8448 6304
	8576 6304
	8576 6336
	8448 6336
4
	8896 6304
	8992 6304
	8992 6336
	8896 6336
4
	10016 6304
	10048 6304
	10048 6336
	10016 6336
4
	10496 6304
	16448 6304
	16448 6336
	10496 6336
4
	0 6336
	7552 6336
	7552 6368
	0 6368
4
	7872 6336
	8256 6336
	8256 6368
	7872 6368
4
	8448 6336
	8576 6336
	8576 6368
	8448 6368
4
	8896 6336
	8992 6336
	8992 6368
	8896 6368
4
	10016 6336
	10048 6336
	10048 6368
	10016 6368
4
	10496 6336
	16448 6336
	16448 6368
	10496 6368
4
	0 6368
	7552 6368
	7552 6400
	0 6400
4
	7872 6368
	7968 6368
	7968 6400
	7872 6400
4
	8160 6368
	8288 6368
	8288 6400
	8160 6400
4
	8416 6368
	8576 6368
	8576 6400
	8416 6400
4
	8896 6368
	8992 6368
	8992 6400
	8896 6400
4
	10016 6368
	10080 6368
	10080 6400
	10016 6400
4
	10208 6368
	10336 6368
	10336 6400
	10208 6400
4
	10464 6368
	16448 6368
	16448 6400
	10464 6400
4
	0 6400
	7552 6400
	7552 6432
	0 6432
4
	7872 6400
	7968 6400
	7968 6432
	7872 6432
4
	8160 6400
	8576 6400
	8576 6432
	8160 6432
4
	8896 6400
	8992 6400
	8992 6432
	8896 6432
4
	10016 6400
	10080 6400
	10080 6432
	10016 6432
4
	10208 6400
	16448 6400
	16448 6432
	10208 6432
4
	0 6432
	7552 6432
	7552 6464
	0 6464
4
	8160 6432
	8544 6432
	8544 6464
	8160 6464
4
	8928 6432
	9056 6432
	9056 6464
	8928 6464
4
	9120 6432
	10080 6432
	10080 6464
	9120 6464
4
	10208 6432
	16448 6432
	16448 6464
	10208 6464
4
	0 6464
	7552 6464
	7552 6496
	0 6496
4
	8160 6464
	8288 6464
	8288 6496
	8160 6496
4
	8416 6464
	8544 6464
	8544 6496
	8416 6496
4
	8928 6464
	9056 6464
	9056 6496
	8928 6496
4
	9120 6464
	9248 6464
	9248 6496
	9120 6496
4
	9728 6464
	10080 6464
	10080 6496
	9728 6496
4
	10208 6464
	16448 6464
	16448 6496
	10208 6496
4
	0 6496
	7552 6496
	7552 6528
	0 6528
4
	8960 6496
	9056 6496
	9056 6528
	8960 6528
4
	9120 6496
	9248 6496
	9248 6528
	9120 6528
4
	9728 6496
	10048 6496
	10048 6528
	9728 6528
4
	10240 6496
	16448 6496
	16448 6528
	10240 6528
4
	0 6528
	7552 6528
	7552 6560
	0 6560
4
	9760 6528
	10048 6528
	10048 6560
	9760 6560
4
	10240 6528
	16448 6528
	16448 6560
	10240 6560
4
	0 6560
	7552 6560
	7552 6592
	0 6592
4
	9824 6560
	10048 6560
	10048 6592
	9824 6592
4
	10240 6560
	16448 6560
	16448 6592
	10240 6592
4
	0 6592
	7552 6592
	7552 6624
	0 6624
4
	9856 6592
	10048 6592
	10048 6624
	9856 6624
4
	10240 6592
	16448 6592
	16448 6624
	10240 6624
4
	0 6624
	7552 6624
	7552 6656
	0 6656
4
	9888 6624
	10048 6624
	10048 6656
	9888 6656
4
	10240 6624
	16448 6624
	16448 6656
	10240 6656
4
	0 6656
	7552 6656
	7552 6688
	0 6688
4
	9920 6656
	10048 6656
	10048 6688
	9920 6688
4
	10240 6656
	16448 6656
	16448 6688
	10240 6688
4
	0 6688
	7552 6688
	7552 6720
	0 6720
4
	9952 6688
	10048 6688
	10048 6720
	9952 6720
4
	10240 6688
	16448 6688
	16448 6720
	10240 6720
4
	0 6720
	7520 6720
	7520 6752
	0 6752
4
	9952 6720
	10048 6720
	10048 6752
	9952 6752
4
	10240 6720
	16448 6720
	16448 6752
	10240 6752
4
	0 6752
	7520 6752
	7520 6784
	0 6784
4
	9920 6752
	10048 6752
	10048 6784
	9920 6784
4
	10240 6752
	16448 6752
	16448 6784
	10240 6784
4
	0 6784
	7520 6784
	7520 6816
	0 6816
4
	9920 6784
	10048 6784
	10048 6816
	9920 6816
4
	10240 6784
	16448 6784
	16448 6816
	10240 6816
4
	0 6816
	7520 6816
	7520 6848
	0 6848
4
	9952 6816
	10016 6816
	10016 6848
	9952 6848
4
	10240 6816
	16448 6816
	16448 6848
	10240 6848
4
	0 6848
	7520 6848
	7520 6880
	0 6880
4
	8992 6848
	9056 6848
	9056 6880
	8992 6880
4
	9120 6848
	9248 6848
	9248 6880
	9120 6880
4
	9984 6848
	10016 6848
	10016 6880
	9984 6880
4
	10240 6848
	16448 6848
	16448 6880
	10240 6880
4
	0 6880
	7520 6880
	7520 6912
	0 6912
4
	8672 6880
	8800 6880
	8800 6912
	8672 6912
4
	8928 6880
	9056 6880
	9056 6912
	8928 6912
4
	9120 6880
	9312 6880
	9312 6912
	9120 6912
4
	9952 6880
	10080 6880
	10080 6912
	9952 6912
4
	10240 6880
	16448 6880
	16448 6912
	10240 6912
4
	0 6912
	7488 6912
	7488 6944
	0 6944
4
	8672 6912
	9056 6912
	9056 6944
	8672 6944
4
	9120 6912
	9312 6912
	9312 6944
	9120 6944
4
	9984 6912
	10080 6912
	10080 6944
	9984 6944
4
	10240 6912
	16448 6912
	16448 6944
	10240 6944
4
	0 6944
	4480 6944
	4480 6976
	0 6976
4
	4544 6944
	7488 6944
	7488 6976
	4544 6976
4
	8672 6944
	9056 6944
	9056 6976
	8672 6976
4
	9120 6944
	9344 6944
	9344 6976
	9120 6976
4
	9952 6944
	10080 6944
	10080 6976
	9952 6976
4
	10208 6944
	16448 6944
	16448 6976
	10208 6976
4
	0 6976
	4448 6976
	4448 7008
	0 7008
4
	4576 6976
	4832 6976
	4832 7008
	4576 7008
4
	5344 6976
	6720 6976
	6720 7008
	5344 7008
4
	6880 6976
	7008 6976
	7008 7008
	6880 7008
4
	8672 6976
	8800 6976
	8800 7008
	8672 7008
4
	8928 6976
	9056 6976
	9056 7008
	8928 7008
4
	9184 6976
	9376 6976
	9376 7008
	9184 7008
4
	9952 6976
	10080 6976
	10080 7008
	9952 7008
4
	10208 6976
	16448 6976
	16448 7008
	10208 7008
4
	0 7008
	4384 7008
	4384 7040
	0 7040
4
	5408 7008
	6720 7008
	6720 7040
	5408 7040
4
	8704 7008
	8768 7008
	8768 7040
	8704 7040
4
	9248 7008
	9408 7008
	9408 7040
	9248 7040
4
	10240 7008
	16448 7008
	16448 7040
	10240 7040
4
	0 7040
	4352 7040
	4352 7072
	0 7072
4
	5440 7040
	6720 7040
	6720 7072
	5440 7072
4
	8704 7040
	8768 7040
	8768 7072
	8704 7072
4
	9280 7040
	9440 7040
	9440 7072
	9280 7072
4
	9504 7040
	9536 7040
	9536 7072
	9504 7072
4
	10240 7040
	16448 7040
	16448 7072
	10240 7072
4
	0 7072
	4320 7072
	4320 7104
	0 7104
4
	5472 7072
	6592 7072
	6592 7104
	5472 7104
4
	8704 7072
	8768 7072
	8768 7104
	8704 7104
4
	9312 7072
	9632 7072
	9632 7104
	9312 7104
4
	10240 7072
	16448 7072
	16448 7104
	10240 7104
4
	0 7104
	4288 7104
	4288 7136
	0 7136
4
	5504 7104
	6464 7104
	6464 7136
	5504 7136
4
	8704 7104
	8768 7104
	8768 7136
	8704 7136
4
	9344 7104
	9696 7104
	9696 7136
	9344 7136
4
	10208 7104
	16448 7104
	16448 7136
	10208 7136
4
	0 7136
	4256 7136
	4256 7168
	0 7168
4
	4576 7136
	4704 7136
	4704 7168
	4576 7168
4
	4832 7136
	4960 7136
	4960 7168
	4832 7168
4
	5088 7136
	5216 7136
	5216 7168
	5088 7168
4
	5536 7136
	6464 7136
	6464 7168
	5536 7168
4
	8672 7136
	8800 7136
	8800 7168
	8672 7168
4
	9376 7136
	9760 7136
	9760 7168
	9376 7168
4
	10208 7136
	16448 7136
	16448 7168
	10208 7168
4
	0 7168
	4224 7168
	4224 7200
	0 7200
4
	4576 7168
	4704 7168
	4704 7200
	4576 7200
4
	4768 7168
	5216 7168
	5216 7200
	4768 7200
4
	5568 7168
	6464 7168
	6464 7200
	5568 7200
4
	8672 7168
	8800 7168
	8800 7200
	8672 7200
4
	9408 7168
	9760 7168
	9760 7200
	9408 7200
4
	10240 7168
	16448 7168
	16448 7200
	10240 7200
4
	0 7200
	96 7200
	96 7232
	0 7232
4
	416 7200
	4192 7200
	4192 7232
	416 7232
4
	4576 7200
	5216 7200
	5216 7232
	4576 7232
4
	5600 7200
	6464 7200
	6464 7232
	5600 7232
4
	8672 7200
	8832 7200
	8832 7232
	8672 7232
4
	9536 7200
	9760 7200
	9760 7232
	9536 7232
4
	10272 7200
	16448 7200
	16448 7232
	10272 7232
4
	0 7232
	96 7232
	96 7264
	0 7264
4
	416 7232
	4160 7232
	4160 7264
	416 7264
4
	4576 7232
	5216 7232
	5216 7264
	4576 7264
4
	5568 7232
	5664 7232
	5664 7264
	5568 7264
4
	5728 7232
	6464 7232
	6464 7264
	5728 7264
4
	8672 7232
	8864 7232
	8864 7264
	8672 7264
4
	9504 7232
	9792 7232
	9792 7264
	9504 7264
4
	10304 7232
	16448 7232
	16448 7264
	10304 7264
4
	0 7264
	96 7264
	96 7296
	0 7296
4
	416 7264
	4128 7264
	4128 7296
	416 7296
4
	4576 7264
	5184 7264
	5184 7296
	4576 7296
4
	5568 7264
	5632 7264
	5632 7296
	5568 7296
4
	5696 7264
	6464 7264
	6464 7296
	5696 7296
4
	8736 7264
	8896 7264
	8896 7296
	8736 7296
4
	9504 7264
	9824 7264
	9824 7296
	9504 7296
4
	10336 7264
	16448 7264
	16448 7296
	10336 7296
4
	0 7296
	96 7296
	96 7328
	0 7328
4
	416 7296
	4096 7296
	4096 7328
	416 7328
4
	4544 7296
	5184 7296
	5184 7328
	4544 7328
4
	5664 7296
	6464 7296
	6464 7328
	5664 7328
4
	8768 7296
	8928 7296
	8928 7328
	8768 7328
4
	9536 7296
	9856 7296
	9856 7328
	9536 7328
4
	10368 7296
	16448 7296
	16448 7328
	10368 7328
4
	0 7328
	96 7328
	96 7360
	0 7360
4
	416 7328
	4128 7328
	4128 7360
	416 7360
4
	4512 7328
	5184 7328
	5184 7360
	4512 7360
4
	5632 7328
	6464 7328
	6464 7360
	5632 7360
4
	8800 7328
	8960 7328
	8960 7360
	8800 7360
4
	9568 7328
	9888 7328
	9888 7360
	9568 7360
4
	10496 7328
	16448 7328
	16448 7360
	10496 7360
4
	0 7360
	96 7360
	96 7392
	0 7392
4
	416 7360
	4128 7360
	4128 7392
	416 7392
4
	4512 7360
	5184 7360
	5184 7392
	4512 7392
4
	5632 7360
	6464 7360
	6464 7392
	5632 7392
4
	8832 7360
	8992 7360
	8992 7392
	8832 7392
4
	9600 7360
	9920 7360
	9920 7392
	9600 7392
4
	10496 7360
	16448 7360
	16448 7392
	10496 7392
4
	0 7392
	96 7392
	96 7424
	0 7424
4
	416 7392
	4000 7392
	4000 7424
	416 7424
4
	4064 7392
	4096 7392
	4096 7424
	4064 7424
4
	4512 7392
	5184 7392
	5184 7424
	4512 7424
4
	5664 7392
	6464 7392
	6464 7424
	5664 7424
4
	6880 7392
	7008 7392
	7008 7424
	6880 7424
4
	7392 7392
	7520 7392
	7520 7424
	7392 7424
4
	7648 7392
	7776 7392
	7776 7424
	7648 7424
4
	8864 7392
	8992 7392
	8992 7424
	8864 7424
4
	9632 7392
	9920 7392
	9920 7424
	9632 7424
4
	9952 7392
	10080 7392
	10080 7424
	9952 7424
4
	10464 7392
	16448 7392
	16448 7424
	10464 7424
4
	0 7424
	96 7424
	96 7456
	0 7456
4
	416 7424
	3968 7424
	3968 7456
	416 7456
4
	4512 7424
	5184 7424
	5184 7456
	4512 7456
4
	5696 7424
	6464 7424
	6464 7456
	5696 7456
4
	6880 7424
	7008 7424
	7008 7456
	6880 7456
4
	7072 7424
	7840 7424
	7840 7456
	7072 7456
4
	8896 7424
	8992 7424
	8992 7456
	8896 7456
4
	9664 7424
	10080 7424
	10080 7456
	9664 7456
4
	10464 7424
	16448 7424
	16448 7456
	10464 7456
4
	0 7456
	96 7456
	96 7488
	0 7488
4
	416 7456
	3936 7456
	3936 7488
	416 7488
4
	4512 7456
	5184 7456
	5184 7488
	4512 7488
4
	5760 7456
	5792 7456
	5792 7488
	5760 7488
4
	5856 7456
	6464 7456
	6464 7488
	5856 7488
4
	6880 7456
	7968 7456
	7968 7488
	6880 7488
4
	8928 7456
	9344 7456
	9344 7488
	8928 7488
4
	9696 7456
	10080 7456
	10080 7488
	9696 7488
4
	10464 7456
	16448 7456
	16448 7488
	10464 7488
4
	0 7488
	96 7488
	96 7520
	0 7520
4
	416 7488
	3936 7488
	3936 7520
	416 7520
4
	4512 7488
	5184 7488
	5184 7520
	4512 7520
4
	5760 7488
	5792 7488
	5792 7520
	5760 7520
4
	5824 7488
	6464 7488
	6464 7520
	5824 7520
4
	6880 7488
	7008 7488
	7008 7520
	6880 7520
4
	7136 7488
	7264 7488
	7264 7520
	7136 7520
4
	7392 7488
	8160 7488
	8160 7520
	7392 7520
4
	8928 7488
	9056 7488
	9056 7520
	8928 7520
4
	9184 7488
	9376 7488
	9376 7520
	9184 7520
4
	9952 7488
	10112 7488
	10112 7520
	9952 7520
4
	10464 7488
	16448 7488
	16448 7520
	10464 7520
4
	0 7520
	96 7520
	96 7552
	0 7552
4
	416 7520
	3904 7520
	3904 7552
	416 7552
4
	4544 7520
	5184 7520
	5184 7552
	4544 7552
4
	5888 7520
	6464 7520
	6464 7552
	5888 7552
4
	7424 7520
	8160 7520
	8160 7552
	7424 7552
4
	9152 7520
	9408 7520
	9408 7552
	9152 7552
4
	9984 7520
	10176 7520
	10176 7552
	9984 7552
4
	10496 7520
	16448 7520
	16448 7552
	10496 7552
4
	0 7552
	96 7552
	96 7584
	0 7584
4
	416 7552
	3904 7552
	3904 7584
	416 7584
4
	4512 7552
	5184 7552
	5184 7584
	4512 7584
4
	5920 7552
	6464 7552
	6464 7584
	5920 7584
4
	7424 7552
	8160 7552
	8160 7584
	7424 7584
4
	9152 7552
	9440 7552
	9440 7584
	9152 7584
4
	9984 7552
	10208 7552
	10208 7584
	9984 7584
4
	10496 7552
	16448 7552
	16448 7584
	10496 7584
4
	0 7584
	96 7584
	96 7616
	0 7616
4
	416 7584
	3904 7584
	3904 7616
	416 7616
4
	4512 7584
	5184 7584
	5184 7616
	4512 7616
4
	5920 7584
	6464 7584
	6464 7616
	5920 7616
4
	7424 7584
	8160 7584
	8160 7616
	7424 7616
4
	9152 7584
	9472 7584
	9472 7616
	9152 7616
4
	9984 7584
	10240 7584
	10240 7616
	9984 7616
4
	10496 7584
	16448 7584
	16448 7616
	10496 7616
4
	0 7616
	96 7616
	96 7648
	0 7648
4
	416 7616
	3904 7616
	3904 7648
	416 7648
4
	4512 7616
	5184 7616
	5184 7648
	4512 7648
4
	5888 7616
	6464 7616
	6464 7648
	5888 7648
4
	7424 7616
	8160 7616
	8160 7648
	7424 7648
4
	8352 7616
	8544 7616
	8544 7648
	8352 7648
4
	9184 7616
	9504 7616
	9504 7648
	9184 7648
4
	9984 7616
	10240 7616
	10240 7648
	9984 7648
4
	10496 7616
	16448 7616
	16448 7648
	10496 7648
4
	0 7648
	96 7648
	96 7680
	0 7680
4
	416 7648
	3936 7648
	3936 7680
	416 7680
4
	4544 7648
	5216 7648
	5216 7680
	4544 7680
4
	5888 7648
	6496 7648
	6496 7680
	5888 7680
4
	6624 7648
	6752 7648
	6752 7680
	6624 7680
4
	7392 7648
	8544 7648
	8544 7680
	7392 7680
4
	9248 7648
	9504 7648
	9504 7680
	9248 7680
4
	9952 7648
	10240 7648
	10240 7680
	9952 7680
4
	10464 7648
	16448 7648
	16448 7680
	10464 7680
4
	0 7680
	96 7680
	96 7712
	0 7712
4
	416 7680
	3936 7680
	3936 7712
	416 7712
4
	4576 7680
	5216 7680
	5216 7712
	4576 7712
4
	5888 7680
	6752 7680
	6752 7712
	5888 7712
4
	7392 7680
	8576 7680
	8576 7712
	7392 7712
4
	9344 7680
	9504 7680
	9504 7712
	9344 7712
4
	9696 7680
	10304 7680
	10304 7712
	9696 7712
4
	10464 7680
	16448 7680
	16448 7712
	10464 7712
4
	0 7712
	96 7712
	96 7744
	0 7744
4
	416 7712
	3936 7712
	3936 7744
	416 7744
4
	4576 7712
	4704 7712
	4704 7744
	4576 7744
4
	4768 7712
	5216 7712
	5216 7744
	4768 7744
4
	5888 7712
	6752 7712
	6752 7744
	5888 7744
4
	7392 7712
	8576 7712
	8576 7744
	7392 7744
4
	9440 7712
	9824 7712
	9824 7744
	9440 7744
4
	9888 7712
	10304 7712
	10304 7744
	9888 7744
4
	10464 7712
	16448 7712
	16448 7744
	10464 7744
4
	0 7744
	96 7744
	96 7776
	0 7776
4
	416 7744
	3776 7744
	3776 7776
	416 7776
4
	3808 7744
	3936 7744
	3936 7776
	3808 7776
4
	4576 7744
	4704 7744
	4704 7776
	4576 7776
4
	4832 7744
	5216 7744
	5216 7776
	4832 7776
4
	5888 7744
	6752 7744
	6752 7776
	5888 7776
4
	7392 7744
	8576 7744
	8576 7776
	7392 7776
4
	9440 7744
	9568 7744
	9568 7776
	9440 7776
4
	9696 7744
	9824 7744
	9824 7776
	9696 7776
4
	9888 7744
	10080 7744
	10080 7776
	9888 7776
4
	10464 7744
	16448 7744
	16448 7776
	10464 7776
4
	0 7776
	96 7776
	96 7808
	0 7808
4
	416 7776
	3776 7776
	3776 7808
	416 7808
4
	4896 7776
	5152 7776
	5152 7808
	4896 7808
4
	5888 7776
	6720 7776
	6720 7808
	5888 7808
4
	7456 7776
	8576 7776
	8576 7808
	7456 7808
4
	9728 7776
	9824 7776
	9824 7808
	9728 7808
4
	9888 7776
	10016 7776
	10016 7808
	9888 7808
4
	10560 7776
	16448 7776
	16448 7808
	10560 7808
4
	0 7808
	96 7808
	96 7840
	0 7840
4
	416 7808
	3776 7808
	3776 7840
	416 7840
4
	5888 7808
	6720 7808
	6720 7840
	5888 7840
4
	7456 7808
	8800 7808
	8800 7840
	7456 7840
4
	10592 7808
	10688 7808
	10688 7840
	10592 7840
4
	10752 7808
	16448 7808
	16448 7840
	10752 7840
4
	0 7840
	96 7840
	96 7872
	0 7872
4
	416 7840
	3776 7840
	3776 7872
	416 7872
4
	5888 7840
	6720 7840
	6720 7872
	5888 7872
4
	7456 7840
	8832 7840
	8832 7872
	7456 7872
4
	10592 7840
	10656 7840
	10656 7872
	10592 7872
4
	10752 7840
	16448 7840
	16448 7872
	10752 7872
4
	0 7872
	96 7872
	96 7904
	0 7904
4
	416 7872
	3776 7872
	3776 7904
	416 7904
4
	5792 7872
	6720 7872
	6720 7904
	5792 7904
4
	7456 7872
	8832 7872
	8832 7904
	7456 7904
4
	10752 7872
	16448 7872
	16448 7904
	10752 7904
4
	0 7904
	96 7904
	96 7936
	0 7936
4
	416 7904
	3776 7904
	3776 7936
	416 7936
4
	5792 7904
	6720 7904
	6720 7936
	5792 7936
4
	7392 7904
	8832 7904
	8832 7936
	7392 7936
4
	10688 7904
	16448 7904
	16448 7936
	10688 7936
4
	0 7936
	96 7936
	96 7968
	0 7968
4
	416 7936
	3776 7936
	3776 7968
	416 7968
4
	5760 7936
	6720 7936
	6720 7968
	5760 7968
4
	7392 7936
	8832 7936
	8832 7968
	7392 7968
4
	10688 7936
	16448 7936
	16448 7968
	10688 7968
4
	0 7968
	96 7968
	96 8000
	0 8000
4
	416 7968
	3584 7968
	3584 8000
	416 8000
4
	5760 7968
	6720 7968
	6720 8000
	5760 8000
4
	7392 7968
	8832 7968
	8832 8000
	7392 8000
4
	10720 7968
	16448 7968
	16448 8000
	10720 8000
4
	0 8000
	96 8000
	96 8032
	0 8032
4
	416 8000
	3488 8000
	3488 8032
	416 8032
4
	5760 8000
	6720 8000
	6720 8032
	5760 8032
4
	7360 8000
	8896 8000
	8896 8032
	7360 8032
4
	10720 8000
	10848 8000
	10848 8032
	10720 8032
4
	10976 8000
	16448 8000
	16448 8032
	10976 8032
4
	0 8032
	96 8032
	96 8064
	0 8064
4
	416 8032
	3456 8032
	3456 8064
	416 8064
4
	5760 8032
	6720 8032
	6720 8064
	5760 8064
4
	7360 8032
	8928 8032
	8928 8064
	7360 8064
4
	11104 8032
	16448 8032
	16448 8064
	11104 8064
4
	0 8064
	96 8064
	96 8096
	0 8096
4
	416 8064
	3424 8064
	3424 8096
	416 8096
4
	5760 8064
	6720 8064
	6720 8096
	5760 8096
4
	7360 8064
	8960 8064
	8960 8096
	7360 8096
4
	11136 8064
	16448 8064
	16448 8096
	11136 8096
4
	0 8096
	96 8096
	96 8128
	0 8128
4
	416 8096
	3392 8096
	3392 8128
	416 8128
4
	5760 8096
	6720 8096
	6720 8128
	5760 8128
4
	7360 8096
	8992 8096
	8992 8128
	7360 8128
4
	11136 8096
	16448 8096
	16448 8128
	11136 8128
4
	0 8128
	96 8128
	96 8160
	0 8160
4
	416 8128
	3392 8128
	3392 8160
	416 8160
4
	4896 8128
	5184 8128
	5184 8160
	4896 8160
4
	5792 8128
	6720 8128
	6720 8160
	5792 8160
4
	7360 8128
	8992 8128
	8992 8160
	7360 8160
4
	9760 8128
	9824 8128
	9824 8160
	9760 8160
4
	9888 8128
	10016 8128
	10016 8160
	9888 8160
4
	11168 8128
	16448 8128
	16448 8160
	11168 8160
4
	0 8160
	96 8160
	96 8192
	0 8192
4
	416 8160
	3392 8160
	3392 8192
	416 8192
4
	4576 8160
	5216 8160
	5216 8192
	4576 8192
4
	5792 8160
	6752 8160
	6752 8192
	5792 8192
4
	7392 8160
	9056 8160
	9056 8192
	7392 8192
4
	9696 8160
	9824 8160
	9824 8192
	9696 8192
4
	9888 8160
	10016 8160
	10016 8192
	9888 8192
4
	10208 8160
	10336 8160
	10336 8192
	10208 8192
4
	11168 8160
	16448 8160
	16448 8192
	11168 8192
4
	0 8192
	96 8192
	96 8224
	0 8224
4
	416 8192
	3392 8192
	3392 8224
	416 8224
4
	4576 8192
	5344 8192
	5344 8224
	4576 8224
4
	5824 8192
	6752 8192
	6752 8224
	5824 8224
4
	7392 8192
	9056 8192
	9056 8224
	7392 8224
4
	9696 8192
	9824 8192
	9824 8224
	9696 8224
4
	9888 8192
	10336 8192
	10336 8224
	9888 8224
4
	11232 8192
	16448 8192
	16448 8224
	11232 8224
4
	0 8224
	96 8224
	96 8256
	0 8256
4
	416 8224
	3392 8224
	3392 8256
	416 8256
4
	4576 8224
	5376 8224
	5376 8256
	4576 8256
4
	5824 8224
	6752 8224
	6752 8256
	5824 8256
4
	7392 8224
	9056 8224
	9056 8256
	7392 8256
4
	9696 8224
	9760 8224
	9760 8256
	9696 8256
4
	10016 8224
	10336 8224
	10336 8256
	10016 8256
4
	11232 8224
	16448 8224
	16448 8256
	11232 8256
4
	0 8256
	96 8256
	96 8288
	0 8288
4
	416 8256
	864 8256
	864 8288
	416 8288
4
	1248 8256
	1632 8256
	1632 8288
	1248 8288
4
	1760 8256
	1888 8256
	1888 8288
	1760 8288
4
	2304 8256
	2368 8256
	2368 8288
	2304 8288
4
	2560 8256
	2624 8256
	2624 8288
	2560 8288
4
	2784 8256
	3392 8256
	3392 8288
	2784 8288
4
	4576 8256
	5408 8256
	5408 8288
	4576 8288
4
	5856 8256
	6496 8256
	6496 8288
	5856 8288
4
	6624 8256
	6752 8256
	6752 8288
	6624 8288
4
	7392 8256
	9056 8256
	9056 8288
	7392 8288
4
	9696 8256
	9760 8256
	9760 8288
	9696 8288
4
	10208 8256
	10336 8256
	10336 8288
	10208 8288
4
	11232 8256
	16448 8256
	16448 8288
	11232 8288
4
	0 8288
	96 8288
	96 8320
	0 8320
4
	416 8288
	736 8288
	736 8320
	416 8320
4
	2304 8288
	2368 8288
	2368 8320
	2304 8320
4
	2560 8288
	2624 8288
	2624 8320
	2560 8320
4
	2816 8288
	3392 8288
	3392 8320
	2816 8320
4
	4608 8288
	5408 8288
	5408 8320
	4608 8320
4
	5856 8288
	6464 8288
	6464 8320
	5856 8320
4
	7424 8288
	9024 8288
	9024 8320
	7424 8320
4
	9728 8288
	9760 8288
	9760 8320
	9728 8320
4
	10240 8288
	10304 8288
	10304 8320
	10240 8320
4
	11264 8288
	16448 8288
	16448 8320
	11264 8320
4
	0 8320
	96 8320
	96 8352
	0 8352
4
	416 8320
	736 8320
	736 8352
	416 8352
4
	2304 8320
	2368 8320
	2368 8352
	2304 8352
4
	2560 8320
	2624 8320
	2624 8352
	2560 8352
4
	2816 8320
	3392 8320
	3392 8352
	2816 8352
4
	4128 8320
	4192 8320
	4192 8352
	4128 8352
4
	4608 8320
	5376 8320
	5376 8352
	4608 8352
4
	5888 8320
	6464 8320
	6464 8352
	5888 8352
4
	7424 8320
	9024 8320
	9024 8352
	7424 8352
4
	9728 8320
	9760 8320
	9760 8352
	9728 8352
4
	10240 8320
	10304 8320
	10304 8352
	10240 8352
4
	11264 8320
	16448 8320
	16448 8352
	11264 8352
4
	0 8352
	96 8352
	96 8384
	0 8384
4
	416 8352
	736 8352
	736 8384
	416 8384
4
	2304 8352
	2368 8352
	2368 8384
	2304 8384
4
	2560 8352
	2624 8352
	2624 8384
	2560 8384
4
	2816 8352
	3392 8352
	3392 8384
	2816 8384
4
	4064 8352
	4192 8352
	4192 8384
	4064 8384
4
	4608 8352
	5376 8352
	5376 8384
	4608 8384
4
	5920 8352
	6464 8352
	6464 8384
	5920 8384
4
	7424 8352
	9024 8352
	9024 8384
	7424 8384
4
	9728 8352
	9760 8352
	9760 8384
	9728 8384
4
	10240 8352
	10304 8352
	10304 8384
	10240 8384
4
	11264 8352
	16448 8352
	16448 8384
	11264 8384
4
	0 8384
	96 8384
	96 8416
	0 8416
4
	416 8384
	736 8384
	736 8416
	416 8416
4
	2304 8384
	2368 8384
	2368 8416
	2304 8416
4
	2560 8384
	2624 8384
	2624 8416
	2560 8416
4
	2816 8384
	3392 8384
	3392 8416
	2816 8416
4
	4032 8384
	4448 8384
	4448 8416
	4032 8416
4
	4608 8384
	5376 8384
	5376 8416
	4608 8416
4
	5952 8384
	6464 8384
	6464 8416
	5952 8416
4
	7424 8384
	9024 8384
	9024 8416
	7424 8416
4
	9728 8384
	9760 8384
	9760 8416
	9728 8416
4
	10240 8384
	10304 8384
	10304 8416
	10240 8416
4
	11264 8384
	16448 8384
	16448 8416
	11264 8416
4
	0 8416
	64 8416
	64 8448
	0 8448
4
	416 8416
	736 8416
	736 8448
	416 8448
4
	2784 8416
	3392 8416
	3392 8448
	2784 8448
4
	3968 8416
	4448 8416
	4448 8448
	3968 8448
4
	4576 8416
	5376 8416
	5376 8448
	4576 8448
4
	5952 8416
	6496 8416
	6496 8448
	5952 8448
4
	6624 8416
	6752 8416
	6752 8448
	6624 8448
4
	7424 8416
	9024 8416
	9024 8448
	7424 8448
4
	9728 8416
	9760 8416
	9760 8448
	9728 8448
4
	10240 8416
	10400 8416
	10400 8448
	10240 8448
4
	10976 8416
	11104 8416
	11104 8448
	10976 8448
4
	11232 8416
	16448 8416
	16448 8448
	11232 8448
4
	0 8448
	64 8448
	64 8480
	0 8480
4
	416 8448
	736 8448
	736 8480
	416 8480
4
	2784 8448
	3392 8448
	3392 8480
	2784 8480
4
	3968 8448
	4480 8448
	4480 8480
	3968 8480
4
	4544 8448
	5376 8448
	5376 8480
	4544 8480
4
	5952 8448
	6752 8448
	6752 8480
	5952 8480
4
	7424 8448
	9024 8448
	9024 8480
	7424 8480
4
	9728 8448
	9760 8448
	9760 8480
	9728 8480
4
	10240 8448
	10432 8448
	10432 8480
	10240 8480
4
	10976 8448
	11136 8448
	11136 8480
	10976 8480
4
	11200 8448
	16448 8448
	16448 8480
	11200 8480
4
	0 8480
	64 8480
	64 8512
	0 8512
4
	416 8480
	736 8480
	736 8512
	416 8512
4
	2784 8480
	3392 8480
	3392 8512
	2784 8512
4
	3968 8480
	5376 8480
	5376 8512
	3968 8512
4
	5952 8480
	6560 8480
	6560 8512
	5952 8512
4
	6624 8480
	6752 8480
	6752 8512
	6624 8512
4
	7424 8480
	9024 8480
	9024 8512
	7424 8512
4
	9728 8480
	9792 8480
	9792 8512
	9728 8512
4
	10240 8480
	10464 8480
	10464 8512
	10240 8512
4
	10976 8480
	16448 8480
	16448 8512
	10976 8512
4
	0 8512
	64 8512
	64 8544
	0 8544
4
	416 8512
	736 8512
	736 8544
	416 8544
4
	2784 8512
	2912 8512
	2912 8544
	2784 8544
4
	3968 8512
	5376 8512
	5376 8544
	3968 8544
4
	5952 8512
	6496 8512
	6496 8544
	5952 8544
4
	6624 8512
	6752 8512
	6752 8544
	6624 8544
4
	7424 8512
	9024 8512
	9024 8544
	7424 8544
4
	9728 8512
	9792 8512
	9792 8544
	9728 8544
4
	10240 8512
	10496 8512
	10496 8544
	10240 8544
4
	10976 8512
	16448 8512
	16448 8544
	10976 8544
4
	0 8544
	64 8544
	64 8576
	0 8576
4
	416 8544
	736 8544
	736 8576
	416 8576
4
	3968 8544
	5376 8544
	5376 8576
	3968 8576
4
	6176 8544
	6432 8544
	6432 8576
	6176 8576
4
	7424 8544
	9024 8544
	9024 8576
	7424 8576
4
	9728 8544
	9792 8544
	9792 8576
	9728 8576
4
	10240 8544
	10560 8544
	10560 8576
	10240 8576
4
	11008 8544
	16448 8544
	16448 8576
	11008 8576
4
	0 8576
	64 8576
	64 8608
	0 8608
4
	416 8576
	736 8576
	736 8608
	416 8608
4
	3968 8576
	5344 8576
	5344 8608
	3968 8608
4
	7456 8576
	9024 8576
	9024 8608
	7456 8608
4
	9728 8576
	9792 8576
	9792 8608
	9728 8608
4
	10240 8576
	10592 8576
	10592 8608
	10240 8608
4
	11008 8576
	16448 8576
	16448 8608
	11008 8608
4
	0 8608
	64 8608
	64 8640
	0 8640
4
	416 8608
	736 8608
	736 8640
	416 8640
4
	3968 8608
	5344 8608
	5344 8640
	3968 8640
4
	7456 8608
	9024 8608
	9024 8640
	7456 8640
4
	9728 8608
	9792 8608
	9792 8640
	9728 8640
4
	10240 8608
	10624 8608
	10624 8640
	10240 8640
4
	11008 8608
	16448 8608
	16448 8640
	11008 8640
4
	0 8640
	64 8640
	64 8672
	0 8672
4
	416 8640
	736 8640
	736 8672
	416 8672
4
	3968 8640
	5344 8640
	5344 8672
	3968 8672
4
	7424 8640
	9024 8640
	9024 8672
	7424 8672
4
	9728 8640
	9792 8640
	9792 8672
	9728 8672
4
	10240 8640
	10624 8640
	10624 8672
	10240 8672
4
	10880 8640
	16448 8640
	16448 8672
	10880 8672
4
	0 8672
	64 8672
	64 8704
	0 8704
4
	416 8672
	736 8672
	736 8704
	416 8704
4
	3968 8672
	5344 8672
	5344 8704
	3968 8704
4
	7392 8672
	9024 8672
	9024 8704
	7392 8704
4
	9696 8672
	9824 8672
	9824 8704
	9696 8704
4
	9856 8672
	9920 8672
	9920 8704
	9856 8704
4
	10208 8672
	10624 8672
	10624 8704
	10208 8704
4
	10720 8672
	16448 8672
	16448 8704
	10720 8704
4
	0 8704
	64 8704
	64 8736
	0 8736
4
	416 8704
	736 8704
	736 8736
	416 8736
4
	3968 8704
	5344 8704
	5344 8736
	3968 8736
4
	7328 8704
	9056 8704
	9056 8736
	7328 8736
4
	9696 8704
	16448 8704
	16448 8736
	9696 8736
4
	0 8736
	64 8736
	64 8768
	0 8768
4
	416 8736
	736 8736
	736 8768
	416 8768
4
	4000 8736
	5344 8736
	5344 8768
	4000 8768
4
	7328 8736
	9056 8736
	9056 8768
	7328 8768
4
	9696 8736
	16448 8736
	16448 8768
	9696 8768
4
	0 8768
	64 8768
	64 8800
	0 8800
4
	448 8768
	704 8768
	704 8800
	448 8800
4
	4000 8768
	5344 8768
	5344 8800
	4000 8800
4
	7392 8768
	9152 8768
	9152 8800
	7392 8800
4
	9568 8768
	16448 8768
	16448 8800
	9568 8800
4
	0 8800
	64 8800
	64 8832
	0 8832
4
	4096 8800
	5344 8800
	5344 8832
	4096 8832
4
	7424 8800
	9152 8800
	9152 8832
	7424 8832
4
	9504 8800
	16448 8800
	16448 8832
	9504 8832
4
	0 8832
	64 8832
	64 8864
	0 8864
4
	4096 8832
	5344 8832
	5344 8864
	4096 8864
4
	7424 8832
	9152 8832
	9152 8864
	7424 8864
4
	9472 8832
	16448 8832
	16448 8864
	9472 8864
4
	0 8864
	64 8864
	64 8896
	0 8896
4
	4096 8864
	5344 8864
	5344 8896
	4096 8896
4
	7424 8864
	9152 8864
	9152 8896
	7424 8896
4
	9472 8864
	16448 8864
	16448 8896
	9472 8896
4
	0 8896
	64 8896
	64 8928
	0 8928
4
	4096 8896
	5344 8896
	5344 8928
	4096 8928
4
	6176 8896
	6464 8896
	6464 8928
	6176 8928
4
	7424 8896
	9120 8896
	9120 8928
	7424 8928
4
	9472 8896
	16448 8896
	16448 8928
	9472 8928
4
	0 8928
	64 8928
	64 8960
	0 8960
4
	2784 8928
	2848 8928
	2848 8960
	2784 8960
4
	4064 8928
	5376 8928
	5376 8960
	4064 8960
4
	6112 8928
	6496 8928
	6496 8960
	6112 8960
4
	6624 8928
	6752 8928
	6752 8960
	6624 8960
4
	7424 8928
	9056 8928
	9056 8960
	7424 8960
4
	9440 8928
	16448 8928
	16448 8960
	9440 8960
4
	0 8960
	64 8960
	64 8992
	0 8992
4
	2784 8960
	3392 8960
	3392 8992
	2784 8992
4
	4064 8960
	5408 8960
	5408 8992
	4064 8992
4
	6112 8960
	6560 8960
	6560 8992
	6112 8992
4
	6624 8960
	6752 8960
	6752 8992
	6624 8992
4
	7424 8960
	9024 8960
	9024 8992
	7424 8992
4
	9440 8960
	16448 8960
	16448 8992
	9440 8992
4
	0 8992
	64 8992
	64 9024
	0 9024
4
	2784 8992
	3392 8992
	3392 9024
	2784 9024
4
	4064 8992
	4224 8992
	4224 9024
	4064 9024
4
	4288 8992
	5408 8992
	5408 9024
	4288 9024
4
	6112 8992
	6752 8992
	6752 9024
	6112 9024
4
	7392 8992
	8960 8992
	8960 9024
	7392 9024
4
	9440 8992
	9568 8992
	9568 9024
	9440 9024
4
	9632 8992
	10080 8992
	10080 9024
	9632 9024
4
	10144 8992
	10592 8992
	10592 9024
	10144 9024
4
	10656 8992
	11744 8992
	11744 9024
	10656 9024
4
	11808 8992
	16448 8992
	16448 9024
	11808 9024
4
	0 9024
	64 9024
	64 9056
	0 9056
4
	2784 9024
	3392 9024
	3392 9056
	2784 9056
4
	4064 9024
	4192 9024
	4192 9056
	4064 9056
4
	4288 9024
	5408 9024
	5408 9056
	4288 9056
4
	5952 9024
	6496 9024
	6496 9056
	5952 9056
4
	6624 9024
	6752 9024
	6752 9056
	6624 9056
4
	7392 9024
	8960 9024
	8960 9056
	7392 9056
4
	9440 9024
	9568 9024
	9568 9056
	9440 9056
4
	9952 9024
	10080 9024
	10080 9056
	9952 9056
4
	10464 9024
	10592 9024
	10592 9056
	10464 9056
4
	10720 9024
	10848 9024
	10848 9056
	10720 9056
4
	10976 9024
	11104 9024
	11104 9056
	10976 9056
4
	11232 9024
	11360 9024
	11360 9056
	11232 9056
4
	11488 9024
	11712 9024
	11712 9056
	11488 9056
4
	11808 9024
	16448 9024
	16448 9056
	11808 9056
4
	0 9056
	64 9056
	64 9088
	0 9088
4
	2304 9056
	2368 9056
	2368 9088
	2304 9088
4
	2560 9056
	2624 9056
	2624 9088
	2560 9088
4
	2816 9056
	3392 9056
	3392 9088
	2816 9088
4
	4288 9056
	5408 9056
	5408 9088
	4288 9088
4
	5920 9056
	6464 9056
	6464 9088
	5920 9088
4
	6720 9056
	6752 9056
	6752 9088
	6720 9088
4
	7360 9056
	8960 9056
	8960 9088
	7360 9088
4
	11840 9056
	16448 9056
	16448 9088
	11840 9088
4
	0 9088
	64 9088
	64 9120
	0 9120
4
	2304 9088
	2368 9088
	2368 9120
	2304 9120
4
	2560 9088
	2624 9088
	2624 9120
	2560 9120
4
	2816 9088
	3392 9088
	3392 9120
	2816 9120
4
	4288 9088
	5408 9088
	5408 9120
	4288 9120
4
	5888 9088
	6464 9088
	6464 9120
	5888 9120
4
	6751 9119
	6753 9119
	6753 9121
	6751 9121
4
	6720 9088
	6752 9088
	6752 9120
	6720 9120
4
	7360 9088
	8960 9088
	8960 9120
	7360 9120
4
	11904 9088
	16448 9088
	16448 9120
	11904 9120
4
	0 9120
	64 9120
	64 9152
	0 9152
4
	2304 9120
	2368 9120
	2368 9152
	2304 9152
4
	2560 9120
	2624 9120
	2624 9152
	2560 9152
4
	2816 9120
	3392 9120
	3392 9152
	2816 9152
4
	4288 9120
	5408 9120
	5408 9152
	4288 9152
4
	5888 9120
	6464 9120
	6464 9152
	5888 9152
4
	6752 9120
	6784 9120
	6784 9152
	6752 9152
4
	7392 9120
	8960 9120
	8960 9152
	7392 9152
4
	12064 9120
	16448 9120
	16448 9152
	12064 9152
4
	0 9152
	64 9152
	64 9184
	0 9184
4
	2304 9152
	2368 9152
	2368 9184
	2304 9184
4
	2560 9152
	2624 9152
	2624 9184
	2560 9184
4
	2816 9152
	3392 9152
	3392 9184
	2816 9184
4
	4288 9152
	5408 9152
	5408 9184
	4288 9184
4
	5888 9152
	6464 9152
	6464 9184
	5888 9184
4
	7552 9152
	8992 9152
	8992 9184
	7552 9184
4
	12064 9152
	16448 9152
	16448 9184
	12064 9184
4
	0 9184
	96 9184
	96 9216
	0 9216
4
	736 9184
	864 9184
	864 9216
	736 9216
4
	1312 9184
	1632 9184
	1632 9216
	1312 9216
4
	1760 9184
	1888 9184
	1888 9216
	1760 9216
4
	2304 9184
	2368 9184
	2368 9216
	2304 9216
4
	2560 9184
	2624 9184
	2624 9216
	2560 9216
4
	2784 9184
	3392 9184
	3392 9216
	2784 9216
4
	4288 9184
	5408 9184
	5408 9216
	4288 9216
4
	5888 9184
	6496 9184
	6496 9216
	5888 9216
4
	6815 9215
	6817 9215
	6817 9217
	6815 9217
4
	6784 9184
	6816 9184
	6816 9216
	6784 9216
4
	7552 9184
	9024 9184
	9024 9216
	7552 9216
4
	12064 9184
	16448 9184
	16448 9216
	12064 9216
4
	0 9216
	3392 9216
	3392 9248
	0 9248
4
	4288 9216
	5408 9216
	5408 9248
	4288 9248
4
	5888 9216
	6496 9216
	6496 9248
	5888 9248
4
	6816 9216
	6848 9216
	6848 9248
	6816 9248
4
	7648 9216
	8992 9216
	8992 9248
	7648 9248
4
	12064 9216
	16448 9216
	16448 9248
	12064 9248
4
	0 9248
	3392 9248
	3392 9280
	0 9280
4
	4288 9248
	5408 9248
	5408 9280
	4288 9280
4
	5888 9248
	6528 9248
	6528 9280
	5888 9280
4
	6847 9279
	6849 9279
	6849 9281
	6847 9281
4
	6816 9248
	6848 9248
	6848 9280
	6816 9280
4
	7648 9248
	8960 9248
	8960 9280
	7648 9280
4
	12064 9248
	16448 9248
	16448 9280
	12064 9280
4
	0 9280
	3424 9280
	3424 9312
	0 9312
4
	4352 9280
	4832 9280
	4832 9312
	4352 9312
4
	4864 9280
	5376 9280
	5376 9312
	4864 9312
4
	5888 9280
	6560 9280
	6560 9312
	5888 9312
4
	6848 9280
	6880 9280
	6880 9312
	6848 9312
4
	7648 9280
	7776 9280
	7776 9312
	7648 9312
4
	7936 9280
	8928 9280
	8928 9312
	7936 9312
4
	12064 9280
	16448 9280
	16448 9312
	12064 9312
4
	0 9312
	3456 9312
	3456 9344
	0 9344
4
	4352 9312
	4576 9312
	4576 9344
	4352 9344
4
	4864 9312
	5152 9312
	5152 9344
	4864 9344
4
	5888 9312
	6592 9312
	6592 9344
	5888 9344
4
	6848 9312
	6880 9312
	6880 9344
	6848 9344
4
	7936 9312
	8896 9312
	8896 9344
	7936 9344
4
	12064 9312
	16448 9312
	16448 9344
	12064 9344
4
	0 9344
	3488 9344
	3488 9376
	0 9376
4
	5888 9344
	6624 9344
	6624 9376
	5888 9376
4
	6848 9344
	6880 9344
	6880 9376
	6848 9376
4
	7936 9344
	8864 9344
	8864 9376
	7936 9376
4
	12064 9344
	16448 9344
	16448 9376
	12064 9376
4
	0 9376
	3552 9376
	3552 9408
	0 9408
4
	5888 9376
	6656 9376
	6656 9408
	5888 9408
4
	6848 9376
	6880 9376
	6880 9408
	6848 9408
4
	7936 9376
	8832 9376
	8832 9408
	7936 9408
4
	9504 9376
	11648 9376
	11648 9408
	9504 9408
4
	12064 9376
	16448 9376
	16448 9408
	12064 9408
4
	0 9408
	3584 9408
	3584 9440
	0 9440
4
	5888 9408
	6688 9408
	6688 9440
	5888 9440
4
	6816 9408
	6880 9408
	6880 9440
	6816 9440
4
	7936 9408
	8832 9408
	8832 9440
	7936 9440
4
	9504 9408
	11680 9408
	11680 9440
	9504 9440
4
	12064 9408
	16448 9408
	16448 9440
	12064 9440
4
	0 9440
	3584 9440
	3584 9472
	0 9472
4
	5856 9440
	6752 9440
	6752 9472
	5856 9472
4
	6816 9440
	7104 9440
	7104 9472
	6816 9472
4
	7936 9440
	8832 9440
	8832 9472
	7936 9472
4
	9504 9440
	11712 9440
	11712 9472
	9504 9472
4
	12064 9440
	16448 9440
	16448 9472
	12064 9472
4
	0 9472
	3584 9472
	3584 9504
	0 9504
4
	5856 9472
	7104 9472
	7104 9504
	5856 9504
4
	7936 9472
	8832 9472
	8832 9504
	7936 9504
4
	9504 9472
	11776 9472
	11776 9504
	9504 9504
4
	12064 9472
	16448 9472
	16448 9504
	12064 9504
4
	0 9504
	3584 9504
	3584 9536
	0 9536
4
	5856 9504
	7104 9504
	7104 9536
	5856 9536
4
	7936 9504
	8832 9504
	8832 9536
	7936 9536
4
	9504 9504
	11840 9504
	11840 9536
	9504 9536
4
	12064 9504
	16448 9504
	16448 9536
	12064 9536
4
	0 9536
	3616 9536
	3616 9568
	0 9568
4
	5856 9536
	7200 9536
	7200 9568
	5856 9568
4
	7232 9536
	7264 9536
	7264 9568
	7232 9568
4
	7936 9536
	8832 9536
	8832 9568
	7936 9568
4
	9504 9536
	11872 9536
	11872 9568
	9504 9568
4
	12064 9536
	16448 9536
	16448 9568
	12064 9568
4
	0 9568
	3680 9568
	3680 9600
	0 9600
4
	5888 9568
	7264 9568
	7264 9600
	5888 9600
4
	7296 9568
	7328 9568
	7328 9600
	7296 9600
4
	7936 9568
	8800 9568
	8800 9600
	7936 9600
4
	9504 9568
	11904 9568
	11904 9600
	9504 9600
4
	12064 9568
	16448 9568
	16448 9600
	12064 9600
4
	0 9600
	3680 9600
	3680 9632
	0 9632
4
	5888 9600
	7360 9600
	7360 9632
	5888 9632
4
	7936 9600
	8640 9600
	8640 9632
	7936 9632
4
	9504 9600
	12032 9600
	12032 9632
	9504 9632
4
	12064 9600
	16448 9600
	16448 9632
	12064 9632
4
	0 9632
	3680 9632
	3680 9664
	0 9664
4
	5888 9632
	7360 9632
	7360 9664
	5888 9664
4
	7936 9632
	8640 9632
	8640 9664
	7936 9664
4
	9504 9632
	16448 9632
	16448 9664
	9504 9664
4
	0 9664
	3680 9664
	3680 9696
	0 9696
4
	4896 9664
	5152 9664
	5152 9696
	4896 9696
4
	5888 9664
	7360 9664
	7360 9696
	5888 9696
4
	7936 9664
	8640 9664
	8640 9696
	7936 9696
4
	9504 9664
	16448 9664
	16448 9696
	9504 9696
4
	0 9696
	3680 9696
	3680 9728
	0 9728
4
	4064 9696
	4192 9696
	4192 9728
	4064 9728
4
	4576 9696
	4704 9696
	4704 9728
	4576 9728
4
	4896 9696
	5216 9696
	5216 9728
	4896 9728
4
	5888 9696
	7328 9696
	7328 9728
	5888 9728
4
	7392 9696
	7520 9696
	7520 9728
	7392 9728
4
	7904 9696
	8704 9696
	8704 9728
	7904 9728
4
	9440 9696
	16448 9696
	16448 9728
	9440 9728
4
	0 9728
	4192 9728
	4192 9760
	0 9760
4
	4576 9728
	4704 9728
	4704 9760
	4576 9760
4
	4768 9728
	5216 9728
	5216 9760
	4768 9760
4
	5888 9728
	7520 9728
	7520 9760
	5888 9760
4
	7904 9728
	8704 9728
	8704 9760
	7904 9760
4
	9440 9728
	16448 9728
	16448 9760
	9440 9760
4
	0 9760
	4192 9760
	4192 9792
	0 9792
4
	4576 9760
	5216 9760
	5216 9792
	4576 9792
4
	5888 9760
	7552 9760
	7552 9792
	5888 9792
4
	7872 9760
	8704 9760
	8704 9792
	7872 9792
4
	9440 9760
	16448 9760
	16448 9792
	9440 9792
4
	0 9792
	4192 9792
	4192 9824
	0 9824
4
	4576 9792
	4704 9792
	4704 9824
	4576 9824
4
	4832 9792
	5216 9792
	5216 9824
	4832 9824
4
	5888 9792
	7552 9792
	7552 9824
	5888 9824
4
	7872 9792
	8672 9792
	8672 9824
	7872 9824
4
	9440 9792
	16448 9792
	16448 9824
	9440 9824
4
	0 9824
	4160 9824
	4160 9856
	0 9856
4
	4960 9824
	5184 9824
	5184 9856
	4960 9856
4
	5888 9824
	7552 9824
	7552 9856
	5888 9856
4
	7872 9824
	8672 9824
	8672 9856
	7872 9856
4
	9472 9824
	16448 9824
	16448 9856
	9472 9856
4
	0 9856
	4128 9856
	4128 9888
	0 9888
4
	4960 9856
	5184 9856
	5184 9888
	4960 9888
4
	5920 9856
	7552 9856
	7552 9888
	5920 9888
4
	7872 9856
	8672 9856
	8672 9888
	7872 9888
4
	9472 9856
	16448 9856
	16448 9888
	9472 9888
4
	0 9888
	4128 9888
	4128 9920
	0 9920
4
	4960 9888
	5184 9888
	5184 9920
	4960 9920
4
	5920 9888
	7552 9888
	7552 9920
	5920 9920
4
	7872 9888
	8704 9888
	8704 9920
	7872 9920
4
	9472 9888
	16448 9888
	16448 9920
	9472 9920
4
	0 9920
	4160 9920
	4160 9952
	0 9952
4
	4960 9920
	5184 9920
	5184 9952
	4960 9952
4
	5888 9920
	7552 9920
	7552 9952
	5888 9952
4
	7872 9920
	8736 9920
	8736 9952
	7872 9952
4
	9568 9920
	16448 9920
	16448 9952
	9568 9952
4
	0 9952
	4192 9952
	4192 9984
	0 9984
4
	4320 9952
	4448 9952
	4448 9984
	4320 9984
4
	4960 9952
	5184 9952
	5184 9984
	4960 9984
4
	5728 9952
	7552 9952
	7552 9984
	5728 9984
4
	7872 9952
	8768 9952
	8768 9984
	7872 9984
4
	9568 9952
	16448 9952
	16448 9984
	9568 9984
4
	0 9984
	4448 9984
	4448 10016
	0 10016
4
	4960 9984
	5184 9984
	5184 10016
	4960 10016
4
	5632 9984
	7552 9984
	7552 10016
	5632 10016
4
	7872 9984
	8800 9984
	8800 10016
	7872 10016
4
	9568 9984
	16448 9984
	16448 10016
	9568 10016
4
	0 10016
	4448 10016
	4448 10048
	0 10048
4
	4864 10016
	5184 10016
	5184 10048
	4864 10048
4
	5632 10016
	7552 10016
	7552 10048
	5632 10048
4
	7936 10016
	8832 10016
	8832 10048
	7936 10048
4
	9728 10016
	16448 10016
	16448 10048
	9728 10048
4
	0 10048
	4448 10048
	4448 10080
	0 10080
4
	4864 10048
	5184 10048
	5184 10080
	4864 10080
4
	5632 10048
	7488 10048
	7488 10080
	5632 10080
4
	7936 10048
	8864 10048
	8864 10080
	7936 10080
4
	9120 10048
	9248 10048
	9248 10080
	9120 10080
4
	9728 10048
	16448 10048
	16448 10080
	9728 10080
4
	0 10080
	4416 10080
	4416 10112
	0 10112
4
	4864 10080
	5312 10080
	5312 10112
	4864 10112
4
	5600 10080
	7488 10080
	7488 10112
	5600 10112
4
	7936 10080
	8960 10080
	8960 10112
	7936 10112
4
	8992 10080
	9280 10080
	9280 10112
	8992 10112
4
	9728 10080
	16448 10080
	16448 10112
	9728 10112
4
	0 10112
	4416 10112
	4416 10144
	0 10144
4
	5120 10112
	5344 10112
	5344 10144
	5120 10144
4
	5568 10112
	7488 10112
	7488 10144
	5568 10144
4
	7968 10112
	8896 10112
	8896 10144
	7968 10144
4
	9056 10112
	9280 10112
	9280 10144
	9056 10144
4
	9760 10112
	16448 10112
	16448 10144
	9760 10144
4
	0 10144
	4416 10144
	4416 10176
	0 10176
4
	5120 10144
	5376 10144
	5376 10176
	5120 10176
4
	5536 10144
	7488 10144
	7488 10176
	5536 10176
4
	7968 10144
	8928 10144
	8928 10176
	7968 10176
4
	8992 10144
	9312 10144
	9312 10176
	8992 10176
4
	9760 10144
	16448 10144
	16448 10176
	9760 10176
4
	0 10176
	4416 10176
	4416 10208
	0 10208
4
	5120 10176
	7488 10176
	7488 10208
	5120 10208
4
	7936 10176
	9312 10176
	9312 10208
	7936 10208
4
	9728 10176
	16448 10176
	16448 10208
	9728 10208
4
	0 10208
	4416 10208
	4416 10240
	0 10240
4
	5088 10208
	7520 10208
	7520 10240
	5088 10240
4
	7904 10208
	9312 10208
	9312 10240
	7904 10240
4
	9728 10208
	16448 10208
	16448 10240
	9728 10240
4
	0 10240
	4480 10240
	4480 10272
	0 10272
4
	5088 10240
	7520 10240
	7520 10272
	5088 10272
4
	7904 10240
	9312 10240
	9312 10272
	7904 10272
4
	9728 10240
	16448 10240
	16448 10272
	9728 10272
4
	0 10272
	4576 10272
	4576 10304
	0 10304
4
	5088 10272
	7520 10272
	7520 10304
	5088 10304
4
	7904 10272
	9344 10272
	9344 10304
	7904 10304
4
	9728 10272
	16448 10272
	16448 10304
	9728 10304
4
	0 10304
	4640 10304
	4640 10336
	0 10336
4
	5088 10304
	7520 10304
	7520 10336
	5088 10336
4
	7904 10304
	8032 10304
	8032 10336
	7904 10336
4
	8416 10304
	9344 10304
	9344 10336
	8416 10336
4
	9728 10304
	16448 10304
	16448 10336
	9728 10336
4
	0 10336
	4704 10336
	4704 10368
	0 10368
4
	5120 10336
	7552 10336
	7552 10368
	5120 10368
4
	7936 10336
	8000 10336
	8000 10368
	7936 10368
4
	8448 10336
	9344 10336
	9344 10368
	8448 10368
4
	9728 10336
	16448 10336
	16448 10368
	9728 10368
4
	0 10368
	4672 10368
	4672 10400
	0 10400
4
	5120 10368
	7552 10368
	7552 10400
	5120 10400
4
	7936 10368
	8000 10368
	8000 10400
	7936 10400
4
	8480 10368
	9344 10368
	9344 10400
	8480 10400
4
	9728 10368
	16448 10368
	16448 10400
	9728 10400
4
	0 10400
	4640 10400
	4640 10432
	0 10432
4
	5120 10400
	7552 10400
	7552 10432
	5120 10432
4
	7936 10400
	8000 10400
	8000 10432
	7936 10432
4
	8480 10400
	9376 10400
	9376 10432
	8480 10432
4
	9728 10400
	16448 10400
	16448 10432
	9728 10432
4
	0 10432
	4608 10432
	4608 10464
	0 10464
4
	4704 10432
	4768 10432
	4768 10464
	4704 10464
4
	4896 10432
	7552 10432
	7552 10464
	4896 10464
4
	7936 10432
	8000 10432
	8000 10464
	7936 10464
4
	8448 10432
	9376 10432
	9376 10464
	8448 10464
4
	9728 10432
	16448 10432
	16448 10464
	9728 10464
4
	0 10464
	4544 10464
	4544 10496
	0 10496
4
	4640 10464
	4768 10464
	4768 10496
	4640 10496
4
	4896 10464
	7552 10464
	7552 10496
	4896 10496
4
	7904 10464
	8032 10464
	8032 10496
	7904 10496
4
	8160 10464
	8288 10464
	8288 10496
	8160 10496
4
	8416 10464
	9376 10464
	9376 10496
	8416 10496
4
	9696 10464
	16448 10464
	16448 10496
	9696 10496
4
	0 10496
	7520 10496
	7520 10528
	0 10528
4
	7904 10496
	8032 10496
	8032 10528
	7904 10528
4
	8160 10496
	8288 10496
	8288 10528
	8160 10528
4
	8416 10496
	9376 10496
	9376 10528
	8416 10528
4
	9696 10496
	16448 10496
	16448 10528
	9696 10528
4
	0 10528
	7488 10528
	7488 10560
	0 10560
4
	7904 10528
	8032 10528
	8032 10560
	7904 10560
4
	8160 10528
	8288 10528
	8288 10560
	8160 10560
4
	8416 10528
	9376 10528
	9376 10560
	8416 10560
4
	9696 10528
	16448 10528
	16448 10560
	9696 10560
4
	0 10560
	7456 10560
	7456 10592
	0 10592
4
	7904 10560
	8032 10560
	8032 10592
	7904 10592
4
	8160 10560
	8288 10560
	8288 10592
	8160 10592
4
	8416 10560
	8544 10560
	8544 10592
	8416 10592
4
	8704 10560
	9504 10560
	9504 10592
	8704 10592
4
	9696 10560
	9824 10560
	9824 10592
	9696 10592
4
	9952 10560
	16448 10560
	16448 10592
	9952 10592
4
	0 10592
	7424 10592
	7424 10624
	0 10624
4
	7936 10592
	8000 10592
	8000 10624
	7936 10624
4
	8192 10592
	8256 10592
	8256 10624
	8192 10624
4
	8704 10592
	9504 10592
	9504 10624
	8704 10624
4
	9728 10592
	9792 10592
	9792 10624
	9728 10624
4
	9984 10592
	16448 10592
	16448 10624
	9984 10624
4
	0 10624
	7392 10624
	7392 10656
	0 10656
4
	7936 10624
	8000 10624
	8000 10656
	7936 10656
4
	8192 10624
	8256 10624
	8256 10656
	8192 10656
4
	8704 10624
	9504 10624
	9504 10656
	8704 10656
4
	9728 10624
	9792 10624
	9792 10656
	9728 10656
4
	9984 10624
	16448 10624
	16448 10656
	9984 10656
4
	0 10656
	7360 10656
	7360 10688
	0 10688
4
	7936 10656
	8000 10656
	8000 10688
	7936 10688
4
	8192 10656
	8256 10656
	8256 10688
	8192 10688
4
	8704 10656
	9504 10656
	9504 10688
	8704 10688
4
	9728 10656
	9792 10656
	9792 10688
	9728 10688
4
	9984 10656
	16448 10656
	16448 10688
	9984 10688
4
	0 10688
	7328 10688
	7328 10720
	0 10720
4
	7936 10688
	8000 10688
	8000 10720
	7936 10720
4
	8192 10688
	8256 10688
	8256 10720
	8192 10720
4
	8704 10688
	9536 10688
	9536 10720
	8704 10720
4
	9728 10688
	9792 10688
	9792 10720
	9728 10720
4
	9984 10688
	16448 10688
	16448 10720
	9984 10720
4
	0 10720
	7296 10720
	7296 10752
	0 10752
4
	7936 10720
	8000 10720
	8000 10752
	7936 10752
4
	8192 10720
	8288 10720
	8288 10752
	8192 10752
4
	8704 10720
	9568 10720
	9568 10752
	8704 10752
4
	9728 10720
	9824 10720
	9824 10752
	9728 10752
4
	9952 10720
	16448 10720
	16448 10752
	9952 10752
4
	0 10752
	7264 10752
	7264 10784
	0 10784
4
	7936 10752
	8000 10752
	8000 10784
	7936 10784
4
	8192 10752
	8288 10752
	8288 10784
	8192 10784
4
	8704 10752
	9568 10752
	9568 10784
	8704 10784
4
	9728 10752
	9824 10752
	9824 10784
	9728 10784
4
	9952 10752
	16448 10752
	16448 10784
	9952 10784
4
	0 10784
	7232 10784
	7232 10816
	0 10816
4
	7936 10784
	8000 10784
	8000 10816
	7936 10816
4
	8192 10784
	8288 10784
	8288 10816
	8192 10816
4
	8704 10784
	9568 10784
	9568 10816
	8704 10816
4
	9728 10784
	9824 10784
	9824 10816
	9728 10816
4
	9952 10784
	16448 10784
	16448 10816
	9952 10816
4
	0 10816
	7200 10816
	7200 10848
	0 10848
4
	7936 10816
	8000 10816
	8000 10848
	7936 10848
4
	8192 10816
	8288 10816
	8288 10848
	8192 10848
4
	8704 10816
	9568 10816
	9568 10848
	8704 10848
4
	9728 10816
	9824 10816
	9824 10848
	9728 10848
4
	9952 10816
	16448 10816
	16448 10848
	9952 10848
4
	0 10848
	7168 10848
	7168 10880
	0 10880
4
	7936 10848
	8000 10848
	8000 10880
	7936 10880
4
	8192 10848
	8256 10848
	8256 10880
	8192 10880
4
	8704 10848
	9568 10848
	9568 10880
	8704 10880
4
	9728 10848
	9792 10848
	9792 10880
	9728 10880
4
	9984 10848
	16448 10848
	16448 10880
	9984 10880
4
	0 10880
	7136 10880
	7136 10912
	0 10912
4
	7936 10880
	8000 10880
	8000 10912
	7936 10912
4
	8192 10880
	8256 10880
	8256 10912
	8192 10912
4
	8704 10880
	9568 10880
	9568 10912
	8704 10912
4
	9728 10880
	9792 10880
	9792 10912
	9728 10912
4
	9984 10880
	16448 10880
	16448 10912
	9984 10912
4
	0 10912
	7136 10912
	7136 10944
	0 10944
4
	7936 10912
	8000 10912
	8000 10944
	7936 10944
4
	8192 10912
	8256 10912
	8256 10944
	8192 10944
4
	8704 10912
	9568 10912
	9568 10944
	8704 10944
4
	9760 10912
	9792 10912
	9792 10944
	9760 10944
4
	9984 10912
	16448 10912
	16448 10944
	9984 10944
4
	0 10944
	7104 10944
	7104 10976
	0 10976
4
	7936 10944
	8000 10944
	8000 10976
	7936 10976
4
	8192 10944
	8256 10944
	8256 10976
	8192 10976
4
	8704 10944
	9568 10944
	9568 10976
	8704 10976
4
	9760 10944
	9792 10944
	9792 10976
	9760 10976
4
	9984 10944
	16448 10944
	16448 10976
	9984 10976
4
	0 10976
	7072 10976
	7072 11008
	0 11008
4
	7936 10976
	8000 10976
	8000 11008
	7936 11008
4
	8160 10976
	8288 10976
	8288 11008
	8160 11008
4
	8416 10976
	8544 10976
	8544 11008
	8416 11008
4
	8672 10976
	9568 10976
	9568 11008
	8672 11008
4
	9696 10976
	9824 10976
	9824 11008
	9696 11008
4
	9952 10976
	16448 10976
	16448 11008
	9952 11008
4
	0 11008
	7040 11008
	7040 11040
	0 11040
4
	7936 11008
	8000 11008
	8000 11040
	7936 11040
4
	8160 11008
	9568 11008
	9568 11040
	8160 11040
4
	9696 11008
	9824 11008
	9824 11040
	9696 11040
4
	9952 11008
	16448 11008
	16448 11040
	9952 11040
4
	0 11040
	7008 11040
	7008 11072
	0 11072
4
	7936 11040
	8000 11040
	8000 11072
	7936 11072
4
	8160 11040
	9568 11040
	9568 11072
	8160 11072
4
	9696 11040
	9824 11040
	9824 11072
	9696 11072
4
	9952 11040
	16448 11040
	16448 11072
	9952 11072
4
	0 11072
	7008 11072
	7008 11104
	0 11104
4
	8160 11072
	8288 11072
	8288 11104
	8160 11104
4
	8672 11072
	9056 11072
	9056 11104
	8672 11104
4
	9440 11072
	9568 11072
	9568 11104
	9440 11104
4
	9696 11072
	9824 11072
	9824 11104
	9696 11104
4
	9952 11072
	10976 11072
	10976 11104
	9952 11104
4
	11040 11072
	16448 11072
	16448 11104
	11040 11104
4
	0 11104
	6976 11104
	6976 11136
	0 11136
4
	8704 11104
	8992 11104
	8992 11136
	8704 11136
4
	9984 11104
	10976 11104
	10976 11136
	9984 11136
4
	11040 11104
	16448 11104
	16448 11136
	11040 11136
4
	0 11136
	6976 11136
	6976 11168
	0 11168
4
	9984 11136
	11008 11136
	11008 11168
	9984 11168
4
	11040 11136
	16448 11136
	16448 11168
	11040 11168
4
	0 11168
	6976 11168
	6976 11200
	0 11200
4
	9984 11168
	11008 11168
	11008 11200
	9984 11200
4
	11072 11168
	16448 11168
	16448 11200
	11072 11200
4
	0 11200
	6976 11200
	6976 11232
	0 11232
4
	9984 11200
	11008 11200
	11008 11232
	9984 11232
4
	11104 11200
	16448 11200
	16448 11232
	11104 11232
4
	0 11232
	7008 11232
	7008 11264
	0 11264
4
	9952 11232
	11008 11232
	11008 11264
	9952 11264
4
	11136 11232
	16448 11232
	16448 11264
	11136 11264
4
	0 11264
	7008 11264
	7008 11296
	0 11296
4
	9952 11264
	11008 11264
	11008 11296
	9952 11296
4
	11232 11264
	16448 11264
	16448 11296
	11232 11296
4
	0 11296
	7008 11296
	7008 11328
	0 11328
4
	9952 11296
	10912 11296
	10912 11328
	9952 11328
4
	11232 11296
	16448 11296
	16448 11328
	11232 11328
4
	0 11328
	7008 11328
	7008 11360
	0 11360
4
	9952 11328
	10944 11328
	10944 11360
	9952 11360
4
	11232 11328
	16448 11328
	16448 11360
	11232 11360
4
	0 11360
	6976 11360
	6976 11392
	0 11392
4
	9344 11360
	9600 11360
	9600 11392
	9344 11392
4
	9984 11360
	10944 11360
	10944 11392
	9984 11392
4
	11264 11360
	16448 11360
	16448 11392
	11264 11392
4
	0 11392
	6976 11392
	6976 11424
	0 11424
4
	9344 11392
	9600 11392
	9600 11424
	9344 11424
4
	9984 11392
	10944 11392
	10944 11424
	9984 11424
4
	11264 11392
	16448 11392
	16448 11424
	11264 11424
4
	0 11424
	6976 11424
	6976 11456
	0 11456
4
	9344 11424
	9600 11424
	9600 11456
	9344 11456
4
	9984 11424
	10944 11424
	10944 11456
	9984 11456
4
	11264 11424
	16448 11424
	16448 11456
	11264 11456
4
	0 11456
	6976 11456
	6976 11488
	0 11488
4
	8736 11456
	8992 11456
	8992 11488
	8736 11488
4
	9344 11456
	9632 11456
	9632 11488
	9344 11488
4
	9984 11456
	10944 11456
	10944 11488
	9984 11488
4
	11264 11456
	16448 11456
	16448 11488
	11264 11488
4
	0 11488
	7008 11488
	7008 11520
	0 11520
4
	8160 11488
	8288 11488
	8288 11520
	8160 11520
4
	8672 11488
	9056 11488
	9056 11520
	8672 11520
4
	9184 11488
	9312 11488
	9312 11520
	9184 11520
4
	9376 11488
	9632 11488
	9632 11520
	9376 11520
4
	9952 11488
	10944 11488
	10944 11520
	9952 11520
4
	11232 11488
	16448 11488
	16448 11520
	11232 11520
4
	0 11520
	7008 11520
	7008 11552
	0 11552
4
	7936 11520
	8000 11520
	8000 11552
	7936 11552
4
	8160 11520
	9600 11520
	9600 11552
	8160 11552
4
	9920 11520
	10944 11520
	10944 11552
	9920 11552
4
	11232 11520
	16448 11520
	16448 11552
	11232 11552
4
	0 11552
	7008 11552
	7008 11584
	0 11584
4
	7936 11552
	8000 11552
	8000 11584
	7936 11584
4
	8160 11552
	9632 11552
	9632 11584
	8160 11584
4
	9920 11552
	10912 11552
	10912 11584
	9920 11584
4
	11232 11552
	16448 11552
	16448 11584
	11232 11584
4
	0 11584
	6752 11584
	6752 11616
	0 11616
4
	6880 11584
	7008 11584
	7008 11616
	6880 11616
4
	7936 11584
	8000 11584
	8000 11616
	7936 11616
4
	8160 11584
	8288 11584
	8288 11616
	8160 11616
4
	8416 11584
	8544 11584
	8544 11616
	8416 11616
4
	8672 11584
	9632 11584
	9632 11616
	8672 11616
4
	9920 11584
	10080 11584
	10080 11616
	9920 11616
4
	10464 11584
	10848 11584
	10848 11616
	10464 11616
4
	11232 11584
	11360 11584
	11360 11616
	11232 11616
4
	11392 11584
	16448 11584
	16448 11616
	11392 11616
4
	0 11616
	6720 11616
	6720 11648
	0 11648
4
	6912 11616
	6976 11616
	6976 11648
	6912 11648
4
	7936 11616
	8000 11616
	8000 11648
	7936 11648
4
	8192 11616
	8256 11616
	8256 11648
	8192 11648
4
	8704 11616
	9664 11616
	9664 11648
	8704 11648
4
	10528 11616
	10720 11616
	10720 11648
	10528 11648
4
	11392 11616
	16448 11616
	16448 11648
	11392 11648
4
	0 11648
	6720 11648
	6720 11680
	0 11680
4
	6912 11648
	6976 11648
	6976 11680
	6912 11680
4
	7936 11648
	8000 11648
	8000 11680
	7936 11680
4
	8192 11648
	8256 11648
	8256 11680
	8192 11680
4
	8736 11648
	9664 11648
	9664 11680
	8736 11680
4
	10528 11648
	10720 11648
	10720 11680
	10528 11680
4
	11488 11648
	16448 11648
	16448 11680
	11488 11680
4
	0 11680
	6720 11680
	6720 11712
	0 11712
4
	6912 11680
	6976 11680
	6976 11712
	6912 11712
4
	7936 11680
	8000 11680
	8000 11712
	7936 11712
4
	8192 11680
	8256 11680
	8256 11712
	8192 11712
4
	8736 11680
	9632 11680
	9632 11712
	8736 11712
4
	9920 11680
	10016 11680
	10016 11712
	9920 11712
4
	10528 11680
	10720 11680
	10720 11712
	10528 11712
4
	11488 11680
	16448 11680
	16448 11712
	11488 11712
4
	0 11712
	6720 11712
	6720 11744
	0 11744
4
	6912 11712
	6976 11712
	6976 11744
	6912 11744
4
	7936 11712
	8000 11712
	8000 11744
	7936 11744
4
	8192 11712
	8256 11712
	8256 11744
	8192 11744
4
	8704 11712
	9568 11712
	9568 11744
	8704 11744
4
	9920 11712
	10016 11712
	10016 11744
	9920 11744
4
	10528 11712
	10688 11712
	10688 11744
	10528 11744
4
	11488 11712
	16448 11712
	16448 11744
	11488 11744
4
	0 11744
	6720 11744
	6720 11776
	0 11776
4
	6880 11744
	6976 11744
	6976 11776
	6880 11776
4
	7936 11744
	8000 11744
	8000 11776
	7936 11776
4
	8192 11744
	8288 11744
	8288 11776
	8192 11776
4
	8544 11744
	9632 11744
	9632 11776
	8544 11776
4
	9920 11744
	10016 11744
	10016 11776
	9920 11776
4
	10528 11744
	10656 11744
	10656 11776
	10528 11776
4
	11488 11744
	16448 11744
	16448 11776
	11488 11776
4
	0 11776
	6720 11776
	6720 11808
	0 11808
4
	6880 11776
	7488 11776
	7488 11808
	6880 11808
4
	7936 11776
	8000 11776
	8000 11808
	7936 11808
4
	8192 11776
	8288 11776
	8288 11808
	8192 11808
4
	8512 11776
	9664 11776
	9664 11808
	8512 11808
4
	9920 11776
	10016 11776
	10016 11808
	9920 11808
4
	10528 11776
	10624 11776
	10624 11808
	10528 11808
4
	11520 11776
	11968 11776
	11968 11808
	11520 11808
4
	12032 11776
	16448 11776
	16448 11808
	12032 11808
4
	0 11808
	6720 11808
	6720 11840
	0 11840
4
	6880 11808
	7488 11808
	7488 11840
	6880 11840
4
	7936 11808
	8000 11808
	8000 11840
	7936 11840
4
	8192 11808
	8288 11808
	8288 11840
	8192 11840
4
	8480 11808
	9568 11808
	9568 11840
	8480 11840
4
	9952 11808
	10016 11808
	10016 11840
	9952 11840
4
	10496 11808
	10560 11808
	10560 11840
	10496 11840
4
	12032 11808
	16448 11808
	16448 11840
	12032 11840
4
	0 11840
	6720 11840
	6720 11872
	0 11872
4
	6880 11840
	7008 11840
	7008 11872
	6880 11872
4
	7936 11840
	8000 11840
	8000 11872
	7936 11872
4
	8192 11840
	8288 11840
	8288 11872
	8192 11872
4
	8448 11840
	9568 11840
	9568 11872
	8448 11872
4
	9952 11840
	10016 11840
	10016 11872
	9952 11872
4
	10496 11840
	10560 11840
	10560 11872
	10496 11872
4
	12032 11840
	16448 11840
	16448 11872
	12032 11872
4
	0 11872
	6720 11872
	6720 11904
	0 11904
4
	7936 11872
	8000 11872
	8000 11904
	7936 11904
4
	8192 11872
	8256 11872
	8256 11904
	8192 11904
4
	8416 11872
	9536 11872
	9536 11904
	8416 11904
4
	9984 11872
	10016 11872
	10016 11904
	9984 11904
4
	10496 11872
	10560 11872
	10560 11904
	10496 11904
4
	12032 11872
	16448 11872
	16448 11904
	12032 11904
4
	0 11904
	6688 11904
	6688 11936
	0 11936
4
	7936 11904
	8000 11904
	8000 11936
	7936 11936
4
	8192 11904
	8256 11904
	8256 11936
	8192 11936
4
	8384 11904
	9536 11904
	9536 11936
	8384 11936
4
	9984 11904
	10016 11904
	10016 11936
	9984 11936
4
	10496 11904
	10528 11904
	10528 11936
	10496 11936
4
	12064 11904
	16448 11904
	16448 11936
	12064 11936
4
	0 11936
	6688 11936
	6688 11968
	0 11968
4
	7936 11936
	8000 11936
	8000 11968
	7936 11968
4
	8192 11936
	8256 11936
	8256 11968
	8192 11968
4
	8384 11936
	9536 11936
	9536 11968
	8384 11968
4
	9984 11936
	10016 11936
	10016 11968
	9984 11968
4
	10496 11936
	10528 11936
	10528 11968
	10496 11968
4
	12064 11936
	16448 11936
	16448 11968
	12064 11968
4
	0 11968
	6720 11968
	6720 12000
	0 12000
4
	7936 11968
	8000 11968
	8000 12000
	7936 12000
4
	8192 11968
	8256 11968
	8256 12000
	8192 12000
4
	8384 11968
	9536 11968
	9536 12000
	8384 12000
4
	9984 11968
	10016 11968
	10016 12000
	9984 12000
4
	10496 11968
	10560 11968
	10560 12000
	10496 12000
4
	12032 11968
	16448 11968
	16448 12000
	12032 12000
4
	0 12000
	6752 12000
	6752 12032
	0 12032
4
	6880 12000
	7008 12000
	7008 12032
	6880 12032
4
	7392 12000
	7520 12000
	7520 12032
	7392 12032
4
	7648 12000
	7776 12000
	7776 12032
	7648 12032
4
	7904 12000
	8032 12000
	8032 12032
	7904 12032
4
	8160 12000
	8288 12000
	8288 12032
	8160 12032
4
	8384 12000
	9536 12000
	9536 12032
	8384 12032
4
	9952 12000
	10016 12000
	10016 12032
	9952 12032
4
	10496 12000
	10688 12000
	10688 12032
	10496 12032
4
	11904 12000
	16448 12000
	16448 12032
	11904 12032
4
	0 12032
	7776 12032
	7776 12064
	0 12064
4
	7904 12032
	8032 12032
	8032 12064
	7904 12064
4
	8160 12032
	8288 12032
	8288 12064
	8160 12064
4
	8384 12032
	9536 12032
	9536 12064
	8384 12064
4
	9952 12032
	10016 12032
	10016 12064
	9952 12064
4
	10496 12032
	10688 12032
	10688 12064
	10496 12064
4
	11904 12032
	16448 12032
	16448 12064
	11904 12064
4
	0 12064
	7776 12064
	7776 12096
	0 12096
4
	7904 12064
	8032 12064
	8032 12096
	7904 12096
4
	8160 12064
	8288 12064
	8288 12096
	8160 12096
4
	8384 12064
	9536 12064
	9536 12096
	8384 12096
4
	9952 12064
	10080 12064
	10080 12096
	9952 12096
4
	10144 12064
	10688 12064
	10688 12096
	10144 12096
4
	11904 12064
	16448 12064
	16448 12096
	11904 12096
4
	0 12096
	7776 12096
	7776 12128
	0 12128
4
	7904 12096
	8032 12096
	8032 12128
	7904 12128
4
	8160 12096
	8288 12096
	8288 12128
	8160 12128
4
	8352 12096
	9536 12096
	9536 12128
	8352 12128
4
	9952 12096
	10336 12096
	10336 12128
	9952 12128
4
	10464 12096
	10688 12096
	10688 12128
	10464 12128
4
	11904 12096
	12128 12096
	12128 12128
	11904 12128
4
	12352 12096
	16448 12096
	16448 12128
	12352 12128
4
	0 12128
	7744 12128
	7744 12160
	0 12160
4
	7936 12128
	8000 12128
	8000 12160
	7936 12160
4
	8320 12128
	9536 12128
	9536 12160
	8320 12160
4
	12352 12128
	16448 12128
	16448 12160
	12352 12160
4
	0 12160
	7744 12160
	7744 12192
	0 12192
4
	7936 12160
	8000 12160
	8000 12192
	7936 12192
4
	8288 12160
	9536 12160
	9536 12192
	8288 12192
4
	12352 12160
	16448 12160
	16448 12192
	12352 12192
4
	0 12192
	7744 12192
	7744 12224
	0 12224
4
	7936 12192
	8000 12192
	8000 12224
	7936 12224
4
	8256 12192
	9536 12192
	9536 12224
	8256 12224
4
	12544 12192
	16448 12192
	16448 12224
	12544 12224
4
	0 12224
	7744 12224
	7744 12256
	0 12256
4
	7936 12224
	8000 12224
	8000 12256
	7936 12256
4
	8224 12224
	9536 12224
	9536 12256
	8224 12256
4
	12544 12224
	16448 12224
	16448 12256
	12544 12256
4
	0 12256
	7776 12256
	7776 12288
	0 12288
4
	7904 12256
	8032 12256
	8032 12288
	7904 12288
4
	8160 12256
	9536 12256
	9536 12288
	8160 12288
4
	12544 12256
	16448 12256
	16448 12288
	12544 12288
4
	0 12288
	7808 12288
	7808 12320
	0 12320
4
	7872 12288
	8064 12288
	8064 12320
	7872 12320
4
	8128 12288
	9536 12288
	9536 12320
	8128 12320
4
	12544 12288
	16448 12288
	16448 12320
	12544 12320
4
	0 12320
	9536 12320
	9536 12352
	0 12352
4
	12544 12320
	16448 12320
	16448 12352
	12544 12352
4
	0 12352
	9536 12352
	9536 12384
	0 12384
4
	11360 12352
	11424 12352
	11424 12384
	11360 12384
4
	12544 12352
	16448 12352
	16448 12384
	12544 12384
4
	0 12384
	9536 12384
	9536 12416
	0 12416
4
	11328 12384
	11424 12384
	11424 12416
	11328 12416
4
	12448 12384
	16448 12384
	16448 12416
	12448 12416
4
	0 12416
	9536 12416
	9536 12448
	0 12448
4
	11264 12416
	11456 12416
	11456 12448
	11264 12448
4
	12224 12416
	16448 12416
	16448 12448
	12224 12448
4
	0 12448
	9536 12448
	9536 12480
	0 12480
4
	11232 12448
	11488 12448
	11488 12480
	11232 12480
4
	12224 12448
	16448 12448
	16448 12480
	12224 12480
4
	0 12480
	9536 12480
	9536 12512
	0 12512
4
	11168 12480
	11552 12480
	11552 12512
	11168 12512
4
	12224 12480
	16448 12480
	16448 12512
	12224 12512
4
	0 12512
	9792 12512
	9792 12544
	0 12544
4
	11104 12512
	11616 12512
	11616 12544
	11104 12544
4
	12256 12512
	16448 12512
	16448 12544
	12256 12544
4
	0 12544
	9792 12544
	9792 12576
	0 12576
4
	11104 12544
	11648 12544
	11648 12576
	11104 12576
4
	12256 12544
	16448 12544
	16448 12576
	12256 12576
4
	0 12576
	9792 12576
	9792 12608
	0 12608
4
	11072 12576
	11680 12576
	11680 12608
	11072 12608
4
	12256 12576
	16448 12576
	16448 12608
	12256 12608
4
	0 12608
	9792 12608
	9792 12640
	0 12640
4
	11072 12608
	11712 12608
	11712 12640
	11072 12640
4
	12256 12608
	16448 12608
	16448 12640
	12256 12640
4
	0 12640
	10112 12640
	10112 12672
	0 12672
4
	10400 12640
	10656 12640
	10656 12672
	10400 12672
4
	11072 12640
	11712 12640
	11712 12672
	11072 12672
4
	12288 12640
	16448 12640
	16448 12672
	12288 12672
4
	0 12672
	10176 12672
	10176 12704
	0 12704
4
	10400 12672
	10656 12672
	10656 12704
	10400 12704
4
	11072 12672
	11712 12672
	11712 12704
	11072 12704
4
	12288 12672
	16448 12672
	16448 12704
	12288 12704
4
	0 12704
	10208 12704
	10208 12736
	0 12736
4
	10400 12704
	10656 12704
	10656 12736
	10400 12736
4
	11104 12704
	11712 12704
	11712 12736
	11104 12736
4
	12288 12704
	16448 12704
	16448 12736
	12288 12736
4
	0 12736
	10208 12736
	10208 12768
	0 12768
4
	10400 12736
	10656 12736
	10656 12768
	10400 12768
4
	11104 12736
	11680 12736
	11680 12768
	11104 12768
4
	12288 12736
	16448 12736
	16448 12768
	12288 12768
4
	0 12768
	10240 12768
	10240 12800
	0 12800
4
	10400 12768
	10688 12768
	10688 12800
	10400 12800
4
	11136 12768
	11648 12768
	11648 12800
	11136 12800
4
	12160 12768
	16448 12768
	16448 12800
	12160 12800
4
	0 12800
	10688 12800
	10688 12832
	0 12832
4
	11136 12800
	11616 12800
	11616 12832
	11136 12832
4
	12160 12800
	16448 12800
	16448 12832
	12160 12832
4
	0 12832
	10688 12832
	10688 12864
	0 12864
4
	11168 12832
	11584 12832
	11584 12864
	11168 12864
4
	12160 12832
	16448 12832
	16448 12864
	12160 12864
4
	0 12864
	10688 12864
	10688 12896
	0 12896
4
	11200 12864
	11584 12864
	11584 12896
	11200 12896
4
	12256 12864
	16448 12864
	16448 12896
	12256 12896
4
	0 12896
	10560 12896
	10560 12928
	0 12928
4
	11232 12896
	11552 12896
	11552 12928
	11232 12928
4
	12288 12896
	16448 12896
	16448 12928
	12288 12928
4
	0 12928
	10560 12928
	10560 12960
	0 12960
4
	11264 12928
	11520 12928
	11520 12960
	11264 12960
4
	12288 12928
	16448 12928
	16448 12960
	12288 12960
4
	0 12960
	10560 12960
	10560 12992
	0 12992
4
	11296 12960
	11328 12960
	11328 12992
	11296 12992
4
	11360 12960
	11456 12960
	11456 12992
	11360 12992
4
	12288 12960
	16448 12960
	16448 12992
	12288 12992
4
	0 12992
	10560 12992
	10560 13024
	0 13024
4
	12288 12992
	16448 12992
	16448 13024
	12288 13024
4
	0 13024
	10592 13024
	10592 13056
	0 13056
4
	12288 13024
	16448 13024
	16448 13056
	12288 13056
4
	0 13056
	10592 13056
	10592 13088
	0 13088
4
	12288 13056
	16448 13056
	16448 13088
	12288 13088
4
	0 13088
	10624 13088
	10624 13120
	0 13120
4
	12288 13088
	16448 13088
	16448 13120
	12288 13120
4
	0 13120
	10656 13120
	10656 13152
	0 13152
4
	12288 13120
	16448 13120
	16448 13152
	12288 13152
4
	0 13152
	10688 13152
	10688 13184
	0 13184
4
	12288 13152
	16448 13152
	16448 13184
	12288 13184
4
	0 13184
	10720 13184
	10720 13216
	0 13216
4
	12320 13184
	16448 13184
	16448 13216
	12320 13216
4
	0 13216
	10752 13216
	10752 13248
	0 13248
4
	12320 13216
	16448 13216
	16448 13248
	12320 13248
4
	0 13248
	10784 13248
	10784 13280
	0 13280
4
	10848 13248
	10912 13248
	10912 13280
	10848 13280
4
	12288 13248
	16448 13248
	16448 13280
	12288 13280
4
	0 13280
	10912 13280
	10912 13312
	0 13312
4
	12288 13280
	16448 13280
	16448 13312
	12288 13312
4
	0 13312
	10848 13312
	10848 13344
	0 13344
4
	12288 13312
	16448 13312
	16448 13344
	12288 13344
4
	0 13344
	10848 13344
	10848 13376
	0 13376
4
	12288 13344
	16448 13344
	16448 13376
	12288 13376
4
	0 13376
	10848 13376
	10848 13408
	0 13408
4
	12288 13376
	16448 13376
	16448 13408
	12288 13408
4
	0 13408
	10816 13408
	10816 13440
	0 13440
4
	12288 13408
	16448 13408
	16448 13440
	12288 13440
4
	0 13440
	10816 13440
	10816 13472
	0 13472
4
	11232 13440
	11360 13440
	11360 13472
	11232 13472
4
	12256 13440
	16448 13440
	16448 13472
	12256 13472
4
	0 13472
	10816 13472
	10816 13504
	0 13504
4
	11232 13472
	11360 13472
	11360 13504
	11232 13504
4
	11520 13472
	11552 13472
	11552 13504
	11520 13504
4
	12032 13472
	12064 13472
	12064 13504
	12032 13504
4
	12192 13472
	16448 13472
	16448 13504
	12192 13504
4
	0 13504
	10912 13504
	10912 13536
	0 13536
4
	11232 13504
	11360 13504
	11360 13536
	11232 13536
4
	12096 13504
	12160 13504
	12160 13536
	12096 13536
4
	12192 13504
	16448 13504
	16448 13536
	12192 13536
4
	0 13536
	10912 13536
	10912 13568
	0 13568
4
	11168 13536
	11360 13536
	11360 13568
	11168 13568
4
	11488 13536
	11616 13536
	11616 13568
	11488 13568
4
	12096 13536
	12160 13536
	12160 13568
	12096 13568
4
	12256 13536
	16448 13536
	16448 13568
	12256 13568
4
	0 13568
	10912 13568
	10912 13600
	0 13600
4
	11168 13568
	11904 13568
	11904 13600
	11168 13600
4
	11968 13568
	16448 13568
	16448 13600
	11968 13600
4
	0 13600
	10912 13600
	10912 13632
	0 13632
4
	11168 13600
	16448 13600
	16448 13632
	11168 13632
4
	0 13632
	10816 13632
	10816 13664
	0 13664
4
	11168 13632
	16448 13632
	16448 13664
	11168 13664
4
	0 13664
	10816 13664
	10816 13696
	0 13696
4
	11168 13664
	16448 13664
	16448 13696
	11168 13696
4
	0 13696
	10816 13696
	10816 13728
	0 13728
4
	11168 13696
	16448 13696
	16448 13728
	11168 13728
4
	0 13728
	10912 13728
	10912 13760
	0 13760
4
	11136 13728
	16448 13728
	16448 13760
	11136 13760
4
	0 13760
	10912 13760
	10912 13792
	0 13792
4
	11136 13760
	16448 13760
	16448 13792
	11136 13792
4
	0 13792
	10912 13792
	10912 13824
	0 13824
4
	11136 13792
	16448 13792
	16448 13824
	11136 13824
4
	0 13824
	16448 13824
	16448 13856
	0 13856
4
	0 13856
	16448 13856
	16448 13888
	0 13888
4
	0 13888
	16448 13888
	16448 13920
	0 13920
4
	0 13920
	16448 13920
	16448 13952
	0 13952
4
	0 13952
	16448 13952
	16448 13984
	0 13984
4
	0 13984
	16448 13984
	16448 14016
	0 14016
4
	0 14016
	16448 14016
	16448 14048
	0 14048
4
	0 14048
	16448 14048
	16448 14080
	0 14080
4
	0 14080
	16448 14080
	16448 14112
	0 14112
4
	0 14112
	16448 14112
	16448 14144
	0 14144
4
	0 14144
	16448 14144
	16448 14176
	0 14176
4
	0 14176
	16448 14176
	16448 14208
	0 14208
4
	0 14208
	16448 14208
	16448 14240
	0 14240
4
	0 14240
	16448 14240
	16448 14272
	0 14272
4
	0 14272
	16448 14272
	16448 14304
	0 14304
4
	0 14304
	16448 14304
	16448 14336
	0 14336
4
	0 14336
	16448 14336
	16448 14368
	0 14368
4
	0 14368
	16448 14368
	16448 14400
	0 14400
4
	0 14400
	16448 14400
	16448 14432
	0 14432
4
	0 14432
	16448 14432
	16448 14464
	0 14464
4
	0 14464
	16448 14464
	16448 14496
	0 14496
4
	0 14496
	16448 14496
	16448 14528
	0 14528
4
	0 14528
	16448 14528
	16448 14560
	0 14560
4
	0 14560
	16448 14560
	16448 14592
	0 14592
4
	0 14592
	16448 14592
	16448 14624
	0 14624
4
	0 14624
	16448 14624
	16448 14656
	0 14656
4
	0 14656
	16448 14656
	16448 14688
	0 14688
4
	0 14688
	16448 14688
	16448 14720
	0 14720
4
	0 14720
	16448 14720
	16448 14752
	0 14752
4
	0 14752
	16448 14752
	16448 14784
	0 14784
4
	0 14784
	16448 14784
	16448 14816
	0 14816
4
	0 14816
	16448 14816
	16448 14848
	0 14848
4
	0 14848
	16448 14848
	16448 14880
	0 14880
4
	0 14880
	16448 14880
	16448 14912
	0 14912
4
	0 14912
	16448 14912
	16448 14944
	0 14944
4
	0 14944
	16448 14944
	16448 14976
	0 14976
4
	0 14976
	16448 14976
	16448 15008
	0 15008
4
	0 15008
	16448 15008
	16448 15040
	0 15040
4
	0 15040
	16448 15040
	16448 15072
	0 15072
4
	0 15072
	16448 15072
	16448 15104
	0 15104
4
	0 15104
	16448 15104
	16448 15136
	0 15136
4
	0 15136
	16448 15136
	16448 15168
	0 15168
4
	0 15168
	16448 15168
	16448 15200
	0 15200
4
	0 15200
	16448 15200
	16448 15232
	0 15232
4
	0 15232
	16448 15232
	16448 15264
	0 15264
4
	0 15264
	16448 15264
	16448 15296
	0 15296
4
	0 15296
	16448 15296
	16448 15328
	0 15328
4
	0 15328
	16448 15328
	16448 15360
	0 15360
4
	0 15360
	16448 15360
	16448 15392
	0 15392
4
	0 15392
	16448 15392
	16448 15424
	0 15424
4
	0 15424
	16448 15424
	16448 15456
	0 15456
4
	0 15456
	16448 15456
	16448 15488
	0 15488
4
	0 15488
	16448 15488
	16448 15520
	0 15520
4
	0 15520
	16448 15520
	16448 15552
	0 15552
4
	0 15552
	16448 15552
	16448 15584
	0 15584
4
	0 15584
	16448 15584
	16448 15616
	0 15616
4
	0 15616
	16448 15616
	16448 15648
	0 15648
4
	0 15648
	16448 15648
	16448 15680
	0 15680
4
	0 15680
	16448 15680
	16448 15712
	0 15712
4
	0 15712
	16448 15712
	16448 15744
	0 15744
4
	0 15744
	16448 15744
	16448 15776
	0 15776
4
	0 15776
	16448 15776
	16448 15808
	0 15808
4
	0 15808
	16448 15808
	16448 15840
	0 15840
4
	0 15840
	16448 15840
	16448 15872
	0 15872
4
	0 15872
	16448 15872
	16448 15904
	0 15904
4
	0 15904
	16448 15904
	16448 15936
	0 15936
4
	0 15936
	16448 15936
	16448 15968
	0 15968
4
	0 15968
	16448 15968
	16448 16000
	0 16000
4
	0 16000
	16448 16000
	16448 16032
	0 16032
4
	0 16032
	16448 16032
	16448 16064
	0 16064
4
	0 16064
	16448 16064
	16448 16096
	0 16096
4
	0 16096
	16448 16096
	16448 16128
	0 16128
4
	0 16128
	16448 16128
	16448 16160
	0 16160
4
	0 16160
	16448 16160
	16448 16192
	0 16192
4
	0 16192
	16448 16192
	16448 16224
	0 16224
4
	0 16224
	16448 16224
	16448 16256
	0 16256
4
	0 16256
	16448 16256
	16448 16288
	0 16288
4
	0 16288
	16448 16288
	16448 16320
	0 16320
4
	0 16320
	16448 16320
	16448 16352
	0 16352
4
	0 16352
	16448 16352
	16448 16384
	0 16384
4
	0 16384
	16448 16384
	16448 16416
	0 16416
4
	0 16416
	16448 16416
	16448 16448
	0 16448
4
	-32 -32
	16480 -32
	16480 0
	-32 0
4
	-32 16448
	16480 16448
	16480 16480
	-32 16480
4
	-32 0
	0 0
	0 16448
	-32 16448
4
	16448 0
	16480 0
	16480 16448
	16448 16448
