1196
4
	0 0
	6720 0
	6720 32
	0 32
4
	7712 0
	16448 0
	16448 32
	7712 32
4
	0 32
	6720 32
	6720 64
	0 64
4
	7712 32
	16448 32
	16448 64
	7712 64
4
	0 64
	6720 64
	6720 96
	0 96
4
	7712 64
	16448 64
	16448 96
	7712 96
4
	0 96
	6720 96
	6720 128
	0 128
4
	7712 96
	16448 96
	16448 128
	7712 128
4
	0 128
	6720 128
	6720 160
	0 160
4
	7712 128
	16448 128
	16448 160
	7712 160
4
	0 160
	6720 160
	6720 192
	0 192
4
	7712 160
	16448 160
	16448 192
	7712 192
4
	0 192
	6720 192
	6720 224
	0 224
4
	7712 192
	16448 192
	16448 224
	7712 224
4
	0 224
	6720 224
	6720 256
	0 256
4
	7136 224
	7264 224
	7264 256
	7136 256
4
	7712 224
	16448 224
	16448 256
	7712 256
4
	0 256
	6720 256
	6720 288
	0 288
4
	7136 256
	16448 256
	16448 288
	7136 288
4
	0 288
	6720 288
	6720 320
	0 320
4
	7136 288
	16448 288
	16448 320
	7136 320
4
	0 320
	6720 320
	6720 352
	0 352
4
	7136 320
	16448 320
	16448 352
	7136 352
4
	0 352
	6720 352
	6720 384
	0 384
4
	7168 352
	16448 352
	16448 384
	7168 384
4
	0 384
	6720 384
	6720 416
	0 416
4
	7168 384
	16448 384
	16448 416
	7168 416
4
	0 416
	6720 416
	6720 448
	0 448
4
	7168 416
	16448 416
	16448 448
	7168 448
4
	0 448
	6720 448
	6720 480
	0 480
4
	7168 448
	16448 448
	16448 480
	7168 480
4
	0 480
	6720 480
	6720 512
	0 512
4
	7168 480
	16448 480
	16448 512
	7168 512
4
	0 512
	6720 512
	6720 544
	0 544
4
	7168 512
	16448 512
	16448 544
	7168 544
4
	0 544
	6720 544
	6720 576
	0 576
4
	7168 544
	16448 544
	16448 576
	7168 576
4
	0 576
	6720 576
	6720 608
	0 608
4
	7168 576
	16448 576
	16448 608
	7168 608
4
	0 608
	6784 608
	6784 640
	0 640
4
	7104 608
	16448 608
	16448 640
	7104 640
4
	0 640
	6784 640
	6784 672
	0 672
4
	7104 640
	16448 640
	16448 672
	7104 672
4
	0 672
	6784 672
	6784 704
	0 704
4
	7104 672
	16448 672
	16448 704
	7104 704
4
	0 704
	6784 704
	6784 736
	0 736
4
	7104 704
	16448 704
	16448 736
	7104 736
4
	0 736
	6784 736
	6784 768
	0 768
4
	7104 736
	16448 736
	16448 768
	7104 768
4
	0 768
	6784 768
	6784 800
	0 800
4
	7104 768
	16448 768
	16448 800
	7104 800
4
	0 800
	6784 800
	6784 832
	0 832
4
	7104 800
	16448 800
	16448 832
	7104 832
4
	0 832
	6784 832
	6784 864
	0 864
4
	7104 832
	16448 832
	16448 864
	7104 864
4
	0 864
	6784 864
	6784 896
	0 896
4
	7168 864
	16448 864
	16448 896
	7168 896
4
	0 896
	6720 896
	6720 928
	0 928
4
	7168 896
	16448 896
	16448 928
	7168 928
4
	0 928
	6720 928
	6720 960
	0 960
4
	7168 928
	16448 928
	16448 960
	7168 960
4
	0 960
	6720 960
	6720 992
	0 992
4
	7168 960
	16448 960
	16448 992
	7168 992
4
	0 992
	6752 992
	6752 1024
	0 1024
4
	7136 992
	16448 992
	16448 1024
	7136 1024
4
	0 1024
	6752 1024
	6752 1056
	0 1056
4
	7136 1024
	16448 1024
	16448 1056
	7136 1056
4
	0 1056
	6752 1056
	6752 1088
	0 1088
4
	7136 1056
	16448 1056
	16448 1088
	7136 1088
4
	0 1088
	6752 1088
	6752 1120
	0 1120
4
	7136 1088
	16448 1088
	16448 1120
	7136 1120
4
	0 1120
	6720 1120
	6720 1152
	0 1152
4
	7168 1120
	16448 1120
	16448 1152
	7168 1152
4
	0 1152
	6720 1152
	6720 1184
	0 1184
4
	7168 1152
	16448 1152
	16448 1184
	7168 1184
4
	0 1184
	6720 1184
	6720 1216
	0 1216
4
	7168 1184
	16448 1184
	16448 1216
	7168 1216
4
	0 1216
	6720 1216
	6720 1248
	0 1248
4
	7168 1216
	16448 1216
	16448 1248
	7168 1248
4
	0 1248
	6752 1248
	6752 1280
	0 1280
4
	7136 1248
	16448 1248
	16448 1280
	7136 1280
4
	0 1280
	6752 1280
	6752 1312
	0 1312
4
	7136 1280
	16448 1280
	16448 1312
	7136 1312
4
	0 1312
	6752 1312
	6752 1344
	0 1344
4
	7136 1312
	16448 1312
	16448 1344
	7136 1344
4
	0 1344
	6752 1344
	6752 1376
	0 1376
4
	7136 1344
	16448 1344
	16448 1376
	7136 1376
4
	0 1376
	6720 1376
	6720 1408
	0 1408
4
	7168 1376
	16448 1376
	16448 1408
	7168 1408
4
	0 1408
	6720 1408
	6720 1440
	0 1440
4
	7168 1408
	16448 1408
	16448 1440
	7168 1440
4
	0 1440
	6720 1440
	6720 1472
	0 1472
4
	7168 1440
	16448 1440
	16448 1472
	7168 1472
4
	0 1472
	6720 1472
	6720 1504
	0 1504
4
	7168 1472
	16448 1472
	16448 1504
	7168 1504
4
	0 1504
	6752 1504
	6752 1536
	0 1536
4
	7136 1504
	16448 1504
	16448 1536
	7136 1536
4
	0 1536
	6752 1536
	6752 1568
	0 1568
4
	7136 1536
	16448 1536
	16448 1568
	7136 1568
4
	0 1568
	6752 1568
	6752 1600
	0 1600
4
	7136 1568
	16448 1568
	16448 1600
	7136 1600
4
	0 1600
	6752 1600
	6752 1632
	0 1632
4
	7136 1600
	16448 1600
	16448 1632
	7136 1632
4
	0 1632
	6720 1632
	6720 1664
	0 1664
4
	7168 1632
	16448 1632
	16448 1664
	7168 1664
4
	0 1664
	6720 1664
	6720 1696
	0 1696
4
	7168 1664
	16448 1664
	16448 1696
	7168 1696
4
	0 1696
	6720 1696
	6720 1728
	0 1728
4
	7168 1696
	16448 1696
	16448 1728
	7168 1728
4
	0 1728
	6720 1728
	6720 1760
	0 1760
4
	7168 1728
	16448 1728
	16448 1760
	7168 1760
4
	0 1760
	6752 1760
	6752 1792
	0 1792
4
	7136 1760
	16448 1760
	16448 1792
	7136 1792
4
	0 1792
	6752 1792
	6752 1824
	0 1824
4
	7136 1792
	16448 1792
	16448 1824
	7136 1824
4
	0 1824
	6752 1824
	6752 1856
	0 1856
4
	7136 1824
	16448 1824
	16448 1856
	7136 1856
4
	0 1856
	6752 1856
	6752 1888
	0 1888
4
	7104 1856
	16448 1856
	16448 1888
	7104 1888
4
	0 1888
	6784 1888
	6784 1920
	0 1920
4
	7104 1888
	16448 1888
	16448 1920
	7104 1920
4
	0 1920
	6784 1920
	6784 1952
	0 1952
4
	7104 1920
	16448 1920
	16448 1952
	7104 1952
4
	0 1952
	6784 1952
	6784 1984
	0 1984
4
	7104 1952
	16448 1952
	16448 1984
	7104 1984
4
	0 1984
	6784 1984
	6784 2016
	0 2016
4
	7104 1984
	16448 1984
	16448 2016
	7104 2016
4
	0 2016
	6784 2016
	6784 2048
	0 2048
4
	7104 2016
	16448 2016
	16448 2048
	7104 2048
4
	0 2048
	6784 2048
	6784 2080
	0 2080
4
	7104 2048
	16448 2048
	16448 2080
	7104 2080
4
	0 2080
	6784 2080
	6784 2112
	0 2112
4
	7104 2080
	16448 2080
	16448 2112
	7104 2112
4
	0 2112
	6784 2112
	6784 2144
	0 2144
4
	7104 2112
	16448 2112
	16448 2144
	7104 2144
4
	0 2144
	6720 2144
	6720 2176
	0 2176
4
	7168 2144
	16448 2144
	16448 2176
	7168 2176
4
	0 2176
	6720 2176
	6720 2208
	0 2208
4
	7168 2176
	16448 2176
	16448 2208
	7168 2208
4
	0 2208
	6720 2208
	6720 2240
	0 2240
4
	7168 2208
	16448 2208
	16448 2240
	7168 2240
4
	0 2240
	6720 2240
	6720 2272
	0 2272
4
	7168 2240
	16448 2240
	16448 2272
	7168 2272
4
	0 2272
	6752 2272
	6752 2304
	0 2304
4
	7136 2272
	16448 2272
	16448 2304
	7136 2304
4
	0 2304
	6752 2304
	6752 2336
	0 2336
4
	7136 2304
	16448 2304
	16448 2336
	7136 2336
4
	0 2336
	6752 2336
	6752 2368
	0 2368
4
	7136 2336
	16448 2336
	16448 2368
	7136 2368
4
	0 2368
	6752 2368
	6752 2400
	0 2400
4
	7136 2368
	16448 2368
	16448 2400
	7136 2400
4
	0 2400
	6720 2400
	6720 2432
	0 2432
4
	7168 2400
	16448 2400
	16448 2432
	7168 2432
4
	0 2432
	6720 2432
	6720 2464
	0 2464
4
	7168 2432
	16448 2432
	16448 2464
	7168 2464
4
	0 2464
	6720 2464
	6720 2496
	0 2496
4
	7168 2464
	16448 2464
	16448 2496
	7168 2496
4
	0 2496
	6720 2496
	6720 2528
	0 2528
4
	7168 2496
	16448 2496
	16448 2528
	7168 2528
4
	0 2528
	6752 2528
	6752 2560
	0 2560
4
	7136 2528
	16448 2528
	16448 2560
	7136 2560
4
	0 2560
	6752 2560
	6752 2592
	0 2592
4
	7136 2560
	16448 2560
	16448 2592
	7136 2592
4
	0 2592
	6752 2592
	6752 2624
	0 2624
4
	7136 2592
	16448 2592
	16448 2624
	7136 2624
4
	0 2624
	6752 2624
	6752 2656
	0 2656
4
	7136 2624
	8576 2624
	8576 2656
	7136 2656
4
	9184 2624
	16448 2624
	16448 2656
	9184 2656
4
	0 2656
	6720 2656
	6720 2688
	0 2688
4
	7168 2656
	8608 2656
	8608 2688
	7168 2688
4
	9216 2656
	16448 2656
	16448 2688
	9216 2688
4
	0 2688
	6720 2688
	6720 2720
	0 2720
4
	7168 2688
	8576 2688
	8576 2720
	7168 2720
4
	9216 2688
	16448 2688
	16448 2720
	9216 2720
4
	0 2720
	6720 2720
	6720 2752
	0 2752
4
	7168 2720
	8544 2720
	8544 2752
	7168 2752
4
	9216 2720
	16448 2720
	16448 2752
	9216 2752
4
	0 2752
	6720 2752
	6720 2784
	0 2784
4
	7168 2752
	8512 2752
	8512 2784
	7168 2784
4
	9216 2752
	16448 2752
	16448 2784
	9216 2784
4
	0 2784
	6752 2784
	6752 2816
	0 2816
4
	7136 2784
	8544 2784
	8544 2816
	7136 2816
4
	9216 2784
	16448 2784
	16448 2816
	9216 2816
4
	0 2816
	6752 2816
	6752 2848
	0 2848
4
	7136 2816
	8544 2816
	8544 2848
	7136 2848
4
	9216 2816
	16448 2816
	16448 2848
	9216 2848
4
	0 2848
	6752 2848
	6752 2880
	0 2880
4
	7136 2848
	8480 2848
	8480 2880
	7136 2880
4
	9216 2848
	16448 2848
	16448 2880
	9216 2880
4
	0 2880
	6752 2880
	6752 2912
	0 2912
4
	7136 2880
	8480 2880
	8480 2912
	7136 2912
4
	9216 2880
	16448 2880
	16448 2912
	9216 2912
4
	0 2912
	6688 2912
	6688 2944
	0 2944
4
	7168 2912
	8416 2912
	8416 2944
	7168 2944
4
	9056 2912
	9120 2912
	9120 2944
	9056 2944
4
	9216 2912
	16448 2912
	16448 2944
	9216 2944
4
	0 2944
	6656 2944
	6656 2976
	0 2976
4
	7168 2944
	8416 2944
	8416 2976
	7168 2976
4
	9024 2944
	9152 2944
	9152 2976
	9024 2976
4
	9216 2944
	16448 2944
	16448 2976
	9216 2976
4
	0 2976
	6624 2976
	6624 3008
	0 3008
4
	7168 2976
	8416 2976
	8416 3008
	7168 3008
4
	9024 2976
	9184 2976
	9184 3008
	9024 3008
4
	9216 2976
	16448 2976
	16448 3008
	9216 3008
4
	0 3008
	6592 3008
	6592 3040
	0 3040
4
	7168 3008
	8416 3008
	8416 3040
	7168 3040
4
	9183 3039
	9185 3039
	9185 3041
	9183 3041
4
	9024 3008
	9184 3008
	9184 3040
	9024 3040
4
	9216 3008
	16448 3008
	16448 3040
	9216 3040
4
	0 3040
	6560 3040
	6560 3072
	0 3072
4
	7136 3040
	8288 3040
	8288 3072
	7136 3072
4
	8672 3040
	8800 3040
	8800 3072
	8672 3072
4
	9056 3040
	9152 3040
	9152 3072
	9056 3072
4
	9184 3040
	16448 3040
	16448 3072
	9184 3072
4
	0 3072
	6528 3072
	6528 3104
	0 3104
4
	7136 3072
	8288 3072
	8288 3104
	7136 3104
4
	8672 3072
	8800 3072
	8800 3104
	8672 3104
4
	9184 3072
	16448 3072
	16448 3104
	9184 3104
4
	0 3104
	6496 3104
	6496 3136
	0 3136
4
	7136 3104
	8288 3104
	8288 3136
	7136 3136
4
	8672 3104
	8800 3104
	8800 3136
	8672 3136
4
	9184 3104
	16448 3104
	16448 3136
	9184 3136
4
	0 3136
	5728 3136
	5728 3168
	0 3168
4
	5856 3136
	6240 3136
	6240 3168
	5856 3168
4
	6368 3136
	6496 3136
	6496 3168
	6368 3168
4
	7136 3136
	8288 3136
	8288 3168
	7136 3168
4
	8672 3136
	8800 3136
	8800 3168
	8672 3168
4
	9184 3136
	16448 3136
	16448 3168
	9184 3168
4
	0 3168
	5632 3168
	5632 3200
	0 3200
4
	7200 3168
	8256 3168
	8256 3200
	7200 3200
4
	9216 3168
	16448 3168
	16448 3200
	9216 3200
4
	0 3200
	5632 3200
	5632 3232
	0 3232
4
	7232 3200
	8256 3200
	8256 3232
	7232 3232
4
	9216 3200
	16448 3200
	16448 3232
	9216 3232
4
	0 3232
	5632 3232
	5632 3264
	0 3264
4
	7232 3232
	8256 3232
	8256 3264
	7232 3264
4
	9216 3232
	16448 3232
	16448 3264
	9216 3264
4
	0 3264
	5632 3264
	5632 3296
	0 3296
4
	7232 3264
	8256 3264
	8256 3296
	7232 3296
4
	9216 3264
	16448 3264
	16448 3296
	9216 3296
4
	0 3296
	5632 3296
	5632 3328
	0 3328
4
	7232 3296
	8256 3296
	8256 3328
	7232 3328
4
	9184 3296
	16448 3296
	16448 3328
	9184 3328
4
	0 3328
	5632 3328
	5632 3360
	0 3360
4
	7232 3328
	8256 3328
	8256 3360
	7232 3360
4
	9184 3328
	16448 3328
	16448 3360
	9184 3360
4
	0 3360
	5632 3360
	5632 3392
	0 3392
4
	7232 3360
	8256 3360
	8256 3392
	7232 3392
4
	9184 3360
	16448 3360
	16448 3392
	9184 3392
4
	0 3392
	5632 3392
	5632 3424
	0 3424
4
	7232 3392
	8256 3392
	8256 3424
	7232 3424
4
	9184 3392
	16448 3392
	16448 3424
	9184 3424
4
	0 3424
	5632 3424
	5632 3456
	0 3456
4
	7424 3424
	8256 3424
	8256 3456
	7424 3456
4
	9216 3424
	16448 3424
	16448 3456
	9216 3456
4
	0 3456
	5632 3456
	5632 3488
	0 3488
4
	7456 3456
	8256 3456
	8256 3488
	7456 3488
4
	9216 3456
	16448 3456
	16448 3488
	9216 3488
4
	0 3488
	5632 3488
	5632 3520
	0 3520
4
	7456 3488
	8256 3488
	8256 3520
	7456 3520
4
	9216 3488
	16448 3488
	16448 3520
	9216 3520
4
	0 3520
	5632 3520
	5632 3552
	0 3552
4
	7424 3520
	8256 3520
	8256 3552
	7424 3552
4
	9216 3520
	16448 3520
	16448 3552
	9216 3552
4
	0 3552
	5728 3552
	5728 3584
	0 3584
4
	5920 3552
	6112 3552
	6112 3584
	5920 3584
4
	6368 3552
	6496 3552
	6496 3584
	6368 3584
4
	7392 3552
	8288 3552
	8288 3584
	7392 3584
4
	9184 3552
	16448 3552
	16448 3584
	9184 3584
4
	0 3584
	6496 3584
	6496 3616
	0 3616
4
	7392 3584
	8288 3584
	8288 3616
	7392 3616
4
	8960 3584
	16448 3584
	16448 3616
	8960 3616
4
	0 3616
	6496 3616
	6496 3648
	0 3648
4
	7392 3616
	8288 3616
	8288 3648
	7392 3648
4
	8960 3616
	16448 3616
	16448 3648
	8960 3648
4
	0 3648
	6496 3648
	6496 3680
	0 3680
4
	7392 3648
	7520 3648
	7520 3680
	7392 3680
4
	7648 3648
	8032 3648
	8032 3680
	7648 3680
4
	8160 3648
	8288 3648
	8288 3680
	8160 3680
4
	9184 3648
	9504 3648
	9504 3680
	9184 3680
4
	9696 3648
	16448 3648
	16448 3680
	9696 3680
4
	0 3680
	6464 3680
	6464 3712
	0 3712
4
	7680 3680
	7968 3680
	7968 3712
	7680 3712
4
	9728 3680
	16448 3680
	16448 3712
	9728 3712
4
	0 3712
	6464 3712
	6464 3744
	0 3744
4
	9760 3712
	16448 3712
	16448 3744
	9760 3744
4
	0 3744
	6464 3744
	6464 3776
	0 3776
4
	9760 3744
	16448 3744
	16448 3776
	9760 3776
4
	0 3776
	6464 3776
	6464 3808
	0 3808
4
	9728 3776
	16448 3776
	16448 3808
	9728 3808
4
	0 3808
	6496 3808
	6496 3840
	0 3840
4
	9728 3808
	16448 3808
	16448 3840
	9728 3840
4
	0 3840
	6624 3840
	6624 3872
	0 3872
4
	9728 3840
	16448 3840
	16448 3872
	9728 3872
4
	0 3872
	6624 3872
	6624 3904
	0 3904
4
	9728 3872
	16448 3872
	16448 3904
	9728 3904
4
	0 3904
	6624 3904
	6624 3936
	0 3936
4
	9728 3904
	16448 3904
	16448 3936
	9728 3936
4
	0 3936
	6624 3936
	6624 3968
	0 3968
4
	9728 3936
	16448 3936
	16448 3968
	9728 3968
4
	0 3968
	6624 3968
	6624 4000
	0 4000
4
	9728 3968
	16448 3968
	16448 4000
	9728 4000
4
	0 4000
	6624 4000
	6624 4032
	0 4032
4
	9728 4000
	16448 4000
	16448 4032
	9728 4032
4
	0 4032
	6624 4032
	6624 4064
	0 4064
4
	7328 4032
	7424 4032
	7424 4064
	7328 4064
4
	7712 4032
	7968 4032
	7968 4064
	7712 4064
4
	9728 4032
	16448 4032
	16448 4064
	9728 4064
4
	0 4064
	6624 4064
	6624 4096
	0 4096
4
	7328 4064
	7520 4064
	7520 4096
	7328 4096
4
	7648 4064
	8032 4064
	8032 4096
	7648 4096
4
	8160 4064
	8288 4064
	8288 4096
	8160 4096
4
	9184 4064
	9568 4064
	9568 4096
	9184 4096
4
	9696 4064
	16448 4064
	16448 4096
	9696 4096
4
	0 4096
	6656 4096
	6656 4128
	0 4128
4
	7296 4096
	8288 4096
	8288 4128
	7296 4128
4
	8960 4096
	16448 4096
	16448 4128
	8960 4128
4
	0 4128
	6656 4128
	6656 4160
	0 4160
4
	7264 4128
	8288 4128
	8288 4160
	7264 4160
4
	8960 4128
	16448 4128
	16448 4160
	8960 4160
4
	0 4160
	6624 4160
	6624 4192
	0 4192
4
	7264 4160
	8288 4160
	8288 4192
	7264 4192
4
	9184 4160
	16448 4160
	16448 4192
	9184 4192
4
	0 4192
	6432 4192
	6432 4224
	0 4224
4
	6464 4192
	6624 4192
	6624 4224
	6464 4224
4
	7232 4192
	8256 4192
	8256 4224
	7232 4224
4
	9216 4192
	16448 4192
	16448 4224
	9216 4224
4
	0 4224
	6400 4224
	6400 4256
	0 4256
4
	7232 4224
	8256 4224
	8256 4256
	7232 4256
4
	9216 4224
	16448 4224
	16448 4256
	9216 4256
4
	0 4256
	6368 4256
	6368 4288
	0 4288
4
	7264 4256
	8256 4256
	8256 4288
	7264 4288
4
	9216 4256
	16448 4256
	16448 4288
	9216 4288
4
	0 4288
	6336 4288
	6336 4320
	0 4320
4
	7296 4288
	8256 4288
	8256 4320
	7296 4320
4
	9216 4288
	16448 4288
	16448 4320
	9216 4320
4
	0 4320
	6304 4320
	6304 4352
	0 4352
4
	7328 4320
	8256 4320
	8256 4352
	7328 4352
4
	9184 4320
	16448 4320
	16448 4352
	9184 4352
4
	0 4352
	6272 4352
	6272 4384
	0 4384
4
	7328 4352
	8256 4352
	8256 4384
	7328 4384
4
	9184 4352
	16448 4352
	16448 4384
	9184 4384
4
	0 4384
	6240 4384
	6240 4416
	0 4416
4
	7424 4384
	8256 4384
	8256 4416
	7424 4416
4
	9184 4384
	16448 4384
	16448 4416
	9184 4416
4
	0 4416
	6208 4416
	6208 4448
	0 4448
4
	7424 4416
	8256 4416
	8256 4448
	7424 4448
4
	9184 4416
	16448 4416
	16448 4448
	9184 4448
4
	0 4448
	6176 4448
	6176 4480
	0 4480
4
	7424 4448
	8256 4448
	8256 4480
	7424 4480
4
	9216 4448
	16448 4448
	16448 4480
	9216 4480
4
	0 4480
	6144 4480
	6144 4512
	0 4512
4
	7424 4480
	8256 4480
	8256 4512
	7424 4512
4
	9216 4480
	16448 4480
	16448 4512
	9216 4512
4
	0 4512
	6112 4512
	6112 4544
	0 4544
4
	7424 4512
	8256 4512
	8256 4544
	7424 4544
4
	9216 4512
	16448 4512
	16448 4544
	9216 4544
4
	0 4544
	6080 4544
	6080 4576
	0 4576
4
	7424 4544
	8256 4544
	8256 4576
	7424 4576
4
	9216 4544
	16448 4544
	16448 4576
	9216 4576
4
	0 4576
	6048 4576
	6048 4608
	0 4608
4
	7392 4576
	8288 4576
	8288 4608
	7392 4608
4
	8672 4576
	8800 4576
	8800 4608
	8672 4608
4
	9184 4576
	16448 4576
	16448 4608
	9184 4608
4
	0 4608
	6016 4608
	6016 4640
	0 4640
4
	7392 4608
	8288 4608
	8288 4640
	7392 4640
4
	8672 4608
	8928 4608
	8928 4640
	8672 4640
4
	9184 4608
	16448 4608
	16448 4640
	9184 4640
4
	0 4640
	5984 4640
	5984 4672
	0 4672
4
	7392 4640
	8288 4640
	8288 4672
	7392 4672
4
	8608 4640
	8928 4640
	8928 4672
	8608 4672
4
	9184 4640
	16448 4640
	16448 4672
	9184 4672
4
	0 4672
	864 4672
	864 4704
	0 4704
4
	992 4672
	1376 4672
	1376 4704
	992 4704
4
	1760 4672
	5952 4672
	5952 4704
	1760 4704
4
	7392 4672
	8288 4672
	8288 4704
	7392 4704
4
	8544 4672
	8928 4672
	8928 4704
	8544 4704
4
	9184 4672
	16448 4672
	16448 4704
	9184 4704
4
	0 4704
	832 4704
	832 4736
	0 4736
4
	1824 4704
	5920 4704
	5920 4736
	1824 4736
4
	7456 4704
	8672 4704
	8672 4736
	7456 4736
4
	8800 4704
	8928 4704
	8928 4736
	8800 4736
4
	9216 4704
	16448 4704
	16448 4736
	9216 4736
4
	0 4736
	800 4736
	800 4768
	0 4768
4
	1856 4736
	5888 4736
	5888 4768
	1856 4768
4
	7488 4736
	8576 4736
	8576 4768
	7488 4768
4
	8608 4736
	8704 4736
	8704 4768
	8608 4768
4
	9216 4736
	16448 4736
	16448 4768
	9216 4768
4
	0 4768
	800 4768
	800 4800
	0 4800
4
	1888 4768
	5856 4768
	5856 4800
	1888 4800
4
	7520 4768
	8512 4768
	8512 4800
	7520 4800
4
	8608 4768
	8704 4768
	8704 4800
	8608 4800
4
	9216 4768
	16448 4768
	16448 4800
	9216 4800
4
	0 4800
	832 4800
	832 4832
	0 4832
4
	1920 4800
	5824 4800
	5824 4832
	1920 4832
4
	7552 4800
	8512 4800
	8512 4832
	7552 4832
4
	9216 4800
	16448 4800
	16448 4832
	9216 4832
4
	0 4832
	832 4832
	832 4864
	0 4864
4
	1952 4832
	5792 4832
	5792 4864
	1952 4864
4
	7584 4832
	8512 4832
	8512 4864
	7584 4864
4
	9184 4832
	16448 4832
	16448 4864
	9184 4864
4
	0 4864
	832 4864
	832 4896
	0 4896
4
	1984 4864
	5760 4864
	5760 4896
	1984 4896
4
	7616 4864
	16448 4864
	16448 4896
	7616 4896
4
	0 4896
	832 4896
	832 4928
	0 4928
4
	2016 4896
	5728 4896
	5728 4928
	2016 4928
4
	7648 4896
	16448 4896
	16448 4928
	7648 4928
4
	0 4928
	832 4928
	832 4960
	0 4960
4
	2016 4928
	2144 4928
	2144 4960
	2016 4960
4
	2272 4928
	2400 4928
	2400 4960
	2272 4960
4
	2528 4928
	2656 4928
	2656 4960
	2528 4960
4
	2784 4928
	2912 4928
	2912 4960
	2784 4960
4
	3552 4928
	3680 4928
	3680 4960
	3552 4960
4
	3808 4928
	4064 4928
	4064 4960
	3808 4960
4
	4320 4928
	4448 4928
	4448 4960
	4320 4960
4
	4576 4928
	4704 4928
	4704 4960
	4576 4960
4
	4896 4928
	5216 4928
	5216 4960
	4896 4960
4
	5344 4928
	5472 4928
	5472 4960
	5344 4960
4
	5600 4928
	5728 4928
	5728 4960
	5600 4960
4
	7680 4928
	16448 4928
	16448 4960
	7680 4960
4
	0 4960
	832 4960
	832 4992
	0 4992
4
	4896 4960
	5152 4960
	5152 4992
	4896 4992
4
	7712 4960
	16448 4960
	16448 4992
	7712 4992
4
	0 4992
	832 4992
	832 5024
	0 5024
4
	7744 4992
	16448 4992
	16448 5024
	7744 5024
4
	0 5024
	832 5024
	832 5056
	0 5056
4
	7776 5024
	16448 5024
	16448 5056
	7776 5056
4
	0 5056
	832 5056
	832 5088
	0 5088
4
	7808 5056
	16448 5056
	16448 5088
	7808 5088
4
	0 5088
	864 5088
	864 5120
	0 5120
4
	992 5088
	1376 5088
	1376 5120
	992 5120
4
	1760 5088
	1888 5088
	1888 5120
	1760 5120
4
	6112 5088
	6240 5088
	6240 5120
	6112 5120
4
	6368 5088
	6496 5088
	6496 5120
	6368 5120
4
	7840 5088
	16448 5088
	16448 5120
	7840 5120
4
	0 5120
	1888 5120
	1888 5152
	0 5152
4
	6112 5120
	6496 5120
	6496 5152
	6112 5152
4
	6816 5120
	7104 5120
	7104 5152
	6816 5152
4
	7872 5120
	16448 5120
	16448 5152
	7872 5152
4
	0 5152
	1888 5152
	1888 5184
	0 5184
4
	6112 5152
	6496 5152
	6496 5184
	6112 5184
4
	6816 5152
	7104 5152
	7104 5184
	6816 5184
4
	7904 5152
	16448 5152
	16448 5184
	7904 5184
4
	0 5184
	1888 5184
	1888 5216
	0 5216
4
	6112 5184
	6496 5184
	6496 5216
	6112 5216
4
	6816 5184
	7104 5184
	7104 5216
	6816 5216
4
	7904 5184
	8160 5184
	8160 5216
	7904 5216
4
	8672 5184
	16448 5184
	16448 5216
	8672 5216
4
	0 5216
	1856 5216
	1856 5248
	0 5248
4
	6144 5216
	6464 5216
	6464 5248
	6144 5248
4
	6816 5216
	7104 5216
	7104 5248
	6816 5248
4
	8032 5216
	8160 5216
	8160 5248
	8032 5248
4
	8736 5216
	16448 5216
	16448 5248
	8736 5248
4
	0 5248
	1856 5248
	1856 5280
	0 5280
4
	6144 5248
	6464 5248
	6464 5280
	6144 5280
4
	6816 5248
	7104 5248
	7104 5280
	6816 5280
4
	8032 5248
	8160 5248
	8160 5280
	8032 5280
4
	8768 5248
	16448 5248
	16448 5280
	8768 5280
4
	0 5280
	1856 5280
	1856 5312
	0 5312
4
	6144 5280
	6464 5280
	6464 5312
	6144 5312
4
	6816 5280
	7104 5280
	7104 5312
	6816 5312
4
	7936 5280
	8224 5280
	8224 5312
	7936 5312
4
	8800 5280
	16448 5280
	16448 5312
	8800 5312
4
	0 5312
	1856 5312
	1856 5344
	0 5344
4
	4896 5312
	5184 5312
	5184 5344
	4896 5344
4
	6144 5312
	6464 5312
	6464 5344
	6144 5344
4
	6816 5312
	7104 5312
	7104 5344
	6816 5344
4
	7936 5312
	8224 5312
	8224 5344
	7936 5344
4
	8832 5312
	16448 5312
	16448 5344
	8832 5344
4
	0 5344
	1888 5344
	1888 5376
	0 5376
4
	2016 5344
	2144 5344
	2144 5376
	2016 5376
4
	2272 5344
	2400 5344
	2400 5376
	2272 5376
4
	2784 5344
	2912 5344
	2912 5376
	2784 5376
4
	3040 5344
	3168 5344
	3168 5376
	3040 5376
4
	3296 5344
	3424 5344
	3424 5376
	3296 5376
4
	3552 5344
	3680 5344
	3680 5376
	3552 5376
4
	3808 5344
	3936 5344
	3936 5376
	3808 5376
4
	4384 5344
	4448 5344
	4448 5376
	4384 5376
4
	4896 5344
	5184 5344
	5184 5376
	4896 5376
4
	6144 5344
	6496 5344
	6496 5376
	6144 5376
4
	6624 5344
	6752 5344
	6752 5376
	6624 5376
4
	6816 5344
	7104 5344
	7104 5376
	6816 5376
4
	7136 5344
	7264 5344
	7264 5376
	7136 5376
4
	7392 5344
	7520 5344
	7520 5376
	7392 5376
4
	7936 5344
	8224 5344
	8224 5376
	7936 5376
4
	8864 5344
	16448 5344
	16448 5376
	8864 5376
4
	0 5376
	2400 5376
	2400 5408
	0 5408
4
	2784 5376
	4352 5376
	4352 5408
	2784 5408
4
	4384 5376
	4448 5376
	4448 5408
	4384 5408
4
	4896 5376
	5184 5376
	5184 5408
	4896 5408
4
	6144 5376
	7520 5376
	7520 5408
	6144 5408
4
	8896 5376
	16448 5376
	16448 5408
	8896 5408
4
	0 5408
	2400 5408
	2400 5440
	0 5440
4
	2784 5408
	4256 5408
	4256 5440
	2784 5440
4
	4320 5408
	4352 5408
	4352 5440
	4320 5440
4
	4384 5408
	4448 5408
	4448 5440
	4384 5440
4
	4960 5408
	5088 5408
	5088 5440
	4960 5440
4
	6144 5408
	7520 5408
	7520 5440
	6144 5440
4
	8928 5408
	11648 5408
	11648 5440
	8928 5440
4
	11712 5408
	16448 5408
	16448 5440
	11712 5440
4
	0 5440
	2400 5440
	2400 5472
	0 5472
4
	2784 5440
	2880 5440
	2880 5472
	2784 5472
4
	3808 5440
	3936 5440
	3936 5472
	3808 5472
4
	4384 5440
	4448 5440
	4448 5472
	4384 5472
4
	4960 5440
	5088 5440
	5088 5472
	4960 5472
4
	6144 5440
	7520 5440
	7520 5472
	6144 5472
4
	8928 5440
	11360 5440
	11360 5472
	8928 5472
4
	11936 5440
	16448 5440
	16448 5472
	11936 5472
4
	0 5472
	2368 5472
	2368 5504
	0 5504
4
	2816 5472
	2880 5472
	2880 5504
	2816 5504
4
	4960 5472
	5088 5472
	5088 5504
	4960 5504
4
	5600 5472
	5664 5472
	5664 5504
	5600 5504
4
	6144 5472
	7488 5472
	7488 5504
	6144 5504
4
	8960 5472
	11328 5472
	11328 5504
	8960 5504
4
	11904 5472
	16448 5472
	16448 5504
	11904 5504
4
	0 5504
	2368 5504
	2368 5536
	0 5536
4
	2816 5504
	2880 5504
	2880 5536
	2816 5536
4
	4960 5504
	5088 5504
	5088 5536
	4960 5536
4
	5312 5504
	5664 5504
	5664 5536
	5312 5536
4
	6144 5504
	7488 5504
	7488 5536
	6144 5536
4
	8960 5504
	11328 5504
	11328 5536
	8960 5536
4
	11904 5504
	16448 5504
	16448 5536
	11904 5536
4
	0 5536
	2368 5536
	2368 5568
	0 5568
4
	2816 5536
	2880 5536
	2880 5568
	2816 5568
4
	4960 5536
	5088 5536
	5088 5568
	4960 5568
4
	5312 5536
	5664 5536
	5664 5568
	5312 5568
4
	6144 5536
	7488 5536
	7488 5568
	6144 5568
4
	8960 5536
	11328 5536
	11328 5568
	8960 5568
4
	11904 5536
	16448 5536
	16448 5568
	11904 5568
4
	0 5568
	2368 5568
	2368 5600
	0 5600
4
	2816 5568
	2880 5568
	2880 5600
	2816 5600
4
	4960 5568
	5088 5568
	5088 5600
	4960 5600
4
	5312 5568
	5664 5568
	5664 5600
	5312 5600
4
	6144 5568
	7488 5568
	7488 5600
	6144 5600
4
	8960 5568
	11328 5568
	11328 5600
	8960 5600
4
	11968 5568
	16448 5568
	16448 5600
	11968 5600
4
	0 5600
	2368 5600
	2368 5632
	0 5632
4
	2784 5600
	2880 5600
	2880 5632
	2784 5632
4
	4320 5600
	4448 5600
	4448 5632
	4320 5632
4
	4576 5600
	4704 5600
	4704 5632
	4576 5632
4
	4960 5600
	5216 5600
	5216 5632
	4960 5632
4
	5312 5600
	5728 5600
	5728 5632
	5312 5632
4
	6112 5600
	7520 5600
	7520 5632
	6112 5632
4
	8928 5600
	11360 5600
	11360 5632
	8928 5632
4
	11968 5600
	16448 5600
	16448 5632
	11968 5632
4
	0 5632
	2368 5632
	2368 5664
	0 5664
4
	2784 5632
	2880 5632
	2880 5664
	2784 5664
4
	3840 5632
	5728 5632
	5728 5664
	3840 5664
4
	6080 5632
	7680 5632
	7680 5664
	6080 5664
4
	8928 5632
	11360 5632
	11360 5664
	8928 5664
4
	12032 5632
	16448 5632
	16448 5664
	12032 5664
4
	0 5664
	2368 5664
	2368 5696
	0 5696
4
	2784 5664
	2880 5664
	2880 5696
	2784 5696
4
	3840 5664
	4704 5664
	4704 5696
	3840 5696
4
	5088 5664
	5760 5664
	5760 5696
	5088 5696
4
	6080 5664
	7680 5664
	7680 5696
	6080 5696
4
	8928 5664
	11488 5664
	11488 5696
	8928 5696
4
	12064 5664
	16448 5664
	16448 5696
	12064 5696
4
	0 5696
	2368 5696
	2368 5728
	0 5728
4
	2784 5696
	2880 5696
	2880 5728
	2784 5728
4
	4320 5696
	4448 5696
	4448 5728
	4320 5728
4
	4576 5696
	4704 5696
	4704 5728
	4576 5728
4
	5088 5696
	5760 5696
	5760 5728
	5088 5728
4
	6080 5696
	7680 5696
	7680 5728
	6080 5728
4
	7968 5696
	8224 5696
	8224 5728
	7968 5728
4
	8928 5696
	9056 5696
	9056 5728
	8928 5728
4
	9472 5696
	11488 5696
	11488 5728
	9472 5728
4
	12064 5696
	16448 5696
	16448 5728
	12064 5728
4
	0 5728
	2368 5728
	2368 5760
	0 5760
4
	2816 5728
	2880 5728
	2880 5760
	2816 5760
4
	5120 5728
	5760 5728
	5760 5760
	5120 5760
4
	6080 5728
	7712 5728
	7712 5760
	6080 5760
4
	7968 5728
	8224 5728
	8224 5760
	7968 5760
4
	9472 5728
	11328 5728
	11328 5760
	9472 5760
4
	11392 5728
	11488 5728
	11488 5760
	11392 5760
4
	12096 5728
	16448 5728
	16448 5760
	12096 5760
4
	0 5760
	2368 5760
	2368 5792
	0 5792
4
	2816 5760
	2880 5760
	2880 5792
	2816 5792
4
	5120 5760
	5760 5760
	5760 5792
	5120 5792
4
	6080 5760
	7712 5760
	7712 5792
	6080 5792
4
	7968 5760
	8224 5760
	8224 5792
	7968 5792
4
	9472 5760
	11328 5760
	11328 5792
	9472 5792
4
	11392 5760
	11456 5760
	11456 5792
	11392 5792
4
	12160 5760
	16448 5760
	16448 5792
	12160 5792
4
	0 5792
	2368 5792
	2368 5824
	0 5824
4
	2816 5792
	2880 5792
	2880 5824
	2816 5824
4
	5120 5792
	5760 5792
	5760 5824
	5120 5824
4
	6080 5792
	7712 5792
	7712 5824
	6080 5824
4
	8032 5792
	8160 5792
	8160 5824
	8032 5824
4
	9472 5792
	11328 5792
	11328 5824
	9472 5824
4
	12192 5792
	12256 5792
	12256 5824
	12192 5824
4
	12288 5792
	16448 5792
	16448 5824
	12288 5824
4
	0 5824
	2368 5824
	2368 5856
	0 5856
4
	2816 5824
	2880 5824
	2880 5856
	2816 5856
4
	5120 5824
	5760 5824
	5760 5856
	5120 5856
4
	6080 5824
	7712 5824
	7712 5856
	6080 5856
4
	8032 5824
	8160 5824
	8160 5856
	8032 5856
4
	9472 5824
	11328 5824
	11328 5856
	9472 5856
4
	12288 5824
	16448 5824
	16448 5856
	12288 5856
4
	0 5856
	2368 5856
	2368 5888
	0 5888
4
	2784 5856
	2880 5856
	2880 5888
	2784 5888
4
	3808 5856
	3872 5856
	3872 5888
	3808 5888
4
	4320 5856
	4448 5856
	4448 5888
	4320 5888
4
	4576 5856
	4704 5856
	4704 5888
	4576 5888
4
	4832 5856
	4960 5856
	4960 5888
	4832 5888
4
	5088 5856
	5760 5856
	5760 5888
	5088 5888
4
	6080 5856
	7712 5856
	7712 5888
	6080 5888
4
	7968 5856
	8288 5856
	8288 5888
	7968 5888
4
	8416 5856
	8544 5856
	8544 5888
	8416 5888
4
	8928 5856
	9056 5856
	9056 5888
	8928 5888
4
	9184 5856
	9312 5856
	9312 5888
	9184 5888
4
	9440 5856
	11360 5856
	11360 5888
	9440 5888
4
	11744 5856
	11872 5856
	11872 5888
	11744 5888
4
	12256 5856
	16448 5856
	16448 5888
	12256 5888
4
	0 5888
	2368 5888
	2368 5920
	0 5920
4
	2784 5888
	2880 5888
	2880 5920
	2784 5920
4
	3808 5888
	5760 5888
	5760 5920
	3808 5920
4
	6080 5888
	7808 5888
	7808 5920
	6080 5920
4
	7872 5888
	8544 5888
	8544 5920
	7872 5920
4
	8928 5888
	9056 5888
	9056 5920
	8928 5920
4
	9184 5888
	9312 5888
	9312 5920
	9184 5920
4
	9440 5888
	11360 5888
	11360 5920
	9440 5920
4
	11744 5888
	11872 5888
	11872 5920
	11744 5920
4
	12256 5888
	16448 5888
	16448 5920
	12256 5920
4
	0 5920
	2368 5920
	2368 5952
	0 5952
4
	2784 5920
	2880 5920
	2880 5952
	2784 5952
4
	3808 5920
	5728 5920
	5728 5952
	3808 5952
4
	6112 5920
	8544 5920
	8544 5952
	6112 5952
4
	8928 5920
	9056 5920
	9056 5952
	8928 5952
4
	9184 5920
	9312 5920
	9312 5952
	9184 5952
4
	9440 5920
	11360 5920
	11360 5952
	9440 5952
4
	11744 5920
	11872 5920
	11872 5952
	11744 5952
4
	12256 5920
	16448 5920
	16448 5952
	12256 5952
4
	0 5952
	2368 5952
	2368 5984
	0 5984
4
	2784 5952
	2880 5952
	2880 5984
	2784 5984
4
	3808 5952
	5728 5952
	5728 5984
	3808 5984
4
	6112 5952
	8544 5952
	8544 5984
	6112 5984
4
	8928 5952
	9056 5952
	9056 5984
	8928 5984
4
	9184 5952
	9312 5952
	9312 5984
	9184 5984
4
	9440 5952
	11360 5952
	11360 5984
	9440 5984
4
	11744 5952
	11872 5952
	11872 5984
	11744 5984
4
	12256 5952
	16448 5952
	16448 5984
	12256 5984
4
	0 5984
	2368 5984
	2368 6016
	0 6016
4
	2816 5984
	2880 5984
	2880 6016
	2816 6016
4
	3840 5984
	5696 5984
	5696 6016
	3840 6016
4
	6144 5984
	8512 5984
	8512 6016
	6144 6016
4
	9472 5984
	11328 5984
	11328 6016
	9472 6016
4
	12288 5984
	16448 5984
	16448 6016
	12288 6016
4
	0 6016
	2368 6016
	2368 6048
	0 6048
4
	2816 6016
	2880 6016
	2880 6048
	2816 6048
4
	3840 6016
	5696 6016
	5696 6048
	3840 6048
4
	6144 6016
	8512 6016
	8512 6048
	6144 6048
4
	9472 6016
	11328 6016
	11328 6048
	9472 6048
4
	12288 6016
	16448 6016
	16448 6048
	12288 6048
4
	0 6048
	2368 6048
	2368 6080
	0 6080
4
	2816 6048
	2880 6048
	2880 6080
	2816 6080
4
	3840 6048
	5696 6048
	5696 6080
	3840 6080
4
	6144 6048
	8512 6048
	8512 6080
	6144 6080
4
	9472 6048
	11328 6048
	11328 6080
	9472 6080
4
	12288 6048
	16448 6048
	16448 6080
	12288 6080
4
	0 6080
	2368 6080
	2368 6112
	0 6112
4
	2816 6080
	2880 6080
	2880 6112
	2816 6112
4
	3840 6080
	5696 6080
	5696 6112
	3840 6112
4
	6144 6080
	8512 6080
	8512 6112
	6144 6112
4
	9472 6080
	11328 6080
	11328 6112
	9472 6112
4
	12288 6080
	16448 6080
	16448 6112
	12288 6112
4
	0 6112
	2400 6112
	2400 6144
	0 6144
4
	2784 6112
	2880 6112
	2880 6144
	2784 6144
4
	3040 6112
	3168 6112
	3168 6144
	3040 6144
4
	3296 6112
	3424 6112
	3424 6144
	3296 6144
4
	3808 6112
	5728 6112
	5728 6144
	3808 6144
4
	6112 6112
	8544 6112
	8544 6144
	6112 6144
4
	9440 6112
	11360 6112
	11360 6144
	9440 6144
4
	12000 6112
	12128 6112
	12128 6144
	12000 6144
4
	12256 6112
	16448 6112
	16448 6144
	12256 6144
4
	0 6144
	2400 6144
	2400 6176
	0 6176
4
	2784 6144
	3424 6144
	3424 6176
	2784 6176
4
	3808 6144
	5728 6144
	5728 6176
	3808 6176
4
	6112 6144
	8544 6144
	8544 6176
	6112 6176
4
	9440 6144
	11360 6144
	11360 6176
	9440 6176
4
	12000 6144
	16448 6144
	16448 6176
	12000 6176
4
	0 6176
	2400 6176
	2400 6208
	0 6208
4
	2784 6176
	3424 6176
	3424 6208
	2784 6208
4
	3808 6176
	5728 6176
	5728 6208
	3808 6208
4
	6112 6176
	8544 6176
	8544 6208
	6112 6208
4
	9440 6176
	9856 6176
	9856 6208
	9440 6208
4
	9920 6176
	11360 6176
	11360 6208
	9920 6208
4
	12000 6176
	16448 6176
	16448 6208
	12000 6208
4
	0 6208
	2400 6208
	2400 6240
	0 6240
4
	2784 6208
	3424 6208
	3424 6240
	2784 6240
4
	3808 6208
	5728 6208
	5728 6240
	3808 6240
4
	6112 6208
	8544 6208
	8544 6240
	6112 6240
4
	9440 6208
	9568 6208
	9568 6240
	9440 6240
4
	9952 6208
	11360 6208
	11360 6240
	9952 6240
4
	12000 6208
	16448 6208
	16448 6240
	12000 6240
4
	0 6240
	2368 6240
	2368 6272
	0 6272
4
	2816 6240
	3392 6240
	3392 6272
	2816 6272
4
	3840 6240
	5696 6240
	5696 6272
	3840 6272
4
	6144 6240
	8512 6240
	8512 6272
	6144 6272
4
	10016 6240
	11328 6240
	11328 6272
	10016 6272
4
	12032 6240
	16448 6240
	16448 6272
	12032 6272
4
	0 6272
	2368 6272
	2368 6304
	0 6304
4
	2816 6272
	3392 6272
	3392 6304
	2816 6304
4
	3840 6272
	5696 6272
	5696 6304
	3840 6304
4
	6144 6272
	8544 6272
	8544 6304
	6144 6304
4
	10048 6272
	11328 6272
	11328 6304
	10048 6304
4
	12032 6272
	16448 6272
	16448 6304
	12032 6304
4
	0 6304
	2368 6304
	2368 6336
	0 6336
4
	2816 6304
	3392 6304
	3392 6336
	2816 6336
4
	3840 6304
	5696 6304
	5696 6336
	3840 6336
4
	6144 6304
	8576 6304
	8576 6336
	6144 6336
4
	10080 6304
	11328 6304
	11328 6336
	10080 6336
4
	12032 6304
	16448 6304
	16448 6336
	12032 6336
4
	0 6336
	2368 6336
	2368 6368
	0 6368
4
	2816 6336
	3392 6336
	3392 6368
	2816 6368
4
	3840 6336
	5696 6336
	5696 6368
	3840 6368
4
	6144 6336
	8576 6336
	8576 6368
	6144 6368
4
	10112 6336
	11328 6336
	11328 6368
	10112 6368
4
	12032 6336
	16448 6336
	16448 6368
	12032 6368
4
	0 6368
	2368 6368
	2368 6400
	0 6400
4
	2816 6368
	3392 6368
	3392 6400
	2816 6400
4
	3808 6368
	5696 6368
	5696 6400
	3808 6400
4
	6144 6368
	8544 6368
	8544 6400
	6144 6400
4
	10144 6368
	11328 6368
	11328 6400
	10144 6400
4
	12032 6368
	16448 6368
	16448 6400
	12032 6400
4
	0 6400
	2368 6400
	2368 6432
	0 6432
4
	2816 6400
	3392 6400
	3392 6432
	2816 6432
4
	3808 6400
	5696 6400
	5696 6432
	3808 6432
4
	6144 6400
	8544 6400
	8544 6432
	6144 6432
4
	10176 6400
	11328 6400
	11328 6432
	10176 6432
4
	12032 6400
	16448 6400
	16448 6432
	12032 6432
4
	0 6432
	2368 6432
	2368 6464
	0 6464
4
	2816 6432
	3392 6432
	3392 6464
	2816 6464
4
	3808 6432
	5696 6432
	5696 6464
	3808 6464
4
	6144 6432
	8544 6432
	8544 6464
	6144 6464
4
	10208 6432
	11328 6432
	11328 6464
	10208 6464
4
	12032 6432
	16448 6432
	16448 6464
	12032 6464
4
	0 6464
	2368 6464
	2368 6496
	0 6496
4
	2816 6464
	3392 6464
	3392 6496
	2816 6496
4
	3808 6464
	5696 6464
	5696 6496
	3808 6496
4
	6144 6464
	8544 6464
	8544 6496
	6144 6496
4
	10208 6464
	10336 6464
	10336 6496
	10208 6496
4
	10464 6464
	11328 6464
	11328 6496
	10464 6496
4
	12032 6464
	16448 6464
	16448 6496
	12032 6496
4
	0 6496
	2368 6496
	2368 6528
	0 6528
4
	2816 6496
	3392 6496
	3392 6528
	2816 6528
4
	3840 6496
	5696 6496
	5696 6528
	3840 6528
4
	6144 6496
	8512 6496
	8512 6528
	6144 6528
4
	10528 6496
	11328 6496
	11328 6528
	10528 6528
4
	12032 6496
	16448 6496
	16448 6528
	12032 6528
4
	0 6528
	2368 6528
	2368 6560
	0 6560
4
	2816 6528
	3360 6528
	3360 6560
	2816 6560
4
	3840 6528
	5696 6528
	5696 6560
	3840 6560
4
	6144 6528
	8512 6528
	8512 6560
	6144 6560
4
	10560 6528
	11328 6528
	11328 6560
	10560 6560
4
	12032 6528
	16448 6528
	16448 6560
	12032 6560
4
	0 6560
	2368 6560
	2368 6592
	0 6592
4
	2816 6560
	3360 6560
	3360 6592
	2816 6592
4
	3840 6560
	5696 6560
	5696 6592
	3840 6592
4
	6144 6560
	8512 6560
	8512 6592
	6144 6592
4
	10592 6560
	11328 6560
	11328 6592
	10592 6592
4
	12032 6560
	16448 6560
	16448 6592
	12032 6592
4
	0 6592
	2368 6592
	2368 6624
	0 6624
4
	2816 6592
	3392 6592
	3392 6624
	2816 6624
4
	3840 6592
	5696 6592
	5696 6624
	3840 6624
4
	6144 6592
	8512 6592
	8512 6624
	6144 6624
4
	10624 6592
	11328 6592
	11328 6624
	10624 6624
4
	12032 6592
	16448 6592
	16448 6624
	12032 6624
4
	0 6624
	2400 6624
	2400 6656
	0 6656
4
	2784 6624
	3392 6624
	3392 6656
	2784 6656
4
	3808 6624
	5696 6624
	5696 6656
	3808 6656
4
	6112 6624
	8544 6624
	8544 6656
	6112 6656
4
	8928 6624
	9056 6624
	9056 6656
	8928 6656
4
	9184 6624
	9312 6624
	9312 6656
	9184 6656
4
	9440 6624
	9568 6624
	9568 6656
	9440 6656
4
	9696 6624
	9824 6624
	9824 6656
	9696 6656
4
	9952 6624
	10080 6624
	10080 6656
	9952 6656
4
	10656 6624
	11328 6624
	11328 6656
	10656 6656
4
	12000 6624
	16448 6624
	16448 6656
	12000 6656
4
	0 6656
	2432 6656
	2432 6688
	0 6688
4
	2496 6656
	3392 6656
	3392 6688
	2496 6688
4
	3808 6656
	5696 6656
	5696 6688
	3808 6688
4
	6112 6656
	8544 6656
	8544 6688
	6112 6688
4
	8928 6656
	10080 6656
	10080 6688
	8928 6688
4
	10688 6656
	11328 6656
	11328 6688
	10688 6688
4
	12000 6656
	16448 6656
	16448 6688
	12000 6688
4
	0 6688
	3392 6688
	3392 6720
	0 6720
4
	3808 6688
	5696 6688
	5696 6720
	3808 6720
4
	6112 6688
	8544 6688
	8544 6720
	6112 6720
4
	8928 6688
	10080 6688
	10080 6720
	8928 6720
4
	10720 6688
	11328 6688
	11328 6720
	10720 6720
4
	12000 6688
	16448 6688
	16448 6720
	12000 6720
4
	0 6720
	3392 6720
	3392 6752
	0 6752
4
	3808 6720
	5696 6720
	5696 6752
	3808 6752
4
	6112 6720
	6240 6720
	6240 6752
	6112 6752
4
	6368 6720
	8544 6720
	8544 6752
	6368 6752
4
	8928 6720
	10080 6720
	10080 6752
	8928 6752
4
	10720 6720
	11328 6720
	11328 6752
	10720 6752
4
	12000 6720
	12128 6720
	12128 6752
	12000 6752
4
	12416 6720
	16448 6720
	16448 6752
	12416 6752
4
	0 6752
	3392 6752
	3392 6784
	0 6784
4
	3840 6752
	5696 6752
	5696 6784
	3840 6784
4
	6400 6752
	8480 6752
	8480 6784
	6400 6784
4
	8960 6752
	10048 6752
	10048 6784
	8960 6784
4
	10752 6752
	11328 6752
	11328 6784
	10752 6784
4
	12384 6752
	16448 6752
	16448 6784
	12384 6784
4
	0 6784
	3392 6784
	3392 6816
	0 6816
4
	3840 6784
	5664 6784
	5664 6816
	3840 6816
4
	6400 6784
	8480 6784
	8480 6816
	6400 6816
4
	8960 6784
	10048 6784
	10048 6816
	8960 6816
4
	10752 6784
	11328 6784
	11328 6816
	10752 6816
4
	12384 6784
	16448 6784
	16448 6816
	12384 6816
4
	0 6816
	3392 6816
	3392 6848
	0 6848
4
	3840 6816
	5664 6816
	5664 6848
	3840 6848
4
	6400 6816
	8480 6816
	8480 6848
	6400 6848
4
	8960 6816
	10048 6816
	10048 6848
	8960 6848
4
	10752 6816
	11328 6816
	11328 6848
	10752 6848
4
	12352 6816
	16448 6816
	16448 6848
	12352 6848
4
	0 6848
	3392 6848
	3392 6880
	0 6880
4
	3840 6848
	5696 6848
	5696 6880
	3840 6880
4
	6400 6848
	8448 6848
	8448 6880
	6400 6880
4
	8960 6848
	10048 6848
	10048 6880
	8960 6880
4
	10752 6848
	11328 6848
	11328 6880
	10752 6880
4
	12352 6848
	16448 6848
	16448 6880
	12352 6880
4
	0 6880
	3424 6880
	3424 6912
	0 6912
4
	3808 6880
	5728 6880
	5728 6912
	3808 6912
4
	6368 6880
	8544 6880
	8544 6912
	6368 6912
4
	8672 6880
	8800 6880
	8800 6912
	8672 6912
4
	8928 6880
	10080 6880
	10080 6912
	8928 6912
4
	10752 6880
	11328 6880
	11328 6912
	10752 6912
4
	12352 6880
	16448 6880
	16448 6912
	12352 6912
4
	0 6912
	3424 6912
	3424 6944
	0 6944
4
	3808 6912
	5728 6912
	5728 6944
	3808 6944
4
	6368 6912
	8832 6912
	8832 6944
	6368 6944
4
	8896 6912
	10080 6912
	10080 6944
	8896 6944
4
	10112 6912
	10144 6912
	10144 6944
	10112 6944
4
	10752 6912
	11328 6912
	11328 6944
	10752 6944
4
	12384 6912
	16448 6912
	16448 6944
	12384 6944
4
	0 6944
	3424 6944
	3424 6976
	0 6976
4
	3808 6944
	5728 6944
	5728 6976
	3808 6976
4
	6368 6944
	10176 6944
	10176 6976
	6368 6976
4
	10752 6944
	11328 6944
	11328 6976
	10752 6976
4
	12384 6944
	16448 6944
	16448 6976
	12384 6976
4
	0 6976
	3168 6976
	3168 7008
	0 7008
4
	3296 6976
	3424 6976
	3424 7008
	3296 7008
4
	3808 6976
	5728 6976
	5728 7008
	3808 7008
4
	6368 6976
	10176 6976
	10176 7008
	6368 7008
4
	10752 6976
	11328 6976
	11328 7008
	10752 7008
4
	12416 6976
	16448 6976
	16448 7008
	12416 7008
4
	0 7008
	3136 7008
	3136 7040
	0 7040
4
	3840 7008
	5696 7008
	5696 7040
	3840 7040
4
	6400 7008
	10336 7008
	10336 7040
	6400 7040
4
	10752 7008
	11328 7008
	11328 7040
	10752 7040
4
	12288 7008
	16448 7008
	16448 7040
	12288 7040
4
	0 7040
	3136 7040
	3136 7072
	0 7072
4
	3840 7040
	5696 7040
	5696 7072
	3840 7072
4
	6400 7040
	10336 7040
	10336 7072
	6400 7072
4
	10752 7040
	11328 7040
	11328 7072
	10752 7072
4
	12288 7040
	16448 7040
	16448 7072
	12288 7072
4
	0 7072
	3136 7072
	3136 7104
	0 7104
4
	3840 7072
	5696 7072
	5696 7104
	3840 7104
4
	6400 7072
	10336 7072
	10336 7104
	6400 7104
4
	10752 7072
	11328 7072
	11328 7104
	10752 7104
4
	12448 7072
	16448 7072
	16448 7104
	12448 7104
4
	0 7104
	3136 7104
	3136 7136
	0 7136
4
	3840 7104
	5696 7104
	5696 7136
	3840 7136
4
	6400 7104
	10336 7104
	10336 7136
	6400 7136
4
	10752 7104
	11328 7104
	11328 7136
	10752 7136
4
	12448 7104
	16448 7104
	16448 7136
	12448 7136
4
	0 7136
	3168 7136
	3168 7168
	0 7168
4
	3808 7136
	5728 7136
	5728 7168
	3808 7168
4
	6368 7136
	10336 7136
	10336 7168
	6368 7168
4
	10720 7136
	11360 7136
	11360 7168
	10720 7168
4
	12448 7136
	16448 7136
	16448 7168
	12448 7168
4
	0 7168
	3168 7168
	3168 7200
	0 7200
4
	3808 7168
	5728 7168
	5728 7200
	3808 7200
4
	6368 7168
	10336 7168
	10336 7200
	6368 7200
4
	10720 7168
	11360 7168
	11360 7200
	10720 7200
4
	12448 7168
	16448 7168
	16448 7200
	12448 7200
4
	0 7200
	3168 7200
	3168 7232
	0 7232
4
	3808 7200
	5728 7200
	5728 7232
	3808 7232
4
	6368 7200
	10336 7200
	10336 7232
	6368 7232
4
	10720 7200
	11136 7200
	11136 7232
	10720 7232
4
	11200 7200
	11360 7200
	11360 7232
	11200 7232
4
	12288 7200
	16448 7200
	16448 7232
	12288 7232
4
	0 7232
	3168 7232
	3168 7264
	0 7264
4
	3808 7232
	5216 7232
	5216 7264
	3808 7264
4
	5600 7232
	5728 7232
	5728 7264
	5600 7264
4
	6368 7232
	10336 7232
	10336 7264
	6368 7264
4
	10720 7232
	10848 7232
	10848 7264
	10720 7264
4
	11232 7232
	11360 7232
	11360 7264
	11232 7264
4
	12288 7232
	16448 7232
	16448 7264
	12288 7264
4
	0 7264
	3136 7264
	3136 7296
	0 7296
4
	3840 7264
	5184 7264
	5184 7296
	3840 7296
4
	6400 7264
	10304 7264
	10304 7296
	6400 7296
4
	12288 7264
	12544 7264
	12544 7296
	12288 7296
4
	12640 7264
	16448 7264
	16448 7296
	12640 7296
4
	0 7296
	3136 7296
	3136 7328
	0 7328
4
	3840 7296
	5184 7296
	5184 7328
	3840 7328
4
	6400 7296
	10304 7296
	10304 7328
	6400 7328
4
	12576 7296
	16448 7296
	16448 7328
	12576 7328
4
	0 7328
	3136 7328
	3136 7360
	0 7360
4
	3840 7328
	5184 7328
	5184 7360
	3840 7360
4
	6400 7328
	10304 7328
	10304 7360
	6400 7360
4
	12576 7328
	16448 7328
	16448 7360
	12576 7360
4
	0 7360
	3136 7360
	3136 7392
	0 7392
4
	3840 7360
	5184 7360
	5184 7392
	3840 7392
4
	6400 7360
	10304 7360
	10304 7392
	6400 7392
4
	12576 7360
	16448 7360
	16448 7392
	12576 7392
4
	0 7392
	3168 7392
	3168 7424
	0 7424
4
	3200 7392
	3232 7392
	3232 7424
	3200 7424
4
	3808 7392
	5216 7392
	5216 7424
	3808 7424
4
	6368 7392
	10336 7392
	10336 7424
	6368 7424
4
	12512 7392
	16448 7392
	16448 7424
	12512 7424
4
	0 7424
	3168 7424
	3168 7456
	0 7456
4
	3200 7424
	3328 7424
	3328 7456
	3200 7456
4
	3808 7424
	5216 7424
	5216 7456
	3808 7456
4
	6368 7424
	10336 7424
	10336 7456
	6368 7456
4
	12512 7424
	16448 7424
	16448 7456
	12512 7456
4
	0 7456
	3360 7456
	3360 7488
	0 7488
4
	3392 7456
	3488 7456
	3488 7488
	3392 7488
4
	3808 7456
	5216 7456
	5216 7488
	3808 7488
4
	6368 7456
	10336 7456
	10336 7488
	6368 7488
4
	12512 7456
	16448 7456
	16448 7488
	12512 7488
4
	0 7488
	3360 7488
	3360 7520
	0 7520
4
	3392 7488
	3488 7488
	3488 7520
	3392 7520
4
	3808 7488
	5216 7488
	5216 7520
	3808 7520
4
	6368 7488
	10336 7488
	10336 7520
	6368 7520
4
	12512 7488
	16448 7488
	16448 7520
	12512 7520
4
	0 7520
	3520 7520
	3520 7552
	0 7552
4
	3840 7520
	5184 7520
	5184 7552
	3840 7552
4
	6400 7520
	10304 7520
	10304 7552
	6400 7552
4
	12544 7520
	16448 7520
	16448 7552
	12544 7552
4
	0 7552
	3072 7552
	3072 7584
	0 7584
4
	3104 7552
	3520 7552
	3520 7584
	3104 7584
4
	3840 7552
	5184 7552
	5184 7584
	3840 7584
4
	6400 7552
	10304 7552
	10304 7584
	6400 7584
4
	12544 7552
	16448 7552
	16448 7584
	12544 7584
4
	0 7584
	3040 7584
	3040 7616
	0 7616
4
	3104 7584
	3552 7584
	3552 7616
	3104 7616
4
	3840 7584
	5184 7584
	5184 7616
	3840 7616
4
	6400 7584
	10304 7584
	10304 7616
	6400 7616
4
	12544 7584
	16448 7584
	16448 7616
	12544 7616
4
	0 7616
	3008 7616
	3008 7648
	0 7648
4
	3136 7616
	3488 7616
	3488 7648
	3136 7648
4
	3840 7616
	5184 7616
	5184 7648
	3840 7648
4
	6400 7616
	10304 7616
	10304 7648
	6400 7648
4
	12544 7616
	16448 7616
	16448 7648
	12544 7648
4
	0 7648
	2976 7648
	2976 7680
	0 7680
4
	3168 7648
	3424 7648
	3424 7680
	3168 7680
4
	3808 7648
	5216 7648
	5216 7680
	3808 7680
4
	6368 7648
	10336 7648
	10336 7680
	6368 7680
4
	10464 7648
	10592 7648
	10592 7680
	10464 7680
4
	10720 7648
	10848 7648
	10848 7680
	10720 7680
4
	10976 7648
	11104 7648
	11104 7680
	10976 7680
4
	11744 7648
	11872 7648
	11872 7680
	11744 7680
4
	12512 7648
	16448 7648
	16448 7680
	12512 7680
4
	0 7680
	2944 7680
	2944 7712
	0 7712
4
	3200 7680
	3392 7680
	3392 7712
	3200 7712
4
	3808 7680
	5216 7680
	5216 7712
	3808 7712
4
	6368 7680
	11104 7680
	11104 7712
	6368 7712
4
	11744 7680
	11872 7680
	11872 7712
	11744 7712
4
	12512 7680
	16448 7680
	16448 7712
	12512 7712
4
	0 7712
	2912 7712
	2912 7744
	0 7744
4
	3200 7712
	3264 7712
	3264 7744
	3200 7744
4
	3808 7712
	5216 7712
	5216 7744
	3808 7744
4
	6368 7712
	11040 7712
	11040 7744
	6368 7744
4
	11744 7712
	11872 7712
	11872 7744
	11744 7744
4
	12512 7712
	16448 7712
	16448 7744
	12512 7744
4
	0 7744
	2912 7744
	2912 7776
	0 7776
4
	3808 7744
	5216 7744
	5216 7776
	3808 7776
4
	6368 7744
	11072 7744
	11072 7776
	6368 7776
4
	11744 7744
	11872 7744
	11872 7776
	11744 7776
4
	12512 7744
	16448 7744
	16448 7776
	12512 7776
4
	0 7776
	2912 7776
	2912 7808
	0 7808
4
	3840 7776
	5184 7776
	5184 7808
	3840 7808
4
	6400 7776
	11072 7776
	11072 7808
	6400 7808
4
	11776 7776
	11840 7776
	11840 7808
	11776 7808
4
	12544 7776
	16448 7776
	16448 7808
	12544 7808
4
	0 7808
	2912 7808
	2912 7840
	0 7840
4
	3840 7808
	5184 7808
	5184 7840
	3840 7840
4
	6400 7808
	11072 7808
	11072 7840
	6400 7840
4
	11776 7808
	11840 7808
	11840 7840
	11776 7840
4
	12544 7808
	16448 7808
	16448 7840
	12544 7840
4
	0 7840
	2912 7840
	2912 7872
	0 7872
4
	3840 7840
	5184 7840
	5184 7872
	3840 7872
4
	5952 7840
	6080 7840
	6080 7872
	5952 7872
4
	6400 7840
	11072 7840
	11072 7872
	6400 7872
4
	11776 7840
	11840 7840
	11840 7872
	11776 7872
4
	12544 7840
	16448 7840
	16448 7872
	12544 7872
4
	0 7872
	2912 7872
	2912 7904
	0 7904
4
	3840 7872
	5184 7872
	5184 7904
	3840 7904
4
	5952 7872
	6080 7872
	6080 7904
	5952 7904
4
	6400 7872
	11072 7872
	11072 7904
	6400 7904
4
	11776 7872
	11840 7872
	11840 7904
	11776 7904
4
	12544 7872
	16448 7872
	16448 7904
	12544 7904
4
	0 7904
	2880 7904
	2880 7936
	0 7936
4
	3840 7904
	5216 7904
	5216 7936
	3840 7936
4
	5856 7904
	6080 7904
	6080 7936
	5856 7936
4
	6112 7904
	6240 7904
	6240 7936
	6112 7936
4
	6368 7904
	11072 7904
	11072 7936
	6368 7936
4
	11744 7904
	11872 7904
	11872 7936
	11744 7936
4
	12000 7904
	12128 7904
	12128 7936
	12000 7936
4
	12512 7904
	16448 7904
	16448 7936
	12512 7936
4
	0 7936
	2880 7936
	2880 7968
	0 7968
4
	3840 7936
	5216 7936
	5216 7968
	3840 7968
4
	5856 7936
	11072 7936
	11072 7968
	5856 7968
4
	11744 7936
	11904 7936
	11904 7968
	11744 7968
4
	11968 7936
	12128 7936
	12128 7968
	11968 7968
4
	12512 7936
	16448 7936
	16448 7968
	12512 7968
4
	0 7968
	2880 7968
	2880 8000
	0 8000
4
	3840 7968
	5216 7968
	5216 8000
	3840 8000
4
	5856 7968
	11072 7968
	11072 8000
	5856 8000
4
	11744 7968
	12128 7968
	12128 8000
	11744 8000
4
	12512 7968
	16448 7968
	16448 8000
	12512 8000
4
	0 8000
	2880 8000
	2880 8032
	0 8032
4
	3840 8000
	5216 8000
	5216 8032
	3840 8032
4
	5856 8000
	11072 8000
	11072 8032
	5856 8032
4
	11744 8000
	12128 8000
	12128 8032
	11744 8032
4
	12512 8000
	16448 8000
	16448 8032
	12512 8032
4
	0 8032
	2880 8032
	2880 8064
	0 8064
4
	3840 8032
	5184 8032
	5184 8064
	3840 8064
4
	5760 8032
	11072 8032
	11072 8064
	5760 8064
4
	11776 8032
	12096 8032
	12096 8064
	11776 8064
4
	12544 8032
	16448 8032
	16448 8064
	12544 8064
4
	0 8064
	2880 8064
	2880 8096
	0 8096
4
	3840 8064
	5184 8064
	5184 8096
	3840 8096
4
	5664 8064
	11072 8064
	11072 8096
	5664 8096
4
	11776 8064
	12096 8064
	12096 8096
	11776 8096
4
	12544 8064
	16448 8064
	16448 8096
	12544 8096
4
	0 8096
	2880 8096
	2880 8128
	0 8128
4
	3840 8096
	5184 8096
	5184 8128
	3840 8128
4
	5568 8096
	11072 8096
	11072 8128
	5568 8128
4
	11776 8096
	12096 8096
	12096 8128
	11776 8128
4
	12544 8096
	16448 8096
	16448 8128
	12544 8128
4
	0 8128
	2880 8128
	2880 8160
	0 8160
4
	3840 8128
	5184 8128
	5184 8160
	3840 8160
4
	5568 8128
	11072 8128
	11072 8160
	5568 8160
4
	11776 8128
	12096 8128
	12096 8160
	11776 8160
4
	12544 8128
	16448 8128
	16448 8160
	12544 8160
4
	0 8160
	2912 8160
	2912 8192
	0 8192
4
	3840 8160
	5216 8160
	5216 8192
	3840 8192
4
	5568 8160
	11072 8160
	11072 8192
	5568 8192
4
	11744 8160
	12128 8160
	12128 8192
	11744 8192
4
	12256 8160
	12384 8160
	12384 8192
	12256 8192
4
	12512 8160
	16448 8160
	16448 8192
	12512 8192
4
	0 8192
	5216 8192
	5216 8224
	0 8224
4
	5568 8192
	16448 8192
	16448 8224
	5568 8224
4
	0 8224
	5216 8224
	5216 8256
	0 8256
4
	5600 8224
	16448 8224
	16448 8256
	5600 8256
4
	0 8256
	5216 8256
	5216 8288
	0 8288
4
	5600 8256
	16448 8256
	16448 8288
	5600 8288
4
	0 8288
	5184 8288
	5184 8320
	0 8320
4
	5632 8288
	16448 8288
	16448 8320
	5632 8320
4
	0 8320
	5184 8320
	5184 8352
	0 8352
4
	5632 8320
	16448 8320
	16448 8352
	5632 8352
4
	0 8352
	5184 8352
	5184 8384
	0 8384
4
	5632 8352
	16448 8352
	16448 8384
	5632 8384
4
	0 8384
	5184 8384
	5184 8416
	0 8416
4
	5632 8384
	16448 8384
	16448 8416
	5632 8416
4
	0 8416
	5184 8416
	5184 8448
	0 8448
4
	5632 8416
	16448 8416
	16448 8448
	5632 8448
4
	0 8448
	5184 8448
	5184 8480
	0 8480
4
	5632 8448
	16448 8448
	16448 8480
	5632 8480
4
	0 8480
	5184 8480
	5184 8512
	0 8512
4
	5632 8480
	16448 8480
	16448 8512
	5632 8512
4
	0 8512
	5184 8512
	5184 8544
	0 8544
4
	5632 8512
	16448 8512
	16448 8544
	5632 8544
4
	0 8544
	5184 8544
	5184 8576
	0 8576
4
	5632 8544
	16448 8544
	16448 8576
	5632 8576
4
	0 8576
	5184 8576
	5184 8608
	0 8608
4
	5632 8576
	16448 8576
	16448 8608
	5632 8608
4
	0 8608
	5184 8608
	5184 8640
	0 8640
4
	5632 8608
	16448 8608
	16448 8640
	5632 8640
4
	0 8640
	5184 8640
	5184 8672
	0 8672
4
	5632 8640
	16448 8640
	16448 8672
	5632 8672
4
	0 8672
	5184 8672
	5184 8704
	0 8704
4
	5632 8672
	16448 8672
	16448 8704
	5632 8704
4
	0 8704
	16448 8704
	16448 8736
	0 8736
4
	0 8736
	16448 8736
	16448 8768
	0 8768
4
	0 8768
	16448 8768
	16448 8800
	0 8800
4
	0 8800
	16448 8800
	16448 8832
	0 8832
4
	0 8832
	16448 8832
	16448 8864
	0 8864
4
	0 8864
	16448 8864
	16448 8896
	0 8896
4
	0 8896
	16448 8896
	16448 8928
	0 8928
4
	0 8928
	16448 8928
	16448 8960
	0 8960
4
	0 8960
	16448 8960
	16448 8992
	0 8992
4
	0 8992
	16448 8992
	16448 9024
	0 9024
4
	0 9024
	16448 9024
	16448 9056
	0 9056
4
	0 9056
	16448 9056
	16448 9088
	0 9088
4
	0 9088
	16448 9088
	16448 9120
	0 9120
4
	0 9120
	16448 9120
	16448 9152
	0 9152
4
	0 9152
	16448 9152
	16448 9184
	0 9184
4
	0 9184
	16448 9184
	16448 9216
	0 9216
4
	0 9216
	16448 9216
	16448 9248
	0 9248
4
	0 9248
	16448 9248
	16448 9280
	0 9280
4
	0 9280
	16448 9280
	16448 9312
	0 9312
4
	0 9312
	16448 9312
	16448 9344
	0 9344
4
	0 9344
	16448 9344
	16448 9376
	0 9376
4
	0 9376
	16448 9376
	16448 9408
	0 9408
4
	0 9408
	16448 9408
	16448 9440
	0 9440
4
	0 9440
	16448 9440
	16448 9472
	0 9472
4
	0 9472
	16448 9472
	16448 9504
	0 9504
4
	0 9504
	16448 9504
	16448 9536
	0 9536
4
	0 9536
	16448 9536
	16448 9568
	0 9568
4
	0 9568
	16448 9568
	16448 9600
	0 9600
4
	0 9600
	16448 9600
	16448 9632
	0 9632
4
	0 9632
	16448 9632
	16448 9664
	0 9664
4
	0 9664
	16448 9664
	16448 9696
	0 9696
4
	0 9696
	16448 9696
	16448 9728
	0 9728
4
	0 9728
	16448 9728
	16448 9760
	0 9760
4
	0 9760
	16448 9760
	16448 9792
	0 9792
4
	0 9792
	16448 9792
	16448 9824
	0 9824
4
	0 9824
	16448 9824
	16448 9856
	0 9856
4
	0 9856
	16448 9856
	16448 9888
	0 9888
4
	0 9888
	16448 9888
	16448 9920
	0 9920
4
	0 9920
	16448 9920
	16448 9952
	0 9952
4
	0 9952
	16448 9952
	16448 9984
	0 9984
4
	0 9984
	16448 9984
	16448 10016
	0 10016
4
	0 10016
	16448 10016
	16448 10048
	0 10048
4
	0 10048
	16448 10048
	16448 10080
	0 10080
4
	0 10080
	16448 10080
	16448 10112
	0 10112
4
	0 10112
	16448 10112
	16448 10144
	0 10144
4
	0 10144
	16448 10144
	16448 10176
	0 10176
4
	0 10176
	16448 10176
	16448 10208
	0 10208
4
	0 10208
	16448 10208
	16448 10240
	0 10240
4
	0 10240
	16448 10240
	16448 10272
	0 10272
4
	0 10272
	16448 10272
	16448 10304
	0 10304
4
	0 10304
	16448 10304
	16448 10336
	0 10336
4
	0 10336
	16448 10336
	16448 10368
	0 10368
4
	0 10368
	16448 10368
	16448 10400
	0 10400
4
	0 10400
	16448 10400
	16448 10432
	0 10432
4
	0 10432
	16448 10432
	16448 10464
	0 10464
4
	0 10464
	16448 10464
	16448 10496
	0 10496
4
	0 10496
	16448 10496
	16448 10528
	0 10528
4
	0 10528
	16448 10528
	16448 10560
	0 10560
4
	0 10560
	16448 10560
	16448 10592
	0 10592
4
	0 10592
	16448 10592
	16448 10624
	0 10624
4
	0 10624
	16448 10624
	16448 10656
	0 10656
4
	0 10656
	16448 10656
	16448 10688
	0 10688
4
	0 10688
	16448 10688
	16448 10720
	0 10720
4
	0 10720
	16448 10720
	16448 10752
	0 10752
4
	0 10752
	16448 10752
	16448 10784
	0 10784
4
	0 10784
	16448 10784
	16448 10816
	0 10816
4
	0 10816
	16448 10816
	16448 10848
	0 10848
4
	0 10848
	16448 10848
	16448 10880
	0 10880
4
	0 10880
	16448 10880
	16448 10912
	0 10912
4
	0 10912
	16448 10912
	16448 10944
	0 10944
4
	0 10944
	16448 10944
	16448 10976
	0 10976
4
	0 10976
	16448 10976
	16448 11008
	0 11008
4
	0 11008
	16448 11008
	16448 11040
	0 11040
4
	0 11040
	16448 11040
	16448 11072
	0 11072
4
	0 11072
	16448 11072
	16448 11104
	0 11104
4
	0 11104
	16448 11104
	16448 11136
	0 11136
4
	0 11136
	16448 11136
	16448 11168
	0 11168
4
	0 11168
	16448 11168
	16448 11200
	0 11200
4
	0 11200
	16448 11200
	16448 11232
	0 11232
4
	0 11232
	16448 11232
	16448 11264
	0 11264
4
	0 11264
	16448 11264
	16448 11296
	0 11296
4
	0 11296
	16448 11296
	16448 11328
	0 11328
4
	0 11328
	16448 11328
	16448 11360
	0 11360
4
	0 11360
	16448 11360
	16448 11392
	0 11392
4
	0 11392
	16448 11392
	16448 11424
	0 11424
4
	0 11424
	16448 11424
	16448 11456
	0 11456
4
	0 11456
	16448 11456
	16448 11488
	0 11488
4
	0 11488
	16448 11488
	16448 11520
	0 11520
4
	0 11520
	16448 11520
	16448 11552
	0 11552
4
	0 11552
	16448 11552
	16448 11584
	0 11584
4
	0 11584
	16448 11584
	16448 11616
	0 11616
4
	0 11616
	16448 11616
	16448 11648
	0 11648
4
	0 11648
	16448 11648
	16448 11680
	0 11680
4
	0 11680
	16448 11680
	16448 11712
	0 11712
4
	0 11712
	16448 11712
	16448 11744
	0 11744
4
	0 11744
	16448 11744
	16448 11776
	0 11776
4
	0 11776
	16448 11776
	16448 11808
	0 11808
4
	0 11808
	16448 11808
	16448 11840
	0 11840
4
	0 11840
	16448 11840
	16448 11872
	0 11872
4
	0 11872
	16448 11872
	16448 11904
	0 11904
4
	0 11904
	16448 11904
	16448 11936
	0 11936
4
	0 11936
	16448 11936
	16448 11968
	0 11968
4
	0 11968
	16448 11968
	16448 12000
	0 12000
4
	0 12000
	16448 12000
	16448 12032
	0 12032
4
	0 12032
	16448 12032
	16448 12064
	0 12064
4
	0 12064
	16448 12064
	16448 12096
	0 12096
4
	0 12096
	16448 12096
	16448 12128
	0 12128
4
	0 12128
	16448 12128
	16448 12160
	0 12160
4
	0 12160
	16448 12160
	16448 12192
	0 12192
4
	0 12192
	16448 12192
	16448 12224
	0 12224
4
	0 12224
	16448 12224
	16448 12256
	0 12256
4
	0 12256
	16448 12256
	16448 12288
	0 12288
4
	0 12288
	16448 12288
	16448 12320
	0 12320
4
	0 12320
	16448 12320
	16448 12352
	0 12352
4
	-32 -32
	16480 -32
	16480 0
	-32 0
4
	-32 12352
	16480 12352
	16480 12384
	-32 12384
4
	-32 0
	0 0
	0 12352
	-32 12352
4
	16448 0
	16480 0
	16480 12352
	16448 12352
