1590
4
	0 0
	11456 0
	11456 32
	0 32
4
	0 32
	11456 32
	11456 64
	0 64
4
	0 64
	11456 64
	11456 96
	0 96
4
	0 96
	11456 96
	11456 128
	0 128
4
	0 128
	11456 128
	11456 160
	0 160
4
	0 160
	9888 160
	9888 192
	0 192
4
	10272 160
	11456 160
	11456 192
	10272 192
4
	0 192
	9888 192
	9888 224
	0 224
4
	10272 192
	11456 192
	11456 224
	10272 224
4
	0 224
	9888 224
	9888 256
	0 256
4
	10272 224
	11456 224
	11456 256
	10272 256
4
	0 256
	9888 256
	9888 288
	0 288
4
	10272 256
	11456 256
	11456 288
	10272 288
4
	0 288
	9888 288
	9888 320
	0 320
4
	10272 288
	11456 288
	11456 320
	10272 320
4
	0 320
	9888 320
	9888 352
	0 352
4
	10272 320
	11456 320
	11456 352
	10272 352
4
	0 352
	9888 352
	9888 384
	0 384
4
	10240 352
	11456 352
	11456 384
	10240 384
4
	0 384
	9888 384
	9888 416
	0 416
4
	10272 384
	11456 384
	11456 416
	10272 416
4
	0 416
	9888 416
	9888 448
	0 448
4
	10272 416
	11456 416
	11456 448
	10272 448
4
	0 448
	9888 448
	9888 480
	0 480
4
	10272 448
	11456 448
	11456 480
	10272 480
4
	0 480
	9888 480
	9888 512
	0 512
4
	10272 480
	11456 480
	11456 512
	10272 512
4
	0 512
	9888 512
	9888 544
	0 544
4
	10272 512
	11456 512
	11456 544
	10272 544
4
	0 544
	9888 544
	9888 576
	0 576
4
	10272 544
	11456 544
	11456 576
	10272 576
4
	0 576
	9888 576
	9888 608
	0 608
4
	10272 576
	11456 576
	11456 608
	10272 608
4
	0 608
	9888 608
	9888 640
	0 640
4
	10272 608
	11456 608
	11456 640
	10272 640
4
	0 640
	9888 640
	9888 672
	0 672
4
	10272 640
	11456 640
	11456 672
	10272 672
4
	0 672
	8384 672
	8384 704
	0 704
4
	8576 672
	8704 672
	8704 704
	8576 704
4
	8928 672
	9056 672
	9056 704
	8928 704
4
	9152 672
	9888 672
	9888 704
	9152 704
4
	10272 672
	11456 672
	11456 704
	10272 704
4
	0 704
	8384 704
	8384 736
	0 736
4
	9184 704
	9888 704
	9888 736
	9184 736
4
	10240 704
	11456 704
	11456 736
	10240 736
4
	0 736
	8384 736
	8384 768
	0 768
4
	9152 736
	9888 736
	9888 768
	9152 768
4
	10240 736
	11456 736
	11456 768
	10240 768
4
	0 768
	8384 768
	8384 800
	0 800
4
	9152 768
	9888 768
	9888 800
	9152 800
4
	10112 768
	11456 768
	11456 800
	10112 800
4
	0 800
	8416 800
	8416 832
	0 832
4
	9152 800
	9888 800
	9888 832
	9152 832
4
	10112 800
	11456 800
	11456 832
	10112 832
4
	0 832
	8416 832
	8416 864
	0 864
4
	9216 832
	9888 832
	9888 864
	9216 864
4
	10016 832
	11456 832
	11456 864
	10016 864
4
	0 864
	8448 864
	8448 896
	0 896
4
	9216 864
	9888 864
	9888 896
	9216 896
4
	10016 864
	11456 864
	11456 896
	10016 896
4
	0 896
	8448 896
	8448 928
	0 928
4
	8608 896
	8704 896
	8704 928
	8608 928
4
	9248 896
	9888 896
	9888 928
	9248 928
4
	10016 896
	11456 896
	11456 928
	10016 928
4
	0 928
	8416 928
	8416 960
	0 960
4
	8608 928
	8736 928
	8736 960
	8608 960
4
	8768 928
	9024 928
	9024 960
	8768 960
4
	9248 928
	9888 928
	9888 960
	9248 960
4
	10016 928
	11456 928
	11456 960
	10016 960
4
	0 960
	8416 960
	8416 992
	0 992
4
	8608 960
	8736 960
	8736 992
	8608 992
4
	8768 960
	9024 960
	9024 992
	8768 992
4
	9248 960
	9888 960
	9888 992
	9248 992
4
	10016 960
	11456 960
	11456 992
	10016 992
4
	0 992
	8416 992
	8416 1024
	0 1024
4
	8608 992
	9056 992
	9056 1024
	8608 1024
4
	9248 992
	9888 992
	9888 1024
	9248 1024
4
	10016 992
	11456 992
	11456 1024
	10016 1024
4
	0 1024
	8416 1024
	8416 1056
	0 1056
4
	8608 1024
	9056 1024
	9056 1056
	8608 1056
4
	9248 1024
	9888 1024
	9888 1056
	9248 1056
4
	10016 1024
	11456 1024
	11456 1056
	10016 1056
4
	0 1056
	8384 1056
	8384 1088
	0 1088
4
	8704 1056
	8736 1056
	8736 1088
	8704 1088
4
	8768 1056
	8864 1056
	8864 1088
	8768 1088
4
	8928 1056
	9024 1056
	9024 1088
	8928 1088
4
	9248 1056
	9888 1056
	9888 1088
	9248 1088
4
	10016 1056
	11456 1056
	11456 1088
	10016 1088
4
	0 1088
	8384 1088
	8384 1120
	0 1120
4
	8928 1088
	8992 1088
	8992 1120
	8928 1120
4
	9248 1088
	9888 1088
	9888 1120
	9248 1120
4
	10016 1088
	11456 1088
	11456 1120
	10016 1120
4
	0 1120
	8384 1120
	8384 1152
	0 1152
4
	9248 1120
	9888 1120
	9888 1152
	9248 1152
4
	10016 1120
	11456 1120
	11456 1152
	10016 1152
4
	0 1152
	8352 1152
	8352 1184
	0 1184
4
	9248 1152
	9888 1152
	9888 1184
	9248 1184
4
	10016 1152
	11456 1152
	11456 1184
	10016 1184
4
	0 1184
	8384 1184
	8384 1216
	0 1216
4
	9248 1184
	9888 1184
	9888 1216
	9248 1216
4
	10112 1184
	10304 1184
	10304 1216
	10112 1216
4
	10560 1184
	11456 1184
	11456 1216
	10560 1216
4
	0 1216
	8384 1216
	8384 1248
	0 1248
4
	9248 1216
	9888 1216
	9888 1248
	9248 1248
4
	10112 1216
	10304 1216
	10304 1248
	10112 1248
4
	10560 1216
	11456 1216
	11456 1248
	10560 1248
4
	0 1248
	8384 1248
	8384 1280
	0 1280
4
	9248 1248
	9888 1248
	9888 1280
	9248 1280
4
	10560 1248
	11456 1248
	11456 1280
	10560 1280
4
	0 1280
	8384 1280
	8384 1312
	0 1312
4
	8608 1280
	8736 1280
	8736 1312
	8608 1312
4
	9088 1280
	9216 1280
	9216 1312
	9088 1312
4
	9248 1280
	9888 1280
	9888 1312
	9248 1312
4
	10560 1280
	11456 1280
	11456 1312
	10560 1312
4
	0 1312
	8352 1312
	8352 1344
	0 1344
4
	8608 1312
	8736 1312
	8736 1344
	8608 1344
4
	9088 1312
	9216 1312
	9216 1344
	9088 1344
4
	9248 1312
	9888 1312
	9888 1344
	9248 1344
4
	10560 1312
	11456 1312
	11456 1344
	10560 1344
4
	0 1344
	8864 1344
	8864 1376
	0 1376
4
	8992 1344
	9888 1344
	9888 1376
	8992 1376
4
	10560 1344
	11456 1344
	11456 1376
	10560 1376
4
	0 1376
	8864 1376
	8864 1408
	0 1408
4
	8992 1376
	9888 1376
	9888 1408
	8992 1408
4
	10784 1376
	11456 1376
	11456 1408
	10784 1408
4
	0 1408
	8864 1408
	8864 1440
	0 1440
4
	8992 1408
	9888 1408
	9888 1440
	8992 1440
4
	10784 1408
	11456 1408
	11456 1440
	10784 1440
4
	0 1440
	8512 1440
	8512 1472
	0 1472
4
	8768 1440
	8832 1440
	8832 1472
	8768 1472
4
	9184 1440
	9888 1440
	9888 1472
	9184 1472
4
	11104 1440
	11456 1440
	11456 1472
	11104 1472
4
	0 1472
	8512 1472
	8512 1504
	0 1504
4
	9216 1472
	9888 1472
	9888 1504
	9216 1504
4
	11104 1472
	11456 1472
	11456 1504
	11104 1504
4
	0 1504
	8512 1504
	8512 1536
	0 1536
4
	9216 1504
	9888 1504
	9888 1536
	9216 1536
4
	11264 1504
	11456 1504
	11456 1536
	11264 1536
4
	0 1536
	8512 1536
	8512 1568
	0 1568
4
	9216 1536
	9888 1536
	9888 1568
	9216 1568
4
	11264 1536
	11456 1536
	11456 1568
	11264 1568
4
	0 1568
	8512 1568
	8512 1600
	0 1600
4
	9216 1568
	9888 1568
	9888 1600
	9216 1600
4
	10784 1568
	10912 1568
	10912 1600
	10784 1600
4
	11264 1568
	11456 1568
	11456 1600
	11264 1600
4
	0 1600
	8512 1600
	8512 1632
	0 1632
4
	9216 1600
	9888 1600
	9888 1632
	9216 1632
4
	10784 1600
	10912 1600
	10912 1632
	10784 1632
4
	11296 1600
	11456 1600
	11456 1632
	11296 1632
4
	0 1632
	8352 1632
	8352 1664
	0 1664
4
	9216 1632
	9888 1632
	9888 1664
	9216 1664
4
	10784 1632
	10912 1632
	10912 1664
	10784 1664
4
	11264 1632
	11456 1632
	11456 1664
	11264 1664
4
	0 1664
	8352 1664
	8352 1696
	0 1696
4
	9248 1664
	9888 1664
	9888 1696
	9248 1696
4
	10560 1664
	10912 1664
	10912 1696
	10560 1696
4
	11296 1664
	11456 1664
	11456 1696
	11296 1696
4
	0 1696
	6816 1696
	6816 1728
	0 1728
4
	6976 1696
	7040 1696
	7040 1728
	6976 1728
4
	7488 1696
	7552 1696
	7552 1728
	7488 1728
4
	8000 1696
	8064 1696
	8064 1728
	8000 1728
4
	9248 1696
	9888 1696
	9888 1728
	9248 1728
4
	10560 1696
	10912 1696
	10912 1728
	10560 1728
4
	11328 1696
	11456 1696
	11456 1728
	11328 1728
4
	0 1728
	6816 1728
	6816 1760
	0 1760
4
	9248 1728
	9888 1728
	9888 1760
	9248 1760
4
	10560 1728
	10912 1728
	10912 1760
	10560 1760
4
	11328 1728
	11456 1728
	11456 1760
	11328 1760
4
	0 1760
	6816 1760
	6816 1792
	0 1792
4
	9248 1760
	9888 1760
	9888 1792
	9248 1792
4
	10560 1760
	10912 1760
	10912 1792
	10560 1792
4
	11328 1760
	11456 1760
	11456 1792
	11328 1792
4
	0 1792
	6816 1792
	6816 1824
	0 1824
4
	9248 1792
	9888 1792
	9888 1824
	9248 1824
4
	10560 1792
	10912 1792
	10912 1824
	10560 1824
4
	11328 1792
	11456 1792
	11456 1824
	11328 1824
4
	0 1824
	6816 1824
	6816 1856
	0 1856
4
	8224 1824
	8352 1824
	8352 1856
	8224 1856
4
	9248 1824
	9888 1824
	9888 1856
	9248 1856
4
	10560 1824
	10912 1824
	10912 1856
	10560 1856
4
	11296 1824
	11456 1824
	11456 1856
	11296 1856
4
	0 1856
	6816 1856
	6816 1888
	0 1888
4
	8224 1856
	8352 1856
	8352 1888
	8224 1888
4
	9248 1856
	9888 1856
	9888 1888
	9248 1888
4
	10560 1856
	10912 1856
	10912 1888
	10560 1888
4
	11296 1856
	11456 1856
	11456 1888
	11296 1888
4
	0 1888
	6816 1888
	6816 1920
	0 1920
4
	8224 1888
	8352 1888
	8352 1920
	8224 1920
4
	9248 1888
	9888 1888
	9888 1920
	9248 1920
4
	10784 1888
	10912 1888
	10912 1920
	10784 1920
4
	11296 1888
	11456 1888
	11456 1920
	11296 1920
4
	0 1920
	6816 1920
	6816 1952
	0 1952
4
	8224 1920
	8352 1920
	8352 1952
	8224 1952
4
	9248 1920
	9888 1920
	9888 1952
	9248 1952
4
	10784 1920
	10912 1920
	10912 1952
	10784 1952
4
	11296 1920
	11456 1920
	11456 1952
	11296 1952
4
	0 1952
	6816 1952
	6816 1984
	0 1984
4
	8224 1952
	8352 1952
	8352 1984
	8224 1984
4
	11296 1952
	11456 1952
	11456 1984
	11296 1984
4
	0 1984
	6816 1984
	6816 2016
	0 2016
4
	8224 1984
	8352 1984
	8352 2016
	8224 2016
4
	11200 1984
	11456 1984
	11456 2016
	11200 2016
4
	0 2016
	6976 2016
	6976 2048
	0 2048
4
	8224 2016
	8352 2016
	8352 2048
	8224 2048
4
	11168 2016
	11456 2016
	11456 2048
	11168 2048
4
	0 2048
	6976 2048
	6976 2080
	0 2080
4
	7040 2048
	7232 2048
	7232 2080
	7040 2080
4
	8224 2048
	8352 2048
	8352 2080
	8224 2080
4
	11072 2048
	11136 2048
	11136 2080
	11072 2080
4
	11168 2048
	11456 2048
	11456 2080
	11168 2080
4
	0 2080
	7328 2080
	7328 2112
	0 2112
4
	7936 2080
	8032 2080
	8032 2112
	7936 2112
4
	8224 2080
	8352 2080
	8352 2112
	8224 2112
4
	9248 2080
	9376 2080
	9376 2112
	9248 2112
4
	9760 2080
	9888 2080
	9888 2112
	9760 2112
4
	10784 2080
	10912 2080
	10912 2112
	10784 2112
4
	11072 2080
	11136 2080
	11136 2112
	11072 2112
4
	11200 2080
	11456 2080
	11456 2112
	11200 2112
4
	0 2112
	7328 2112
	7328 2144
	0 2144
4
	7904 2112
	8032 2112
	8032 2144
	7904 2144
4
	8224 2112
	8352 2112
	8352 2144
	8224 2144
4
	9248 2112
	9920 2112
	9920 2144
	9248 2144
4
	10784 2112
	11456 2112
	11456 2144
	10784 2144
4
	0 2144
	7360 2144
	7360 2176
	0 2176
4
	7904 2144
	8032 2144
	8032 2176
	7904 2176
4
	8224 2144
	8352 2144
	8352 2176
	8224 2176
4
	8704 2144
	8800 2144
	8800 2176
	8704 2176
4
	9248 2144
	9920 2144
	9920 2176
	9248 2176
4
	10784 2144
	11456 2144
	11456 2176
	10784 2176
4
	0 2176
	7328 2176
	7328 2208
	0 2208
4
	7904 2176
	8352 2176
	8352 2208
	7904 2208
4
	8672 2176
	8800 2176
	8800 2208
	8672 2208
4
	9248 2176
	9888 2176
	9888 2208
	9248 2208
4
	10560 2176
	11456 2176
	11456 2208
	10560 2208
4
	0 2208
	5472 2208
	5472 2240
	0 2240
4
	5536 2208
	5728 2208
	5728 2240
	5536 2240
4
	5760 2208
	6976 2208
	6976 2240
	5760 2240
4
	7040 2208
	7232 2208
	7232 2240
	7040 2240
4
	7936 2208
	8352 2208
	8352 2240
	7936 2240
4
	8672 2208
	8800 2208
	8800 2240
	8672 2240
4
	9248 2208
	9632 2208
	9632 2240
	9248 2240
4
	9760 2208
	9888 2208
	9888 2240
	9760 2240
4
	10560 2208
	11456 2208
	11456 2240
	10560 2240
4
	0 2240
	5440 2240
	5440 2272
	0 2272
4
	5888 2240
	6976 2240
	6976 2272
	5888 2272
4
	7040 2240
	7232 2240
	7232 2272
	7040 2272
4
	7936 2240
	8352 2240
	8352 2272
	7936 2272
4
	8672 2240
	8800 2240
	8800 2272
	8672 2272
4
	9248 2240
	9632 2240
	9632 2272
	9248 2272
4
	9760 2240
	9888 2240
	9888 2272
	9760 2272
4
	10560 2240
	11456 2240
	11456 2272
	10560 2272
4
	0 2272
	5312 2272
	5312 2304
	0 2304
4
	5856 2272
	6976 2272
	6976 2304
	5856 2304
4
	7040 2272
	7232 2272
	7232 2304
	7040 2304
4
	7936 2272
	8352 2272
	8352 2304
	7936 2304
4
	9248 2272
	9376 2272
	9376 2304
	9248 2304
4
	9760 2272
	9888 2272
	9888 2304
	9760 2304
4
	10560 2272
	11456 2272
	11456 2304
	10560 2304
4
	0 2304
	5312 2304
	5312 2336
	0 2336
4
	5856 2304
	6816 2304
	6816 2336
	5856 2336
4
	7936 2304
	8352 2304
	8352 2336
	7936 2336
4
	9248 2304
	9376 2304
	9376 2336
	9248 2336
4
	9760 2304
	10048 2304
	10048 2336
	9760 2336
4
	10560 2304
	11456 2304
	11456 2336
	10560 2336
4
	0 2336
	5312 2336
	5312 2368
	0 2368
4
	5856 2336
	6816 2336
	6816 2368
	5856 2368
4
	7936 2336
	8384 2336
	8384 2368
	7936 2368
4
	9248 2336
	9376 2336
	9376 2368
	9248 2368
4
	9760 2336
	10048 2336
	10048 2368
	9760 2368
4
	10560 2336
	11456 2336
	11456 2368
	10560 2368
4
	0 2368
	5312 2368
	5312 2400
	0 2400
4
	5920 2368
	6816 2368
	6816 2400
	5920 2400
4
	7904 2368
	8384 2368
	8384 2400
	7904 2400
4
	9248 2368
	9376 2368
	9376 2400
	9248 2400
4
	9760 2368
	10400 2368
	10400 2400
	9760 2400
4
	10528 2368
	11456 2368
	11456 2400
	10528 2400
4
	0 2400
	5312 2400
	5312 2432
	0 2432
4
	5920 2400
	6816 2400
	6816 2432
	5920 2432
4
	7872 2400
	8384 2400
	8384 2432
	7872 2432
4
	9216 2400
	9376 2400
	9376 2432
	9216 2432
4
	9760 2400
	10400 2400
	10400 2432
	9760 2432
4
	10528 2400
	11456 2400
	11456 2432
	10528 2432
4
	0 2432
	3008 2432
	3008 2464
	0 2464
4
	3072 2432
	5344 2432
	5344 2464
	3072 2464
4
	5920 2432
	6816 2432
	6816 2464
	5920 2464
4
	7904 2432
	8384 2432
	8384 2464
	7904 2464
4
	9248 2432
	9376 2432
	9376 2464
	9248 2464
4
	9760 2432
	10400 2432
	10400 2464
	9760 2464
4
	10528 2432
	11456 2432
	11456 2464
	10528 2464
4
	0 2464
	2976 2464
	2976 2496
	0 2496
4
	3104 2464
	5344 2464
	5344 2496
	3104 2496
4
	5920 2464
	6816 2464
	6816 2496
	5920 2496
4
	7936 2464
	8384 2464
	8384 2496
	7936 2496
4
	9184 2464
	9376 2464
	9376 2496
	9184 2496
4
	9792 2464
	9920 2464
	9920 2496
	9792 2496
4
	9984 2464
	10400 2464
	10400 2496
	9984 2496
4
	10528 2464
	11456 2464
	11456 2496
	10528 2496
4
	0 2496
	2976 2496
	2976 2528
	0 2528
4
	3104 2496
	5344 2496
	5344 2528
	3104 2528
4
	5920 2496
	6816 2496
	6816 2528
	5920 2528
4
	7936 2496
	8416 2496
	8416 2528
	7936 2528
4
	9184 2496
	9376 2496
	9376 2528
	9184 2528
4
	9824 2496
	9920 2496
	9920 2528
	9824 2528
4
	9984 2496
	10400 2496
	10400 2528
	9984 2528
4
	10528 2496
	11456 2496
	11456 2528
	10528 2528
4
	0 2528
	2976 2528
	2976 2560
	0 2560
4
	3104 2528
	5344 2528
	5344 2560
	3104 2560
4
	5920 2528
	6816 2528
	6816 2560
	5920 2560
4
	7936 2528
	8416 2528
	8416 2560
	7936 2560
4
	9184 2528
	9376 2528
	9376 2560
	9184 2560
4
	9984 2528
	10400 2528
	10400 2560
	9984 2560
4
	10528 2528
	11456 2528
	11456 2560
	10528 2560
4
	0 2560
	2976 2560
	2976 2592
	0 2592
4
	3104 2560
	5472 2560
	5472 2592
	3104 2592
4
	5664 2560
	5792 2560
	5792 2592
	5664 2592
4
	5920 2560
	6816 2560
	6816 2592
	5920 2592
4
	7936 2560
	8416 2560
	8416 2592
	7936 2592
4
	9184 2560
	9376 2560
	9376 2592
	9184 2592
4
	9984 2560
	10400 2560
	10400 2592
	9984 2592
4
	10528 2560
	11456 2560
	11456 2592
	10528 2592
4
	0 2592
	2976 2592
	2976 2624
	0 2624
4
	3104 2592
	5472 2592
	5472 2624
	3104 2624
4
	5664 2592
	5792 2592
	5792 2624
	5664 2624
4
	5920 2592
	6816 2592
	6816 2624
	5920 2624
4
	7936 2592
	8416 2592
	8416 2624
	7936 2624
4
	8704 2592
	8768 2592
	8768 2624
	8704 2624
4
	9184 2592
	9376 2592
	9376 2624
	9184 2624
4
	9984 2592
	10400 2592
	10400 2624
	9984 2624
4
	10528 2592
	11456 2592
	11456 2624
	10528 2624
4
	0 2624
	2976 2624
	2976 2656
	0 2656
4
	3104 2624
	5792 2624
	5792 2656
	3104 2656
4
	5920 2624
	6848 2624
	6848 2656
	5920 2656
4
	7904 2624
	8864 2624
	8864 2656
	7904 2656
4
	8992 2624
	9376 2624
	9376 2656
	8992 2656
4
	10176 2624
	10400 2624
	10400 2656
	10176 2656
4
	10528 2624
	11456 2624
	11456 2656
	10528 2656
4
	0 2656
	2976 2656
	2976 2688
	0 2688
4
	3104 2656
	5792 2656
	5792 2688
	3104 2688
4
	5920 2656
	7040 2656
	7040 2688
	5920 2688
4
	7904 2656
	8864 2656
	8864 2688
	7904 2688
4
	8992 2656
	9376 2656
	9376 2688
	8992 2688
4
	10176 2656
	10400 2656
	10400 2688
	10176 2688
4
	10528 2656
	11456 2656
	11456 2688
	10528 2688
4
	0 2688
	2976 2688
	2976 2720
	0 2720
4
	3104 2688
	5792 2688
	5792 2720
	3104 2720
4
	5952 2688
	6848 2688
	6848 2720
	5952 2720
4
	7904 2688
	8864 2688
	8864 2720
	7904 2720
4
	8992 2688
	9376 2688
	9376 2720
	8992 2720
4
	10272 2688
	10400 2688
	10400 2720
	10272 2720
4
	10528 2688
	11456 2688
	11456 2720
	10528 2720
4
	0 2720
	2976 2720
	2976 2752
	0 2752
4
	3104 2720
	5792 2720
	5792 2752
	3104 2752
4
	5952 2720
	6016 2720
	6016 2752
	5952 2752
4
	6688 2720
	6816 2720
	6816 2752
	6688 2752
4
	7936 2720
	8864 2720
	8864 2752
	7936 2752
4
	8992 2720
	9376 2720
	9376 2752
	8992 2752
4
	9984 2720
	10400 2720
	10400 2752
	9984 2752
4
	10528 2720
	11456 2720
	11456 2752
	10528 2752
4
	0 2752
	2976 2752
	2976 2784
	0 2784
4
	3104 2752
	5792 2752
	5792 2784
	3104 2784
4
	6688 2752
	6720 2752
	6720 2784
	6688 2784
4
	7936 2752
	8864 2752
	8864 2784
	7936 2784
4
	8992 2752
	9376 2752
	9376 2784
	8992 2784
4
	9984 2752
	10400 2752
	10400 2784
	9984 2784
4
	10528 2752
	11456 2752
	11456 2784
	10528 2784
4
	0 2784
	2976 2784
	2976 2816
	0 2816
4
	3104 2784
	5792 2784
	5792 2816
	3104 2816
4
	7936 2784
	8864 2784
	8864 2816
	7936 2816
4
	8992 2784
	9376 2784
	9376 2816
	8992 2816
4
	9984 2784
	10400 2784
	10400 2816
	9984 2816
4
	10528 2784
	11456 2784
	11456 2816
	10528 2816
4
	0 2816
	2976 2816
	2976 2848
	0 2848
4
	3104 2816
	5792 2816
	5792 2848
	3104 2848
4
	5952 2816
	6016 2816
	6016 2848
	5952 2848
4
	7936 2816
	8864 2816
	8864 2848
	7936 2848
4
	8992 2816
	9376 2816
	9376 2848
	8992 2848
4
	9984 2816
	10400 2816
	10400 2848
	9984 2848
4
	10528 2816
	11456 2816
	11456 2848
	10528 2848
4
	0 2848
	2976 2848
	2976 2880
	0 2880
4
	3104 2848
	5792 2848
	5792 2880
	3104 2880
4
	5952 2848
	6016 2848
	6016 2880
	5952 2880
4
	7936 2848
	8864 2848
	8864 2880
	7936 2880
4
	8992 2848
	9376 2848
	9376 2880
	8992 2880
4
	9984 2848
	10400 2848
	10400 2880
	9984 2880
4
	10528 2848
	11456 2848
	11456 2880
	10528 2880
4
	0 2880
	2976 2880
	2976 2912
	0 2912
4
	3104 2880
	5792 2880
	5792 2912
	3104 2912
4
	5952 2880
	8864 2880
	8864 2912
	5952 2912
4
	8992 2880
	9632 2880
	9632 2912
	8992 2912
4
	9760 2880
	10400 2880
	10400 2912
	9760 2912
4
	10528 2880
	11456 2880
	11456 2912
	10528 2912
4
	0 2912
	2976 2912
	2976 2944
	0 2944
4
	3104 2912
	5792 2912
	5792 2944
	3104 2944
4
	5920 2912
	8864 2912
	8864 2944
	5920 2944
4
	8992 2912
	9632 2912
	9632 2944
	8992 2944
4
	9760 2912
	10400 2912
	10400 2944
	9760 2944
4
	10528 2912
	11456 2912
	11456 2944
	10528 2944
4
	0 2944
	2976 2944
	2976 2976
	0 2976
4
	3104 2944
	5792 2944
	5792 2976
	3104 2976
4
	5920 2944
	8864 2944
	8864 2976
	5920 2976
4
	8992 2944
	9632 2944
	9632 2976
	8992 2976
4
	9760 2944
	10400 2944
	10400 2976
	9760 2976
4
	10528 2944
	11456 2944
	11456 2976
	10528 2976
4
	0 2976
	2496 2976
	2496 3008
	0 3008
4
	2688 2976
	2976 2976
	2976 3008
	2688 3008
4
	3104 2976
	5792 2976
	5792 3008
	3104 3008
4
	5920 2976
	8864 2976
	8864 3008
	5920 3008
4
	8992 2976
	9120 2976
	9120 3008
	8992 3008
4
	9312 2976
	9568 2976
	9568 3008
	9312 3008
4
	9856 2976
	10400 2976
	10400 3008
	9856 3008
4
	10528 2976
	11456 2976
	11456 3008
	10528 3008
4
	0 3008
	2496 3008
	2496 3040
	0 3040
4
	2720 3008
	2976 3008
	2976 3040
	2720 3040
4
	3104 3008
	5792 3008
	5792 3040
	3104 3040
4
	5920 3008
	8864 3008
	8864 3040
	5920 3040
4
	8992 3008
	9120 3008
	9120 3040
	8992 3040
4
	9312 3008
	9568 3008
	9568 3040
	9312 3040
4
	9856 3008
	10400 3008
	10400 3040
	9856 3040
4
	10528 3008
	11456 3008
	11456 3040
	10528 3040
4
	0 3040
	2496 3040
	2496 3072
	0 3072
4
	2816 3040
	2976 3040
	2976 3072
	2816 3072
4
	3104 3040
	5792 3040
	5792 3072
	3104 3072
4
	5920 3040
	8864 3040
	8864 3072
	5920 3072
4
	8992 3040
	9120 3040
	9120 3072
	8992 3072
4
	9312 3040
	9408 3040
	9408 3072
	9312 3072
4
	9440 3040
	9504 3040
	9504 3072
	9440 3072
4
	9856 3040
	10400 3040
	10400 3072
	9856 3072
4
	10528 3040
	11456 3040
	11456 3072
	10528 3072
4
	0 3072
	2496 3072
	2496 3104
	0 3104
4
	2816 3072
	2976 3072
	2976 3104
	2816 3104
4
	3104 3072
	5792 3072
	5792 3104
	3104 3104
4
	5920 3072
	8864 3072
	8864 3104
	5920 3104
4
	8992 3072
	9120 3072
	9120 3104
	8992 3104
4
	9312 3072
	9408 3072
	9408 3104
	9312 3104
4
	9856 3072
	10400 3072
	10400 3104
	9856 3104
4
	10528 3072
	11456 3072
	11456 3104
	10528 3104
4
	0 3104
	2496 3104
	2496 3136
	0 3136
4
	2848 3104
	2976 3104
	2976 3136
	2848 3136
4
	3104 3104
	5792 3104
	5792 3136
	3104 3136
4
	5920 3104
	8864 3104
	8864 3136
	5920 3136
4
	8992 3104
	9120 3104
	9120 3136
	8992 3136
4
	9312 3104
	9408 3104
	9408 3136
	9312 3136
4
	9856 3104
	10400 3104
	10400 3136
	9856 3136
4
	10528 3104
	11456 3104
	11456 3136
	10528 3136
4
	0 3136
	2496 3136
	2496 3168
	0 3168
4
	2848 3136
	3008 3136
	3008 3168
	2848 3168
4
	3072 3136
	5792 3136
	5792 3168
	3072 3168
4
	5920 3136
	8864 3136
	8864 3168
	5920 3168
4
	8992 3136
	9120 3136
	9120 3168
	8992 3168
4
	9312 3136
	9408 3136
	9408 3168
	9312 3168
4
	9696 3136
	9760 3136
	9760 3168
	9696 3168
4
	9856 3136
	10400 3136
	10400 3168
	9856 3168
4
	10528 3136
	11456 3136
	11456 3168
	10528 3168
4
	0 3168
	2496 3168
	2496 3200
	0 3200
4
	2848 3168
	3008 3168
	3008 3200
	2848 3200
4
	3072 3168
	5792 3168
	5792 3200
	3072 3200
4
	5920 3168
	8864 3168
	8864 3200
	5920 3200
4
	8992 3168
	9120 3168
	9120 3200
	8992 3200
4
	9312 3168
	9408 3168
	9408 3200
	9312 3200
4
	9696 3168
	9760 3168
	9760 3200
	9696 3200
4
	9856 3168
	10400 3168
	10400 3200
	9856 3200
4
	10528 3168
	11456 3168
	11456 3200
	10528 3200
4
	0 3200
	2464 3200
	2464 3232
	0 3232
4
	2848 3200
	3008 3200
	3008 3232
	2848 3232
4
	3072 3200
	5792 3200
	5792 3232
	3072 3232
4
	5920 3200
	8864 3200
	8864 3232
	5920 3232
4
	8992 3200
	9120 3200
	9120 3232
	8992 3232
4
	9856 3200
	10400 3200
	10400 3232
	9856 3232
4
	10528 3200
	11456 3200
	11456 3232
	10528 3232
4
	0 3232
	2208 3232
	2208 3264
	0 3264
4
	3104 3232
	3680 3232
	3680 3264
	3104 3264
4
	3808 3232
	5024 3232
	5024 3264
	3808 3264
4
	5152 3232
	5280 3232
	5280 3264
	5152 3264
4
	5568 3232
	5792 3232
	5792 3264
	5568 3264
4
	5920 3232
	8864 3232
	8864 3264
	5920 3264
4
	8992 3232
	9120 3232
	9120 3264
	8992 3264
4
	10528 3232
	11456 3232
	11456 3264
	10528 3264
4
	0 3264
	2208 3264
	2208 3296
	0 3296
4
	3104 3264
	3552 3264
	3552 3296
	3104 3296
4
	3808 3264
	5024 3264
	5024 3296
	3808 3296
4
	5152 3264
	5280 3264
	5280 3296
	5152 3296
4
	5568 3264
	5792 3264
	5792 3296
	5568 3296
4
	5920 3264
	8864 3264
	8864 3296
	5920 3296
4
	8992 3264
	9120 3264
	9120 3296
	8992 3296
4
	10528 3264
	11456 3264
	11456 3296
	10528 3296
4
	0 3296
	2208 3296
	2208 3328
	0 3328
4
	3104 3296
	3456 3296
	3456 3328
	3104 3328
4
	3840 3296
	5024 3296
	5024 3328
	3840 3328
4
	5568 3296
	5792 3296
	5792 3328
	5568 3328
4
	5920 3296
	8864 3296
	8864 3328
	5920 3328
4
	8992 3296
	9120 3296
	9120 3328
	8992 3328
4
	10528 3296
	11456 3296
	11456 3328
	10528 3328
4
	0 3328
	2208 3328
	2208 3360
	0 3360
4
	3104 3328
	3456 3328
	3456 3360
	3104 3360
4
	3840 3328
	4736 3328
	4736 3360
	3840 3360
4
	5568 3328
	5792 3328
	5792 3360
	5568 3360
4
	5920 3328
	8864 3328
	8864 3360
	5920 3360
4
	8992 3328
	9120 3328
	9120 3360
	8992 3360
4
	10528 3328
	11456 3328
	11456 3360
	10528 3360
4
	0 3360
	2208 3360
	2208 3392
	0 3392
4
	3104 3360
	3456 3360
	3456 3392
	3104 3392
4
	3840 3360
	4736 3360
	4736 3392
	3840 3392
4
	5536 3360
	5792 3360
	5792 3392
	5536 3392
4
	5920 3360
	8864 3360
	8864 3392
	5920 3392
4
	8992 3360
	9120 3360
	9120 3392
	8992 3392
4
	10016 3360
	10144 3360
	10144 3392
	10016 3392
4
	10496 3360
	11456 3360
	11456 3392
	10496 3392
4
	0 3392
	2272 3392
	2272 3424
	0 3424
4
	2848 3392
	3488 3392
	3488 3424
	2848 3424
4
	3840 3392
	4768 3392
	4768 3424
	3840 3424
4
	5504 3392
	5824 3392
	5824 3424
	5504 3424
4
	5888 3392
	8864 3392
	8864 3424
	5888 3424
4
	8992 3392
	9152 3392
	9152 3424
	8992 3424
4
	10016 3392
	11456 3392
	11456 3424
	10016 3424
4
	0 3424
	2272 3424
	2272 3456
	0 3456
4
	2816 3424
	3488 3424
	3488 3456
	2816 3456
4
	3904 3424
	4768 3424
	4768 3456
	3904 3456
4
	5504 3424
	5824 3424
	5824 3456
	5504 3456
4
	5888 3424
	8864 3424
	8864 3456
	5888 3456
4
	8992 3424
	9152 3424
	9152 3456
	8992 3456
4
	9984 3424
	11456 3424
	11456 3456
	9984 3456
4
	0 3456
	2272 3456
	2272 3488
	0 3488
4
	2784 3456
	3488 3456
	3488 3488
	2784 3488
4
	3904 3456
	4768 3456
	4768 3488
	3904 3488
4
	5504 3456
	5824 3456
	5824 3488
	5504 3488
4
	5888 3456
	8864 3456
	8864 3488
	5888 3488
4
	8992 3456
	9120 3456
	9120 3488
	8992 3488
4
	10016 3456
	11456 3456
	11456 3488
	10016 3488
4
	0 3488
	2272 3488
	2272 3520
	0 3520
4
	2784 3488
	3488 3488
	3488 3520
	2784 3520
4
	3808 3488
	4768 3488
	4768 3520
	3808 3520
4
	5568 3488
	5792 3488
	5792 3520
	5568 3520
4
	5920 3488
	6144 3488
	6144 3520
	5920 3520
4
	6528 3488
	8864 3488
	8864 3520
	6528 3520
4
	10016 3488
	11456 3488
	11456 3520
	10016 3520
4
	0 3520
	2272 3520
	2272 3552
	0 3552
4
	2784 3520
	3488 3520
	3488 3552
	2784 3552
4
	3808 3520
	4800 3520
	4800 3552
	3808 3552
4
	5568 3520
	5792 3520
	5792 3552
	5568 3552
4
	5920 3520
	6144 3520
	6144 3552
	5920 3552
4
	6464 3520
	8864 3520
	8864 3552
	6464 3552
4
	10016 3520
	11456 3520
	11456 3552
	10016 3552
4
	0 3552
	2272 3552
	2272 3584
	0 3584
4
	2784 3552
	3488 3552
	3488 3584
	2784 3584
4
	3808 3552
	4800 3552
	4800 3584
	3808 3584
4
	5568 3552
	5792 3552
	5792 3584
	5568 3584
4
	5920 3552
	6176 3552
	6176 3584
	5920 3584
4
	6464 3552
	8864 3552
	8864 3584
	6464 3584
4
	10016 3552
	11456 3552
	11456 3584
	10016 3584
4
	0 3584
	2272 3584
	2272 3616
	0 3616
4
	2784 3584
	3488 3584
	3488 3616
	2784 3616
4
	3680 3584
	4800 3584
	4800 3616
	3680 3616
4
	5568 3584
	5792 3584
	5792 3616
	5568 3616
4
	5920 3584
	6208 3584
	6208 3616
	5920 3616
4
	6464 3584
	8864 3584
	8864 3616
	6464 3616
4
	10016 3584
	11456 3584
	11456 3616
	10016 3616
4
	0 3616
	2272 3616
	2272 3648
	0 3648
4
	2784 3616
	3488 3616
	3488 3648
	2784 3648
4
	3680 3616
	4800 3616
	4800 3648
	3680 3648
4
	5280 3616
	5408 3616
	5408 3648
	5280 3648
4
	5568 3616
	5792 3616
	5792 3648
	5568 3648
4
	5920 3616
	6144 3616
	6144 3648
	5920 3648
4
	6624 3616
	8864 3616
	8864 3648
	6624 3648
4
	8992 3616
	9120 3616
	9120 3648
	8992 3648
4
	9792 3616
	9984 3616
	9984 3648
	9792 3648
4
	10016 3616
	11456 3616
	11456 3648
	10016 3648
4
	0 3648
	2464 3648
	2464 3680
	0 3680
4
	2592 3648
	3520 3648
	3520 3680
	2592 3680
4
	3584 3648
	4768 3648
	4768 3680
	3584 3680
4
	5152 3648
	5792 3648
	5792 3680
	5152 3680
4
	5920 3648
	6144 3648
	6144 3680
	5920 3680
4
	6624 3648
	9120 3648
	9120 3680
	6624 3680
4
	9312 3648
	9376 3648
	9376 3680
	9312 3680
4
	9696 3648
	9760 3648
	9760 3680
	9696 3680
4
	9792 3648
	9984 3648
	9984 3680
	9792 3680
4
	10016 3648
	11456 3648
	11456 3680
	10016 3680
4
	0 3680
	2464 3680
	2464 3712
	0 3712
4
	2592 3680
	3520 3680
	3520 3712
	2592 3712
4
	3584 3680
	4768 3680
	4768 3712
	3584 3712
4
	5152 3680
	5792 3680
	5792 3712
	5152 3712
4
	5920 3680
	6144 3680
	6144 3712
	5920 3712
4
	6688 3680
	9120 3680
	9120 3712
	6688 3712
4
	9312 3680
	9376 3680
	9376 3712
	9312 3712
4
	9696 3680
	9760 3680
	9760 3712
	9696 3712
4
	9792 3680
	9984 3680
	9984 3712
	9792 3712
4
	10016 3680
	11456 3680
	11456 3712
	10016 3712
4
	0 3712
	2464 3712
	2464 3744
	0 3744
4
	2592 3712
	3520 3712
	3520 3744
	2592 3744
4
	3584 3712
	4736 3712
	4736 3744
	3584 3744
4
	5152 3712
	5760 3712
	5760 3744
	5152 3744
4
	5920 3712
	6144 3712
	6144 3744
	5920 3744
4
	6688 3712
	9120 3712
	9120 3744
	6688 3744
4
	9792 3712
	9984 3712
	9984 3744
	9792 3744
4
	10016 3712
	11456 3712
	11456 3744
	10016 3744
4
	0 3744
	2464 3744
	2464 3776
	0 3776
4
	2592 3744
	3488 3744
	3488 3776
	2592 3776
4
	3808 3744
	4736 3744
	4736 3776
	3808 3776
4
	5152 3744
	5312 3744
	5312 3776
	5152 3776
4
	5696 3744
	5760 3744
	5760 3776
	5696 3776
4
	5920 3744
	6048 3744
	6048 3776
	5920 3776
4
	6688 3744
	9120 3744
	9120 3776
	6688 3776
4
	9792 3744
	9984 3744
	9984 3776
	9792 3776
4
	10016 3744
	11456 3744
	11456 3776
	10016 3776
4
	0 3776
	2464 3776
	2464 3808
	0 3808
4
	2592 3776
	3488 3776
	3488 3808
	2592 3808
4
	3840 3776
	4736 3776
	4736 3808
	3840 3808
4
	5152 3776
	5312 3776
	5312 3808
	5152 3808
4
	5920 3776
	6080 3776
	6080 3808
	5920 3808
4
	6688 3776
	9152 3776
	9152 3808
	6688 3808
4
	9792 3776
	9984 3776
	9984 3808
	9792 3808
4
	10016 3776
	11456 3776
	11456 3808
	10016 3808
4
	0 3808
	2464 3808
	2464 3840
	0 3840
4
	2592 3808
	3488 3808
	3488 3840
	2592 3840
4
	3872 3808
	4800 3808
	4800 3840
	3872 3840
4
	5152 3808
	5280 3808
	5280 3840
	5152 3840
4
	5920 3808
	6080 3808
	6080 3840
	5920 3840
4
	6688 3808
	9152 3808
	9152 3840
	6688 3840
4
	9792 3808
	9984 3808
	9984 3840
	9792 3840
4
	10016 3808
	11456 3808
	11456 3840
	10016 3840
4
	0 3840
	2464 3840
	2464 3872
	0 3872
4
	2592 3840
	3488 3840
	3488 3872
	2592 3872
4
	3904 3840
	4832 3840
	4832 3872
	3904 3872
4
	5152 3840
	5280 3840
	5280 3872
	5152 3872
4
	5696 3840
	5760 3840
	5760 3872
	5696 3872
4
	5920 3840
	6080 3840
	6080 3872
	5920 3872
4
	6688 3840
	9184 3840
	9184 3872
	6688 3872
4
	9792 3840
	9984 3840
	9984 3872
	9792 3872
4
	10016 3840
	11456 3840
	11456 3872
	10016 3872
4
	0 3872
	2464 3872
	2464 3904
	0 3904
4
	2592 3872
	3488 3872
	3488 3904
	2592 3904
4
	3904 3872
	4832 3872
	4832 3904
	3904 3904
4
	5152 3872
	5280 3872
	5280 3904
	5152 3904
4
	5696 3872
	5760 3872
	5760 3904
	5696 3904
4
	5920 3872
	6080 3872
	6080 3904
	5920 3904
4
	6688 3872
	9184 3872
	9184 3904
	6688 3904
4
	9536 3872
	9600 3872
	9600 3904
	9536 3904
4
	9696 3872
	9728 3872
	9728 3904
	9696 3904
4
	9792 3872
	9984 3872
	9984 3904
	9792 3904
4
	10016 3872
	11456 3872
	11456 3904
	10016 3904
4
	0 3904
	2496 3904
	2496 3936
	0 3936
4
	2560 3904
	3488 3904
	3488 3936
	2560 3936
4
	3904 3904
	5056 3904
	5056 3936
	3904 3936
4
	5120 3904
	5280 3904
	5280 3936
	5120 3936
4
	5696 3904
	5792 3904
	5792 3936
	5696 3936
4
	5920 3904
	6048 3904
	6048 3936
	5920 3936
4
	6688 3904
	11456 3904
	11456 3936
	6688 3936
4
	0 3936
	2496 3936
	2496 3968
	0 3968
4
	2560 3936
	3488 3936
	3488 3968
	2560 3968
4
	3872 3936
	5056 3936
	5056 3968
	3872 3968
4
	5120 3936
	5280 3936
	5280 3968
	5120 3968
4
	5696 3936
	5792 3936
	5792 3968
	5696 3968
4
	5920 3936
	6048 3936
	6048 3968
	5920 3968
4
	6656 3936
	11456 3936
	11456 3968
	6656 3968
4
	0 3968
	2496 3968
	2496 4000
	0 4000
4
	2560 3968
	3488 3968
	3488 4000
	2560 4000
4
	3872 3968
	5056 3968
	5056 4000
	3872 4000
4
	5120 3968
	5280 3968
	5280 4000
	5120 4000
4
	5696 3968
	5792 3968
	5792 4000
	5696 4000
4
	5952 3968
	6016 3968
	6016 4000
	5952 4000
4
	6432 3968
	6528 3968
	6528 4000
	6432 4000
4
	6656 3968
	11456 3968
	11456 4000
	6656 4000
4
	0 4000
	2272 4000
	2272 4032
	0 4032
4
	3872 4000
	4544 4000
	4544 4032
	3872 4032
4
	5152 4000
	5280 4000
	5280 4032
	5152 4032
4
	5696 4000
	5792 4000
	5792 4032
	5696 4032
4
	5952 4000
	6016 4000
	6016 4032
	5952 4032
4
	6432 4000
	6528 4000
	6528 4032
	6432 4032
4
	6656 4000
	11456 4000
	11456 4032
	6656 4032
4
	0 4032
	2240 4032
	2240 4064
	0 4064
4
	3872 4032
	4544 4032
	4544 4064
	3872 4064
4
	5696 4032
	5792 4032
	5792 4064
	5696 4064
4
	6432 4032
	6528 4032
	6528 4064
	6432 4064
4
	6656 4032
	11456 4032
	11456 4064
	6656 4064
4
	0 4064
	2208 4064
	2208 4096
	0 4096
4
	3872 4064
	4544 4064
	4544 4096
	3872 4096
4
	5696 4064
	5792 4064
	5792 4096
	5696 4096
4
	6432 4064
	6528 4064
	6528 4096
	6432 4096
4
	6656 4064
	11456 4064
	11456 4096
	6656 4096
4
	0 4096
	2176 4096
	2176 4128
	0 4128
4
	3872 4096
	4544 4096
	4544 4128
	3872 4128
4
	5632 4096
	5792 4096
	5792 4128
	5632 4128
4
	5952 4096
	6016 4096
	6016 4128
	5952 4128
4
	6432 4096
	6528 4096
	6528 4128
	6432 4128
4
	6656 4096
	11456 4096
	11456 4128
	6656 4128
4
	0 4128
	2176 4128
	2176 4160
	0 4160
4
	3872 4128
	4544 4128
	4544 4160
	3872 4160
4
	5632 4128
	5792 4128
	5792 4160
	5632 4160
4
	5952 4128
	6016 4128
	6016 4160
	5952 4160
4
	6432 4128
	6528 4128
	6528 4160
	6432 4160
4
	6656 4128
	11456 4128
	11456 4160
	6656 4160
4
	0 4160
	2208 4160
	2208 4192
	0 4192
4
	2336 4160
	2464 4160
	2464 4192
	2336 4192
4
	2848 4160
	2976 4160
	2976 4192
	2848 4192
4
	3360 4160
	3488 4160
	3488 4192
	3360 4192
4
	3872 4160
	4800 4160
	4800 4192
	3872 4192
4
	4864 4160
	5792 4160
	5792 4192
	4864 4192
4
	5952 4160
	6016 4160
	6016 4192
	5952 4192
4
	6464 4160
	6528 4160
	6528 4192
	6464 4192
4
	6656 4160
	11456 4160
	11456 4192
	6656 4192
4
	0 4192
	2208 4192
	2208 4224
	0 4224
4
	2336 4192
	2464 4192
	2464 4224
	2336 4224
4
	2816 4192
	3488 4192
	3488 4224
	2816 4224
4
	3872 4192
	4800 4192
	4800 4224
	3872 4224
4
	4864 4192
	5792 4192
	5792 4224
	4864 4224
4
	5920 4192
	6016 4192
	6016 4224
	5920 4224
4
	6688 4192
	11456 4192
	11456 4224
	6688 4224
4
	0 4224
	2208 4224
	2208 4256
	0 4256
4
	2336 4224
	2464 4224
	2464 4256
	2336 4256
4
	2816 4224
	3488 4224
	3488 4256
	2816 4256
4
	3872 4224
	4800 4224
	4800 4256
	3872 4256
4
	4864 4224
	5792 4224
	5792 4256
	4864 4256
4
	5920 4224
	6016 4224
	6016 4256
	5920 4256
4
	6720 4224
	11456 4224
	11456 4256
	6720 4256
4
	0 4256
	2208 4256
	2208 4288
	0 4288
4
	3360 4256
	3456 4256
	3456 4288
	3360 4288
4
	3904 4256
	3968 4256
	3968 4288
	3904 4288
4
	5344 4256
	5792 4256
	5792 4288
	5344 4288
4
	5920 4256
	6016 4256
	6016 4288
	5920 4288
4
	6720 4256
	7200 4256
	7200 4288
	6720 4288
4
	7488 4256
	7552 4256
	7552 4288
	7488 4288
4
	8160 4256
	11456 4256
	11456 4288
	8160 4288
4
	0 4288
	2208 4288
	2208 4320
	0 4320
4
	3360 4288
	3456 4288
	3456 4320
	3360 4320
4
	5376 4288
	5792 4288
	5792 4320
	5376 4320
4
	5920 4288
	6016 4288
	6016 4320
	5920 4320
4
	6048 4288
	6080 4288
	6080 4320
	6048 4320
4
	6720 4288
	7072 4288
	7072 4320
	6720 4320
4
	8128 4288
	11456 4288
	11456 4320
	8128 4320
4
	0 4320
	2208 4320
	2208 4352
	0 4352
4
	3360 4320
	3456 4320
	3456 4352
	3360 4352
4
	5408 4320
	5792 4320
	5792 4352
	5408 4352
4
	5920 4320
	6112 4320
	6112 4352
	5920 4352
4
	6720 4320
	7072 4320
	7072 4352
	6720 4352
4
	8096 4320
	11456 4320
	11456 4352
	8096 4352
4
	0 4352
	2208 4352
	2208 4384
	0 4384
4
	3072 4352
	3232 4352
	3232 4384
	3072 4384
4
	3360 4352
	3456 4352
	3456 4384
	3360 4384
4
	3904 4352
	3968 4352
	3968 4384
	3904 4384
4
	5440 4352
	5792 4352
	5792 4384
	5440 4384
4
	5920 4352
	6208 4352
	6208 4384
	5920 4384
4
	6560 4352
	6688 4352
	6688 4384
	6560 4384
4
	6720 4352
	7072 4352
	7072 4384
	6720 4384
4
	7488 4352
	7552 4352
	7552 4384
	7488 4384
4
	8128 4352
	11456 4352
	11456 4384
	8128 4384
4
	0 4384
	2208 4384
	2208 4416
	0 4416
4
	3072 4384
	3296 4384
	3296 4416
	3072 4416
4
	3360 4384
	3456 4384
	3456 4416
	3360 4416
4
	3904 4384
	3968 4384
	3968 4416
	3904 4416
4
	5440 4384
	5792 4384
	5792 4416
	5440 4416
4
	5920 4384
	6208 4384
	6208 4416
	5920 4416
4
	6560 4384
	6688 4384
	6688 4416
	6560 4416
4
	6720 4384
	7072 4384
	7072 4416
	6720 4416
4
	7488 4384
	7552 4384
	7552 4416
	7488 4416
4
	8160 4384
	11456 4384
	11456 4416
	8160 4416
4
	0 4416
	2208 4416
	2208 4448
	0 4448
4
	2336 4416
	2464 4416
	2464 4448
	2336 4448
4
	3008 4416
	3488 4416
	3488 4448
	3008 4448
4
	3904 4416
	4000 4416
	4000 4448
	3904 4448
4
	4128 4416
	4256 4416
	4256 4448
	4128 4448
4
	4640 4416
	4768 4416
	4768 4448
	4640 4448
4
	5152 4416
	5280 4416
	5280 4448
	5152 4448
4
	5440 4416
	5792 4416
	5792 4448
	5440 4448
4
	5920 4416
	7072 4416
	7072 4448
	5920 4448
4
	7488 4416
	7584 4416
	7584 4448
	7488 4448
4
	8224 4416
	11456 4416
	11456 4448
	8224 4448
4
	0 4448
	2208 4448
	2208 4480
	0 4480
4
	2336 4448
	2464 4448
	2464 4480
	2336 4480
4
	3008 4448
	3488 4448
	3488 4480
	3008 4480
4
	3872 4448
	4000 4448
	4000 4480
	3872 4480
4
	4128 4448
	4256 4448
	4256 4480
	4128 4480
4
	4640 4448
	4768 4448
	4768 4480
	4640 4480
4
	5152 4448
	5280 4448
	5280 4480
	5152 4480
4
	5440 4448
	5792 4448
	5792 4480
	5440 4480
4
	5920 4448
	7072 4448
	7072 4480
	5920 4480
4
	7456 4448
	7584 4448
	7584 4480
	7456 4480
4
	8064 4448
	11456 4448
	11456 4480
	8064 4480
4
	0 4480
	2176 4480
	2176 4512
	0 4512
4
	2336 4480
	2464 4480
	2464 4512
	2336 4512
4
	3072 4480
	3232 4480
	3232 4512
	3072 4512
4
	3360 4480
	3488 4480
	3488 4512
	3360 4512
4
	3872 4480
	4000 4480
	4000 4512
	3872 4512
4
	4128 4480
	4256 4480
	4256 4512
	4128 4512
4
	4640 4480
	4768 4480
	4768 4512
	4640 4512
4
	5152 4480
	5280 4480
	5280 4512
	5152 4512
4
	5440 4480
	5792 4480
	5792 4512
	5440 4512
4
	5952 4480
	7072 4480
	7072 4512
	5952 4512
4
	7456 4480
	7584 4480
	7584 4512
	7456 4512
4
	8064 4480
	11456 4480
	11456 4512
	8064 4512
4
	0 4512
	2176 4512
	2176 4544
	0 4544
4
	3104 4512
	3200 4512
	3200 4544
	3104 4544
4
	3872 4512
	4000 4512
	4000 4544
	3872 4544
4
	5440 4512
	5504 4512
	5504 4544
	5440 4544
4
	5952 4512
	6016 4512
	6016 4544
	5952 4544
4
	6976 4512
	7040 4512
	7040 4544
	6976 4544
4
	7456 4512
	7584 4512
	7584 4544
	7456 4544
4
	8064 4512
	11456 4512
	11456 4544
	8064 4544
4
	0 4544
	2176 4544
	2176 4576
	0 4576
4
	3104 4544
	3200 4544
	3200 4576
	3104 4576
4
	3872 4544
	4000 4544
	4000 4576
	3872 4576
4
	6976 4544
	7040 4544
	7040 4576
	6976 4576
4
	7456 4544
	7584 4544
	7584 4576
	7456 4576
4
	8224 4544
	11456 4544
	11456 4576
	8224 4576
4
	0 4576
	2176 4576
	2176 4608
	0 4608
4
	3072 4576
	3200 4576
	3200 4608
	3072 4608
4
	3808 4576
	4064 4576
	4064 4608
	3808 4608
4
	6976 4576
	7040 4576
	7040 4608
	6976 4608
4
	7456 4576
	7584 4576
	7584 4608
	7456 4608
4
	8224 4576
	11456 4576
	11456 4608
	8224 4608
4
	0 4608
	2176 4608
	2176 4640
	0 4640
4
	3072 4608
	3200 4608
	3200 4640
	3072 4640
4
	3808 4608
	4064 4608
	4064 4640
	3808 4640
4
	5440 4608
	5504 4608
	5504 4640
	5440 4640
4
	5952 4608
	6016 4608
	6016 4640
	5952 4640
4
	6976 4608
	7040 4608
	7040 4640
	6976 4640
4
	7456 4608
	7584 4608
	7584 4640
	7456 4640
4
	8224 4608
	11456 4608
	11456 4640
	8224 4640
4
	0 4640
	2176 4640
	2176 4672
	0 4672
4
	3072 4640
	3200 4640
	3200 4672
	3072 4672
4
	3808 4640
	4064 4640
	4064 4672
	3808 4672
4
	4352 4640
	4448 4640
	4448 4672
	4352 4672
4
	4864 4640
	4992 4640
	4992 4672
	4864 4672
4
	5440 4640
	5504 4640
	5504 4672
	5440 4672
4
	5952 4640
	6016 4640
	6016 4672
	5952 4672
4
	6720 4640
	6752 4640
	6752 4672
	6720 4672
4
	6976 4640
	7040 4640
	7040 4672
	6976 4672
4
	7456 4640
	7584 4640
	7584 4672
	7456 4672
4
	8064 4640
	11456 4640
	11456 4672
	8064 4672
4
	0 4672
	2176 4672
	2176 4704
	0 4704
4
	3072 4672
	3200 4672
	3200 4704
	3072 4704
4
	3808 4672
	4064 4672
	4064 4704
	3808 4704
4
	4256 4672
	4512 4672
	4512 4704
	4256 4704
4
	4832 4672
	5056 4672
	5056 4704
	4832 4704
4
	5440 4672
	5792 4672
	5792 4704
	5440 4704
4
	5952 4672
	6816 4672
	6816 4704
	5952 4704
4
	6976 4672
	7040 4672
	7040 4704
	6976 4704
4
	7456 4672
	7584 4672
	7584 4704
	7456 4704
4
	8064 4672
	11456 4672
	11456 4704
	8064 4704
4
	0 4704
	2176 4704
	2176 4736
	0 4736
4
	3072 4704
	3200 4704
	3200 4736
	3072 4736
4
	3808 4704
	4064 4704
	4064 4736
	3808 4736
4
	4256 4704
	4512 4704
	4512 4736
	4256 4736
4
	4832 4704
	5056 4704
	5056 4736
	4832 4736
4
	5408 4704
	5792 4704
	5792 4736
	5408 4736
4
	5920 4704
	6816 4704
	6816 4736
	5920 4736
4
	6944 4704
	7104 4704
	7104 4736
	6944 4736
4
	7456 4704
	7584 4704
	7584 4736
	7456 4736
4
	8064 4704
	11456 4704
	11456 4736
	8064 4736
4
	0 4736
	2176 4736
	2176 4768
	0 4768
4
	3072 4736
	3200 4736
	3200 4768
	3072 4768
4
	3808 4736
	4064 4736
	4064 4768
	3808 4768
4
	4256 4736
	4512 4736
	4512 4768
	4256 4768
4
	4832 4736
	5056 4736
	5056 4768
	4832 4768
4
	5408 4736
	5792 4736
	5792 4768
	5408 4768
4
	5920 4736
	6784 4736
	6784 4768
	5920 4768
4
	6944 4736
	7104 4736
	7104 4768
	6944 4768
4
	7456 4736
	7584 4736
	7584 4768
	7456 4768
4
	7776 4736
	7872 4736
	7872 4768
	7776 4768
4
	8064 4736
	11456 4736
	11456 4768
	8064 4768
4
	0 4768
	2176 4768
	2176 4800
	0 4800
4
	3072 4768
	3200 4768
	3200 4800
	3072 4800
4
	3264 4768
	3328 4768
	3328 4800
	3264 4800
4
	3808 4768
	4064 4768
	4064 4800
	3808 4800
4
	4352 4768
	4448 4768
	4448 4800
	4352 4800
4
	4864 4768
	5024 4768
	5024 4800
	4864 4800
4
	5408 4768
	5792 4768
	5792 4800
	5408 4800
4
	5920 4768
	6784 4768
	6784 4800
	5920 4800
4
	6944 4768
	7104 4768
	7104 4800
	6944 4800
4
	7456 4768
	7584 4768
	7584 4800
	7456 4800
4
	7776 4768
	7872 4768
	7872 4800
	7776 4800
4
	8160 4768
	11456 4768
	11456 4800
	8160 4800
4
	0 4800
	2208 4800
	2208 4832
	0 4832
4
	3072 4800
	3200 4800
	3200 4832
	3072 4832
4
	3264 4800
	3360 4800
	3360 4832
	3264 4832
4
	3808 4800
	4064 4800
	4064 4832
	3808 4832
4
	4352 4800
	4416 4800
	4416 4832
	4352 4832
4
	5408 4800
	5792 4800
	5792 4832
	5408 4832
4
	5920 4800
	6784 4800
	6784 4832
	5920 4832
4
	6944 4800
	7104 4800
	7104 4832
	6944 4832
4
	7456 4800
	7584 4800
	7584 4832
	7456 4832
4
	7776 4800
	7872 4800
	7872 4832
	7776 4832
4
	8160 4800
	11456 4800
	11456 4832
	8160 4832
4
	0 4832
	2208 4832
	2208 4864
	0 4864
4
	3072 4832
	3200 4832
	3200 4864
	3072 4864
4
	3232 4832
	3360 4832
	3360 4864
	3232 4864
4
	3872 4832
	4000 4832
	4000 4864
	3872 4864
4
	5408 4832
	5792 4832
	5792 4864
	5408 4864
4
	5920 4832
	6784 4832
	6784 4864
	5920 4864
4
	6944 4832
	7136 4832
	7136 4864
	6944 4864
4
	7456 4832
	7616 4832
	7616 4864
	7456 4864
4
	7776 4832
	7872 4832
	7872 4864
	7776 4864
4
	8160 4832
	11456 4832
	11456 4864
	8160 4864
4
	0 4864
	2208 4864
	2208 4896
	0 4896
4
	3104 4864
	3392 4864
	3392 4896
	3104 4896
4
	3872 4864
	4000 4864
	4000 4896
	3872 4896
4
	5408 4864
	5792 4864
	5792 4896
	5408 4896
4
	5920 4864
	6784 4864
	6784 4896
	5920 4896
4
	6944 4864
	7168 4864
	7168 4896
	6944 4896
4
	7456 4864
	7616 4864
	7616 4896
	7456 4896
4
	7776 4864
	8064 4864
	8064 4896
	7776 4896
4
	8256 4864
	11456 4864
	11456 4896
	8256 4896
4
	0 4896
	2208 4896
	2208 4928
	0 4928
4
	3072 4896
	3392 4896
	3392 4928
	3072 4928
4
	3872 4896
	4000 4896
	4000 4928
	3872 4928
4
	5408 4896
	5792 4896
	5792 4928
	5408 4928
4
	5920 4896
	6784 4896
	6784 4928
	5920 4928
4
	6944 4896
	7136 4896
	7136 4928
	6944 4928
4
	7456 4896
	7616 4896
	7616 4928
	7456 4928
4
	7776 4896
	8064 4896
	8064 4928
	7776 4928
4
	8256 4896
	8288 4896
	8288 4928
	8256 4928
4
	9664 4896
	11456 4896
	11456 4928
	9664 4928
4
	0 4928
	2208 4928
	2208 4960
	0 4960
4
	2336 4928
	2464 4928
	2464 4960
	2336 4960
4
	3072 4928
	3488 4928
	3488 4960
	3072 4960
4
	3872 4928
	4000 4928
	4000 4960
	3872 4960
4
	4128 4928
	4256 4928
	4256 4960
	4128 4960
4
	4640 4928
	4768 4928
	4768 4960
	4640 4960
4
	5152 4928
	5280 4928
	5280 4960
	5152 4960
4
	5408 4928
	5824 4928
	5824 4960
	5408 4960
4
	5888 4928
	6816 4928
	6816 4960
	5888 4960
4
	6944 4928
	7104 4928
	7104 4960
	6944 4960
4
	7456 4928
	7616 4928
	7616 4960
	7456 4960
4
	7712 4928
	8288 4928
	8288 4960
	7712 4960
4
	9664 4928
	11456 4928
	11456 4960
	9664 4960
4
	0 4960
	2208 4960
	2208 4992
	0 4992
4
	2336 4960
	2464 4960
	2464 4992
	2336 4992
4
	3008 4960
	3488 4960
	3488 4992
	3008 4992
4
	3872 4960
	4000 4960
	4000 4992
	3872 4992
4
	4128 4960
	4256 4960
	4256 4992
	4128 4992
4
	4640 4960
	4768 4960
	4768 4992
	4640 4992
4
	5152 4960
	5280 4960
	5280 4992
	5152 4992
4
	5408 4960
	5824 4960
	5824 4992
	5408 4992
4
	5888 4960
	6816 4960
	6816 4992
	5888 4992
4
	6944 4960
	7040 4960
	7040 4992
	6944 4992
4
	7456 4960
	7616 4960
	7616 4992
	7456 4992
4
	7712 4960
	8288 4960
	8288 4992
	7712 4992
4
	9664 4960
	11456 4960
	11456 4992
	9664 4992
4
	0 4992
	2208 4992
	2208 5024
	0 5024
4
	2336 4992
	2464 4992
	2464 5024
	2336 5024
4
	3008 4992
	3488 4992
	3488 5024
	3008 5024
4
	3904 4992
	3968 4992
	3968 5024
	3904 5024
4
	4128 4992
	4256 4992
	4256 5024
	4128 5024
4
	4640 4992
	4768 4992
	4768 5024
	4640 5024
4
	5152 4992
	5280 4992
	5280 5024
	5152 5024
4
	5440 4992
	5824 4992
	5824 5024
	5440 5024
4
	5888 4992
	6816 4992
	6816 5024
	5888 5024
4
	6944 4992
	7040 4992
	7040 5024
	6944 5024
4
	7456 4992
	7616 4992
	7616 5024
	7456 5024
4
	7712 4992
	8288 4992
	8288 5024
	7712 5024
4
	9664 4992
	11456 4992
	11456 5024
	9664 5024
4
	0 5024
	2208 5024
	2208 5056
	0 5056
4
	3072 5024
	3296 5024
	3296 5056
	3072 5056
4
	3360 5024
	3456 5024
	3456 5056
	3360 5056
4
	3904 5024
	3968 5024
	3968 5056
	3904 5056
4
	5440 5024
	5792 5024
	5792 5056
	5440 5056
4
	5984 5024
	6816 5024
	6816 5056
	5984 5056
4
	6944 5024
	7040 5024
	7040 5056
	6944 5056
4
	7456 5024
	7552 5024
	7552 5056
	7456 5056
4
	7712 5024
	7840 5024
	7840 5056
	7712 5056
4
	7936 5024
	8288 5024
	8288 5056
	7936 5056
4
	9664 5024
	11456 5024
	11456 5056
	9664 5056
4
	0 5056
	2208 5056
	2208 5088
	0 5088
4
	3072 5056
	3232 5056
	3232 5088
	3072 5088
4
	3360 5056
	3456 5056
	3456 5088
	3360 5088
4
	5440 5056
	5792 5056
	5792 5088
	5440 5088
4
	6176 5056
	6304 5056
	6304 5088
	6176 5088
4
	6400 5056
	6816 5056
	6816 5088
	6400 5088
4
	6944 5056
	7040 5056
	7040 5088
	6944 5088
4
	7456 5056
	7552 5056
	7552 5088
	7456 5088
4
	7712 5056
	7840 5056
	7840 5088
	7712 5088
4
	7936 5056
	8288 5056
	8288 5088
	7936 5088
4
	9664 5056
	11456 5056
	11456 5088
	9664 5088
4
	0 5088
	2208 5088
	2208 5120
	0 5120
4
	3360 5088
	3456 5088
	3456 5120
	3360 5120
4
	5408 5088
	5824 5088
	5824 5120
	5408 5120
4
	6208 5088
	6272 5088
	6272 5120
	6208 5120
4
	6432 5088
	6816 5088
	6816 5120
	6432 5120
4
	6944 5088
	7040 5088
	7040 5120
	6944 5120
4
	7456 5088
	7552 5088
	7552 5120
	7456 5120
4
	7712 5088
	7840 5088
	7840 5120
	7712 5120
4
	7936 5088
	8128 5088
	8128 5120
	7936 5120
4
	8256 5088
	8288 5088
	8288 5120
	8256 5120
4
	9664 5088
	11456 5088
	11456 5120
	9664 5120
4
	0 5120
	2208 5120
	2208 5152
	0 5152
4
	3360 5120
	3456 5120
	3456 5152
	3360 5152
4
	3904 5120
	3968 5120
	3968 5152
	3904 5152
4
	5120 5120
	5184 5120
	5184 5152
	5120 5152
4
	5376 5120
	5824 5120
	5824 5152
	5376 5152
4
	6464 5120
	6816 5120
	6816 5152
	6464 5152
4
	6944 5120
	7040 5120
	7040 5152
	6944 5152
4
	7456 5120
	7840 5120
	7840 5152
	7456 5152
4
	7936 5120
	8128 5120
	8128 5152
	7936 5152
4
	8256 5120
	8288 5120
	8288 5152
	8256 5152
4
	9664 5120
	11456 5120
	11456 5152
	9664 5152
4
	0 5152
	2208 5152
	2208 5184
	0 5184
4
	3360 5152
	3456 5152
	3456 5184
	3360 5184
4
	3904 5152
	3968 5152
	3968 5184
	3904 5184
4
	4960 5152
	5184 5152
	5184 5184
	4960 5184
4
	5344 5152
	5824 5152
	5824 5184
	5344 5184
4
	6464 5152
	6816 5152
	6816 5184
	6464 5184
4
	6944 5152
	7040 5152
	7040 5184
	6944 5184
4
	7456 5152
	7840 5152
	7840 5184
	7456 5184
4
	7936 5152
	8128 5152
	8128 5184
	7936 5184
4
	8256 5152
	8288 5152
	8288 5184
	8256 5184
4
	9664 5152
	11456 5152
	11456 5184
	9664 5184
4
	0 5184
	2208 5184
	2208 5216
	0 5216
4
	2336 5184
	2464 5184
	2464 5216
	2336 5216
4
	2848 5184
	3488 5184
	3488 5216
	2848 5216
4
	3872 5184
	4768 5184
	4768 5216
	3872 5216
4
	4896 5184
	5824 5184
	5824 5216
	4896 5216
4
	6464 5184
	6816 5184
	6816 5216
	6464 5216
4
	6976 5184
	7040 5184
	7040 5216
	6976 5216
4
	7456 5184
	7840 5184
	7840 5216
	7456 5216
4
	7936 5184
	8128 5184
	8128 5216
	7936 5216
4
	8224 5184
	8288 5184
	8288 5216
	8224 5216
4
	9664 5184
	11456 5184
	11456 5216
	9664 5216
4
	0 5216
	2208 5216
	2208 5248
	0 5248
4
	2336 5216
	2464 5216
	2464 5248
	2336 5248
4
	2848 5216
	3488 5216
	3488 5248
	2848 5248
4
	3872 5216
	4768 5216
	4768 5248
	3872 5248
4
	4896 5216
	5792 5216
	5792 5248
	4896 5248
4
	6432 5216
	6816 5216
	6816 5248
	6432 5248
4
	6976 5216
	7040 5216
	7040 5248
	6976 5248
4
	7456 5216
	7840 5216
	7840 5248
	7456 5248
4
	8224 5216
	8544 5216
	8544 5248
	8224 5248
4
	9664 5216
	11456 5216
	11456 5248
	9664 5248
4
	0 5248
	2176 5248
	2176 5280
	0 5280
4
	2336 5248
	2464 5248
	2464 5280
	2336 5280
4
	2848 5248
	2976 5248
	2976 5280
	2848 5280
4
	3360 5248
	3488 5248
	3488 5280
	3360 5280
4
	3872 5248
	4768 5248
	4768 5280
	3872 5280
4
	4896 5248
	5792 5248
	5792 5280
	4896 5280
4
	6432 5248
	6784 5248
	6784 5280
	6432 5280
4
	7456 5248
	7840 5248
	7840 5280
	7456 5280
4
	8224 5248
	8352 5248
	8352 5280
	8224 5280
4
	8480 5248
	8544 5248
	8544 5280
	8480 5280
4
	9664 5248
	11456 5248
	11456 5280
	9664 5280
4
	0 5280
	2176 5280
	2176 5312
	0 5312
4
	3872 5280
	4768 5280
	4768 5312
	3872 5312
4
	4896 5280
	5856 5280
	5856 5312
	4896 5312
4
	6400 5280
	6784 5280
	6784 5312
	6400 5312
4
	7456 5280
	7584 5280
	7584 5312
	7456 5312
4
	7648 5280
	7808 5280
	7808 5312
	7648 5312
4
	8512 5280
	8544 5280
	8544 5312
	8512 5312
4
	9664 5280
	11456 5280
	11456 5312
	9664 5312
4
	0 5312
	2176 5312
	2176 5344
	0 5344
4
	3872 5312
	4768 5312
	4768 5344
	3872 5344
4
	4896 5312
	5888 5312
	5888 5344
	4896 5344
4
	6400 5312
	6784 5312
	6784 5344
	6400 5344
4
	7456 5312
	7584 5312
	7584 5344
	7456 5344
4
	7648 5312
	7808 5312
	7808 5344
	7648 5344
4
	8512 5312
	8544 5312
	8544 5344
	8512 5344
4
	9664 5312
	11456 5312
	11456 5344
	9664 5344
4
	0 5344
	2208 5344
	2208 5376
	0 5376
4
	3872 5344
	4768 5344
	4768 5376
	3872 5376
4
	4896 5344
	5888 5344
	5888 5376
	4896 5376
4
	6400 5344
	6784 5344
	6784 5376
	6400 5376
4
	7456 5344
	7584 5344
	7584 5376
	7456 5376
4
	8512 5344
	8544 5344
	8544 5376
	8512 5376
4
	9664 5344
	11456 5344
	11456 5376
	9664 5376
4
	0 5376
	2240 5376
	2240 5408
	0 5408
4
	3872 5376
	4768 5376
	4768 5408
	3872 5408
4
	4896 5376
	5888 5376
	5888 5408
	4896 5408
4
	6400 5376
	6784 5376
	6784 5408
	6400 5408
4
	7456 5376
	7584 5376
	7584 5408
	7456 5408
4
	8512 5376
	8544 5376
	8544 5408
	8512 5408
4
	9664 5376
	11456 5376
	11456 5408
	9664 5408
4
	0 5408
	2272 5408
	2272 5440
	0 5440
4
	3872 5408
	4768 5408
	4768 5440
	3872 5440
4
	4896 5408
	5856 5408
	5856 5440
	4896 5440
4
	6400 5408
	6784 5408
	6784 5440
	6400 5440
4
	7456 5408
	7584 5408
	7584 5440
	7456 5440
4
	8512 5408
	8544 5408
	8544 5440
	8512 5440
4
	9664 5408
	11456 5408
	11456 5440
	9664 5440
4
	0 5440
	2496 5440
	2496 5472
	0 5472
4
	2560 5440
	3488 5440
	3488 5472
	2560 5472
4
	3872 5440
	4800 5440
	4800 5472
	3872 5472
4
	4864 5440
	5792 5440
	5792 5472
	4864 5472
4
	6432 5440
	7328 5440
	7328 5472
	6432 5472
4
	7456 5440
	7584 5440
	7584 5472
	7456 5472
4
	8224 5440
	8352 5440
	8352 5472
	8224 5472
4
	8512 5440
	8544 5440
	8544 5472
	8512 5472
4
	9664 5440
	11456 5440
	11456 5472
	9664 5472
4
	0 5472
	2496 5472
	2496 5504
	0 5504
4
	2560 5472
	3488 5472
	3488 5504
	2560 5504
4
	3872 5472
	4800 5472
	4800 5504
	3872 5504
4
	4864 5472
	5792 5472
	5792 5504
	4864 5504
4
	6432 5472
	7328 5472
	7328 5504
	6432 5504
4
	7456 5472
	7584 5472
	7584 5504
	7456 5504
4
	8224 5472
	8352 5472
	8352 5504
	8224 5504
4
	8512 5472
	8544 5472
	8544 5504
	8512 5504
4
	9664 5472
	11456 5472
	11456 5504
	9664 5504
4
	0 5504
	2496 5504
	2496 5536
	0 5536
4
	2560 5504
	3488 5504
	3488 5536
	2560 5536
4
	3904 5504
	4800 5504
	4800 5536
	3904 5536
4
	4864 5504
	5824 5504
	5824 5536
	4864 5536
4
	6464 5504
	7328 5504
	7328 5536
	6464 5536
4
	7456 5504
	7584 5504
	7584 5536
	7456 5536
4
	8224 5504
	8352 5504
	8352 5536
	8224 5536
4
	8512 5504
	8544 5504
	8544 5536
	8512 5536
4
	9664 5504
	11456 5504
	11456 5536
	9664 5536
4
	0 5536
	2464 5536
	2464 5568
	0 5568
4
	2592 5536
	3488 5536
	3488 5568
	2592 5568
4
	3904 5536
	4224 5536
	4224 5568
	3904 5568
4
	5440 5536
	5824 5536
	5824 5568
	5440 5568
4
	6464 5536
	6528 5536
	6528 5568
	6464 5568
4
	7232 5536
	7328 5536
	7328 5568
	7232 5568
4
	7456 5536
	7616 5536
	7616 5568
	7456 5568
4
	8512 5536
	8544 5536
	8544 5568
	8512 5568
4
	9664 5536
	11456 5536
	11456 5568
	9664 5568
4
	0 5568
	2464 5568
	2464 5600
	0 5600
4
	2592 5568
	3488 5568
	3488 5600
	2592 5600
4
	3904 5568
	4224 5568
	4224 5600
	3904 5600
4
	5440 5568
	5824 5568
	5824 5600
	5440 5600
4
	7232 5568
	7328 5568
	7328 5600
	7232 5600
4
	7456 5568
	7616 5568
	7616 5600
	7456 5600
4
	8512 5568
	8544 5568
	8544 5600
	8512 5600
4
	9664 5568
	11456 5568
	11456 5600
	9664 5600
4
	0 5600
	2464 5600
	2464 5632
	0 5632
4
	2592 5600
	3488 5600
	3488 5632
	2592 5632
4
	3872 5600
	4224 5600
	4224 5632
	3872 5632
4
	5440 5600
	5824 5600
	5824 5632
	5440 5632
4
	7232 5600
	7328 5600
	7328 5632
	7232 5632
4
	7456 5600
	7616 5600
	7616 5632
	7456 5632
4
	8512 5600
	8544 5600
	8544 5632
	8512 5632
4
	9664 5600
	11456 5600
	11456 5632
	9664 5632
4
	0 5632
	2464 5632
	2464 5664
	0 5664
4
	2592 5632
	3488 5632
	3488 5664
	2592 5664
4
	3840 5632
	4224 5632
	4224 5664
	3840 5664
4
	5440 5632
	5824 5632
	5824 5664
	5440 5664
4
	6464 5632
	6528 5632
	6528 5664
	6464 5664
4
	7232 5632
	7328 5632
	7328 5664
	7232 5664
4
	7456 5632
	7616 5632
	7616 5664
	7456 5664
4
	8512 5632
	8544 5632
	8544 5664
	8512 5664
4
	9664 5632
	11456 5632
	11456 5664
	9664 5664
4
	0 5664
	2464 5664
	2464 5696
	0 5696
4
	2592 5664
	3488 5664
	3488 5696
	2592 5696
4
	3808 5664
	4224 5664
	4224 5696
	3808 5696
4
	5440 5664
	5888 5664
	5888 5696
	5440 5696
4
	6464 5664
	6528 5664
	6528 5696
	6464 5696
4
	7232 5664
	7328 5664
	7328 5696
	7232 5696
4
	7456 5664
	7616 5664
	7616 5696
	7456 5696
4
	8512 5664
	8544 5664
	8544 5696
	8512 5696
4
	9664 5664
	11456 5664
	11456 5696
	9664 5696
4
	0 5696
	2464 5696
	2464 5728
	0 5728
4
	2592 5696
	3520 5696
	3520 5728
	2592 5728
4
	3584 5696
	4256 5696
	4256 5728
	3584 5728
4
	5440 5696
	6080 5696
	6080 5728
	5440 5728
4
	6144 5696
	7328 5696
	7328 5728
	6144 5728
4
	7456 5696
	7584 5696
	7584 5728
	7456 5728
4
	8224 5696
	8352 5696
	8352 5728
	8224 5728
4
	8480 5696
	8544 5696
	8544 5728
	8480 5728
4
	9664 5696
	11456 5696
	11456 5728
	9664 5728
4
	0 5728
	2464 5728
	2464 5760
	0 5760
4
	2592 5728
	3520 5728
	3520 5760
	2592 5760
4
	3584 5728
	4256 5728
	4256 5760
	3584 5760
4
	4416 5728
	5248 5728
	5248 5760
	4416 5760
4
	5408 5728
	6080 5728
	6080 5760
	5408 5760
4
	6144 5728
	7328 5728
	7328 5760
	6144 5760
4
	7456 5728
	7584 5728
	7584 5760
	7456 5760
4
	8224 5728
	8288 5728
	8288 5760
	8224 5760
4
	9664 5728
	11456 5728
	11456 5760
	9664 5760
4
	0 5760
	2464 5760
	2464 5792
	0 5792
4
	2592 5760
	3520 5760
	3520 5792
	2592 5792
4
	3584 5760
	4256 5760
	4256 5792
	3584 5792
4
	4416 5760
	5248 5760
	5248 5792
	4416 5792
4
	5408 5760
	6080 5760
	6080 5792
	5408 5792
4
	6144 5760
	7296 5760
	7296 5792
	6144 5792
4
	7488 5760
	7552 5760
	7552 5792
	7488 5792
4
	8224 5760
	8288 5760
	8288 5792
	8224 5792
4
	9664 5760
	11456 5760
	11456 5792
	9664 5792
4
	0 5792
	2208 5792
	2208 5824
	0 5824
4
	2848 5792
	3488 5792
	3488 5824
	2848 5824
4
	3616 5792
	4256 5792
	4256 5824
	3616 5824
4
	4416 5792
	4736 5792
	4736 5824
	4416 5824
4
	4960 5792
	5248 5792
	5248 5824
	4960 5824
4
	5408 5792
	6048 5792
	6048 5824
	5408 5824
4
	6176 5792
	7296 5792
	7296 5824
	6176 5824
4
	7488 5792
	7552 5792
	7552 5824
	7488 5824
4
	8224 5792
	8288 5792
	8288 5824
	8224 5824
4
	9664 5792
	11456 5792
	11456 5824
	9664 5824
4
	0 5824
	2208 5824
	2208 5856
	0 5856
4
	2784 5824
	3488 5824
	3488 5856
	2784 5856
4
	3616 5824
	4256 5824
	4256 5856
	3616 5856
4
	4416 5824
	4736 5824
	4736 5856
	4416 5856
4
	4960 5824
	5248 5824
	5248 5856
	4960 5856
4
	5408 5824
	6048 5824
	6048 5856
	5408 5856
4
	6176 5824
	7296 5824
	7296 5856
	6176 5856
4
	8224 5824
	8288 5824
	8288 5856
	8224 5856
4
	9664 5824
	11456 5824
	11456 5856
	9664 5856
4
	0 5856
	2208 5856
	2208 5888
	0 5888
4
	2784 5856
	3488 5856
	3488 5888
	2784 5888
4
	3616 5856
	4256 5856
	4256 5888
	3616 5888
4
	4416 5856
	4736 5856
	4736 5888
	4416 5888
4
	4960 5856
	5248 5856
	5248 5888
	4960 5888
4
	5408 5856
	6048 5856
	6048 5888
	5408 5888
4
	6176 5856
	7296 5856
	7296 5888
	6176 5888
4
	8224 5856
	8288 5856
	8288 5888
	8224 5888
4
	9664 5856
	11456 5856
	11456 5888
	9664 5888
4
	0 5888
	2208 5888
	2208 5920
	0 5920
4
	2784 5888
	3488 5888
	3488 5920
	2784 5920
4
	3616 5888
	4256 5888
	4256 5920
	3616 5920
4
	4416 5888
	4736 5888
	4736 5920
	4416 5920
4
	4960 5888
	5248 5888
	5248 5920
	4960 5920
4
	5408 5888
	6048 5888
	6048 5920
	5408 5920
4
	6176 5888
	7296 5888
	7296 5920
	6176 5920
4
	7488 5888
	7552 5888
	7552 5920
	7488 5920
4
	7840 5888
	7968 5888
	7968 5920
	7840 5920
4
	8192 5888
	8288 5888
	8288 5920
	8192 5920
4
	9664 5888
	11456 5888
	11456 5920
	9664 5920
4
	0 5920
	2208 5920
	2208 5952
	0 5952
4
	2784 5920
	3488 5920
	3488 5952
	2784 5952
4
	3616 5920
	4256 5920
	4256 5952
	3616 5952
4
	4416 5920
	4736 5920
	4736 5952
	4416 5952
4
	4960 5920
	5248 5920
	5248 5952
	4960 5952
4
	5408 5920
	6048 5920
	6048 5952
	5408 5952
4
	6176 5920
	7296 5920
	7296 5952
	6176 5952
4
	7488 5920
	7552 5920
	7552 5952
	7488 5952
4
	7840 5920
	7968 5920
	7968 5952
	7840 5952
4
	8064 5920
	8288 5920
	8288 5952
	8064 5952
4
	9664 5920
	11456 5920
	11456 5952
	9664 5952
4
	0 5952
	2240 5952
	2240 5984
	0 5984
4
	2848 5952
	3488 5952
	3488 5984
	2848 5984
4
	3616 5952
	4256 5952
	4256 5984
	3616 5984
4
	4384 5952
	4704 5952
	4704 5984
	4384 5984
4
	5088 5952
	5248 5952
	5248 5984
	5088 5984
4
	5408 5952
	6048 5952
	6048 5984
	5408 5984
4
	6176 5952
	8288 5952
	8288 5984
	6176 5984
4
	9664 5952
	11456 5952
	11456 5984
	9664 5984
4
	0 5984
	2240 5984
	2240 6016
	0 6016
4
	2848 5984
	3488 5984
	3488 6016
	2848 6016
4
	3616 5984
	4256 5984
	4256 6016
	3616 6016
4
	4384 5984
	4672 5984
	4672 6016
	4384 6016
4
	5088 5984
	5248 5984
	5248 6016
	5088 6016
4
	5408 5984
	6048 5984
	6048 6016
	5408 6016
4
	6176 5984
	8160 5984
	8160 6016
	6176 6016
4
	9664 5984
	11456 5984
	11456 6016
	9664 6016
4
	0 6016
	2240 6016
	2240 6048
	0 6048
4
	2848 6016
	3456 6016
	3456 6048
	2848 6048
4
	3616 6016
	4256 6016
	4256 6048
	3616 6048
4
	4384 6016
	4672 6016
	4672 6048
	4384 6048
4
	5088 6016
	5248 6016
	5248 6048
	5088 6048
4
	5408 6016
	6048 6016
	6048 6048
	5408 6048
4
	6176 6016
	8160 6016
	8160 6048
	6176 6048
4
	9664 6016
	11456 6016
	11456 6048
	9664 6048
4
	0 6048
	2208 6048
	2208 6080
	0 6080
4
	2848 6048
	3456 6048
	3456 6080
	2848 6080
4
	4416 6048
	4640 6048
	4640 6080
	4416 6080
4
	5088 6048
	5248 6048
	5248 6080
	5088 6080
4
	5408 6048
	5728 6048
	5728 6080
	5408 6080
4
	5760 6048
	5984 6048
	5984 6080
	5760 6080
4
	6208 6048
	8160 6048
	8160 6080
	6208 6080
4
	9664 6048
	11456 6048
	11456 6080
	9664 6080
4
	0 6080
	2208 6080
	2208 6112
	0 6112
4
	2848 6080
	3456 6080
	3456 6112
	2848 6112
4
	4416 6080
	4576 6080
	4576 6112
	4416 6112
4
	5088 6080
	5248 6080
	5248 6112
	5088 6112
4
	5408 6080
	5632 6080
	5632 6112
	5408 6112
4
	5792 6080
	5888 6080
	5888 6112
	5792 6112
4
	6304 6080
	6368 6080
	6368 6112
	6304 6112
4
	6432 6080
	8160 6080
	8160 6112
	6432 6112
4
	9664 6080
	11456 6080
	11456 6112
	9664 6112
4
	0 6112
	2208 6112
	2208 6144
	0 6144
4
	2848 6112
	3456 6112
	3456 6144
	2848 6144
4
	4416 6112
	4576 6112
	4576 6144
	4416 6144
4
	5088 6112
	5248 6112
	5248 6144
	5088 6144
4
	5408 6112
	5632 6112
	5632 6144
	5408 6144
4
	5792 6112
	5888 6112
	5888 6144
	5792 6144
4
	6432 6112
	8160 6112
	8160 6144
	6432 6144
4
	9664 6112
	11456 6112
	11456 6144
	9664 6144
4
	0 6144
	2208 6144
	2208 6176
	0 6176
4
	2848 6144
	3456 6144
	3456 6176
	2848 6176
4
	4416 6144
	4576 6144
	4576 6176
	4416 6176
4
	5088 6144
	5248 6144
	5248 6176
	5088 6176
4
	5408 6144
	5536 6144
	5536 6176
	5408 6176
4
	6432 6144
	8160 6144
	8160 6176
	6432 6176
4
	9664 6144
	11456 6144
	11456 6176
	9664 6176
4
	0 6176
	2208 6176
	2208 6208
	0 6208
4
	2848 6176
	3456 6176
	3456 6208
	2848 6208
4
	4416 6176
	4576 6176
	4576 6208
	4416 6208
4
	5088 6176
	5248 6176
	5248 6208
	5088 6208
4
	5408 6176
	5536 6176
	5536 6208
	5408 6208
4
	6432 6176
	11456 6176
	11456 6208
	6432 6208
4
	0 6208
	2240 6208
	2240 6240
	0 6240
4
	2784 6208
	4256 6208
	4256 6240
	2784 6240
4
	4384 6208
	4576 6208
	4576 6240
	4384 6240
4
	4928 6208
	5248 6208
	5248 6240
	4928 6240
4
	5408 6208
	5568 6208
	5568 6240
	5408 6240
4
	6400 6208
	11456 6208
	11456 6240
	6400 6240
4
	0 6240
	2240 6240
	2240 6272
	0 6272
4
	2784 6240
	4256 6240
	4256 6272
	2784 6272
4
	4384 6240
	4576 6240
	4576 6272
	4384 6272
4
	4928 6240
	5248 6240
	5248 6272
	4928 6272
4
	5408 6240
	5568 6240
	5568 6272
	5408 6272
4
	6400 6240
	11456 6240
	11456 6272
	6400 6272
4
	0 6272
	2240 6272
	2240 6304
	0 6304
4
	2784 6272
	4256 6272
	4256 6304
	2784 6304
4
	4384 6272
	4576 6272
	4576 6304
	4384 6304
4
	5440 6272
	5568 6272
	5568 6304
	5440 6304
4
	6400 6272
	11456 6272
	11456 6304
	6400 6304
4
	0 6304
	2208 6304
	2208 6336
	0 6336
4
	2784 6304
	4256 6304
	4256 6336
	2784 6336
4
	4416 6304
	4576 6304
	4576 6336
	4416 6336
4
	5440 6304
	5536 6304
	5536 6336
	5440 6336
4
	6432 6304
	11456 6304
	11456 6336
	6432 6336
4
	0 6336
	2208 6336
	2208 6368
	0 6368
4
	2784 6336
	4256 6336
	4256 6368
	2784 6368
4
	4416 6336
	4544 6336
	4544 6368
	4416 6368
4
	5440 6336
	5536 6336
	5536 6368
	5440 6368
4
	5920 6336
	6048 6336
	6048 6368
	5920 6368
4
	6432 6336
	11456 6336
	11456 6368
	6432 6368
4
	0 6368
	2208 6368
	2208 6400
	0 6400
4
	2784 6368
	4256 6368
	4256 6400
	2784 6400
4
	4416 6368
	4640 6368
	4640 6400
	4416 6400
4
	5440 6368
	5536 6368
	5536 6400
	5440 6400
4
	5888 6368
	6112 6368
	6112 6400
	5888 6400
4
	6432 6368
	11456 6368
	11456 6400
	6432 6400
4
	0 6400
	2208 6400
	2208 6432
	0 6432
4
	2784 6400
	4256 6400
	4256 6432
	2784 6432
4
	4416 6400
	4640 6400
	4640 6432
	4416 6432
4
	5440 6400
	5536 6400
	5536 6432
	5440 6432
4
	5856 6400
	6144 6400
	6144 6432
	5856 6432
4
	6432 6400
	11456 6400
	11456 6432
	6432 6432
4
	0 6432
	2208 6432
	2208 6464
	0 6464
4
	2784 6432
	4256 6432
	4256 6464
	2784 6464
4
	4416 6432
	4640 6432
	4640 6464
	4416 6464
4
	5440 6432
	5536 6432
	5536 6464
	5440 6464
4
	5856 6432
	6144 6432
	6144 6464
	5856 6464
4
	6432 6432
	11456 6432
	11456 6464
	6432 6464
4
	0 6464
	2240 6464
	2240 6496
	0 6496
4
	2784 6464
	4288 6464
	4288 6496
	2784 6496
4
	4352 6464
	5568 6464
	5568 6496
	4352 6496
4
	5888 6464
	5952 6464
	5952 6496
	5888 6496
4
	6016 6464
	6144 6464
	6144 6496
	6016 6496
4
	6400 6464
	11456 6464
	11456 6496
	6400 6496
4
	0 6496
	2240 6496
	2240 6528
	0 6528
4
	2784 6496
	4288 6496
	4288 6528
	2784 6528
4
	4352 6496
	5568 6496
	5568 6528
	4352 6528
4
	6016 6496
	6144 6496
	6144 6528
	6016 6528
4
	6400 6496
	11456 6496
	11456 6528
	6400 6528
4
	0 6528
	2240 6528
	2240 6560
	0 6560
4
	2848 6528
	4288 6528
	4288 6560
	2848 6560
4
	4352 6528
	5568 6528
	5568 6560
	4352 6560
4
	5888 6528
	5952 6528
	5952 6560
	5888 6560
4
	6016 6528
	6144 6528
	6144 6560
	6016 6560
4
	6400 6528
	11456 6528
	11456 6560
	6400 6560
4
	0 6560
	2208 6560
	2208 6592
	0 6592
4
	2848 6560
	4256 6560
	4256 6592
	2848 6592
4
	4384 6560
	5536 6560
	5536 6592
	4384 6592
4
	5856 6560
	5984 6560
	5984 6592
	5856 6592
4
	6016 6560
	6144 6560
	6144 6592
	6016 6592
4
	6432 6560
	11456 6560
	11456 6592
	6432 6592
4
	0 6592
	2208 6592
	2208 6624
	0 6624
4
	2848 6592
	4256 6592
	4256 6624
	2848 6624
4
	4384 6592
	5536 6592
	5536 6624
	4384 6624
4
	5856 6592
	6144 6592
	6144 6624
	5856 6624
4
	6432 6592
	11456 6592
	11456 6624
	6432 6624
4
	0 6624
	2208 6624
	2208 6656
	0 6656
4
	2848 6624
	4256 6624
	4256 6656
	2848 6656
4
	4384 6624
	5536 6624
	5536 6656
	4384 6656
4
	5888 6624
	6112 6624
	6112 6656
	5888 6656
4
	6432 6624
	11456 6624
	11456 6656
	6432 6656
4
	0 6656
	2208 6656
	2208 6688
	0 6688
4
	2848 6656
	4256 6656
	4256 6688
	2848 6688
4
	4384 6656
	5536 6656
	5536 6688
	4384 6688
4
	5920 6656
	6048 6656
	6048 6688
	5920 6688
4
	6432 6656
	11456 6656
	11456 6688
	6432 6688
4
	0 6688
	2208 6688
	2208 6720
	0 6720
4
	2848 6688
	4256 6688
	4256 6720
	2848 6720
4
	4384 6688
	5536 6688
	5536 6720
	4384 6720
4
	6432 6688
	11456 6688
	11456 6720
	6432 6720
4
	0 6720
	2208 6720
	2208 6752
	0 6752
4
	2848 6720
	4256 6720
	4256 6752
	2848 6752
4
	4384 6720
	5568 6720
	5568 6752
	4384 6752
4
	6400 6720
	11456 6720
	11456 6752
	6400 6752
4
	0 6752
	2240 6752
	2240 6784
	0 6784
4
	2848 6752
	4256 6752
	4256 6784
	2848 6784
4
	4384 6752
	5568 6752
	5568 6784
	4384 6784
4
	6400 6752
	11456 6752
	11456 6784
	6400 6784
4
	0 6784
	2240 6784
	2240 6816
	0 6816
4
	2880 6784
	4256 6784
	4256 6816
	2880 6816
4
	4384 6784
	5568 6784
	5568 6816
	4384 6816
4
	6400 6784
	11456 6784
	11456 6816
	6400 6816
4
	0 6816
	2176 6816
	2176 6848
	0 6848
4
	2880 6816
	2944 6816
	2944 6848
	2880 6848
4
	3136 6816
	4256 6816
	4256 6848
	3136 6848
4
	4384 6816
	5536 6816
	5536 6848
	4384 6848
4
	6432 6816
	11456 6816
	11456 6848
	6432 6848
4
	0 6848
	2176 6848
	2176 6880
	0 6880
4
	3136 6848
	4256 6848
	4256 6880
	3136 6880
4
	4384 6848
	5536 6848
	5536 6880
	4384 6880
4
	6432 6848
	11456 6848
	11456 6880
	6432 6880
4
	0 6880
	2176 6880
	2176 6912
	0 6912
4
	3136 6880
	4256 6880
	4256 6912
	3136 6912
4
	4384 6880
	5536 6880
	5536 6912
	4384 6912
4
	6432 6880
	11456 6880
	11456 6912
	6432 6912
4
	0 6912
	2176 6912
	2176 6944
	0 6944
4
	2240 6912
	2368 6912
	2368 6944
	2240 6944
4
	2432 6912
	2624 6912
	2624 6944
	2432 6944
4
	2688 6912
	2816 6912
	2816 6944
	2688 6944
4
	2880 6912
	2944 6912
	2944 6944
	2880 6944
4
	3136 6912
	4256 6912
	4256 6944
	3136 6944
4
	4384 6912
	5504 6912
	5504 6944
	4384 6944
4
	5728 6912
	5792 6912
	5792 6944
	5728 6944
4
	5952 6912
	5984 6912
	5984 6944
	5952 6944
4
	6464 6912
	11456 6912
	11456 6944
	6464 6944
4
	0 6944
	2176 6944
	2176 6976
	0 6976
4
	2240 6944
	2368 6944
	2368 6976
	2240 6976
4
	2432 6944
	2624 6944
	2624 6976
	2432 6976
4
	2688 6944
	2816 6944
	2816 6976
	2688 6976
4
	2880 6944
	2944 6944
	2944 6976
	2880 6976
4
	3136 6944
	4256 6944
	4256 6976
	3136 6976
4
	4384 6944
	5792 6944
	5792 6976
	4384 6976
4
	5952 6944
	11456 6944
	11456 6976
	5952 6976
4
	0 6976
	2976 6976
	2976 7008
	0 7008
4
	3136 6976
	4256 6976
	4256 7008
	3136 7008
4
	4384 6976
	5824 6976
	5824 7008
	4384 7008
4
	5888 6976
	11456 6976
	11456 7008
	5888 7008
4
	0 7008
	2976 7008
	2976 7040
	0 7040
4
	3104 7008
	4256 7008
	4256 7040
	3104 7040
4
	4384 7008
	5824 7008
	5824 7040
	4384 7040
4
	5888 7008
	11456 7008
	11456 7040
	5888 7040
4
	0 7040
	2976 7040
	2976 7072
	0 7072
4
	3104 7040
	4256 7040
	4256 7072
	3104 7072
4
	4384 7040
	5824 7040
	5824 7072
	4384 7072
4
	5888 7040
	11456 7040
	11456 7072
	5888 7072
4
	0 7072
	2976 7072
	2976 7104
	0 7104
4
	3104 7072
	4256 7072
	4256 7104
	3104 7104
4
	4768 7072
	4896 7072
	4896 7104
	4768 7104
4
	4960 7072
	5216 7072
	5216 7104
	4960 7104
4
	5280 7072
	5408 7072
	5408 7104
	5280 7104
4
	5920 7072
	11456 7072
	11456 7104
	5920 7104
4
	0 7104
	2976 7104
	2976 7136
	0 7136
4
	3104 7104
	4256 7104
	4256 7136
	3104 7136
4
	4960 7104
	5216 7104
	5216 7136
	4960 7136
4
	5920 7104
	11456 7104
	11456 7136
	5920 7136
4
	0 7136
	2976 7136
	2976 7168
	0 7168
4
	3104 7136
	4256 7136
	4256 7168
	3104 7168
4
	5920 7136
	11456 7136
	11456 7168
	5920 7168
4
	0 7168
	2976 7168
	2976 7200
	0 7200
4
	3104 7168
	4256 7168
	4256 7200
	3104 7200
4
	5920 7168
	11456 7168
	11456 7200
	5920 7200
4
	0 7200
	2976 7200
	2976 7232
	0 7232
4
	3104 7200
	4256 7200
	4256 7232
	3104 7232
4
	5920 7200
	11456 7200
	11456 7232
	5920 7232
4
	0 7232
	2976 7232
	2976 7264
	0 7264
4
	3104 7232
	4256 7232
	4256 7264
	3104 7264
4
	5920 7232
	11456 7232
	11456 7264
	5920 7264
4
	0 7264
	2976 7264
	2976 7296
	0 7296
4
	3104 7264
	4256 7264
	4256 7296
	3104 7296
4
	5920 7264
	11456 7264
	11456 7296
	5920 7296
4
	0 7296
	2976 7296
	2976 7328
	0 7328
4
	3104 7296
	4224 7296
	4224 7328
	3104 7328
4
	5920 7296
	11456 7296
	11456 7328
	5920 7328
4
	0 7328
	2720 7328
	2720 7360
	0 7360
4
	4160 7328
	4224 7328
	4224 7360
	4160 7360
4
	5920 7328
	11456 7328
	11456 7360
	5920 7360
4
	0 7360
	2720 7360
	2720 7392
	0 7392
4
	5920 7360
	11456 7360
	11456 7392
	5920 7392
4
	0 7392
	2720 7392
	2720 7424
	0 7424
4
	5920 7392
	11456 7392
	11456 7424
	5920 7424
4
	0 7424
	2752 7424
	2752 7456
	0 7456
4
	4160 7424
	4224 7424
	4224 7456
	4160 7456
4
	5920 7424
	11456 7424
	11456 7456
	5920 7456
4
	0 7456
	2752 7456
	2752 7488
	0 7488
4
	4160 7456
	4224 7456
	4224 7488
	4160 7488
4
	5920 7456
	11456 7456
	11456 7488
	5920 7488
4
	0 7488
	2784 7488
	2784 7520
	0 7520
4
	3104 7488
	4224 7488
	4224 7520
	3104 7520
4
	5920 7488
	11456 7488
	11456 7520
	5920 7520
4
	0 7520
	2784 7520
	2784 7552
	0 7552
4
	3104 7520
	4224 7520
	4224 7552
	3104 7552
4
	5888 7520
	11456 7520
	11456 7552
	5888 7552
4
	0 7552
	2784 7552
	2784 7584
	0 7584
4
	3072 7552
	4224 7552
	4224 7584
	3072 7584
4
	5888 7552
	11456 7552
	11456 7584
	5888 7584
4
	0 7584
	2784 7584
	2784 7616
	0 7616
4
	3008 7584
	4224 7584
	4224 7616
	3008 7616
4
	5888 7584
	11456 7584
	11456 7616
	5888 7616
4
	0 7616
	2752 7616
	2752 7648
	0 7648
4
	3008 7616
	4224 7616
	4224 7648
	3008 7648
4
	5856 7616
	11456 7616
	11456 7648
	5856 7648
4
	0 7648
	2720 7648
	2720 7680
	0 7680
4
	3008 7648
	4224 7648
	4224 7680
	3008 7680
4
	5856 7648
	11456 7648
	11456 7680
	5856 7680
4
	0 7680
	2720 7680
	2720 7712
	0 7712
4
	3072 7680
	4224 7680
	4224 7712
	3072 7712
4
	4672 7680
	4736 7680
	4736 7712
	4672 7712
4
	4928 7680
	4992 7680
	4992 7712
	4928 7712
4
	5184 7680
	5248 7680
	5248 7712
	5184 7712
4
	5440 7680
	5504 7680
	5504 7712
	5440 7712
4
	5888 7680
	11456 7680
	11456 7712
	5888 7712
4
	0 7712
	2720 7712
	2720 7744
	0 7744
4
	2912 7712
	4224 7712
	4224 7744
	2912 7744
4
	4672 7712
	4736 7712
	4736 7744
	4672 7744
4
	4928 7712
	4992 7712
	4992 7744
	4928 7744
4
	5184 7712
	5248 7712
	5248 7744
	5184 7744
4
	5440 7712
	5504 7712
	5504 7744
	5440 7744
4
	5760 7712
	11456 7712
	11456 7744
	5760 7744
4
	0 7744
	4512 7744
	4512 7776
	0 7776
4
	4640 7744
	4768 7744
	4768 7776
	4640 7776
4
	4896 7744
	5280 7744
	5280 7776
	4896 7776
4
	5408 7744
	5536 7744
	5536 7776
	5408 7776
4
	5664 7744
	11456 7744
	11456 7776
	5664 7776
4
	0 7776
	4512 7776
	4512 7808
	0 7808
4
	4640 7776
	4768 7776
	4768 7808
	4640 7808
4
	4896 7776
	5280 7776
	5280 7808
	4896 7808
4
	5408 7776
	5536 7776
	5536 7808
	5408 7808
4
	5664 7776
	11456 7776
	11456 7808
	5664 7808
4
	0 7808
	4512 7808
	4512 7840
	0 7840
4
	4640 7808
	4768 7808
	4768 7840
	4640 7840
4
	4896 7808
	5280 7808
	5280 7840
	4896 7840
4
	5408 7808
	5536 7808
	5536 7840
	5408 7840
4
	5664 7808
	11456 7808
	11456 7840
	5664 7840
4
	0 7840
	4480 7840
	4480 7872
	0 7872
4
	4928 7840
	5248 7840
	5248 7872
	4928 7872
4
	5696 7840
	11456 7840
	11456 7872
	5696 7872
4
	0 7872
	4480 7872
	4480 7904
	0 7904
4
	4928 7872
	5248 7872
	5248 7904
	4928 7904
4
	5696 7872
	11456 7872
	11456 7904
	5696 7904
4
	0 7904
	4480 7904
	4480 7936
	0 7936
4
	4928 7904
	5248 7904
	5248 7936
	4928 7936
4
	5696 7904
	11456 7904
	11456 7936
	5696 7936
4
	0 7936
	4480 7936
	4480 7968
	0 7968
4
	4928 7936
	5248 7936
	5248 7968
	4928 7968
4
	5696 7936
	11456 7936
	11456 7968
	5696 7968
4
	0 7968
	4480 7968
	4480 8000
	0 8000
4
	4928 7968
	5248 7968
	5248 8000
	4928 8000
4
	5696 7968
	11456 7968
	11456 8000
	5696 8000
4
	0 8000
	11456 8000
	11456 8032
	0 8032
4
	0 8032
	11456 8032
	11456 8064
	0 8064
4
	0 8064
	11456 8064
	11456 8096
	0 8096
4
	0 8096
	11456 8096
	11456 8128
	0 8128
4
	0 8128
	11456 8128
	11456 8160
	0 8160
4
	0 8160
	11456 8160
	11456 8192
	0 8192
4
	0 8192
	11456 8192
	11456 8224
	0 8224
4
	0 8224
	11456 8224
	11456 8256
	0 8256
4
	0 8256
	11456 8256
	11456 8288
	0 8288
4
	0 8288
	11456 8288
	11456 8320
	0 8320
4
	0 8320
	11456 8320
	11456 8352
	0 8352
4
	0 8352
	11456 8352
	11456 8384
	0 8384
4
	0 8384
	11456 8384
	11456 8416
	0 8416
4
	0 8416
	11456 8416
	11456 8448
	0 8448
4
	0 8448
	11456 8448
	11456 8480
	0 8480
4
	0 8480
	11456 8480
	11456 8512
	0 8512
4
	0 8512
	11456 8512
	11456 8544
	0 8544
4
	0 8544
	11456 8544
	11456 8576
	0 8576
4
	0 8576
	11456 8576
	11456 8608
	0 8608
4
	0 8608
	11456 8608
	11456 8640
	0 8640
4
	0 8640
	11456 8640
	11456 8672
	0 8672
4
	0 8672
	11456 8672
	11456 8704
	0 8704
4
	0 8704
	11456 8704
	11456 8736
	0 8736
4
	0 8736
	11456 8736
	11456 8768
	0 8768
4
	0 8768
	11456 8768
	11456 8800
	0 8800
4
	0 8800
	11456 8800
	11456 8832
	0 8832
4
	0 8832
	11456 8832
	11456 8864
	0 8864
4
	0 8864
	11456 8864
	11456 8896
	0 8896
4
	0 8896
	11456 8896
	11456 8928
	0 8928
4
	0 8928
	11456 8928
	11456 8960
	0 8960
4
	0 8960
	11456 8960
	11456 8992
	0 8992
4
	0 8992
	11456 8992
	11456 9024
	0 9024
4
	0 9024
	11456 9024
	11456 9056
	0 9056
4
	0 9056
	11456 9056
	11456 9088
	0 9088
4
	0 9088
	11456 9088
	11456 9120
	0 9120
4
	0 9120
	11456 9120
	11456 9152
	0 9152
4
	0 9152
	11456 9152
	11456 9184
	0 9184
4
	0 9184
	11456 9184
	11456 9216
	0 9216
4
	0 9216
	11456 9216
	11456 9248
	0 9248
4
	0 9248
	11456 9248
	11456 9280
	0 9280
4
	0 9280
	11456 9280
	11456 9312
	0 9312
4
	0 9312
	11456 9312
	11456 9344
	0 9344
4
	0 9344
	11456 9344
	11456 9376
	0 9376
4
	0 9376
	11456 9376
	11456 9408
	0 9408
4
	0 9408
	11456 9408
	11456 9440
	0 9440
4
	0 9440
	11456 9440
	11456 9472
	0 9472
4
	0 9472
	11456 9472
	11456 9504
	0 9504
4
	0 9504
	11456 9504
	11456 9536
	0 9536
4
	0 9536
	11456 9536
	11456 9568
	0 9568
4
	0 9568
	11456 9568
	11456 9600
	0 9600
4
	0 9600
	11456 9600
	11456 9632
	0 9632
4
	0 9632
	11456 9632
	11456 9664
	0 9664
4
	0 9664
	11456 9664
	11456 9696
	0 9696
4
	0 9696
	11456 9696
	11456 9728
	0 9728
4
	0 9728
	11456 9728
	11456 9760
	0 9760
4
	0 9760
	11456 9760
	11456 9792
	0 9792
4
	0 9792
	11456 9792
	11456 9824
	0 9824
4
	0 9824
	11456 9824
	11456 9856
	0 9856
4
	-32 -32
	11488 -32
	11488 0
	-32 0
4
	-32 9856
	11488 9856
	11488 9888
	-32 9888
4
	-32 0
	0 0
	0 9856
	-32 9856
4
	11456 0
	11488 0
	11488 9856
	11456 9856
