892
4
	0 0
	8032 0
	8032 32
	0 32
4
	0 32
	8032 32
	8032 64
	0 64
4
	0 64
	8032 64
	8032 96
	0 96
4
	0 96
	8032 96
	8032 128
	0 128
4
	0 128
	8032 128
	8032 160
	0 160
4
	0 160
	8032 160
	8032 192
	0 192
4
	0 192
	8032 192
	8032 224
	0 224
4
	0 224
	8032 224
	8032 256
	0 256
4
	0 256
	8032 256
	8032 288
	0 288
4
	0 288
	8032 288
	8032 320
	0 320
4
	0 320
	8032 320
	8032 352
	0 352
4
	0 352
	8032 352
	8032 384
	0 384
4
	0 384
	8032 384
	8032 416
	0 416
4
	0 416
	8032 416
	8032 448
	0 448
4
	0 448
	8032 448
	8032 480
	0 480
4
	0 480
	8032 480
	8032 512
	0 512
4
	0 512
	8032 512
	8032 544
	0 544
4
	0 544
	8032 544
	8032 576
	0 576
4
	0 576
	8032 576
	8032 608
	0 608
4
	0 608
	8032 608
	8032 640
	0 640
4
	0 640
	8032 640
	8032 672
	0 672
4
	0 672
	8032 672
	8032 704
	0 704
4
	0 704
	8032 704
	8032 736
	0 736
4
	0 736
	8032 736
	8032 768
	0 768
4
	0 768
	8032 768
	8032 800
	0 800
4
	0 800
	8032 800
	8032 832
	0 832
4
	0 832
	8032 832
	8032 864
	0 864
4
	0 864
	8032 864
	8032 896
	0 896
4
	0 896
	8032 896
	8032 928
	0 928
4
	0 928
	8032 928
	8032 960
	0 960
4
	0 960
	8032 960
	8032 992
	0 992
4
	0 992
	8032 992
	8032 1024
	0 1024
4
	0 1024
	8032 1024
	8032 1056
	0 1056
4
	0 1056
	8032 1056
	8032 1088
	0 1088
4
	0 1088
	8032 1088
	8032 1120
	0 1120
4
	0 1120
	8032 1120
	8032 1152
	0 1152
4
	0 1152
	8032 1152
	8032 1184
	0 1184
4
	0 1184
	8032 1184
	8032 1216
	0 1216
4
	0 1216
	4768 1216
	4768 1248
	0 1248
4
	5088 1216
	8032 1216
	8032 1248
	5088 1248
4
	0 1248
	4768 1248
	4768 1280
	0 1280
4
	5088 1248
	8032 1248
	8032 1280
	5088 1280
4
	0 1280
	4768 1280
	4768 1312
	0 1312
4
	5088 1280
	8032 1280
	8032 1312
	5088 1312
4
	0 1312
	4768 1312
	4768 1344
	0 1344
4
	5088 1312
	8032 1312
	8032 1344
	5088 1344
4
	0 1344
	4768 1344
	4768 1376
	0 1376
4
	5088 1344
	8032 1344
	8032 1376
	5088 1376
4
	0 1376
	4736 1376
	4736 1408
	0 1408
4
	5120 1376
	8032 1376
	8032 1408
	5120 1408
4
	0 1408
	4736 1408
	4736 1440
	0 1440
4
	5120 1408
	8032 1408
	8032 1440
	5120 1440
4
	0 1440
	4736 1440
	4736 1472
	0 1472
4
	5120 1440
	8032 1440
	8032 1472
	5120 1472
4
	0 1472
	4736 1472
	4736 1504
	0 1504
4
	5120 1472
	8032 1472
	8032 1504
	5120 1504
4
	0 1504
	4768 1504
	4768 1536
	0 1536
4
	5088 1504
	8032 1504
	8032 1536
	5088 1536
4
	0 1536
	4768 1536
	4768 1568
	0 1568
4
	5088 1536
	8032 1536
	8032 1568
	5088 1568
4
	0 1568
	4768 1568
	4768 1600
	0 1600
4
	5088 1568
	8032 1568
	8032 1600
	5088 1600
4
	0 1600
	4768 1600
	4768 1632
	0 1632
4
	5088 1600
	8032 1600
	8032 1632
	5088 1632
4
	0 1632
	4448 1632
	4448 1664
	0 1664
4
	4576 1632
	4768 1632
	4768 1664
	4576 1664
4
	5088 1632
	8032 1632
	8032 1664
	5088 1664
4
	0 1664
	4192 1664
	4192 1696
	0 1696
4
	4576 1664
	4768 1664
	4768 1696
	4576 1696
4
	5088 1664
	5280 1664
	5280 1696
	5088 1696
4
	5632 1664
	8032 1664
	8032 1696
	5632 1696
4
	0 1696
	4192 1696
	4192 1728
	0 1728
4
	5632 1696
	8032 1696
	8032 1728
	5632 1728
4
	0 1728
	4192 1728
	4192 1760
	0 1760
4
	5632 1728
	8032 1728
	8032 1760
	5632 1760
4
	0 1760
	4192 1760
	4192 1792
	0 1792
4
	5632 1760
	8032 1760
	8032 1792
	5632 1792
4
	0 1792
	4192 1792
	4192 1824
	0 1824
4
	5632 1792
	8032 1792
	8032 1824
	5632 1824
4
	0 1824
	4192 1824
	4192 1856
	0 1856
4
	5632 1824
	8032 1824
	8032 1856
	5632 1856
4
	0 1856
	4192 1856
	4192 1888
	0 1888
4
	5632 1856
	8032 1856
	8032 1888
	5632 1888
4
	0 1888
	4160 1888
	4160 1920
	0 1920
4
	5696 1888
	8032 1888
	8032 1920
	5696 1920
4
	0 1920
	4160 1920
	4160 1952
	0 1952
4
	5696 1920
	8032 1920
	8032 1952
	5696 1952
4
	0 1952
	4160 1952
	4160 1984
	0 1984
4
	5696 1952
	8032 1952
	8032 1984
	5696 1984
4
	0 1984
	4160 1984
	4160 2016
	0 2016
4
	5696 1984
	8032 1984
	8032 2016
	5696 2016
4
	0 2016
	4160 2016
	4160 2048
	0 2048
4
	5696 2016
	8032 2016
	8032 2048
	5696 2048
4
	0 2048
	4192 2048
	4192 2080
	0 2080
4
	5632 2048
	8032 2048
	8032 2080
	5632 2080
4
	0 2080
	4192 2080
	4192 2112
	0 2112
4
	4416 2080
	4448 2080
	4448 2112
	4416 2112
4
	5408 2080
	5440 2080
	5440 2112
	5408 2112
4
	5632 2080
	8032 2080
	8032 2112
	5632 2112
4
	0 2112
	4192 2112
	4192 2144
	0 2144
4
	4416 2112
	4448 2112
	4448 2144
	4416 2144
4
	5408 2112
	5440 2112
	5440 2144
	5408 2144
4
	5632 2112
	8032 2112
	8032 2144
	5632 2144
4
	0 2144
	4192 2144
	4192 2176
	0 2176
4
	4416 2144
	4448 2144
	4448 2176
	4416 2176
4
	5408 2144
	5440 2144
	5440 2176
	5408 2176
4
	5632 2144
	8032 2144
	8032 2176
	5632 2176
4
	0 2176
	4224 2176
	4224 2208
	0 2208
4
	4416 2176
	4448 2176
	4448 2208
	4416 2208
4
	5408 2176
	5440 2176
	5440 2208
	5408 2208
4
	5632 2176
	8032 2176
	8032 2208
	5632 2208
4
	0 2208
	4224 2208
	4224 2240
	0 2240
4
	4416 2208
	4448 2208
	4448 2240
	4416 2240
4
	5408 2208
	5440 2208
	5440 2240
	5408 2240
4
	5632 2208
	8032 2208
	8032 2240
	5632 2240
4
	0 2240
	640 2240
	640 2272
	0 2272
4
	768 2240
	4224 2240
	4224 2272
	768 2272
4
	4416 2240
	4448 2240
	4448 2272
	4416 2272
4
	5408 2240
	5440 2240
	5440 2272
	5408 2272
4
	5632 2240
	8032 2240
	8032 2272
	5632 2272
4
	0 2272
	608 2272
	608 2304
	0 2304
4
	800 2272
	1632 2272
	1632 2304
	800 2304
4
	1696 2272
	4192 2272
	4192 2304
	1696 2304
4
	4416 2272
	4448 2272
	4448 2304
	4416 2304
4
	5408 2272
	5440 2272
	5440 2304
	5408 2304
4
	5632 2272
	8032 2272
	8032 2304
	5632 2304
4
	0 2304
	512 2304
	512 2336
	0 2336
4
	576 2304
	608 2304
	608 2336
	576 2336
4
	960 2304
	1536 2304
	1536 2336
	960 2336
4
	1664 2304
	4192 2304
	4192 2336
	1664 2336
4
	4416 2304
	4448 2304
	4448 2336
	4416 2336
4
	5408 2304
	5440 2304
	5440 2336
	5408 2336
4
	5632 2304
	8032 2304
	8032 2336
	5632 2336
4
	0 2336
	544 2336
	544 2368
	0 2368
4
	576 2336
	672 2336
	672 2368
	576 2368
4
	960 2336
	1536 2336
	1536 2368
	960 2368
4
	1632 2336
	4192 2336
	4192 2368
	1632 2368
4
	4416 2336
	4448 2336
	4448 2368
	4416 2368
4
	5408 2336
	5440 2336
	5440 2368
	5408 2368
4
	5632 2336
	6112 2336
	6112 2368
	5632 2368
4
	6304 2336
	6624 2336
	6624 2368
	6304 2368
4
	6816 2336
	8032 2336
	8032 2368
	6816 2368
4
	0 2368
	544 2368
	544 2400
	0 2400
4
	576 2368
	672 2368
	672 2400
	576 2400
4
	960 2368
	1536 2368
	1536 2400
	960 2400
4
	1664 2368
	3456 2368
	3456 2400
	1664 2400
4
	3584 2368
	4192 2368
	4192 2400
	3584 2400
4
	4416 2368
	4448 2368
	4448 2400
	4416 2400
4
	5408 2368
	5440 2368
	5440 2400
	5408 2400
4
	5632 2368
	6112 2368
	6112 2400
	5632 2400
4
	6304 2368
	6624 2368
	6624 2400
	6304 2400
4
	6816 2368
	8032 2368
	8032 2400
	6816 2400
4
	0 2400
	544 2400
	544 2432
	0 2432
4
	576 2400
	672 2400
	672 2432
	576 2432
4
	960 2400
	1536 2400
	1536 2432
	960 2432
4
	1664 2400
	3392 2400
	3392 2432
	1664 2432
4
	3648 2400
	4192 2400
	4192 2432
	3648 2432
4
	4416 2400
	4448 2400
	4448 2432
	4416 2432
4
	5408 2400
	5440 2400
	5440 2432
	5408 2432
4
	5632 2400
	5856 2400
	5856 2432
	5632 2432
4
	7168 2400
	8032 2400
	8032 2432
	7168 2432
4
	0 2432
	512 2432
	512 2464
	0 2464
4
	576 2432
	672 2432
	672 2464
	576 2464
4
	960 2432
	1536 2432
	1536 2464
	960 2464
4
	3391 2463
	3393 2463
	3393 2465
	3391 2465
4
	1696 2432
	3392 2432
	3392 2464
	1696 2464
4
	3488 2432
	3552 2432
	3552 2464
	3488 2464
4
	3648 2432
	4192 2432
	4192 2464
	3648 2464
4
	4416 2432
	4448 2432
	4448 2464
	4416 2464
4
	5408 2432
	5440 2432
	5440 2464
	5408 2464
4
	5632 2432
	5888 2432
	5888 2464
	5632 2464
4
	7168 2432
	8032 2432
	8032 2464
	7168 2464
4
	0 2464
	480 2464
	480 2496
	0 2496
4
	576 2464
	672 2464
	672 2496
	576 2496
4
	1728 2464
	1760 2464
	1760 2496
	1728 2496
4
	1792 2464
	3232 2464
	3232 2496
	1792 2496
4
	3392 2464
	3616 2464
	3616 2496
	3392 2496
4
	3648 2464
	4192 2464
	4192 2496
	3648 2496
4
	4416 2464
	4448 2464
	4448 2496
	4416 2496
4
	5408 2464
	5440 2464
	5440 2496
	5408 2496
4
	5632 2464
	5888 2464
	5888 2496
	5632 2496
4
	7168 2464
	8032 2464
	8032 2496
	7168 2496
4
	0 2496
	384 2496
	384 2528
	0 2528
4
	1440 2496
	1600 2496
	1600 2528
	1440 2528
4
	1792 2496
	3232 2496
	3232 2528
	1792 2528
4
	3392 2496
	3616 2496
	3616 2528
	3392 2528
4
	3840 2496
	4192 2496
	4192 2528
	3840 2528
4
	4416 2496
	4448 2496
	4448 2528
	4416 2528
4
	5408 2496
	5440 2496
	5440 2528
	5408 2528
4
	5632 2496
	5728 2496
	5728 2528
	5632 2528
4
	5760 2496
	5888 2496
	5888 2528
	5760 2528
4
	7168 2496
	8032 2496
	8032 2528
	7168 2528
4
	0 2528
	384 2528
	384 2560
	0 2560
4
	1440 2528
	1600 2528
	1600 2560
	1440 2560
4
	1792 2528
	3232 2528
	3232 2560
	1792 2560
4
	3392 2528
	3616 2528
	3616 2560
	3392 2560
4
	3744 2528
	4192 2528
	4192 2560
	3744 2560
4
	4416 2528
	4448 2528
	4448 2560
	4416 2560
4
	5408 2528
	5440 2528
	5440 2560
	5408 2560
4
	5632 2528
	5728 2528
	5728 2560
	5632 2560
4
	7168 2528
	8032 2528
	8032 2560
	7168 2560
4
	0 2560
	576 2560
	576 2592
	0 2592
4
	1632 2560
	1760 2560
	1760 2592
	1632 2592
4
	1792 2560
	3232 2560
	3232 2592
	1792 2592
4
	3744 2560
	4192 2560
	4192 2592
	3744 2592
4
	4416 2560
	4448 2560
	4448 2592
	4416 2592
4
	5408 2560
	5440 2560
	5440 2592
	5408 2592
4
	5632 2560
	5728 2560
	5728 2592
	5632 2592
4
	5888 2560
	5984 2560
	5984 2592
	5888 2592
4
	6400 2560
	6496 2560
	6496 2592
	6400 2592
4
	6912 2560
	7008 2560
	7008 2592
	6912 2592
4
	7168 2560
	8032 2560
	8032 2592
	7168 2592
4
	0 2592
	576 2592
	576 2624
	0 2624
4
	1632 2592
	1760 2592
	1760 2624
	1632 2624
4
	1792 2592
	3264 2592
	3264 2624
	1792 2624
4
	3744 2592
	4192 2592
	4192 2624
	3744 2624
4
	4384 2592
	4448 2592
	4448 2624
	4384 2624
4
	4480 2592
	4544 2592
	4544 2624
	4480 2624
4
	5312 2592
	5472 2592
	5472 2624
	5312 2624
4
	5632 2592
	5728 2592
	5728 2624
	5632 2624
4
	5888 2592
	5984 2592
	5984 2624
	5888 2624
4
	6400 2592
	6496 2592
	6496 2624
	6400 2624
4
	6912 2592
	7008 2592
	7008 2624
	6912 2624
4
	7168 2592
	8032 2592
	8032 2624
	7168 2624
4
	0 2624
	576 2624
	576 2656
	0 2656
4
	1632 2624
	1760 2624
	1760 2656
	1632 2656
4
	1792 2624
	3296 2624
	3296 2656
	1792 2656
4
	3744 2624
	4192 2624
	4192 2656
	3744 2656
4
	4384 2624
	4448 2624
	4448 2656
	4384 2656
4
	5376 2624
	5472 2624
	5472 2656
	5376 2656
4
	5632 2624
	5728 2624
	5728 2656
	5632 2656
4
	5888 2624
	5984 2624
	5984 2656
	5888 2656
4
	6400 2624
	6496 2624
	6496 2656
	6400 2656
4
	6912 2624
	7008 2624
	7008 2656
	6912 2656
4
	7168 2624
	8032 2624
	8032 2656
	7168 2656
4
	0 2656
	576 2656
	576 2688
	0 2688
4
	1632 2656
	1760 2656
	1760 2688
	1632 2688
4
	1792 2656
	3296 2656
	3296 2688
	1792 2688
4
	3744 2656
	4192 2656
	4192 2688
	3744 2688
4
	4384 2656
	4448 2656
	4448 2688
	4384 2688
4
	5376 2656
	5472 2656
	5472 2688
	5376 2688
4
	5632 2656
	5728 2656
	5728 2688
	5632 2688
4
	7168 2656
	7296 2656
	7296 2688
	7168 2688
4
	7424 2656
	8032 2656
	8032 2688
	7424 2688
4
	0 2688
	576 2688
	576 2720
	0 2720
4
	1632 2688
	1760 2688
	1760 2720
	1632 2720
4
	1792 2688
	3296 2688
	3296 2720
	1792 2720
4
	3744 2688
	4192 2688
	4192 2720
	3744 2720
4
	4384 2688
	4448 2688
	4448 2720
	4384 2720
4
	5376 2688
	5472 2688
	5472 2720
	5376 2720
4
	5632 2688
	5728 2688
	5728 2720
	5632 2720
4
	7168 2688
	7296 2688
	7296 2720
	7168 2720
4
	7424 2688
	8032 2688
	8032 2720
	7424 2720
4
	0 2720
	576 2720
	576 2752
	0 2752
4
	1632 2720
	1760 2720
	1760 2752
	1632 2752
4
	1792 2720
	3296 2720
	3296 2752
	1792 2752
4
	3328 2720
	3424 2720
	3424 2752
	3328 2752
4
	3648 2720
	3712 2720
	3712 2752
	3648 2752
4
	3744 2720
	4224 2720
	4224 2752
	3744 2752
4
	4384 2720
	4448 2720
	4448 2752
	4384 2752
4
	5376 2720
	5472 2720
	5472 2752
	5376 2752
4
	5632 2720
	5728 2720
	5728 2752
	5632 2752
4
	7168 2720
	7296 2720
	7296 2752
	7168 2752
4
	7424 2720
	8032 2720
	8032 2752
	7424 2752
4
	0 2752
	576 2752
	576 2784
	0 2784
4
	1632 2752
	1760 2752
	1760 2784
	1632 2784
4
	1792 2752
	3424 2752
	3424 2784
	1792 2784
4
	3616 2752
	3712 2752
	3712 2784
	3616 2784
4
	3744 2752
	4224 2752
	4224 2784
	3744 2784
4
	4384 2752
	4448 2752
	4448 2784
	4384 2784
4
	5376 2752
	5472 2752
	5472 2784
	5376 2784
4
	5632 2752
	5728 2752
	5728 2784
	5632 2784
4
	7168 2752
	7296 2752
	7296 2784
	7168 2784
4
	7424 2752
	8032 2752
	8032 2784
	7424 2784
4
	0 2784
	576 2784
	576 2816
	0 2816
4
	1632 2784
	1760 2784
	1760 2816
	1632 2816
4
	1792 2784
	3392 2784
	3392 2816
	1792 2816
4
	3648 2784
	3712 2784
	3712 2816
	3648 2816
4
	3744 2784
	4224 2784
	4224 2816
	3744 2816
4
	4384 2784
	4448 2784
	4448 2816
	4384 2816
4
	5376 2784
	5472 2784
	5472 2816
	5376 2816
4
	5632 2784
	5728 2784
	5728 2816
	5632 2816
4
	7424 2784
	8032 2784
	8032 2816
	7424 2816
4
	0 2816
	576 2816
	576 2848
	0 2848
4
	1792 2816
	3488 2816
	3488 2848
	1792 2848
4
	3552 2816
	4224 2816
	4224 2848
	3552 2848
4
	4384 2816
	4448 2816
	4448 2848
	4384 2848
4
	5376 2816
	5472 2816
	5472 2848
	5376 2848
4
	5632 2816
	5728 2816
	5728 2848
	5632 2848
4
	7424 2816
	8032 2816
	8032 2848
	7424 2848
4
	0 2848
	576 2848
	576 2880
	0 2880
4
	1792 2848
	3488 2848
	3488 2880
	1792 2880
4
	3552 2848
	4224 2848
	4224 2880
	3552 2880
4
	4384 2848
	4448 2848
	4448 2880
	4384 2880
4
	5376 2848
	5472 2848
	5472 2880
	5376 2880
4
	7424 2848
	8032 2848
	8032 2880
	7424 2880
4
	0 2880
	576 2880
	576 2912
	0 2912
4
	1792 2880
	3488 2880
	3488 2912
	1792 2912
4
	3552 2880
	4224 2880
	4224 2912
	3552 2912
4
	4384 2880
	4448 2880
	4448 2912
	4384 2912
4
	5376 2880
	5472 2880
	5472 2912
	5376 2912
4
	7424 2880
	8032 2880
	8032 2912
	7424 2912
4
	0 2912
	576 2912
	576 2944
	0 2944
4
	1792 2912
	2400 2912
	2400 2944
	1792 2944
4
	2592 2912
	2912 2912
	2912 2944
	2592 2944
4
	3104 2912
	3424 2912
	3424 2944
	3104 2944
4
	3616 2912
	4224 2912
	4224 2944
	3616 2944
4
	4384 2912
	4448 2912
	4448 2944
	4384 2944
4
	5376 2912
	5472 2912
	5472 2944
	5376 2944
4
	5632 2912
	5728 2912
	5728 2944
	5632 2944
4
	7424 2912
	8032 2912
	8032 2944
	7424 2944
4
	0 2944
	576 2944
	576 2976
	0 2976
4
	1792 2944
	1920 2944
	1920 2976
	1792 2976
4
	2048 2944
	2144 2944
	2144 2976
	2048 2976
4
	2944 2944
	3040 2944
	3040 2976
	2944 2976
4
	3968 2944
	4064 2944
	4064 2976
	3968 2976
4
	4096 2944
	4224 2944
	4224 2976
	4096 2976
4
	4384 2944
	4448 2944
	4448 2976
	4384 2976
4
	5376 2944
	5472 2944
	5472 2976
	5376 2976
4
	5632 2944
	5728 2944
	5728 2976
	5632 2976
4
	7168 2944
	7296 2944
	7296 2976
	7168 2976
4
	7424 2944
	8032 2944
	8032 2976
	7424 2976
4
	0 2976
	576 2976
	576 3008
	0 3008
4
	1792 2976
	1920 2976
	1920 3008
	1792 3008
4
	2048 2976
	2144 2976
	2144 3008
	2048 3008
4
	2944 2976
	3040 2976
	3040 3008
	2944 3008
4
	3968 2976
	4064 2976
	4064 3008
	3968 3008
4
	4096 2976
	4224 2976
	4224 3008
	4096 3008
4
	4384 2976
	4448 2976
	4448 3008
	4384 3008
4
	5376 2976
	5472 2976
	5472 3008
	5376 3008
4
	5632 2976
	5728 2976
	5728 3008
	5632 3008
4
	7168 2976
	7296 2976
	7296 3008
	7168 3008
4
	7424 2976
	8032 2976
	8032 3008
	7424 3008
4
	0 3008
	576 3008
	576 3040
	0 3040
4
	1792 3008
	1888 3008
	1888 3040
	1792 3040
4
	2048 3008
	2144 3008
	2144 3040
	2048 3040
4
	2944 3008
	3040 3008
	3040 3040
	2944 3040
4
	3968 3008
	4064 3008
	4064 3040
	3968 3040
4
	4096 3008
	4192 3008
	4192 3040
	4096 3040
4
	4384 3008
	4448 3008
	4448 3040
	4384 3040
4
	5376 3008
	5472 3008
	5472 3040
	5376 3040
4
	5632 3008
	5728 3008
	5728 3040
	5632 3040
4
	7168 3008
	7296 3008
	7296 3040
	7168 3040
4
	7424 3008
	8032 3008
	8032 3040
	7424 3040
4
	0 3040
	576 3040
	576 3072
	0 3072
4
	1792 3040
	1888 3040
	1888 3072
	1792 3072
4
	4096 3040
	4192 3040
	4192 3072
	4096 3072
4
	4384 3040
	4448 3040
	4448 3072
	4384 3072
4
	5376 3040
	5472 3040
	5472 3072
	5376 3072
4
	5632 3040
	5728 3040
	5728 3072
	5632 3072
4
	7168 3040
	7296 3040
	7296 3072
	7168 3072
4
	7424 3040
	8032 3040
	8032 3072
	7424 3072
4
	0 3072
	576 3072
	576 3104
	0 3104
4
	1792 3072
	1888 3072
	1888 3104
	1792 3104
4
	4096 3072
	4192 3072
	4192 3104
	4096 3104
4
	4384 3072
	4448 3072
	4448 3104
	4384 3104
4
	5376 3072
	5472 3072
	5472 3104
	5376 3104
4
	5632 3072
	5728 3072
	5728 3104
	5632 3104
4
	5888 3072
	5984 3072
	5984 3104
	5888 3104
4
	6400 3072
	6496 3072
	6496 3104
	6400 3104
4
	6912 3072
	7008 3072
	7008 3104
	6912 3104
4
	7168 3072
	8032 3072
	8032 3104
	7168 3104
4
	0 3104
	576 3104
	576 3136
	0 3136
4
	4384 3104
	4448 3104
	4448 3136
	4384 3136
4
	4480 3104
	4544 3104
	4544 3136
	4480 3136
4
	4672 3104
	4704 3104
	4704 3136
	4672 3136
4
	5152 3104
	5216 3104
	5216 3136
	5152 3136
4
	5344 3104
	5472 3104
	5472 3136
	5344 3136
4
	5632 3104
	5728 3104
	5728 3136
	5632 3136
4
	5888 3104
	5984 3104
	5984 3136
	5888 3136
4
	6400 3104
	6496 3104
	6496 3136
	6400 3136
4
	6912 3104
	7008 3104
	7008 3136
	6912 3136
4
	7168 3104
	8032 3104
	8032 3136
	7168 3136
4
	0 3136
	576 3136
	576 3168
	0 3168
4
	4384 3136
	4448 3136
	4448 3168
	4384 3168
4
	4480 3136
	4544 3136
	4544 3168
	4480 3168
4
	4672 3136
	4704 3136
	4704 3168
	4672 3168
4
	5152 3136
	5216 3136
	5216 3168
	5152 3168
4
	5344 3136
	5472 3136
	5472 3168
	5344 3168
4
	5632 3136
	5728 3136
	5728 3168
	5632 3168
4
	5888 3136
	5984 3136
	5984 3168
	5888 3168
4
	6400 3136
	6496 3136
	6496 3168
	6400 3168
4
	6912 3136
	7008 3136
	7008 3168
	6912 3168
4
	7168 3136
	8032 3136
	8032 3168
	7168 3168
4
	0 3168
	576 3168
	576 3200
	0 3200
4
	1792 3168
	1888 3168
	1888 3200
	1792 3200
4
	4096 3168
	4192 3168
	4192 3200
	4096 3200
4
	4384 3168
	4448 3168
	4448 3200
	4384 3200
4
	4672 3168
	4704 3168
	4704 3200
	4672 3200
4
	5152 3168
	5216 3168
	5216 3200
	5152 3200
4
	5376 3168
	5472 3168
	5472 3200
	5376 3200
4
	5632 3168
	5728 3168
	5728 3200
	5632 3200
4
	6048 3168
	6176 3168
	6176 3200
	6048 3200
4
	7168 3168
	8032 3168
	8032 3200
	7168 3200
4
	0 3200
	576 3200
	576 3232
	0 3232
4
	1792 3200
	1888 3200
	1888 3232
	1792 3232
4
	2048 3200
	2144 3200
	2144 3232
	2048 3232
4
	2944 3200
	3040 3200
	3040 3232
	2944 3232
4
	3968 3200
	4064 3200
	4064 3232
	3968 3232
4
	4096 3200
	4192 3200
	4192 3232
	4096 3232
4
	4384 3200
	4448 3200
	4448 3232
	4384 3232
4
	4672 3200
	4704 3200
	4704 3232
	4672 3232
4
	5152 3200
	5216 3200
	5216 3232
	5152 3232
4
	5376 3200
	5472 3200
	5472 3232
	5376 3232
4
	5632 3200
	5888 3200
	5888 3232
	5632 3232
4
	5984 3200
	6240 3200
	6240 3232
	5984 3232
4
	6400 3200
	6784 3200
	6784 3232
	6400 3232
4
	7168 3200
	8032 3200
	8032 3232
	7168 3232
4
	0 3232
	576 3232
	576 3264
	0 3264
4
	1792 3232
	1920 3232
	1920 3264
	1792 3264
4
	2048 3232
	2144 3232
	2144 3264
	2048 3264
4
	2944 3232
	3040 3232
	3040 3264
	2944 3264
4
	3968 3232
	4064 3232
	4064 3264
	3968 3264
4
	4096 3232
	4224 3232
	4224 3264
	4096 3264
4
	4384 3232
	4448 3232
	4448 3264
	4384 3264
4
	4672 3232
	4704 3232
	4704 3264
	4672 3264
4
	5152 3232
	5216 3232
	5216 3264
	5152 3264
4
	5376 3232
	5472 3232
	5472 3264
	5376 3264
4
	5632 3232
	5888 3232
	5888 3264
	5632 3264
4
	5920 3232
	6304 3232
	6304 3264
	5920 3264
4
	6400 3232
	6784 3232
	6784 3264
	6400 3264
4
	7168 3232
	8032 3232
	8032 3264
	7168 3264
4
	0 3264
	576 3264
	576 3296
	0 3296
4
	1792 3264
	1920 3264
	1920 3296
	1792 3296
4
	2048 3264
	2144 3264
	2144 3296
	2048 3296
4
	2944 3264
	3040 3264
	3040 3296
	2944 3296
4
	3968 3264
	4064 3264
	4064 3296
	3968 3296
4
	4096 3264
	4224 3264
	4224 3296
	4096 3296
4
	4384 3264
	4448 3264
	4448 3296
	4384 3296
4
	4672 3264
	4704 3264
	4704 3296
	4672 3296
4
	5152 3264
	5216 3264
	5216 3296
	5152 3296
4
	5376 3264
	5472 3264
	5472 3296
	5376 3296
4
	5632 3264
	5888 3264
	5888 3296
	5632 3296
4
	5920 3264
	6304 3264
	6304 3296
	5920 3296
4
	6400 3264
	6784 3264
	6784 3296
	6400 3296
4
	7168 3264
	7488 3264
	7488 3296
	7168 3296
4
	7520 3264
	7712 3264
	7712 3296
	7520 3296
4
	7744 3264
	8032 3264
	8032 3296
	7744 3296
4
	0 3296
	576 3296
	576 3328
	0 3328
4
	1792 3296
	2400 3296
	2400 3328
	1792 3328
4
	3616 3296
	4224 3296
	4224 3328
	3616 3328
4
	4384 3296
	4448 3296
	4448 3328
	4384 3328
4
	4672 3296
	4704 3296
	4704 3328
	4672 3328
4
	5152 3296
	5216 3296
	5216 3328
	5152 3328
4
	5376 3296
	5472 3296
	5472 3328
	5376 3328
4
	5632 3296
	5856 3296
	5856 3328
	5632 3328
4
	5920 3296
	6304 3296
	6304 3328
	5920 3328
4
	6560 3296
	6720 3296
	6720 3328
	6560 3328
4
	7168 3296
	7296 3296
	7296 3328
	7168 3328
4
	7519 3327
	7521 3327
	7521 3329
	7519 3329
4
	7520 3296
	7584 3296
	7584 3328
	7520 3328
4
	7679 3327
	7681 3327
	7681 3329
	7679 3329
4
	7616 3296
	7680 3296
	7680 3328
	7616 3328
4
	7840 3296
	8032 3296
	8032 3328
	7840 3328
4
	0 3328
	576 3328
	576 3360
	0 3360
4
	1792 3328
	2464 3328
	2464 3360
	1792 3360
4
	2528 3328
	3488 3328
	3488 3360
	2528 3360
4
	3552 3328
	4224 3328
	4224 3360
	3552 3360
4
	4384 3328
	4448 3328
	4448 3360
	4384 3360
4
	4640 3328
	4704 3328
	4704 3360
	4640 3360
4
	5152 3328
	5216 3328
	5216 3360
	5152 3360
4
	5376 3328
	5472 3328
	5472 3360
	5376 3360
4
	5632 3328
	6816 3328
	6816 3360
	5632 3360
4
	6880 3328
	7296 3328
	7296 3360
	6880 3360
4
	7424 3328
	7520 3328
	7520 3360
	7424 3360
4
	7680 3328
	7776 3328
	7776 3360
	7680 3360
4
	7808 3328
	8032 3328
	8032 3360
	7808 3360
4
	0 3360
	576 3360
	576 3392
	0 3392
4
	1792 3360
	2464 3360
	2464 3392
	1792 3392
4
	2528 3360
	3488 3360
	3488 3392
	2528 3392
4
	3552 3360
	4224 3360
	4224 3392
	3552 3392
4
	4384 3360
	4480 3360
	4480 3392
	4384 3392
4
	4640 3360
	4704 3360
	4704 3392
	4640 3392
4
	5152 3360
	5216 3360
	5216 3392
	5152 3392
4
	5376 3360
	5472 3360
	5472 3392
	5376 3392
4
	5632 3360
	6816 3360
	6816 3392
	5632 3392
4
	6880 3360
	7296 3360
	7296 3392
	6880 3392
4
	7424 3360
	7520 3360
	7520 3392
	7424 3392
4
	7680 3360
	7776 3360
	7776 3392
	7680 3392
4
	7808 3360
	8032 3360
	8032 3392
	7808 3392
4
	0 3392
	576 3392
	576 3424
	0 3424
4
	1664 3392
	1760 3392
	1760 3424
	1664 3424
4
	1792 3392
	2464 3392
	2464 3424
	1792 3424
4
	2528 3392
	3488 3392
	3488 3424
	2528 3424
4
	3552 3392
	4224 3392
	4224 3424
	3552 3424
4
	4384 3392
	4480 3392
	4480 3424
	4384 3424
4
	4640 3392
	4704 3392
	4704 3424
	4640 3424
4
	5152 3392
	5216 3392
	5216 3424
	5152 3424
4
	5376 3392
	5440 3392
	5440 3424
	5376 3424
4
	5632 3392
	6816 3392
	6816 3424
	5632 3424
4
	6880 3392
	7296 3392
	7296 3424
	6880 3424
4
	7424 3392
	7520 3392
	7520 3424
	7424 3424
4
	7680 3392
	7776 3392
	7776 3424
	7680 3424
4
	7840 3392
	8032 3392
	8032 3424
	7840 3424
4
	0 3424
	576 3424
	576 3456
	0 3456
4
	1664 3424
	1760 3424
	1760 3456
	1664 3456
4
	1792 3424
	2304 3424
	2304 3456
	1792 3456
4
	2656 3424
	3200 3424
	3200 3456
	2656 3456
4
	3840 3424
	4224 3424
	4224 3456
	3840 3456
4
	4384 3424
	4704 3424
	4704 3456
	4384 3456
4
	5152 3424
	5216 3424
	5216 3456
	5152 3456
4
	5248 3424
	5440 3424
	5440 3456
	5248 3456
4
	5632 3424
	6240 3424
	6240 3456
	5632 3456
4
	6432 3424
	6752 3424
	6752 3456
	6432 3456
4
	6944 3424
	7296 3424
	7296 3456
	6944 3456
4
	7840 3424
	8032 3424
	8032 3456
	7840 3456
4
	0 3456
	576 3456
	576 3488
	0 3488
4
	1664 3456
	1760 3456
	1760 3488
	1664 3488
4
	1792 3456
	2336 3456
	2336 3488
	1792 3488
4
	2688 3456
	3200 3456
	3200 3488
	2688 3488
4
	3328 3456
	3392 3456
	3392 3488
	3328 3488
4
	3680 3456
	3744 3456
	3744 3488
	3680 3488
4
	3808 3456
	4224 3456
	4224 3488
	3808 3488
4
	4384 3456
	4704 3456
	4704 3488
	4384 3488
4
	5152 3456
	5216 3456
	5216 3488
	5152 3488
4
	5248 3456
	5440 3456
	5440 3488
	5248 3488
4
	5632 3456
	5728 3456
	5728 3488
	5632 3488
4
	6016 3456
	6112 3456
	6112 3488
	6016 3488
4
	6528 3456
	6624 3456
	6624 3488
	6528 3488
4
	7136 3456
	7296 3456
	7296 3488
	7136 3488
4
	7840 3456
	8032 3456
	8032 3488
	7840 3488
4
	0 3488
	576 3488
	576 3520
	0 3520
4
	1664 3488
	1760 3488
	1760 3520
	1664 3520
4
	1792 3488
	2336 3488
	2336 3520
	1792 3520
4
	2688 3488
	3264 3488
	3264 3520
	2688 3520
4
	3296 3488
	3392 3488
	3392 3520
	3296 3520
4
	3648 3488
	3744 3488
	3744 3520
	3648 3520
4
	3808 3488
	4224 3488
	4224 3520
	3808 3520
4
	4384 3488
	4704 3488
	4704 3520
	4384 3520
4
	5152 3488
	5216 3488
	5216 3520
	5152 3520
4
	5248 3488
	5440 3488
	5440 3520
	5248 3520
4
	5632 3488
	5728 3488
	5728 3520
	5632 3520
4
	6016 3488
	6112 3488
	6112 3520
	6016 3520
4
	6528 3488
	6624 3488
	6624 3520
	6528 3520
4
	7136 3488
	7296 3488
	7296 3520
	7136 3520
4
	7936 3488
	8032 3488
	8032 3520
	7936 3520
4
	0 3520
	576 3520
	576 3552
	0 3552
4
	1664 3520
	1760 3520
	1760 3552
	1664 3552
4
	1792 3520
	2304 3520
	2304 3552
	1792 3552
4
	2752 3520
	3264 3520
	3264 3552
	2752 3552
4
	3328 3520
	3392 3520
	3392 3552
	3328 3552
4
	3680 3520
	3744 3520
	3744 3552
	3680 3552
4
	3808 3520
	4192 3520
	4192 3552
	3808 3552
4
	4384 3520
	4704 3520
	4704 3552
	4384 3552
4
	5152 3520
	5216 3520
	5216 3552
	5152 3552
4
	5248 3520
	5440 3520
	5440 3552
	5248 3552
4
	5632 3520
	5728 3520
	5728 3552
	5632 3552
4
	6016 3520
	6112 3520
	6112 3552
	6016 3552
4
	6528 3520
	6624 3520
	6624 3552
	6528 3552
4
	7136 3520
	7264 3520
	7264 3552
	7136 3552
4
	7840 3520
	8032 3520
	8032 3552
	7840 3552
4
	0 3552
	576 3552
	576 3584
	0 3584
4
	1664 3552
	1760 3552
	1760 3584
	1664 3584
4
	1792 3552
	2304 3552
	2304 3584
	1792 3584
4
	2816 3552
	3264 3552
	3264 3584
	2816 3584
4
	3776 3552
	4192 3552
	4192 3584
	3776 3584
4
	4384 3552
	4704 3552
	4704 3584
	4384 3584
4
	5152 3552
	5216 3552
	5216 3584
	5152 3584
4
	5248 3552
	5440 3552
	5440 3584
	5248 3584
4
	5632 3552
	5728 3552
	5728 3584
	5632 3584
4
	7168 3552
	7264 3552
	7264 3584
	7168 3584
4
	7840 3552
	8032 3552
	8032 3584
	7840 3584
4
	0 3584
	576 3584
	576 3616
	0 3616
4
	1664 3584
	1760 3584
	1760 3616
	1664 3616
4
	1792 3584
	2272 3584
	2272 3616
	1792 3616
4
	2752 3584
	3264 3584
	3264 3616
	2752 3616
4
	3776 3584
	4192 3584
	4192 3616
	3776 3616
4
	4384 3584
	4704 3584
	4704 3616
	4384 3616
4
	5152 3584
	5440 3584
	5440 3616
	5152 3616
4
	5632 3584
	5728 3584
	5728 3616
	5632 3616
4
	7168 3584
	7264 3584
	7264 3616
	7168 3616
4
	7840 3584
	8032 3584
	8032 3616
	7840 3616
4
	0 3616
	576 3616
	576 3648
	0 3648
4
	1664 3616
	1760 3616
	1760 3648
	1664 3648
4
	1792 3616
	2304 3616
	2304 3648
	1792 3648
4
	2752 3616
	3264 3616
	3264 3648
	2752 3648
4
	3776 3616
	4192 3616
	4192 3648
	3776 3648
4
	4384 3616
	4736 3616
	4736 3648
	4384 3648
4
	5120 3616
	5472 3616
	5472 3648
	5120 3648
4
	7840 3616
	8032 3616
	8032 3648
	7840 3648
4
	0 3648
	576 3648
	576 3680
	0 3680
4
	1664 3648
	1760 3648
	1760 3680
	1664 3680
4
	1792 3648
	2336 3648
	2336 3680
	1792 3680
4
	2752 3648
	3264 3648
	3264 3680
	2752 3680
4
	3776 3648
	4192 3648
	4192 3680
	3776 3680
4
	5152 3648
	5472 3648
	5472 3680
	5152 3680
4
	7840 3648
	8032 3648
	8032 3680
	7840 3680
4
	0 3680
	640 3680
	640 3712
	0 3712
4
	1600 3680
	1696 3680
	1696 3712
	1600 3712
4
	1792 3680
	2336 3680
	2336 3712
	1792 3712
4
	2656 3680
	3264 3680
	3264 3712
	2656 3712
4
	3392 3680
	3616 3680
	3616 3712
	3392 3712
4
	3776 3680
	4192 3680
	4192 3712
	3776 3712
4
	5632 3680
	5728 3680
	5728 3712
	5632 3712
4
	7168 3680
	7264 3680
	7264 3712
	7168 3712
4
	7840 3680
	8032 3680
	8032 3712
	7840 3712
4
	0 3712
	672 3712
	672 3744
	0 3744
4
	1472 3712
	1696 3712
	1696 3744
	1472 3744
4
	1792 3712
	2336 3712
	2336 3744
	1792 3744
4
	2624 3712
	3264 3712
	3264 3744
	2624 3744
4
	3392 3712
	3616 3712
	3616 3744
	3392 3744
4
	3808 3712
	4192 3712
	4192 3744
	3808 3744
4
	5632 3712
	5728 3712
	5728 3744
	5632 3744
4
	6016 3712
	6112 3712
	6112 3744
	6016 3744
4
	6528 3712
	6624 3712
	6624 3744
	6528 3744
4
	7136 3712
	7264 3712
	7264 3744
	7136 3744
4
	7904 3712
	8032 3712
	8032 3744
	7904 3744
4
	0 3744
	672 3744
	672 3776
	0 3776
4
	960 3744
	1568 3744
	1568 3776
	960 3776
4
	1792 3744
	2432 3744
	2432 3776
	1792 3776
4
	2496 3744
	3264 3744
	3264 3776
	2496 3776
4
	3392 3744
	3616 3744
	3616 3776
	3392 3776
4
	3808 3744
	4192 3744
	4192 3776
	3808 3776
4
	5632 3744
	5728 3744
	5728 3776
	5632 3776
4
	6016 3744
	6112 3744
	6112 3776
	6016 3776
4
	6528 3744
	6624 3744
	6624 3776
	6528 3776
4
	7136 3744
	7296 3744
	7296 3776
	7136 3776
4
	7936 3744
	8032 3744
	8032 3776
	7936 3776
4
	0 3776
	704 3776
	704 3808
	0 3808
4
	960 3776
	1536 3776
	1536 3808
	960 3808
4
	1728 3776
	3200 3776
	3200 3808
	1728 3808
4
	3392 3776
	3616 3776
	3616 3808
	3392 3808
4
	3808 3776
	4192 3776
	4192 3808
	3808 3808
4
	5632 3776
	5728 3776
	5728 3808
	5632 3808
4
	6016 3776
	6112 3776
	6112 3808
	6016 3808
4
	6528 3776
	6624 3776
	6624 3808
	6528 3808
4
	7136 3776
	7296 3776
	7296 3808
	7136 3808
4
	7840 3776
	8032 3776
	8032 3808
	7840 3808
4
	0 3808
	608 3808
	608 3840
	0 3840
4
	640 3808
	672 3808
	672 3840
	640 3840
4
	960 3808
	1536 3808
	1536 3840
	960 3840
4
	1696 3808
	3200 3808
	3200 3840
	1696 3840
4
	3488 3808
	3552 3808
	3552 3840
	3488 3840
4
	3840 3808
	4192 3808
	4192 3840
	3840 3840
4
	5632 3808
	6080 3808
	6080 3840
	5632 3840
4
	6304 3808
	6464 3808
	6464 3840
	6304 3840
4
	6944 3808
	7296 3808
	7296 3840
	6944 3840
4
	7840 3808
	8032 3808
	8032 3840
	7840 3840
4
	0 3840
	608 3840
	608 3872
	0 3872
4
	960 3840
	1536 3840
	1536 3872
	960 3872
4
	1664 3840
	3456 3840
	3456 3872
	1664 3872
4
	3488 3840
	3552 3840
	3552 3872
	3488 3872
4
	3584 3840
	4192 3840
	4192 3872
	3584 3872
4
	5632 3840
	6176 3840
	6176 3872
	5632 3872
4
	6240 3840
	6816 3840
	6816 3872
	6240 3872
4
	6880 3840
	7296 3840
	7296 3872
	6880 3872
4
	7424 3840
	7520 3840
	7520 3872
	7424 3872
4
	7680 3840
	7776 3840
	7776 3872
	7680 3872
4
	7840 3840
	8032 3840
	8032 3872
	7840 3872
4
	0 3872
	608 3872
	608 3904
	0 3904
4
	960 3872
	1536 3872
	1536 3904
	960 3904
4
	1632 3872
	4192 3872
	4192 3904
	1632 3904
4
	5632 3872
	6176 3872
	6176 3904
	5632 3904
4
	6240 3872
	6816 3872
	6816 3904
	6240 3904
4
	6880 3872
	7296 3872
	7296 3904
	6880 3904
4
	7424 3872
	7520 3872
	7520 3904
	7424 3904
4
	7680 3872
	7776 3872
	7776 3904
	7680 3904
4
	7840 3872
	8032 3872
	8032 3904
	7840 3904
4
	0 3904
	608 3904
	608 3936
	0 3936
4
	960 3904
	1536 3904
	1536 3936
	960 3936
4
	1632 3904
	4192 3904
	4192 3936
	1632 3936
4
	5632 3904
	6176 3904
	6176 3936
	5632 3936
4
	6240 3904
	6816 3904
	6816 3936
	6240 3936
4
	6880 3904
	7296 3904
	7296 3936
	6880 3936
4
	7519 3935
	7521 3935
	7521 3937
	7519 3937
4
	7424 3904
	7520 3904
	7520 3936
	7424 3936
4
	7680 3904
	7776 3904
	7776 3936
	7680 3936
4
	7840 3904
	8032 3904
	8032 3936
	7840 3936
4
	0 3936
	608 3936
	608 3968
	0 3968
4
	960 3936
	1536 3936
	1536 3968
	960 3968
4
	1664 3936
	4192 3936
	4192 3968
	1664 3968
4
	5632 3936
	5984 3936
	5984 3968
	5632 3968
4
	6400 3936
	6656 3936
	6656 3968
	6400 3968
4
	7040 3936
	7296 3936
	7296 3968
	7040 3968
4
	7520 3936
	7584 3936
	7584 3968
	7520 3968
4
	7840 3936
	8032 3936
	8032 3968
	7840 3968
4
	0 3968
	640 3968
	640 4000
	0 4000
4
	768 3968
	4192 3968
	4192 4000
	768 4000
4
	5632 3968
	5984 3968
	5984 4000
	5632 4000
4
	6400 3968
	6656 3968
	6656 4000
	6400 4000
4
	7040 3968
	7296 3968
	7296 4000
	7040 4000
4
	7488 3968
	7584 3968
	7584 4000
	7488 4000
4
	7616 3968
	7680 3968
	7680 4000
	7616 4000
4
	7840 3968
	8032 3968
	8032 4000
	7840 4000
4
	0 4000
	4192 4000
	4192 4032
	0 4032
4
	5632 4000
	5984 4000
	5984 4032
	5632 4032
4
	6400 4000
	6656 4000
	6656 4032
	6400 4032
4
	7040 4000
	8032 4000
	8032 4032
	7040 4032
4
	0 4032
	4192 4032
	4192 4064
	0 4064
4
	5632 4032
	5984 4032
	5984 4064
	5632 4064
4
	6400 4032
	6656 4032
	6656 4064
	6400 4064
4
	7040 4032
	8032 4032
	8032 4064
	7040 4064
4
	0 4064
	4192 4064
	4192 4096
	0 4096
4
	4576 4064
	4736 4064
	4736 4096
	4576 4096
4
	5120 4064
	5280 4064
	5280 4096
	5120 4096
4
	5632 4064
	5984 4064
	5984 4096
	5632 4096
4
	6400 4064
	6656 4064
	6656 4096
	6400 4096
4
	7040 4064
	8032 4064
	8032 4096
	7040 4096
4
	0 4096
	4896 4096
	4896 4128
	0 4128
4
	4960 4096
	5984 4096
	5984 4128
	4960 4128
4
	6400 4096
	6656 4096
	6656 4128
	6400 4128
4
	7040 4096
	8032 4096
	8032 4128
	7040 4128
4
	0 4128
	4896 4128
	4896 4160
	0 4160
4
	4960 4128
	6016 4128
	6016 4160
	4960 4160
4
	6400 4128
	6656 4128
	6656 4160
	6400 4160
4
	7040 4128
	8032 4128
	8032 4160
	7040 4160
4
	0 4160
	4896 4160
	4896 4192
	0 4192
4
	4960 4160
	6016 4160
	6016 4192
	4960 4192
4
	6400 4160
	6656 4160
	6656 4192
	6400 4192
4
	7040 4160
	8032 4160
	8032 4192
	7040 4192
4
	0 4192
	4736 4192
	4736 4224
	0 4224
4
	5120 4192
	6016 4192
	6016 4224
	5120 4224
4
	6400 4192
	6656 4192
	6656 4224
	6400 4224
4
	7040 4192
	8032 4192
	8032 4224
	7040 4224
4
	0 4224
	4704 4224
	4704 4256
	0 4256
4
	5120 4224
	6112 4224
	6112 4256
	5120 4256
4
	6272 4224
	6368 4224
	6368 4256
	6272 4256
4
	6400 4224
	6656 4224
	6656 4256
	6400 4256
4
	7040 4224
	8032 4224
	8032 4256
	7040 4256
4
	0 4256
	4704 4256
	4704 4288
	0 4288
4
	5120 4256
	6112 4256
	6112 4288
	5120 4288
4
	6272 4256
	6368 4256
	6368 4288
	6272 4288
4
	6400 4256
	6656 4256
	6656 4288
	6400 4288
4
	7040 4256
	8032 4256
	8032 4288
	7040 4288
4
	0 4288
	4704 4288
	4704 4320
	0 4320
4
	5120 4288
	6112 4288
	6112 4320
	5120 4320
4
	6272 4288
	6368 4288
	6368 4320
	6272 4320
4
	6400 4288
	6656 4288
	6656 4320
	6400 4320
4
	7040 4288
	8032 4288
	8032 4320
	7040 4320
4
	0 4320
	4704 4320
	4704 4352
	0 4352
4
	5120 4320
	6016 4320
	6016 4352
	5120 4352
4
	6400 4320
	6656 4320
	6656 4352
	6400 4352
4
	7040 4320
	8032 4320
	8032 4352
	7040 4352
4
	0 4352
	4704 4352
	4704 4384
	0 4384
4
	5120 4352
	6016 4352
	6016 4384
	5120 4384
4
	6400 4352
	6656 4352
	6656 4384
	6400 4384
4
	7040 4352
	8032 4352
	8032 4384
	7040 4384
4
	0 4384
	4704 4384
	4704 4416
	0 4416
4
	5120 4384
	6016 4384
	6016 4416
	5120 4416
4
	6400 4384
	6656 4384
	6656 4416
	6400 4416
4
	7040 4384
	8032 4384
	8032 4416
	7040 4416
4
	0 4416
	4704 4416
	4704 4448
	0 4448
4
	5120 4416
	5984 4416
	5984 4448
	5120 4448
4
	6400 4416
	6656 4416
	6656 4448
	6400 4448
4
	7040 4416
	8032 4416
	8032 4448
	7040 4448
4
	0 4448
	4704 4448
	4704 4480
	0 4480
4
	5120 4448
	5984 4448
	5984 4480
	5120 4480
4
	6400 4448
	6656 4448
	6656 4480
	6400 4480
4
	7040 4448
	8032 4448
	8032 4480
	7040 4480
4
	0 4480
	4704 4480
	4704 4512
	0 4512
4
	5120 4480
	5984 4480
	5984 4512
	5120 4512
4
	6016 4480
	6112 4480
	6112 4512
	6016 4512
4
	6272 4480
	6368 4480
	6368 4512
	6272 4512
4
	6400 4480
	6656 4480
	6656 4512
	6400 4512
4
	7040 4480
	8032 4480
	8032 4512
	7040 4512
4
	0 4512
	4704 4512
	4704 4544
	0 4544
4
	5120 4512
	5984 4512
	5984 4544
	5120 4544
4
	6016 4512
	6112 4512
	6112 4544
	6016 4544
4
	6272 4512
	6368 4512
	6368 4544
	6272 4544
4
	6400 4512
	6656 4512
	6656 4544
	6400 4544
4
	7040 4512
	8032 4512
	8032 4544
	7040 4544
4
	0 4544
	4704 4544
	4704 4576
	0 4576
4
	5120 4544
	5984 4544
	5984 4576
	5120 4576
4
	6016 4544
	6112 4544
	6112 4576
	6016 4576
4
	6272 4544
	6368 4544
	6368 4576
	6272 4576
4
	6400 4544
	6656 4544
	6656 4576
	6400 4576
4
	7040 4544
	8032 4544
	8032 4576
	7040 4576
4
	0 4576
	4704 4576
	4704 4608
	0 4608
4
	5120 4576
	5984 4576
	5984 4608
	5120 4608
4
	6400 4576
	6656 4576
	6656 4608
	6400 4608
4
	7040 4576
	8032 4576
	8032 4608
	7040 4608
4
	0 4608
	4704 4608
	4704 4640
	0 4640
4
	5120 4608
	5984 4608
	5984 4640
	5120 4640
4
	6400 4608
	8032 4608
	8032 4640
	6400 4640
4
	0 4640
	4320 4640
	4320 4672
	0 4672
4
	4512 4640
	4736 4640
	4736 4672
	4512 4672
4
	5120 4640
	5344 4640
	5344 4672
	5120 4672
4
	5536 4640
	6016 4640
	6016 4672
	5536 4672
4
	6400 4640
	8032 4640
	8032 4672
	6400 4672
4
	0 4672
	4320 4672
	4320 4704
	0 4704
4
	4512 4672
	4736 4672
	4736 4704
	4512 4704
4
	5120 4672
	5344 4672
	5344 4704
	5120 4704
4
	5536 4672
	6016 4672
	6016 4704
	5536 4704
4
	6400 4672
	8032 4672
	8032 4704
	6400 4704
4
	0 4704
	4256 4704
	4256 4736
	0 4736
4
	4640 4704
	4736 4704
	4736 4736
	4640 4736
4
	5120 4704
	5216 4704
	5216 4736
	5120 4736
4
	5632 4704
	6016 4704
	6016 4736
	5632 4736
4
	6400 4704
	8032 4704
	8032 4736
	6400 4736
4
	0 4736
	4256 4736
	4256 4768
	0 4768
4
	5632 4736
	6112 4736
	6112 4768
	5632 4768
4
	6272 4736
	6368 4736
	6368 4768
	6272 4768
4
	6400 4736
	8032 4736
	8032 4768
	6400 4768
4
	0 4768
	4256 4768
	4256 4800
	0 4800
4
	5632 4768
	6112 4768
	6112 4800
	5632 4800
4
	6272 4768
	6368 4768
	6368 4800
	6272 4800
4
	6400 4768
	8032 4768
	8032 4800
	6400 4800
4
	0 4800
	4256 4800
	4256 4832
	0 4832
4
	5632 4800
	6112 4800
	6112 4832
	5632 4832
4
	6272 4800
	6368 4800
	6368 4832
	6272 4832
4
	6400 4800
	8032 4800
	8032 4832
	6400 4832
4
	0 4832
	3936 4832
	3936 4864
	0 4864
4
	4064 4832
	4256 4832
	4256 4864
	4064 4864
4
	5632 4832
	6016 4832
	6016 4864
	5632 4864
4
	6400 4832
	8032 4832
	8032 4864
	6400 4864
4
	0 4864
	3936 4864
	3936 4896
	0 4896
4
	4064 4864
	4256 4864
	4256 4896
	4064 4896
4
	4576 4864
	4768 4864
	4768 4896
	4576 4896
4
	5056 4864
	5248 4864
	5248 4896
	5056 4896
4
	5632 4864
	6016 4864
	6016 4896
	5632 4896
4
	6400 4864
	8032 4864
	8032 4896
	6400 4896
4
	0 4896
	3808 4896
	3808 4928
	0 4928
4
	4576 4896
	4768 4896
	4768 4928
	4576 4928
4
	5056 4896
	5248 4896
	5248 4928
	5056 4928
4
	5632 4896
	6016 4896
	6016 4928
	5632 4928
4
	6400 4896
	8032 4896
	8032 4928
	6400 4928
4
	0 4928
	3808 4928
	3808 4960
	0 4960
4
	4576 4928
	4768 4928
	4768 4960
	4576 4960
4
	5056 4928
	5248 4928
	5248 4960
	5056 4960
4
	5888 4928
	5984 4928
	5984 4960
	5888 4960
4
	6400 4928
	8032 4928
	8032 4960
	6400 4960
4
	0 4960
	3808 4960
	3808 4992
	0 4992
4
	5888 4960
	5984 4960
	5984 4992
	5888 4992
4
	6432 4960
	8032 4960
	8032 4992
	6432 4992
4
	0 4992
	3808 4992
	3808 5024
	0 5024
4
	5888 4992
	5984 4992
	5984 5024
	5888 5024
4
	6432 4992
	8032 4992
	8032 5024
	6432 5024
4
	0 5024
	3808 5024
	3808 5056
	0 5056
4
	6432 5024
	8032 5024
	8032 5056
	6432 5056
4
	0 5056
	3808 5056
	3808 5088
	0 5088
4
	6432 5056
	8032 5056
	8032 5088
	6432 5088
4
	0 5088
	3808 5088
	3808 5120
	0 5120
4
	5888 5088
	5984 5088
	5984 5120
	5888 5120
4
	6432 5088
	8032 5088
	8032 5120
	6432 5120
4
	0 5120
	3808 5120
	3808 5152
	0 5152
4
	4576 5120
	4768 5120
	4768 5152
	4576 5152
4
	5056 5120
	5184 5120
	5184 5152
	5056 5152
4
	5888 5120
	5984 5120
	5984 5152
	5888 5152
4
	6400 5120
	8032 5120
	8032 5152
	6400 5152
4
	0 5152
	3808 5152
	3808 5184
	0 5184
4
	4576 5152
	4768 5152
	4768 5184
	4576 5184
4
	5056 5152
	5248 5152
	5248 5184
	5056 5184
4
	5632 5152
	6016 5152
	6016 5184
	5632 5184
4
	6400 5152
	8032 5152
	8032 5184
	6400 5184
4
	0 5184
	3808 5184
	3808 5216
	0 5216
4
	4576 5184
	4768 5184
	4768 5216
	4576 5216
4
	5056 5184
	5248 5184
	5248 5216
	5056 5216
4
	5632 5184
	6016 5184
	6016 5216
	5632 5216
4
	6400 5184
	8032 5184
	8032 5216
	6400 5216
4
	0 5216
	3936 5216
	3936 5248
	0 5248
4
	4064 5216
	4256 5216
	4256 5248
	4064 5248
4
	5632 5216
	6016 5216
	6016 5248
	5632 5248
4
	6400 5216
	8032 5216
	8032 5248
	6400 5248
4
	0 5248
	4256 5248
	4256 5280
	0 5280
4
	5632 5248
	6016 5248
	6016 5280
	5632 5280
4
	6400 5248
	8032 5248
	8032 5280
	6400 5280
4
	0 5280
	4256 5280
	4256 5312
	0 5312
4
	5632 5280
	6016 5280
	6016 5312
	5632 5312
4
	6400 5280
	8032 5280
	8032 5312
	6400 5312
4
	0 5312
	4256 5312
	4256 5344
	0 5344
4
	5632 5312
	6016 5312
	6016 5344
	5632 5344
4
	6400 5312
	8032 5312
	8032 5344
	6400 5344
4
	0 5344
	4256 5344
	4256 5376
	0 5376
4
	4608 5344
	4704 5344
	4704 5376
	4608 5376
4
	5120 5344
	5216 5344
	5216 5376
	5120 5376
4
	5632 5344
	6016 5344
	6016 5376
	5632 5376
4
	6400 5344
	8032 5344
	8032 5376
	6400 5376
4
	0 5376
	4736 5376
	4736 5408
	0 5408
4
	5120 5376
	8032 5376
	8032 5408
	5120 5408
4
	0 5408
	4736 5408
	4736 5440
	0 5440
4
	5088 5408
	8032 5408
	8032 5440
	5088 5440
4
	0 5440
	4736 5440
	4736 5472
	0 5472
4
	5088 5440
	8032 5440
	8032 5472
	5088 5472
4
	0 5472
	4736 5472
	4736 5504
	0 5504
4
	5088 5472
	8032 5472
	8032 5504
	5088 5504
4
	0 5504
	4736 5504
	4736 5536
	0 5536
4
	5088 5504
	8032 5504
	8032 5536
	5088 5536
4
	0 5536
	4736 5536
	4736 5568
	0 5568
4
	5088 5536
	8032 5536
	8032 5568
	5088 5568
4
	0 5568
	4736 5568
	4736 5600
	0 5600
4
	5088 5568
	8032 5568
	8032 5600
	5088 5600
4
	0 5600
	4736 5600
	4736 5632
	0 5632
4
	5088 5600
	8032 5600
	8032 5632
	5088 5632
4
	0 5632
	4896 5632
	4896 5664
	0 5664
4
	4960 5632
	8032 5632
	8032 5664
	4960 5664
4
	0 5664
	8032 5664
	8032 5696
	0 5696
4
	0 5696
	8032 5696
	8032 5728
	0 5728
4
	0 5728
	8032 5728
	8032 5760
	0 5760
4
	-32 -32
	8064 -32
	8064 0
	-32 0
4
	-32 5760
	8064 5760
	8064 5792
	-32 5792
4
	-32 0
	0 0
	0 5760
	-32 5760
4
	8032 0
	8064 0
	8064 5760
	8032 5760
