963
4
	0 0
	16448 0
	16448 32
	0 32
4
	0 32
	16448 32
	16448 64
	0 64
4
	0 64
	16448 64
	16448 96
	0 96
4
	0 96
	16448 96
	16448 128
	0 128
4
	0 128
	16448 128
	16448 160
	0 160
4
	0 160
	16448 160
	16448 192
	0 192
4
	0 192
	16448 192
	16448 224
	0 224
4
	0 224
	16448 224
	16448 256
	0 256
4
	0 256
	16448 256
	16448 288
	0 288
4
	0 288
	16448 288
	16448 320
	0 320
4
	0 320
	16448 320
	16448 352
	0 352
4
	0 352
	16448 352
	16448 384
	0 384
4
	0 384
	16448 384
	16448 416
	0 416
4
	0 416
	16448 416
	16448 448
	0 448
4
	0 448
	16448 448
	16448 480
	0 480
4
	0 480
	16448 480
	16448 512
	0 512
4
	0 512
	16448 512
	16448 544
	0 544
4
	0 544
	16448 544
	16448 576
	0 576
4
	0 576
	16448 576
	16448 608
	0 608
4
	0 608
	16448 608
	16448 640
	0 640
4
	0 640
	16448 640
	16448 672
	0 672
4
	0 672
	16448 672
	16448 704
	0 704
4
	0 704
	16448 704
	16448 736
	0 736
4
	0 736
	16448 736
	16448 768
	0 768
4
	0 768
	16448 768
	16448 800
	0 800
4
	0 800
	16448 800
	16448 832
	0 832
4
	0 832
	16448 832
	16448 864
	0 864
4
	0 864
	16448 864
	16448 896
	0 896
4
	0 896
	16448 896
	16448 928
	0 928
4
	0 928
	16448 928
	16448 960
	0 960
4
	0 960
	16448 960
	16448 992
	0 992
4
	0 992
	16448 992
	16448 1024
	0 1024
4
	0 1024
	16448 1024
	16448 1056
	0 1056
4
	0 1056
	16448 1056
	16448 1088
	0 1088
4
	0 1088
	16448 1088
	16448 1120
	0 1120
4
	0 1120
	16448 1120
	16448 1152
	0 1152
4
	0 1152
	16448 1152
	16448 1184
	0 1184
4
	0 1184
	16448 1184
	16448 1216
	0 1216
4
	0 1216
	16448 1216
	16448 1248
	0 1248
4
	0 1248
	16448 1248
	16448 1280
	0 1280
4
	0 1280
	16448 1280
	16448 1312
	0 1312
4
	0 1312
	16448 1312
	16448 1344
	0 1344
4
	0 1344
	16448 1344
	16448 1376
	0 1376
4
	0 1376
	16448 1376
	16448 1408
	0 1408
4
	0 1408
	16448 1408
	16448 1440
	0 1440
4
	0 1440
	16448 1440
	16448 1472
	0 1472
4
	0 1472
	16448 1472
	16448 1504
	0 1504
4
	0 1504
	16448 1504
	16448 1536
	0 1536
4
	0 1536
	16448 1536
	16448 1568
	0 1568
4
	0 1568
	16448 1568
	16448 1600
	0 1600
4
	0 1600
	16448 1600
	16448 1632
	0 1632
4
	0 1632
	16448 1632
	16448 1664
	0 1664
4
	0 1664
	16448 1664
	16448 1696
	0 1696
4
	0 1696
	16448 1696
	16448 1728
	0 1728
4
	0 1728
	16448 1728
	16448 1760
	0 1760
4
	0 1760
	16448 1760
	16448 1792
	0 1792
4
	0 1792
	16448 1792
	16448 1824
	0 1824
4
	0 1824
	16448 1824
	16448 1856
	0 1856
4
	0 1856
	16448 1856
	16448 1888
	0 1888
4
	0 1888
	16448 1888
	16448 1920
	0 1920
4
	0 1920
	16448 1920
	16448 1952
	0 1952
4
	0 1952
	16448 1952
	16448 1984
	0 1984
4
	0 1984
	16448 1984
	16448 2016
	0 2016
4
	0 2016
	16448 2016
	16448 2048
	0 2048
4
	0 2048
	16448 2048
	16448 2080
	0 2080
4
	0 2080
	16448 2080
	16448 2112
	0 2112
4
	0 2112
	16448 2112
	16448 2144
	0 2144
4
	0 2144
	16448 2144
	16448 2176
	0 2176
4
	0 2176
	16448 2176
	16448 2208
	0 2208
4
	0 2208
	16448 2208
	16448 2240
	0 2240
4
	0 2240
	16448 2240
	16448 2272
	0 2272
4
	0 2272
	16448 2272
	16448 2304
	0 2304
4
	0 2304
	16448 2304
	16448 2336
	0 2336
4
	0 2336
	16448 2336
	16448 2368
	0 2368
4
	0 2368
	16448 2368
	16448 2400
	0 2400
4
	0 2400
	16448 2400
	16448 2432
	0 2432
4
	0 2432
	16448 2432
	16448 2464
	0 2464
4
	0 2464
	16448 2464
	16448 2496
	0 2496
4
	0 2496
	16448 2496
	16448 2528
	0 2528
4
	0 2528
	16448 2528
	16448 2560
	0 2560
4
	0 2560
	16448 2560
	16448 2592
	0 2592
4
	0 2592
	16448 2592
	16448 2624
	0 2624
4
	0 2624
	16448 2624
	16448 2656
	0 2656
4
	0 2656
	16448 2656
	16448 2688
	0 2688
4
	0 2688
	16448 2688
	16448 2720
	0 2720
4
	0 2720
	16448 2720
	16448 2752
	0 2752
4
	0 2752
	16448 2752
	16448 2784
	0 2784
4
	0 2784
	16448 2784
	16448 2816
	0 2816
4
	0 2816
	16448 2816
	16448 2848
	0 2848
4
	0 2848
	16448 2848
	16448 2880
	0 2880
4
	0 2880
	16448 2880
	16448 2912
	0 2912
4
	0 2912
	16448 2912
	16448 2944
	0 2944
4
	0 2944
	16448 2944
	16448 2976
	0 2976
4
	0 2976
	16448 2976
	16448 3008
	0 3008
4
	0 3008
	16448 3008
	16448 3040
	0 3040
4
	0 3040
	16448 3040
	16448 3072
	0 3072
4
	0 3072
	16448 3072
	16448 3104
	0 3104
4
	0 3104
	16448 3104
	16448 3136
	0 3136
4
	0 3136
	16448 3136
	16448 3168
	0 3168
4
	0 3168
	16448 3168
	16448 3200
	0 3200
4
	0 3200
	16448 3200
	16448 3232
	0 3232
4
	0 3232
	16448 3232
	16448 3264
	0 3264
4
	0 3264
	16448 3264
	16448 3296
	0 3296
4
	0 3296
	16448 3296
	16448 3328
	0 3328
4
	0 3328
	16448 3328
	16448 3360
	0 3360
4
	0 3360
	16448 3360
	16448 3392
	0 3392
4
	0 3392
	16448 3392
	16448 3424
	0 3424
4
	0 3424
	16448 3424
	16448 3456
	0 3456
4
	0 3456
	16448 3456
	16448 3488
	0 3488
4
	0 3488
	16448 3488
	16448 3520
	0 3520
4
	0 3520
	16448 3520
	16448 3552
	0 3552
4
	0 3552
	16448 3552
	16448 3584
	0 3584
4
	0 3584
	16448 3584
	16448 3616
	0 3616
4
	0 3616
	16448 3616
	16448 3648
	0 3648
4
	0 3648
	16448 3648
	16448 3680
	0 3680
4
	0 3680
	16448 3680
	16448 3712
	0 3712
4
	0 3712
	16448 3712
	16448 3744
	0 3744
4
	0 3744
	16448 3744
	16448 3776
	0 3776
4
	0 3776
	16448 3776
	16448 3808
	0 3808
4
	0 3808
	16448 3808
	16448 3840
	0 3840
4
	0 3840
	16448 3840
	16448 3872
	0 3872
4
	0 3872
	16448 3872
	16448 3904
	0 3904
4
	0 3904
	16448 3904
	16448 3936
	0 3936
4
	0 3936
	16448 3936
	16448 3968
	0 3968
4
	0 3968
	16448 3968
	16448 4000
	0 4000
4
	0 4000
	16448 4000
	16448 4032
	0 4032
4
	0 4032
	16448 4032
	16448 4064
	0 4064
4
	0 4064
	16448 4064
	16448 4096
	0 4096
4
	0 4096
	16448 4096
	16448 4128
	0 4128
4
	0 4128
	16448 4128
	16448 4160
	0 4160
4
	0 4160
	16448 4160
	16448 4192
	0 4192
4
	0 4192
	16448 4192
	16448 4224
	0 4224
4
	0 4224
	16448 4224
	16448 4256
	0 4256
4
	0 4256
	16448 4256
	16448 4288
	0 4288
4
	0 4288
	16448 4288
	16448 4320
	0 4320
4
	0 4320
	16448 4320
	16448 4352
	0 4352
4
	0 4352
	16448 4352
	16448 4384
	0 4384
4
	0 4384
	16448 4384
	16448 4416
	0 4416
4
	0 4416
	16448 4416
	16448 4448
	0 4448
4
	0 4448
	16448 4448
	16448 4480
	0 4480
4
	0 4480
	16448 4480
	16448 4512
	0 4512
4
	0 4512
	16448 4512
	16448 4544
	0 4544
4
	0 4544
	16448 4544
	16448 4576
	0 4576
4
	0 4576
	16448 4576
	16448 4608
	0 4608
4
	0 4608
	16448 4608
	16448 4640
	0 4640
4
	0 4640
	16448 4640
	16448 4672
	0 4672
4
	0 4672
	16448 4672
	16448 4704
	0 4704
4
	0 4704
	16448 4704
	16448 4736
	0 4736
4
	0 4736
	16448 4736
	16448 4768
	0 4768
4
	0 4768
	16448 4768
	16448 4800
	0 4800
4
	0 4800
	16448 4800
	16448 4832
	0 4832
4
	0 4832
	16448 4832
	16448 4864
	0 4864
4
	0 4864
	16448 4864
	16448 4896
	0 4896
4
	0 4896
	16448 4896
	16448 4928
	0 4928
4
	0 4928
	16448 4928
	16448 4960
	0 4960
4
	0 4960
	16448 4960
	16448 4992
	0 4992
4
	0 4992
	16448 4992
	16448 5024
	0 5024
4
	0 5024
	16448 5024
	16448 5056
	0 5056
4
	0 5056
	16448 5056
	16448 5088
	0 5088
4
	0 5088
	16448 5088
	16448 5120
	0 5120
4
	0 5120
	16448 5120
	16448 5152
	0 5152
4
	0 5152
	16448 5152
	16448 5184
	0 5184
4
	0 5184
	16448 5184
	16448 5216
	0 5216
4
	0 5216
	16448 5216
	16448 5248
	0 5248
4
	0 5248
	16448 5248
	16448 5280
	0 5280
4
	0 5280
	16448 5280
	16448 5312
	0 5312
4
	0 5312
	16448 5312
	16448 5344
	0 5344
4
	0 5344
	16448 5344
	16448 5376
	0 5376
4
	0 5376
	16448 5376
	16448 5408
	0 5408
4
	0 5408
	16448 5408
	16448 5440
	0 5440
4
	0 5440
	16448 5440
	16448 5472
	0 5472
4
	0 5472
	16448 5472
	16448 5504
	0 5504
4
	0 5504
	16448 5504
	16448 5536
	0 5536
4
	0 5536
	16448 5536
	16448 5568
	0 5568
4
	0 5568
	16448 5568
	16448 5600
	0 5600
4
	0 5600
	16448 5600
	16448 5632
	0 5632
4
	0 5632
	16448 5632
	16448 5664
	0 5664
4
	0 5664
	16448 5664
	16448 5696
	0 5696
4
	0 5696
	16448 5696
	16448 5728
	0 5728
4
	0 5728
	16448 5728
	16448 5760
	0 5760
4
	0 5760
	16448 5760
	16448 5792
	0 5792
4
	0 5792
	16448 5792
	16448 5824
	0 5824
4
	0 5824
	16448 5824
	16448 5856
	0 5856
4
	0 5856
	16448 5856
	16448 5888
	0 5888
4
	0 5888
	16448 5888
	16448 5920
	0 5920
4
	0 5920
	16448 5920
	16448 5952
	0 5952
4
	0 5952
	16448 5952
	16448 5984
	0 5984
4
	0 5984
	16448 5984
	16448 6016
	0 6016
4
	0 6016
	16448 6016
	16448 6048
	0 6048
4
	0 6048
	16448 6048
	16448 6080
	0 6080
4
	0 6080
	16448 6080
	16448 6112
	0 6112
4
	0 6112
	16448 6112
	16448 6144
	0 6144
4
	0 6144
	16448 6144
	16448 6176
	0 6176
4
	0 6176
	16448 6176
	16448 6208
	0 6208
4
	0 6208
	16448 6208
	16448 6240
	0 6240
4
	0 6240
	16448 6240
	16448 6272
	0 6272
4
	0 6272
	16448 6272
	16448 6304
	0 6304
4
	0 6304
	16448 6304
	16448 6336
	0 6336
4
	0 6336
	16448 6336
	16448 6368
	0 6368
4
	0 6368
	16448 6368
	16448 6400
	0 6400
4
	0 6400
	16448 6400
	16448 6432
	0 6432
4
	0 6432
	16448 6432
	16448 6464
	0 6464
4
	0 6464
	16448 6464
	16448 6496
	0 6496
4
	0 6496
	16448 6496
	16448 6528
	0 6528
4
	0 6528
	16448 6528
	16448 6560
	0 6560
4
	0 6560
	16448 6560
	16448 6592
	0 6592
4
	0 6592
	16448 6592
	16448 6624
	0 6624
4
	0 6624
	16448 6624
	16448 6656
	0 6656
4
	0 6656
	16448 6656
	16448 6688
	0 6688
4
	0 6688
	16448 6688
	16448 6720
	0 6720
4
	0 6720
	16448 6720
	16448 6752
	0 6752
4
	0 6752
	16448 6752
	16448 6784
	0 6784
4
	0 6784
	16448 6784
	16448 6816
	0 6816
4
	0 6816
	16448 6816
	16448 6848
	0 6848
4
	0 6848
	16448 6848
	16448 6880
	0 6880
4
	0 6880
	16448 6880
	16448 6912
	0 6912
4
	0 6912
	16448 6912
	16448 6944
	0 6944
4
	0 6944
	16448 6944
	16448 6976
	0 6976
4
	0 6976
	16448 6976
	16448 7008
	0 7008
4
	0 7008
	16448 7008
	16448 7040
	0 7040
4
	0 7040
	16448 7040
	16448 7072
	0 7072
4
	0 7072
	16448 7072
	16448 7104
	0 7104
4
	0 7104
	16448 7104
	16448 7136
	0 7136
4
	0 7136
	16448 7136
	16448 7168
	0 7168
4
	0 7168
	16448 7168
	16448 7200
	0 7200
4
	0 7200
	16448 7200
	16448 7232
	0 7232
4
	0 7232
	16448 7232
	16448 7264
	0 7264
4
	0 7264
	16448 7264
	16448 7296
	0 7296
4
	0 7296
	16448 7296
	16448 7328
	0 7328
4
	0 7328
	16448 7328
	16448 7360
	0 7360
4
	0 7360
	16448 7360
	16448 7392
	0 7392
4
	0 7392
	16448 7392
	16448 7424
	0 7424
4
	0 7424
	16448 7424
	16448 7456
	0 7456
4
	0 7456
	16448 7456
	16448 7488
	0 7488
4
	0 7488
	16448 7488
	16448 7520
	0 7520
4
	0 7520
	16448 7520
	16448 7552
	0 7552
4
	0 7552
	16448 7552
	16448 7584
	0 7584
4
	0 7584
	16448 7584
	16448 7616
	0 7616
4
	0 7616
	16448 7616
	16448 7648
	0 7648
4
	0 7648
	16448 7648
	16448 7680
	0 7680
4
	0 7680
	16448 7680
	16448 7712
	0 7712
4
	0 7712
	16448 7712
	16448 7744
	0 7744
4
	0 7744
	16448 7744
	16448 7776
	0 7776
4
	0 7776
	16448 7776
	16448 7808
	0 7808
4
	0 7808
	16448 7808
	16448 7840
	0 7840
4
	0 7840
	16448 7840
	16448 7872
	0 7872
4
	0 7872
	16448 7872
	16448 7904
	0 7904
4
	0 7904
	16448 7904
	16448 7936
	0 7936
4
	0 7936
	16448 7936
	16448 7968
	0 7968
4
	0 7968
	16448 7968
	16448 8000
	0 8000
4
	0 8000
	16448 8000
	16448 8032
	0 8032
4
	0 8032
	16448 8032
	16448 8064
	0 8064
4
	0 8064
	16448 8064
	16448 8096
	0 8096
4
	0 8096
	16448 8096
	16448 8128
	0 8128
4
	0 8128
	16448 8128
	16448 8160
	0 8160
4
	0 8160
	16448 8160
	16448 8192
	0 8192
4
	0 8192
	16448 8192
	16448 8224
	0 8224
4
	0 8224
	16448 8224
	16448 8256
	0 8256
4
	0 8256
	16448 8256
	16448 8288
	0 8288
4
	0 8288
	16448 8288
	16448 8320
	0 8320
4
	0 8320
	16448 8320
	16448 8352
	0 8352
4
	0 8352
	16448 8352
	16448 8384
	0 8384
4
	0 8384
	16448 8384
	16448 8416
	0 8416
4
	0 8416
	16448 8416
	16448 8448
	0 8448
4
	0 8448
	16448 8448
	16448 8480
	0 8480
4
	0 8480
	16448 8480
	16448 8512
	0 8512
4
	0 8512
	16448 8512
	16448 8544
	0 8544
4
	0 8544
	16448 8544
	16448 8576
	0 8576
4
	0 8576
	16448 8576
	16448 8608
	0 8608
4
	0 8608
	16448 8608
	16448 8640
	0 8640
4
	0 8640
	16448 8640
	16448 8672
	0 8672
4
	0 8672
	16448 8672
	16448 8704
	0 8704
4
	0 8704
	16448 8704
	16448 8736
	0 8736
4
	0 8736
	16448 8736
	16448 8768
	0 8768
4
	0 8768
	16448 8768
	16448 8800
	0 8800
4
	0 8800
	16448 8800
	16448 8832
	0 8832
4
	0 8832
	16448 8832
	16448 8864
	0 8864
4
	0 8864
	16448 8864
	16448 8896
	0 8896
4
	0 8896
	16448 8896
	16448 8928
	0 8928
4
	0 8928
	16448 8928
	16448 8960
	0 8960
4
	0 8960
	16448 8960
	16448 8992
	0 8992
4
	0 8992
	16448 8992
	16448 9024
	0 9024
4
	0 9024
	16448 9024
	16448 9056
	0 9056
4
	0 9056
	16448 9056
	16448 9088
	0 9088
4
	0 9088
	16448 9088
	16448 9120
	0 9120
4
	0 9120
	16448 9120
	16448 9152
	0 9152
4
	0 9152
	16448 9152
	16448 9184
	0 9184
4
	0 9184
	16448 9184
	16448 9216
	0 9216
4
	0 9216
	16448 9216
	16448 9248
	0 9248
4
	0 9248
	16448 9248
	16448 9280
	0 9280
4
	0 9280
	16448 9280
	16448 9312
	0 9312
4
	0 9312
	16448 9312
	16448 9344
	0 9344
4
	0 9344
	16448 9344
	16448 9376
	0 9376
4
	0 9376
	16448 9376
	16448 9408
	0 9408
4
	0 9408
	16448 9408
	16448 9440
	0 9440
4
	0 9440
	16448 9440
	16448 9472
	0 9472
4
	0 9472
	16448 9472
	16448 9504
	0 9504
4
	0 9504
	16448 9504
	16448 9536
	0 9536
4
	0 9536
	16448 9536
	16448 9568
	0 9568
4
	0 9568
	16448 9568
	16448 9600
	0 9600
4
	0 9600
	16448 9600
	16448 9632
	0 9632
4
	0 9632
	16448 9632
	16448 9664
	0 9664
4
	0 9664
	16448 9664
	16448 9696
	0 9696
4
	0 9696
	16448 9696
	16448 9728
	0 9728
4
	0 9728
	16448 9728
	16448 9760
	0 9760
4
	0 9760
	16448 9760
	16448 9792
	0 9792
4
	0 9792
	16448 9792
	16448 9824
	0 9824
4
	0 9824
	16448 9824
	16448 9856
	0 9856
4
	0 9856
	16448 9856
	16448 9888
	0 9888
4
	0 9888
	16448 9888
	16448 9920
	0 9920
4
	0 9920
	16448 9920
	16448 9952
	0 9952
4
	0 9952
	16448 9952
	16448 9984
	0 9984
4
	0 9984
	16448 9984
	16448 10016
	0 10016
4
	0 10016
	16448 10016
	16448 10048
	0 10048
4
	0 10048
	16448 10048
	16448 10080
	0 10080
4
	0 10080
	16448 10080
	16448 10112
	0 10112
4
	0 10112
	16448 10112
	16448 10144
	0 10144
4
	0 10144
	16448 10144
	16448 10176
	0 10176
4
	0 10176
	16448 10176
	16448 10208
	0 10208
4
	0 10208
	16448 10208
	16448 10240
	0 10240
4
	0 10240
	16448 10240
	16448 10272
	0 10272
4
	0 10272
	16448 10272
	16448 10304
	0 10304
4
	0 10304
	16448 10304
	16448 10336
	0 10336
4
	0 10336
	16448 10336
	16448 10368
	0 10368
4
	0 10368
	16448 10368
	16448 10400
	0 10400
4
	0 10400
	16448 10400
	16448 10432
	0 10432
4
	0 10432
	16448 10432
	16448 10464
	0 10464
4
	0 10464
	16448 10464
	16448 10496
	0 10496
4
	0 10496
	16448 10496
	16448 10528
	0 10528
4
	0 10528
	16448 10528
	16448 10560
	0 10560
4
	0 10560
	16448 10560
	16448 10592
	0 10592
4
	0 10592
	16448 10592
	16448 10624
	0 10624
4
	0 10624
	16448 10624
	16448 10656
	0 10656
4
	0 10656
	16448 10656
	16448 10688
	0 10688
4
	0 10688
	10624 10688
	10624 10720
	0 10720
4
	10944 10688
	16448 10688
	16448 10720
	10944 10720
4
	0 10720
	10624 10720
	10624 10752
	0 10752
4
	10944 10720
	16448 10720
	16448 10752
	10944 10752
4
	0 10752
	10624 10752
	10624 10784
	0 10784
4
	10944 10752
	16448 10752
	16448 10784
	10944 10784
4
	0 10784
	10624 10784
	10624 10816
	0 10816
4
	10944 10784
	16448 10784
	16448 10816
	10944 10816
4
	0 10816
	10592 10816
	10592 10848
	0 10848
4
	11008 10816
	16448 10816
	16448 10848
	11008 10848
4
	0 10848
	10592 10848
	10592 10880
	0 10880
4
	11008 10848
	16448 10848
	16448 10880
	11008 10880
4
	0 10880
	10592 10880
	10592 10912
	0 10912
4
	11008 10880
	16448 10880
	16448 10912
	11008 10912
4
	0 10912
	5504 10912
	5504 10944
	0 10944
4
	5536 10912
	10592 10912
	10592 10944
	5536 10944
4
	11008 10912
	16448 10912
	16448 10944
	11008 10944
4
	0 10944
	5280 10944
	5280 10976
	0 10976
4
	5408 10944
	5472 10944
	5472 10976
	5408 10976
4
	5632 10944
	7040 10944
	7040 10976
	5632 10976
4
	7360 10944
	10592 10944
	10592 10976
	7360 10976
4
	11008 10944
	16448 10944
	16448 10976
	11008 10976
4
	0 10976
	5280 10976
	5280 11008
	0 11008
4
	5600 10976
	5888 10976
	5888 11008
	5600 11008
4
	5984 10976
	7040 10976
	7040 11008
	5984 11008
4
	7360 10976
	10592 10976
	10592 11008
	7360 11008
4
	11008 10976
	16448 10976
	16448 11008
	11008 11008
4
	0 11008
	5280 11008
	5280 11040
	0 11040
4
	5600 11008
	5952 11008
	5952 11040
	5600 11040
4
	6048 11008
	7040 11008
	7040 11040
	6048 11040
4
	7360 11008
	10656 11008
	10656 11040
	7360 11040
4
	11008 11008
	16448 11008
	16448 11040
	11008 11040
4
	0 11040
	5280 11040
	5280 11072
	0 11072
4
	5600 11040
	5952 11040
	5952 11072
	5600 11072
4
	6016 11040
	7040 11040
	7040 11072
	6016 11072
4
	7360 11040
	10656 11040
	10656 11072
	7360 11072
4
	11008 11040
	16448 11040
	16448 11072
	11008 11072
4
	0 11072
	5216 11072
	5216 11104
	0 11104
4
	5600 11072
	5952 11072
	5952 11104
	5600 11104
4
	6016 11072
	7040 11072
	7040 11104
	6016 11104
4
	7360 11072
	10656 11072
	10656 11104
	7360 11104
4
	11008 11072
	16448 11072
	16448 11104
	11008 11104
4
	0 11104
	5216 11104
	5216 11136
	0 11136
4
	5792 11104
	5856 11104
	5856 11136
	5792 11136
4
	6016 11104
	6112 11104
	6112 11136
	6016 11136
4
	6880 11104
	7040 11104
	7040 11136
	6880 11136
4
	7360 11104
	7488 11104
	7488 11136
	7360 11136
4
	7648 11104
	10656 11104
	10656 11136
	7648 11136
4
	11008 11104
	16448 11104
	16448 11136
	11008 11136
4
	0 11136
	5216 11136
	5216 11168
	0 11168
4
	6016 11136
	6080 11136
	6080 11168
	6016 11168
4
	7648 11136
	10656 11136
	10656 11168
	7648 11168
4
	11008 11136
	16448 11136
	16448 11168
	11008 11168
4
	0 11168
	5216 11168
	5216 11200
	0 11200
4
	6016 11168
	6080 11168
	6080 11200
	6016 11200
4
	7648 11168
	10656 11168
	10656 11200
	7648 11200
4
	10976 11168
	16448 11168
	16448 11200
	10976 11200
4
	0 11200
	5216 11200
	5216 11232
	0 11232
4
	7648 11200
	10656 11200
	10656 11232
	7648 11232
4
	10976 11200
	16448 11200
	16448 11232
	10976 11232
4
	0 11232
	5728 11232
	5728 11264
	0 11264
4
	6112 11232
	6240 11232
	6240 11264
	6112 11264
4
	7648 11232
	10656 11232
	10656 11264
	7648 11264
4
	10976 11232
	16448 11232
	16448 11264
	10976 11264
4
	0 11264
	5728 11264
	5728 11296
	0 11296
4
	6112 11264
	6240 11264
	6240 11296
	6112 11296
4
	7648 11264
	10656 11264
	10656 11296
	7648 11296
4
	10976 11264
	16448 11264
	16448 11296
	10976 11296
4
	0 11296
	5728 11296
	5728 11328
	0 11328
4
	6112 11296
	6240 11296
	6240 11328
	6112 11328
4
	7648 11296
	10656 11296
	10656 11328
	7648 11328
4
	11008 11296
	16448 11296
	16448 11328
	11008 11328
4
	0 11328
	5728 11328
	5728 11360
	0 11360
4
	6112 11328
	6240 11328
	6240 11360
	6112 11360
4
	7648 11328
	10592 11328
	10592 11360
	7648 11360
4
	11008 11328
	16448 11328
	16448 11360
	11008 11360
4
	0 11360
	5728 11360
	5728 11392
	0 11392
4
	7648 11360
	10592 11360
	10592 11392
	7648 11392
4
	11008 11360
	16448 11360
	16448 11392
	11008 11392
4
	0 11392
	5728 11392
	5728 11424
	0 11424
4
	7648 11392
	10592 11392
	10592 11424
	7648 11424
4
	11008 11392
	16448 11392
	16448 11424
	11008 11424
4
	0 11424
	5728 11424
	5728 11456
	0 11456
4
	7648 11424
	10592 11424
	10592 11456
	7648 11456
4
	11008 11424
	16448 11424
	16448 11456
	11008 11456
4
	0 11456
	5728 11456
	5728 11488
	0 11488
4
	7648 11456
	10592 11456
	10592 11488
	7648 11488
4
	11008 11456
	16448 11456
	16448 11488
	11008 11488
4
	0 11488
	5728 11488
	5728 11520
	0 11520
4
	6112 11488
	6240 11488
	6240 11520
	6112 11520
4
	6336 11488
	6496 11488
	6496 11520
	6336 11520
4
	6624 11488
	6752 11488
	6752 11520
	6624 11520
4
	6880 11488
	7008 11488
	7008 11520
	6880 11520
4
	7136 11488
	7264 11488
	7264 11520
	7136 11520
4
	7392 11488
	7520 11488
	7520 11520
	7392 11520
4
	7648 11488
	10592 11488
	10592 11520
	7648 11520
4
	11008 11488
	16448 11488
	16448 11520
	11008 11520
4
	0 11520
	5728 11520
	5728 11552
	0 11552
4
	6112 11520
	6240 11520
	6240 11552
	6112 11552
4
	6336 11520
	6496 11520
	6496 11552
	6336 11552
4
	6624 11520
	6752 11520
	6752 11552
	6624 11552
4
	6880 11520
	7008 11520
	7008 11552
	6880 11552
4
	7136 11520
	7264 11520
	7264 11552
	7136 11552
4
	7392 11520
	7520 11520
	7520 11552
	7392 11552
4
	7584 11520
	10656 11520
	10656 11552
	7584 11552
4
	11008 11520
	16448 11520
	16448 11552
	11008 11552
4
	0 11552
	5728 11552
	5728 11584
	0 11584
4
	6112 11552
	6240 11552
	6240 11584
	6112 11584
4
	6336 11552
	6496 11552
	6496 11584
	6336 11584
4
	6624 11552
	6752 11552
	6752 11584
	6624 11584
4
	6880 11552
	7008 11552
	7008 11584
	6880 11584
4
	7136 11552
	7264 11552
	7264 11584
	7136 11584
4
	7392 11552
	7520 11552
	7520 11584
	7392 11584
4
	7584 11552
	10656 11552
	10656 11584
	7584 11584
4
	11008 11552
	16448 11552
	16448 11584
	11008 11584
4
	0 11584
	5728 11584
	5728 11616
	0 11616
4
	6112 11584
	6240 11584
	6240 11616
	6112 11616
4
	6336 11584
	6496 11584
	6496 11616
	6336 11616
4
	6624 11584
	6752 11584
	6752 11616
	6624 11616
4
	6880 11584
	7008 11584
	7008 11616
	6880 11616
4
	7136 11584
	7264 11584
	7264 11616
	7136 11616
4
	7392 11584
	7520 11584
	7520 11616
	7392 11616
4
	7584 11584
	10656 11584
	10656 11616
	7584 11616
4
	11008 11584
	16448 11584
	16448 11616
	11008 11616
4
	0 11616
	5728 11616
	5728 11648
	0 11648
4
	7584 11616
	10656 11616
	10656 11648
	7584 11648
4
	11008 11616
	16448 11616
	16448 11648
	11008 11648
4
	0 11648
	5728 11648
	5728 11680
	0 11680
4
	7584 11648
	10656 11648
	10656 11680
	7584 11680
4
	11008 11648
	16448 11648
	16448 11680
	11008 11680
4
	0 11680
	5728 11680
	5728 11712
	0 11712
4
	7584 11680
	10656 11680
	10656 11712
	7584 11712
4
	11008 11680
	16448 11680
	16448 11712
	11008 11712
4
	0 11712
	5728 11712
	5728 11744
	0 11744
4
	7584 11712
	10656 11712
	10656 11744
	7584 11744
4
	11008 11712
	16448 11712
	16448 11744
	11008 11744
4
	0 11744
	5728 11744
	5728 11776
	0 11776
4
	7584 11744
	10656 11744
	10656 11776
	7584 11776
4
	10976 11744
	16448 11744
	16448 11776
	10976 11776
4
	0 11776
	5728 11776
	5728 11808
	0 11808
4
	7584 11776
	10656 11776
	10656 11808
	7584 11808
4
	10976 11776
	16448 11776
	16448 11808
	10976 11808
4
	0 11808
	5728 11808
	5728 11840
	0 11840
4
	7584 11808
	10656 11808
	10656 11840
	7584 11840
4
	10976 11808
	16448 11808
	16448 11840
	10976 11840
4
	0 11840
	5728 11840
	5728 11872
	0 11872
4
	7648 11840
	10592 11840
	10592 11872
	7648 11872
4
	10976 11840
	16448 11840
	16448 11872
	10976 11872
4
	0 11872
	5728 11872
	5728 11904
	0 11904
4
	7648 11872
	10592 11872
	10592 11904
	7648 11904
4
	11008 11872
	16448 11872
	16448 11904
	11008 11904
4
	0 11904
	5728 11904
	5728 11936
	0 11936
4
	7648 11904
	10592 11904
	10592 11936
	7648 11936
4
	11008 11904
	16448 11904
	16448 11936
	11008 11936
4
	0 11936
	5728 11936
	5728 11968
	0 11968
4
	7648 11936
	10592 11936
	10592 11968
	7648 11968
4
	11008 11936
	16448 11936
	16448 11968
	11008 11968
4
	0 11968
	5728 11968
	5728 12000
	0 12000
4
	7296 11968
	7456 11968
	7456 12000
	7296 12000
4
	7616 11968
	10624 11968
	10624 12000
	7616 12000
4
	11008 11968
	16448 11968
	16448 12000
	11008 12000
4
	0 12000
	5728 12000
	5728 12032
	0 12032
4
	7296 12000
	10624 12000
	10624 12032
	7296 12032
4
	11008 12000
	16448 12000
	16448 12032
	11008 12032
4
	0 12032
	5728 12032
	5728 12064
	0 12064
4
	7296 12032
	10624 12032
	10624 12064
	7296 12064
4
	11008 12032
	16448 12032
	16448 12064
	11008 12064
4
	0 12064
	5728 12064
	5728 12096
	0 12096
4
	7104 12064
	10624 12064
	10624 12096
	7104 12096
4
	11008 12064
	16448 12064
	16448 12096
	11008 12096
4
	0 12096
	5728 12096
	5728 12128
	0 12128
4
	7104 12096
	7136 12096
	7136 12128
	7104 12128
4
	7328 12096
	10624 12096
	10624 12128
	7328 12128
4
	11008 12096
	16448 12096
	16448 12128
	11008 12128
4
	0 12128
	4384 12128
	4384 12160
	0 12160
4
	4512 12128
	4544 12128
	4544 12160
	4512 12160
4
	4640 12128
	4896 12128
	4896 12160
	4640 12160
4
	7104 12128
	7136 12128
	7136 12160
	7104 12160
4
	7328 12128
	7808 12128
	7808 12160
	7328 12160
4
	7936 12128
	8416 12128
	8416 12160
	7936 12160
4
	8512 12128
	8672 12128
	8672 12160
	8512 12160
4
	8736 12128
	10304 12128
	10304 12160
	8736 12160
4
	10432 12128
	10624 12128
	10624 12160
	10432 12160
4
	11008 12128
	16448 12128
	16448 12160
	11008 12160
4
	0 12160
	4384 12160
	4384 12192
	0 12192
4
	4640 12160
	4896 12160
	4896 12192
	4640 12192
4
	7104 12160
	7136 12160
	7136 12192
	7104 12192
4
	7328 12160
	7712 12160
	7712 12192
	7328 12192
4
	7936 12160
	8256 12160
	8256 12192
	7936 12192
4
	8800 12160
	10304 12160
	10304 12192
	8800 12192
4
	11008 12160
	16448 12160
	16448 12192
	11008 12192
4
	0 12192
	4384 12192
	4384 12224
	0 12224
4
	4640 12192
	4896 12192
	4896 12224
	4640 12224
4
	7104 12192
	7136 12192
	7136 12224
	7104 12224
4
	7328 12192
	7712 12192
	7712 12224
	7328 12224
4
	7968 12192
	8224 12192
	8224 12224
	7968 12224
4
	11008 12192
	16448 12192
	16448 12224
	11008 12224
4
	0 12224
	4384 12224
	4384 12256
	0 12256
4
	4640 12224
	4896 12224
	4896 12256
	4640 12256
4
	7104 12224
	7136 12224
	7136 12256
	7104 12256
4
	7328 12224
	7712 12224
	7712 12256
	7328 12256
4
	7968 12224
	8224 12224
	8224 12256
	7968 12256
4
	11008 12224
	16448 12224
	16448 12256
	11008 12256
4
	0 12256
	4384 12256
	4384 12288
	0 12288
4
	4640 12256
	4896 12256
	4896 12288
	4640 12288
4
	7104 12256
	7136 12256
	7136 12288
	7104 12288
4
	7328 12256
	7744 12256
	7744 12288
	7328 12288
4
	7968 12256
	8224 12256
	8224 12288
	7968 12288
4
	10976 12256
	16448 12256
	16448 12288
	10976 12288
4
	0 12288
	4384 12288
	4384 12320
	0 12320
4
	4640 12288
	4896 12288
	4896 12320
	4640 12320
4
	5152 12288
	5696 12288
	5696 12320
	5152 12320
4
	7296 12288
	7744 12288
	7744 12320
	7296 12320
4
	7968 12288
	8224 12288
	8224 12320
	7968 12320
4
	10976 12288
	16448 12288
	16448 12320
	10976 12320
4
	0 12320
	4384 12320
	4384 12352
	0 12352
4
	4640 12320
	4896 12320
	4896 12352
	4640 12352
4
	5152 12320
	5696 12320
	5696 12352
	5152 12352
4
	7296 12320
	7744 12320
	7744 12352
	7296 12352
4
	7968 12320
	8224 12320
	8224 12352
	7968 12352
4
	10976 12320
	16448 12320
	16448 12352
	10976 12352
4
	0 12352
	4192 12352
	4192 12384
	0 12384
4
	7296 12352
	7744 12352
	7744 12384
	7296 12384
4
	10976 12352
	11104 12352
	11104 12384
	10976 12384
4
	11488 12352
	11616 12352
	11616 12384
	11488 12384
4
	12000 12352
	16448 12352
	16448 12384
	12000 12384
4
	0 12384
	3904 12384
	3904 12416
	0 12416
4
	7296 12384
	7744 12384
	7744 12416
	7296 12416
4
	12064 12384
	16448 12384
	16448 12416
	12064 12416
4
	0 12416
	2496 12416
	2496 12448
	0 12448
4
	2560 12416
	3648 12416
	3648 12448
	2560 12448
4
	12064 12416
	16448 12416
	16448 12448
	12064 12448
4
	0 12448
	2496 12448
	2496 12480
	0 12480
4
	5184 12448
	5440 12448
	5440 12480
	5184 12480
4
	12064 12448
	16448 12448
	16448 12480
	12064 12480
4
	0 12480
	2496 12480
	2496 12512
	0 12512
4
	5408 12480
	5440 12480
	5440 12512
	5408 12512
4
	12064 12480
	16448 12480
	16448 12512
	12064 12512
4
	0 12512
	2496 12512
	2496 12544
	0 12544
4
	5408 12512
	5440 12512
	5440 12544
	5408 12544
4
	12064 12512
	16448 12512
	16448 12544
	12064 12544
4
	0 12544
	2496 12544
	2496 12576
	0 12576
4
	5408 12544
	5440 12544
	5440 12576
	5408 12576
4
	12064 12544
	16448 12544
	16448 12576
	12064 12576
4
	0 12576
	2496 12576
	2496 12608
	0 12608
4
	5408 12576
	5440 12576
	5440 12608
	5408 12608
4
	12064 12576
	16448 12576
	16448 12608
	12064 12608
4
	0 12608
	2496 12608
	2496 12640
	0 12640
4
	5408 12608
	5440 12608
	5440 12640
	5408 12640
4
	12064 12608
	16448 12608
	16448 12640
	12064 12640
4
	0 12640
	2496 12640
	2496 12672
	0 12672
4
	5408 12640
	5440 12640
	5440 12672
	5408 12672
4
	12064 12640
	16448 12640
	16448 12672
	12064 12672
4
	0 12672
	2496 12672
	2496 12704
	0 12704
4
	5184 12672
	5440 12672
	5440 12704
	5184 12704
4
	12064 12672
	16448 12672
	16448 12704
	12064 12704
4
	0 12704
	2496 12704
	2496 12736
	0 12736
4
	2560 12704
	3648 12704
	3648 12736
	2560 12736
4
	12064 12704
	16448 12704
	16448 12736
	12064 12736
4
	0 12736
	3904 12736
	3904 12768
	0 12768
4
	4032 12736
	4192 12736
	4192 12768
	4032 12768
4
	7296 12736
	7744 12736
	7744 12768
	7296 12768
4
	12064 12736
	16448 12736
	16448 12768
	12064 12768
4
	0 12768
	4192 12768
	4192 12800
	0 12800
4
	7296 12768
	7744 12768
	7744 12800
	7296 12800
4
	10976 12768
	11104 12768
	11104 12800
	10976 12800
4
	11488 12768
	11616 12768
	11616 12800
	11488 12800
4
	12000 12768
	16448 12768
	16448 12800
	12000 12800
4
	0 12800
	4384 12800
	4384 12832
	0 12832
4
	4640 12800
	4896 12800
	4896 12832
	4640 12832
4
	5152 12800
	5696 12800
	5696 12832
	5152 12832
4
	7296 12800
	7744 12800
	7744 12832
	7296 12832
4
	7968 12800
	8224 12800
	8224 12832
	7968 12832
4
	10496 12800
	16448 12800
	16448 12832
	10496 12832
4
	0 12832
	4384 12832
	4384 12864
	0 12864
4
	4640 12832
	4896 12832
	4896 12864
	4640 12864
4
	5152 12832
	5696 12832
	5696 12864
	5152 12864
4
	7104 12832
	7744 12832
	7744 12864
	7104 12864
4
	7968 12832
	8224 12832
	8224 12864
	7968 12864
4
	10496 12832
	16448 12832
	16448 12864
	10496 12864
4
	0 12864
	4416 12864
	4416 12896
	0 12896
4
	4640 12864
	4928 12864
	4928 12896
	4640 12896
4
	7104 12864
	7136 12864
	7136 12896
	7104 12896
4
	7328 12864
	7744 12864
	7744 12896
	7328 12896
4
	7968 12864
	8224 12864
	8224 12896
	7968 12896
4
	10496 12864
	16448 12864
	16448 12896
	10496 12896
4
	0 12896
	4416 12896
	4416 12928
	0 12928
4
	4640 12896
	4928 12896
	4928 12928
	4640 12928
4
	7104 12896
	7136 12896
	7136 12928
	7104 12928
4
	7328 12896
	7712 12896
	7712 12928
	7328 12928
4
	7968 12896
	8224 12896
	8224 12928
	7968 12928
4
	10496 12896
	16448 12896
	16448 12928
	10496 12928
4
	0 12928
	4416 12928
	4416 12960
	0 12960
4
	4640 12928
	4928 12928
	4928 12960
	4640 12960
4
	7104 12928
	7136 12928
	7136 12960
	7104 12960
4
	7328 12928
	7712 12928
	7712 12960
	7328 12960
4
	7968 12928
	8224 12928
	8224 12960
	7968 12960
4
	10496 12928
	16448 12928
	16448 12960
	10496 12960
4
	0 12960
	4416 12960
	4416 12992
	0 12992
4
	4640 12960
	4928 12960
	4928 12992
	4640 12992
4
	7104 12960
	7136 12960
	7136 12992
	7104 12992
4
	7328 12960
	7712 12960
	7712 12992
	7328 12992
4
	7936 12960
	8256 12960
	8256 12992
	7936 12992
4
	8288 12960
	8512 12960
	8512 12992
	8288 12992
4
	8800 12960
	10304 12960
	10304 12992
	8800 12992
4
	10496 12960
	16448 12960
	16448 12992
	10496 12992
4
	0 12992
	4416 12992
	4416 13024
	0 13024
4
	4512 12992
	4544 12992
	4544 13024
	4512 13024
4
	4640 12992
	4896 12992
	4896 13024
	4640 13024
4
	7104 12992
	7136 12992
	7136 13024
	7104 13024
4
	7328 12992
	7808 12992
	7808 13024
	7328 13024
4
	7936 12992
	8512 12992
	8512 13024
	7936 13024
4
	8544 12992
	8704 12992
	8704 13024
	8544 13024
4
	8736 12992
	10304 12992
	10304 13024
	8736 13024
4
	10432 12992
	16448 12992
	16448 13024
	10432 13024
4
	0 13024
	5728 13024
	5728 13056
	0 13056
4
	7104 13024
	7136 13024
	7136 13056
	7104 13056
4
	7328 13024
	16448 13024
	16448 13056
	7328 13056
4
	0 13056
	5728 13056
	5728 13088
	0 13088
4
	7296 13056
	16448 13056
	16448 13088
	7296 13088
4
	0 13088
	5728 13088
	5728 13120
	0 13120
4
	7296 13088
	16448 13088
	16448 13120
	7296 13120
4
	0 13120
	5728 13120
	5728 13152
	0 13152
4
	7296 13120
	16448 13120
	16448 13152
	7296 13152
4
	0 13152
	5728 13152
	5728 13184
	0 13184
4
	7616 13152
	16448 13152
	16448 13184
	7616 13184
4
	0 13184
	5728 13184
	5728 13216
	0 13216
4
	7648 13184
	16448 13184
	16448 13216
	7648 13216
4
	0 13216
	5728 13216
	5728 13248
	0 13248
4
	7648 13216
	16448 13216
	16448 13248
	7648 13248
4
	0 13248
	5728 13248
	5728 13280
	0 13280
4
	7648 13248
	16448 13248
	16448 13280
	7648 13280
4
	0 13280
	5728 13280
	5728 13312
	0 13312
4
	7648 13280
	16448 13280
	16448 13312
	7648 13312
4
	0 13312
	5728 13312
	5728 13344
	0 13344
4
	7584 13312
	16448 13312
	16448 13344
	7584 13344
4
	0 13344
	5728 13344
	5728 13376
	0 13376
4
	7584 13344
	16448 13344
	16448 13376
	7584 13376
4
	0 13376
	5728 13376
	5728 13408
	0 13408
4
	7584 13376
	16448 13376
	16448 13408
	7584 13408
4
	0 13408
	5728 13408
	5728 13440
	0 13440
4
	7584 13408
	16448 13408
	16448 13440
	7584 13440
4
	0 13440
	5728 13440
	5728 13472
	0 13472
4
	7584 13440
	16448 13440
	16448 13472
	7584 13472
4
	0 13472
	5728 13472
	5728 13504
	0 13504
4
	7584 13472
	16448 13472
	16448 13504
	7584 13504
4
	0 13504
	5728 13504
	5728 13536
	0 13536
4
	7584 13504
	16448 13504
	16448 13536
	7584 13536
4
	0 13536
	5728 13536
	5728 13568
	0 13568
4
	6112 13536
	6240 13536
	6240 13568
	6112 13568
4
	6368 13536
	6496 13536
	6496 13568
	6368 13568
4
	6624 13536
	6752 13536
	6752 13568
	6624 13568
4
	6880 13536
	7008 13536
	7008 13568
	6880 13568
4
	7136 13536
	7264 13536
	7264 13568
	7136 13568
4
	7392 13536
	7520 13536
	7520 13568
	7392 13568
4
	7584 13536
	16448 13536
	16448 13568
	7584 13568
4
	0 13568
	5728 13568
	5728 13600
	0 13600
4
	6112 13568
	6240 13568
	6240 13600
	6112 13600
4
	6368 13568
	6496 13568
	6496 13600
	6368 13600
4
	6624 13568
	6752 13568
	6752 13600
	6624 13600
4
	6880 13568
	7008 13568
	7008 13600
	6880 13600
4
	7136 13568
	7264 13568
	7264 13600
	7136 13600
4
	7392 13568
	7520 13568
	7520 13600
	7392 13600
4
	7584 13568
	16448 13568
	16448 13600
	7584 13600
4
	0 13600
	5728 13600
	5728 13632
	0 13632
4
	6112 13600
	6240 13600
	6240 13632
	6112 13632
4
	6368 13600
	6496 13600
	6496 13632
	6368 13632
4
	6624 13600
	6752 13600
	6752 13632
	6624 13632
4
	6880 13600
	7008 13600
	7008 13632
	6880 13632
4
	7136 13600
	7264 13600
	7264 13632
	7136 13632
4
	7392 13600
	7520 13600
	7520 13632
	7392 13632
4
	7584 13600
	16448 13600
	16448 13632
	7584 13632
4
	0 13632
	5728 13632
	5728 13664
	0 13664
4
	6112 13632
	6240 13632
	6240 13664
	6112 13664
4
	6368 13632
	6496 13632
	6496 13664
	6368 13664
4
	6624 13632
	6752 13632
	6752 13664
	6624 13664
4
	6880 13632
	7008 13632
	7008 13664
	6880 13664
4
	7136 13632
	7264 13632
	7264 13664
	7136 13664
4
	7392 13632
	7520 13632
	7520 13664
	7392 13664
4
	7648 13632
	16448 13632
	16448 13664
	7648 13664
4
	0 13664
	5728 13664
	5728 13696
	0 13696
4
	7648 13664
	16448 13664
	16448 13696
	7648 13696
4
	0 13696
	5728 13696
	5728 13728
	0 13728
4
	7648 13696
	16448 13696
	16448 13728
	7648 13728
4
	0 13728
	5728 13728
	5728 13760
	0 13760
4
	7648 13728
	16448 13728
	16448 13760
	7648 13760
4
	0 13760
	5728 13760
	5728 13792
	0 13792
4
	7648 13760
	16448 13760
	16448 13792
	7648 13792
4
	0 13792
	5728 13792
	5728 13824
	0 13824
4
	6112 13792
	6240 13792
	6240 13824
	6112 13824
4
	7648 13792
	16448 13792
	16448 13824
	7648 13824
4
	0 13824
	5728 13824
	5728 13856
	0 13856
4
	6112 13824
	6240 13824
	6240 13856
	6112 13856
4
	7648 13824
	16448 13824
	16448 13856
	7648 13856
4
	0 13856
	5728 13856
	5728 13888
	0 13888
4
	6112 13856
	6240 13856
	6240 13888
	6112 13888
4
	7648 13856
	16448 13856
	16448 13888
	7648 13888
4
	0 13888
	5728 13888
	5728 13920
	0 13920
4
	6112 13888
	6240 13888
	6240 13920
	6112 13920
4
	7648 13888
	16448 13888
	16448 13920
	7648 13920
4
	0 13920
	5216 13920
	5216 13952
	0 13952
4
	7648 13920
	16448 13920
	16448 13952
	7648 13952
4
	0 13952
	5216 13952
	5216 13984
	0 13984
4
	7648 13952
	16448 13952
	16448 13984
	7648 13984
4
	0 13984
	5216 13984
	5216 14016
	0 14016
4
	6016 13984
	6048 13984
	6048 14016
	6016 14016
4
	7648 13984
	16448 13984
	16448 14016
	7648 14016
4
	0 14016
	5216 14016
	5216 14048
	0 14048
4
	5856 14016
	5888 14016
	5888 14048
	5856 14048
4
	5920 14016
	6080 14016
	6080 14048
	5920 14048
4
	6880 14016
	7040 14016
	7040 14048
	6880 14048
4
	7360 14016
	7488 14016
	7488 14048
	7360 14048
4
	7648 14016
	16448 14016
	16448 14048
	7648 14048
4
	0 14048
	5216 14048
	5216 14080
	0 14080
4
	5600 14048
	5728 14048
	5728 14080
	5600 14080
4
	5792 14048
	7040 14048
	7040 14080
	5792 14080
4
	7360 14048
	16448 14048
	16448 14080
	7360 14080
4
	0 14080
	5280 14080
	5280 14112
	0 14112
4
	5504 14080
	7040 14080
	7040 14112
	5504 14112
4
	7360 14080
	16448 14080
	16448 14112
	7360 14112
4
	0 14112
	5312 14112
	5312 14144
	0 14144
4
	5472 14112
	7040 14112
	7040 14144
	5472 14144
4
	7360 14112
	16448 14112
	16448 14144
	7360 14144
4
	0 14144
	7040 14144
	7040 14176
	0 14176
4
	7360 14144
	16448 14144
	16448 14176
	7360 14176
4
	0 14176
	7040 14176
	7040 14208
	0 14208
4
	7360 14176
	16448 14176
	16448 14208
	7360 14208
4
	0 14208
	16448 14208
	16448 14240
	0 14240
4
	0 14240
	16448 14240
	16448 14272
	0 14272
4
	0 14272
	16448 14272
	16448 14304
	0 14304
4
	0 14304
	16448 14304
	16448 14336
	0 14336
4
	0 14336
	16448 14336
	16448 14368
	0 14368
4
	0 14368
	16448 14368
	16448 14400
	0 14400
4
	0 14400
	16448 14400
	16448 14432
	0 14432
4
	0 14432
	16448 14432
	16448 14464
	0 14464
4
	0 14464
	16448 14464
	16448 14496
	0 14496
4
	0 14496
	16448 14496
	16448 14528
	0 14528
4
	0 14528
	16448 14528
	16448 14560
	0 14560
4
	0 14560
	16448 14560
	16448 14592
	0 14592
4
	0 14592
	16448 14592
	16448 14624
	0 14624
4
	0 14624
	16448 14624
	16448 14656
	0 14656
4
	0 14656
	16448 14656
	16448 14688
	0 14688
4
	0 14688
	16448 14688
	16448 14720
	0 14720
4
	0 14720
	16448 14720
	16448 14752
	0 14752
4
	0 14752
	16448 14752
	16448 14784
	0 14784
4
	0 14784
	16448 14784
	16448 14816
	0 14816
4
	0 14816
	16448 14816
	16448 14848
	0 14848
4
	0 14848
	16448 14848
	16448 14880
	0 14880
4
	0 14880
	16448 14880
	16448 14912
	0 14912
4
	0 14912
	16448 14912
	16448 14944
	0 14944
4
	0 14944
	16448 14944
	16448 14976
	0 14976
4
	0 14976
	16448 14976
	16448 15008
	0 15008
4
	0 15008
	16448 15008
	16448 15040
	0 15040
4
	0 15040
	16448 15040
	16448 15072
	0 15072
4
	0 15072
	16448 15072
	16448 15104
	0 15104
4
	0 15104
	16448 15104
	16448 15136
	0 15136
4
	0 15136
	16448 15136
	16448 15168
	0 15168
4
	0 15168
	16448 15168
	16448 15200
	0 15200
4
	0 15200
	16448 15200
	16448 15232
	0 15232
4
	0 15232
	16448 15232
	16448 15264
	0 15264
4
	0 15264
	16448 15264
	16448 15296
	0 15296
4
	0 15296
	16448 15296
	16448 15328
	0 15328
4
	0 15328
	16448 15328
	16448 15360
	0 15360
4
	0 15360
	16448 15360
	16448 15392
	0 15392
4
	0 15392
	16448 15392
	16448 15424
	0 15424
4
	0 15424
	16448 15424
	16448 15456
	0 15456
4
	0 15456
	16448 15456
	16448 15488
	0 15488
4
	0 15488
	16448 15488
	16448 15520
	0 15520
4
	0 15520
	16448 15520
	16448 15552
	0 15552
4
	0 15552
	16448 15552
	16448 15584
	0 15584
4
	0 15584
	16448 15584
	16448 15616
	0 15616
4
	0 15616
	16448 15616
	16448 15648
	0 15648
4
	0 15648
	16448 15648
	16448 15680
	0 15680
4
	0 15680
	16448 15680
	16448 15712
	0 15712
4
	0 15712
	16448 15712
	16448 15744
	0 15744
4
	0 15744
	16448 15744
	16448 15776
	0 15776
4
	0 15776
	16448 15776
	16448 15808
	0 15808
4
	0 15808
	16448 15808
	16448 15840
	0 15840
4
	0 15840
	16448 15840
	16448 15872
	0 15872
4
	0 15872
	16448 15872
	16448 15904
	0 15904
4
	0 15904
	16448 15904
	16448 15936
	0 15936
4
	0 15936
	16448 15936
	16448 15968
	0 15968
4
	0 15968
	16448 15968
	16448 16000
	0 16000
4
	0 16000
	16448 16000
	16448 16032
	0 16032
4
	0 16032
	16448 16032
	16448 16064
	0 16064
4
	0 16064
	16448 16064
	16448 16096
	0 16096
4
	0 16096
	16448 16096
	16448 16128
	0 16128
4
	0 16128
	16448 16128
	16448 16160
	0 16160
4
	0 16160
	16448 16160
	16448 16192
	0 16192
4
	0 16192
	16448 16192
	16448 16224
	0 16224
4
	0 16224
	16448 16224
	16448 16256
	0 16256
4
	0 16256
	16448 16256
	16448 16288
	0 16288
4
	0 16288
	16448 16288
	16448 16320
	0 16320
4
	0 16320
	16448 16320
	16448 16352
	0 16352
4
	0 16352
	16448 16352
	16448 16384
	0 16384
4
	0 16384
	16448 16384
	16448 16416
	0 16416
4
	0 16416
	16448 16416
	16448 16448
	0 16448
4
	0 16448
	16448 16448
	16448 16480
	0 16480
4
	0 16480
	16448 16480
	16448 16512
	0 16512
4
	0 16512
	16448 16512
	16448 16544
	0 16544
4
	0 16544
	16448 16544
	16448 16576
	0 16576
4
	0 16576
	16448 16576
	16448 16608
	0 16608
4
	0 16608
	16448 16608
	16448 16640
	0 16640
4
	0 16640
	16448 16640
	16448 16672
	0 16672
4
	0 16672
	16448 16672
	16448 16704
	0 16704
4
	0 16704
	16448 16704
	16448 16736
	0 16736
4
	0 16736
	16448 16736
	16448 16768
	0 16768
4
	0 16768
	16448 16768
	16448 16800
	0 16800
4
	0 16800
	16448 16800
	16448 16832
	0 16832
4
	0 16832
	16448 16832
	16448 16864
	0 16864
4
	0 16864
	16448 16864
	16448 16896
	0 16896
4
	0 16896
	16448 16896
	16448 16928
	0 16928
4
	0 16928
	16448 16928
	16448 16960
	0 16960
4
	0 16960
	16448 16960
	16448 16992
	0 16992
4
	0 16992
	16448 16992
	16448 17024
	0 17024
4
	0 17024
	16448 17024
	16448 17056
	0 17056
4
	0 17056
	16448 17056
	16448 17088
	0 17088
4
	0 17088
	16448 17088
	16448 17120
	0 17120
4
	0 17120
	16448 17120
	16448 17152
	0 17152
4
	0 17152
	16448 17152
	16448 17184
	0 17184
4
	0 17184
	16448 17184
	16448 17216
	0 17216
4
	0 17216
	16448 17216
	16448 17248
	0 17248
4
	0 17248
	16448 17248
	16448 17280
	0 17280
4
	0 17280
	16448 17280
	16448 17312
	0 17312
4
	0 17312
	16448 17312
	16448 17344
	0 17344
4
	0 17344
	16448 17344
	16448 17376
	0 17376
4
	0 17376
	16448 17376
	16448 17408
	0 17408
4
	0 17408
	16448 17408
	16448 17440
	0 17440
4
	0 17440
	16448 17440
	16448 17472
	0 17472
4
	0 17472
	16448 17472
	16448 17504
	0 17504
4
	0 17504
	16448 17504
	16448 17536
	0 17536
4
	0 17536
	16448 17536
	16448 17568
	0 17568
4
	0 17568
	16448 17568
	16448 17600
	0 17600
4
	0 17600
	16448 17600
	16448 17632
	0 17632
4
	0 17632
	16448 17632
	16448 17664
	0 17664
4
	0 17664
	16448 17664
	16448 17696
	0 17696
4
	0 17696
	16448 17696
	16448 17728
	0 17728
4
	0 17728
	16448 17728
	16448 17760
	0 17760
4
	0 17760
	16448 17760
	16448 17792
	0 17792
4
	0 17792
	16448 17792
	16448 17824
	0 17824
4
	0 17824
	16448 17824
	16448 17856
	0 17856
4
	0 17856
	16448 17856
	16448 17888
	0 17888
4
	0 17888
	16448 17888
	16448 17920
	0 17920
4
	0 17920
	16448 17920
	16448 17952
	0 17952
4
	0 17952
	16448 17952
	16448 17984
	0 17984
4
	0 17984
	16448 17984
	16448 18016
	0 18016
4
	0 18016
	16448 18016
	16448 18048
	0 18048
4
	0 18048
	16448 18048
	16448 18080
	0 18080
4
	0 18080
	16448 18080
	16448 18112
	0 18112
4
	0 18112
	16448 18112
	16448 18144
	0 18144
4
	0 18144
	16448 18144
	16448 18176
	0 18176
4
	0 18176
	16448 18176
	16448 18208
	0 18208
4
	0 18208
	16448 18208
	16448 18240
	0 18240
4
	0 18240
	16448 18240
	16448 18272
	0 18272
4
	0 18272
	16448 18272
	16448 18304
	0 18304
4
	0 18304
	16448 18304
	16448 18336
	0 18336
4
	0 18336
	16448 18336
	16448 18368
	0 18368
4
	0 18368
	16448 18368
	16448 18400
	0 18400
4
	0 18400
	16448 18400
	16448 18432
	0 18432
4
	0 18432
	16448 18432
	16448 18464
	0 18464
4
	0 18464
	16448 18464
	16448 18496
	0 18496
4
	0 18496
	16448 18496
	16448 18528
	0 18528
4
	0 18528
	16448 18528
	16448 18560
	0 18560
4
	0 18560
	16448 18560
	16448 18592
	0 18592
4
	0 18592
	16448 18592
	16448 18624
	0 18624
4
	0 18624
	16448 18624
	16448 18656
	0 18656
4
	0 18656
	16448 18656
	16448 18688
	0 18688
4
	0 18688
	16448 18688
	16448 18720
	0 18720
4
	0 18720
	16448 18720
	16448 18752
	0 18752
4
	0 18752
	16448 18752
	16448 18784
	0 18784
4
	0 18784
	16448 18784
	16448 18816
	0 18816
4
	0 18816
	16448 18816
	16448 18848
	0 18848
4
	0 18848
	16448 18848
	16448 18880
	0 18880
4
	0 18880
	16448 18880
	16448 18912
	0 18912
4
	0 18912
	16448 18912
	16448 18944
	0 18944
4
	0 18944
	16448 18944
	16448 18976
	0 18976
4
	0 18976
	16448 18976
	16448 19008
	0 19008
4
	0 19008
	16448 19008
	16448 19040
	0 19040
4
	0 19040
	16448 19040
	16448 19072
	0 19072
4
	0 19072
	16448 19072
	16448 19104
	0 19104
4
	0 19104
	16448 19104
	16448 19136
	0 19136
4
	0 19136
	16448 19136
	16448 19168
	0 19168
4
	0 19168
	16448 19168
	16448 19200
	0 19200
4
	0 19200
	16448 19200
	16448 19232
	0 19232
4
	0 19232
	16448 19232
	16448 19264
	0 19264
4
	0 19264
	16448 19264
	16448 19296
	0 19296
4
	0 19296
	16448 19296
	16448 19328
	0 19328
4
	0 19328
	16448 19328
	16448 19360
	0 19360
4
	0 19360
	16448 19360
	16448 19392
	0 19392
4
	0 19392
	16448 19392
	16448 19424
	0 19424
4
	0 19424
	16448 19424
	16448 19456
	0 19456
4
	0 19456
	16448 19456
	16448 19488
	0 19488
4
	0 19488
	16448 19488
	16448 19520
	0 19520
4
	0 19520
	16448 19520
	16448 19552
	0 19552
4
	0 19552
	16448 19552
	16448 19584
	0 19584
4
	0 19584
	16448 19584
	16448 19616
	0 19616
4
	0 19616
	16448 19616
	16448 19648
	0 19648
4
	0 19648
	16448 19648
	16448 19680
	0 19680
4
	0 19680
	16448 19680
	16448 19712
	0 19712
4
	0 19712
	16448 19712
	16448 19744
	0 19744
4
	0 19744
	16448 19744
	16448 19776
	0 19776
4
	0 19776
	16448 19776
	16448 19808
	0 19808
4
	0 19808
	16448 19808
	16448 19840
	0 19840
4
	0 19840
	16448 19840
	16448 19872
	0 19872
4
	0 19872
	16448 19872
	16448 19904
	0 19904
4
	0 19904
	16448 19904
	16448 19936
	0 19936
4
	0 19936
	16448 19936
	16448 19968
	0 19968
4
	0 19968
	16448 19968
	16448 20000
	0 20000
4
	0 20000
	16448 20000
	16448 20032
	0 20032
4
	0 20032
	16448 20032
	16448 20064
	0 20064
4
	0 20064
	16448 20064
	16448 20096
	0 20096
4
	0 20096
	16448 20096
	16448 20128
	0 20128
4
	0 20128
	16448 20128
	16448 20160
	0 20160
4
	0 20160
	16448 20160
	16448 20192
	0 20192
4
	0 20192
	16448 20192
	16448 20224
	0 20224
4
	0 20224
	16448 20224
	16448 20256
	0 20256
4
	0 20256
	16448 20256
	16448 20288
	0 20288
4
	0 20288
	16448 20288
	16448 20320
	0 20320
4
	0 20320
	16448 20320
	16448 20352
	0 20352
4
	0 20352
	16448 20352
	16448 20384
	0 20384
4
	0 20384
	16448 20384
	16448 20416
	0 20416
4
	0 20416
	16448 20416
	16448 20448
	0 20448
4
	0 20448
	16448 20448
	16448 20480
	0 20480
4
	0 20480
	16448 20480
	16448 20512
	0 20512
4
	0 20512
	16448 20512
	16448 20544
	0 20544
4
	-32 -32
	16480 -32
	16480 0
	-32 0
4
	-32 20544
	16480 20544
	16480 20576
	-32 20576
4
	-32 0
	0 0
	0 20544
	-32 20544
4
	16448 0
	16480 0
	16480 20544
	16448 20544
