819
4
	0 0
	5888 0
	5888 32
	0 32
4
	0 32
	5888 32
	5888 64
	0 64
4
	0 64
	5888 64
	5888 96
	0 96
4
	0 96
	5888 96
	5888 128
	0 128
4
	0 128
	5888 128
	5888 160
	0 160
4
	0 160
	5888 160
	5888 192
	0 192
4
	0 192
	5888 192
	5888 224
	0 224
4
	0 224
	5888 224
	5888 256
	0 256
4
	0 256
	5888 256
	5888 288
	0 288
4
	0 288
	5888 288
	5888 320
	0 320
4
	0 320
	5888 320
	5888 352
	0 352
4
	0 352
	5888 352
	5888 384
	0 384
4
	0 384
	5888 384
	5888 416
	0 416
4
	0 416
	5888 416
	5888 448
	0 448
4
	0 448
	5888 448
	5888 480
	0 480
4
	0 480
	5888 480
	5888 512
	0 512
4
	0 512
	5888 512
	5888 544
	0 544
4
	0 544
	704 544
	704 576
	0 576
4
	736 544
	800 544
	800 576
	736 576
4
	1120 544
	1184 544
	1184 576
	1120 576
4
	1504 544
	1568 544
	1568 576
	1504 576
4
	1728 544
	2080 544
	2080 576
	1728 576
4
	2144 544
	2208 544
	2208 576
	2144 576
4
	2464 544
	2560 544
	2560 576
	2464 576
4
	2688 544
	4288 544
	4288 576
	2688 576
4
	4480 544
	5888 544
	5888 576
	4480 576
4
	0 576
	640 576
	640 608
	0 608
4
	736 576
	800 576
	800 608
	736 608
4
	1120 576
	1184 576
	1184 608
	1120 608
4
	1504 576
	1568 576
	1568 608
	1504 608
4
	1696 576
	2080 576
	2080 608
	1696 608
4
	2368 576
	2560 576
	2560 608
	2368 608
4
	2688 576
	4288 576
	4288 608
	2688 608
4
	4480 576
	5888 576
	5888 608
	4480 608
4
	0 608
	608 608
	608 640
	0 640
4
	736 608
	800 608
	800 640
	736 640
4
	1120 608
	1184 608
	1184 640
	1120 640
4
	1504 608
	1568 608
	1568 640
	1504 640
4
	1696 608
	2112 608
	2112 640
	1696 640
4
	2272 608
	2560 608
	2560 640
	2272 640
4
	2688 608
	4288 608
	4288 640
	2688 640
4
	4480 608
	5888 608
	5888 640
	4480 640
4
	0 640
	576 640
	576 672
	0 672
4
	736 640
	800 640
	800 672
	736 672
4
	1120 640
	1184 640
	1184 672
	1120 672
4
	1504 640
	1568 640
	1568 672
	1504 672
4
	1696 640
	2112 640
	2112 672
	1696 672
4
	2272 640
	2464 640
	2464 672
	2272 672
4
	2688 640
	4288 640
	4288 672
	2688 672
4
	4480 640
	5888 640
	5888 672
	4480 672
4
	0 672
	544 672
	544 704
	0 704
4
	736 672
	800 672
	800 704
	736 704
4
	1120 672
	1184 672
	1184 704
	1120 704
4
	1504 672
	1568 672
	1568 704
	1504 704
4
	1760 672
	2144 672
	2144 704
	1760 704
4
	2272 672
	2464 672
	2464 704
	2272 704
4
	2496 672
	2656 672
	2656 704
	2496 704
4
	2688 672
	4288 672
	4288 704
	2688 704
4
	4480 672
	5888 672
	5888 704
	4480 704
4
	0 704
	512 704
	512 736
	0 736
4
	736 704
	800 704
	800 736
	736 736
4
	1120 704
	1184 704
	1184 736
	1120 736
4
	1504 704
	1568 704
	1568 736
	1504 736
4
	1760 704
	2144 704
	2144 736
	1760 736
4
	2272 704
	2368 704
	2368 736
	2272 736
4
	2496 704
	2656 704
	2656 736
	2496 736
4
	2688 704
	4288 704
	4288 736
	2688 736
4
	4480 704
	5888 704
	5888 736
	4480 736
4
	0 736
	480 736
	480 768
	0 768
4
	736 736
	800 736
	800 768
	736 768
4
	1120 736
	1184 736
	1184 768
	1120 768
4
	1760 736
	2080 736
	2080 768
	1760 768
4
	2496 736
	2624 736
	2624 768
	2496 768
4
	2688 736
	4288 736
	4288 768
	2688 768
4
	4480 736
	5888 736
	5888 768
	4480 768
4
	0 768
	480 768
	480 800
	0 800
4
	1792 768
	2016 768
	2016 800
	1792 800
4
	2496 768
	2624 768
	2624 800
	2496 800
4
	2688 768
	4288 768
	4288 800
	2688 800
4
	4480 768
	5888 768
	5888 800
	4480 800
4
	0 800
	480 800
	480 832
	0 832
4
	1792 800
	1952 800
	1952 832
	1792 832
4
	2496 800
	2624 800
	2624 832
	2496 832
4
	2688 800
	4288 800
	4288 832
	2688 832
4
	4480 800
	5888 800
	5888 832
	4480 832
4
	0 832
	480 832
	480 864
	0 864
4
	1824 832
	1888 832
	1888 864
	1824 864
4
	2560 832
	2624 832
	2624 864
	2560 864
4
	2688 832
	4288 832
	4288 864
	2688 864
4
	4480 832
	5888 832
	5888 864
	4480 864
4
	0 864
	480 864
	480 896
	0 896
4
	2528 864
	2624 864
	2624 896
	2528 896
4
	2688 864
	4288 864
	4288 896
	2688 896
4
	4480 864
	5888 864
	5888 896
	4480 896
4
	0 896
	480 896
	480 928
	0 928
4
	2368 896
	2432 896
	2432 928
	2368 928
4
	2496 896
	2624 896
	2624 928
	2496 928
4
	2688 896
	4288 896
	4288 928
	2688 928
4
	4480 896
	5888 896
	5888 928
	4480 928
4
	0 928
	480 928
	480 960
	0 960
4
	2368 928
	2432 928
	2432 960
	2368 960
4
	2496 928
	2624 928
	2624 960
	2496 960
4
	2656 928
	4288 928
	4288 960
	2656 960
4
	4480 928
	5888 928
	5888 960
	4480 960
4
	0 960
	480 960
	480 992
	0 992
4
	2368 960
	2432 960
	2432 992
	2368 992
4
	2496 960
	2624 960
	2624 992
	2496 992
4
	2656 960
	4288 960
	4288 992
	2656 992
4
	4480 960
	5888 960
	5888 992
	4480 992
4
	0 992
	480 992
	480 1024
	0 1024
4
	2656 992
	3840 992
	3840 1024
	2656 1024
4
	4480 992
	5888 992
	5888 1024
	4480 1024
4
	0 1024
	480 1024
	480 1056
	0 1056
4
	2656 1024
	3840 1024
	3840 1056
	2656 1056
4
	4480 1024
	5888 1024
	5888 1056
	4480 1056
4
	0 1056
	480 1056
	480 1088
	0 1088
4
	2688 1056
	2784 1056
	2784 1088
	2688 1088
4
	2912 1056
	3840 1056
	3840 1088
	2912 1088
4
	4480 1056
	5888 1056
	5888 1088
	4480 1088
4
	0 1088
	480 1088
	480 1120
	0 1120
4
	3008 1088
	3840 1088
	3840 1120
	3008 1120
4
	4480 1088
	5888 1088
	5888 1120
	4480 1120
4
	0 1120
	480 1120
	480 1152
	0 1152
4
	3008 1120
	3840 1120
	3840 1152
	3008 1152
4
	4480 1120
	5888 1120
	5888 1152
	4480 1152
4
	0 1152
	480 1152
	480 1184
	0 1184
4
	1664 1152
	1760 1152
	1760 1184
	1664 1184
4
	2176 1152
	2304 1152
	2304 1184
	2176 1184
4
	3008 1152
	3840 1152
	3840 1184
	3008 1184
4
	4480 1152
	5888 1152
	5888 1184
	4480 1184
4
	0 1184
	480 1184
	480 1216
	0 1216
4
	1344 1184
	2304 1184
	2304 1216
	1344 1216
4
	3008 1184
	4064 1184
	4064 1216
	3008 1216
4
	4224 1184
	5888 1184
	5888 1216
	4224 1216
4
	0 1216
	512 1216
	512 1248
	0 1248
4
	1312 1216
	1664 1216
	1664 1248
	1312 1248
4
	2272 1216
	2304 1216
	2304 1248
	2272 1248
4
	2976 1216
	4064 1216
	4064 1248
	2976 1248
4
	4224 1216
	5888 1216
	5888 1248
	4224 1248
4
	0 1248
	512 1248
	512 1280
	0 1280
4
	1184 1248
	1696 1248
	1696 1280
	1184 1280
4
	2272 1248
	2304 1248
	2304 1280
	2272 1280
4
	2976 1248
	4064 1248
	4064 1280
	2976 1280
4
	4224 1248
	5888 1248
	5888 1280
	4224 1280
4
	0 1280
	512 1280
	512 1312
	0 1312
4
	2272 1280
	2304 1280
	2304 1312
	2272 1312
4
	3008 1280
	4064 1280
	4064 1312
	3008 1312
4
	4224 1280
	5888 1280
	5888 1312
	4224 1312
4
	0 1312
	512 1312
	512 1344
	0 1344
4
	3008 1312
	4064 1312
	4064 1344
	3008 1344
4
	4224 1312
	5888 1312
	5888 1344
	4224 1344
4
	0 1344
	512 1344
	512 1376
	0 1376
4
	3008 1344
	4064 1344
	4064 1376
	3008 1376
4
	4224 1344
	5888 1344
	5888 1376
	4224 1376
4
	0 1376
	512 1376
	512 1408
	0 1408
4
	3008 1376
	4064 1376
	4064 1408
	3008 1408
4
	4224 1376
	5888 1376
	5888 1408
	4224 1408
4
	0 1408
	512 1408
	512 1440
	0 1440
4
	2272 1408
	2304 1408
	2304 1440
	2272 1440
4
	2688 1408
	2784 1408
	2784 1440
	2688 1440
4
	3008 1408
	4064 1408
	4064 1440
	3008 1440
4
	4224 1408
	5888 1408
	5888 1440
	4224 1440
4
	0 1440
	512 1440
	512 1472
	0 1472
4
	1120 1440
	1216 1440
	1216 1472
	1120 1472
4
	1408 1440
	1792 1440
	1792 1472
	1408 1472
4
	2176 1440
	2816 1440
	2816 1472
	2176 1472
4
	3008 1440
	4064 1440
	4064 1472
	3008 1472
4
	4224 1440
	5888 1440
	5888 1472
	4224 1472
4
	0 1472
	512 1472
	512 1504
	0 1504
4
	1120 1472
	1824 1472
	1824 1504
	1120 1504
4
	2080 1472
	2816 1472
	2816 1504
	2080 1504
4
	3008 1472
	4064 1472
	4064 1504
	3008 1504
4
	4224 1472
	5888 1472
	5888 1504
	4224 1504
4
	0 1504
	480 1504
	480 1536
	0 1536
4
	1088 1504
	1824 1504
	1824 1536
	1088 1536
4
	1984 1504
	2816 1504
	2816 1536
	1984 1536
4
	3008 1504
	4064 1504
	4064 1536
	3008 1536
4
	4224 1504
	5888 1504
	5888 1536
	4224 1536
4
	0 1536
	480 1536
	480 1568
	0 1568
4
	1088 1536
	1824 1536
	1824 1568
	1088 1568
4
	1952 1536
	2816 1536
	2816 1568
	1952 1568
4
	3008 1536
	4064 1536
	4064 1568
	3008 1568
4
	4224 1536
	5888 1536
	5888 1568
	4224 1568
4
	0 1568
	480 1568
	480 1600
	0 1600
4
	1088 1568
	1792 1568
	1792 1600
	1088 1600
4
	1952 1568
	2816 1568
	2816 1600
	1952 1600
4
	3008 1568
	3808 1568
	3808 1600
	3008 1600
4
	4480 1568
	5888 1568
	5888 1600
	4480 1600
4
	0 1600
	480 1600
	480 1632
	0 1632
4
	1088 1600
	1760 1600
	1760 1632
	1088 1632
4
	1952 1600
	2816 1600
	2816 1632
	1952 1632
4
	3008 1600
	3808 1600
	3808 1632
	3008 1632
4
	4480 1600
	5888 1600
	5888 1632
	4480 1632
4
	0 1632
	480 1632
	480 1664
	0 1664
4
	1184 1632
	1760 1632
	1760 1664
	1184 1664
4
	1952 1632
	2816 1632
	2816 1664
	1952 1664
4
	3008 1632
	3808 1632
	3808 1664
	3008 1664
4
	4480 1632
	5888 1632
	5888 1664
	4480 1664
4
	0 1664
	480 1664
	480 1696
	0 1696
4
	640 1664
	768 1664
	768 1696
	640 1696
4
	896 1664
	1024 1664
	1024 1696
	896 1696
4
	1184 1664
	1760 1664
	1760 1696
	1184 1696
4
	1952 1664
	2816 1664
	2816 1696
	1952 1696
4
	3008 1664
	3808 1664
	3808 1696
	3008 1696
4
	4480 1664
	5888 1664
	5888 1696
	4480 1696
4
	0 1696
	1760 1696
	1760 1728
	0 1728
4
	1952 1696
	2816 1696
	2816 1728
	1952 1728
4
	3008 1696
	3808 1696
	3808 1728
	3008 1728
4
	4256 1696
	4320 1696
	4320 1728
	4256 1728
4
	4480 1696
	5888 1696
	5888 1728
	4480 1728
4
	0 1728
	1760 1728
	1760 1760
	0 1760
4
	1952 1728
	2816 1728
	2816 1760
	1952 1760
4
	2976 1728
	3808 1728
	3808 1760
	2976 1760
4
	4256 1728
	4320 1728
	4320 1760
	4256 1760
4
	4480 1728
	5888 1728
	5888 1760
	4480 1760
4
	0 1760
	1760 1760
	1760 1792
	0 1792
4
	1952 1760
	3808 1760
	3808 1792
	1952 1792
4
	4000 1760
	4064 1760
	4064 1792
	4000 1792
4
	4256 1760
	4288 1760
	4288 1792
	4256 1792
4
	4480 1760
	5888 1760
	5888 1792
	4480 1792
4
	0 1792
	1760 1792
	1760 1824
	0 1824
4
	1952 1792
	3808 1792
	3808 1824
	1952 1824
4
	4000 1792
	4064 1792
	4064 1824
	4000 1824
4
	4256 1792
	4288 1792
	4288 1824
	4256 1824
4
	4480 1792
	5888 1792
	5888 1824
	4480 1824
4
	0 1824
	1760 1824
	1760 1856
	0 1856
4
	1952 1824
	3552 1824
	3552 1856
	1952 1856
4
	4000 1824
	4096 1824
	4096 1856
	4000 1856
4
	4256 1824
	4288 1824
	4288 1856
	4256 1856
4
	4480 1824
	5888 1824
	5888 1856
	4480 1856
4
	0 1856
	1760 1856
	1760 1888
	0 1888
4
	1952 1856
	3552 1856
	3552 1888
	1952 1888
4
	4000 1856
	4096 1856
	4096 1888
	4000 1888
4
	4256 1856
	4288 1856
	4288 1888
	4256 1888
4
	4480 1856
	5888 1856
	5888 1888
	4480 1888
4
	0 1888
	1760 1888
	1760 1920
	0 1920
4
	1952 1888
	3552 1888
	3552 1920
	1952 1920
4
	4000 1888
	4096 1888
	4096 1920
	4000 1920
4
	4256 1888
	4288 1888
	4288 1920
	4256 1920
4
	4480 1888
	5888 1888
	5888 1920
	4480 1920
4
	0 1920
	1760 1920
	1760 1952
	0 1952
4
	2016 1920
	3552 1920
	3552 1952
	2016 1952
4
	4000 1920
	4096 1920
	4096 1952
	4000 1952
4
	4256 1920
	4288 1920
	4288 1952
	4256 1952
4
	4480 1920
	5888 1920
	5888 1952
	4480 1952
4
	0 1952
	1760 1952
	1760 1984
	0 1984
4
	2016 1952
	3552 1952
	3552 1984
	2016 1984
4
	4000 1952
	4064 1952
	4064 1984
	4000 1984
4
	4256 1952
	4288 1952
	4288 1984
	4256 1984
4
	4480 1952
	5888 1952
	5888 1984
	4480 1984
4
	0 1984
	1760 1984
	1760 2016
	0 2016
4
	2016 1984
	3552 1984
	3552 2016
	2016 2016
4
	4000 1984
	4064 1984
	4064 2016
	4000 2016
4
	4256 1984
	4288 1984
	4288 2016
	4256 2016
4
	4480 1984
	5888 1984
	5888 2016
	4480 2016
4
	0 2016
	1760 2016
	1760 2048
	0 2048
4
	1984 2016
	3552 2016
	3552 2048
	1984 2048
4
	4000 2016
	4064 2016
	4064 2048
	4000 2048
4
	4256 2016
	4288 2016
	4288 2048
	4256 2048
4
	4480 2016
	5888 2016
	5888 2048
	4480 2048
4
	0 2048
	1760 2048
	1760 2080
	0 2080
4
	1984 2048
	4064 2048
	4064 2080
	1984 2080
4
	4224 2048
	5888 2048
	5888 2080
	4224 2080
4
	0 2080
	736 2080
	736 2112
	0 2112
4
	1984 2080
	3552 2080
	3552 2112
	1984 2112
4
	4000 2080
	4064 2080
	4064 2112
	4000 2112
4
	4224 2080
	4320 2080
	4320 2112
	4224 2112
4
	4480 2080
	5888 2080
	5888 2112
	4480 2112
4
	0 2112
	736 2112
	736 2144
	0 2144
4
	1952 2112
	3552 2112
	3552 2144
	1952 2144
4
	4000 2112
	4064 2112
	4064 2144
	4000 2144
4
	4224 2112
	4320 2112
	4320 2144
	4224 2144
4
	4480 2112
	5888 2112
	5888 2144
	4480 2144
4
	0 2144
	736 2144
	736 2176
	0 2176
4
	1920 2144
	3552 2144
	3552 2176
	1920 2176
4
	4000 2144
	4064 2144
	4064 2176
	4000 2176
4
	4224 2144
	4320 2144
	4320 2176
	4224 2176
4
	4480 2144
	5888 2144
	5888 2176
	4480 2176
4
	0 2176
	736 2176
	736 2208
	0 2208
4
	1920 2176
	3552 2176
	3552 2208
	1920 2208
4
	4000 2176
	4064 2176
	4064 2208
	4000 2208
4
	4224 2176
	4320 2176
	4320 2208
	4224 2208
4
	4480 2176
	5888 2176
	5888 2208
	4480 2208
4
	0 2208
	736 2208
	736 2240
	0 2240
4
	1920 2208
	3552 2208
	3552 2240
	1920 2240
4
	4000 2208
	4064 2208
	4064 2240
	4000 2240
4
	4224 2208
	4320 2208
	4320 2240
	4224 2240
4
	4480 2208
	5888 2208
	5888 2240
	4480 2240
4
	0 2240
	736 2240
	736 2272
	0 2272
4
	1920 2240
	3552 2240
	3552 2272
	1920 2272
4
	4000 2240
	4064 2240
	4064 2272
	4000 2272
4
	4224 2240
	4320 2240
	4320 2272
	4224 2272
4
	4480 2240
	5888 2240
	5888 2272
	4480 2272
4
	0 2272
	736 2272
	736 2304
	0 2304
4
	1888 2272
	3552 2272
	3552 2304
	1888 2304
4
	4256 2272
	4288 2272
	4288 2304
	4256 2304
4
	4480 2272
	5888 2272
	5888 2304
	4480 2304
4
	0 2304
	736 2304
	736 2336
	0 2336
4
	1888 2304
	3584 2304
	3584 2336
	1888 2336
4
	4480 2304
	5888 2304
	5888 2336
	4480 2336
4
	0 2336
	736 2336
	736 2368
	0 2368
4
	1920 2336
	3040 2336
	3040 2368
	1920 2368
4
	3200 2336
	3584 2336
	3584 2368
	3200 2368
4
	3616 2336
	3712 2336
	3712 2368
	3616 2368
4
	4480 2336
	5888 2336
	5888 2368
	4480 2368
4
	0 2368
	736 2368
	736 2400
	0 2400
4
	1952 2368
	3040 2368
	3040 2400
	1952 2400
4
	3168 2368
	3744 2368
	3744 2400
	3168 2400
4
	4480 2368
	5888 2368
	5888 2400
	4480 2400
4
	0 2400
	736 2400
	736 2432
	0 2432
4
	1472 2400
	1600 2400
	1600 2432
	1472 2432
4
	1920 2400
	3040 2400
	3040 2432
	1920 2432
4
	3136 2400
	3744 2400
	3744 2432
	3136 2432
4
	4480 2400
	5888 2400
	5888 2432
	4480 2432
4
	0 2432
	736 2432
	736 2464
	0 2464
4
	1472 2432
	1600 2432
	1600 2464
	1472 2464
4
	1888 2432
	3040 2432
	3040 2464
	1888 2464
4
	3136 2432
	3712 2432
	3712 2464
	3136 2464
4
	4480 2432
	5888 2432
	5888 2464
	4480 2464
4
	0 2464
	736 2464
	736 2496
	0 2496
4
	1152 2464
	3040 2464
	3040 2496
	1152 2496
4
	3136 2464
	3680 2464
	3680 2496
	3136 2496
4
	4480 2464
	5888 2464
	5888 2496
	4480 2496
4
	0 2496
	736 2496
	736 2528
	0 2528
4
	1152 2496
	3072 2496
	3072 2528
	1152 2528
4
	3136 2496
	3488 2496
	3488 2528
	3136 2528
4
	3552 2496
	3648 2496
	3648 2528
	3552 2528
4
	4480 2496
	5888 2496
	5888 2528
	4480 2528
4
	0 2528
	768 2528
	768 2560
	0 2560
4
	1120 2528
	3072 2528
	3072 2560
	1120 2560
4
	3168 2528
	3232 2528
	3232 2560
	3168 2560
4
	3264 2528
	3456 2528
	3456 2560
	3264 2560
4
	4480 2528
	5888 2528
	5888 2560
	4480 2560
4
	0 2560
	768 2560
	768 2592
	0 2592
4
	1120 2560
	3104 2560
	3104 2592
	1120 2592
4
	3360 2560
	3456 2560
	3456 2592
	3360 2592
4
	4480 2560
	5888 2560
	5888 2592
	4480 2592
4
	0 2592
	736 2592
	736 2624
	0 2624
4
	1152 2592
	3104 2592
	3104 2624
	1152 2624
4
	3328 2592
	3456 2592
	3456 2624
	3328 2624
4
	4512 2592
	5888 2592
	5888 2624
	4512 2624
4
	0 2624
	736 2624
	736 2656
	0 2656
4
	1152 2624
	3104 2624
	3104 2656
	1152 2656
4
	3296 2624
	3488 2624
	3488 2656
	3296 2656
4
	4512 2624
	5888 2624
	5888 2656
	4512 2656
4
	0 2656
	736 2656
	736 2688
	0 2688
4
	1152 2656
	3104 2656
	3104 2688
	1152 2688
4
	3264 2656
	3456 2656
	3456 2688
	3264 2688
4
	4512 2656
	5888 2656
	5888 2688
	4512 2688
4
	0 2688
	736 2688
	736 2720
	0 2720
4
	1152 2688
	3104 2688
	3104 2720
	1152 2720
4
	3296 2688
	3424 2688
	3424 2720
	3296 2720
4
	4096 2688
	4224 2688
	4224 2720
	4096 2720
4
	4512 2688
	5888 2688
	5888 2720
	4512 2720
4
	0 2720
	736 2720
	736 2752
	0 2752
4
	1152 2720
	3040 2720
	3040 2752
	1152 2752
4
	3328 2720
	3392 2720
	3392 2752
	3328 2752
4
	4064 2720
	4224 2720
	4224 2752
	4064 2752
4
	4480 2720
	5888 2720
	5888 2752
	4480 2752
4
	0 2752
	736 2752
	736 2784
	0 2784
4
	1152 2752
	2528 2752
	2528 2784
	1152 2784
4
	2656 2752
	3072 2752
	3072 2784
	2656 2784
4
	3104 2752
	3200 2752
	3200 2784
	3104 2784
4
	4064 2752
	4256 2752
	4256 2784
	4064 2784
4
	4480 2752
	5888 2752
	5888 2784
	4480 2784
4
	0 2784
	736 2784
	736 2816
	0 2816
4
	1152 2784
	2528 2784
	2528 2816
	1152 2816
4
	2688 2784
	3072 2784
	3072 2816
	2688 2816
4
	3104 2784
	3200 2784
	3200 2816
	3104 2816
4
	4064 2784
	4256 2784
	4256 2816
	4064 2816
4
	4512 2784
	5888 2784
	5888 2816
	4512 2816
4
	0 2816
	736 2816
	736 2848
	0 2848
4
	1152 2816
	2528 2816
	2528 2848
	1152 2848
4
	2688 2816
	3040 2816
	3040 2848
	2688 2848
4
	3104 2816
	3200 2816
	3200 2848
	3104 2848
4
	4064 2816
	4224 2816
	4224 2848
	4064 2848
4
	4512 2816
	5888 2816
	5888 2848
	4512 2848
4
	0 2848
	736 2848
	736 2880
	0 2880
4
	1152 2848
	2528 2848
	2528 2880
	1152 2880
4
	2688 2848
	3040 2848
	3040 2880
	2688 2880
4
	3104 2848
	3200 2848
	3200 2880
	3104 2880
4
	4128 2848
	4192 2848
	4192 2880
	4128 2880
4
	4512 2848
	5888 2848
	5888 2880
	4512 2880
4
	0 2880
	736 2880
	736 2912
	0 2912
4
	1152 2880
	2528 2880
	2528 2912
	1152 2912
4
	2688 2880
	3040 2880
	3040 2912
	2688 2912
4
	3104 2880
	3200 2880
	3200 2912
	3104 2912
4
	4512 2880
	5888 2880
	5888 2912
	4512 2912
4
	0 2912
	736 2912
	736 2944
	0 2944
4
	1152 2912
	2272 2912
	2272 2944
	1152 2944
4
	2304 2912
	2528 2912
	2528 2944
	2304 2944
4
	2688 2912
	3040 2912
	3040 2944
	2688 2944
4
	3328 2912
	3488 2912
	3488 2944
	3328 2944
4
	3520 2912
	3616 2912
	3616 2944
	3520 2944
4
	4512 2912
	5888 2912
	5888 2944
	4512 2944
4
	0 2944
	736 2944
	736 2976
	0 2976
4
	1152 2944
	2272 2944
	2272 2976
	1152 2976
4
	2304 2944
	2528 2944
	2528 2976
	2304 2976
4
	2688 2944
	3040 2944
	3040 2976
	2688 2976
4
	3296 2944
	3616 2944
	3616 2976
	3296 2976
4
	4512 2944
	5888 2944
	5888 2976
	4512 2976
4
	0 2976
	768 2976
	768 3008
	0 3008
4
	1120 2976
	2272 2976
	2272 3008
	1120 3008
4
	2304 2976
	2560 2976
	2560 3008
	2304 3008
4
	2688 2976
	3040 2976
	3040 3008
	2688 3008
4
	3200 2976
	3616 2976
	3616 3008
	3200 3008
4
	4480 2976
	5888 2976
	5888 3008
	4480 3008
4
	0 3008
	768 3008
	768 3040
	0 3040
4
	1120 3008
	2272 3008
	2272 3040
	1120 3040
4
	2304 3008
	2528 3008
	2528 3040
	2304 3040
4
	2688 3008
	3040 3008
	3040 3040
	2688 3040
4
	3200 3008
	3584 3008
	3584 3040
	3200 3040
4
	4480 3008
	5888 3008
	5888 3040
	4480 3040
4
	0 3040
	768 3040
	768 3072
	0 3072
4
	1120 3040
	2272 3040
	2272 3072
	1120 3072
4
	2336 3040
	2528 3040
	2528 3072
	2336 3072
4
	2688 3040
	2752 3040
	2752 3072
	2688 3072
4
	2784 3040
	3040 3040
	3040 3072
	2784 3072
4
	3200 3040
	3584 3040
	3584 3072
	3200 3072
4
	4448 3040
	5888 3040
	5888 3072
	4448 3072
4
	0 3072
	768 3072
	768 3104
	0 3104
4
	1120 3072
	2272 3072
	2272 3104
	1120 3104
4
	2944 3072
	3040 3072
	3040 3104
	2944 3104
4
	3200 3072
	3584 3072
	3584 3104
	3200 3104
4
	4448 3072
	5888 3072
	5888 3104
	4448 3104
4
	0 3104
	480 3104
	480 3136
	0 3136
4
	640 3104
	768 3104
	768 3136
	640 3136
4
	1120 3104
	1248 3104
	1248 3136
	1120 3136
4
	1440 3104
	1728 3104
	1728 3136
	1440 3136
4
	1792 3104
	2272 3104
	2272 3136
	1792 3136
4
	2464 3104
	2784 3104
	2784 3136
	2464 3136
4
	2944 3104
	3040 3104
	3040 3136
	2944 3136
4
	3200 3104
	3616 3104
	3616 3136
	3200 3136
4
	4480 3104
	5888 3104
	5888 3136
	4480 3136
4
	0 3136
	480 3136
	480 3168
	0 3168
4
	1536 3136
	1728 3136
	1728 3168
	1536 3168
4
	1888 3136
	2272 3136
	2272 3168
	1888 3168
4
	2944 3136
	3040 3136
	3040 3168
	2944 3168
4
	3232 3136
	3616 3136
	3616 3168
	3232 3168
4
	4480 3136
	5888 3136
	5888 3168
	4480 3168
4
	0 3168
	480 3168
	480 3200
	0 3200
4
	1503 3199
	1505 3199
	1505 3201
	1503 3201
4
	1472 3168
	1504 3168
	1504 3200
	1472 3200
4
	1536 3168
	1728 3168
	1728 3200
	1536 3200
4
	1920 3168
	2272 3168
	2272 3200
	1920 3200
4
	2944 3168
	3040 3168
	3040 3200
	2944 3200
4
	3232 3168
	3616 3168
	3616 3200
	3232 3200
4
	4480 3168
	5888 3168
	5888 3200
	4480 3200
4
	0 3200
	480 3200
	480 3232
	0 3232
4
	512 3200
	640 3200
	640 3232
	512 3232
4
	1504 3200
	1728 3200
	1728 3232
	1504 3232
4
	1920 3200
	2272 3200
	2272 3232
	1920 3232
4
	2944 3200
	3040 3200
	3040 3232
	2944 3232
4
	3264 3200
	3552 3200
	3552 3232
	3264 3232
4
	4448 3200
	5888 3200
	5888 3232
	4448 3232
4
	0 3232
	480 3232
	480 3264
	0 3264
4
	512 3232
	672 3232
	672 3264
	512 3264
4
	1536 3232
	1728 3232
	1728 3264
	1536 3264
4
	1920 3232
	2272 3232
	2272 3264
	1920 3264
4
	2944 3232
	3584 3232
	3584 3264
	2944 3264
4
	4480 3232
	5888 3232
	5888 3264
	4480 3264
4
	0 3264
	672 3264
	672 3296
	0 3296
4
	1568 3264
	1728 3264
	1728 3296
	1568 3296
4
	1920 3264
	2272 3264
	2272 3296
	1920 3296
4
	2944 3264
	3584 3264
	3584 3296
	2944 3296
4
	4480 3264
	5888 3264
	5888 3296
	4480 3296
4
	0 3296
	672 3296
	672 3328
	0 3328
4
	1600 3296
	1728 3296
	1728 3328
	1600 3328
4
	1920 3296
	2272 3296
	2272 3328
	1920 3328
4
	2944 3296
	3584 3296
	3584 3328
	2944 3328
4
	4480 3296
	5888 3296
	5888 3328
	4480 3328
4
	0 3328
	672 3328
	672 3360
	0 3360
4
	1632 3328
	1728 3328
	1728 3360
	1632 3360
4
	1920 3328
	2272 3328
	2272 3360
	1920 3360
4
	2944 3328
	3648 3328
	3648 3360
	2944 3360
4
	4448 3328
	5888 3328
	5888 3360
	4448 3360
4
	0 3360
	672 3360
	672 3392
	0 3392
4
	1024 3360
	1120 3360
	1120 3392
	1024 3392
4
	1664 3360
	1728 3360
	1728 3392
	1664 3392
4
	2944 3360
	3552 3360
	3552 3392
	2944 3392
4
	3584 3360
	3680 3360
	3680 3392
	3584 3392
4
	4480 3360
	5888 3360
	5888 3392
	4480 3392
4
	0 3392
	672 3392
	672 3424
	0 3424
4
	992 3392
	1152 3392
	1152 3424
	992 3424
4
	1664 3392
	1728 3392
	1728 3424
	1664 3424
4
	2944 3392
	3552 3392
	3552 3424
	2944 3424
4
	3584 3392
	3680 3392
	3680 3424
	3584 3424
4
	4480 3392
	5888 3392
	5888 3424
	4480 3424
4
	0 3424
	672 3424
	672 3456
	0 3456
4
	992 3424
	1152 3424
	1152 3456
	992 3456
4
	1664 3424
	1728 3424
	1728 3456
	1664 3456
4
	2944 3424
	3552 3424
	3552 3456
	2944 3456
4
	3584 3424
	3680 3424
	3680 3456
	3584 3456
4
	4480 3424
	5888 3424
	5888 3456
	4480 3456
4
	0 3456
	640 3456
	640 3488
	0 3488
4
	1024 3456
	1152 3456
	1152 3488
	1024 3488
4
	1472 3456
	1728 3456
	1728 3488
	1472 3488
4
	2464 3456
	2784 3456
	2784 3488
	2464 3488
4
	2944 3456
	3552 3456
	3552 3488
	2944 3488
4
	3584 3456
	3680 3456
	3680 3488
	3584 3488
4
	4448 3456
	5888 3456
	5888 3488
	4448 3488
4
	0 3488
	640 3488
	640 3520
	0 3520
4
	1024 3488
	1152 3488
	1152 3520
	1024 3520
4
	1472 3488
	1728 3488
	1728 3520
	1472 3520
4
	2464 3488
	2784 3488
	2784 3520
	2464 3520
4
	2944 3488
	3552 3488
	3552 3520
	2944 3520
4
	3584 3488
	3680 3488
	3680 3520
	3584 3520
4
	4448 3488
	5888 3488
	5888 3520
	4448 3520
4
	0 3520
	736 3520
	736 3552
	0 3552
4
	1024 3520
	1152 3520
	1152 3552
	1024 3552
4
	1664 3520
	1728 3520
	1728 3552
	1664 3552
4
	2464 3520
	2784 3520
	2784 3552
	2464 3552
4
	2944 3520
	3552 3520
	3552 3552
	2944 3552
4
	3584 3520
	3680 3520
	3680 3552
	3584 3552
4
	4480 3520
	5888 3520
	5888 3552
	4480 3552
4
	0 3552
	768 3552
	768 3584
	0 3584
4
	1664 3552
	1728 3552
	1728 3584
	1664 3584
4
	2464 3552
	2752 3552
	2752 3584
	2464 3584
4
	2944 3552
	3552 3552
	3552 3584
	2944 3584
4
	3584 3552
	3680 3552
	3680 3584
	3584 3584
4
	4480 3552
	5888 3552
	5888 3584
	4480 3584
4
	0 3584
	768 3584
	768 3616
	0 3616
4
	1664 3584
	1728 3584
	1728 3616
	1664 3616
4
	2464 3584
	2752 3584
	2752 3616
	2464 3616
4
	2944 3584
	3552 3584
	3552 3616
	2944 3616
4
	3584 3584
	3680 3584
	3680 3616
	3584 3616
4
	4480 3584
	5888 3584
	5888 3616
	4480 3616
4
	0 3616
	736 3616
	736 3648
	0 3648
4
	1664 3616
	1728 3616
	1728 3648
	1664 3648
4
	2464 3616
	2752 3616
	2752 3648
	2464 3648
4
	2944 3616
	3552 3616
	3552 3648
	2944 3648
4
	3584 3616
	3680 3616
	3680 3648
	3584 3648
4
	4512 3616
	5888 3616
	5888 3648
	4512 3648
4
	0 3648
	640 3648
	640 3680
	0 3680
4
	1664 3648
	1728 3648
	1728 3680
	1664 3680
4
	2464 3648
	2752 3648
	2752 3680
	2464 3680
4
	2944 3648
	3552 3648
	3552 3680
	2944 3680
4
	4512 3648
	5888 3648
	5888 3680
	4512 3680
4
	0 3680
	640 3680
	640 3712
	0 3712
4
	1664 3680
	1728 3680
	1728 3712
	1664 3712
4
	2464 3680
	2752 3680
	2752 3712
	2464 3712
4
	2944 3680
	3552 3680
	3552 3712
	2944 3712
4
	4512 3680
	5888 3680
	5888 3712
	4512 3712
4
	0 3712
	576 3712
	576 3744
	0 3744
4
	1440 3712
	1728 3712
	1728 3744
	1440 3744
4
	2464 3712
	2752 3712
	2752 3744
	2464 3744
4
	2944 3712
	3552 3712
	3552 3744
	2944 3744
4
	4512 3712
	5888 3712
	5888 3744
	4512 3744
4
	0 3744
	576 3744
	576 3776
	0 3776
4
	736 3744
	800 3744
	800 3776
	736 3776
4
	1440 3744
	1728 3744
	1728 3776
	1440 3776
4
	1920 3744
	2272 3744
	2272 3776
	1920 3776
4
	2464 3744
	2752 3744
	2752 3776
	2464 3776
4
	2944 3744
	3584 3744
	3584 3776
	2944 3776
4
	4512 3744
	5888 3744
	5888 3776
	4512 3776
4
	0 3776
	480 3776
	480 3808
	0 3808
4
	704 3776
	832 3776
	832 3808
	704 3808
4
	1664 3776
	1728 3776
	1728 3808
	1664 3808
4
	1920 3776
	2272 3776
	2272 3808
	1920 3808
4
	2464 3776
	2752 3776
	2752 3808
	2464 3808
4
	2944 3776
	3616 3776
	3616 3808
	2944 3808
4
	4512 3776
	5888 3776
	5888 3808
	4512 3808
4
	0 3808
	480 3808
	480 3840
	0 3840
4
	736 3808
	832 3808
	832 3840
	736 3840
4
	1664 3808
	1728 3808
	1728 3840
	1664 3840
4
	1920 3808
	2272 3808
	2272 3840
	1920 3840
4
	2464 3808
	2752 3808
	2752 3840
	2464 3840
4
	2944 3808
	3616 3808
	3616 3840
	2944 3840
4
	4512 3808
	5888 3808
	5888 3840
	4512 3840
4
	0 3840
	576 3840
	576 3872
	0 3872
4
	768 3840
	800 3840
	800 3872
	768 3872
4
	1664 3840
	1760 3840
	1760 3872
	1664 3872
4
	1920 3840
	2272 3840
	2272 3872
	1920 3872
4
	2464 3840
	2752 3840
	2752 3872
	2464 3872
4
	2944 3840
	3584 3840
	3584 3872
	2944 3872
4
	4512 3840
	5888 3840
	5888 3872
	4512 3872
4
	0 3872
	576 3872
	576 3904
	0 3904
4
	1664 3872
	1760 3872
	1760 3904
	1664 3904
4
	1920 3872
	2272 3872
	2272 3904
	1920 3904
4
	2464 3872
	2752 3872
	2752 3904
	2464 3904
4
	2944 3872
	3104 3872
	3104 3904
	2944 3904
4
	3360 3872
	3424 3872
	3424 3904
	3360 3904
4
	3456 3872
	3584 3872
	3584 3904
	3456 3904
4
	4512 3872
	5888 3872
	5888 3904
	4512 3904
4
	0 3904
	576 3904
	576 3936
	0 3936
4
	1600 3904
	1760 3904
	1760 3936
	1600 3936
4
	1920 3904
	2272 3904
	2272 3936
	1920 3936
4
	2464 3904
	2752 3904
	2752 3936
	2464 3936
4
	2944 3904
	3040 3904
	3040 3936
	2944 3936
4
	3296 3904
	3424 3904
	3424 3936
	3296 3936
4
	4512 3904
	5888 3904
	5888 3936
	4512 3936
4
	0 3936
	576 3936
	576 3968
	0 3968
4
	1600 3936
	1760 3936
	1760 3968
	1600 3968
4
	1920 3936
	2272 3936
	2272 3968
	1920 3968
4
	2464 3936
	2752 3936
	2752 3968
	2464 3968
4
	2944 3936
	3040 3936
	3040 3968
	2944 3968
4
	3264 3936
	3424 3936
	3424 3968
	3264 3968
4
	4512 3936
	5888 3936
	5888 3968
	4512 3968
4
	0 3968
	576 3968
	576 4000
	0 4000
4
	768 3968
	864 3968
	864 4000
	768 4000
4
	1600 3968
	1760 3968
	1760 4000
	1600 4000
4
	1920 3968
	2272 3968
	2272 4000
	1920 4000
4
	2464 3968
	2752 3968
	2752 4000
	2464 4000
4
	2944 3968
	3072 3968
	3072 4000
	2944 4000
4
	3200 3968
	3392 3968
	3392 4000
	3200 4000
4
	4448 3968
	5888 3968
	5888 4000
	4448 4000
4
	0 4000
	480 4000
	480 4032
	0 4032
4
	768 4000
	864 4000
	864 4032
	768 4032
4
	1632 4000
	1760 4000
	1760 4032
	1632 4032
4
	1920 4000
	2272 4000
	2272 4032
	1920 4032
4
	2464 4000
	2752 4000
	2752 4032
	2464 4032
4
	2912 4000
	3104 4000
	3104 4032
	2912 4032
4
	3168 4000
	3360 4000
	3360 4032
	3168 4032
4
	4512 4000
	5888 4000
	5888 4032
	4512 4032
4
	0 4032
	512 4032
	512 4064
	0 4064
4
	768 4032
	928 4032
	928 4064
	768 4064
4
	1632 4032
	1760 4032
	1760 4064
	1632 4064
4
	1920 4032
	2272 4032
	2272 4064
	1920 4064
4
	2400 4032
	2752 4032
	2752 4064
	2400 4064
4
	2912 4032
	3104 4032
	3104 4064
	2912 4064
4
	3136 4032
	3296 4032
	3296 4064
	3136 4064
4
	4512 4032
	5888 4032
	5888 4064
	4512 4064
4
	0 4064
	512 4064
	512 4096
	0 4096
4
	864 4064
	928 4064
	928 4096
	864 4096
4
	1664 4064
	1760 4064
	1760 4096
	1664 4096
4
	1920 4064
	2272 4064
	2272 4096
	1920 4096
4
	2464 4064
	2752 4064
	2752 4096
	2464 4096
4
	2912 4064
	3104 4064
	3104 4096
	2912 4096
4
	3136 4064
	3264 4064
	3264 4096
	3136 4096
4
	4512 4064
	5888 4064
	5888 4096
	4512 4096
4
	0 4096
	512 4096
	512 4128
	0 4128
4
	1632 4096
	1728 4096
	1728 4128
	1632 4128
4
	1920 4096
	2272 4096
	2272 4128
	1920 4128
4
	2464 4096
	2752 4096
	2752 4128
	2464 4128
4
	2944 4096
	3072 4096
	3072 4128
	2944 4128
4
	3168 4096
	3200 4096
	3200 4128
	3168 4128
4
	4096 4096
	4192 4096
	4192 4128
	4096 4128
4
	4512 4096
	5888 4096
	5888 4128
	4512 4128
4
	0 4128
	512 4128
	512 4160
	0 4160
4
	1632 4128
	1728 4128
	1728 4160
	1632 4160
4
	1952 4128
	1984 4128
	1984 4160
	1952 4160
4
	2176 4128
	2272 4128
	2272 4160
	2176 4160
4
	2464 4128
	2752 4128
	2752 4160
	2464 4160
4
	4064 4128
	4224 4128
	4224 4160
	4064 4160
4
	4512 4128
	5888 4128
	5888 4160
	4512 4160
4
	0 4160
	512 4160
	512 4192
	0 4192
4
	832 4160
	896 4160
	896 4192
	832 4192
4
	1248 4160
	1344 4160
	1344 4192
	1248 4192
4
	1696 4160
	1728 4160
	1728 4192
	1696 4192
4
	1952 4160
	1984 4160
	1984 4192
	1952 4192
4
	2176 4160
	2272 4160
	2272 4192
	2176 4192
4
	2464 4160
	2752 4160
	2752 4192
	2464 4192
4
	4032 4160
	4224 4160
	4224 4192
	4032 4192
4
	4512 4160
	5888 4160
	5888 4192
	4512 4192
4
	0 4192
	512 4192
	512 4224
	0 4224
4
	768 4192
	896 4192
	896 4224
	768 4224
4
	1696 4192
	1728 4192
	1728 4224
	1696 4224
4
	1952 4192
	1984 4192
	1984 4224
	1952 4224
4
	2176 4192
	2272 4192
	2272 4224
	2176 4224
4
	2464 4192
	2752 4192
	2752 4224
	2464 4224
4
	4032 4192
	4224 4192
	4224 4224
	4032 4224
4
	4512 4192
	5888 4192
	5888 4224
	4512 4224
4
	0 4224
	512 4224
	512 4256
	0 4256
4
	768 4224
	896 4224
	896 4256
	768 4256
4
	1696 4224
	1728 4224
	1728 4256
	1696 4256
4
	1952 4224
	1984 4224
	1984 4256
	1952 4256
4
	2176 4224
	2272 4224
	2272 4256
	2176 4256
4
	2464 4224
	2752 4224
	2752 4256
	2464 4256
4
	4064 4224
	4224 4224
	4224 4256
	4064 4256
4
	4512 4224
	5888 4224
	5888 4256
	4512 4256
4
	0 4256
	512 4256
	512 4288
	0 4288
4
	736 4256
	896 4256
	896 4288
	736 4288
4
	1696 4256
	1728 4256
	1728 4288
	1696 4288
4
	1952 4256
	1984 4256
	1984 4288
	1952 4288
4
	2144 4256
	2784 4256
	2784 4288
	2144 4288
4
	4128 4256
	4192 4256
	4192 4288
	4128 4288
4
	4480 4256
	5888 4256
	5888 4288
	4480 4288
4
	0 4288
	672 4288
	672 4320
	0 4320
4
	768 4288
	896 4288
	896 4320
	768 4320
4
	1696 4288
	1728 4288
	1728 4320
	1696 4320
4
	1952 4288
	1984 4288
	1984 4320
	1952 4320
4
	2176 4288
	2784 4288
	2784 4320
	2176 4320
4
	4480 4288
	5888 4288
	5888 4320
	4480 4320
4
	0 4320
	672 4320
	672 4352
	0 4352
4
	1696 4320
	1728 4320
	1728 4352
	1696 4352
4
	1952 4320
	1984 4320
	1984 4352
	1952 4352
4
	2176 4320
	2784 4320
	2784 4352
	2176 4352
4
	3488 4320
	3648 4320
	3648 4352
	3488 4352
4
	4480 4320
	5888 4320
	5888 4352
	4480 4352
4
	0 4352
	480 4352
	480 4384
	0 4384
4
	2176 4352
	2784 4352
	2784 4384
	2176 4384
4
	3456 4352
	3680 4352
	3680 4384
	3456 4384
4
	4480 4352
	5888 4352
	5888 4384
	4480 4384
4
	0 4384
	480 4384
	480 4416
	0 4416
4
	608 4384
	736 4384
	736 4416
	608 4416
4
	960 4384
	1152 4384
	1152 4416
	960 4416
4
	2176 4384
	2784 4384
	2784 4416
	2176 4416
4
	3456 4384
	3712 4384
	3712 4416
	3456 4416
4
	4480 4384
	5888 4384
	5888 4416
	4480 4416
4
	0 4416
	480 4416
	480 4448
	0 4448
4
	608 4416
	736 4416
	736 4448
	608 4448
4
	960 4416
	1152 4416
	1152 4448
	960 4448
4
	2176 4416
	2784 4416
	2784 4448
	2176 4448
4
	3488 4416
	3712 4416
	3712 4448
	3488 4448
4
	4480 4416
	5888 4416
	5888 4448
	4480 4448
4
	0 4448
	480 4448
	480 4480
	0 4480
4
	608 4448
	736 4448
	736 4480
	608 4480
4
	960 4448
	1152 4448
	1152 4480
	960 4480
4
	2176 4448
	2784 4448
	2784 4480
	2176 4480
4
	3520 4448
	3712 4448
	3712 4480
	3520 4480
4
	4480 4448
	5888 4448
	5888 4480
	4480 4480
4
	0 4480
	480 4480
	480 4512
	0 4512
4
	608 4480
	704 4480
	704 4512
	608 4512
4
	1024 4480
	1152 4480
	1152 4512
	1024 4512
4
	2176 4480
	2784 4480
	2784 4512
	2176 4512
4
	2944 4480
	3040 4480
	3040 4512
	2944 4512
4
	3552 4480
	3648 4480
	3648 4512
	3552 4512
4
	4224 4480
	4288 4480
	4288 4512
	4224 4512
4
	4480 4480
	5888 4480
	5888 4512
	4480 4512
4
	0 4512
	480 4512
	480 4544
	0 4544
4
	2176 4512
	3072 4512
	3072 4544
	2176 4544
4
	4160 4512
	4320 4512
	4320 4544
	4160 4544
4
	4480 4512
	5888 4512
	5888 4544
	4480 4544
4
	0 4544
	704 4544
	704 4576
	0 4576
4
	960 4544
	1024 4544
	1024 4576
	960 4576
4
	2176 4544
	3072 4544
	3072 4576
	2176 4576
4
	3264 4544
	3328 4544
	3328 4576
	3264 4576
4
	4000 4544
	4064 4544
	4064 4576
	4000 4576
4
	4128 4544
	4320 4544
	4320 4576
	4128 4576
4
	4480 4544
	5888 4544
	5888 4576
	4480 4576
4
	0 4576
	928 4576
	928 4608
	0 4608
4
	960 4576
	1024 4576
	1024 4608
	960 4608
4
	2176 4576
	3072 4576
	3072 4608
	2176 4608
4
	3264 4576
	3328 4576
	3328 4608
	3264 4608
4
	3520 4576
	3584 4576
	3584 4608
	3520 4608
4
	4000 4576
	4064 4576
	4064 4608
	4000 4608
4
	4096 4576
	4256 4576
	4256 4608
	4096 4608
4
	4480 4576
	5888 4576
	5888 4608
	4480 4608
4
	0 4608
	928 4608
	928 4640
	0 4640
4
	2016 4608
	3072 4608
	3072 4640
	2016 4640
4
	3264 4608
	3328 4608
	3328 4640
	3264 4640
4
	3520 4608
	3584 4608
	3584 4640
	3520 4640
4
	4000 4608
	4224 4608
	4224 4640
	4000 4640
4
	4480 4608
	5888 4608
	5888 4640
	4480 4640
4
	0 4640
	928 4640
	928 4672
	0 4672
4
	2176 4640
	3072 4640
	3072 4672
	2176 4672
4
	3264 4640
	3328 4640
	3328 4672
	3264 4672
4
	3520 4640
	3584 4640
	3584 4672
	3520 4672
4
	4000 4640
	4160 4640
	4160 4672
	4000 4672
4
	4480 4640
	5888 4640
	5888 4672
	4480 4672
4
	0 4672
	928 4672
	928 4704
	0 4704
4
	2176 4672
	3072 4672
	3072 4704
	2176 4704
4
	3264 4672
	3328 4672
	3328 4704
	3264 4704
4
	3520 4672
	3584 4672
	3584 4704
	3520 4704
4
	4000 4672
	4128 4672
	4128 4704
	4000 4704
4
	4480 4672
	5888 4672
	5888 4704
	4480 4704
4
	0 4704
	928 4704
	928 4736
	0 4736
4
	1024 4704
	1152 4704
	1152 4736
	1024 4736
4
	2176 4704
	3072 4704
	3072 4736
	2176 4736
4
	3264 4704
	3328 4704
	3328 4736
	3264 4736
4
	3520 4704
	3712 4704
	3712 4736
	3520 4736
4
	4000 4704
	4096 4704
	4096 4736
	4000 4736
4
	4480 4704
	5888 4704
	5888 4736
	4480 4736
4
	0 4736
	928 4736
	928 4768
	0 4768
4
	1024 4736
	1152 4736
	1152 4768
	1024 4768
4
	2176 4736
	3072 4736
	3072 4768
	2176 4768
4
	3264 4736
	3328 4736
	3328 4768
	3264 4768
4
	3520 4736
	3712 4736
	3712 4768
	3520 4768
4
	4000 4736
	4064 4736
	4064 4768
	4000 4768
4
	4480 4736
	5888 4736
	5888 4768
	4480 4768
4
	0 4768
	3904 4768
	3904 4800
	0 4800
4
	3968 4768
	5888 4768
	5888 4800
	3968 4800
4
	0 4800
	3840 4800
	3840 4832
	0 4832
4
	3968 4800
	5888 4800
	5888 4832
	3968 4832
4
	0 4832
	3840 4832
	3840 4864
	0 4864
4
	3968 4832
	5888 4832
	5888 4864
	3968 4864
4
	0 4864
	3840 4864
	3840 4896
	0 4896
4
	3968 4864
	5888 4864
	5888 4896
	3968 4896
4
	0 4896
	3552 4896
	3552 4928
	0 4928
4
	3584 4896
	3712 4896
	3712 4928
	3584 4928
4
	3968 4896
	5888 4896
	5888 4928
	3968 4928
4
	0 4928
	3552 4928
	3552 4960
	0 4960
4
	3968 4928
	5888 4928
	5888 4960
	3968 4960
4
	0 4960
	3552 4960
	3552 4992
	0 4992
4
	3968 4960
	5888 4960
	5888 4992
	3968 4992
4
	0 4992
	3552 4992
	3552 5024
	0 5024
4
	3968 4992
	5888 4992
	5888 5024
	3968 5024
4
	0 5024
	3552 5024
	3552 5056
	0 5056
4
	3968 5024
	5888 5024
	5888 5056
	3968 5056
4
	0 5056
	3552 5056
	3552 5088
	0 5088
4
	3968 5056
	5888 5056
	5888 5088
	3968 5088
4
	0 5088
	3552 5088
	3552 5120
	0 5120
4
	3968 5088
	5888 5088
	5888 5120
	3968 5120
4
	0 5120
	3552 5120
	3552 5152
	0 5152
4
	3968 5120
	5888 5120
	5888 5152
	3968 5152
4
	0 5152
	3552 5152
	3552 5184
	0 5184
4
	3968 5152
	5888 5152
	5888 5184
	3968 5184
4
	0 5184
	3552 5184
	3552 5216
	0 5216
4
	3968 5184
	5888 5184
	5888 5216
	3968 5216
4
	0 5216
	3552 5216
	3552 5248
	0 5248
4
	3808 5216
	5888 5216
	5888 5248
	3808 5248
4
	0 5248
	3552 5248
	3552 5280
	0 5280
4
	3968 5248
	5888 5248
	5888 5280
	3968 5280
4
	0 5280
	5888 5280
	5888 5312
	0 5312
4
	0 5312
	5888 5312
	5888 5344
	0 5344
4
	0 5344
	5888 5344
	5888 5376
	0 5376
4
	0 5376
	5888 5376
	5888 5408
	0 5408
4
	0 5408
	5888 5408
	5888 5440
	0 5440
4
	0 5440
	5888 5440
	5888 5472
	0 5472
4
	0 5472
	5888 5472
	5888 5504
	0 5504
4
	0 5504
	5888 5504
	5888 5536
	0 5536
4
	0 5536
	5888 5536
	5888 5568
	0 5568
4
	0 5568
	5888 5568
	5888 5600
	0 5600
4
	0 5600
	5888 5600
	5888 5632
	0 5632
4
	0 5632
	5888 5632
	5888 5664
	0 5664
4
	-32 -32
	5920 -32
	5920 0
	-32 0
4
	-32 5664
	5920 5664
	5920 5696
	-32 5696
4
	-32 0
	0 0
	0 5664
	-32 5664
4
	5888 0
	5920 0
	5920 5664
	5888 5664
