446
4
	0 0
	3296 0
	3296 32
	0 32
4
	3424 0
	6208 0
	6208 32
	3424 32
4
	0 32
	3040 32
	3040 64
	0 64
4
	3424 32
	6208 32
	6208 64
	3424 64
4
	0 64
	3040 64
	3040 96
	0 96
4
	3424 64
	6208 64
	6208 96
	3424 96
4
	0 96
	3040 96
	3040 128
	0 128
4
	3456 96
	6208 96
	6208 128
	3456 128
4
	0 128
	3040 128
	3040 160
	0 160
4
	3520 128
	6208 128
	6208 160
	3520 160
4
	0 160
	3040 160
	3040 192
	0 192
4
	3520 160
	6208 160
	6208 192
	3520 192
4
	0 192
	3040 192
	3040 224
	0 224
4
	3456 192
	6208 192
	6208 224
	3456 224
4
	0 224
	3040 224
	3040 256
	0 256
4
	3456 224
	6208 224
	6208 256
	3456 256
4
	0 256
	3040 256
	3040 288
	0 288
4
	3456 256
	6208 256
	6208 288
	3456 288
4
	0 288
	3040 288
	3040 320
	0 320
4
	3488 288
	6208 288
	6208 320
	3488 320
4
	0 320
	3040 320
	3040 352
	0 352
4
	3488 320
	6208 320
	6208 352
	3488 352
4
	0 352
	3040 352
	3040 384
	0 384
4
	3488 352
	6208 352
	6208 384
	3488 384
4
	0 384
	3040 384
	3040 416
	0 416
4
	3424 384
	6208 384
	6208 416
	3424 416
4
	0 416
	3040 416
	3040 448
	0 448
4
	3424 416
	6208 416
	6208 448
	3424 448
4
	0 448
	3040 448
	3040 480
	0 480
4
	3424 448
	6208 448
	6208 480
	3424 480
4
	0 480
	3040 480
	3040 512
	0 512
4
	3456 480
	6208 480
	6208 512
	3456 512
4
	0 512
	3040 512
	3040 544
	0 544
4
	3360 512
	3392 512
	3392 544
	3360 544
4
	3456 512
	6208 512
	6208 544
	3456 544
4
	0 544
	3040 544
	3040 576
	0 576
4
	3391 575
	3393 575
	3393 577
	3391 577
4
	3360 544
	3392 544
	3392 576
	3360 576
4
	3424 544
	6208 544
	6208 576
	3424 576
4
	0 576
	3040 576
	3040 608
	0 608
4
	3392 576
	6208 576
	6208 608
	3392 608
4
	0 608
	3040 608
	3040 640
	0 640
4
	3392 608
	6208 608
	6208 640
	3392 640
4
	0 640
	3040 640
	3040 672
	0 672
4
	3392 640
	6208 640
	6208 672
	3392 672
4
	0 672
	3040 672
	3040 704
	0 704
4
	3392 672
	6208 672
	6208 704
	3392 704
4
	0 704
	3040 704
	3040 736
	0 736
4
	3424 704
	6208 704
	6208 736
	3424 736
4
	0 736
	3040 736
	3040 768
	0 768
4
	3424 736
	6208 736
	6208 768
	3424 768
4
	0 768
	3040 768
	3040 800
	0 800
4
	3424 768
	6208 768
	6208 800
	3424 800
4
	0 800
	3040 800
	3040 832
	0 832
4
	3424 800
	6208 800
	6208 832
	3424 832
4
	0 832
	3040 832
	3040 864
	0 864
4
	3424 832
	6208 832
	6208 864
	3424 864
4
	0 864
	3040 864
	3040 896
	0 896
4
	3424 864
	6208 864
	6208 896
	3424 896
4
	0 896
	3040 896
	3040 928
	0 928
4
	3424 896
	6208 896
	6208 928
	3424 928
4
	0 928
	3296 928
	3296 960
	0 960
4
	3424 928
	6208 928
	6208 960
	3424 960
4
	0 960
	3296 960
	3296 992
	0 992
4
	3424 960
	6208 960
	6208 992
	3424 992
4
	0 992
	3296 992
	3296 1024
	0 1024
4
	3424 992
	6208 992
	6208 1024
	3424 1024
4
	0 1024
	3296 1024
	3296 1056
	0 1056
4
	3424 1024
	6208 1024
	6208 1056
	3424 1056
4
	0 1056
	3264 1056
	3264 1088
	0 1088
4
	3680 1056
	3872 1056
	3872 1088
	3680 1088
4
	5056 1056
	6208 1056
	6208 1088
	5056 1088
4
	0 1088
	3232 1088
	3232 1120
	0 1120
4
	3680 1088
	3872 1088
	3872 1120
	3680 1120
4
	5056 1088
	6208 1088
	6208 1120
	5056 1120
4
	0 1120
	3232 1120
	3232 1152
	0 1152
4
	3680 1120
	3904 1120
	3904 1152
	3680 1152
4
	5088 1120
	6208 1120
	6208 1152
	5088 1152
4
	0 1152
	3232 1152
	3232 1184
	0 1184
4
	3680 1152
	3936 1152
	3936 1184
	3680 1184
4
	5120 1152
	6208 1152
	6208 1184
	5120 1184
4
	0 1184
	3232 1184
	3232 1216
	0 1216
4
	3680 1184
	3936 1184
	3936 1216
	3680 1216
4
	4992 1184
	5056 1184
	5056 1216
	4992 1216
4
	5152 1184
	6208 1184
	6208 1216
	5152 1216
4
	0 1216
	3104 1216
	3104 1248
	0 1248
4
	3680 1216
	5056 1216
	5056 1248
	3680 1248
4
	5184 1216
	6208 1216
	6208 1248
	5184 1248
4
	0 1248
	3008 1248
	3008 1280
	0 1280
4
	3680 1248
	5056 1248
	5056 1280
	3680 1280
4
	5216 1248
	6208 1248
	6208 1280
	5216 1280
4
	0 1280
	3008 1280
	3008 1312
	0 1312
4
	3744 1280
	5056 1280
	5056 1312
	3744 1312
4
	5216 1280
	6208 1280
	6208 1312
	5216 1312
4
	0 1312
	2944 1312
	2944 1344
	0 1344
4
	4704 1312
	5056 1312
	5056 1344
	4704 1344
4
	5216 1312
	6208 1312
	6208 1344
	5216 1344
4
	0 1344
	2944 1344
	2944 1376
	0 1376
4
	4704 1344
	5056 1344
	5056 1376
	4704 1376
4
	5216 1344
	6208 1344
	6208 1376
	5216 1376
4
	0 1376
	2944 1376
	2944 1408
	0 1408
4
	4704 1376
	5056 1376
	5056 1408
	4704 1408
4
	5216 1376
	6208 1376
	6208 1408
	5216 1408
4
	0 1408
	2880 1408
	2880 1440
	0 1440
4
	4704 1408
	5056 1408
	5056 1440
	4704 1440
4
	5216 1408
	6208 1408
	6208 1440
	5216 1440
4
	0 1440
	1984 1440
	1984 1472
	0 1472
4
	2048 1440
	2880 1440
	2880 1472
	2048 1472
4
	3168 1440
	3296 1440
	3296 1472
	3168 1472
4
	3680 1440
	3808 1440
	3808 1472
	3680 1472
4
	4192 1440
	4320 1440
	4320 1472
	4192 1472
4
	4704 1440
	5056 1440
	5056 1472
	4704 1472
4
	5216 1440
	6208 1440
	6208 1472
	5216 1472
4
	0 1472
	2848 1472
	2848 1504
	0 1504
4
	3168 1472
	3296 1472
	3296 1504
	3168 1504
4
	3680 1472
	3808 1472
	3808 1504
	3680 1504
4
	4192 1472
	4320 1472
	4320 1504
	4192 1504
4
	4704 1472
	5056 1472
	5056 1504
	4704 1504
4
	5216 1472
	6208 1472
	6208 1504
	5216 1504
4
	0 1504
	2016 1504
	2016 1536
	0 1536
4
	2144 1504
	2816 1504
	2816 1536
	2144 1536
4
	3168 1504
	3296 1504
	3296 1536
	3168 1536
4
	3680 1504
	3808 1504
	3808 1536
	3680 1536
4
	4192 1504
	4320 1504
	4320 1536
	4192 1536
4
	4704 1504
	5056 1504
	5056 1536
	4704 1536
4
	5216 1504
	6208 1504
	6208 1536
	5216 1536
4
	0 1536
	2016 1536
	2016 1568
	0 1568
4
	2144 1536
	2272 1536
	2272 1568
	2144 1568
4
	2656 1536
	2784 1536
	2784 1568
	2656 1568
4
	3168 1536
	3296 1536
	3296 1568
	3168 1568
4
	3680 1536
	3808 1536
	3808 1568
	3680 1568
4
	4192 1536
	4320 1536
	4320 1568
	4192 1568
4
	4704 1536
	4832 1536
	4832 1568
	4704 1568
4
	4960 1536
	5056 1536
	5056 1568
	4960 1568
4
	5216 1536
	6208 1536
	6208 1568
	5216 1568
4
	0 1568
	2016 1568
	2016 1600
	0 1600
4
	4960 1568
	5056 1568
	5056 1600
	4960 1600
4
	5216 1568
	5408 1568
	5408 1600
	5216 1600
4
	5440 1568
	5536 1568
	5536 1600
	5440 1600
4
	5984 1568
	6208 1568
	6208 1600
	5984 1600
4
	0 1600
	2016 1600
	2016 1632
	0 1632
4
	4960 1600
	5056 1600
	5056 1632
	4960 1632
4
	5216 1600
	5408 1600
	5408 1632
	5216 1632
4
	5440 1600
	5536 1600
	5536 1632
	5440 1632
4
	5984 1600
	6208 1600
	6208 1632
	5984 1632
4
	0 1632
	2016 1632
	2016 1664
	0 1664
4
	4960 1632
	5056 1632
	5056 1664
	4960 1664
4
	5216 1632
	5344 1632
	5344 1664
	5216 1664
4
	5984 1632
	6208 1632
	6208 1664
	5984 1664
4
	0 1664
	2016 1664
	2016 1696
	0 1696
4
	4960 1664
	5056 1664
	5056 1696
	4960 1696
4
	5216 1664
	5344 1664
	5344 1696
	5216 1696
4
	5984 1664
	6208 1664
	6208 1696
	5984 1696
4
	2015 1727
	2017 1727
	2017 1729
	2015 1729
4
	0 1696
	2016 1696
	2016 1728
	0 1728
4
	4960 1696
	5056 1696
	5056 1728
	4960 1728
4
	5216 1696
	5376 1696
	5376 1728
	5216 1728
4
	5984 1696
	6208 1696
	6208 1728
	5984 1728
4
	0 1728
	1984 1728
	1984 1760
	0 1760
4
	2016 1728
	2048 1728
	2048 1760
	2016 1760
4
	4960 1728
	5056 1728
	5056 1760
	4960 1760
4
	5216 1728
	5408 1728
	5408 1760
	5216 1760
4
	5984 1728
	6208 1728
	6208 1760
	5984 1760
4
	0 1760
	2048 1760
	2048 1792
	0 1792
4
	4960 1760
	5056 1760
	5056 1792
	4960 1792
4
	5216 1760
	5408 1760
	5408 1792
	5216 1792
4
	5984 1760
	6208 1760
	6208 1792
	5984 1792
4
	0 1792
	1600 1792
	1600 1824
	0 1824
4
	1984 1792
	2016 1792
	2016 1824
	1984 1824
4
	4960 1792
	5056 1792
	5056 1824
	4960 1824
4
	5216 1792
	5408 1792
	5408 1824
	5216 1824
4
	5984 1792
	6208 1792
	6208 1824
	5984 1824
4
	0 1824
	1600 1824
	1600 1856
	0 1856
4
	4960 1824
	5056 1824
	5056 1856
	4960 1856
4
	5216 1824
	5376 1824
	5376 1856
	5216 1856
4
	6016 1824
	6208 1824
	6208 1856
	6016 1856
4
	0 1856
	1600 1856
	1600 1888
	0 1888
4
	4960 1856
	5056 1856
	5056 1888
	4960 1888
4
	5216 1856
	5376 1856
	5376 1888
	5216 1888
4
	6016 1856
	6208 1856
	6208 1888
	6016 1888
4
	0 1888
	1600 1888
	1600 1920
	0 1920
4
	4960 1888
	5056 1888
	5056 1920
	4960 1920
4
	5216 1888
	5376 1888
	5376 1920
	5216 1920
4
	6016 1888
	6208 1888
	6208 1920
	6016 1920
4
	0 1920
	1600 1920
	1600 1952
	0 1952
4
	1952 1920
	2048 1920
	2048 1952
	1952 1952
4
	4960 1920
	5056 1920
	5056 1952
	4960 1952
4
	5216 1920
	5376 1920
	5376 1952
	5216 1952
4
	6016 1920
	6208 1920
	6208 1952
	6016 1952
4
	0 1952
	1600 1952
	1600 1984
	0 1984
4
	1952 1952
	2048 1952
	2048 1984
	1952 1984
4
	3200 1952
	3744 1952
	3744 1984
	3200 1984
4
	4800 1952
	5056 1952
	5056 1984
	4800 1984
4
	5216 1952
	5376 1952
	5376 1984
	5216 1984
4
	5984 1952
	6208 1952
	6208 1984
	5984 1984
4
	0 1984
	2048 1984
	2048 2016
	0 2016
4
	3200 1984
	3808 1984
	3808 2016
	3200 2016
4
	4800 1984
	5056 1984
	5056 2016
	4800 2016
4
	5216 1984
	5376 1984
	5376 2016
	5216 2016
4
	5984 1984
	6208 1984
	6208 2016
	5984 2016
4
	2047 2047
	2049 2047
	2049 2049
	2047 2049
4
	0 2016
	2048 2016
	2048 2048
	0 2048
4
	3168 2016
	3808 2016
	3808 2048
	3168 2048
4
	4800 2016
	5056 2016
	5056 2048
	4800 2048
4
	5216 2016
	5376 2016
	5376 2048
	5216 2048
4
	5984 2016
	6208 2016
	6208 2048
	5984 2048
4
	0 2048
	2016 2048
	2016 2080
	0 2080
4
	2048 2048
	2080 2048
	2080 2080
	2048 2080
4
	3168 2048
	3680 2048
	3680 2080
	3168 2080
4
	3712 2048
	3808 2048
	3808 2080
	3712 2080
4
	4768 2048
	5056 2048
	5056 2080
	4768 2080
4
	5216 2048
	5344 2048
	5344 2080
	5216 2080
4
	5984 2048
	6208 2048
	6208 2080
	5984 2080
4
	0 2080
	2080 2080
	2080 2112
	0 2112
4
	3168 2080
	3680 2080
	3680 2112
	3168 2112
4
	3712 2080
	3808 2080
	3808 2112
	3712 2112
4
	4736 2080
	5056 2080
	5056 2112
	4736 2112
4
	5984 2080
	6208 2080
	6208 2112
	5984 2112
4
	0 2112
	2016 2112
	2016 2144
	0 2144
4
	3168 2112
	3264 2112
	3264 2144
	3168 2144
4
	3456 2112
	3552 2112
	3552 2144
	3456 2144
4
	3712 2112
	3808 2112
	3808 2144
	3712 2144
4
	4736 2112
	5056 2112
	5056 2144
	4736 2144
4
	5984 2112
	6208 2112
	6208 2144
	5984 2144
4
	0 2144
	2016 2144
	2016 2176
	0 2176
4
	2784 2144
	2976 2144
	2976 2176
	2784 2176
4
	3168 2144
	3264 2144
	3264 2176
	3168 2176
4
	3456 2144
	3552 2144
	3552 2176
	3456 2176
4
	3712 2144
	3808 2144
	3808 2176
	3712 2176
4
	4224 2144
	4320 2144
	4320 2176
	4224 2176
4
	4736 2144
	5056 2144
	5056 2176
	4736 2176
4
	5984 2144
	6208 2144
	6208 2176
	5984 2176
4
	0 2176
	2016 2176
	2016 2208
	0 2208
4
	2752 2176
	2976 2176
	2976 2208
	2752 2208
4
	3168 2176
	3264 2176
	3264 2208
	3168 2208
4
	3712 2176
	3808 2176
	3808 2208
	3712 2208
4
	4224 2176
	4320 2176
	4320 2208
	4224 2208
4
	4512 2176
	4608 2176
	4608 2208
	4512 2208
4
	4736 2176
	5056 2176
	5056 2208
	4736 2208
4
	5984 2176
	6208 2176
	6208 2208
	5984 2208
4
	0 2208
	2016 2208
	2016 2240
	0 2240
4
	2144 2208
	2272 2208
	2272 2240
	2144 2240
4
	2656 2208
	2976 2208
	2976 2240
	2656 2240
4
	3168 2208
	3264 2208
	3264 2240
	3168 2240
4
	3712 2208
	3808 2208
	3808 2240
	3712 2240
4
	4192 2208
	5056 2208
	5056 2240
	4192 2240
4
	5216 2208
	5344 2208
	5344 2240
	5216 2240
4
	5888 2208
	5920 2208
	5920 2240
	5888 2240
4
	5984 2208
	6208 2208
	6208 2240
	5984 2240
4
	0 2240
	2016 2240
	2016 2272
	0 2272
4
	2144 2240
	2976 2240
	2976 2272
	2144 2272
4
	3168 2240
	3296 2240
	3296 2272
	3168 2272
4
	3680 2240
	3808 2240
	3808 2272
	3680 2272
4
	4192 2240
	5056 2240
	5056 2272
	4192 2272
4
	5216 2240
	5344 2240
	5344 2272
	5216 2272
4
	5888 2240
	5920 2240
	5920 2272
	5888 2272
4
	5952 2240
	6208 2240
	6208 2272
	5952 2272
4
	0 2272
	2976 2272
	2976 2304
	0 2304
4
	3168 2272
	3296 2272
	3296 2304
	3168 2304
4
	3680 2272
	3808 2272
	3808 2304
	3680 2304
4
	4192 2272
	5056 2272
	5056 2304
	4192 2304
4
	5216 2272
	5344 2272
	5344 2304
	5216 2304
4
	5952 2272
	6208 2272
	6208 2304
	5952 2304
4
	0 2304
	2976 2304
	2976 2336
	0 2336
4
	3168 2304
	3264 2304
	3264 2336
	3168 2336
4
	3712 2304
	3808 2304
	3808 2336
	3712 2336
4
	4192 2304
	4320 2304
	4320 2336
	4192 2336
4
	4992 2304
	5056 2304
	5056 2336
	4992 2336
4
	5216 2304
	5344 2304
	5344 2336
	5216 2336
4
	5920 2304
	6208 2304
	6208 2336
	5920 2336
4
	0 2336
	2976 2336
	2976 2368
	0 2368
4
	3168 2336
	3264 2336
	3264 2368
	3168 2368
4
	3712 2336
	3808 2336
	3808 2368
	3712 2368
4
	5216 2336
	5344 2336
	5344 2368
	5216 2368
4
	5856 2336
	6208 2336
	6208 2368
	5856 2368
4
	0 2368
	2976 2368
	2976 2400
	0 2400
4
	3168 2368
	3264 2368
	3264 2400
	3168 2400
4
	3712 2368
	3808 2368
	3808 2400
	3712 2400
4
	5216 2368
	5408 2368
	5408 2400
	5216 2400
4
	5728 2368
	5760 2368
	5760 2400
	5728 2400
4
	5792 2368
	6208 2368
	6208 2400
	5792 2400
4
	0 2400
	2976 2400
	2976 2432
	0 2432
4
	3168 2400
	3264 2400
	3264 2432
	3168 2432
4
	3712 2400
	3904 2400
	3904 2432
	3712 2432
4
	5216 2400
	5472 2400
	5472 2432
	5216 2432
4
	5696 2400
	6208 2400
	6208 2432
	5696 2432
4
	0 2432
	2976 2432
	2976 2464
	0 2464
4
	3168 2432
	3264 2432
	3264 2464
	3168 2464
4
	3712 2432
	3904 2432
	3904 2464
	3712 2464
4
	5216 2432
	5472 2432
	5472 2464
	5216 2464
4
	5696 2432
	6208 2432
	6208 2464
	5696 2464
4
	0 2464
	3008 2464
	3008 2496
	0 2496
4
	3168 2464
	3264 2464
	3264 2496
	3168 2496
4
	3712 2464
	3904 2464
	3904 2496
	3712 2496
4
	4224 2464
	4800 2464
	4800 2496
	4224 2496
4
	5216 2464
	5472 2464
	5472 2496
	5216 2496
4
	5696 2464
	6208 2464
	6208 2496
	5696 2496
4
	0 2496
	3008 2496
	3008 2528
	0 2528
4
	3168 2496
	3264 2496
	3264 2528
	3168 2528
4
	3712 2496
	4032 2496
	4032 2528
	3712 2528
4
	4256 2496
	4800 2496
	4800 2528
	4256 2528
4
	5216 2496
	5472 2496
	5472 2528
	5216 2528
4
	5696 2496
	6208 2496
	6208 2528
	5696 2528
4
	0 2528
	3008 2528
	3008 2560
	0 2560
4
	3168 2528
	3264 2528
	3264 2560
	3168 2560
4
	3712 2528
	4032 2528
	4032 2560
	3712 2560
4
	4128 2528
	4800 2528
	4800 2560
	4128 2560
4
	5216 2528
	5472 2528
	5472 2560
	5216 2560
4
	5696 2528
	6208 2528
	6208 2560
	5696 2560
4
	0 2560
	2752 2560
	2752 2592
	0 2592
4
	3712 2560
	4032 2560
	4032 2592
	3712 2592
4
	4128 2560
	4288 2560
	4288 2592
	4128 2592
4
	5152 2560
	5472 2560
	5472 2592
	5152 2592
4
	5728 2560
	6208 2560
	6208 2592
	5728 2592
4
	0 2592
	2752 2592
	2752 2624
	0 2624
4
	3712 2592
	4032 2592
	4032 2624
	3712 2624
4
	4192 2592
	4288 2592
	4288 2624
	4192 2624
4
	5120 2592
	5472 2592
	5472 2624
	5120 2624
4
	5728 2592
	6208 2592
	6208 2624
	5728 2624
4
	0 2624
	2752 2624
	2752 2656
	0 2656
4
	3712 2624
	4288 2624
	4288 2656
	3712 2656
4
	5088 2624
	5536 2624
	5536 2656
	5088 2656
4
	5728 2624
	6208 2624
	6208 2656
	5728 2656
4
	0 2656
	2752 2656
	2752 2688
	0 2688
4
	3712 2656
	4288 2656
	4288 2688
	3712 2688
4
	5056 2656
	5536 2656
	5536 2688
	5056 2688
4
	5728 2656
	6208 2656
	6208 2688
	5728 2688
4
	0 2688
	2752 2688
	2752 2720
	0 2720
4
	3680 2688
	4288 2688
	4288 2720
	3680 2720
4
	5024 2688
	5536 2688
	5536 2720
	5024 2720
4
	5728 2688
	6208 2688
	6208 2720
	5728 2720
4
	0 2720
	3296 2720
	3296 2752
	0 2752
4
	3424 2720
	4320 2720
	4320 2752
	3424 2752
4
	4448 2720
	5600 2720
	5600 2752
	4448 2752
4
	5728 2720
	6208 2720
	6208 2752
	5728 2752
4
	0 2752
	3296 2752
	3296 2784
	0 2784
4
	3424 2752
	4320 2752
	4320 2784
	3424 2784
4
	4448 2752
	5600 2752
	5600 2784
	4448 2784
4
	5728 2752
	6208 2752
	6208 2784
	5728 2784
4
	0 2784
	3296 2784
	3296 2816
	0 2816
4
	3424 2784
	4320 2784
	4320 2816
	3424 2816
4
	4448 2784
	5600 2784
	5600 2816
	4448 2816
4
	5728 2784
	6208 2784
	6208 2816
	5728 2816
4
	0 2816
	3296 2816
	3296 2848
	0 2848
4
	3424 2816
	4320 2816
	4320 2848
	3424 2848
4
	4448 2816
	5600 2816
	5600 2848
	4448 2848
4
	5728 2816
	6208 2816
	6208 2848
	5728 2848
4
	0 2848
	3008 2848
	3008 2880
	0 2880
4
	3680 2848
	4128 2848
	4128 2880
	3680 2880
4
	4512 2848
	4832 2848
	4832 2880
	4512 2880
4
	5728 2848
	6208 2848
	6208 2880
	5728 2880
4
	0 2880
	3008 2880
	3008 2912
	0 2912
4
	3680 2880
	4128 2880
	4128 2912
	3680 2912
4
	4512 2880
	4832 2880
	4832 2912
	4512 2912
4
	5728 2880
	6208 2880
	6208 2912
	5728 2912
4
	0 2912
	3008 2912
	3008 2944
	0 2944
4
	3680 2912
	4128 2912
	4128 2944
	3680 2944
4
	4512 2912
	4832 2912
	4832 2944
	4512 2944
4
	5728 2912
	6208 2912
	6208 2944
	5728 2944
4
	0 2944
	2880 2944
	2880 2976
	0 2976
4
	2976 2944
	3008 2944
	3008 2976
	2976 2976
4
	3680 2944
	4128 2944
	4128 2976
	3680 2976
4
	4512 2944
	4576 2944
	4576 2976
	4512 2976
4
	4672 2944
	4736 2944
	4736 2976
	4672 2976
4
	5728 2944
	6208 2944
	6208 2976
	5728 2976
4
	0 2976
	2880 2976
	2880 3008
	0 3008
4
	3680 2976
	4128 2976
	4128 3008
	3680 3008
4
	5728 2976
	6208 2976
	6208 3008
	5728 3008
4
	0 3008
	2880 3008
	2880 3040
	0 3040
4
	3680 3008
	4128 3008
	4128 3040
	3680 3040
4
	5728 3008
	6208 3008
	6208 3040
	5728 3040
4
	0 3040
	2880 3040
	2880 3072
	0 3072
4
	3680 3040
	4128 3040
	4128 3072
	3680 3072
4
	5728 3040
	6208 3040
	6208 3072
	5728 3072
4
	0 3072
	2848 3072
	2848 3104
	0 3104
4
	3680 3072
	4064 3072
	4064 3104
	3680 3104
4
	5728 3072
	6208 3072
	6208 3104
	5728 3104
4
	0 3104
	2784 3104
	2784 3136
	0 3136
4
	3648 3104
	4064 3104
	4064 3136
	3648 3136
4
	5696 3104
	6208 3104
	6208 3136
	5696 3136
4
	0 3136
	2784 3136
	2784 3168
	0 3168
4
	3616 3136
	4064 3136
	4064 3168
	3616 3168
4
	5696 3136
	6208 3136
	6208 3168
	5696 3168
4
	0 3168
	2784 3168
	2784 3200
	0 3200
4
	3584 3168
	4064 3168
	4064 3200
	3584 3200
4
	5728 3168
	6208 3168
	6208 3200
	5728 3200
4
	0 3200
	2784 3200
	2784 3232
	0 3232
4
	2912 3200
	2976 3200
	2976 3232
	2912 3232
4
	3584 3200
	4192 3200
	4192 3232
	3584 3232
4
	5728 3200
	6208 3200
	6208 3232
	5728 3232
4
	0 3232
	2784 3232
	2784 3264
	0 3264
4
	2880 3232
	2976 3232
	2976 3264
	2880 3264
4
	3584 3232
	4192 3232
	4192 3264
	3584 3264
4
	4928 3232
	5088 3232
	5088 3264
	4928 3264
4
	5216 3232
	6208 3232
	6208 3264
	5216 3264
4
	0 3264
	3008 3264
	3008 3296
	0 3296
4
	3584 3264
	4192 3264
	4192 3296
	3584 3296
4
	4384 3264
	4448 3264
	4448 3296
	4384 3296
4
	4640 3264
	4736 3264
	4736 3296
	4640 3296
4
	4896 3264
	6208 3264
	6208 3296
	4896 3296
4
	0 3296
	2976 3296
	2976 3328
	0 3328
4
	3584 3296
	4192 3296
	4192 3328
	3584 3328
4
	4384 3296
	4480 3296
	4480 3328
	4384 3328
4
	4640 3296
	4736 3296
	4736 3328
	4640 3328
4
	4896 3296
	6208 3296
	6208 3328
	4896 3328
4
	0 3328
	2976 3328
	2976 3360
	0 3360
4
	3520 3328
	4256 3328
	4256 3360
	3520 3360
4
	4352 3328
	4576 3328
	4576 3360
	4352 3360
4
	4896 3328
	6208 3328
	6208 3360
	4896 3360
4
	0 3360
	2976 3360
	2976 3392
	0 3392
4
	3488 3360
	4576 3360
	4576 3392
	3488 3392
4
	4832 3360
	6208 3360
	6208 3392
	4832 3392
4
	0 3392
	2944 3392
	2944 3424
	0 3424
4
	3488 3392
	4608 3392
	4608 3424
	3488 3424
4
	4736 3392
	6208 3392
	6208 3424
	4736 3424
4
	0 3424
	2944 3424
	2944 3456
	0 3456
4
	3488 3424
	4608 3424
	4608 3456
	3488 3456
4
	4736 3424
	6208 3424
	6208 3456
	4736 3456
4
	0 3456
	2784 3456
	2784 3488
	0 3488
4
	3488 3456
	4608 3456
	4608 3488
	3488 3488
4
	4736 3456
	6208 3456
	6208 3488
	4736 3488
4
	0 3488
	6208 3488
	6208 3520
	0 3520
4
	0 3520
	6208 3520
	6208 3552
	0 3552
4
	0 3552
	6208 3552
	6208 3584
	0 3584
4
	0 3584
	6208 3584
	6208 3616
	0 3616
4
	0 3616
	6208 3616
	6208 3648
	0 3648
4
	0 3648
	6208 3648
	6208 3680
	0 3680
4
	0 3680
	6208 3680
	6208 3712
	0 3712
4
	0 3712
	6208 3712
	6208 3744
	0 3744
4
	0 3744
	6208 3744
	6208 3776
	0 3776
4
	0 3776
	6208 3776
	6208 3808
	0 3808
4
	0 3808
	6208 3808
	6208 3840
	0 3840
4
	0 3840
	6208 3840
	6208 3872
	0 3872
4
	0 3872
	6208 3872
	6208 3904
	0 3904
4
	0 3904
	6208 3904
	6208 3936
	0 3936
4
	0 3936
	6208 3936
	6208 3968
	0 3968
4
	0 3968
	6208 3968
	6208 4000
	0 4000
4
	0 4000
	6208 4000
	6208 4032
	0 4032
4
	0 4032
	6208 4032
	6208 4064
	0 4064
4
	0 4064
	6208 4064
	6208 4096
	0 4096
4
	0 4096
	6208 4096
	6208 4128
	0 4128
4
	0 4128
	6208 4128
	6208 4160
	0 4160
4
	-32 -32
	6240 -32
	6240 0
	-32 0
4
	-32 4160
	6240 4160
	6240 4192
	-32 4192
4
	-32 0
	0 0
	0 4160
	-32 4160
4
	6208 0
	6240 0
	6240 4160
	6208 4160
