1250
4
	0 0
	16448 0
	16448 32
	0 32
4
	0 32
	16448 32
	16448 64
	0 64
4
	0 64
	16448 64
	16448 96
	0 96
4
	0 96
	16448 96
	16448 128
	0 128
4
	0 128
	16448 128
	16448 160
	0 160
4
	0 160
	16448 160
	16448 192
	0 192
4
	0 192
	16448 192
	16448 224
	0 224
4
	0 224
	16448 224
	16448 256
	0 256
4
	0 256
	16448 256
	16448 288
	0 288
4
	0 288
	16448 288
	16448 320
	0 320
4
	0 320
	16448 320
	16448 352
	0 352
4
	0 352
	16448 352
	16448 384
	0 384
4
	0 384
	16448 384
	16448 416
	0 416
4
	0 416
	16448 416
	16448 448
	0 448
4
	0 448
	16448 448
	16448 480
	0 480
4
	0 480
	16448 480
	16448 512
	0 512
4
	0 512
	16448 512
	16448 544
	0 544
4
	0 544
	16448 544
	16448 576
	0 576
4
	0 576
	16448 576
	16448 608
	0 608
4
	0 608
	16448 608
	16448 640
	0 640
4
	0 640
	16448 640
	16448 672
	0 672
4
	0 672
	16448 672
	16448 704
	0 704
4
	0 704
	16448 704
	16448 736
	0 736
4
	0 736
	16448 736
	16448 768
	0 768
4
	0 768
	16448 768
	16448 800
	0 800
4
	0 800
	16448 800
	16448 832
	0 832
4
	0 832
	16448 832
	16448 864
	0 864
4
	0 864
	16448 864
	16448 896
	0 896
4
	0 896
	16448 896
	16448 928
	0 928
4
	0 928
	16448 928
	16448 960
	0 960
4
	0 960
	16448 960
	16448 992
	0 992
4
	0 992
	16448 992
	16448 1024
	0 1024
4
	0 1024
	16448 1024
	16448 1056
	0 1056
4
	0 1056
	16448 1056
	16448 1088
	0 1088
4
	0 1088
	16448 1088
	16448 1120
	0 1120
4
	0 1120
	16448 1120
	16448 1152
	0 1152
4
	0 1152
	16448 1152
	16448 1184
	0 1184
4
	0 1184
	16448 1184
	16448 1216
	0 1216
4
	0 1216
	16448 1216
	16448 1248
	0 1248
4
	0 1248
	16448 1248
	16448 1280
	0 1280
4
	0 1280
	16448 1280
	16448 1312
	0 1312
4
	0 1312
	16448 1312
	16448 1344
	0 1344
4
	0 1344
	16448 1344
	16448 1376
	0 1376
4
	0 1376
	16448 1376
	16448 1408
	0 1408
4
	0 1408
	16448 1408
	16448 1440
	0 1440
4
	0 1440
	16448 1440
	16448 1472
	0 1472
4
	0 1472
	16448 1472
	16448 1504
	0 1504
4
	0 1504
	16448 1504
	16448 1536
	0 1536
4
	0 1536
	16448 1536
	16448 1568
	0 1568
4
	0 1568
	16448 1568
	16448 1600
	0 1600
4
	0 1600
	16448 1600
	16448 1632
	0 1632
4
	0 1632
	16448 1632
	16448 1664
	0 1664
4
	0 1664
	16448 1664
	16448 1696
	0 1696
4
	0 1696
	16448 1696
	16448 1728
	0 1728
4
	0 1728
	16448 1728
	16448 1760
	0 1760
4
	0 1760
	16448 1760
	16448 1792
	0 1792
4
	0 1792
	16448 1792
	16448 1824
	0 1824
4
	0 1824
	16448 1824
	16448 1856
	0 1856
4
	0 1856
	16448 1856
	16448 1888
	0 1888
4
	0 1888
	16448 1888
	16448 1920
	0 1920
4
	0 1920
	16448 1920
	16448 1952
	0 1952
4
	0 1952
	16448 1952
	16448 1984
	0 1984
4
	0 1984
	16448 1984
	16448 2016
	0 2016
4
	0 2016
	16448 2016
	16448 2048
	0 2048
4
	0 2048
	16448 2048
	16448 2080
	0 2080
4
	0 2080
	16448 2080
	16448 2112
	0 2112
4
	0 2112
	16448 2112
	16448 2144
	0 2144
4
	0 2144
	16448 2144
	16448 2176
	0 2176
4
	0 2176
	16448 2176
	16448 2208
	0 2208
4
	0 2208
	16448 2208
	16448 2240
	0 2240
4
	0 2240
	16448 2240
	16448 2272
	0 2272
4
	0 2272
	16448 2272
	16448 2304
	0 2304
4
	0 2304
	16448 2304
	16448 2336
	0 2336
4
	0 2336
	16448 2336
	16448 2368
	0 2368
4
	0 2368
	16448 2368
	16448 2400
	0 2400
4
	0 2400
	16448 2400
	16448 2432
	0 2432
4
	0 2432
	16448 2432
	16448 2464
	0 2464
4
	0 2464
	16448 2464
	16448 2496
	0 2496
4
	0 2496
	16448 2496
	16448 2528
	0 2528
4
	0 2528
	16448 2528
	16448 2560
	0 2560
4
	0 2560
	16448 2560
	16448 2592
	0 2592
4
	0 2592
	16448 2592
	16448 2624
	0 2624
4
	0 2624
	16448 2624
	16448 2656
	0 2656
4
	0 2656
	16448 2656
	16448 2688
	0 2688
4
	0 2688
	16448 2688
	16448 2720
	0 2720
4
	0 2720
	16448 2720
	16448 2752
	0 2752
4
	0 2752
	16448 2752
	16448 2784
	0 2784
4
	0 2784
	16448 2784
	16448 2816
	0 2816
4
	0 2816
	16448 2816
	16448 2848
	0 2848
4
	0 2848
	16448 2848
	16448 2880
	0 2880
4
	0 2880
	16448 2880
	16448 2912
	0 2912
4
	0 2912
	4128 2912
	4128 2944
	0 2944
4
	4672 2912
	16448 2912
	16448 2944
	4672 2944
4
	0 2944
	4096 2944
	4096 2976
	0 2976
4
	5120 2944
	16448 2944
	16448 2976
	5120 2976
4
	0 2976
	4064 2976
	4064 3008
	0 3008
4
	5888 2976
	16448 2976
	16448 3008
	5888 3008
4
	0 3008
	4064 3008
	4064 3040
	0 3040
4
	5920 3008
	6080 3008
	6080 3040
	5920 3040
4
	6208 3008
	16448 3008
	16448 3040
	6208 3040
4
	0 3040
	4064 3040
	4064 3072
	0 3072
4
	6240 3040
	16448 3040
	16448 3072
	6240 3072
4
	0 3072
	4064 3072
	4064 3104
	0 3104
4
	6272 3072
	16448 3072
	16448 3104
	6272 3104
4
	0 3104
	4064 3104
	4064 3136
	0 3136
4
	6336 3104
	16448 3104
	16448 3136
	6336 3136
4
	0 3136
	4064 3136
	4064 3168
	0 3168
4
	6464 3136
	16448 3136
	16448 3168
	6464 3168
4
	0 3168
	4064 3168
	4064 3200
	0 3200
4
	4448 3168
	5504 3168
	5504 3200
	4448 3200
4
	6528 3168
	16448 3168
	16448 3200
	6528 3200
4
	0 3200
	4096 3200
	4096 3232
	0 3232
4
	4352 3200
	5632 3200
	5632 3232
	4352 3232
4
	5696 3200
	5824 3200
	5824 3232
	5696 3232
4
	6592 3200
	16448 3200
	16448 3232
	6592 3232
4
	0 3232
	4096 3232
	4096 3264
	0 3264
4
	4288 3232
	5920 3232
	5920 3264
	4288 3264
4
	6656 3232
	16448 3232
	16448 3264
	6656 3264
4
	0 3264
	5984 3264
	5984 3296
	0 3296
4
	6688 3264
	16448 3264
	16448 3296
	6688 3296
4
	0 3296
	6016 3296
	6016 3328
	0 3328
4
	6720 3296
	16448 3296
	16448 3328
	6720 3328
4
	0 3328
	6080 3328
	6080 3360
	0 3360
4
	6752 3328
	16448 3328
	16448 3360
	6752 3360
4
	0 3360
	6144 3360
	6144 3392
	0 3392
4
	6752 3360
	16448 3360
	16448 3392
	6752 3392
4
	0 3392
	6272 3392
	6272 3424
	0 3424
4
	6944 3392
	16448 3392
	16448 3424
	6944 3424
4
	0 3424
	6432 3424
	6432 3456
	0 3456
4
	6976 3424
	16448 3424
	16448 3456
	6976 3456
4
	0 3456
	6496 3456
	6496 3488
	0 3488
4
	6976 3456
	16448 3456
	16448 3488
	6976 3488
4
	0 3488
	6592 3488
	6592 3520
	0 3520
4
	7008 3488
	16448 3488
	16448 3520
	7008 3520
4
	0 3520
	6592 3520
	6592 3552
	0 3552
4
	7008 3520
	16448 3520
	16448 3552
	7008 3552
4
	0 3552
	6592 3552
	6592 3584
	0 3584
4
	7040 3552
	16448 3552
	16448 3584
	7040 3584
4
	0 3584
	6624 3584
	6624 3616
	0 3616
4
	7072 3584
	16448 3584
	16448 3616
	7072 3616
4
	0 3616
	6688 3616
	6688 3648
	0 3648
4
	7136 3616
	16448 3616
	16448 3648
	7136 3648
4
	0 3648
	6752 3648
	6752 3680
	0 3680
4
	7168 3648
	16448 3648
	16448 3680
	7168 3680
4
	0 3680
	6816 3680
	6816 3712
	0 3712
4
	7200 3680
	16448 3680
	16448 3712
	7200 3712
4
	0 3712
	6880 3712
	6880 3744
	0 3744
4
	7264 3712
	16448 3712
	16448 3744
	7264 3744
4
	0 3744
	6944 3744
	6944 3776
	0 3776
4
	7328 3744
	16448 3744
	16448 3776
	7328 3776
4
	0 3776
	7008 3776
	7008 3808
	0 3808
4
	7456 3776
	16448 3776
	16448 3808
	7456 3808
4
	0 3808
	7040 3808
	7040 3840
	0 3840
4
	7488 3808
	16448 3808
	16448 3840
	7488 3840
4
	0 3840
	7072 3840
	7072 3872
	0 3872
4
	7520 3840
	16448 3840
	16448 3872
	7520 3872
4
	0 3872
	7136 3872
	7136 3904
	0 3904
4
	7552 3872
	16448 3872
	16448 3904
	7552 3904
4
	0 3904
	7200 3904
	7200 3936
	0 3936
4
	7552 3904
	16448 3904
	16448 3936
	7552 3936
4
	0 3936
	7232 3936
	7232 3968
	0 3968
4
	7584 3936
	16448 3936
	16448 3968
	7584 3968
4
	0 3968
	7328 3968
	7328 4000
	0 4000
4
	7584 3968
	16448 3968
	16448 4000
	7584 4000
4
	0 4000
	7392 4000
	7392 4032
	0 4032
4
	7584 4000
	16448 4000
	16448 4032
	7584 4032
4
	0 4032
	7392 4032
	7392 4064
	0 4064
4
	7616 4032
	16448 4032
	16448 4064
	7616 4064
4
	0 4064
	7424 4064
	7424 4096
	0 4096
4
	7648 4064
	16448 4064
	16448 4096
	7648 4096
4
	0 4096
	7456 4096
	7456 4128
	0 4128
4
	7712 4096
	16448 4096
	16448 4128
	7712 4128
4
	0 4128
	7488 4128
	7488 4160
	0 4160
4
	7968 4128
	16448 4128
	16448 4160
	7968 4160
4
	0 4160
	7520 4160
	7520 4192
	0 4192
4
	7968 4160
	16448 4160
	16448 4192
	7968 4192
4
	0 4192
	7520 4192
	7520 4224
	0 4224
4
	8000 4192
	16448 4192
	16448 4224
	8000 4224
4
	0 4224
	7520 4224
	7520 4256
	0 4256
4
	8000 4224
	16448 4224
	16448 4256
	8000 4256
4
	0 4256
	7520 4256
	7520 4288
	0 4288
4
	8000 4256
	16448 4256
	16448 4288
	8000 4288
4
	0 4288
	5792 4288
	5792 4320
	0 4320
4
	5856 4288
	7488 4288
	7488 4320
	5856 4320
4
	8000 4288
	16448 4288
	16448 4320
	8000 4320
4
	0 4320
	5760 4320
	5760 4352
	0 4352
4
	5856 4320
	7488 4320
	7488 4352
	5856 4352
4
	8000 4320
	9152 4320
	9152 4352
	8000 4352
4
	9216 4320
	16448 4320
	16448 4352
	9216 4352
4
	0 4352
	5664 4352
	5664 4384
	0 4384
4
	5952 4352
	7456 4352
	7456 4384
	5952 4384
4
	8032 4352
	9088 4352
	9088 4384
	8032 4384
4
	9248 4352
	16448 4352
	16448 4384
	9248 4384
4
	0 4384
	5120 4384
	5120 4416
	0 4416
4
	6240 4384
	7392 4384
	7392 4416
	6240 4416
4
	8032 4384
	9056 4384
	9056 4416
	8032 4416
4
	9280 4384
	16448 4384
	16448 4416
	9280 4416
4
	0 4416
	4992 4416
	4992 4448
	0 4448
4
	6304 4416
	7296 4416
	7296 4448
	6304 4448
4
	8064 4416
	8992 4416
	8992 4448
	8064 4448
4
	9344 4416
	16448 4416
	16448 4448
	9344 4448
4
	0 4448
	4800 4448
	4800 4480
	0 4480
4
	6400 4448
	7264 4448
	7264 4480
	6400 4480
4
	8064 4448
	8640 4448
	8640 4480
	8064 4480
4
	9344 4448
	16448 4448
	16448 4480
	9344 4480
4
	0 4480
	4800 4480
	4800 4512
	0 4512
4
	6464 4480
	7232 4480
	7232 4512
	6464 4512
4
	8032 4480
	8640 4480
	8640 4512
	8032 4512
4
	9376 4480
	16448 4480
	16448 4512
	9376 4512
4
	0 4512
	4768 4512
	4768 4544
	0 4544
4
	5664 4512
	5888 4512
	5888 4544
	5664 4544
4
	6496 4512
	7200 4512
	7200 4544
	6496 4544
4
	8032 4512
	8608 4512
	8608 4544
	8032 4544
4
	9376 4512
	16448 4512
	16448 4544
	9376 4544
4
	0 4544
	4800 4544
	4800 4576
	0 4576
4
	5664 4544
	6144 4544
	6144 4576
	5664 4576
4
	6528 4544
	7200 4544
	7200 4576
	6528 4576
4
	8032 4544
	8608 4544
	8608 4576
	8032 4576
4
	9376 4544
	16448 4544
	16448 4576
	9376 4576
4
	0 4576
	4768 4576
	4768 4608
	0 4608
4
	5376 4576
	6240 4576
	6240 4608
	5376 4608
4
	6688 4576
	7200 4576
	7200 4608
	6688 4608
4
	8032 4576
	8608 4576
	8608 4608
	8032 4608
4
	9376 4576
	16448 4576
	16448 4608
	9376 4608
4
	0 4608
	4704 4608
	4704 4640
	0 4640
4
	5376 4608
	6304 4608
	6304 4640
	5376 4640
4
	6720 4608
	7168 4608
	7168 4640
	6720 4640
4
	8064 4608
	8608 4608
	8608 4640
	8064 4640
4
	9376 4608
	16448 4608
	16448 4640
	9376 4640
4
	0 4640
	4672 4640
	4672 4672
	0 4672
4
	5152 4640
	6336 4640
	6336 4672
	5152 4672
4
	6784 4640
	7136 4640
	7136 4672
	6784 4672
4
	8064 4640
	8640 4640
	8640 4672
	8064 4672
4
	9376 4640
	16448 4640
	16448 4672
	9376 4672
4
	0 4672
	4672 4672
	4672 4704
	0 4704
4
	5088 4672
	6368 4672
	6368 4704
	5088 4704
4
	6848 4672
	7008 4672
	7008 4704
	6848 4704
4
	8064 4672
	8640 4672
	8640 4704
	8064 4704
4
	9408 4672
	16448 4672
	16448 4704
	9408 4704
4
	0 4704
	4672 4704
	4672 4736
	0 4736
4
	5088 4704
	6368 4704
	6368 4736
	5088 4736
4
	6880 4704
	6976 4704
	6976 4736
	6880 4736
4
	8096 4704
	8640 4704
	8640 4736
	8096 4736
4
	9440 4704
	16448 4704
	16448 4736
	9440 4736
4
	0 4736
	4672 4736
	4672 4768
	0 4768
4
	5088 4736
	6368 4736
	6368 4768
	5088 4768
4
	8096 4736
	8672 4736
	8672 4768
	8096 4768
4
	9504 4736
	16448 4736
	16448 4768
	9504 4768
4
	0 4768
	4640 4768
	4640 4800
	0 4800
4
	5056 4768
	6368 4768
	6368 4800
	5056 4800
4
	8128 4768
	8672 4768
	8672 4800
	8128 4800
4
	9568 4768
	16448 4768
	16448 4800
	9568 4800
4
	0 4800
	4672 4800
	4672 4832
	0 4832
4
	5056 4800
	6400 4800
	6400 4832
	5056 4832
4
	8128 4800
	8736 4800
	8736 4832
	8128 4832
4
	9728 4800
	16448 4800
	16448 4832
	9728 4832
4
	0 4832
	4672 4832
	4672 4864
	0 4864
4
	5024 4832
	6432 4832
	6432 4864
	5024 4864
4
	8128 4832
	8768 4832
	8768 4864
	8128 4864
4
	9728 4832
	16448 4832
	16448 4864
	9728 4864
4
	0 4864
	4640 4864
	4640 4896
	0 4896
4
	5024 4864
	6464 4864
	6464 4896
	5024 4896
4
	8160 4864
	8768 4864
	8768 4896
	8160 4896
4
	9760 4864
	16448 4864
	16448 4896
	9760 4896
4
	0 4896
	4672 4896
	4672 4928
	0 4928
4
	5024 4896
	6464 4896
	6464 4928
	5024 4928
4
	8192 4896
	8768 4896
	8768 4928
	8192 4928
4
	9792 4896
	16448 4896
	16448 4928
	9792 4928
4
	0 4928
	4672 4928
	4672 4960
	0 4960
4
	4928 4928
	6496 4928
	6496 4960
	4928 4960
4
	8256 4928
	8768 4928
	8768 4960
	8256 4960
4
	9824 4928
	16448 4928
	16448 4960
	9824 4960
4
	0 4960
	4704 4960
	4704 4992
	0 4992
4
	4928 4960
	6496 4960
	6496 4992
	4928 4992
4
	8288 4960
	8800 4960
	8800 4992
	8288 4992
4
	9824 4960
	16448 4960
	16448 4992
	9824 4992
4
	0 4992
	4704 4992
	4704 5024
	0 5024
4
	4928 4992
	6560 4992
	6560 5024
	4928 5024
4
	8320 4992
	8832 4992
	8832 5024
	8320 5024
4
	9856 4992
	16448 4992
	16448 5024
	9856 5024
4
	0 5024
	4704 5024
	4704 5056
	0 5056
4
	4928 5024
	6592 5024
	6592 5056
	4928 5056
4
	8384 5024
	8864 5024
	8864 5056
	8384 5056
4
	9888 5024
	16448 5024
	16448 5056
	9888 5056
4
	0 5056
	4704 5056
	4704 5088
	0 5088
4
	4928 5056
	6592 5056
	6592 5088
	4928 5088
4
	8416 5056
	8864 5056
	8864 5088
	8416 5088
4
	9920 5056
	16448 5056
	16448 5088
	9920 5088
4
	0 5088
	4704 5088
	4704 5120
	0 5120
4
	4928 5088
	6656 5088
	6656 5120
	4928 5120
4
	8480 5088
	8864 5088
	8864 5120
	8480 5120
4
	10496 5088
	16448 5088
	16448 5120
	10496 5120
4
	0 5120
	4704 5120
	4704 5152
	0 5152
4
	4896 5120
	6656 5120
	6656 5152
	4896 5152
4
	8512 5120
	8864 5120
	8864 5152
	8512 5152
4
	10528 5120
	16448 5120
	16448 5152
	10528 5152
4
	0 5152
	4704 5152
	4704 5184
	0 5184
4
	4896 5152
	6688 5152
	6688 5184
	4896 5184
4
	8544 5152
	8864 5152
	8864 5184
	8544 5184
4
	10560 5152
	16448 5152
	16448 5184
	10560 5184
4
	0 5184
	4704 5184
	4704 5216
	0 5216
4
	4896 5184
	6688 5184
	6688 5216
	4896 5216
4
	8544 5184
	8864 5184
	8864 5216
	8544 5216
4
	10560 5184
	16448 5184
	16448 5216
	10560 5216
4
	0 5216
	4704 5216
	4704 5248
	0 5248
4
	4896 5216
	6720 5216
	6720 5248
	4896 5248
4
	8544 5216
	8896 5216
	8896 5248
	8544 5248
4
	10560 5216
	16448 5216
	16448 5248
	10560 5248
4
	0 5248
	4704 5248
	4704 5280
	0 5280
4
	4864 5248
	6720 5248
	6720 5280
	4864 5280
4
	8544 5248
	8928 5248
	8928 5280
	8544 5280
4
	10592 5248
	16448 5248
	16448 5280
	10592 5280
4
	0 5280
	6752 5280
	6752 5312
	0 5312
4
	8544 5280
	8928 5280
	8928 5312
	8544 5312
4
	10624 5280
	16448 5280
	16448 5312
	10624 5312
4
	0 5312
	6752 5312
	6752 5344
	0 5344
4
	8576 5312
	8960 5312
	8960 5344
	8576 5344
4
	10656 5312
	16448 5312
	16448 5344
	10656 5344
4
	0 5344
	6752 5344
	6752 5376
	0 5376
4
	8640 5344
	8992 5344
	8992 5376
	8640 5376
4
	10688 5344
	16448 5344
	16448 5376
	10688 5376
4
	0 5376
	6720 5376
	6720 5408
	0 5408
4
	8256 5376
	8320 5376
	8320 5408
	8256 5408
4
	8704 5376
	9024 5376
	9024 5408
	8704 5408
4
	10720 5376
	16448 5376
	16448 5408
	10720 5408
4
	0 5408
	6720 5408
	6720 5440
	0 5440
4
	8224 5408
	8352 5408
	8352 5440
	8224 5440
4
	8768 5408
	9184 5408
	9184 5440
	8768 5440
4
	9632 5408
	9696 5408
	9696 5440
	9632 5440
4
	10720 5408
	16448 5408
	16448 5440
	10720 5440
4
	0 5440
	6688 5440
	6688 5472
	0 5472
4
	8479 5471
	8481 5471
	8481 5473
	8479 5473
4
	8224 5440
	8480 5440
	8480 5472
	8224 5472
4
	8768 5440
	9216 5440
	9216 5472
	8768 5472
4
	9568 5440
	9728 5440
	9728 5472
	9568 5472
4
	10720 5440
	16448 5440
	16448 5472
	10720 5472
4
	0 5472
	6688 5472
	6688 5504
	0 5504
4
	8256 5472
	8448 5472
	8448 5504
	8256 5504
4
	8480 5472
	8512 5472
	8512 5504
	8480 5504
4
	8768 5472
	9280 5472
	9280 5504
	8768 5504
4
	9504 5472
	9760 5472
	9760 5504
	9504 5504
4
	10752 5472
	16448 5472
	16448 5504
	10752 5504
4
	0 5504
	6656 5504
	6656 5536
	0 5536
4
	8288 5504
	8512 5504
	8512 5536
	8288 5536
4
	8768 5504
	9344 5504
	9344 5536
	8768 5536
4
	9472 5504
	9760 5504
	9760 5536
	9472 5536
4
	10752 5504
	16448 5504
	16448 5536
	10752 5536
4
	0 5536
	6656 5536
	6656 5568
	0 5568
4
	8320 5536
	8512 5536
	8512 5568
	8320 5568
4
	8800 5536
	9760 5536
	9760 5568
	8800 5568
4
	10784 5536
	10976 5536
	10976 5568
	10784 5568
4
	11008 5536
	16448 5536
	16448 5568
	11008 5568
4
	0 5568
	6656 5568
	6656 5600
	0 5600
4
	8352 5568
	8544 5568
	8544 5600
	8352 5600
4
	8832 5568
	9760 5568
	9760 5600
	8832 5600
4
	11072 5568
	16448 5568
	16448 5600
	11072 5600
4
	0 5600
	6656 5600
	6656 5632
	0 5632
4
	8352 5600
	8576 5600
	8576 5632
	8352 5632
4
	8928 5600
	9760 5600
	9760 5632
	8928 5632
4
	11104 5600
	16448 5600
	16448 5632
	11104 5632
4
	0 5632
	6656 5632
	6656 5664
	0 5664
4
	8384 5632
	8608 5632
	8608 5664
	8384 5664
4
	8960 5632
	9728 5632
	9728 5664
	8960 5664
4
	11104 5632
	16448 5632
	16448 5664
	11104 5664
4
	0 5664
	6656 5664
	6656 5696
	0 5696
4
	8384 5664
	8640 5664
	8640 5696
	8384 5696
4
	8992 5664
	9696 5664
	9696 5696
	8992 5696
4
	11136 5664
	16448 5664
	16448 5696
	11136 5696
4
	0 5696
	6688 5696
	6688 5728
	0 5728
4
	8416 5696
	8672 5696
	8672 5728
	8416 5728
4
	9024 5696
	9600 5696
	9600 5728
	9024 5728
4
	11136 5696
	11264 5696
	11264 5728
	11136 5728
4
	11296 5696
	16448 5696
	16448 5728
	11296 5728
4
	0 5728
	6688 5728
	6688 5760
	0 5760
4
	8416 5728
	8704 5728
	8704 5760
	8416 5760
4
	9024 5728
	9408 5728
	9408 5760
	9024 5760
4
	11136 5728
	11264 5728
	11264 5760
	11136 5760
4
	11328 5728
	16448 5728
	16448 5760
	11328 5760
4
	0 5760
	6720 5760
	6720 5792
	0 5792
4
	8416 5760
	8736 5760
	8736 5792
	8416 5792
4
	9088 5760
	9248 5760
	9248 5792
	9088 5792
4
	9280 5760
	9312 5760
	9312 5792
	9280 5792
4
	11136 5760
	11296 5760
	11296 5792
	11136 5792
4
	11328 5760
	16448 5760
	16448 5792
	11328 5792
4
	0 5792
	6752 5792
	6752 5824
	0 5824
4
	7744 5792
	7968 5792
	7968 5824
	7744 5824
4
	8416 5792
	8864 5792
	8864 5824
	8416 5824
4
	9120 5792
	9216 5792
	9216 5824
	9120 5824
4
	11168 5792
	16448 5792
	16448 5824
	11168 5824
4
	0 5824
	6784 5824
	6784 5856
	0 5856
4
	7712 5824
	8064 5824
	8064 5856
	7712 5856
4
	8384 5824
	8896 5824
	8896 5856
	8384 5856
4
	11200 5824
	16448 5824
	16448 5856
	11200 5856
4
	0 5856
	6784 5856
	6784 5888
	0 5888
4
	7680 5856
	8160 5856
	8160 5888
	7680 5888
4
	8224 5856
	8896 5856
	8896 5888
	8224 5888
4
	11232 5856
	16448 5856
	16448 5888
	11232 5888
4
	0 5888
	6816 5888
	6816 5920
	0 5920
4
	7680 5888
	8928 5888
	8928 5920
	7680 5920
4
	11360 5888
	16448 5888
	16448 5920
	11360 5920
4
	0 5920
	6816 5920
	6816 5952
	0 5952
4
	7680 5920
	8960 5920
	8960 5952
	7680 5952
4
	11392 5920
	16448 5920
	16448 5952
	11392 5952
4
	0 5952
	6848 5952
	6848 5984
	0 5984
4
	7712 5952
	8992 5952
	8992 5984
	7712 5984
4
	11424 5952
	16448 5952
	16448 5984
	11424 5984
4
	0 5984
	6912 5984
	6912 6016
	0 6016
4
	7712 5984
	9088 5984
	9088 6016
	7712 6016
4
	11488 5984
	16448 5984
	16448 6016
	11488 6016
4
	0 6016
	6976 6016
	6976 6048
	0 6048
4
	7712 6016
	9280 6016
	9280 6048
	7712 6048
4
	11488 6016
	16448 6016
	16448 6048
	11488 6048
4
	0 6048
	6976 6048
	6976 6080
	0 6080
4
	7712 6048
	9344 6048
	9344 6080
	7712 6080
4
	11488 6048
	16448 6048
	16448 6080
	11488 6080
4
	0 6080
	7008 6080
	7008 6112
	0 6112
4
	7712 6080
	9344 6080
	9344 6112
	7712 6112
4
	11488 6080
	16448 6080
	16448 6112
	11488 6112
4
	0 6112
	7008 6112
	7008 6144
	0 6144
4
	7712 6112
	9536 6112
	9536 6144
	7712 6144
4
	11520 6112
	16448 6112
	16448 6144
	11520 6144
4
	0 6144
	7008 6144
	7008 6176
	0 6176
4
	7712 6144
	9536 6144
	9536 6176
	7712 6176
4
	11616 6144
	16448 6144
	16448 6176
	11616 6176
4
	0 6176
	7008 6176
	7008 6208
	0 6208
4
	7712 6176
	9600 6176
	9600 6208
	7712 6208
4
	11616 6176
	16448 6176
	16448 6208
	11616 6208
4
	0 6208
	7008 6208
	7008 6240
	0 6240
4
	7744 6208
	9632 6208
	9632 6240
	7744 6240
4
	11616 6208
	16448 6208
	16448 6240
	11616 6240
4
	0 6240
	7040 6240
	7040 6272
	0 6272
4
	7744 6240
	9664 6240
	9664 6272
	7744 6272
4
	11616 6240
	16448 6240
	16448 6272
	11616 6272
4
	0 6272
	7040 6272
	7040 6304
	0 6304
4
	7744 6272
	9888 6272
	9888 6304
	7744 6304
4
	11648 6272
	16448 6272
	16448 6304
	11648 6304
4
	0 6304
	7040 6304
	7040 6336
	0 6336
4
	7744 6304
	9920 6304
	9920 6336
	7744 6336
4
	10144 6304
	10432 6304
	10432 6336
	10144 6336
4
	11680 6304
	16448 6304
	16448 6336
	11680 6336
4
	0 6336
	7072 6336
	7072 6368
	0 6368
4
	7744 6336
	9952 6336
	9952 6368
	7744 6368
4
	10112 6336
	10464 6336
	10464 6368
	10112 6368
4
	11872 6336
	16448 6336
	16448 6368
	11872 6368
4
	0 6368
	7072 6368
	7072 6400
	0 6400
4
	7744 6368
	9984 6368
	9984 6400
	7744 6400
4
	10080 6368
	10496 6368
	10496 6400
	10080 6400
4
	11904 6368
	16448 6368
	16448 6400
	11904 6400
4
	0 6400
	7104 6400
	7104 6432
	0 6432
4
	7776 6400
	10560 6400
	10560 6432
	7776 6432
4
	11936 6400
	16448 6400
	16448 6432
	11936 6432
4
	0 6432
	7104 6432
	7104 6464
	0 6464
4
	7776 6432
	10944 6432
	10944 6464
	7776 6464
4
	11904 6432
	16448 6432
	16448 6464
	11904 6464
4
	0 6464
	7104 6464
	7104 6496
	0 6496
4
	7776 6464
	10976 6464
	10976 6496
	7776 6496
4
	11904 6464
	16448 6464
	16448 6496
	11904 6496
4
	0 6496
	7104 6496
	7104 6528
	0 6528
4
	7744 6496
	11008 6496
	11008 6528
	7744 6528
4
	11904 6496
	16448 6496
	16448 6528
	11904 6528
4
	0 6528
	7104 6528
	7104 6560
	0 6560
4
	7744 6528
	11040 6528
	11040 6560
	7744 6560
4
	11904 6528
	16448 6528
	16448 6560
	11904 6560
4
	0 6560
	7104 6560
	7104 6592
	0 6592
4
	7744 6560
	11072 6560
	11072 6592
	7744 6592
4
	11936 6560
	16448 6560
	16448 6592
	11936 6592
4
	0 6592
	7104 6592
	7104 6624
	0 6624
4
	7744 6592
	11072 6592
	11072 6624
	7744 6624
4
	11392 6592
	11552 6592
	11552 6624
	11392 6624
4
	11968 6592
	16448 6592
	16448 6624
	11968 6624
4
	0 6624
	7104 6624
	7104 6656
	0 6656
4
	7744 6624
	11136 6624
	11136 6656
	7744 6656
4
	11264 6624
	11584 6624
	11584 6656
	11264 6656
4
	12000 6624
	16448 6624
	16448 6656
	12000 6656
4
	0 6656
	7104 6656
	7104 6688
	0 6688
4
	7744 6656
	11616 6656
	11616 6688
	7744 6688
4
	12032 6656
	16448 6656
	16448 6688
	12032 6688
4
	0 6688
	7104 6688
	7104 6720
	0 6720
4
	7744 6688
	11648 6688
	11648 6720
	7744 6720
4
	12032 6688
	16448 6688
	16448 6720
	12032 6720
4
	0 6720
	7104 6720
	7104 6752
	0 6752
4
	7744 6720
	11680 6720
	11680 6752
	7744 6752
4
	12032 6720
	16448 6720
	16448 6752
	12032 6752
4
	0 6752
	7136 6752
	7136 6784
	0 6784
4
	7744 6752
	11712 6752
	11712 6784
	7744 6784
4
	12032 6752
	16448 6752
	16448 6784
	12032 6784
4
	0 6784
	7136 6784
	7136 6816
	0 6816
4
	7744 6784
	11712 6784
	11712 6816
	7744 6816
4
	12032 6784
	16448 6784
	16448 6816
	12032 6816
4
	0 6816
	7232 6816
	7232 6848
	0 6848
4
	7744 6816
	11712 6816
	11712 6848
	7744 6848
4
	12064 6816
	16448 6816
	16448 6848
	12064 6848
4
	0 6848
	7296 6848
	7296 6880
	0 6880
4
	7744 6848
	11744 6848
	11744 6880
	7744 6880
4
	12096 6848
	16448 6848
	16448 6880
	12096 6880
4
	0 6880
	7328 6880
	7328 6912
	0 6912
4
	7712 6880
	11744 6880
	11744 6912
	7712 6912
4
	12096 6880
	16448 6880
	16448 6912
	12096 6912
4
	0 6912
	7360 6912
	7360 6944
	0 6944
4
	7712 6912
	11744 6912
	11744 6944
	7712 6944
4
	12096 6912
	16448 6912
	16448 6944
	12096 6944
4
	0 6944
	7360 6944
	7360 6976
	0 6976
4
	7712 6944
	11744 6944
	11744 6976
	7712 6976
4
	12128 6944
	16448 6944
	16448 6976
	12128 6976
4
	0 6976
	7360 6976
	7360 7008
	0 7008
4
	7680 6976
	11744 6976
	11744 7008
	7680 7008
4
	12128 6976
	16448 6976
	16448 7008
	12128 7008
4
	0 7008
	7360 7008
	7360 7040
	0 7040
4
	7648 7008
	11744 7008
	11744 7040
	7648 7040
4
	12160 7008
	16448 7008
	16448 7040
	12160 7040
4
	0 7040
	7360 7040
	7360 7072
	0 7072
4
	7648 7040
	11712 7040
	11712 7072
	7648 7072
4
	12160 7040
	16448 7040
	16448 7072
	12160 7072
4
	0 7072
	7360 7072
	7360 7104
	0 7104
4
	7616 7072
	11712 7072
	11712 7104
	7616 7104
4
	12160 7072
	16448 7072
	16448 7104
	12160 7104
4
	0 7104
	7360 7104
	7360 7136
	0 7136
4
	7616 7104
	11744 7104
	11744 7136
	7616 7136
4
	12192 7104
	16448 7104
	16448 7136
	12192 7136
4
	0 7136
	7360 7136
	7360 7168
	0 7168
4
	7616 7136
	11744 7136
	11744 7168
	7616 7168
4
	12192 7136
	16448 7136
	16448 7168
	12192 7168
4
	0 7168
	7328 7168
	7328 7200
	0 7200
4
	7616 7168
	11776 7168
	11776 7200
	7616 7200
4
	12192 7168
	16448 7168
	16448 7200
	12192 7200
4
	0 7200
	7328 7200
	7328 7232
	0 7232
4
	7616 7200
	11808 7200
	11808 7232
	7616 7232
4
	12192 7200
	16448 7200
	16448 7232
	12192 7232
4
	0 7232
	5536 7232
	5536 7264
	0 7264
4
	5664 7232
	5856 7232
	5856 7264
	5664 7264
4
	5920 7232
	7328 7232
	7328 7264
	5920 7264
4
	7616 7232
	11808 7232
	11808 7264
	7616 7264
4
	12192 7232
	16448 7232
	16448 7264
	12192 7264
4
	0 7264
	5504 7264
	5504 7296
	0 7296
4
	5760 7264
	5856 7264
	5856 7296
	5760 7296
4
	5920 7264
	7296 7264
	7296 7296
	5920 7296
4
	7616 7264
	11808 7264
	11808 7296
	7616 7296
4
	12192 7264
	16448 7264
	16448 7296
	12192 7296
4
	0 7296
	5504 7296
	5504 7328
	0 7328
4
	5920 7296
	7296 7296
	7296 7328
	5920 7328
4
	7616 7296
	11808 7296
	11808 7328
	7616 7328
4
	12192 7296
	16448 7296
	16448 7328
	12192 7328
4
	0 7328
	5504 7328
	5504 7360
	0 7360
4
	5952 7328
	7296 7328
	7296 7360
	5952 7360
4
	7584 7328
	11776 7328
	11776 7360
	7584 7360
4
	12192 7328
	16448 7328
	16448 7360
	12192 7360
4
	0 7360
	5536 7360
	5536 7392
	0 7392
4
	5952 7360
	7296 7360
	7296 7392
	5952 7392
4
	7552 7360
	11776 7360
	11776 7392
	7552 7392
4
	12192 7360
	16448 7360
	16448 7392
	12192 7392
4
	0 7392
	5536 7392
	5536 7424
	0 7424
4
	5984 7392
	7296 7392
	7296 7424
	5984 7424
4
	7488 7392
	11744 7392
	11744 7424
	7488 7424
4
	12192 7392
	16448 7392
	16448 7424
	12192 7424
4
	0 7424
	5568 7424
	5568 7456
	0 7456
4
	5984 7424
	7296 7424
	7296 7456
	5984 7456
4
	7488 7424
	11744 7424
	11744 7456
	7488 7456
4
	12192 7424
	16448 7424
	16448 7456
	12192 7456
4
	0 7456
	5664 7456
	5664 7488
	0 7488
4
	5984 7456
	7296 7456
	7296 7488
	5984 7488
4
	7456 7456
	11744 7456
	11744 7488
	7456 7488
4
	12192 7456
	16448 7456
	16448 7488
	12192 7488
4
	0 7488
	5664 7488
	5664 7520
	0 7520
4
	6016 7488
	7264 7488
	7264 7520
	6016 7520
4
	7424 7488
	11744 7488
	11744 7520
	7424 7520
4
	12192 7488
	16448 7488
	16448 7520
	12192 7520
4
	0 7520
	5664 7520
	5664 7552
	0 7552
4
	6016 7520
	7264 7520
	7264 7552
	6016 7552
4
	7424 7520
	11744 7520
	11744 7552
	7424 7552
4
	12160 7520
	16448 7520
	16448 7552
	12160 7552
4
	0 7552
	5664 7552
	5664 7584
	0 7584
4
	6016 7552
	7232 7552
	7232 7584
	6016 7584
4
	7392 7552
	11776 7552
	11776 7584
	7392 7584
4
	12160 7552
	16448 7552
	16448 7584
	12160 7584
4
	0 7584
	5696 7584
	5696 7616
	0 7616
4
	6048 7584
	7232 7584
	7232 7616
	6048 7616
4
	7392 7584
	11776 7584
	11776 7616
	7392 7616
4
	12128 7584
	16448 7584
	16448 7616
	12128 7616
4
	0 7616
	5664 7616
	5664 7648
	0 7648
4
	6080 7616
	7232 7616
	7232 7648
	6080 7648
4
	7392 7616
	11744 7616
	11744 7648
	7392 7648
4
	12128 7616
	16448 7616
	16448 7648
	12128 7648
4
	0 7648
	5664 7648
	5664 7680
	0 7680
4
	6112 7648
	7200 7648
	7200 7680
	6112 7680
4
	7392 7648
	11744 7648
	11744 7680
	7392 7680
4
	12128 7648
	16448 7648
	16448 7680
	12128 7680
4
	0 7680
	5664 7680
	5664 7712
	0 7712
4
	6144 7680
	7168 7680
	7168 7712
	6144 7712
4
	7392 7680
	11744 7680
	11744 7712
	7392 7712
4
	12128 7680
	16448 7680
	16448 7712
	12128 7712
4
	0 7712
	5664 7712
	5664 7744
	0 7744
4
	6144 7712
	7168 7712
	7168 7744
	6144 7744
4
	7392 7712
	11744 7712
	11744 7744
	7392 7744
4
	12128 7712
	16448 7712
	16448 7744
	12128 7744
4
	0 7744
	5696 7744
	5696 7776
	0 7776
4
	6176 7744
	7136 7744
	7136 7776
	6176 7776
4
	7392 7744
	11744 7744
	11744 7776
	7392 7776
4
	12128 7744
	16448 7744
	16448 7776
	12128 7776
4
	0 7776
	5696 7776
	5696 7808
	0 7808
4
	6208 7776
	7072 7776
	7072 7808
	6208 7808
4
	7360 7776
	11744 7776
	11744 7808
	7360 7808
4
	12128 7776
	16448 7776
	16448 7808
	12128 7808
4
	0 7808
	5536 7808
	5536 7840
	0 7840
4
	6208 7808
	7008 7808
	7008 7840
	6208 7840
4
	7328 7808
	11744 7808
	11744 7840
	7328 7840
4
	12128 7808
	16448 7808
	16448 7840
	12128 7840
4
	0 7840
	5504 7840
	5504 7872
	0 7872
4
	6240 7840
	6656 7840
	6656 7872
	6240 7872
4
	7296 7840
	11712 7840
	11712 7872
	7296 7872
4
	12096 7840
	16448 7840
	16448 7872
	12096 7872
4
	0 7872
	5504 7872
	5504 7904
	0 7904
4
	7264 7872
	11712 7872
	11712 7904
	7264 7904
4
	12096 7872
	16448 7872
	16448 7904
	12096 7904
4
	0 7904
	5504 7904
	5504 7936
	0 7936
4
	7232 7904
	11712 7904
	11712 7936
	7232 7936
4
	12096 7904
	16448 7904
	16448 7936
	12096 7936
4
	0 7936
	5504 7936
	5504 7968
	0 7968
4
	7200 7936
	11712 7936
	11712 7968
	7200 7968
4
	12064 7936
	16448 7936
	16448 7968
	12064 7968
4
	0 7968
	5536 7968
	5536 8000
	0 8000
4
	7200 7968
	11680 7968
	11680 8000
	7200 8000
4
	12064 7968
	16448 7968
	16448 8000
	12064 8000
4
	0 8000
	5536 8000
	5536 8032
	0 8032
4
	7136 8000
	11680 8000
	11680 8032
	7136 8032
4
	12032 8000
	16448 8000
	16448 8032
	12032 8032
4
	0 8032
	11648 8032
	11648 8064
	0 8064
4
	12000 8032
	16448 8032
	16448 8064
	12000 8064
4
	0 8064
	11616 8064
	11616 8096
	0 8096
4
	11968 8064
	16448 8064
	16448 8096
	11968 8096
4
	0 8096
	11616 8096
	11616 8128
	0 8128
4
	11968 8096
	16448 8096
	16448 8128
	11968 8128
4
	0 8128
	11584 8128
	11584 8160
	0 8160
4
	11936 8128
	16448 8128
	16448 8160
	11936 8160
4
	0 8160
	11584 8160
	11584 8192
	0 8192
4
	11904 8160
	16448 8160
	16448 8192
	11904 8192
4
	0 8192
	11552 8192
	11552 8224
	0 8224
4
	11904 8192
	16448 8192
	16448 8224
	11904 8224
4
	0 8224
	11488 8224
	11488 8256
	0 8256
4
	11872 8224
	16448 8224
	16448 8256
	11872 8256
4
	0 8256
	11456 8256
	11456 8288
	0 8288
4
	11840 8256
	16448 8256
	16448 8288
	11840 8288
4
	0 8288
	11424 8288
	11424 8320
	0 8320
4
	11840 8288
	16448 8288
	16448 8320
	11840 8320
4
	0 8320
	11392 8320
	11392 8352
	0 8352
4
	11808 8320
	16448 8320
	16448 8352
	11808 8352
4
	0 8352
	11360 8352
	11360 8384
	0 8384
4
	11744 8352
	16448 8352
	16448 8384
	11744 8384
4
	0 8384
	11328 8384
	11328 8416
	0 8416
4
	11712 8384
	16448 8384
	16448 8416
	11712 8416
4
	0 8416
	11328 8416
	11328 8448
	0 8448
4
	11680 8416
	16448 8416
	16448 8448
	11680 8448
4
	0 8448
	11296 8448
	11296 8480
	0 8480
4
	11648 8448
	16448 8448
	16448 8480
	11648 8480
4
	0 8480
	10560 8480
	10560 8512
	0 8512
4
	10752 8480
	11232 8480
	11232 8512
	10752 8512
4
	11584 8480
	16448 8480
	16448 8512
	11584 8512
4
	0 8512
	10496 8512
	10496 8544
	0 8544
4
	10816 8512
	11168 8512
	11168 8544
	10816 8544
4
	11552 8512
	16448 8512
	16448 8544
	11552 8544
4
	0 8544
	10400 8544
	10400 8576
	0 8576
4
	11520 8544
	16448 8544
	16448 8576
	11520 8576
4
	0 8576
	10400 8576
	10400 8608
	0 8608
4
	11488 8576
	16448 8576
	16448 8608
	11488 8608
4
	0 8608
	10368 8608
	10368 8640
	0 8640
4
	11456 8608
	16448 8608
	16448 8640
	11456 8640
4
	0 8640
	10304 8640
	10304 8672
	0 8672
4
	11424 8640
	16448 8640
	16448 8672
	11424 8672
4
	0 8672
	10176 8672
	10176 8704
	0 8704
4
	11392 8672
	16448 8672
	16448 8704
	11392 8704
4
	0 8704
	10048 8704
	10048 8736
	0 8736
4
	11360 8704
	16448 8704
	16448 8736
	11360 8736
4
	0 8736
	10016 8736
	10016 8768
	0 8768
4
	11296 8736
	16448 8736
	16448 8768
	11296 8768
4
	0 8768
	9696 8768
	9696 8800
	0 8800
4
	9760 8768
	9952 8768
	9952 8800
	9760 8800
4
	11200 8768
	16448 8768
	16448 8800
	11200 8800
4
	0 8800
	9696 8800
	9696 8832
	0 8832
4
	9760 8800
	9920 8800
	9920 8832
	9760 8832
4
	11008 8800
	16448 8800
	16448 8832
	11008 8832
4
	0 8832
	9696 8832
	9696 8864
	0 8864
4
	9792 8832
	9856 8832
	9856 8864
	9792 8864
4
	10944 8832
	16448 8832
	16448 8864
	10944 8864
4
	0 8864
	9696 8864
	9696 8896
	0 8896
4
	10880 8864
	16448 8864
	16448 8896
	10880 8896
4
	0 8896
	9632 8896
	9632 8928
	0 8928
4
	10816 8896
	16448 8896
	16448 8928
	10816 8928
4
	0 8928
	9632 8928
	9632 8960
	0 8960
4
	10432 8928
	10528 8928
	10528 8960
	10432 8960
4
	10784 8928
	16448 8928
	16448 8960
	10784 8960
4
	0 8960
	9600 8960
	9600 8992
	0 8992
4
	10368 8960
	10528 8960
	10528 8992
	10368 8992
4
	10720 8960
	16448 8960
	16448 8992
	10720 8992
4
	0 8992
	9568 8992
	9568 9024
	0 9024
4
	10336 8992
	10528 8992
	10528 9024
	10336 9024
4
	10688 8992
	16448 8992
	16448 9024
	10688 9024
4
	0 9024
	9088 9024
	9088 9056
	0 9056
4
	9152 9024
	9504 9024
	9504 9056
	9152 9056
4
	10016 9024
	10496 9024
	10496 9056
	10016 9056
4
	10656 9024
	16448 9024
	16448 9056
	10656 9056
4
	0 9056
	9056 9056
	9056 9088
	0 9088
4
	9184 9056
	9440 9056
	9440 9088
	9184 9088
4
	9952 9056
	10464 9056
	10464 9088
	9952 9088
4
	10624 9056
	16448 9056
	16448 9088
	10624 9088
4
	0 9088
	9056 9088
	9056 9120
	0 9120
4
	9216 9088
	9376 9088
	9376 9120
	9216 9120
4
	9920 9088
	10432 9088
	10432 9120
	9920 9120
4
	10624 9088
	16448 9088
	16448 9120
	10624 9120
4
	0 9120
	9056 9120
	9056 9152
	0 9152
4
	9920 9120
	10368 9120
	10368 9152
	9920 9152
4
	10592 9120
	16448 9120
	16448 9152
	10592 9152
4
	0 9152
	9056 9152
	9056 9184
	0 9184
4
	9888 9152
	10048 9152
	10048 9184
	9888 9184
4
	10560 9152
	16448 9152
	16448 9184
	10560 9184
4
	0 9184
	9056 9184
	9056 9216
	0 9216
4
	9856 9184
	10016 9184
	10016 9216
	9856 9216
4
	10496 9184
	16448 9184
	16448 9216
	10496 9216
4
	0 9216
	9056 9216
	9056 9248
	0 9248
4
	9824 9216
	10016 9216
	10016 9248
	9824 9248
4
	10464 9216
	16448 9216
	16448 9248
	10464 9248
4
	0 9248
	8992 9248
	8992 9280
	0 9280
4
	9696 9248
	10016 9248
	10016 9280
	9696 9280
4
	10432 9248
	16448 9248
	16448 9280
	10432 9280
4
	0 9280
	8960 9280
	8960 9312
	0 9312
4
	9664 9280
	10208 9280
	10208 9312
	9664 9312
4
	10272 9280
	16448 9280
	16448 9312
	10272 9312
4
	0 9312
	8896 9312
	8896 9344
	0 9344
4
	9600 9312
	16448 9312
	16448 9344
	9600 9344
4
	0 9344
	8800 9344
	8800 9376
	0 9376
4
	9408 9344
	9440 9344
	9440 9376
	9408 9376
4
	9504 9344
	16448 9344
	16448 9376
	9504 9376
4
	0 9376
	8768 9376
	8768 9408
	0 9408
4
	9312 9376
	16448 9376
	16448 9408
	9312 9408
4
	0 9408
	8288 9408
	8288 9440
	0 9440
4
	8384 9408
	8608 9408
	8608 9440
	8384 9440
4
	9280 9408
	16448 9408
	16448 9440
	9280 9440
4
	0 9440
	8288 9440
	8288 9472
	0 9472
4
	8384 9440
	8544 9440
	8544 9472
	8384 9472
4
	9248 9440
	16448 9440
	16448 9472
	9248 9472
4
	0 9472
	8256 9472
	8256 9504
	0 9504
4
	9216 9472
	16448 9472
	16448 9504
	9216 9504
4
	0 9504
	8256 9504
	8256 9536
	0 9536
4
	9184 9504
	16448 9504
	16448 9536
	9184 9536
4
	0 9536
	8160 9536
	8160 9568
	0 9568
4
	9056 9536
	16448 9536
	16448 9568
	9056 9568
4
	0 9568
	8128 9568
	8128 9600
	0 9600
4
	8992 9568
	16448 9568
	16448 9600
	8992 9600
4
	0 9600
	8096 9600
	8096 9632
	0 9632
4
	8864 9600
	16448 9600
	16448 9632
	8864 9632
4
	0 9632
	8032 9632
	8032 9664
	0 9664
4
	8800 9632
	16448 9632
	16448 9664
	8800 9664
4
	0 9664
	8000 9664
	8000 9696
	0 9696
4
	8672 9664
	16448 9664
	16448 9696
	8672 9696
4
	0 9696
	7872 9696
	7872 9728
	0 9728
4
	8640 9696
	16448 9696
	16448 9728
	8640 9728
4
	0 9728
	7840 9728
	7840 9760
	0 9760
4
	8416 9728
	8480 9728
	8480 9760
	8416 9760
4
	8576 9728
	16448 9728
	16448 9760
	8576 9760
4
	0 9760
	7776 9760
	7776 9792
	0 9792
4
	8384 9760
	16448 9760
	16448 9792
	8384 9792
4
	0 9792
	7744 9792
	7744 9824
	0 9824
4
	8352 9792
	16448 9792
	16448 9824
	8352 9824
4
	0 9824
	7680 9824
	7680 9856
	0 9856
4
	8288 9824
	16448 9824
	16448 9856
	8288 9856
4
	0 9856
	7584 9856
	7584 9888
	0 9888
4
	8224 9856
	16448 9856
	16448 9888
	8224 9888
4
	0 9888
	7456 9888
	7456 9920
	0 9920
4
	8160 9888
	16448 9888
	16448 9920
	8160 9920
4
	0 9920
	7424 9920
	7424 9952
	0 9952
4
	8128 9920
	16448 9920
	16448 9952
	8128 9952
4
	0 9952
	7392 9952
	7392 9984
	0 9984
4
	7936 9952
	16448 9952
	16448 9984
	7936 9984
4
	0 9984
	7328 9984
	7328 10016
	0 10016
4
	7936 9984
	16448 9984
	16448 10016
	7936 10016
4
	0 10016
	7296 10016
	7296 10048
	0 10048
4
	7680 10016
	16448 10016
	16448 10048
	7680 10048
4
	0 10048
	7264 10048
	7264 10080
	0 10080
4
	7616 10048
	16448 10048
	16448 10080
	7616 10080
4
	0 10080
	7168 10080
	7168 10112
	0 10112
4
	7584 10080
	16448 10080
	16448 10112
	7584 10112
4
	0 10112
	6944 10112
	6944 10144
	0 10144
4
	7552 10112
	16448 10112
	16448 10144
	7552 10144
4
	0 10144
	6912 10144
	6912 10176
	0 10176
4
	7520 10144
	16448 10144
	16448 10176
	7520 10176
4
	0 10176
	6848 10176
	6848 10208
	0 10208
4
	7520 10176
	16448 10176
	16448 10208
	7520 10208
4
	0 10208
	6784 10208
	6784 10240
	0 10240
4
	7488 10208
	16448 10208
	16448 10240
	7488 10240
4
	0 10240
	6720 10240
	6720 10272
	0 10272
4
	7424 10240
	16448 10240
	16448 10272
	7424 10272
4
	0 10272
	6528 10272
	6528 10304
	0 10304
4
	7296 10272
	16448 10272
	16448 10304
	7296 10304
4
	0 10304
	6432 10304
	6432 10336
	0 10336
4
	7232 10304
	16448 10304
	16448 10336
	7232 10336
4
	0 10336
	6400 10336
	6400 10368
	0 10368
4
	7200 10336
	16448 10336
	16448 10368
	7200 10368
4
	0 10368
	6368 10368
	6368 10400
	0 10400
4
	7168 10368
	16448 10368
	16448 10400
	7168 10400
4
	0 10400
	6336 10400
	6336 10432
	0 10432
4
	7104 10400
	16448 10400
	16448 10432
	7104 10432
4
	0 10432
	6336 10432
	6336 10464
	0 10464
4
	7072 10432
	16448 10432
	16448 10464
	7072 10464
4
	0 10464
	6336 10464
	6336 10496
	0 10496
4
	7008 10464
	16448 10464
	16448 10496
	7008 10496
4
	0 10496
	6336 10496
	6336 10528
	0 10528
4
	6976 10496
	16448 10496
	16448 10528
	6976 10528
4
	0 10528
	6336 10528
	6336 10560
	0 10560
4
	6912 10528
	16448 10528
	16448 10560
	6912 10560
4
	0 10560
	6304 10560
	6304 10592
	0 10592
4
	6848 10560
	16448 10560
	16448 10592
	6848 10592
4
	0 10592
	6272 10592
	6272 10624
	0 10624
4
	6816 10592
	16448 10592
	16448 10624
	6816 10624
4
	0 10624
	6272 10624
	6272 10656
	0 10656
4
	6752 10624
	16448 10624
	16448 10656
	6752 10656
4
	0 10656
	6240 10656
	6240 10688
	0 10688
4
	6688 10656
	16448 10656
	16448 10688
	6688 10688
4
	0 10688
	6176 10688
	6176 10720
	0 10720
4
	6656 10688
	16448 10688
	16448 10720
	6656 10720
4
	0 10720
	5984 10720
	5984 10752
	0 10752
4
	6624 10720
	16448 10720
	16448 10752
	6624 10752
4
	0 10752
	5952 10752
	5952 10784
	0 10784
4
	6592 10752
	16448 10752
	16448 10784
	6592 10784
4
	0 10784
	5920 10784
	5920 10816
	0 10816
4
	6560 10784
	16448 10784
	16448 10816
	6560 10816
4
	0 10816
	5888 10816
	5888 10848
	0 10848
4
	6528 10816
	16448 10816
	16448 10848
	6528 10848
4
	0 10848
	5856 10848
	5856 10880
	0 10880
4
	6496 10848
	16448 10848
	16448 10880
	6496 10880
4
	0 10880
	5824 10880
	5824 10912
	0 10912
4
	6400 10880
	16448 10880
	16448 10912
	6400 10912
4
	0 10912
	5792 10912
	5792 10944
	0 10944
4
	6368 10912
	16448 10912
	16448 10944
	6368 10944
4
	0 10944
	5760 10944
	5760 10976
	0 10976
4
	6336 10944
	16448 10944
	16448 10976
	6336 10976
4
	0 10976
	5728 10976
	5728 11008
	0 11008
4
	6272 10976
	16448 10976
	16448 11008
	6272 11008
4
	0 11008
	5696 11008
	5696 11040
	0 11040
4
	6240 11008
	16448 11008
	16448 11040
	6240 11040
4
	0 11040
	5664 11040
	5664 11072
	0 11072
4
	6176 11040
	16448 11040
	16448 11072
	6176 11072
4
	0 11072
	5632 11072
	5632 11104
	0 11104
4
	6144 11072
	16448 11072
	16448 11104
	6144 11104
4
	0 11104
	5600 11104
	5600 11136
	0 11136
4
	6080 11104
	16448 11104
	16448 11136
	6080 11136
4
	0 11136
	5568 11136
	5568 11168
	0 11168
4
	5952 11136
	16448 11136
	16448 11168
	5952 11168
4
	0 11168
	5536 11168
	5536 11200
	0 11200
4
	5856 11168
	16448 11168
	16448 11200
	5856 11200
4
	0 11200
	5504 11200
	5504 11232
	0 11232
4
	5824 11200
	16448 11200
	16448 11232
	5824 11232
4
	0 11232
	5472 11232
	5472 11264
	0 11264
4
	5792 11232
	16448 11232
	16448 11264
	5792 11264
4
	0 11264
	5472 11264
	5472 11296
	0 11296
4
	5760 11264
	16448 11264
	16448 11296
	5760 11296
4
	0 11296
	5440 11296
	5440 11328
	0 11328
4
	5728 11296
	16448 11296
	16448 11328
	5728 11328
4
	0 11328
	5408 11328
	5408 11360
	0 11360
4
	5728 11328
	16448 11328
	16448 11360
	5728 11360
4
	0 11360
	5376 11360
	5376 11392
	0 11392
4
	5728 11360
	16448 11360
	16448 11392
	5728 11392
4
	0 11392
	5344 11392
	5344 11424
	0 11424
4
	5696 11392
	16448 11392
	16448 11424
	5696 11424
4
	0 11424
	5312 11424
	5312 11456
	0 11456
4
	5664 11424
	16448 11424
	16448 11456
	5664 11456
4
	0 11456
	5312 11456
	5312 11488
	0 11488
4
	5632 11456
	16448 11456
	16448 11488
	5632 11488
4
	0 11488
	5312 11488
	5312 11520
	0 11520
4
	5600 11488
	16448 11488
	16448 11520
	5600 11520
4
	0 11520
	5312 11520
	5312 11552
	0 11552
4
	5568 11520
	16448 11520
	16448 11552
	5568 11552
4
	0 11552
	5312 11552
	5312 11584
	0 11584
4
	5536 11552
	16448 11552
	16448 11584
	5536 11584
4
	0 11584
	5312 11584
	5312 11616
	0 11616
4
	5536 11584
	16448 11584
	16448 11616
	5536 11616
4
	0 11616
	5280 11616
	5280 11648
	0 11648
4
	5504 11616
	16448 11616
	16448 11648
	5504 11648
4
	0 11648
	5248 11648
	5248 11680
	0 11680
4
	5472 11648
	16448 11648
	16448 11680
	5472 11680
4
	0 11680
	5248 11680
	5248 11712
	0 11712
4
	5472 11680
	16448 11680
	16448 11712
	5472 11712
4
	0 11712
	5248 11712
	5248 11744
	0 11744
4
	5472 11712
	16448 11712
	16448 11744
	5472 11744
4
	0 11744
	5184 11744
	5184 11776
	0 11776
4
	5440 11744
	16448 11744
	16448 11776
	5440 11776
4
	0 11776
	5184 11776
	5184 11808
	0 11808
4
	5440 11776
	16448 11776
	16448 11808
	5440 11808
4
	0 11808
	5184 11808
	5184 11840
	0 11840
4
	5440 11808
	16448 11808
	16448 11840
	5440 11840
4
	0 11840
	5152 11840
	5152 11872
	0 11872
4
	5440 11840
	16448 11840
	16448 11872
	5440 11872
4
	0 11872
	5120 11872
	5120 11904
	0 11904
4
	5440 11872
	16448 11872
	16448 11904
	5440 11904
4
	0 11904
	5088 11904
	5088 11936
	0 11936
4
	5440 11904
	16448 11904
	16448 11936
	5440 11936
4
	0 11936
	5088 11936
	5088 11968
	0 11968
4
	5440 11936
	16448 11936
	16448 11968
	5440 11968
4
	0 11968
	5088 11968
	5088 12000
	0 12000
4
	5440 11968
	16448 11968
	16448 12000
	5440 12000
4
	0 12000
	5088 12000
	5088 12032
	0 12032
4
	5440 12000
	16448 12000
	16448 12032
	5440 12032
4
	0 12032
	5056 12032
	5056 12064
	0 12064
4
	5440 12032
	16448 12032
	16448 12064
	5440 12064
4
	0 12064
	5056 12064
	5056 12096
	0 12096
4
	5440 12064
	16448 12064
	16448 12096
	5440 12096
4
	0 12096
	5056 12096
	5056 12128
	0 12128
4
	5408 12096
	16448 12096
	16448 12128
	5408 12128
4
	0 12128
	5024 12128
	5024 12160
	0 12160
4
	5408 12128
	16448 12128
	16448 12160
	5408 12160
4
	0 12160
	5024 12160
	5024 12192
	0 12192
4
	5408 12160
	16448 12160
	16448 12192
	5408 12192
4
	0 12192
	4992 12192
	4992 12224
	0 12224
4
	5408 12192
	16448 12192
	16448 12224
	5408 12224
4
	0 12224
	4992 12224
	4992 12256
	0 12256
4
	5408 12224
	16448 12224
	16448 12256
	5408 12256
4
	0 12256
	4992 12256
	4992 12288
	0 12288
4
	5408 12256
	16448 12256
	16448 12288
	5408 12288
4
	0 12288
	4992 12288
	4992 12320
	0 12320
4
	5376 12288
	16448 12288
	16448 12320
	5376 12320
4
	0 12320
	4992 12320
	4992 12352
	0 12352
4
	5376 12320
	16448 12320
	16448 12352
	5376 12352
4
	0 12352
	4992 12352
	4992 12384
	0 12384
4
	5376 12352
	16448 12352
	16448 12384
	5376 12384
4
	0 12384
	4992 12384
	4992 12416
	0 12416
4
	5344 12384
	16448 12384
	16448 12416
	5344 12416
4
	0 12416
	4992 12416
	4992 12448
	0 12448
4
	5312 12416
	16448 12416
	16448 12448
	5312 12448
4
	0 12448
	4896 12448
	4896 12480
	0 12480
4
	5312 12448
	16448 12448
	16448 12480
	5312 12480
4
	0 12480
	4896 12480
	4896 12512
	0 12512
4
	5312 12480
	16448 12480
	16448 12512
	5312 12512
4
	0 12512
	4896 12512
	4896 12544
	0 12544
4
	5312 12512
	16448 12512
	16448 12544
	5312 12544
4
	0 12544
	4896 12544
	4896 12576
	0 12576
4
	5312 12544
	16448 12544
	16448 12576
	5312 12576
4
	0 12576
	4896 12576
	4896 12608
	0 12608
4
	5280 12576
	16448 12576
	16448 12608
	5280 12608
4
	0 12608
	4896 12608
	4896 12640
	0 12640
4
	5280 12608
	16448 12608
	16448 12640
	5280 12640
4
	0 12640
	4896 12640
	4896 12672
	0 12672
4
	5280 12640
	16448 12640
	16448 12672
	5280 12672
4
	0 12672
	4896 12672
	4896 12704
	0 12704
4
	5280 12672
	16448 12672
	16448 12704
	5280 12704
4
	0 12704
	4896 12704
	4896 12736
	0 12736
4
	5280 12704
	16448 12704
	16448 12736
	5280 12736
4
	0 12736
	4928 12736
	4928 12768
	0 12768
4
	5280 12736
	16448 12736
	16448 12768
	5280 12768
4
	0 12768
	4928 12768
	4928 12800
	0 12800
4
	5280 12768
	16448 12768
	16448 12800
	5280 12800
4
	0 12800
	4928 12800
	4928 12832
	0 12832
4
	5280 12800
	16448 12800
	16448 12832
	5280 12832
4
	0 12832
	4928 12832
	4928 12864
	0 12864
4
	5248 12832
	16448 12832
	16448 12864
	5248 12864
4
	0 12864
	4928 12864
	4928 12896
	0 12896
4
	5248 12864
	16448 12864
	16448 12896
	5248 12896
4
	0 12896
	4960 12896
	4960 12928
	0 12928
4
	5248 12896
	16448 12896
	16448 12928
	5248 12928
4
	0 12928
	4960 12928
	4960 12960
	0 12960
4
	5280 12928
	16448 12928
	16448 12960
	5280 12960
4
	0 12960
	5056 12960
	5056 12992
	0 12992
4
	5280 12960
	16448 12960
	16448 12992
	5280 12992
4
	0 12992
	5088 12992
	5088 13024
	0 13024
4
	5312 12992
	16448 12992
	16448 13024
	5312 13024
4
	0 13024
	5088 13024
	5088 13056
	0 13056
4
	5312 13024
	16448 13024
	16448 13056
	5312 13056
4
	0 13056
	5088 13056
	5088 13088
	0 13088
4
	5312 13056
	16448 13056
	16448 13088
	5312 13088
4
	0 13088
	5088 13088
	5088 13120
	0 13120
4
	5376 13088
	16448 13088
	16448 13120
	5376 13120
4
	0 13120
	5088 13120
	5088 13152
	0 13152
4
	5408 13120
	16448 13120
	16448 13152
	5408 13152
4
	0 13152
	5152 13152
	5152 13184
	0 13184
4
	5440 13152
	16448 13152
	16448 13184
	5440 13184
4
	0 13184
	5152 13184
	5152 13216
	0 13216
4
	5472 13184
	16448 13184
	16448 13216
	5472 13216
4
	0 13216
	5184 13216
	5184 13248
	0 13248
4
	5504 13216
	16448 13216
	16448 13248
	5504 13248
4
	0 13248
	5216 13248
	5216 13280
	0 13280
4
	5568 13248
	16448 13248
	16448 13280
	5568 13280
4
	0 13280
	5248 13280
	5248 13312
	0 13312
4
	5600 13280
	16448 13280
	16448 13312
	5600 13312
4
	0 13312
	5280 13312
	5280 13344
	0 13344
4
	5632 13312
	16448 13312
	16448 13344
	5632 13344
4
	0 13344
	5280 13344
	5280 13376
	0 13376
4
	5664 13344
	16448 13344
	16448 13376
	5664 13376
4
	0 13376
	5312 13376
	5312 13408
	0 13408
4
	5696 13376
	16448 13376
	16448 13408
	5696 13408
4
	0 13408
	5312 13408
	5312 13440
	0 13440
4
	5760 13408
	16448 13408
	16448 13440
	5760 13440
4
	0 13440
	5312 13440
	5312 13472
	0 13472
4
	5792 13440
	16448 13440
	16448 13472
	5792 13472
4
	0 13472
	5344 13472
	5344 13504
	0 13504
4
	5856 13472
	6688 13472
	6688 13504
	5856 13504
4
	6848 13472
	6912 13472
	6912 13504
	6848 13504
4
	7104 13472
	16448 13472
	16448 13504
	7104 13504
4
	0 13504
	5376 13504
	5376 13536
	0 13536
4
	6112 13504
	6592 13504
	6592 13536
	6112 13536
4
	7360 13504
	16448 13504
	16448 13536
	7360 13536
4
	0 13536
	5408 13536
	5408 13568
	0 13568
4
	7392 13536
	16448 13536
	16448 13568
	7392 13568
4
	0 13568
	5440 13568
	5440 13600
	0 13600
4
	7552 13568
	16448 13568
	16448 13600
	7552 13600
4
	0 13600
	5472 13600
	5472 13632
	0 13632
4
	7744 13600
	16448 13600
	16448 13632
	7744 13632
4
	0 13632
	5504 13632
	5504 13664
	0 13664
4
	7840 13632
	16448 13632
	16448 13664
	7840 13664
4
	0 13664
	5536 13664
	5536 13696
	0 13696
4
	7840 13664
	16448 13664
	16448 13696
	7840 13696
4
	0 13696
	5568 13696
	5568 13728
	0 13728
4
	6432 13696
	7200 13696
	7200 13728
	6432 13728
4
	7872 13696
	16448 13696
	16448 13728
	7872 13728
4
	0 13728
	5600 13728
	5600 13760
	0 13760
4
	6336 13728
	7424 13728
	7424 13760
	6336 13760
4
	7904 13728
	16448 13728
	16448 13760
	7904 13760
4
	0 13760
	5632 13760
	5632 13792
	0 13792
4
	6336 13760
	7616 13760
	7616 13792
	6336 13792
4
	7936 13760
	16448 13760
	16448 13792
	7936 13792
4
	0 13792
	5664 13792
	5664 13824
	0 13824
4
	6336 13792
	7680 13792
	7680 13824
	6336 13824
4
	8128 13792
	16448 13792
	16448 13824
	8128 13824
4
	0 13824
	5696 13824
	5696 13856
	0 13856
4
	6304 13824
	7776 13824
	7776 13856
	6304 13856
4
	8192 13824
	16448 13824
	16448 13856
	8192 13856
4
	0 13856
	5728 13856
	5728 13888
	0 13888
4
	6272 13856
	7872 13856
	7872 13888
	6272 13888
4
	8224 13856
	16448 13856
	16448 13888
	8224 13888
4
	0 13888
	5760 13888
	5760 13920
	0 13920
4
	6240 13888
	7904 13888
	7904 13920
	6240 13920
4
	8256 13888
	16448 13888
	16448 13920
	8256 13920
4
	0 13920
	5792 13920
	5792 13952
	0 13952
4
	6208 13920
	7968 13920
	7968 13952
	6208 13952
4
	8320 13920
	16448 13920
	16448 13952
	8320 13952
4
	0 13952
	5824 13952
	5824 13984
	0 13984
4
	6144 13952
	8032 13952
	8032 13984
	6144 13984
4
	8352 13952
	16448 13952
	16448 13984
	8352 13984
4
	0 13984
	5856 13984
	5856 14016
	0 14016
4
	6016 13984
	8064 13984
	8064 14016
	6016 14016
4
	8480 13984
	9120 13984
	9120 14016
	8480 14016
4
	9344 13984
	16448 13984
	16448 14016
	9344 14016
4
	0 14016
	5888 14016
	5888 14048
	0 14048
4
	6016 14016
	8096 14016
	8096 14048
	6016 14048
4
	8704 14016
	9088 14016
	9088 14048
	8704 14048
4
	9376 14016
	16448 14016
	16448 14048
	9376 14048
4
	0 14048
	8128 14048
	8128 14080
	0 14080
4
	8704 14048
	9056 14048
	9056 14080
	8704 14080
4
	9440 14048
	16448 14048
	16448 14080
	9440 14080
4
	0 14080
	8192 14080
	8192 14112
	0 14112
4
	8736 14080
	9024 14080
	9024 14112
	8736 14112
4
	9664 14080
	16448 14080
	16448 14112
	9664 14112
4
	0 14112
	8224 14112
	8224 14144
	0 14144
4
	9696 14112
	16448 14112
	16448 14144
	9696 14144
4
	0 14144
	8256 14144
	8256 14176
	0 14176
4
	9632 14144
	16448 14144
	16448 14176
	9632 14176
4
	0 14176
	8288 14176
	8288 14208
	0 14208
4
	9632 14176
	9664 14176
	9664 14208
	9632 14208
4
	9696 14176
	16448 14176
	16448 14208
	9696 14208
4
	0 14208
	8320 14208
	8320 14240
	0 14240
4
	9632 14208
	9664 14208
	9664 14240
	9632 14240
4
	9696 14208
	16448 14208
	16448 14240
	9696 14240
4
	0 14240
	8320 14240
	8320 14272
	0 14272
4
	9632 14240
	9664 14240
	9664 14272
	9632 14272
4
	9696 14240
	16448 14240
	16448 14272
	9696 14272
4
	0 14272
	8352 14272
	8352 14304
	0 14304
4
	8992 14272
	9088 14272
	9088 14304
	8992 14304
4
	9600 14272
	9728 14272
	9728 14304
	9600 14304
4
	9792 14272
	16448 14272
	16448 14304
	9792 14304
4
	0 14304
	8352 14304
	8352 14336
	0 14336
4
	8992 14304
	9184 14304
	9184 14336
	8992 14336
4
	9504 14304
	9696 14304
	9696 14336
	9504 14336
4
	9856 14304
	16448 14304
	16448 14336
	9856 14336
4
	0 14336
	8384 14336
	8384 14368
	0 14368
4
	9056 14336
	9216 14336
	9216 14368
	9056 14368
4
	9472 14336
	9664 14336
	9664 14368
	9472 14368
4
	9984 14336
	16448 14336
	16448 14368
	9984 14368
4
	0 14368
	8480 14368
	8480 14400
	0 14400
4
	9088 14368
	9216 14368
	9216 14400
	9088 14400
4
	9440 14368
	9728 14368
	9728 14400
	9440 14400
4
	9984 14368
	16448 14368
	16448 14400
	9984 14400
4
	0 14400
	8544 14400
	8544 14432
	0 14432
4
	9440 14400
	9728 14400
	9728 14432
	9440 14432
4
	10016 14400
	16448 14400
	16448 14432
	10016 14432
4
	0 14432
	8608 14432
	8608 14464
	0 14464
4
	9440 14432
	9728 14432
	9728 14464
	9440 14464
4
	10016 14432
	16448 14432
	16448 14464
	10016 14464
4
	0 14464
	8640 14464
	8640 14496
	0 14496
4
	10016 14464
	16448 14464
	16448 14496
	10016 14496
4
	0 14496
	8640 14496
	8640 14528
	0 14528
4
	9952 14496
	16448 14496
	16448 14528
	9952 14528
4
	0 14528
	8640 14528
	8640 14560
	0 14560
4
	9920 14528
	16448 14528
	16448 14560
	9920 14560
4
	0 14560
	8640 14560
	8640 14592
	0 14592
4
	9920 14560
	16448 14560
	16448 14592
	9920 14592
4
	0 14592
	8640 14592
	8640 14624
	0 14624
4
	9952 14592
	16448 14592
	16448 14624
	9952 14624
4
	0 14624
	8640 14624
	8640 14656
	0 14656
4
	10016 14624
	16448 14624
	16448 14656
	10016 14656
4
	0 14656
	8640 14656
	8640 14688
	0 14688
4
	10016 14656
	16448 14656
	16448 14688
	10016 14688
4
	0 14688
	8640 14688
	8640 14720
	0 14720
4
	8896 14688
	8992 14688
	8992 14720
	8896 14720
4
	10016 14688
	16448 14688
	16448 14720
	10016 14720
4
	0 14720
	8640 14720
	8640 14752
	0 14752
4
	8864 14720
	9024 14720
	9024 14752
	8864 14752
4
	10016 14720
	16448 14720
	16448 14752
	10016 14752
4
	0 14752
	8672 14752
	8672 14784
	0 14784
4
	8864 14752
	9024 14752
	9024 14784
	8864 14784
4
	9984 14752
	16448 14752
	16448 14784
	9984 14784
4
	0 14784
	8672 14784
	8672 14816
	0 14816
4
	8864 14784
	9024 14784
	9024 14816
	8864 14816
4
	9984 14784
	16448 14784
	16448 14816
	9984 14816
4
	0 14816
	8672 14816
	8672 14848
	0 14848
4
	8864 14816
	9024 14816
	9024 14848
	8864 14848
4
	10016 14816
	16448 14816
	16448 14848
	10016 14848
4
	0 14848
	8672 14848
	8672 14880
	0 14880
4
	8896 14848
	8992 14848
	8992 14880
	8896 14880
4
	10016 14848
	16448 14848
	16448 14880
	10016 14880
4
	0 14880
	8640 14880
	8640 14912
	0 14912
4
	10048 14880
	16448 14880
	16448 14912
	10048 14912
4
	0 14912
	8672 14912
	8672 14944
	0 14944
4
	9088 14912
	9184 14912
	9184 14944
	9088 14944
4
	9216 14912
	9312 14912
	9312 14944
	9216 14944
4
	10112 14912
	16448 14912
	16448 14944
	10112 14944
4
	0 14944
	8704 14944
	8704 14976
	0 14976
4
	9088 14944
	9312 14944
	9312 14976
	9088 14976
4
	10112 14944
	16448 14944
	16448 14976
	10112 14976
4
	0 14976
	8736 14976
	8736 15008
	0 15008
4
	9088 14976
	9344 14976
	9344 15008
	9088 15008
4
	10112 14976
	16448 14976
	16448 15008
	10112 15008
4
	0 15008
	8832 15008
	8832 15040
	0 15040
4
	9088 15008
	9344 15008
	9344 15040
	9088 15040
4
	10112 15008
	16448 15008
	16448 15040
	10112 15040
4
	0 15040
	8864 15040
	8864 15072
	0 15072
4
	9088 15040
	9376 15040
	9376 15072
	9088 15072
4
	10080 15040
	16448 15040
	16448 15072
	10080 15072
4
	0 15072
	8864 15072
	8864 15104
	0 15104
4
	9088 15072
	9408 15072
	9408 15104
	9088 15104
4
	10080 15072
	16448 15072
	16448 15104
	10080 15104
4
	0 15104
	8896 15104
	8896 15136
	0 15136
4
	9056 15104
	9376 15104
	9376 15136
	9056 15136
4
	10080 15104
	16448 15104
	16448 15136
	10080 15136
4
	0 15136
	8928 15136
	8928 15168
	0 15168
4
	9088 15136
	9344 15136
	9344 15168
	9088 15168
4
	10080 15136
	16448 15136
	16448 15168
	10080 15168
4
	0 15168
	8928 15168
	8928 15200
	0 15200
4
	10080 15168
	16448 15168
	16448 15200
	10080 15200
4
	0 15200
	8928 15200
	8928 15232
	0 15232
4
	10112 15200
	16448 15200
	16448 15232
	10112 15232
4
	0 15232
	8928 15232
	8928 15264
	0 15264
4
	9344 15232
	9472 15232
	9472 15264
	9344 15264
4
	10272 15232
	16448 15232
	16448 15264
	10272 15264
4
	0 15264
	8928 15264
	8928 15296
	0 15296
4
	9312 15264
	9472 15264
	9472 15296
	9312 15296
4
	9632 15264
	9792 15264
	9792 15296
	9632 15296
4
	10336 15264
	16448 15264
	16448 15296
	10336 15296
4
	0 15296
	8960 15296
	8960 15328
	0 15328
4
	9344 15296
	9472 15296
	9472 15328
	9344 15328
4
	9632 15296
	9824 15296
	9824 15328
	9632 15328
4
	10368 15296
	16448 15296
	16448 15328
	10368 15328
4
	0 15328
	8992 15328
	8992 15360
	0 15360
4
	9600 15328
	9888 15328
	9888 15360
	9600 15360
4
	10432 15328
	16448 15328
	16448 15360
	10432 15360
4
	0 15360
	8992 15360
	8992 15392
	0 15392
4
	9568 15360
	10048 15360
	10048 15392
	9568 15392
4
	10464 15360
	16448 15360
	16448 15392
	10464 15392
4
	0 15392
	9024 15392
	9024 15424
	0 15424
4
	9568 15392
	10080 15392
	10080 15424
	9568 15424
4
	10528 15392
	16448 15392
	16448 15424
	10528 15424
4
	0 15424
	9056 15424
	9056 15456
	0 15456
4
	9536 15424
	10208 15424
	10208 15456
	9536 15456
4
	10592 15424
	16448 15424
	16448 15456
	10592 15456
4
	0 15456
	9120 15456
	9120 15488
	0 15488
4
	9504 15456
	10240 15456
	10240 15488
	9504 15488
4
	10720 15456
	16448 15456
	16448 15488
	10720 15488
4
	0 15488
	9152 15488
	9152 15520
	0 15520
4
	9504 15488
	10304 15488
	10304 15520
	9504 15520
4
	10880 15488
	16448 15488
	16448 15520
	10880 15520
4
	0 15520
	9184 15520
	9184 15552
	0 15552
4
	9472 15520
	10336 15520
	10336 15552
	9472 15552
4
	10912 15520
	16448 15520
	16448 15552
	10912 15552
4
	0 15552
	9312 15552
	9312 15584
	0 15584
4
	9408 15552
	10400 15552
	10400 15584
	9408 15584
4
	10976 15552
	16448 15552
	16448 15584
	10976 15584
4
	0 15584
	10432 15584
	10432 15616
	0 15616
4
	11008 15584
	16448 15584
	16448 15616
	11008 15616
4
	0 15616
	10496 15616
	10496 15648
	0 15648
4
	11040 15616
	16448 15616
	16448 15648
	11040 15648
4
	0 15648
	10560 15648
	10560 15680
	0 15680
4
	11072 15648
	16448 15648
	16448 15680
	11072 15680
4
	0 15680
	10624 15680
	10624 15712
	0 15712
4
	11136 15680
	16448 15680
	16448 15712
	11136 15712
4
	0 15712
	10656 15712
	10656 15744
	0 15744
4
	11200 15712
	16448 15712
	16448 15744
	11200 15744
4
	0 15744
	10720 15744
	10720 15776
	0 15776
4
	11232 15744
	16448 15744
	16448 15776
	11232 15776
4
	0 15776
	10720 15776
	10720 15808
	0 15808
4
	11296 15776
	16448 15776
	16448 15808
	11296 15808
4
	0 15808
	10752 15808
	10752 15840
	0 15840
4
	11360 15808
	16448 15808
	16448 15840
	11360 15840
4
	0 15840
	10752 15840
	10752 15872
	0 15872
4
	11008 15840
	11168 15840
	11168 15872
	11008 15872
4
	11424 15840
	16448 15840
	16448 15872
	11424 15872
4
	0 15872
	10752 15872
	10752 15904
	0 15904
4
	11008 15872
	11168 15872
	11168 15904
	11008 15904
4
	11456 15872
	11552 15872
	11552 15904
	11456 15904
4
	11680 15872
	16448 15872
	16448 15904
	11680 15904
4
	0 15904
	10784 15904
	10784 15936
	0 15936
4
	10976 15904
	11072 15904
	11072 15936
	10976 15936
4
	11104 15904
	11360 15904
	11360 15936
	11104 15936
4
	11744 15904
	16448 15904
	16448 15936
	11744 15936
4
	0 15936
	10784 15936
	10784 15968
	0 15968
4
	10976 15936
	11392 15936
	11392 15968
	10976 15968
4
	11840 15936
	16448 15936
	16448 15968
	11840 15968
4
	0 15968
	10848 15968
	10848 16000
	0 16000
4
	10944 15968
	11648 15968
	11648 16000
	10944 16000
4
	11968 15968
	16448 15968
	16448 16000
	11968 16000
4
	0 16000
	11648 16000
	11648 16032
	0 16032
4
	11968 16000
	16448 16000
	16448 16032
	11968 16032
4
	0 16032
	11648 16032
	11648 16064
	0 16064
4
	11936 16032
	16448 16032
	16448 16064
	11936 16064
4
	0 16064
	11712 16064
	11712 16096
	0 16096
4
	11936 16064
	12192 16064
	12192 16096
	11936 16096
4
	12224 16064
	16448 16064
	16448 16096
	12224 16096
4
	0 16096
	11776 16096
	11776 16128
	0 16128
4
	12000 16096
	12160 16096
	12160 16128
	12000 16128
4
	12928 16096
	16448 16096
	16448 16128
	12928 16128
4
	0 16128
	11840 16128
	11840 16160
	0 16160
4
	12960 16128
	16448 16128
	16448 16160
	12960 16160
4
	0 16160
	11936 16160
	11936 16192
	0 16192
4
	13024 16160
	16448 16160
	16448 16192
	13024 16192
4
	0 16192
	11968 16192
	11968 16224
	0 16224
4
	13056 16192
	16448 16192
	16448 16224
	13056 16224
4
	0 16224
	12064 16224
	12064 16256
	0 16256
4
	13056 16224
	16448 16224
	16448 16256
	13056 16256
4
	0 16256
	12224 16256
	12224 16288
	0 16288
4
	12256 16256
	12288 16256
	12288 16288
	12256 16288
4
	13056 16256
	16448 16256
	16448 16288
	13056 16288
4
	0 16288
	12352 16288
	12352 16320
	0 16320
4
	13056 16288
	16448 16288
	16448 16320
	13056 16320
4
	0 16320
	12384 16320
	12384 16352
	0 16352
4
	12544 16320
	12608 16320
	12608 16352
	12544 16352
4
	13056 16320
	16448 16320
	16448 16352
	13056 16352
4
	0 16352
	12448 16352
	12448 16384
	0 16384
4
	12512 16352
	12768 16352
	12768 16384
	12512 16384
4
	13056 16352
	16448 16352
	16448 16384
	13056 16384
4
	0 16384
	12576 16384
	12576 16416
	0 16416
4
	12608 16384
	12832 16384
	12832 16416
	12608 16416
4
	12992 16384
	16448 16384
	16448 16416
	12992 16416
4
	0 16416
	16448 16416
	16448 16448
	0 16448
4
	-32 -32
	16480 -32
	16480 0
	-32 0
4
	-32 16448
	16480 16448
	16480 16480
	-32 16480
4
	-32 0
	0 0
	0 16448
	-32 16448
4
	16448 0
	16480 0
	16480 16448
	16448 16448
